 0.758 0.662 0.138946 0 0 0.758 0.662 -6.99374 0 0 0 2.302 2.363 0 0 0 0 
 0.757 0.658 0.138944 0 0 0.757 0.658 -6.88784 7.10942e-05 1.02591e-13 5.77213e-10 2.306 2.362 0 0 0 0 
 0.762 0.661 0.138945 0 0 0.762 0.661 -7.03925 7.07135e-05 1.00647e-13 5.69321e-10 2.306 2.363 0 0 0 0 
 0.76 0.662 0.138944 0 0 0.76 0.662 -7.0371 7.07232e-05 1.00509e-13 5.68464e-10 2.302 2.355 0 0 0 0 
 0.762 0.664 0.138943 0 0 0.762 0.664 -7.10538 7.05633e-05 9.95414e-14 5.64267e-10 2.303 2.355 0 0 0 0 
 0.764 0.67 0.138942 0 0 0.764 0.67 -7.23204 7.02931e-05 9.74162e-14 5.54343e-10 2.305 2.361 0 0 0 0 
 0.763 0.667 0.138943 0 0 0.763 0.667 -7.16133 7.04413e-05 9.85559e-14 5.59648e-10 2.305 2.358 0 0 0 0 
 0.757 0.663 0.138943 0 0 0.757 0.663 -7.00022 7.0819e-05 1.00725e-13 5.68914e-10 2.3 2.357 0 0 0 0 
 0.755 0.666 0.138944 0 0 0.755 0.666 -6.983 7.087e-05 1.00473e-13 5.67084e-10 2.303 2.358 0 0 0 0 
 0.76 0.662 0.138944 0 0 0.76 0.662 -7.00451 7.08025e-05 1.00852e-13 5.69764e-10 2.307 2.361 0 0 0 0 
 0.757 0.664 0.138944 0 0 0.757 0.664 -7.01535 7.07838e-05 1.00429e-13 5.67526e-10 2.3 2.359 0 0 0 0 
 0.754 0.665 0.138945 0 0 0.754 0.665 -6.93407 7.09923e-05 1.01112e-13 5.69707e-10 2.305 2.365 0 0 0 0 
 0.756 0.661 0.138945 0 0 0.756 0.661 -6.91717 7.10253e-05 1.0186e-13 5.73654e-10 2.305 2.368 0 0 0 0 
 0.761 0.663 0.138945 0 0 0.761 0.663 -7.11452 7.05412e-05 9.95697e-14 5.64605e-10 2.296 2.369 0 0 0 0 
 0.755 0.662 0.138946 0 0 0.755 0.662 -6.94246 7.09641e-05 1.01445e-13 5.7181e-10 2.3 2.369 0 0 0 0 
