 2.681 0.29 -0.000581946 1.18834e-75 1.11327e-316 3.4862 0.774723 0.218672 0 0 0 3.841 2.743 1.39245 0 -1.38753e-213 1.1133e-316 
 2.667 0.27 -0.000590985 1.18834e-75 1.11327e-316 3.48619 0.779724 1.57209 0.774275 1.10792 0.252086 3.841 2.748 1.39245 0 -1.38753e-213 1.1133e-316 
 2.68 0.298 -0.000569996 1.18834e-75 1.11327e-316 3.48519 0.771724 -1.69563 0.755819 1.05615 0.246412 3.84 2.74 1.39245 0 -1.38753e-213 1.1133e-316 
 2.667 0.287 0.0125329 1.18834e-75 1.11327e-316 3.47719 0.770724 -3.01725 0.765104 1.04534 0.241144 3.832 2.739 1.39245 0 -1.38753e-213 1.1133e-316 
 2.712 0.242 0.0326033 1.18834e-75 1.11327e-316 3.48619 0.775724 0.507027 0.750883 1.12902 0.264314 3.841 2.744 1.39245 0 -1.38753e-213 1.1133e-316 
 2.778 0.256 0.0928499 1.18834e-75 1.11327e-316 3.47919 0.768724 -2.35612 0.701054 1.05467 0.264451 3.834 2.737 1.39245 0 -1.38753e-213 1.1133e-316 
 2.839 0.214 0.200518 1.18834e-75 1.11327e-316 3.47919 0.763724 -1.57039 0.687343 0.99457 0.254795 3.834 2.732 1.39245 0 -1.38753e-213 1.1133e-316 
 2.939 0.25 0.310523 1.18834e-75 1.11327e-316 3.4722 0.763723 -3.14148 0.61186 0.872267 0.251188 3.827 2.732 1.39245 0 -1.38753e-213 1.1133e-316 
 3.031 0.317 0.414403 1.18834e-75 1.11327e-316 3.4722 0.757722 -1.56985 0.525726 0.682821 0.229662 3.827 2.726 1.39245 0 -1.38753e-213 1.1133e-316 
 3.074 0.306 0.504763 1.18834e-75 1.11327e-316 3.47219 0.760723 1.5735 0.512022 0.634554 0.219482 3.827 2.729 1.39245 0 -1.38753e-213 1.1133e-316 
 3.161 0.352 0.575219 1.18834e-75 1.11327e-316 3.47919 0.769724 0.90986 0.444633 0.603995 0.239809 3.834 2.738 1.39245 0 -1.38753e-213 1.1133e-316 
 3.204 0.348 0.641982 1.18834e-75 1.11327e-316 3.48819 0.781724 0.927582 0.438643 0.608611 0.244741 3.843 2.75 1.39245 0 -1.38753e-213 1.1133e-316 
 3.258 0.359 0.702983 1.18834e-75 1.11327e-316 3.48519 0.780724 -2.8191 0.402727 0.633497 0.275921 3.84 2.749 1.39245 0 -1.38753e-213 1.1133e-316 
 3.283 0.397 0.765526 1.18834e-75 1.11327e-316 3.48719 0.786723 1.24884 0.373768 0.531083 0.250393 3.842 2.755 1.39245 0 -1.38753e-213 1.1133e-316 
 3.296 0.425 0.829989 1.18834e-75 1.11327e-316 3.4862 0.786723 -3.14127 0.351208 0.411188 0.207702 3.841 2.755 1.39245 0 -1.38753e-213 1.1133e-316 
 3.322 0.422 0.880724 1.18834e-75 1.11327e-316 3.4772 0.769722 -2.05753 0.326379 0.419622 0.227421 3.832 2.738 1.39245 0 -1.38753e-213 1.1133e-316 
 3.384 0.434 0.922216 1.18834e-75 1.11327e-316 3.48002 0.761977 -1.22139 0.28703 0.534755 0.323566 3.825 2.732 1.39744 0 -1.38753e-213 1.1133e-316 
 3.421 0.507 0.969049 1.18834e-75 1.11327e-316 3.54381 0.75515 -0.106618 0.241203 0.18864 0.139855 3.827 2.735 1.42872 0 -1.38753e-213 1.1133e-316 
 3.428 0.487 1.0247 1.18834e-75 1.11327e-316 3.6664 0.775262 0.162605 0.325956 -0.223998 -0.123071 3.848 2.767 1.47987 0 -1.38753e-213 1.1133e-316 
 3.438 0.544 1.03681 1.18834e-75 1.11327e-316 3.76658 0.773205 -0.0205242 0.331519 -0.673741 -0.35069 3.836 2.772 1.53608 0 -1.38753e-213 1.1133e-316 
 3.473 0.582 1.0325 1.18834e-75 1.11327e-316 3.84563 0.805454 0.387367 0.353007 -0.79841 -0.386623 3.803 2.805 1.59211 0 -1.38753e-213 1.1133e-316 
 3.47 0.609 0.99206 1.18834e-75 1.11327e-316 3.91316 0.830917 0.360584 0.398799 -0.89641 -0.384465 3.773 2.826 1.64093 0 -1.38753e-213 1.1133e-316 
 3.495 0.673 0.907024 1.18834e-75 1.11327e-316 3.94621 0.876778 0.946251 0.404273 -0.822528 -0.351056 3.77 2.869 1.65902 0 -1.38753e-213 1.1133e-316 
 3.522 0.749 0.815941 1.18834e-75 1.11327e-316 3.97397 0.887428 0.366438 0.381225 -0.866909 -0.388516 3.78 2.878 1.66793 0 -1.38753e-213 1.1133e-316 
 3.559 0.756 0.730204 1.18834e-75 1.11327e-316 4.01736 0.938512 0.866608 0.41697 -0.602513 -0.254458 3.794 2.926 1.68271 0 -1.38753e-213 1.1133e-316 
 3.577 0.796 0.642342 1.18834e-75 1.11327e-316 4.10214 0.986196 0.512367 0.47763 -0.528318 -0.196532 3.805 2.964 1.71992 0 -1.38753e-213 1.1133e-316 
 3.612 0.832 0.580989 1.18834e-75 1.11327e-316 4.1888 1.01757 0.34736 0.520506 -0.495636 -0.16975 3.788 2.977 1.77256 0 -1.38753e-213 1.1133e-316 
 3.619 0.776 0.529367 1.18834e-75 1.11327e-316 4.27404 1.05872 0.449759 0.623235 -0.234811 -0.0677135 3.758 2.991 1.83177 0 -1.38753e-213 1.1133e-316 
 3.637 0.781 0.47817 1.18834e-75 1.11327e-316 4.34434 1.11273 0.655068 0.684994 -0.0780236 -0.0204998 3.752 3.023 1.87148 0 -1.38753e-213 1.1133e-316 
 3.707 0.826 0.45344 1.18834e-75 1.11327e-316 4.40466 1.16105 0.675415 0.678855 -0.0112307 -0.00297784 3.765 3.056 1.89634 0 -1.38753e-213 1.1133e-316 
 3.757 0.897 0.448904 1.18834e-75 1.11327e-316 4.47511 1.2122 0.627991 0.68767 -0.0695158 -0.018194 3.784 3.089 1.92363 0 -1.38753e-213 1.1133e-316 
 3.837 0.911 0.445424 1.18834e-75 1.11327e-316 4.54914 1.29356 0.832526 0.708652 0.0942312 0.0239305 3.783 3.141 1.96392 0 -1.38753e-213 1.1133e-316 
 3.882 0.928 0.440991 1.18834e-75 1.11327e-316 4.6536 1.38588 0.723796 0.785124 0.191186 0.0438038 3.78 3.185 2.02284 0 -1.38753e-213 1.1133e-316 
 3.943 0.942 0.441898 1.18834e-75 1.11327e-316 4.76376 1.48739 0.744537 0.859578 0.29672 0.0620548 3.763 3.219 2.09483 0 -1.38753e-213 1.1133e-316 
 4.035 1.032 0.451181 1.18834e-75 1.11327e-316 4.87049 1.60842 0.848111 0.884833 0.314845 0.0639611 3.744 3.261 2.1691 0 -1.38753e-213 1.1133e-316 
 4.114 1.077 0.467283 1.18834e-75 1.11327e-316 4.94114 1.69619 0.892995 0.898915 0.36209 0.0723787 3.707 3.27 2.23581 0 -1.38753e-213 1.1133e-316 
 4.184 1.1 0.493348 1.18834e-75 1.11327e-316 5.01356 1.79226 0.924883 0.937491 0.419713 0.0804119 3.687 3.289 2.29599 0 -1.38753e-213 1.1133e-316 
 4.265 1.128 0.531133 1.18834e-75 1.11327e-316 5.0342 1.84387 1.19044 0.910036 0.451442 0.0890565 3.66 3.297 2.32828 0 -1.38753e-213 1.1133e-316 
 4.341 1.177 0.572418 1.18834e-75 1.11327e-316 5.05661 1.88518 1.07373 0.872964 0.426911 0.0878001 3.642 3.299 2.35647 0 -1.38753e-213 1.1133e-316 
 4.442 1.207 0.617331 1.18834e-75 1.11327e-316 5.05628 1.91297 1.58271 0.808446 0.481447 0.106786 3.629 3.314 2.36547 0 -1.38753e-213 1.1133e-316 
 4.483 1.265 0.661567 1.18834e-75 1.11327e-316 5.03685 1.93265 2.34977 0.751264 0.43394 0.103598 3.605 3.329 2.36875 0 -1.38753e-213 1.1133e-316 
 4.574 1.32 0.710886 1.18834e-75 1.11327e-316 5.02112 1.9559 2.16551 0.67048 0.483391 0.129052 3.59 3.353 2.36822 0 -1.38753e-213 1.1133e-316 
 4.659 1.429 0.743082 1.18834e-75 1.11327e-316 4.99996 1.98275 2.23828 0.558237 0.51659 0.165056 3.568 3.379 2.36882 0 -1.38753e-213 1.1133e-316 
 4.659 1.381 0.744909 1.18834e-75 1.11327e-316 4.99923 2.02715 1.58707 0.619908 0.655384 0.188052 3.563 3.419 2.37189 0 -1.38753e-213 1.1133e-316 
 4.67 1.387 0.74689 1.18834e-75 1.11327e-316 4.98205 2.05222 2.17179 0.617994 0.739072 0.21203 3.539 3.437 2.3768 0 -1.38753e-213 1.1133e-316 
 4.684 1.427 0.74593 1.18834e-75 1.11327e-316 4.99169 2.09937 1.36904 0.620454 0.759572 0.216893 3.524 3.458 2.39476 0 -1.38753e-213 1.1133e-316 
 4.658 1.382 0.74607 1.18834e-75 1.11327e-316 5.00878 2.1681 1.32717 0.721284 0.801353 0.197378 3.515 3.498 2.41417 0 -1.38753e-213 1.1133e-316 
 4.657 1.41 0.746109 1.18834e-75 1.11327e-316 4.99537 2.22256 1.81221 0.733123 0.852788 0.206399 3.464 3.509 2.4429 0 -1.38753e-213 1.1133e-316 
 4.672 1.39 0.74605 1.18834e-75 1.11327e-316 4.99989 2.26923 1.47409 0.774086 0.934647 0.214008 3.425 3.502 2.47745 0 -1.38753e-213 1.1133e-316 
 4.661 1.418 0.7461 1.18834e-75 1.11327e-316 4.96386 2.27378 3.01605 0.74519 0.961332 0.228165 3.38 3.495 2.48476 0 -1.38753e-213 1.1133e-316 
 4.679 1.427 0.746107 1.18834e-75 1.11327e-316 4.94091 2.28874 2.56388 0.729179 1.04471 0.252391 3.354 3.506 2.48726 0 -1.38753e-213 1.1133e-316 
 4.668 1.431 0.746158 1.18834e-75 1.11327e-316 4.93067 2.29837 2.3872 0.733515 1.04757 0.251619 3.351 3.525 2.48134 0 -1.38753e-213 1.1133e-316 
 4.641 1.384 0.74559 1.18834e-75 1.11327e-316 4.87968 2.27254 -2.67274 0.736699 1.11001 0.264841 3.318 3.522 2.4668 0 -1.38753e-213 1.1133e-316 
 4.682 1.43 0.745828 1.18834e-75 1.11327e-316 4.83574 2.2568 -2.79779 0.653045 1.23366 0.327771 3.295 3.532 2.45022 0 -1.38753e-213 1.1133e-316 
 4.63 1.345 0.749695 1.18834e-75 1.11327e-316 4.77845 2.24262 -2.89887 0.702143 1.27869 0.316765 3.271 3.557 2.42451 0 -1.38753e-213 1.1133e-316 
 4.608 1.352 0.752725 1.18834e-75 1.11327e-316 4.74462 2.25767 2.72298 0.70345 1.29972 0.321068 3.262 3.6 2.40581 0 -1.38753e-213 1.1133e-316 
 4.547 1.291 0.753855 1.18834e-75 1.11327e-316 4.7326 2.29877 1.85534 0.798882 1.2607 0.276765 3.259 3.651 2.39912 0 -1.38753e-213 1.1133e-316 
 4.557 1.293 0.751615 1.18834e-75 1.11327e-316 4.73359 2.33844 1.54566 0.820827 1.2971 0.277124 3.253 3.683 2.40431 0 -1.38753e-213 1.1133e-316 
 4.53 1.229 0.708512 1.18834e-75 1.11327e-316 4.76105 2.40808 1.19525 0.923662 1.34649 0.256613 3.236 3.702 2.438 0 -1.38753e-213 1.1133e-316 
 4.492 1.242 0.701083 1.18834e-75 1.11327e-316 4.81914 2.52185 1.09873 1.03692 1.26872 0.216778 3.22 3.723 2.49737 0 -1.38753e-213 1.1133e-316 
 4.476 1.226 0.699842 1.18834e-75 1.11327e-316 4.85889 2.63402 1.23023 1.1517 1.25343 0.193449 3.182 3.724 2.56522 0 -1.38753e-213 1.1133e-316 
 4.487 1.217 0.699319 1.18834e-75 1.11327e-316 4.87611 2.73182 1.39645 1.22731 1.28738 0.186613 3.139 3.723 2.62308 0 -1.38753e-213 1.1133e-316 
 4.45 1.189 0.692728 1.18834e-75 1.11327e-316 4.88179 2.79452 1.48052 1.307 1.28395 0.175016 3.113 3.728 2.65599 0 -1.38753e-213 1.1133e-316 
 4.438 1.195 0.656146 1.18834e-75 1.11327e-316 4.86527 2.83443 1.96323 1.30726 1.36729 0.186087 3.08 3.736 2.67395 0 -1.38753e-213 1.1133e-316 
 4.434 1.19 0.639083 1.18834e-75 1.11327e-316 4.84819 2.88245 1.91248 1.32472 1.42696 0.191515 3.051 3.76 2.68736 0 -1.38753e-213 1.1133e-316 
 4.44 1.162 0.63793 1.18834e-75 1.11327e-316 4.82005 2.91664 2.25934 1.34617 1.47804 0.195118 3.016 3.78 2.69524 0 -1.38753e-213 1.1133e-316 
 4.434 1.169 0.63725 1.18834e-75 1.11327e-316 4.82029 2.96962 1.56632 1.37881 1.48444 0.191416 2.999 3.796 2.71564 0 -1.38753e-213 1.1133e-316 
 4.394 1.157 0.636071 1.18834e-75 1.11327e-316 4.83986 3.03384 1.27497 1.45909 1.45145 0.17718 3 3.818 2.7387 0 -1.38753e-213 1.1133e-316 
 4.366 1.122 0.638566 1.18834e-75 1.11327e-316 4.82423 3.08346 1.87611 1.52226 1.45631 0.170529 2.964 3.818 2.76552 0 -1.38753e-213 1.1133e-316 
 4.354 1.104 0.642693 1.18834e-75 1.11327e-316 4.812 3.15758 1.73433 1.58503 1.46917 0.16532 2.927 3.826 2.80082 0 -1.38753e-213 1.1133e-316 
 4.378 1.112 0.642276 1.18834e-75 1.11327e-316 4.80291 3.21422 1.72988 1.59863 1.50537 0.167904 2.903 3.839 2.82389 0 -1.38753e-213 1.1133e-316 
 4.365 1.115 0.651842 1.18834e-75 1.11327e-316 4.78137 3.25148 2.09497 1.6245 1.50168 0.16488 2.869 3.837 2.84448 0 -1.38753e-213 1.1133e-316 
 4.369 1.091 0.735974 1.18834e-75 1.11327e-316 4.76343 3.29843 1.93566 1.72983 1.38247 0.142874 2.839 3.843 2.86583 0 -1.38753e-213 1.1133e-316 
 4.381 1.098 0.858488 1.18834e-75 1.11327e-316 4.74075 3.32626 2.2549 1.81538 1.1835 0.116813 2.81 3.848 2.87767 0 -1.38753e-213 1.1133e-316 
 4.364 1.112 0.981481 1.18834e-75 1.11327e-316 4.71814 3.35653 2.21208 1.89354 0.943717 0.0894704 2.781 3.854 2.89022 0 -1.38753e-213 1.1133e-316 
 4.388 1.123 1.10553 1.18834e-75 1.11327e-316 4.67628 3.35498 -3.10446 1.91509 0.741519 0.0695831 2.734 3.832 2.90076 0 -1.38753e-213 1.1133e-316 
 4.364 1.073 1.22953 1.18834e-75 1.11327e-316 4.64254 3.37245 2.66376 2.00595 0.490857 0.0440175 2.697 3.836 2.90769 0 -1.38753e-213 1.1133e-316 
 4.37 1.081 1.35364 1.18834e-75 1.11327e-316 4.62108 3.39152 2.41525 2.03235 0.243419 0.0215557 2.676 3.857 2.9067 0 -1.38753e-213 1.1133e-316 
 4.345 1.092 1.47782 1.18834e-75 1.11327e-316 4.61737 3.41072 1.76172 2.04755 -0.053616 -0.00471334 2.672 3.875 2.90732 0 -1.38753e-213 1.1133e-316 
 4.341 1.059 1.60206 1.18834e-75 1.11327e-316 4.60127 3.43308 2.19478 2.0842 -0.314057 -0.0271166 2.653 3.885 2.91366 0 -1.38753e-213 1.1133e-316 
 4.341 1.07 1.70552 1.18834e-75 1.11327e-316 4.57002 3.49822 2.01804 2.11021 -0.509816 -0.0434597 2.611 3.901 2.93882 0 -1.38753e-213 1.1133e-316 
 4.356 1.148 1.72043 1.18834e-75 1.11327e-316 4.55425 3.55455 1.84379 2.08841 -0.516294 -0.0444701 2.587 3.915 2.96038 0 -1.38753e-213 1.1133e-316 
 4.341 1.191 1.7194 1.18834e-75 1.11327e-316 4.52759 3.61044 2.01597 2.10031 -0.50269 -0.0430547 2.55 3.909 2.99175 0 -1.38753e-213 1.1133e-316 
 4.289 1.214 1.71973 1.18834e-75 1.11327e-316 4.49712 3.64582 2.28157 2.11024 -0.52202 -0.0444979 2.511 3.881 3.02373 0 -1.38753e-213 1.1133e-316 
 4.276 1.266 1.72508 1.18834e-75 1.11327e-316 4.47115 3.68608 2.14379 2.09908 -0.522861 -0.0448063 2.48 3.874 3.04749 0 -1.38753e-213 1.1133e-316 
 4.263 1.269 1.78235 1.18834e-75 1.11327e-316 4.43675 3.70582 2.62069 2.09803 -0.627821 -0.0538116 2.444 3.876 3.0564 0 -1.38753e-213 1.1133e-316 
 4.251 1.368 1.89552 1.18834e-75 1.11327e-316 4.41436 3.72611 2.40529 1.98801 -0.864295 -0.0780965 2.421 3.889 3.06006 0 -1.38753e-213 1.1133e-316 
 4.283 1.423 2.01978 1.18834e-75 1.11327e-316 4.39132 3.74334 2.49965 1.90252 -1.0728 -0.101153 2.397 3.894 3.06619 0 -1.38753e-213 1.1133e-316 
 4.249 1.474 2.14145 1.18834e-75 1.11327e-316 4.3734 3.78313 1.99374 1.8096 -1.3224 -0.130787 2.377 3.903 3.08162 0 -1.38753e-213 1.1133e-316 
 4.204 1.459 2.25601 1.18834e-75 1.11327e-316 4.36276 3.83859 1.76043 1.75446 -1.54849 -0.157551 2.364 3.909 3.10638 0 -1.38753e-213 1.1133e-316 
 4.189 1.555 2.32145 1.18834e-75 1.11327e-316 4.33492 3.8873 2.09003 1.65706 -1.64595 -0.176923 2.335 3.905 3.13274 0 -1.38753e-213 1.1133e-316 
 4.153 1.61 2.32676 1.18834e-75 1.11327e-316 4.29265 3.92844 2.3697 1.64391 -1.65033 -0.178775 2.293 3.891 -3.12287 0 -1.38753e-213 1.1133e-316 
 4.108 1.62 2.32885 1.18834e-75 1.11327e-316 4.25248 3.966 2.38983 1.65963 -1.65601 -0.177712 2.254 3.888 -3.10258 0 -1.38753e-213 1.1133e-316 
 4.104 1.723 2.33019 1.18834e-75 1.11327e-316 4.21426 3.98174 2.751 1.60925 -1.63704 -0.181102 2.217 3.877 -3.0892 0 -1.38753e-213 1.1133e-316 
 4.12 1.806 2.33112 1.18834e-75 1.11327e-316 4.16633 3.98954 2.98013 1.58045 -1.59336 -0.179516 2.171 3.853 -3.07327 0 -1.38753e-213 1.1133e-316 
 4.05 1.854 2.33207 1.18834e-75 1.11327e-316 4.11558 3.98714 -3.09424 1.53493 -1.60911 -0.186506 2.122 3.827 -3.06144 0 -1.38753e-213 1.1133e-316 
 4.033 1.864 2.33335 1.18834e-75 1.11327e-316 4.07639 3.95245 -2.41708 1.51058 -1.59415 -0.187721 2.083 3.79 -3.06028 0 -1.38753e-213 1.1133e-316 
 3.979 1.86 2.33482 1.18834e-75 1.11327e-316 4.05254 3.94563 -2.8629 1.49459 -1.61961 -0.192638 2.059 3.785 -3.06119 0 -1.38753e-213 1.1133e-316 
 3.923 1.911 2.34806 1.18834e-75 1.11327e-316 4.06011 3.96638 1.22101 1.43313 -1.6878 -0.208894 2.066 3.813 -3.06483 0 -1.38753e-213 1.1133e-316 
 3.935 1.989 2.40709 1.18834e-75 1.11327e-316 4.05799 3.98649 1.67589 1.339 -1.76448 -0.232894 2.063 3.845 -3.07079 0 -1.38753e-213 1.1133e-316 
 3.833 1.953 2.46773 1.18834e-75 1.11327e-316 4.0432 4.01715 2.02005 1.2694 -1.89223 -0.262143 2.049 3.865 -3.06544 0 -1.38753e-213 1.1133e-316 
 3.81 2.026 2.48532 1.18834e-75 1.11327e-316 4.03151 4.0679 1.79725 1.22615 -1.91861 -0.274542 2.039 3.895 -3.05504 0 -1.38753e-213 1.1133e-316 
 3.781 2.059 2.48819 1.18834e-75 1.11327e-316 3.96103 4.12627 2.44995 1.26213 -1.89876 -0.26445 1.977 3.874 -3.01512 0 -1.38753e-213 1.1133e-316 
 3.766 2.082 2.49021 1.18834e-75 1.11327e-316 3.89796 4.19101 2.34302 1.31326 -1.87346 -0.251352 1.931 3.829 -2.95958 0 -1.38753e-213 1.1133e-316 
 3.702 2.124 2.49226 1.18834e-75 1.11327e-316 3.8276 4.27076 2.29371 1.33842 -1.87131 -0.246547 1.886 3.791 -2.89935 0 -1.38753e-213 1.1133e-316 
 3.666 2.205 2.49337 1.18834e-75 1.11327e-316 3.77618 4.27386 3.08148 1.29571 -1.86602 -0.253645 1.842 3.765 -2.88433 0 -1.38753e-213 1.1133e-316 
 3.681 2.254 2.4948 1.18834e-75 1.11327e-316 3.71764 4.27347 -3.13492 1.30287 -1.82399 -0.246856 1.789 3.744 -2.87366 0 -1.38753e-213 1.1133e-316 
 3.575 2.217 2.49662 1.18834e-75 1.11327e-316 3.68777 4.28089 2.89801 1.2871 -1.87147 -0.255982 1.764 3.734 -2.86462 0 -1.38753e-213 1.1133e-316 
 3.467 2.166 2.49764 1.18834e-75 1.11327e-316 3.67172 4.30611 2.13786 1.2822 -1.91813 -0.263036 1.758 3.725 -2.84679 0 -1.38753e-213 1.1133e-316 
 3.425 2.196 2.49844 1.18834e-75 1.11327e-316 3.65065 4.35258 1.99651 1.27947 -1.92806 -0.264873 1.751 3.727 -2.82346 0 -1.38753e-213 1.1133e-316 
 3.394 2.251 2.49936 1.18834e-75 1.11327e-316 3.63022 4.40611 1.93525 1.27109 -1.93394 -0.267312 1.743 3.744 -2.80417 0 -1.38753e-213 1.1133e-316 
 3.348 2.302 2.4995 1.18834e-75 1.11327e-316 3.59492 4.42655 2.61683 1.24525 -1.94068 -0.273493 1.722 3.725 -2.7832 0 -1.38753e-213 1.1133e-316 
 3.385 2.377 2.47719 1.18834e-75 1.11327e-316 3.54677 4.49193 2.20559 1.31704 -1.87447 -0.250791 1.698 3.729 -2.75021 0 -1.38753e-213 1.1133e-316 
 3.331 2.416 2.3768 1.18834e-75 1.11327e-316 3.49533 4.52841 2.52469 1.43184 -1.7467 -0.216151 1.67 3.711 -2.72056 0 -1.38753e-213 1.1133e-316 
 3.285 2.394 2.25808 1.18834e-75 1.11327e-316 3.44462 4.56563 2.50849 1.59505 -1.55913 -0.174164 1.646 3.691 -2.68898 0 -1.38753e-213 1.1133e-316 
 3.248 2.406 2.18739 1.18834e-75 1.11327e-316 3.40408 4.58771 2.64284 1.6642 -1.43498 -0.153979 1.625 3.674 -2.66714 0 -1.38753e-213 1.1133e-316 
 3.181 2.44 2.18865 1.18834e-75 1.11327e-316 3.35118 4.60303 2.85976 1.64423 -1.4493 -0.157349 1.588 3.659 -2.65002 0 -1.38753e-213 1.1133e-316 
 3.157 2.51 2.19046 1.18834e-75 1.11327e-316 3.29613 4.60838 3.04461 1.60202 -1.42906 -0.159208 1.544 3.644 -2.63844 0 -1.38753e-213 1.1133e-316 
 3.137 2.577 2.1868 1.18834e-75 1.11327e-316 3.24722 4.62661 2.78483 1.57561 -1.3988 -0.158462 1.519 3.62 -2.61417 0 -1.38753e-213 1.1133e-316 
 3.131 2.622 2.16917 1.18834e-75 1.11327e-316 3.19609 4.64803 2.74487 1.58301 -1.32636 -0.149689 1.497 3.593 -2.58592 0 -1.38753e-213 1.1133e-316 
 3.105 2.676 2.16699 1.18834e-75 1.11327e-316 3.15417 4.66072 2.84764 1.55659 -1.30736 -0.150043 1.483 3.562 -2.55999 0 -1.38753e-213 1.1133e-316 
 3.083 2.72 2.16697 1.18834e-75 1.11327e-316 3.10396 4.67378 2.88721 1.54064 -1.27998 -0.148445 1.455 3.542 -2.54008 0 -1.38753e-213 1.1133e-316 
 3.02 2.723 2.17463 1.18834e-75 1.11327e-316 3.05644 4.67395 3.13785 1.52902 -1.30914 -0.152913 1.418 3.527 -2.53085 0 -1.38753e-213 1.1133e-316 
 2.992 2.756 2.22079 1.18834e-75 1.11327e-316 3.00573 4.69173 2.80441 1.49477 -1.3723 -0.163772 1.39 3.513 -2.51132 0 -1.38753e-213 1.1133e-316 
 2.977 2.808 2.28192 1.18834e-75 1.11327e-316 2.9568 4.7154 2.6911 1.44352 -1.44905 -0.178761 1.37 3.498 -2.48717 0 -1.38753e-213 1.1133e-316 
 2.931 2.843 2.33681 1.18834e-75 1.11327e-316 2.88991 4.74412 2.73607 1.40689 -1.52446 -0.192624 1.336 3.485 -2.46061 0 -1.38753e-213 1.1133e-316 
 2.922 2.906 2.39569 1.18834e-75 1.11327e-316 2.8328 4.77252 2.67998 1.35748 -1.57783 -0.206243 1.322 3.462 -2.42706 0 -1.38753e-213 1.1133e-316 
 2.869 2.937 2.45853 1.18834e-75 1.11327e-316 2.76183 4.79571 2.82577 1.30879 -1.66182 -0.224694 1.297 3.434 -2.39266 0 -1.38753e-213 1.1133e-316 
 2.813 2.962 2.51488 1.18834e-75 1.11327e-316 2.69374 4.81465 2.87039 1.26061 -1.73573 -0.242947 1.272 3.408 -2.36153 0 -1.38753e-213 1.1133e-316 
 2.796 3.01 2.56582 1.18834e-75 1.11327e-316 2.63767 4.83689 2.76398 1.2183 -1.77574 -0.256578 1.259 3.388 -2.33136 0 -1.38753e-213 1.1133e-316 
 2.769 3.042 2.6211 1.18834e-75 1.11327e-316 2.57286 4.84875 2.96057 1.17472 -1.82051 -0.272037 1.234 3.363 -2.30424 0 -1.38753e-213 1.1133e-316 
 2.734 3.051 2.67217 1.18834e-75 1.11327e-316 2.52188 4.8504 3.10929 1.128 -1.87298 -0.290428 1.219 3.333 -2.28028 0 -1.38753e-213 1.1133e-316 
 2.718 3.087 2.68046 1.18834e-75 1.11327e-316 2.47882 4.85371 3.06474 1.11965 -1.86158 -0.290791 1.217 3.302 -2.25352 0 -1.38753e-213 1.1133e-316 
 2.643 3.117 2.69614 1.18834e-75 1.11327e-316 2.44243 4.84487 -2.9031 1.05728 -1.9021 -0.313174 1.202 3.276 -2.23981 0 -1.38753e-213 1.1133e-316 
 2.635 3.141 2.69695 1.18834e-75 1.11327e-316 2.39545 4.83248 -2.88386 1.06363 -1.8727 -0.306908 1.166 3.255 -2.23283 0 -1.38753e-213 1.1133e-316 
 2.627 3.082 2.69383 1.18834e-75 1.11327e-316 2.37272 4.81356 -2.44739 1.09742 -1.86353 -0.296639 1.155 3.227 -2.22542 0 -1.38753e-213 1.1133e-316 
 2.615 3.119 2.67669 1.18834e-75 1.11327e-316 2.34627 4.80099 -2.69805 1.09741 -1.82452 -0.290779 1.157 3.193 -2.20761 0 -1.38753e-213 1.1133e-316 
 2.625 3.164 2.61667 1.18834e-75 1.11327e-316 2.29285 4.79363 -3.00461 1.15911 -1.67698 -0.254762 1.132 3.165 -2.19005 0 -1.38753e-213 1.1133e-316 
 2.567 3.142 2.49805 1.18834e-75 1.11327e-316 2.26296 4.77863 -2.67643 1.23308 -1.5134 -0.217427 1.112 3.143 -2.18399 0 -1.38753e-213 1.1133e-316 
 2.494 3.134 2.3675 1.18834e-75 1.11327e-316 2.19188 4.75914 -2.87402 1.30074 -1.2789 -0.175163 1.056 3.113 -2.1748 0 -1.38753e-213 1.1133e-316 
 2.477 3.226 2.24113 1.18834e-75 1.11327e-316 2.14442 4.75374 -3.02836 1.2953 -0.968473 -0.133779 1.039 3.087 -2.15641 0 -1.38753e-213 1.1133e-316 
 2.416 3.253 2.12201 1.18834e-75 1.11327e-316 2.07297 4.77679 2.82953 1.33084 -0.708792 -0.0955741 1.042 3.063 -2.11237 0 -1.38753e-213 1.1133e-316 
 2.337 3.336 2.02049 1.18834e-75 1.11327e-316 2.0098 4.78329 3.0392 1.28396 -0.489554 -0.0685237 1.053 3.027 -2.06963 0 -1.38753e-213 1.1133e-316 
 2.348 3.406 1.94009 1.18834e-75 1.11327e-316 1.94297 4.767 -2.90255 1.24347 -0.172455 -0.0249587 1.033 2.986 -2.04315 0 -1.38753e-213 1.1133e-316 
 2.295 3.456 1.88728 1.18834e-75 1.11327e-316 1.88617 4.73795 -2.66874 1.18024 -0.0166591 -0.00254069 1.002 2.944 -2.02872 0 -1.38753e-213 1.1133e-316 
 2.24 3.525 1.86987 1.18834e-75 1.11327e-316 1.86154 4.71149 -2.32057 1.09237 0.0206208 0.00339787 0.997 2.908 -2.0178 0 -1.38753e-213 1.1133e-316 
 2.242 3.656 1.86595 1.18834e-75 1.11327e-316 1.78695 4.69167 -2.88179 0.988573 0.249058 0.0453177 0.957 2.872 -1.99871 0 -1.38753e-213 1.1133e-316 
 2.201 3.696 1.86498 1.18834e-75 1.11327e-316 1.72608 4.67374 -2.85515 0.947162 0.328939 0.0624309 0.93 2.839 -1.98018 0 -1.38753e-213 1.1133e-316 
 2.157 3.77 1.86932 1.18834e-75 1.11327e-316 1.68085 4.66864 -3.02934 0.883618 0.388678 0.0790119 0.955 2.805 -1.9422 0 -1.38753e-213 1.1133e-316 
 2.127 3.884 1.88838 1.18834e-75 1.11327e-316 1.60028 4.6677 -3.13 0.811559 0.555886 0.122674 0.954 2.775 -1.89984 0 -1.38753e-213 1.1133e-316 
 2.128 3.944 1.92596 1.18834e-75 1.11327e-316 1.57014 4.65289 -2.68477 0.770523 0.625512 0.145098 0.967 2.746 -1.87713 0 -1.38753e-213 1.1133e-316 
 2.052 4.021 1.98171 1.18834e-75 1.11327e-316 1.55901 4.63456 -2.11617 0.677043 0.521256 0.137705 0.984 2.719 -1.86242 0 -1.38753e-213 1.1133e-316 
 2.074 4.129 2.04662 1.18834e-75 1.11327e-316 1.55454 4.6116 -1.76325 0.601205 0.66049 0.195231 0.983 2.695 -1.86061 0 -1.38753e-213 1.1133e-316 
 2.005 4.201 2.10193 1.18834e-75 1.11327e-316 1.53113 4.58072 -2.21943 0.512539 0.666458 0.229917 0.96 2.664 -1.86039 0 -1.38753e-213 1.1133e-316 
 1.958 4.254 2.1689 1.18834e-75 1.11327e-316 1.5246 4.54258 -1.74035 0.436876 0.671878 0.270062 0.953 2.626 -1.86064 0 -1.38753e-213 1.1133e-316 
 2.013 4.362 2.23898 1.18834e-75 1.11327e-316 1.50733 4.51114 -2.07321 0.410803 1.05942 0.4346 0.941 2.593 -1.85789 0 -1.38753e-213 1.1133e-316 
 1.941 4.372 2.30976 1.18834e-75 1.11327e-316 1.47287 4.47691 -2.35946 0.373725 1.01906 0.456275 0.916 2.556 -1.85296 0 -1.38753e-213 1.1133e-316 
 1.79 4.333 2.40981 1.18834e-75 1.11327e-316 1.44425 4.4537 -2.46029 0.305324 0.600343 0.340167 0.915 2.525 -1.83861 0 -1.38753e-213 1.1133e-316 
 1.749 4.412 2.51438 1.18834e-75 1.11327e-316 1.39715 4.43744 -2.80915 0.279049 0.818031 0.485536 0.929 2.493 -1.80706 0 -1.38753e-213 1.1133e-316 
 1.798 4.493 2.57439 1.18834e-75 1.11327e-316 1.32799 4.41415 -2.81682 0.350364 1.20389 0.523599 0.921 2.456 -1.77572 0 -1.38753e-213 1.1133e-316 
 1.848 4.554 2.6519 1.18834e-75 1.11327e-316 1.31817 4.37682 -1.82792 0.394628 1.38961 0.523599 0.95 2.411 -1.75594 0 -1.38753e-213 1.1133e-316 
 1.774 4.547 2.76268 1.18834e-75 1.11327e-316 1.30995 4.3322 -1.75306 0.360133 1.35218 0.523599 0.966 2.362 -1.74363 0 -1.38753e-213 1.1133e-316 
 1.788 4.562 2.89595 1.18834e-75 1.11327e-316 1.28921 4.28768 -2.00671 0.417337 1.29855 0.510542 0.948 2.317 -1.74224 0 -1.38753e-213 1.1133e-316 
 1.685 4.551 3.03397 1.18834e-75 1.11327e-316 1.26762 4.24578 -2.04654 0.379967 1.24642 0.523599 0.927 2.275 -1.74194 0 -1.38753e-213 1.1133e-316 
 1.733 4.564 -3.11443 1.18834e-75 1.11327e-316 1.23636 4.21714 -2.40001 0.479496 1.04795 0.374799 0.922 2.242 -1.72863 0 -1.38753e-213 1.1133e-316 
 1.803 4.742 -2.98647 1.18834e-75 1.11327e-316 1.18807 4.21049 -3.00473 0.651419 1.07668 0.289168 0.924 2.228 -1.70322 0 -1.38753e-213 1.1133e-316 
 1.806 4.74 -2.87825 1.18834e-75 1.11327e-316 1.12377 4.1883 -2.8092 0.733195 0.826553 0.200201 0.927 2.198 -1.66934 0 -1.38753e-213 1.1133e-316 
 1.678 4.709 -2.78602 1.18834e-75 1.11327e-316 1.01282 4.16946 -2.97341 0.729609 0.647602 0.158429 0.912 2.172 -1.62123 0 -1.38753e-213 1.1133e-316 
 1.485 4.562 -2.71037 1.18834e-75 1.11327e-316 0.945083 4.12892 -2.60228 0.597014 0.466431 0.139713 0.927 2.129 -1.57984 0 -1.38753e-213 1.1133e-316 
 1.498 4.548 -2.64376 1.18834e-75 1.11327e-316 0.83671 4.0888 -2.78704 0.703905 0.215963 0.0551693 0.906 2.09 -1.53614 0 -1.38753e-213 1.1133e-316 
 1.481 4.581 -2.59465 1.18834e-75 1.11327e-316 0.775644 4.06142 -2.72005 0.766849 0.177024 0.0415284 0.925 2.067 -1.49605 0 -1.38753e-213 1.1133e-316 
 1.343 4.523 -2.57499 1.18834e-75 1.11327e-316 0.669088 4.01045 -2.69546 0.741266 0.167237 0.0405875 0.918 2.026 -1.44602 0 -1.38753e-213 1.1133e-316 
 1.23 4.436 -2.55983 1.18834e-75 1.11327e-316 0.602121 3.97525 -2.65768 0.682631 0.100891 0.0265972 0.94 2.004 -1.40104 0 -1.38753e-213 1.1133e-316 
 1.181 4.365 -2.54211 1.18834e-75 1.11327e-316 0.536527 3.93878 -2.63416 0.677699 -0.0298057 -0.00791637 0.964 1.985 -1.3554 0 -1.38753e-213 1.1133e-316 
 1.059 4.298 -2.53195 1.18834e-75 1.11327e-316 0.503715 3.86773 -2.00342 0.61576 0.0952361 0.0278324 0.987 1.927 -1.32674 0 -1.38753e-213 1.1133e-316 
 1.112 4.32 -2.52954 1.18834e-75 1.11327e-316 0.452333 3.81514 -2.34453 0.728308 0.0820991 0.0202879 0.98 1.886 -1.3038 0 -1.38753e-213 1.1133e-316 
 1.058 4.293 -2.52049 1.18834e-75 1.11327e-316 0.452585 3.75991 -1.56624 0.70562 0.199701 0.0508986 1.006 1.838 -1.29043 0 -1.38753e-213 1.1133e-316 
 1.039 4.253 -2.50799 1.18834e-75 1.11327e-316 0.417474 3.69434 -2.06243 0.731113 0.196592 0.0483631 1.016 1.786 -1.26688 0 -1.38753e-213 1.1133e-316 
 0.937 4.206 -2.4952 1.18834e-75 1.11327e-316 0.366118 3.62147 -2.18469 0.712266 0.299093 0.0754417 1.016 1.73 -1.23985 0 -1.38753e-213 1.1133e-316 
 0.899 4.215 -2.47302 1.18834e-75 1.11327e-316 0.303356 3.56504 -2.4093 0.767959 0.32274 0.0755024 1.023 1.699 -1.20272 0 -1.38753e-213 1.1133e-316 
 0.814 4.143 -2.44192 1.18834e-75 1.11327e-316 0.235601 3.53486 -2.72248 0.733734 0.22109 0.0541849 1.036 1.702 -1.15906 0 -1.38753e-213 1.1133e-316 
 0.786 4.114 -2.41224 1.18834e-75 1.11327e-316 0.162436 3.52528 -3.01142 0.752068 0.0547882 0.0131123 1.052 1.734 -1.10987 0 -1.38753e-213 1.1133e-316 
 0.712 4.043 -2.38948 1.18834e-75 1.11327e-316 0.13976 3.48953 -2.13611 0.698253 0.0328176 0.00845972 1.085 1.727 -1.07853 0 -1.38753e-213 1.1133e-316 
 0.657 3.949 -2.38262 1.18834e-75 1.11327e-316 0.135935 3.45721 -1.68858 0.628474 -0.0047667 -0.00136522 1.111 1.711 -1.06154 0 -1.38753e-213 1.1133e-316 
 0.566 3.887 -2.37708 1.18834e-75 1.11327e-316 0.169895 3.44286 -0.399804 0.521103 0.143293 0.049456 1.142 1.695 -1.06323 0 -1.38753e-213 1.1133e-316 
 0.528 3.872 -2.37246 1.18834e-75 1.11327e-316 0.195336 3.43098 -0.436968 0.481185 0.27879 0.103913 1.16 1.679 -1.06748 0 -1.38753e-213 1.1133e-316 
 0.486 3.835 -2.3604 1.18834e-75 1.11327e-316 0.241337 3.42789 -0.0669514 0.408973 0.422265 0.183754 1.167 1.655 -1.08961 0 -1.38753e-213 1.1133e-316 
 0.492 3.816 -2.32814 1.18834e-75 1.11327e-316 0.299703 3.43726 0.159215 0.363185 0.467375 0.227623 1.173 1.638 -1.11893 0 -1.38753e-213 1.1133e-316 
 0.457 3.755 -2.28256 1.18834e-75 1.11327e-316 0.359519 3.44243 0.0861942 0.27158 0.587775 0.371483 1.203 1.629 -1.13543 0 -1.38753e-213 1.1133e-316 
 0.457 3.776 -2.23199 1.18834e-75 1.11327e-316 0.399936 3.43279 -0.234191 0.281134 0.730114 0.437283 1.223 1.61 -1.14666 0 -1.38753e-213 1.1133e-316 
 0.371 3.715 -2.17081 1.18834e-75 1.11327e-316 0.414518 3.43094 -0.125931 0.204531 0.977282 0.523599 1.217 1.599 -1.15792 0 -1.38753e-213 1.1133e-316 
 0.398 3.692 -2.09694 1.18834e-75 1.11327e-316 0.445836 3.42367 -0.22823 0.199227 0.891032 0.523599 1.221 1.58 -1.17279 0 -1.38753e-213 1.1133e-316 
 0.349 3.675 -2.00059 1.18834e-75 1.11327e-316 0.465361 3.39998 -0.881405 0.20233 1.09089 0.523599 1.235 1.554 -1.17578 0 -1.38753e-213 1.1133e-316 
 0.322 3.63 -1.90704 1.18834e-75 1.11327e-316 0.482431 3.36918 -1.06479 0.199119 1.17303 0.523599 1.254 1.524 -1.17474 0 -1.38753e-213 1.1133e-316 
 0.256 3.606 -1.79886 1.18834e-75 1.11327e-316 0.488007 3.32178 -1.45369 0.236922 1.31494 0.523599 1.27 1.481 -1.16908 0 -1.38753e-213 1.1133e-316 
 0.271 3.587 -1.67968 1.18834e-75 1.11327e-316 0.469936 3.27247 -1.92207 0.279848 1.00575 0.523599 1.262 1.436 -1.1636 0 -1.38753e-213 1.1133e-316 
 0.262 3.55 -1.54921 1.18834e-75 1.11327e-316 0.432259 3.21324 -2.13734 0.310294 0.684307 0.377886 1.274 1.399 -1.13639 0 -1.38753e-213 1.1133e-316 
 0.231 3.544 -1.44964 1.18834e-75 1.11327e-316 0.350345 3.13417 -2.37384 0.371419 0.265239 0.127841 1.285 1.366 -1.08453 0 -1.38753e-213 1.1133e-316 
 0.194 3.485 -1.38527 1.18834e-75 1.11327e-316 0.27209 3.05821 -2.37108 0.380572 -0.00751254 -0.00355321 1.309 1.348 -1.02575 0 -1.38753e-213 1.1133e-316 
 0.215 3.436 -1.36483 1.18834e-75 1.11327e-316 0.190839 2.98726 -2.42374 0.386182 -0.432202 -0.198789 1.328 1.342 -0.966017 0 -1.38753e-213 1.1133e-316 
 0.213 3.37 -1.36304 1.18834e-75 1.11327e-316 0.129189 2.91463 -2.27467 0.387643 -0.65202 -0.293989 1.352 1.332 -0.91296 0 -1.38753e-213 1.1133e-316 
 0.256 3.359 -1.37511 1.18834e-75 1.11327e-316 0.0842467 2.86273 -2.28441 0.422808 -0.915818 -0.371757 1.375 1.335 -0.86928 0 -1.38753e-213 1.1133e-316 
 0.275 3.35 -1.43893 1.18834e-75 1.11327e-316 0.0635524 2.81712 -1.99677 0.465121 -0.908309 -0.338021 1.402 1.331 -0.837633 0 -1.38753e-213 1.1133e-316 
 0.241 3.296 -1.53069 1.18834e-75 1.11327e-316 0.0952396 2.81459 -0.0796474 0.426704 -0.57745 -0.238937 1.442 1.336 -0.832025 0 -1.38753e-213 1.1133e-316 
 0.297 3.289 -1.61563 1.18834e-75 1.11327e-316 0.130362 2.81079 -0.107781 0.433193 -0.504187 -0.206513 1.478 1.333 -0.831431 0 -1.38753e-213 1.1133e-316 
 0.303 3.253 -1.67759 1.18834e-75 1.11327e-316 0.15646 2.80633 -0.169316 0.406915 -0.356358 -0.15635 1.498 1.323 -0.83555 0 -1.38753e-213 1.1133e-316 
 0.277 3.205 -1.73184 1.18834e-75 1.11327e-316 0.188721 2.80454 -0.0555138 0.359354 -0.0901026 -0.0451017 1.503 1.297 -0.853779 0 -1.38753e-213 1.1133e-316 
 0.334 3.16 -1.76878 1.18834e-75 1.11327e-316 0.239961 2.8037 -0.0164522 0.322868 -0.0923221 -0.0514244 1.514 1.262 -0.88017 0 -1.38753e-213 1.1133e-316 
 0.285 3.133 -1.77552 1.18834e-75 1.11327e-316 0.255013 2.77976 -1.00936 0.309533 0.181069 0.104909 1.518 1.229 -0.887318 0 -1.38753e-213 1.1133e-316 
 0.285 3.116 -1.78278 1.18834e-75 1.11327e-316 0.261154 2.76325 -1.21479 0.308064 0.217584 0.126454 1.526 1.214 -0.886119 0 -1.38753e-213 1.1133e-316 
 0.244 3.075 -1.77927 1.18834e-75 1.11327e-316 0.271892 2.73483 -1.20956 0.291287 0.42792 0.258515 1.553 1.199 -0.875577 0 -1.38753e-213 1.1133e-316 
 0.276 3.051 -1.77246 1.18834e-75 1.11327e-316 0.258122 2.68501 -1.84049 0.319041 0.234019 0.131272 1.59 1.193 -0.842044 0 -1.38753e-213 1.1133e-316 
 0.303 3.024 -1.746 1.18834e-75 1.11327e-316 0.239914 2.62363 -1.85914 0.355481 0.0303354 0.0153593 1.622 1.178 -0.807866 0 -1.38753e-213 1.1133e-316 
 0.285 2.987 -1.72375 1.18834e-75 1.11327e-316 0.236402 2.58978 -1.67419 0.350917 0.0497789 0.0255282 1.642 1.167 -0.791472 0 -1.38753e-213 1.1133e-316 
 0.235 2.947 -1.71941 1.18834e-75 1.11327e-316 0.251712 2.5711 -0.884081 0.326189 0.298847 0.163441 1.673 1.164 -0.780383 0 -1.38753e-213 1.1133e-316 
 0.23 2.903 -1.71376 1.18834e-75 1.11327e-316 0.272698 2.55402 -0.683207 0.301504 0.396215 0.232274 1.699 1.152 -0.776813 0 -1.38753e-213 1.1133e-316 
 0.235 2.853 -1.68324 1.18834e-75 1.11327e-316 0.276546 2.5254 -1.43716 0.284323 0.346691 0.216058 1.719 1.14 -0.765224 0 -1.38753e-213 1.1133e-316 
 0.124 2.839 -1.64203 1.18834e-75 1.11327e-316 0.276785 2.50811 -1.55699 0.294024 0.756975 0.433954 1.73 1.134 -0.757425 0 -1.38753e-213 1.1133e-316 
 0.13 2.805 -1.60178 1.18834e-75 1.11327e-316 0.289787 2.48255 -1.10007 0.291512 0.734155 0.42561 1.764 1.131 -0.742018 0 -1.38753e-213 1.1133e-316 
 0.112 2.729 -1.52365 1.18834e-75 1.11327e-316 0.301014 2.44266 -1.29646 0.273182 0.781083 0.475304 1.795 1.113 -0.727269 0 -1.38753e-213 1.1133e-316 
 0.135 2.69 -1.44872 1.18834e-75 1.11327e-316 0.322546 2.41222 -0.955139 0.272884 0.682506 0.423017 1.824 1.091 -0.721634 0 -1.38753e-213 1.1133e-316 
 0.062 2.696 -1.37173 1.18834e-75 1.11327e-316 0.347531 2.39565 -0.585764 0.328295 0.887848 0.453029 1.853 1.079 -0.71859 0 -1.38753e-213 1.1133e-316 
 0.117 2.627 -1.30194 1.18834e-75 1.11327e-316 0.355286 2.36218 -1.3431 0.291106 0.691484 0.404042 1.875 1.062 -0.707703 0 -1.38753e-213 1.1133e-316 
 0.184 2.574 -1.21943 1.18834e-75 1.11327e-316 0.346911 2.29926 -1.70313 0.277078 0.263147 0.169314 1.895 1.033 -0.685592 0 -1.38753e-213 1.1133e-316 
 0.157 2.558 -1.15111 1.18834e-75 1.11327e-316 0.342989 2.24513 -1.64311 0.317894 0.178159 0.100538 1.93 1.028 -0.654248 0 -1.38753e-213 1.1133e-316 
 0.231 2.543 -1.12579 1.18834e-75 1.11327e-316 0.352441 2.18354 -1.41851 0.331329 -0.185522 -0.100449 1.982 1.024 -0.618447 0 -1.38753e-213 1.1133e-316 
 0.216 2.513 -1.11044 1.18834e-75 1.11327e-316 0.340659 2.12754 -1.77815 0.352966 -0.236207 -0.11988 2.004 1.017 -0.588687 0 -1.38753e-213 1.1133e-316 
 0.222 2.488 -1.11401 1.18834e-75 1.11327e-316 0.350762 2.09904 -1.2301 0.35731 -0.220528 -0.110641 2.025 1.005 -0.578801 0 -1.38753e-213 1.1133e-316 
 0.274 2.465 -1.12123 1.18834e-75 1.11327e-316 0.354852 2.05413 -1.47999 0.359988 -0.413029 -0.203658 2.047 0.988 -0.562219 0 -1.38753e-213 1.1133e-316 
 0.3 2.426 -1.13274 1.18834e-75 1.11327e-316 0.36297 2.0069 -1.40057 0.362274 -0.469183 -0.229028 2.081 0.983 -0.537454 0 -1.38753e-213 1.1133e-316 
 0.21 2.389 -1.17459 1.18834e-75 1.11327e-316 0.369514 1.95793 -1.43796 0.402963 -0.0704562 -0.0314617 2.113 0.978 -0.512048 0 -1.38753e-213 1.1133e-316 
 0.258 2.364 -1.21379 1.18834e-75 1.11327e-316 0.362132 1.89843 -1.69424 0.416133 -0.233845 -0.100808 2.132 0.967 -0.484445 0 -1.38753e-213 1.1133e-316 
 0.325 2.34 -1.217 1.18834e-75 1.11327e-316 0.374466 1.85794 -1.27514 0.417095 -0.430568 -0.183719 2.17 0.977 -0.456123 0 -1.38753e-213 1.1133e-316 
 0.298 2.282 -1.23747 1.18834e-75 1.11327e-316 0.402944 1.82998 -0.776184 0.405689 -0.177882 -0.0787611 2.218 0.99 -0.433436 0 -1.38753e-213 1.1133e-316 
 0.322 2.241 -1.27864 1.18834e-75 1.11327e-316 0.433365 1.813 -0.50926 0.387759 -0.0624683 -0.02899 2.262 1.003 -0.416977 0 -1.38753e-213 1.1133e-316 
 0.347 2.18 -1.29315 1.18834e-75 1.11327e-316 0.491228 1.84294 0.477573 0.319953 0.194097 0.108764 2.319 1.031 -0.418041 0 -1.38753e-213 1.1133e-316 
 0.307 2.138 -1.29778 1.18834e-75 1.11327e-316 0.521084 1.82862 -0.447352 0.318581 0.511814 0.281498 2.349 1.017 -0.417863 0 -1.38753e-213 1.1133e-316 
 0.32 2.114 -1.2941 1.18834e-75 1.11327e-316 0.567862 1.84729 0.37981 0.296856 0.710592 0.406833 2.386 1.014 -0.429752 0 -1.38753e-213 1.1133e-316 
 0.382 2.09 -1.26114 1.18834e-75 1.11327e-316 0.642793 1.91972 0.768436 0.231459 0.93412 0.523599 2.432 1.026 -0.463254 0 -1.38753e-213 1.1133e-316 
 0.396 2.054 -1.18759 1.18834e-75 1.11327e-316 0.704904 1.99807 0.900501 0.184064 1.32449 0.523599 2.455 1.03 -0.505261 0 -1.38753e-213 1.1133e-316 
 0.358 1.998 -1.09177 1.18834e-75 1.11327e-316 0.757958 2.0358 0.618169 0.197348 1.68887 0.523599 2.493 1.041 -0.5206 0 -1.38753e-213 1.1133e-316 
 0.414 1.985 -0.959476 1.18834e-75 1.11327e-316 0.751776 1.98345 -1.68835 0.209381 1.31378 0.523599 2.5 1.012 -0.507191 0 -1.38753e-213 1.1133e-316 
 0.402 1.958 -0.795675 1.18834e-75 1.11327e-316 0.75556 1.92203 -1.50926 0.26388 1.01352 0.523599 2.523 0.986 -0.487044 0 -1.38753e-213 1.1133e-316 
 0.407 1.944 -0.65504 1.18834e-75 1.11327e-316 0.761976 1.84613 -1.48646 0.307811 0.587135 0.330731 2.569 0.989 -0.442902 0 -1.38753e-213 1.1133e-316 
 0.436 1.931 -0.555839 1.18834e-75 1.11327e-316 0.74122 1.73003 -1.74772 0.320476 -0.0404977 -0.0227422 2.592 0.972 -0.388733 0 -1.38753e-213 1.1133e-316 
 0.47 1.959 -0.498128 1.18834e-75 1.11327e-316 0.723503 1.61633 -1.72537 0.352216 -0.703913 -0.345321 2.611 0.955 -0.337008 0 -1.38753e-213 1.1133e-316 
 0.529 1.954 -0.498603 1.18834e-75 1.11327e-316 0.711576 1.4846 -1.6611 0.37709 -1.1777 -0.512133 2.636 0.94 -0.275784 0 -1.38753e-213 1.1133e-316 
 0.586 1.929 -0.535343 1.18834e-75 1.11327e-316 0.702591 1.31929 -1.62509 0.4305 -1.48229 -0.523599 2.659 0.904 -0.209165 0 -1.38753e-213 1.1133e-316 
 0.63 1.916 -0.646043 1.18834e-75 1.11327e-316 0.716238 1.18148 -1.47208 0.527286 -1.48075 -0.468025 2.698 0.912 -0.135153 0 -1.38753e-213 1.1133e-316 
 0.649 1.86 -0.788874 1.18834e-75 1.11327e-316 0.739716 1.0562 -1.38555 0.620246 -1.27452 -0.354271 2.737 0.952 -0.0521235 0 -1.38753e-213 1.1133e-316 
 0.704 1.824 -0.938033 1.18834e-75 1.11327e-316 0.790487 0.938854 -1.16245 0.718626 -1.05313 -0.257911 2.79 0.983 0.0220747 0 -1.38753e-213 1.1133e-316 
 0.716 1.767 -1.0661 1.18834e-75 1.11327e-316 0.832695 0.892482 -0.832372 0.744804 -0.741156 -0.177239 2.829 1.014 0.0607963 0 -1.38753e-213 1.1133e-316 
 0.709 1.749 -1.16334 1.18834e-75 1.11327e-316 0.840895 0.849467 -1.38243 0.782755 -0.527808 -0.120782 2.833 1.027 0.0888835 0 -1.38753e-213 1.1133e-316 
 0.765 1.708 -1.24012 1.18834e-75 1.11327e-316 0.863538 0.810483 -1.0446 0.781566 -0.44634 -0.102435 2.852 1.025 0.107465 0 -1.38753e-213 1.1133e-316 
 0.823 1.607 -1.29596 1.18834e-75 1.11327e-316 0.897035 0.773251 -0.838155 0.727313 -0.3708 -0.0915117 2.881 1.026 0.126714 0 -1.38753e-213 1.1133e-316 
 0.846 1.515 -1.34256 1.18834e-75 1.11327e-316 0.942943 0.770328 -0.0635851 0.656943 -0.192619 -0.0527281 2.922 1.059 0.144842 0 -1.38753e-213 1.1133e-316 
 0.836 1.427 -1.38186 1.18834e-75 1.11327e-316 1.01171 0.76733 -0.0435597 0.597959 0.136127 0.0409545 2.986 1.087 0.160523 0 -1.38753e-213 1.1133e-316 
 0.849 1.364 -1.40276 1.18834e-75 1.11327e-316 1.03674 0.768048 0.0286542 0.545163 0.255239 0.0840752 3.01 1.094 0.163706 0 -1.38753e-213 1.1133e-316 
 0.865 1.284 -1.40122 1.18834e-75 1.11327e-316 1.08239 0.756162 -0.254723 0.493708 0.399944 0.144794 3.055 1.086 0.165676 0 -1.38753e-213 1.1133e-316 
 0.852 1.234 -1.39455 1.18834e-75 1.11327e-316 1.14098 0.742366 -0.23126 0.482071 0.63854 0.234054 3.105 1.12 0.189957 0 -1.38753e-213 1.1133e-316 
 0.89 1.178 -1.36137 1.18834e-75 1.11327e-316 1.19288 0.690758 -0.782559 0.485851 0.624829 0.227482 3.142 1.139 0.226041 0 -1.38753e-213 1.1133e-316 
 0.888 1.109 -1.29728 1.18834e-75 1.11327e-316 1.25025 0.66981 -0.350112 0.474437 0.745199 0.275535 3.19 1.157 0.246071 0 -1.38753e-213 1.1133e-316 
 0.894 1.051 -1.2339 1.18834e-75 1.11327e-316 1.2723 0.620942 -1.14694 0.481029 0.691179 0.253092 3.198 1.161 0.273423 0 -1.38753e-213 1.1133e-316 
 0.924 1.011 -1.15747 1.18834e-75 1.11327e-316 1.27692 0.517963 -1.52596 0.525326 0.383011 0.130491 3.18 1.133 0.312584 0 -1.38753e-213 1.1133e-316 
 0.902 0.972 -1.09457 1.18834e-75 1.11327e-316 1.25936 0.409772 -1.73168 0.58303 0.170447 0.0525739 3.143 1.082 0.342788 0 -1.38753e-213 1.1133e-316 
 0.951 0.95 -1.06293 1.18834e-75 1.11327e-316 1.26375 0.286834 -1.53507 0.642343 -0.130353 -0.0365119 3.107 1.063 0.398551 0 -1.38753e-213 1.1133e-316 
 0.977 0.909 -1.05234 1.18834e-75 1.11327e-316 1.31854 0.2101 -0.950704 0.681569 -0.125617 -0.0331628 3.118 1.083 0.451649 0 -1.38753e-213 1.1133e-316 
 1.012 0.909 -1.05339 1.18834e-75 1.11327e-316 1.35936 0.159819 -0.888861 0.722989 -0.165666 -0.041222 3.123 1.103 0.491094 0 -1.38753e-213 1.1133e-316 
 1.041 0.82 -1.05703 1.18834e-75 1.11327e-316 1.399 0.155951 -0.0972873 0.661659 -0.0377382 -0.0102661 3.148 1.126 0.506391 0 -1.38753e-213 1.1133e-316 
 1.055 0.763 -1.0643 1.18834e-75 1.11327e-316 1.42282 0.157305 0.0567881 0.621314 0.075566 0.0218886 3.167 1.136 0.511341 0 -1.38753e-213 1.1133e-316 
 1.088 0.658 -1.06714 1.18834e-75 1.11327e-316 1.44993 0.16234 0.183671 0.535884 0.235305 0.0788734 3.193 1.143 0.512468 0 -1.38753e-213 1.1133e-316 
 1.098 0.559 -1.06641 1.18834e-75 1.11327e-316 1.45891 0.170585 0.742265 0.457006 0.431438 0.168322 3.201 1.153 0.513476 0 -1.38753e-213 1.1133e-316 
 1.143 0.542 -1.05586 1.18834e-75 1.11327e-316 1.50821 0.180945 0.20716 0.440406 0.481967 0.194496 3.235 1.19 0.528835 0 -1.38753e-213 1.1133e-316 
 1.173 0.506 -1.01584 1.18834e-75 1.11327e-316 1.53717 0.182438 0.0515083 0.41671 0.495626 0.210905 3.256 1.205 0.536675 0 -1.38753e-213 1.1133e-316 
 1.196 0.439 -0.966689 1.18834e-75 1.11327e-316 1.57014 0.17581 -0.198399 0.386177 0.590038 0.268385 3.288 1.2 0.537622 0 -1.38753e-213 1.1133e-316 
 1.216 0.38 -0.916843 1.18834e-75 1.11327e-316 1.59605 0.171965 -0.147327 0.360038 0.677272 0.326483 3.308 1.206 0.543363 0 -1.38753e-213 1.1133e-316 
 1.215 0.355 -0.857431 1.18834e-75 1.11327e-316 1.64789 0.150339 -0.395193 0.398388 0.703126 0.307604 3.334 1.226 0.567862 0 -1.38753e-213 1.1133e-316 
 1.231 0.389 -0.788273 1.18834e-75 1.11327e-316 1.69787 0.119673 -0.550411 0.463141 0.470133 0.180724 3.358 1.235 0.591568 0 -1.38753e-213 1.1133e-316 
 1.247 0.387 -0.721914 1.18834e-75 1.11327e-316 1.74701 0.0782532 -0.70029 0.511282 0.308362 0.108137 3.375 1.24 0.619801 0 -1.38753e-213 1.1133e-316 
 1.298 0.342 -0.682708 1.18834e-75 1.11327e-316 1.80565 0.0631493 -0.2521 0.503319 0.328158 0.116824 3.402 1.268 0.646536 0 -1.38753e-213 1.1133e-316 
 1.332 0.324 -0.653392 1.18834e-75 1.11327e-316 1.8733 0.0543372 -0.129528 0.524963 0.352122 0.120155 3.43 1.31 0.678764 0 -1.38753e-213 1.1133e-316 
 1.395 0.309 -0.619223 1.18834e-75 1.11327e-316 1.922 0.0591996 0.0995102 0.507013 0.321914 0.113792 3.448 1.352 0.702857 0 -1.38753e-213 1.1133e-316 
 1.502 0.301 -0.584679 1.18834e-75 1.11327e-316 1.95547 0.0485624 -0.307718 0.454462 0.135043 0.0534361 3.462 1.364 0.717786 0 -1.38753e-213 1.1133e-316 
 1.565 0.284 -0.553801 1.18834e-75 1.11327e-316 1.95156 0.0396283 -1.984 0.401128 -0.0167332 -0.00750861 3.452 1.362 0.722398 0 -1.38753e-213 1.1133e-316 
 1.612 0.24 -0.543467 1.18834e-75 1.11327e-316 1.97344 0.037384 -0.102211 0.363334 0.0526426 0.0260739 3.463 1.372 0.730588 0 -1.38753e-213 1.1133e-316 
 1.64 0.21 -0.542664 1.18834e-75 1.11327e-316 2.01202 0.0490151 0.292788 0.353587 0.215013 0.109022 3.484 1.403 0.743669 0 -1.38753e-213 1.1133e-316 
 1.661 0.19 -0.536996 1.18834e-75 1.11327e-316 2.04665 0.0825465 0.769247 0.343526 0.421028 0.217131 3.508 1.448 0.751488 0 -1.38753e-213 1.1133e-316 
 1.694 0.154 -0.516241 1.18834e-75 1.11327e-316 2.08914 0.101517 0.419915 0.333665 0.605382 0.315662 3.542 1.476 0.757685 0 -1.38753e-213 1.1133e-316 
 1.717 0.147 -0.470923 1.18834e-75 1.11327e-316 2.12828 0.110877 0.234723 0.345802 0.613065 0.308903 3.571 1.496 0.765034 0 -1.38753e-213 1.1133e-316 
 1.732 0.103 -0.409702 1.18834e-75 1.11327e-316 2.16347 0.11115 0.00778125 0.357368 0.696123 0.337231 3.586 1.517 0.779501 0 -1.38753e-213 1.1133e-316 
 1.762 0.124 -0.348321 1.18834e-75 1.11327e-316 2.20676 0.0919913 -0.416677 0.382115 0.458359 0.212651 3.605 1.522 0.79663 0 -1.38753e-213 1.1133e-316 
 1.803 0.095 -0.280937 1.18834e-75 1.11327e-316 2.25464 0.0557027 -0.64858 0.393151 0.324799 0.147624 3.618 1.519 0.820737 0 -1.38753e-213 1.1133e-316 
 1.87 0.126 -0.238908 1.18834e-75 1.11327e-316 2.31408 0.0242747 -0.486315 0.399596 0.0230644 0.0103891 3.627 1.533 0.854683 0 -1.38753e-213 1.1133e-316 
 1.942 0.14 -0.209537 1.18834e-75 1.11327e-316 2.37793 0.0203036 -0.0621155 0.396124 -0.0978854 -0.0444501 3.641 1.571 0.887266 0 -1.38753e-213 1.1133e-316 
 1.955 0.127 -0.208556 1.18834e-75 1.11327e-316 2.43224 0.00264721 -0.314317 0.432319 -0.0801641 -0.0333647 3.645 1.593 0.919299 0 -1.38753e-213 1.1133e-316 
 1.968 0.135 -0.209918 1.18834e-75 1.11327e-316 2.4807 -0.00331575 -0.12245 0.465403 -0.0950645 -0.0367507 3.66 1.612 0.940169 0 -1.38753e-213 1.1133e-316 
 2.006 0.114 -0.211904 1.18834e-75 1.11327e-316 2.50958 0.0134909 0.526958 0.450401 0.0261505 0.0104505 3.672 1.641 0.950583 0 -1.38753e-213 1.1133e-316 
 2.028 0.103 -0.213811 1.18834e-75 1.11327e-316 2.53659 0.0323024 0.60842 0.449645 0.132743 0.053089 3.676 1.676 0.964649 0 -1.38753e-213 1.1133e-316 
 2.12 0.117 -0.212042 1.18834e-75 1.11327e-316 2.5601 0.0566586 0.803076 0.388971 0.126068 0.0582731 3.684 1.711 0.974054 0 -1.38753e-213 1.1133e-316 
 2.145 0.092 -0.208215 1.18834e-75 1.11327e-316 2.58076 0.0768066 0.772793 0.378981 0.285814 0.134925 3.696 1.737 0.979281 0 -1.38753e-213 1.1133e-316 
 2.159 0.081 -0.198984 1.18834e-75 1.11327e-316 2.59201 0.104314 1.18275 0.372989 0.414853 0.197591 3.708 1.764 0.978826 0 -1.38753e-213 1.1133e-316 
 2.16 -0.008 -0.17026 1.18834e-75 1.11327e-316 2.61128 0.124785 0.815421 0.38691 0.764864 0.341862 3.725 1.786 0.980197 0 -1.38753e-213 1.1133e-316 
 2.211 0.01 -0.126802 1.18834e-75 1.11327e-316 2.62675 0.155797 1.10806 0.361213 0.758228 0.361259 3.736 1.82 0.982886 0 -1.38753e-213 1.1133e-316 
 2.202 -0.018 -0.0521948 1.18834e-75 1.11327e-316 2.65419 0.167614 0.406745 0.403927 0.751223 0.323037 3.748 1.842 0.992131 0 -1.38753e-213 1.1133e-316 
 2.259 0 0.0250817 1.18834e-75 1.11327e-316 2.66864 0.180768 0.738317 0.374671 0.644943 0.300464 3.755 1.86 0.996576 0 -1.38753e-213 1.1133e-316 
 2.297 -0.029 0.0987743 1.18834e-75 1.11327e-316 2.7066 0.202647 0.522901 0.391417 0.698884 0.310967 3.785 1.887 1.00131 0 -1.38753e-213 1.1133e-316 
 2.353 0.001 0.165862 1.18834e-75 1.11327e-316 2.74129 0.197577 -0.14511 0.371133 0.496684 0.236389 3.799 1.895 1.01354 0 -1.38753e-213 1.1133e-316 
 2.452 0.05 0.235992 1.18834e-75 1.11327e-316 2.79499 0.164688 -0.549475 0.316477 0.132074 0.0749779 3.798 1.895 1.04546 0 -1.38753e-213 1.1133e-316 
 2.524 0.04 0.283241 1.18834e-75 1.11327e-316 2.86823 0.148837 -0.213155 0.31662 0.0350141 0.0199031 3.801 1.918 1.0856 0 -1.38753e-213 1.1133e-316 
 2.475 -0.01 0.291394 1.18834e-75 1.11327e-316 2.92462 0.150917 0.0368575 0.418539 0.0894289 0.0384415 3.79 1.954 1.12332 0 -1.38753e-213 1.1133e-316 
 2.497 -0.028 0.297342 1.18834e-75 1.11327e-316 2.96355 0.161651 0.26901 0.440734 0.154598 0.0630557 3.792 1.982 1.14371 0 -1.38753e-213 1.1133e-316 
 2.567 -0.02 0.30361 1.18834e-75 1.11327e-316 2.98153 0.165576 0.214977 0.396733 0.196726 0.0890199 3.792 1.994 1.15356 0 -1.38753e-213 1.1133e-316 
 2.606 -0.008 0.319536 1.18834e-75 1.11327e-316 2.98622 0.158624 -0.976958 0.363157 0.151307 0.0748558 3.79 1.99 1.15722 0 -1.38753e-213 1.1133e-316 
 2.674 0.063 0.340069 1.18834e-75 1.11327e-316 3.00126 0.173388 0.776282 0.302924 -0.0219838 -0.0130622 3.793 2.01 1.16378 0 -1.38753e-213 1.1133e-316 
 2.721 0.066 0.354708 1.18834e-75 1.11327e-316 3.01972 0.198912 0.944526 0.28641 0.092772 0.0582384 3.801 2.04 1.16947 0 -1.38753e-213 1.1133e-316 
 2.737 0.059 0.357146 1.18834e-75 1.11327e-316 3.04195 0.232704 0.989068 0.305303 0.240979 0.141132 3.818 2.076 1.17231 0 -1.38753e-213 1.1133e-316 
 2.788 0.159 0.366217 1.18834e-75 1.11327e-316 3.04712 0.267788 1.42423 0.246428 0.04189 0.0305884 3.821 2.112 1.17349 0 -1.38753e-213 1.1133e-316 
 2.803 0.166 0.390107 1.18834e-75 1.11327e-316 3.07122 0.316348 1.11018 0.268414 0.16973 0.113335 3.832 2.166 1.18058 0 -1.38753e-213 1.1133e-316 
 2.837 0.103 0.395375 1.18834e-75 1.11327e-316 3.10779 0.358224 0.852911 0.313062 0.551624 0.307129 3.846 2.217 1.19275 0 -1.38753e-213 1.1133e-316 
 2.872 0.174 0.414267 1.18834e-75 1.11327e-316 3.15097 0.382141 0.505823 0.300291 0.338188 0.200006 3.858 2.253 1.20947 0 -1.38753e-213 1.1133e-316 
 2.878 0.209 0.467813 1.18834e-75 1.11327e-316 3.18981 0.41192 0.654116 0.325103 0.168342 0.0929373 3.858 2.297 1.23015 0 -1.38753e-213 1.1133e-316 
 2.894 0.149 0.49898 1.18834e-75 1.11327e-316 3.24897 0.428305 0.270195 0.392845 0.280325 0.127744 3.859 2.333 1.26084 0 -1.38753e-213 1.1133e-316 
 2.939 0.211 0.513739 1.18834e-75 1.11327e-316 3.29833 0.436452 0.163577 0.371846 0.0761251 0.0368334 3.853 2.358 1.28978 0 -1.38753e-213 1.1133e-316 
 2.97 0.215 0.538163 1.18834e-75 1.11327e-316 3.36558 0.4381 0.0244996 0.398293 -0.0413743 -0.0186961 3.864 2.375 1.31893 0 -1.38753e-213 1.1133e-316 
 2.997 0.23 0.544621 1.18834e-75 1.11327e-316 3.44107 0.443863 0.0761808 0.431169 -0.165622 -0.0690323 3.876 2.396 1.35158 0 -1.38753e-213 1.1133e-316 
 3.051 0.264 0.544828 1.18834e-75 1.11327e-316 3.48576 0.435326 -0.188765 0.406383 -0.286913 -0.126405 3.86 2.4 1.38257 0 -1.38753e-213 1.1133e-316 
 3.058 0.213 0.542558 1.18834e-75 1.11327e-316 3.52597 0.446491 0.270877 0.457885 -0.140724 -0.0552639 3.838 2.422 1.41414 0 -1.38753e-213 1.1133e-316 
 3.077 0.272 0.533773 1.18834e-75 1.11327e-316 3.5434 0.467983 0.889265 0.441349 -0.237042 -0.0963756 3.811 2.45 1.43659 0 -1.38753e-213 1.1133e-316 
 3.138 0.307 0.522881 1.18834e-75 1.11327e-316 3.54205 0.484628 1.65183 0.385767 -0.180284 -0.0839238 3.807 2.467 1.43793 0 -1.38753e-213 1.1133e-316 
 3.179 0.315 0.500148 1.18834e-75 1.11327e-316 3.50564 0.491951 2.9431 0.325851 -0.00566778 -0.00313087 3.773 2.474 1.43671 0 -1.38753e-213 1.1133e-316 
 3.198 0.326 0.484348 1.18834e-75 1.11327e-316 3.48896 0.514141 2.21525 0.303145 0.133821 0.0792932 3.765 2.495 1.43234 0 -1.38753e-213 1.1133e-316 
 3.264 0.331 0.48287 1.18834e-75 1.11327e-316 3.43679 0.541203 2.66306 0.225735 0.519968 0.393046 3.747 2.517 1.41506 0 -1.38753e-213 1.1133e-316 
 3.281 0.355 0.485191 1.18834e-75 1.11327e-316 3.38127 0.574801 2.59745 0.180078 0.779642 0.523599 3.742 2.542 1.38944 0 -1.38753e-213 1.1133e-316 
 3.287 0.358 0.51533 1.18834e-75 1.11327e-316 3.32495 0.63456 2.32651 0.1757 1.14807 0.523599 3.763 2.586 1.34998 0 -1.38753e-213 1.1133e-316 
 3.317 0.42 0.579722 1.18834e-75 1.11327e-316 3.27592 0.67299 2.47688 0.12424 1.30933 0.523599 3.77 2.611 1.32117 0 -1.38753e-213 1.1133e-316 
 3.342 0.434 0.580133 1.18834e-75 1.11327e-316 3.32271 0.716789 0.752392 0.156087 1.30245 0.523599 3.816 2.655 1.32158 0 -1.38753e-213 1.1133e-316 
 3.326 0.449 0.581678 1.18834e-75 1.11327e-316 3.3697 0.762025 0.766391 0.211816 1.14889 0.523599 3.852 2.703 1.32724 0 -1.38753e-213 1.1133e-316 
 3.315 0.437 0.580563 1.18834e-75 1.11327e-316 3.42038 0.795161 0.579014 0.27632 1.05048 0.523599 3.843 2.75 1.35788 0 -1.38753e-213 1.1133e-316 
 3.315 0.444 0.580444 1.18834e-75 1.11327e-316 3.54885 0.80075 0.0434741 0.354959 0.663768 0.324685 3.843 2.779 1.42318 0 -1.38753e-213 1.1133e-316 
 3.323 0.447 0.580103 1.18834e-75 1.11327e-316 3.71957 0.810771 0.0586334 0.468434 0.288483 0.110401 3.884 2.804 1.48849 0 -1.38753e-213 1.1133e-316 
 3.316 0.451 0.580101 1.18834e-75 1.11327e-316 3.84356 0.835045 0.193316 0.571995 0.0926516 0.0291481 3.857 2.835 1.56408 0 -1.38753e-213 1.1133e-316 
 3.327 0.451 0.580172 1.18834e-75 1.11327e-316 3.99364 0.868223 0.217565 0.689746 -0.041311 -0.0107803 3.836 2.862 1.6497 0 -1.38753e-213 1.1133e-316 
 3.314 0.43 0.580182 1.18834e-75 1.11327e-316 4.13925 0.935054 0.430294 0.848459 -0.0635106 -0.0134729 3.83 2.911 1.72605 0 -1.38753e-213 1.1133e-316 
 3.316 0.424 0.580279 1.18834e-75 1.11327e-316 4.22525 0.985866 0.533686 0.93736 -0.0557263 -0.0107006 3.804 2.941 1.78301 0 -1.38753e-213 1.1133e-316 
 3.311 0.428 0.580324 1.18834e-75 1.11327e-316 4.29362 1.04393 0.704037 1.01712 -0.0429874 -0.00760734 3.792 2.98 1.82431 0 -1.38753e-213 1.1133e-316 
 3.305 0.422 0.580373 1.18834e-75 1.11327e-316 4.31254 1.0731 0.995577 1.05223 -0.0140644 -0.00240593 3.742 2.99 1.86008 0 -1.38753e-213 1.1133e-316 
 3.323 0.428 0.580367 1.18834e-75 1.11327e-316 4.39424 1.10994 0.42358 1.11383 -0.0286994 -0.00463792 3.749 3.003 1.89929 0 -1.38753e-213 1.1133e-316 
 3.321 0.433 0.580322 1.18834e-75 1.11327e-316 4.42879 1.15072 0.867898 1.1578 -0.011629 -0.00180793 3.764 3.037 1.90964 0 -1.38753e-213 1.1133e-316 
 3.337 0.459 0.580403 1.18834e-75 1.11327e-316 4.45744 1.17192 0.637037 1.16482 -0.0293934 -0.00454215 3.759 3.046 1.92753 0 -1.38753e-213 1.1133e-316 
 3.32 0.434 0.58043 1.18834e-75 1.11327e-316 4.51674 1.21984 0.679729 1.25581 0.00131658 0.000188711 3.767 3.074 1.95505 0 -1.38753e-213 1.1133e-316 
 3.322 0.45 0.580392 1.18834e-75 1.11327e-316 4.58453 1.29776 0.854797 1.33389 0.0237405 0.00320362 3.785 3.131 1.98206 0 -1.38753e-213 1.1133e-316 
 3.311 0.42 0.580346 1.18834e-75 1.11327e-316 4.65581 1.3765 0.835064 1.447 0.0828426 0.0103049 3.783 3.176 2.02239 0 -1.38753e-213 1.1133e-316 
 3.309 0.417 0.580369 1.18834e-75 1.11327e-316 4.7653 1.48138 0.763918 1.58116 0.111803 0.012727 3.775 3.219 2.0888 0 -1.38753e-213 1.1133e-316 
 3.306 0.427 0.58038 1.18834e-75 1.11327e-316 4.7899 1.53197 1.1181 1.62134 0.131619 0.0146112 3.756 3.244 2.11408 0 -1.38753e-213 1.1133e-316 
 3.285 0.399 0.580425 1.18834e-75 1.11327e-316 4.77584 1.55612 2.09813 1.65265 0.175758 0.0191405 3.745 3.27 2.11229 0 -1.38753e-213 1.1133e-316 
 3.301 0.417 0.580385 1.18834e-75 1.11327e-316 4.77578 1.56909 1.57507 1.63863 0.182648 0.0200608 3.745 3.283 2.11226 0 -1.38753e-213 1.1133e-316 
 3.308 0.431 0.580412 1.18834e-75 1.11327e-316 4.7806 1.58498 1.27653 1.63804 0.185922 0.0204277 3.75 3.299 2.11215 0 -1.38753e-213 1.1133e-316 
 3.32 0.454 0.58038 1.18834e-75 1.11327e-316 4.78138 1.58585 0.837851 1.61877 0.173325 0.0192707 3.751 3.3 2.11202 0 -1.38753e-213 1.1133e-316 
 3.307 0.421 0.580351 1.18834e-75 1.11327e-316 4.7923 1.5938 0.629399 1.65669 0.194334 0.0211114 3.762 3.308 2.11198 0 -1.38753e-213 1.1133e-316 
 3.312 0.442 0.58036 1.18834e-75 1.11327e-316 4.78128 1.58279 -2.35658 1.62895 0.17609 0.0194556 3.751 3.297 2.11197 0 -1.38753e-213 1.1133e-316 
 3.296 0.411 0.580439 1.18834e-75 1.11327e-316 4.78617 1.57472 -1.02514 1.65554 0.182304 0.0198186 3.756 3.289 2.1119 0 -1.38753e-213 1.1133e-316 
 3.302 0.404 0.580426 1.18834e-75 1.11327e-316 4.78707 1.57366 -0.870111 1.65493 0.19145 0.0208203 3.757 3.288 2.11184 0 -1.38753e-213 1.1133e-316 
 3.313 0.454 0.580446 1.18834e-75 1.11327e-316 4.77794 1.56458 -2.35906 1.61055 0.150372 0.0168044 3.748 3.279 2.11177 0 -1.38753e-213 1.1133e-316 
 3.312 0.425 0.580383 1.18834e-75 1.11327e-316 4.77985 1.56953 1.2022 1.62983 0.180583 0.019941 3.75 3.284 2.11172 0 -1.38753e-213 1.1133e-316 
 3.314 0.412 0.580441 1.18834e-75 1.11327e-316 4.77487 1.56354 -2.26423 1.62845 0.192069 0.0212271 3.745 3.278 2.11173 0 -1.38753e-213 1.1133e-316 
 3.318 0.417 0.580412 1.18834e-75 1.11327e-316 4.76588 1.55655 -2.48048 1.61306 0.190357 0.0212385 3.736 3.271 2.11173 0 -1.38753e-213 1.1133e-316 
 3.307 0.402 0.580443 1.18834e-75 1.11327e-316 4.76184 1.54752 -1.99161 1.62108 0.190822 0.0211852 3.732 3.262 2.11171 0 -1.38753e-213 1.1133e-316 
 3.294 0.39 0.580466 1.18834e-75 1.11327e-316 4.76783 1.54652 -0.166544 1.64022 0.187276 0.0205491 3.738 3.261 2.1117 0 -1.38753e-213 1.1133e-316 
 3.297 0.399 0.580465 1.18834e-75 1.11327e-316 4.77184 1.55352 1.05101 1.63992 0.184696 0.0202697 3.742 3.268 2.11171 0 -1.38753e-213 1.1133e-316 
 3.301 0.38 0.580448 1.18834e-75 1.11327e-316 4.76977 1.54548 -1.82265 1.64119 0.199279 0.0218527 3.74 3.26 2.11167 0 -1.38753e-213 1.1133e-316 
 3.286 0.376 0.580467 1.18834e-75 1.11327e-316 4.77577 1.54648 0.165392 1.6587 0.188754 0.0204805 3.746 3.261 2.11167 0 -1.38753e-213 1.1133e-316 
 3.296 0.379 0.580472 1.18834e-75 1.11327e-316 4.76969 1.54244 -2.55419 1.64365 0.193774 0.0212175 3.74 3.257 2.11163 0 -1.38753e-213 1.1133e-316 
 3.3 0.402 0.58049 1.18834e-75 1.11327e-316 4.77574 1.55147 0.980506 1.63799 0.179278 0.0196985 3.746 3.266 2.11166 0 -1.38753e-213 1.1133e-316 
 3.295 0.382 0.580539 1.18834e-75 1.11327e-316 4.77669 1.55243 0.797613 1.65292 0.194333 0.0211593 3.747 3.267 2.11162 0 -1.38753e-213 1.1133e-316 
 3.31 0.403 0.580511 1.18834e-75 1.11327e-316 4.76678 1.54149 -2.30639 1.61888 0.182642 0.0203049 3.737 3.256 2.11168 0 -1.38753e-213 1.1133e-316 
 3.312 0.384 0.580475 1.18834e-75 1.11327e-316 4.76561 1.53538 -1.76144 1.62319 0.19714 0.0218578 3.736 3.25 2.11157 0 -1.38753e-213 1.1133e-316 
 3.295 0.388 0.580489 1.18834e-75 1.11327e-316 4.77458 1.54737 0.927996 1.64577 0.185737 0.0203115 3.745 3.262 2.11156 0 -1.38753e-213 1.1133e-316 
 3.288 0.367 0.580403 1.18834e-75 1.11327e-316 4.76847 1.5403 -2.2837 1.65352 0.198145 0.0215665 3.739 3.255 2.1115 0 -1.38753e-213 1.1133e-316 
 3.292 0.376 0.580405 1.18834e-75 1.11327e-316 4.76841 1.53326 -1.58016 1.64243 0.186247 0.0204087 3.739 3.248 2.11146 0 -1.38753e-213 1.1133e-316 
 3.324 0.412 0.580421 1.18834e-75 1.11327e-316 4.77036 1.53424 0.461876 1.60316 0.175033 0.0196498 3.741 3.249 2.11143 0 -1.38753e-213 1.1133e-316 
 3.324 0.412 0.580416 1.18834e-75 1.11327e-316 4.77227 1.54718 1.42421 1.61112 0.185938 0.0207707 3.743 3.262 2.11138 0 -1.38753e-213 1.1133e-316 
 3.3 0.37 0.580473 1.18834e-75 1.11327e-316 4.7743 1.5492 0.782582 1.65216 0.207848 0.0226408 3.745 3.264 2.1114 0 -1.38753e-213 1.1133e-316 
 3.288 0.373 0.580511 1.18834e-75 1.11327e-316 4.76427 1.53818 -2.3094 1.64638 0.193448 0.0211467 3.735 3.253 2.11138 0 -1.38753e-213 1.1133e-316 
 3.317 0.393 0.580556 1.18834e-75 1.11327e-316 4.76216 1.53212 -1.90493 1.61092 0.191626 0.0214085 3.733 3.247 2.11132 0 -1.38753e-213 1.1133e-316 
 3.3 0.393 0.580568 1.18834e-75 1.11327e-316 4.78013 1.5481 0.726922 1.64399 0.181205 0.0198374 3.751 3.263 2.1113 0 -1.38753e-213 1.1133e-316 
 3.294 0.375 0.580599 1.18834e-75 1.11327e-316 4.77818 1.53913 -1.78455 1.65149 0.186601 0.0203353 3.749 3.254 2.11133 0 -1.38753e-213 1.1133e-316 
 3.315 0.389 0.580519 1.18834e-75 1.11327e-316 4.77427 1.53218 -2.08383 1.62304 0.185231 0.0205398 3.745 3.247 2.11138 0 -1.38753e-213 1.1133e-316 
 3.295 0.36 0.580522 1.18834e-75 1.11327e-316 4.77543 1.53428 1.06446 1.654 0.198808 0.0216324 3.746 3.249 2.11147 0 -1.38753e-213 1.1133e-316 
 3.301 0.387 0.580596 1.18834e-75 1.11327e-316 4.77542 1.54027 1.57359 1.63899 0.183544 0.0201548 3.746 3.255 2.11146 0 -1.38753e-213 1.1133e-316 
 3.297 0.389 0.580613 1.18834e-75 1.11327e-316 4.76641 1.53326 -2.48067 1.63083 0.178702 0.0197214 3.737 3.248 2.11146 0 -1.38753e-213 1.1133e-316 
 3.304 0.389 0.580571 1.18834e-75 1.11327e-316 4.76843 1.53228 -0.45407 1.62677 0.181466 0.0200763 3.739 3.247 2.11147 0 -1.38753e-213 1.1133e-316 
 3.297 0.362 0.580583 1.18834e-75 1.11327e-316 4.77535 1.53423 0.274925 1.65147 0.198288 0.0216088 3.746 3.249 2.11142 0 -1.38753e-213 1.1133e-316 
 3.302 0.376 0.580533 1.18834e-75 1.11327e-316 4.7703 1.5322 -2.75934 1.63612 0.190823 0.0209907 3.741 3.247 2.11139 0 -1.38753e-213 1.1133e-316 
 3.321 0.386 0.580546 1.18834e-75 1.11327e-316 4.77032 1.53121 -1.54345 1.617 0.194336 0.0216296 3.741 3.246 2.11141 0 -1.38753e-213 1.1133e-316 
 3.3 0.361 0.580555 1.18834e-75 1.11327e-316 4.76636 1.53124 3.13583 1.64193 0.205178 0.0224894 3.737 3.246 2.11143 0 -1.38753e-213 1.1133e-316 
 3.314 0.388 0.580593 1.18834e-75 1.11327e-316 4.7753 1.5412 0.839553 1.62961 0.192971 0.0213116 3.746 3.256 2.1114 0 -1.38753e-213 1.1133e-316 
 3.321 0.4 0.580657 1.18834e-75 1.11327e-316 4.77231 1.54221 2.81561 1.61689 0.18981 0.0211275 3.743 3.257 2.1114 0 -1.38753e-213 1.1133e-316 
 3.309 0.368 0.580699 1.18834e-75 1.11327e-316 4.77527 1.53918 -0.796943 1.64236 0.205801 0.0225516 3.746 3.254 2.11138 0 -1.38753e-213 1.1133e-316 
 3.294 0.379 0.580693 1.18834e-75 1.11327e-316 4.7712 1.53614 -2.49978 1.64295 0.184929 0.0202578 3.742 3.251 2.11134 0 -1.38753e-213 1.1133e-316 
 3.296 0.397 0.580723 1.18834e-75 1.11327e-316 4.77513 1.5421 0.987516 1.6382 0.172255 0.0189245 3.746 3.257 2.1113 0 -1.38753e-213 1.1133e-316 
 3.313 0.403 0.580638 1.18834e-75 1.11327e-316 4.77414 1.53711 -1.76624 1.61976 0.175062 0.0194518 3.745 3.252 2.1113 0 -1.38753e-213 1.1133e-316 
 3.301 0.405 0.580637 1.18834e-75 1.11327e-316 4.76808 1.53407 -2.67715 1.62145 0.166012 0.0184272 3.739 3.249 2.11127 0 -1.38753e-213 1.1133e-316 
 3.302 0.381 0.580644 1.18834e-75 1.11327e-316 4.77511 1.53508 0.143231 1.63847 0.185141 0.0203365 3.746 3.25 2.11128 0 -1.38753e-213 1.1133e-316 
 3.318 0.407 0.580607 1.18834e-75 1.11327e-316 4.77416 1.53412 -2.34388 1.61266 0.172126 0.0192099 3.745 3.249 2.11132 0 -1.38753e-213 1.1133e-316 
 3.307 0.412 0.580546 1.18834e-75 1.11327e-316 4.77019 1.53013 -2.35483 1.61312 0.158628 0.0176986 3.741 3.245 2.11133 0 -1.38753e-213 1.1133e-316 
 3.295 0.364 0.580558 1.18834e-75 1.11327e-316 4.77211 1.53309 0.993883 1.64898 0.196341 0.021429 3.743 3.248 2.11129 0 -1.38753e-213 1.1133e-316 
 3.294 0.356 0.580563 1.18834e-75 1.11327e-316 4.76797 1.527 -2.1685 1.64773 0.200358 0.0218839 3.739 3.242 2.1112 0 -1.38753e-213 1.1133e-316 
 3.277 0.377 0.580499 1.18834e-75 1.11327e-316 4.77104 1.52504 -0.567302 1.65034 0.164884 0.0179817 3.742 3.24 2.11124 0 -1.38753e-213 1.1133e-316 
 3.286 0.368 0.580531 1.18834e-75 1.11327e-316 4.77204 1.53404 1.46044 1.65378 0.187191 0.0203714 3.743 3.249 2.11124 0 -1.38753e-213 1.1133e-316 
 3.29 0.335 0.580587 1.18834e-75 1.11327e-316 4.76712 1.53009 -2.46485 1.66234 0.220038 0.0238215 3.738 3.245 2.11129 0 -1.38753e-213 1.1133e-316 
 3.288 0.351 0.580653 1.18834e-75 1.11327e-316 4.77509 1.52707 -0.361956 1.65966 0.195392 0.0211882 3.746 3.242 2.11127 0 -1.38753e-213 1.1133e-316 
 3.299 0.382 0.580656 1.18834e-75 1.11327e-316 4.77803 1.52404 -0.800815 1.63657 0.16961 0.0186525 3.749 3.239 2.11124 0 -1.38753e-213 1.1133e-316 
 3.297 0.352 0.580719 1.18834e-75 1.11327e-316 4.77097 1.519 -2.52197 1.64569 0.196328 0.0214703 3.742 3.234 2.1112 0 -1.38753e-213 1.1133e-316 
 3.29 0.343 0.580776 1.18834e-75 1.11327e-316 4.77294 1.51898 -0.010425 1.65667 0.198011 0.0215109 3.744 3.234 2.11118 0 -1.38753e-213 1.1133e-316 
 3.296 0.322 0.580769 1.18834e-75 1.11327e-316 4.77004 1.52604 1.96032 1.66479 0.22996 0.0248585 3.741 3.241 2.11124 0 -1.38753e-213 1.1133e-316 
 3.295 0.33 0.580724 1.18834e-75 1.11327e-316 4.76606 1.52505 -2.89802 1.65804 0.224095 0.0243234 3.737 3.24 2.11125 0 -1.38753e-213 1.1133e-316 
 3.289 0.348 0.580705 1.18834e-75 1.11327e-316 4.76319 1.51813 -1.96339 1.64745 0.199088 0.0217489 3.734 3.233 2.11133 0 -1.38753e-213 1.1133e-316 
 3.291 0.349 0.580743 1.18834e-75 1.11327e-316 4.77116 1.51812 -0.002165 1.65118 0.193767 0.0211199 3.742 3.233 2.11132 0 -1.38753e-213 1.1133e-316 
 3.298 0.36 0.580859 1.18834e-75 1.11327e-316 4.77413 1.5241 1.11017 1.64575 0.19178 0.0209723 3.745 3.239 2.1113 0 -1.38753e-213 1.1133e-316 
 3.287 0.352 0.580832 1.18834e-75 1.11327e-316 4.77518 1.52813 1.31652 1.66048 0.194267 0.0210559 3.746 3.243 2.11132 0 -1.38753e-213 1.1133e-316 
 3.288 0.355 0.580766 1.18834e-75 1.11327e-316 4.78714 1.5381 0.695169 1.67184 0.192976 0.020774 3.758 3.253 2.1113 0 -1.38753e-213 1.1133e-316 
 3.289 0.346 0.580766 1.18834e-75 1.11327e-316 4.77613 1.5321 -2.6422 1.66483 0.20427 0.0220818 3.747 3.247 2.1113 0 -1.38753e-213 1.1133e-316 
 3.283 0.372 0.580701 1.18834e-75 1.11327e-316 4.78302 1.53603 0.518811 1.66274 0.175022 0.0189447 3.754 3.251 2.11123 0 -1.38753e-213 1.1133e-316 
 3.275 0.333 0.580688 1.18834e-75 1.11327e-316 4.785 1.53702 0.462836 1.69027 0.20437 0.0217604 3.756 3.252 2.11122 0 -1.38753e-213 1.1133e-316 
 3.288 0.352 0.580791 1.18834e-75 1.11327e-316 4.78503 1.53504 -1.55588 1.67031 0.194359 0.020942 3.756 3.25 2.11124 0 -1.38753e-213 1.1133e-316 
 3.283 0.372 0.580855 1.18834e-75 1.11327e-316 4.77505 1.53305 -2.94492 1.65555 0.17758 0.019305 3.746 3.248 2.11125 0 -1.38753e-213 1.1133e-316 
 3.295 0.375 0.580838 1.18834e-75 1.11327e-316 4.77703 1.53904 1.25122 1.64993 0.187532 0.0204562 3.748 3.254 2.11124 0 -1.38753e-213 1.1133e-316 
 3.299 0.372 0.580892 1.18834e-75 1.11327e-316 4.77105 1.53605 -2.67814 1.64283 0.194603 0.0213189 3.742 3.251 2.11125 0 -1.38753e-213 1.1133e-316 
 3.279 0.359 0.580967 1.18834e-75 1.11327e-316 4.78204 1.54304 0.566756 1.67511 0.190624 0.0204808 3.753 3.258 2.11124 0 -1.38753e-213 1.1133e-316 
 3.29 0.37 0.580923 1.18834e-75 1.11327e-316 4.78206 1.54205 -1.55288 1.66116 0.187562 0.020321 3.753 3.257 2.11125 0 -1.38753e-213 1.1133e-316 
 3.298 0.35 0.580847 1.18834e-75 1.11327e-316 4.77917 1.54112 -2.82982 1.66319 0.212939 0.0230413 3.75 3.256 2.11132 0 -1.38753e-213 1.1133e-316 
 3.28 0.365 0.580848 1.18834e-75 1.11327e-316 4.78524 1.54816 0.859482 1.67622 0.188531 0.0202425 3.756 3.263 2.11136 0 -1.38753e-213 1.1133e-316 
 3.276 0.37 0.580939 1.18834e-75 1.11327e-316 4.78424 1.55016 2.03449 1.67684 0.183479 0.019693 3.755 3.265 2.11136 0 -1.38753e-213 1.1133e-316 
 3.29 0.369 0.580942 1.18834e-75 1.11327e-316 4.78529 1.5492 -0.744666 1.66763 0.19267 0.0207933 3.756 3.264 2.11139 0 -1.38753e-213 1.1133e-316 
 3.294 0.358 0.580918 1.18834e-75 1.11327e-316 4.78023 1.53816 -2.00107 1.66116 0.19916 0.0215773 3.751 3.253 2.11135 0 -1.38753e-213 1.1133e-316 
 3.293 0.361 0.580941 1.18834e-75 1.11327e-316 4.78022 1.53415 -1.5735 1.65828 0.191983 0.020836 3.751 3.249 2.11135 0 -1.38753e-213 1.1133e-316 
 3.29 0.367 0.580876 1.18834e-75 1.11327e-316 4.78426 1.54418 1.18746 1.66535 0.190792 0.020619 3.755 3.259 2.11137 0 -1.38753e-213 1.1133e-316 
 3.28 0.363 0.58087 1.18834e-75 1.11327e-316 4.77632 1.54121 -2.78439 1.66734 0.190286 0.0205397 3.747 3.256 2.11141 0 -1.38753e-213 1.1133e-316 
 3.274 0.351 0.58083 1.18834e-75 1.11327e-316 4.7824 1.54326 0.324949 1.68312 0.194589 0.0208071 3.753 3.258 2.11146 0 -1.38753e-213 1.1133e-316 
 3.283 0.378 0.580874 1.18834e-75 1.11327e-316 4.78649 1.54431 0.252144 1.66639 0.174291 0.0188243 3.757 3.259 2.11151 0 -1.38753e-213 1.1133e-316 
 3.284 0.371 0.580911 1.18834e-75 1.11327e-316 4.77848 1.53231 -2.15925 1.65741 0.17597 0.0191085 3.749 3.247 2.1115 0 -1.38753e-213 1.1133e-316 
 3.286 0.392 0.580936 1.18834e-75 1.11327e-316 4.78249 1.53731 0.895595 1.65073 0.159643 0.0174061 3.753 3.252 2.1115 0 -1.38753e-213 1.1133e-316 
 3.277 0.398 0.580906 1.18834e-75 1.11327e-316 4.78243 1.54228 1.58255 1.65661 0.152449 0.016563 3.753 3.257 2.11147 0 -1.38753e-213 1.1133e-316 
 3.275 0.363 0.580896 1.18834e-75 1.11327e-316 4.78147 1.5373 -1.76035 1.67259 0.179469 0.0193117 3.752 3.252 2.1115 0 -1.38753e-213 1.1133e-316 
 3.276 0.354 0.58089 1.18834e-75 1.11327e-316 4.77446 1.52629 -2.13823 1.66584 0.183309 0.0198046 3.745 3.241 2.11149 0 -1.38753e-213 1.1133e-316 
 3.28 0.358 0.58088 1.18834e-75 1.11327e-316 4.77346 1.5293 1.89106 1.66177 0.185963 0.0201404 3.744 3.244 2.11149 0 -1.38753e-213 1.1133e-316 
 3.276 0.364 0.580767 1.18834e-75 1.11327e-316 4.77641 1.53327 0.931472 1.66569 0.179417 0.019386 3.747 3.248 2.11146 0 -1.38753e-213 1.1133e-316 
 3.29 0.381 0.58077 1.18834e-75 1.11327e-316 4.78039 1.53625 0.644147 1.6514 0.17358 0.0189177 3.751 3.251 2.11145 0 -1.38753e-213 1.1133e-316 
 3.303 0.372 0.58077 1.18834e-75 1.11327e-316 4.7893 1.5422 0.588473 1.6561 0.190306 0.0206812 3.76 3.257 2.11139 0 -1.38753e-213 1.1133e-316 
 3.289 0.374 0.580769 1.18834e-75 1.11327e-316 4.79221 1.54315 0.314695 1.66762 0.177323 0.0191375 3.763 3.258 2.11134 0 -1.38753e-213 1.1133e-316 
 3.28 0.368 0.580768 1.18834e-75 1.11327e-316 4.78831 1.54621 2.47601 1.67588 0.182022 0.0195479 3.759 3.261 2.1114 0 -1.38753e-213 1.1133e-316 
 3.274 0.366 0.580771 1.18834e-75 1.11327e-316 4.78339 1.54125 -2.35309 1.67514 0.17856 0.0191846 3.754 3.256 2.11145 0 -1.38753e-213 1.1133e-316 
 3.29 0.364 0.58077 1.18834e-75 1.11327e-316 4.7774 1.53726 -2.55351 1.65845 0.19233 0.0208714 3.748 3.252 2.11145 0 -1.38753e-213 1.1133e-316 
 3.297 0.379 0.580772 1.18834e-75 1.11327e-316 4.77436 1.53524 -2.55413 1.64261 0.1838 0.0201383 3.745 3.25 2.11143 0 -1.38753e-213 1.1133e-316 
 3.275 0.378 0.580771 1.18834e-75 1.11327e-316 4.77734 1.53522 -0.00468468 1.66094 0.166944 0.0180901 3.748 3.25 2.11142 0 -1.38753e-213 1.1133e-316 
 3.288 0.373 0.580769 1.18834e-75 1.11327e-316 4.77434 1.53122 -2.21467 1.65002 0.179224 0.0195489 3.745 3.246 2.11142 0 -1.38753e-213 1.1133e-316 
 3.31 0.389 0.580771 1.18834e-75 1.11327e-316 4.77734 1.53022 -0.321086 1.62782 0.176993 0.0195689 3.748 3.245 2.11142 0 -1.38753e-213 1.1133e-316 
 3.288 0.369 0.580771 1.18834e-75 1.11327e-316 4.78034 1.53522 1.03013 1.65838 0.182334 0.0197878 3.751 3.25 2.11142 0 -1.38753e-213 1.1133e-316 
 3.295 0.38 0.58077 1.18834e-75 1.11327e-316 4.78634 1.53622 0.164996 1.65258 0.173805 0.0189287 3.757 3.251 2.11142 0 -1.38753e-213 1.1133e-316 
 3.286 0.386 0.58077 1.18834e-75 1.11327e-316 4.78034 1.53622 -3.1415 1.65167 0.166103 0.0181 3.751 3.251 2.11142 0 -1.38753e-213 1.1133e-316 
 3.289 0.387 0.58077 1.18834e-75 1.11327e-316 4.77334 1.53223 -2.62246 1.64199 0.168547 0.0184744 3.744 3.247 2.11142 0 -1.38753e-213 1.1133e-316 
 3.296 0.402 0.58077 1.18834e-75 1.11327e-316 4.77334 1.53622 1.5716 1.63141 0.163225 0.0180073 3.744 3.251 2.11142 0 -1.38753e-213 1.1133e-316 
 3.281 0.394 0.580769 1.18834e-75 1.11327e-316 4.77734 1.53622 0.000239055 1.64905 0.157231 0.0171606 3.748 3.251 2.11142 0 -1.38753e-213 1.1133e-316 
 3.284 0.395 0.580768 1.18834e-75 1.11327e-316 4.77334 1.53722 2.89673 1.64404 0.162189 0.0177555 3.744 3.252 2.11142 0 -1.38753e-213 1.1133e-316 
 3.286 0.387 0.580769 1.18834e-75 1.11327e-316 4.77134 1.53523 -2.35595 1.64423 0.170638 0.0186782 3.742 3.25 2.11142 0 -1.38753e-213 1.1133e-316 
 3.3 0.403 0.580769 1.18834e-75 1.11327e-316 4.77835 1.53623 0.142294 1.63162 0.161568 0.0178222 3.749 3.251 2.11142 0 -1.38753e-213 1.1133e-316 
 3.31 0.425 0.580767 1.18834e-75 1.11327e-316 4.78735 1.54523 0.78547 1.62433 0.149984 0.0166189 3.758 3.26 2.11142 0 -1.38753e-213 1.1133e-316 
 3.304 0.404 0.580766 1.18834e-75 1.11327e-316 4.78235 1.54223 -2.60116 1.63416 0.16628 0.0183135 3.753 3.257 2.11142 0 -1.38753e-213 1.1133e-316 
 3.294 0.41 0.580766 1.18834e-75 1.11327e-316 4.77735 1.53923 -2.60118 1.63318 0.154237 0.0169976 3.748 3.254 2.11142 0 -1.38753e-213 1.1133e-316 
 3.301 0.408 0.580767 1.18834e-75 1.11327e-316 4.78535 1.54423 0.558596 1.63744 0.160117 0.0175995 3.756 3.259 2.11143 0 -1.38753e-213 1.1133e-316 
 3.302 0.391 0.580767 1.18834e-75 1.11327e-316 4.79235 1.54423 0.000277714 1.65035 0.171735 0.0187286 3.763 3.259 2.11143 0 -1.38753e-213 1.1133e-316 
 3.294 0.385 0.580768 1.18834e-75 1.11327e-316 4.79136 1.54523 2.35393 1.65891 0.173255 0.0187968 3.762 3.26 2.11143 0 -1.38753e-213 1.1133e-316 
 3.317 0.428 0.580768 1.18834e-75 1.11327e-316 4.78636 1.54223 -2.60118 1.61558 0.149983 0.0167088 3.757 3.257 2.11143 0 -1.38753e-213 1.1133e-316 
 3.294 0.377 0.580769 1.18834e-75 1.11327e-316 4.78635 1.53923 -1.5728 1.65635 0.178648 0.0194117 3.757 3.254 2.11143 0 -1.38753e-213 1.1133e-316 
 3.293 0.365 0.580768 1.18834e-75 1.11327e-316 4.78535 1.53723 -2.03541 1.66145 0.187857 0.0203495 3.756 3.252 2.11142 0 -1.38753e-213 1.1133e-316 
 3.31 0.358 0.58077 1.18834e-75 1.11327e-316 4.78435 1.53523 -2.03469 1.6512 0.205351 0.0223819 3.755 3.25 2.11142 0 -1.38753e-213 1.1133e-316 
 3.291 0.392 0.580771 1.18834e-75 1.11327e-316 4.77235 1.52723 -2.5536 1.63478 0.161307 0.017759 3.743 3.242 2.11142 0 -1.38753e-213 1.1133e-316 
 3.289 0.348 0.580768 1.18834e-75 1.11327e-316 4.77235 1.53523 1.57054 1.66273 0.208007 0.0225142 3.743 3.25 2.11142 0 -1.38753e-213 1.1133e-316 
 3.311 0.398 0.580768 1.18834e-75 1.11327e-316 4.78135 1.54023 0.507113 1.63048 0.175774 0.0194025 3.752 3.255 2.11142 0 -1.38753e-213 1.1133e-316 
 3.304 0.394 0.580769 1.18834e-75 1.11327e-316 4.77835 1.53423 -2.03437 1.63232 0.171018 0.0188564 3.749 3.249 2.11143 0 -1.38753e-213 1.1133e-316 
 3.297 0.383 0.580768 1.18834e-75 1.11327e-316 4.78835 1.54323 0.732816 1.65462 0.177512 0.0193085 3.759 3.258 2.11142 0 -1.38753e-213 1.1133e-316 
 3.286 0.379 0.580768 1.18834e-75 1.11327e-316 4.78535 1.54023 -2.35613 1.66084 0.172765 0.0187218 3.756 3.255 2.11143 0 -1.38753e-213 1.1133e-316 
 3.281 0.369 0.580766 1.18834e-75 1.11327e-316 4.77835 1.53623 -2.62242 1.66247 0.179713 0.0194556 3.749 3.251 2.11143 0 -1.38753e-213 1.1133e-316 
 3.284 0.384 0.580767 1.18834e-75 1.11327e-316 4.78335 1.54123 0.785517 1.65881 0.169069 0.0183439 3.754 3.256 2.11142 0 -1.38753e-213 1.1133e-316 
 3.282 0.373 0.580769 1.18834e-75 1.11327e-316 4.77736 1.53023 -2.0698 1.65596 0.171893 0.0186823 3.748 3.245 2.11143 0 -1.38753e-213 1.1133e-316 
 3.271 0.346 0.580769 1.18834e-75 1.11327e-316 4.77536 1.53223 2.35552 1.67715 0.192121 0.0206164 3.746 3.247 2.11143 0 -1.38753e-213 1.1133e-316 
 3.278 0.326 0.580769 1.18834e-75 1.11327e-316 4.77736 1.52823 -1.10731 1.6818 0.210135 0.0224866 3.748 3.243 2.11143 0 -1.38753e-213 1.1133e-316 
 3.282 0.317 0.580767 1.18834e-75 1.11327e-316 4.77335 1.52623 -2.67786 1.67973 0.222142 0.0238004 3.744 3.241 2.11143 0 -1.38753e-213 1.1133e-316 
 3.273 0.349 0.580769 1.18834e-75 1.11327e-316 4.77436 1.52823 1.10608 1.67144 0.18787 0.0202292 3.745 3.243 2.11143 0 -1.38753e-213 1.1133e-316 
 3.281 0.349 0.580771 1.18834e-75 1.11327e-316 4.77936 1.53023 0.380511 1.67033 0.191817 0.0206679 3.75 3.245 2.11143 0 -1.38753e-213 1.1133e-316 
 3.284 0.355 0.580771 1.18834e-75 1.11327e-316 4.77736 1.52823 -2.3563 1.66268 0.188056 0.0203559 3.748 3.243 2.11143 0 -1.38753e-213 1.1133e-316 
 3.274 0.353 0.58077 1.18834e-75 1.11327e-316 4.78536 1.53323 0.558584 1.67908 0.181723 0.0194785 3.756 3.248 2.11143 0 -1.38753e-213 1.1133e-316 
 3.291 0.371 0.580768 1.18834e-75 1.11327e-316 4.78936 1.53723 0.785428 1.66268 0.178081 0.0192765 3.76 3.252 2.11143 0 -1.38753e-213 1.1133e-316 
 3.279 0.355 0.580768 1.18834e-75 1.11327e-316 4.78535 1.54123 2.35679 1.67858 0.190709 0.0204476 3.756 3.256 2.11143 0 -1.38753e-213 1.1133e-316 
 3.281 0.377 0.580769 1.18834e-75 1.11327e-316 4.77836 1.53724 -2.62247 1.65891 0.173251 0.0187963 3.749 3.252 2.11143 0 -1.38753e-213 1.1133e-316 
 3.283 0.351 0.580769 1.18834e-75 1.11327e-316 4.77836 1.53624 -1.57064 1.67024 0.197598 0.0212916 3.749 3.251 2.11143 0 -1.38753e-213 1.1133e-316 
 3.275 0.347 0.580768 1.18834e-75 1.11327e-316 4.76836 1.52524 -2.30861 1.66524 0.192641 0.0208201 3.739 3.24 2.11143 0 -1.38753e-213 1.1133e-316 
 3.273 0.343 0.580768 1.18834e-75 1.11327e-316 4.78136 1.53123 0.432384 1.68102 0.191111 0.0204608 3.752 3.246 2.11143 0 -1.38753e-213 1.1133e-316 
 3.282 0.35 0.580769 1.18834e-75 1.11327e-316 4.78135 1.53023 -1.5733 1.67053 0.1902 0.0204913 3.752 3.245 2.11143 0 -1.38753e-213 1.1133e-316 
 3.289 0.344 0.580769 1.18834e-75 1.11327e-316 4.78536 1.53423 0.785383 1.67351 0.201429 0.021662 3.756 3.249 2.11143 0 -1.38753e-213 1.1133e-316 
 3.28 0.347 0.580769 1.18834e-75 1.11327e-316 4.78035 1.53823 2.46772 1.67686 0.199492 0.0214109 3.751 3.253 2.11143 0 -1.38753e-213 1.1133e-316 
 3.287 0.358 0.58077 1.18834e-75 1.11327e-316 4.77435 1.53523 -2.67799 1.66045 0.196005 0.0212445 3.745 3.25 2.11143 0 -1.38753e-213 1.1133e-316 
 3.27 0.348 0.580773 1.18834e-75 1.11327e-316 4.77035 1.52923 -2.15877 1.67175 0.190394 0.0204972 3.741 3.244 2.11143 0 -1.38753e-213 1.1133e-316 
 3.263 0.336 0.580772 1.18834e-75 1.11327e-316 4.76235 1.52423 -2.583 1.67462 0.197474 0.0212228 3.733 3.239 2.11143 0 -1.38753e-213 1.1133e-316 
 3.281 0.346 0.580772 1.18834e-75 1.11327e-316 4.76536 1.52823 0.926971 1.66088 0.202722 0.0219667 3.736 3.243 2.11143 0 -1.38753e-213 1.1133e-316 
 3.288 0.355 0.580774 1.18834e-75 1.11327e-316 4.76735 1.52523 -0.984686 1.65118 0.195308 0.021288 3.738 3.24 2.11143 0 -1.38753e-213 1.1133e-316 
 3.278 0.348 0.580773 1.18834e-75 1.11327e-316 4.76936 1.53223 1.29204 1.66688 0.199534 0.0215435 3.74 3.247 2.11143 0 -1.38753e-213 1.1133e-316 
 3.266 0.354 0.580773 1.18834e-75 1.11327e-316 4.77435 1.53123 -0.197657 1.67541 0.181093 0.0194535 3.745 3.246 2.11143 0 -1.38753e-213 1.1133e-316 
 3.289 0.356 0.580773 1.18834e-75 1.11327e-316 4.77736 1.53123 0.000328181 1.66014 0.19345 0.0209716 3.748 3.246 2.11143 0 -1.38753e-213 1.1133e-316 
 3.293 0.359 0.580772 1.18834e-75 1.11327e-316 4.77036 1.52223 -2.23181 1.64618 0.19029 0.0208041 3.741 3.237 2.11143 0 -1.38753e-213 1.1133e-316 
 3.265 0.342 0.580771 1.18834e-75 1.11327e-316 4.76935 1.52323 2.35874 1.6746 0.187567 0.0201585 3.74 3.238 2.11143 0 -1.38753e-213 1.1133e-316 
 3.274 0.342 0.580771 1.18834e-75 1.11327e-316 4.76935 1.52823 1.57125 1.67075 0.198505 0.021383 3.74 3.243 2.11143 0 -1.38753e-213 1.1133e-316 
 3.278 0.335 0.580771 1.18834e-75 1.11327e-316 4.77335 1.53223 0.785492 1.67638 0.208475 0.0223811 3.744 3.247 2.11142 0 -1.38753e-213 1.1133e-316 
 3.276 0.336 0.580772 1.18834e-75 1.11327e-316 4.77235 1.53523 1.8918 1.67812 0.209565 0.0224747 3.743 3.25 2.11143 0 -1.38753e-213 1.1133e-316 
 3.282 0.349 0.580772 1.18834e-75 1.11327e-316 4.77135 1.53323 -2.03473 1.66545 0.200965 0.0217166 3.742 3.248 2.11142 0 -1.38753e-213 1.1133e-316 
 3.274 0.335 0.580772 1.18834e-75 1.11327e-316 4.77435 1.52823 -1.03048 1.67788 0.201298 0.0215915 3.745 3.243 2.11142 0 -1.38753e-213 1.1133e-316 
 3.277 0.361 0.580771 1.18834e-75 1.11327e-316 4.77235 1.53023 2.35407 1.66206 0.18296 0.0198119 3.743 3.245 2.11143 0 -1.38753e-213 1.1133e-316 
 3.284 0.337 0.580771 1.18834e-75 1.11327e-316 4.77635 1.53423 0.785567 1.67426 0.210618 0.0226397 3.747 3.249 2.11143 0 -1.38753e-213 1.1133e-316 
 3.28 0.339 0.58077 1.18834e-75 1.11327e-316 4.77235 1.53023 -2.35621 1.67118 0.205189 0.022097 3.743 3.245 2.11143 0 -1.38753e-213 1.1133e-316 
 3.273 0.333 0.580769 1.18834e-75 1.11327e-316 4.77735 1.53423 0.674717 1.68483 0.205683 0.0219707 3.748 3.249 2.11143 0 -1.38753e-213 1.1133e-316 
 3.286 0.33 0.580769 1.18834e-75 1.11327e-316 4.77335 1.52723 -2.08991 1.67071 0.214203 0.0230738 3.744 3.242 2.11143 0 -1.38753e-213 1.1133e-316 
 3.279 0.34 0.580768 1.18834e-75 1.11327e-316 4.77035 1.52723 -3.14108 1.66841 0.202276 0.0218195 3.741 3.242 2.11143 0 -1.38753e-213 1.1133e-316 
 3.29 0.356 0.580768 1.18834e-75 1.11327e-316 4.76735 1.52623 -2.81953 1.64975 0.19676 0.0214647 3.738 3.241 2.11142 0 -1.38753e-213 1.1133e-316 
 3.288 0.36 0.58077 1.18834e-75 1.11327e-316 4.77135 1.53423 1.10708 1.65607 0.196121 0.0213135 3.742 3.249 2.11142 0 -1.38753e-213 1.1133e-316 
 3.292 0.353 0.580771 1.18834e-75 1.11327e-316 4.76935 1.52923 -1.95091 1.65283 0.202267 0.0220242 3.74 3.244 2.11143 0 -1.38753e-213 1.1133e-316 
 3.285 0.353 0.580772 1.18834e-75 1.11327e-316 4.77135 1.52723 -0.784559 1.65821 0.193967 0.0210522 3.742 3.242 2.11143 0 -1.38753e-213 1.1133e-316 
 3.285 0.342 0.580772 1.18834e-75 1.11327e-316 4.77935 1.53923 0.982805 1.67568 0.209187 0.0224669 3.75 3.254 2.11143 0 -1.38753e-213 1.1133e-316 
 3.284 0.34 0.580772 1.18834e-75 1.11327e-316 4.78435 1.54323 0.674847 1.68301 0.210319 0.02249 3.755 3.258 2.11142 0 -1.38753e-213 1.1133e-316 
 3.304 0.367 0.580772 1.18834e-75 1.11327e-316 4.78235 1.54023 -2.15901 1.652 0.198792 0.0216568 3.753 3.255 2.11142 0 -1.38753e-213 1.1133e-316 
 3.3 0.397 0.580773 1.18834e-75 1.11327e-316 4.77935 1.53223 -1.92913 1.63336 0.162729 0.0179312 3.75 3.247 2.11143 0 -1.38753e-213 1.1133e-316 
 3.291 0.402 0.580773 1.18834e-75 1.11327e-316 4.77635 1.53023 -2.55356 1.63411 0.151855 0.0167255 3.747 3.245 2.11143 0 -1.38753e-213 1.1133e-316 
 3.3 0.377 0.580772 1.18834e-75 1.11327e-316 4.78135 1.53923 1.06392 1.64851 0.186493 0.0203603 3.752 3.254 2.11142 0 -1.38753e-213 1.1133e-316 
 3.29 0.374 0.580772 1.18834e-75 1.11327e-316 4.77635 1.54023 2.9442 1.65411 0.18661 0.020304 3.747 3.255 2.11142 0 -1.38753e-213 1.1133e-316 
 3.3 0.413 0.580772 1.18834e-75 1.11327e-316 4.77735 1.54523 1.37351 1.6304 0.161335 0.0178098 3.748 3.26 2.11142 0 -1.38753e-213 1.1133e-316 
 3.303 0.408 0.580771 1.18834e-75 1.11327e-316 4.77435 1.54623 2.81933 1.62916 0.171289 0.0189229 3.745 3.261 2.11142 0 -1.38753e-213 1.1133e-316 
 3.288 0.355 0.58077 1.18834e-75 1.11327e-316 4.77735 1.54123 -1.02949 1.66648 0.202791 0.0219003 3.748 3.256 2.11143 0 -1.38753e-213 1.1133e-316 
 3.301 0.411 0.580768 1.18834e-75 1.11327e-316 4.76835 1.53223 -2.35622 1.61768 0.158092 0.0175892 3.739 3.247 2.11143 0 -1.38753e-213 1.1133e-316 
 3.299 0.414 0.580769 1.18834e-75 1.11327e-316 4.76935 1.52823 -1.3272 1.61629 0.149267 0.0166218 3.74 3.243 2.11142 0 -1.38753e-213 1.1133e-316 
 3.308 0.395 0.580768 1.18834e-75 1.11327e-316 4.77435 1.53323 0.785361 1.62559 0.174899 0.019364 3.745 3.248 2.11142 0 -1.38753e-213 1.1133e-316 
 3.304 0.36 0.580769 1.18834e-75 1.11327e-316 4.76835 1.53123 -2.81996 1.64103 0.207085 0.0227107 3.739 3.246 2.11143 0 -1.38753e-213 1.1133e-316 
 3.313 0.353 0.580769 1.18834e-75 1.11327e-316 4.77136 1.53723 1.10666 1.64347 0.223398 0.0244627 3.742 3.252 2.11143 0 -1.38753e-213 1.1133e-316 
 3.314 0.359 0.58077 1.18834e-75 1.11327e-316 4.76835 1.53823 2.82074 1.63805 0.221746 0.0243621 3.739 3.253 2.11143 0 -1.38753e-213 1.1133e-316 
 3.315 0.381 0.580769 1.18834e-75 1.11327e-316 4.77435 1.53923 0.164977 1.63081 0.198688 0.0219266 3.745 3.254 2.11143 0 -1.38753e-213 1.1133e-316 
 3.31 0.406 0.580769 1.18834e-75 1.11327e-316 4.77935 1.53623 -0.540592 1.62367 0.165188 0.0183108 3.75 3.251 2.11142 0 -1.38753e-213 1.1133e-316 
 3.301 0.419 0.580771 1.18834e-75 1.11327e-316 4.78635 1.54023 0.519169 1.63058 0.145236 0.0160313 3.757 3.255 2.11143 0 -1.38753e-213 1.1133e-316 
 3.316 0.419 0.580769 1.18834e-75 1.11327e-316 4.78835 1.54923 1.35183 1.62582 0.163032 0.0180479 3.759 3.264 2.11143 0 -1.38753e-213 1.1133e-316 
 3.321 0.419 0.580769 1.18834e-75 1.11327e-316 4.78436 1.54623 -2.49802 1.61786 0.16667 0.0185412 3.755 3.261 2.11143 0 -1.38753e-213 1.1133e-316 
 3.317 0.425 0.580768 1.18834e-75 1.11327e-316 4.77636 1.54523 -3.01733 1.61145 0.162909 0.018195 3.747 3.26 2.11143 0 -1.38753e-213 1.1133e-316 
 3.311 0.415 0.580768 1.18834e-75 1.11327e-316 4.77336 1.54223 -2.35616 1.61715 0.167396 0.0186302 3.744 3.257 2.11143 0 -1.38753e-213 1.1133e-316 
 3.311 0.395 0.580767 1.18834e-75 1.11327e-316 4.76836 1.53724 -2.35608 1.62122 0.185185 0.0205578 3.739 3.252 2.11143 0 -1.38753e-213 1.1133e-316 
 3.321 0.421 0.580768 1.18834e-75 1.11327e-316 4.77036 1.54024 0.982737 1.6038 0.169216 0.0189894 3.741 3.255 2.11143 0 -1.38753e-213 1.1133e-316 
 3.315 0.416 0.580768 1.18834e-75 1.11327e-316 4.77036 1.53724 -1.57122 1.6091 0.166759 0.0186521 3.741 3.252 2.11143 0 -1.38753e-213 1.1133e-316 
 3.315 0.395 0.580769 1.18834e-75 1.11327e-316 4.76935 1.53523 -2.03615 1.61805 0.185484 0.0206313 3.74 3.25 2.11143 0 -1.38753e-213 1.1133e-316 
 3.316 0.423 0.580771 1.18834e-75 1.11327e-316 4.78035 1.54823 0.868557 1.61756 0.164047 0.018253 3.751 3.263 2.11143 0 -1.38753e-213 1.1133e-316 
 3.324 0.424 0.58077 1.18834e-75 1.11327e-316 4.77535 1.54023 -2.12942 1.6037 0.164889 0.018505 3.746 3.255 2.11143 0 -1.38753e-213 1.1133e-316 
 3.302 0.394 0.580771 1.18834e-75 1.11327e-316 4.77435 1.53723 -1.89309 1.63241 0.175265 0.0193233 3.745 3.252 2.11143 0 -1.38753e-213 1.1133e-316 
 3.296 0.405 0.580771 1.18834e-75 1.11327e-316 4.77335 1.53623 -2.35585 1.6299 0.160391 0.0177112 3.744 3.251 2.11143 0 -1.38753e-213 1.1133e-316 
 3.306 0.396 0.580769 1.18834e-75 1.11327e-316 4.77436 1.53823 1.10585 1.62906 0.177211 0.0195782 3.745 3.253 2.11143 0 -1.38753e-213 1.1133e-316 
 3.304 0.387 0.58077 1.18834e-75 1.11327e-316 4.76735 1.53523 -2.73661 1.62854 0.186449 0.0206049 3.738 3.25 2.11143 0 -1.38753e-213 1.1133e-316 
 3.314 0.395 0.58077 1.18834e-75 1.11327e-316 4.77435 1.53823 0.404828 1.62385 0.18394 0.0203864 3.745 3.253 2.11142 0 -1.38753e-213 1.1133e-316 
 3.308 0.395 0.580769 1.18834e-75 1.11327e-316 4.77235 1.53623 -2.35622 1.62568 0.179163 0.0198348 3.743 3.251 2.11142 0 -1.38753e-213 1.1133e-316 
 3.313 0.42 0.58077 1.18834e-75 1.11327e-316 4.77235 1.53123 -1.57071 1.60689 0.154305 0.0172831 3.743 3.246 2.11142 0 -1.38753e-213 1.1133e-316 
 3.316 0.397 0.580769 1.18834e-75 1.11327e-316 4.76835 1.52823 -2.49808 1.61203 0.178443 0.0199223 3.739 3.243 2.11142 0 -1.38753e-213 1.1133e-316 
 3.317 0.404 0.58077 1.18834e-75 1.11327e-316 4.77434 1.53223 0.588053 1.61407 0.171963 0.0191748 3.745 3.247 2.11142 0 -1.38753e-213 1.1133e-316 
