 2.21 1.39 -0.0606095 2.00467e-76 1.70601e-316 2.38514 1.13835 -0.184984 0 0 0 2.238 0.352 -0.184984 0 -1.38753e-213 1.70604e-316 
 2.212 1.4 -0.0606102 2.00467e-76 1.70601e-316 2.38014 1.13835 -0.184984 0.19416 -1.24144 -0.523599 2.233 0.352 -0.184984 0 -1.38753e-213 1.70604e-316 
 2.216 1.383 -0.0606107 2.00467e-76 1.70601e-316 2.38614 1.13935 -0.184982 0.190853 -1.16862 -0.523599 2.239 0.353 -0.184982 0 -1.38753e-213 1.70604e-316 
 2.205 1.41 -0.060611 2.00467e-76 1.70601e-316 2.39114 1.14635 -0.184978 0.209381 -1.21504 -0.523599 2.244 0.36 -0.184978 0 -1.38753e-213 1.70604e-316 
 2.228 1.385 -0.0606124 2.00467e-76 1.70601e-316 2.39314 1.15135 -0.184976 0.184064 -1.13793 -0.523599 2.246 0.365 -0.184976 0 -1.38753e-213 1.70604e-316 
 2.217 1.399 -0.0606118 2.00467e-76 1.70601e-316 2.39414 1.14935 -0.184975 0.198206 -1.17899 -0.523599 2.247 0.363 -0.184975 0 -1.38753e-213 1.70604e-316 
 2.217 1.392 -0.0606122 2.00467e-76 1.70601e-316 2.39514 1.15635 -0.184978 0.195284 -1.12218 -0.523599 2.248 0.37 -0.184978 0 -1.38753e-213 1.70604e-316 
 2.215 1.384 -0.0606139 2.00467e-76 1.70601e-316 2.39414 1.15735 -0.184976 0.193755 -1.08397 -0.523599 2.247 0.371 -0.184976 0 -1.38753e-213 1.70604e-316 
 2.228 1.396 -0.060615 2.00467e-76 1.70601e-316 2.39614 1.15435 -0.184978 0.188673 -1.16443 -0.523599 2.249 0.368 -0.184978 0 -1.38753e-213 1.70604e-316 
 2.217 1.384 -0.0606141 2.00467e-76 1.70601e-316 2.40114 1.15535 -0.184981 0.198401 -1.08319 -0.523599 2.254 0.369 -0.184981 0 -1.38753e-213 1.70604e-316 
 2.238 1.391 -0.0606132 2.00467e-76 1.70601e-316 2.40214 1.15535 -0.184982 0.183781 -1.14786 -0.523599 2.255 0.369 -0.184982 0 -1.38753e-213 1.70604e-316 
 2.224 1.398 -0.0606131 2.00467e-76 1.70601e-316 2.39814 1.15735 -0.184983 0.193329 -1.14938 -0.523599 2.251 0.371 -0.184983 0 -1.38753e-213 1.70604e-316 
 2.214 1.386 -0.0606127 2.00467e-76 1.70601e-316 2.39915 1.15835 -0.184984 0.19897 -1.07735 -0.523599 2.252 0.372 -0.184984 0 -1.38753e-213 1.70604e-316 
 2.214 1.388 -0.0606123 2.00467e-76 1.70601e-316 2.40014 1.15935 -0.184982 0.200052 -1.07963 -0.523599 2.253 0.373 -0.184982 0 -1.38753e-213 1.70604e-316 
 2.219 1.393 -0.0606128 2.00467e-76 1.70601e-316 2.39414 1.15435 -0.184981 0.193615 -1.13962 -0.523599 2.247 0.368 -0.184981 0 -1.38753e-213 1.70604e-316 
 2.231 1.385 -0.0606126 2.00467e-76 1.70601e-316 2.39114 1.15935 -0.184982 0.177833 -1.11426 -0.523599 2.244 0.373 -0.184982 0 -1.38753e-213 1.70604e-316 
 2.223 1.377 -0.0606108 2.00467e-76 1.70601e-316 2.39314 1.16235 -0.184982 0.183241 -1.04998 -0.523599 2.246 0.376 -0.184982 0 -1.38753e-213 1.70604e-316 
 2.215 1.375 -0.0606097 2.00467e-76 1.70601e-316 2.39114 1.16335 -0.184983 0.187455 -1.02666 -0.523599 2.244 0.377 -0.184983 0 -1.38753e-213 1.70604e-316 
 2.218 1.398 -0.06061 2.00467e-76 1.70601e-316 2.38914 1.17135 -0.184984 0.187161 -1.09836 -0.523599 2.242 0.385 -0.184984 0 -1.38753e-213 1.70604e-316 
 2.225 1.365 -0.0606117 2.00467e-76 1.70601e-316 2.39314 1.17235 -0.184984 0.176131 -0.957341 -0.523599 2.246 0.386 -0.184984 0 -1.38753e-213 1.70604e-316 
 2.216 1.377 -0.0606128 2.00467e-76 1.70601e-316 2.38315 1.17035 -0.184986 0.178739 -1.0209 -0.523599 2.236 0.384 -0.184986 0 -1.38753e-213 1.70604e-316 
 2.206 1.387 -0.060612 2.00467e-76 1.70601e-316 2.37115 1.17235 -0.184986 0.179106 -1.05887 -0.523599 2.224 0.386 -0.184986 0 -1.38753e-213 1.70604e-316 
 2.238 1.382 -0.0606101 2.00467e-76 1.70601e-316 2.37415 1.17335 -0.184986 0.153572 -1.08532 -0.523599 2.227 0.387 -0.184986 0 -1.38753e-213 1.70604e-316 
 2.198 1.359 -0.0606092 2.00467e-76 1.70601e-316 2.37614 1.17935 -0.184983 0.181447 -0.881899 -0.523599 2.229 0.393 -0.184983 0 -1.38753e-213 1.70604e-316 
 2.207 1.379 -0.06061 2.00467e-76 1.70601e-316 2.37914 1.17935 -0.184982 0.18116 -0.981638 -0.523599 2.232 0.393 -0.184982 0 -1.38753e-213 1.70604e-316 
 2.204 1.385 -0.0606094 2.00467e-76 1.70601e-316 2.38614 1.18535 -0.184981 0.189488 -0.964654 -0.523599 2.239 0.399 -0.184981 0 -1.38753e-213 1.70604e-316 
 2.208 1.391 -0.0606108 2.00467e-76 1.70601e-316 2.38614 1.19435 -0.184982 0.185433 -0.958243 -0.523599 2.239 0.408 -0.184982 0 -1.38753e-213 1.70604e-316 
 2.203 1.377 -0.0606125 2.00467e-76 1.70601e-316 2.38814 1.19035 -0.184984 0.188923 -0.902269 -0.523599 2.241 0.404 -0.184984 0 -1.38753e-213 1.70604e-316 
 2.204 1.388 -0.060612 2.00467e-76 1.70601e-316 2.39114 1.18735 -0.184982 0.193897 -0.960593 -0.523599 2.244 0.401 -0.184982 0 -1.38753e-213 1.70604e-316 
 2.201 1.387 -0.0606122 2.00467e-76 1.70601e-316 2.38915 1.18035 -0.184985 0.196186 -0.984685 -0.523599 2.242 0.394 -0.184985 0 -1.38753e-213 1.70604e-316 
 2.225 1.392 -0.0606103 2.00467e-76 1.70601e-316 2.38615 1.17235 -0.184987 0.17709 -1.08729 -0.523599 2.239 0.386 -0.184987 0 -1.38753e-213 1.70604e-316 
 2.213 1.402 -0.0606109 2.00467e-76 1.70601e-316 2.38315 1.17235 -0.184987 0.187125 -1.11247 -0.523599 2.236 0.386 -0.184987 0 -1.38753e-213 1.70604e-316 
 2.222 1.393 -0.060611 2.00467e-76 1.70601e-316 2.38515 1.16835 -0.18499 0.180047 -1.10461 -0.523599 2.238 0.382 -0.18499 0 -1.38753e-213 1.70604e-316 
 2.224 1.382 -0.0606115 2.00467e-76 1.70601e-316 2.39315 1.16835 -0.184993 0.182167 -1.04749 -0.523599 2.246 0.382 -0.184993 0 -1.38753e-213 1.70604e-316 
 2.214 1.374 -0.0606117 2.00467e-76 1.70601e-316 2.38415 1.17035 -0.18499 0.180486 -1.0026 -0.523599 2.237 0.384 -0.18499 0 -1.38753e-213 1.70604e-316 
 2.204 1.385 -0.0606108 2.00467e-76 1.70601e-316 2.38615 1.17935 -0.18499 0.190955 -0.990615 -0.523599 2.239 0.393 -0.18499 0 -1.38753e-213 1.70604e-316 
 2.207 1.39 -0.0606096 2.00467e-76 1.70601e-316 2.38415 1.17435 -0.18499 0.189296 -1.04184 -0.523599 2.237 0.388 -0.18499 0 -1.38753e-213 1.70604e-316 
 2.219 1.391 -0.0606092 2.00467e-76 1.70601e-316 2.38015 1.17435 -0.184989 0.176314 -1.07457 -0.523599 2.233 0.388 -0.184989 0 -1.38753e-213 1.70604e-316 
 2.207 1.371 -0.0606084 2.00467e-76 1.70601e-316 2.38415 1.16635 -0.18499 0.186551 -0.994873 -0.523599 2.237 0.38 -0.18499 0 -1.38753e-213 1.70604e-316 
 2.219 1.376 -0.0606102 2.00467e-76 1.70601e-316 2.39015 1.17335 -0.184989 0.181069 -0.996508 -0.523599 2.243 0.387 -0.184989 0 -1.38753e-213 1.70604e-316 
 2.226 1.388 -0.0606113 2.00467e-76 1.70601e-316 2.39315 1.17435 -0.184988 0.180507 -1.05104 -0.523599 2.246 0.388 -0.184988 0 -1.38753e-213 1.70604e-316 
 2.208 1.366 -0.0606124 2.00467e-76 1.70601e-316 2.38715 1.17635 -0.184988 0.184606 -0.925501 -0.523599 2.24 0.39 -0.184988 0 -1.38753e-213 1.70604e-316 
 2.219 1.366 -0.0606124 2.00467e-76 1.70601e-316 2.39315 1.17235 -0.184988 0.18138 -0.951682 -0.523599 2.246 0.386 -0.184988 0 -1.38753e-213 1.70604e-316 
 2.228 1.374 -0.0606122 2.00467e-76 1.70601e-316 2.38915 1.17635 -0.18499 0.171521 -0.991716 -0.523599 2.242 0.39 -0.18499 0 -1.38753e-213 1.70604e-316 
 2.222 1.379 -0.0713603 2.00467e-76 1.70601e-316 2.38315 1.17335 -0.184989 0.174901 -1.01557 -0.523599 2.236 0.387 -0.184989 0 -1.38753e-213 1.70604e-316 
 2.23 1.385 -0.146806 2.00467e-76 1.70601e-316 2.38904 1.16247 -0.177229 0.187765 -1.00857 -0.523599 2.248 0.375 -0.177229 0 -1.38753e-213 1.70604e-316 
 2.248 1.392 -0.251481 2.00467e-76 1.70601e-316 2.39424 1.16745 -0.154664 0.191211 -0.927581 -0.523599 2.271 0.377 -0.154664 0 -1.38753e-213 1.70604e-316 
 2.272 1.411 -0.35382 2.00467e-76 1.70601e-316 2.38637 1.18305 -0.122011 0.180394 -0.911528 -0.523599 2.289 0.389 -0.122011 0 -1.38753e-213 1.70604e-316 
 2.301 1.385 -0.450212 2.00467e-76 1.70601e-316 2.39837 1.19172 -0.0905806 0.160928 -0.722808 -0.523599 2.326 0.395 -0.0905806 0 -1.38753e-213 1.70604e-316 
 2.332 1.409 -0.542904 2.00467e-76 1.70601e-316 2.40625 1.21202 -0.0703727 0.155197 -0.723159 -0.523599 2.35 0.414 -0.0703727 0 -1.38753e-213 1.70604e-316 
 2.34 1.441 -0.618332 2.00467e-76 1.70601e-316 2.41782 1.19732 -0.0648145 0.192524 -0.791029 -0.523599 2.366 0.399 -0.0648145 0 -1.38753e-213 1.70604e-316 
 2.344 1.444 -0.694797 2.00467e-76 1.70601e-316 2.45329 1.20129 -0.0654101 0.217161 -0.57948 -0.447778 2.401 0.403 -0.0654101 0 -1.38753e-213 1.70604e-316 
 2.318 1.417 -0.775004 2.00467e-76 1.70601e-316 2.48468 1.21333 -0.0646395 0.229891 -0.141803 -0.110576 2.433 0.415 -0.0646395 0 -1.38753e-213 1.70604e-316 
 2.337 1.399 -0.833077 2.00467e-76 1.70601e-316 2.49032 1.21288 -0.0529232 0.211339 -0.0596085 -0.0507257 2.448 0.414 -0.0529232 0 -1.38753e-213 1.70604e-316 
 2.37 1.405 -0.842408 2.00467e-76 1.70601e-316 2.50437 1.2113 -0.0417266 0.2057 -0.147125 -0.128039 2.471 0.412 -0.0417266 0 -1.38753e-213 1.70604e-316 
 2.4 1.388 -0.848385 2.00467e-76 1.70601e-316 2.51746 1.20268 -0.0280841 0.190745 -0.181528 -0.169655 2.495 0.403 -0.0280841 0 -1.38753e-213 1.70604e-316 
 2.399 1.369 -0.86435 2.00467e-76 1.70601e-316 2.53054 1.19499 -0.00442992 0.191097 -0.0680344 -0.0639963 2.527 0.395 -0.00442992 0 -1.38753e-213 1.70604e-316 
 2.367 1.336 -0.883119 2.00467e-76 1.70601e-316 2.53973 1.21079 0.0228432 0.182714 0.288735 0.277126 2.558 0.411 0.0228432 0 -1.38753e-213 1.70604e-316 
 2.401 1.316 -0.882954 2.00467e-76 1.70601e-316 2.56309 1.2291 0.0474064 0.15216 0.395999 0.438093 2.601 0.43 0.0474064 0 -1.38753e-213 1.70604e-316 
 2.424 1.322 -0.877934 2.00467e-76 1.70601e-316 2.58819 1.22032 0.0648039 0.162876 0.340426 0.359837 2.64 0.422 0.0648039 0 -1.38753e-213 1.70604e-316 
 2.435 1.258 -0.853201 2.00467e-76 1.70601e-316 2.61651 1.22571 0.0756817 0.134409 0.66875 0.523599 2.677 0.428 0.0756817 0 -1.38753e-213 1.70604e-316 
 2.431 1.232 -0.813358 2.00467e-76 1.70601e-316 2.64404 1.22893 0.0875644 0.144483 0.858059 0.523599 2.714 0.432 0.0875644 0 -1.38753e-213 1.70604e-316 
 2.47 1.268 -0.744138 2.00467e-76 1.70601e-316 2.66942 1.23193 0.1009 0.157188 0.60346 0.523599 2.75 0.436 0.1009 0 -1.38753e-213 1.70604e-316 
 2.496 1.285 -0.658942 2.00467e-76 1.70601e-316 2.69474 1.25355 0.116841 0.160332 0.53647 0.523599 2.788 0.459 0.116841 0 -1.38753e-213 1.70604e-316 
 2.517 1.277 -0.598566 2.00467e-76 1.70601e-316 2.72531 1.27125 0.129975 0.161342 0.620839 0.523599 2.829 0.478 0.129975 0 -1.38753e-213 1.70604e-316 
 2.525 1.245 -0.545293 2.00467e-76 1.70601e-316 2.75315 1.276 0.141539 0.169154 0.78051 0.523599 2.866 0.484 0.141539 0 -1.38753e-213 1.70604e-316 
 2.509 1.244 -0.483002 2.00467e-76 1.70601e-316 2.77831 1.27044 0.146383 0.210219 0.742746 0.523599 2.895 0.479 0.146383 0 -1.38753e-213 1.70604e-316 
 2.505 1.213 -0.407358 2.00467e-76 1.70601e-316 2.80938 1.27908 0.157673 0.238646 0.855118 0.523599 2.935 0.489 0.157673 0 -1.38753e-213 1.70604e-316 
 2.524 1.235 -0.334122 2.00467e-76 1.70601e-316 2.83411 1.30932 0.178311 0.250135 0.797168 0.52082 2.976 0.522 0.178311 0 -1.38753e-213 1.70604e-316 
 2.556 1.203 -0.251303 2.00467e-76 1.70601e-316 2.87028 1.3355 0.197172 0.25853 0.934863 0.523599 3.027 0.551 0.197172 0 -1.38753e-213 1.70604e-316 
 2.536 1.2 -0.170411 2.00467e-76 1.70601e-316 2.94978 1.40217 0.205471 0.356356 1.02488 0.477692 3.113 0.619 0.205471 0 -1.38753e-213 1.70604e-316 
 2.548 1.201 -0.0779006 2.00467e-76 1.70601e-316 2.99579 1.41159 0.202899 0.399562 0.879139 0.377093 3.157 0.628 0.202899 0 -1.38753e-213 1.70604e-316 
 2.581 1.202 0.0139743 2.00467e-76 1.70601e-316 2.96075 1.31938 0.191475 0.339835 0.451887 0.23493 3.113 0.534 0.191475 0 -1.38753e-213 1.70604e-316 
 2.642 1.204 0.0907974 2.00467e-76 1.70601e-316 2.99258 1.3233 0.18534 0.319074 0.364099 0.202583 3.14 0.537 0.18534 0 -1.38753e-213 1.70604e-316 
 2.677 1.15 0.139036 2.00467e-76 1.70601e-316 2.98738 1.31588 0.207252 0.29652 0.52481 0.308415 3.152 0.533 0.207252 0 -1.38753e-213 1.70604e-316 
 2.717 1.101 0.174382 2.00467e-76 1.70601e-316 2.93295 1.27358 0.252746 0.222029 0.651385 0.485859 3.133 0.499 0.252746 0 -1.38753e-213 1.70604e-316 
 2.752 1.171 0.22675 2.00467e-76 1.70601e-316 2.90768 1.26536 0.303802 0.15365 0.321526 0.36023 3.147 0.502 0.303802 0 -1.38753e-213 1.70604e-316 
 2.772 1.182 0.292719 2.00467e-76 1.70601e-316 2.89645 1.27157 0.356972 0.128789 0.295235 0.391348 3.176 0.522 0.356972 0 -1.38753e-213 1.70604e-316 
 2.809 1.187 0.326667 2.00467e-76 1.70601e-316 2.90191 1.29033 0.404835 0.109369 0.417164 0.523599 3.217 0.555 0.404835 0 -1.38753e-213 1.70604e-316 
 2.78 1.157 0.355999 2.00467e-76 1.70601e-316 2.91813 1.29662 0.434638 0.160359 0.459506 0.476197 3.255 0.571 0.434638 0 -1.38753e-213 1.70604e-316 
 2.774 1.169 0.396824 2.00467e-76 1.70601e-316 2.93518 1.30697 0.45396 0.179609 0.348972 0.336435 3.286 0.588 0.45396 0 -1.38753e-213 1.70604e-316 
 2.777 1.162 0.441472 2.00467e-76 1.70601e-316 2.95227 1.31853 0.471999 0.200126 0.344546 0.300512 3.316 0.606 0.471999 0 -1.38753e-213 1.70604e-316 
 2.824 1.179 0.476805 2.00467e-76 1.70601e-316 2.95655 1.32889 0.489934 0.166744 0.397714 0.405535 3.333 0.623 0.489934 0 -1.38753e-213 1.70604e-316 
 2.88 1.174 0.511015 2.00467e-76 1.70601e-316 2.97404 1.34664 0.506302 0.152647 0.586923 0.523599 3.362 0.647 0.506302 0 -1.38753e-213 1.70604e-316 
 2.924 1.163 0.554223 2.00467e-76 1.70601e-316 2.99349 1.36696 0.515698 0.157131 0.755508 0.523599 3.388 0.671 0.515698 0 -1.38753e-213 1.70604e-316 
 2.941 1.205 0.613044 2.00467e-76 1.70601e-316 3.00922 1.37695 0.523285 0.142096 0.580619 0.523599 3.409 0.684 0.523285 0 -1.38753e-213 1.70604e-316 
 2.918 1.185 0.68328 2.00467e-76 1.70601e-316 3.04259 1.38742 0.527082 0.200249 0.404303 0.348581 3.445 0.696 0.527082 0 -1.38753e-213 1.70604e-316 
 2.923 1.224 0.740594 2.00467e-76 1.70601e-316 3.071 1.40154 0.536642 0.201431 0.161305 0.143157 3.48 0.714 0.536642 0 -1.38753e-213 1.70604e-316 
 2.92 1.24 0.776613 2.00467e-76 1.70601e-316 3.10088 1.41904 0.549954 0.223239 0.00463929 0.0037407 3.519 0.737 0.549954 0 -1.38753e-213 1.70604e-316 
 2.917 1.253 0.790287 2.00467e-76 1.70601e-316 3.12033 1.42646 0.565504 0.233864 -0.109343 -0.0839612 3.549 0.751 0.565504 0 -1.38753e-213 1.70604e-316 
 2.944 1.243 0.791618 2.00467e-76 1.70601e-316 3.12911 1.44088 0.585199 0.237618 0.0355968 0.0269587 3.571 0.774 0.585199 0 -1.38753e-213 1.70604e-316 
 2.977 1.277 0.790445 2.00467e-76 1.70601e-316 3.1299 1.45725 0.606652 0.206899 0.0929777 0.0807139 3.586 0.8 0.606652 0 -1.38753e-213 1.70604e-316 
 3.007 1.298 0.791765 2.00467e-76 1.70601e-316 3.1345 1.48019 0.624108 0.193078 0.195769 0.180522 3.602 0.831 0.624108 0 -1.38753e-213 1.70604e-316 
 3.031 1.324 0.798057 2.00467e-76 1.70601e-316 3.15333 1.4949 0.628994 0.18282 0.169825 0.165672 3.624 0.848 0.628994 0 -1.38753e-213 1.70604e-316 
 3.049 1.335 0.816474 2.00467e-76 1.70601e-316 3.16911 1.509 0.630896 0.183942 0.169035 0.163928 3.641 0.863 0.630896 0 -1.38753e-213 1.70604e-316 
 3.059 1.373 0.833178 2.00467e-76 1.70601e-316 3.19292 1.5204 0.634277 0.174688 9.44097e-05 9.72803e-05 3.667 0.876 0.634277 0 -1.38753e-213 1.70604e-316 
 3.074 1.373 0.847419 2.00467e-76 1.70601e-316 3.21414 1.53509 0.637042 0.187942 0.0118934 0.0113903 3.69 0.892 0.637042 0 -1.38753e-213 1.70604e-316 
 3.08 1.368 0.847544 2.00467e-76 1.70601e-316 3.23253 1.54862 0.650504 0.207333 0.0266064 0.0230948 3.717 0.912 0.650504 0 -1.38753e-213 1.70604e-316 
 3.084 1.388 0.849753 2.00467e-76 1.70601e-316 3.24526 1.56268 0.66673 0.208488 -0.0296941 -0.0256311 3.74 0.934 0.66673 0 -1.38753e-213 1.70604e-316 
 3.078 1.386 0.85266 2.00467e-76 1.70601e-316 3.26449 1.57186 0.682373 0.230573 -0.088989 -0.0693591 3.769 0.951 0.682373 0 -1.38753e-213 1.70604e-316 
 3.119 1.412 0.852866 2.00467e-76 1.70601e-316 3.27796 1.58916 0.699453 0.208765 -0.0162737 -0.0140305 3.793 0.977 0.699453 0 -1.38753e-213 1.70604e-316 
 3.158 1.394 0.852429 2.00467e-76 1.70601e-316 3.28495 1.61472 0.717584 0.220366 0.24795 0.199828 3.811 1.012 0.717584 0 -1.38753e-213 1.70604e-316 
 3.177 1.449 0.854295 2.00467e-76 1.70601e-316 3.30863 1.62845 0.733156 0.194723 0.0974553 0.0898443 3.844 1.034 0.733156 0 -1.38753e-213 1.70604e-316 
 3.158 1.46 0.868859 2.00467e-76 1.70601e-316 3.33117 1.63465 0.745774 0.215261 -0.0981656 -0.0819018 3.874 1.047 0.745774 0 -1.38753e-213 1.70604e-316 
 3.182 1.478 0.875071 2.00467e-76 1.70601e-316 3.354 1.63205 0.761493 0.201032 -0.172316 -0.153082 3.906 1.053 0.761493 0 -1.38753e-213 1.70604e-316 
 3.197 1.475 0.873782 2.00467e-76 1.70601e-316 3.36995 1.62632 0.787816 0.199854 -0.184012 -0.164239 3.937 1.062 0.787816 0 -1.38753e-213 1.70604e-316 
 3.193 1.491 0.870076 2.00467e-76 1.70601e-316 3.37477 1.62544 0.820583 0.194472 -0.273438 -0.247885 3.96 1.08 0.820583 0 -1.38753e-213 1.70604e-316 
 3.202 1.512 0.865154 2.00467e-76 1.70601e-316 3.36556 1.62959 0.862243 0.172921 -0.262875 -0.267098 3.973 1.109 0.862243 0 -1.38753e-213 1.70604e-316 
 3.242 1.51 0.846023 2.00467e-76 1.70601e-316 3.35935 1.63481 0.895973 0.150214 -0.0291207 -0.0348809 3.984 1.135 0.895973 0 -1.38753e-213 1.70604e-316 
 3.233 1.529 0.818899 2.00467e-76 1.70601e-316 3.3324 1.6638 0.936947 0.146149 0.111841 0.136884 3.977 1.19 0.936947 0 -1.38753e-213 1.70604e-316 
 3.265 1.553 0.816464 2.00467e-76 1.70601e-316 3.34705 1.68643 0.948328 0.135211 0.18511 0.241614 3.997 1.22 0.948328 0 -1.38753e-213 1.70604e-316 
 3.266 1.569 0.818317 2.00467e-76 1.70601e-316 3.36358 1.72238 0.95149 0.157392 0.188734 0.212583 4.015 1.258 0.95149 0 -1.38753e-213 1.70604e-316 
 3.269 1.583 0.8221 2.00467e-76 1.70601e-316 3.37837 1.74909 0.951927 0.172669 0.179753 0.185237 4.03 1.285 0.951927 0 -1.38753e-213 1.70604e-316 
 3.279 1.594 0.82949 2.00467e-76 1.70601e-316 3.39404 1.77763 0.952636 0.187819 0.207578 0.196373 4.046 1.314 0.952636 0 -1.38753e-213 1.70604e-316 
 3.292 1.591 0.843395 2.00467e-76 1.70601e-316 3.40936 1.79808 0.951946 0.205498 0.256569 0.221062 4.061 1.334 0.951946 0 -1.38753e-213 1.70604e-316 
 3.337 1.6 0.863397 2.00467e-76 1.70601e-316 3.42256 1.82435 0.951528 0.201944 0.415502 0.354689 4.074 1.36 0.951528 0 -1.38753e-213 1.70604e-316 
 3.331 1.622 0.889749 2.00467e-76 1.70601e-316 3.43908 1.84768 0.952559 0.215304 0.292511 0.23984 4.091 1.384 0.952559 0 -1.38753e-213 1.70604e-316 
 3.326 1.668 0.932465 2.00467e-76 1.70601e-316 3.45597 1.88311 0.954959 0.219766 0.119067 0.0972153 4.109 1.421 0.954959 0 -1.38753e-213 1.70604e-316 
 3.33 1.668 0.960387 2.00467e-76 1.70601e-316 3.47842 1.90433 0.956154 0.244584 0.0662621 0.0487266 4.132 1.443 0.956154 0 -1.38753e-213 1.70604e-316 
 3.332 1.674 0.968998 2.00467e-76 1.70601e-316 3.50028 1.92529 0.960796 0.26527 0.0163497 0.0110937 4.156 1.467 0.960796 0 -1.38753e-213 1.70604e-316 
 3.344 1.684 0.975063 2.00467e-76 1.70601e-316 3.51959 1.93641 0.966702 0.269692 -0.0169549 -0.0113157 4.178 1.482 0.966702 0 -1.38753e-213 1.70604e-316 
 3.373 1.711 0.977542 2.00467e-76 1.70601e-316 3.53156 1.951 0.991423 0.252301 0.0127973 0.00912974 4.201 1.513 0.991423 0 -1.38753e-213 1.70604e-316 
 3.399 1.723 0.97827 2.00467e-76 1.70601e-316 3.53843 1.96925 1.02211 0.247721 0.103951 0.0753904 4.221 1.552 1.02211 0 -1.38753e-213 1.70604e-316 
 3.406 1.771 0.980929 2.00467e-76 1.70601e-316 3.54128 1.9717 1.05196 0.212301 -0.00398108 -0.00337537 4.236 1.575 1.05196 0 -1.38753e-213 1.70604e-316 
 3.439 1.803 0.989037 2.00467e-76 1.70601e-316 3.54778 1.97084 1.08173 0.175439 0.00728615 0.00747542 4.254 1.595 1.08173 0 -1.38753e-213 1.70604e-316 
 3.462 1.814 0.991235 2.00467e-76 1.70601e-316 3.55155 1.98093 1.11251 0.165696 0.0912859 0.0988433 4.269 1.627 1.11251 0 -1.38753e-213 1.70604e-316 
 3.468 1.812 0.992473 2.00467e-76 1.70601e-316 3.55167 1.98652 1.15036 0.168688 0.139382 0.147646 4.282 1.66 1.15036 0 -1.38753e-213 1.70604e-316 
 3.463 1.835 1.00063 2.00467e-76 1.70601e-316 3.54806 1.98521 1.18746 0.151247 0.0539061 0.064066 4.29 1.686 1.18746 0 -1.38753e-213 1.70604e-316 
 3.494 1.823 1.01388 2.00467e-76 1.70601e-316 3.53996 2.00629 1.21551 0.15981 0.322881 0.348803 4.29 1.728 1.21551 0 -1.38753e-213 1.70604e-316 
 3.503 1.853 1.02336 2.00467e-76 1.70601e-316 3.53521 2.03526 1.23679 0.153984 0.379587 0.417619 4.291 1.773 1.23679 0 -1.38753e-213 1.70604e-316 
 3.479 1.881 1.05761 2.00467e-76 1.70601e-316 3.53052 2.05638 1.2472 0.157243 0.231502 0.259051 4.289 1.802 1.2472 0 -1.38753e-213 1.70604e-316 
 3.517 1.896 1.09466 2.00467e-76 1.70601e-316 3.55208 2.07998 1.25694 0.159241 0.297048 0.323943 4.313 1.833 1.25694 0 -1.38753e-213 1.70604e-316 
 3.531 1.908 1.11652 2.00467e-76 1.70601e-316 3.573 2.12164 1.26133 0.186354 0.297399 0.279728 4.335 1.878 1.26133 0 -1.38753e-213 1.70604e-316 
 3.534 1.919 1.14633 2.00467e-76 1.70601e-316 3.56675 2.15648 1.27071 0.2042 0.348705 0.298213 4.331 1.92 1.27071 0 -1.38753e-213 1.70604e-316 
 3.552 1.939 1.17578 2.00467e-76 1.70601e-316 3.57022 2.18174 1.28604 0.205889 0.391418 0.329708 4.338 1.957 1.28604 0 -1.38753e-213 1.70604e-316 
 3.552 1.93 1.21146 2.00467e-76 1.70601e-316 3.5963 2.18953 1.29931 0.22808 0.244994 0.190991 4.367 1.975 1.29931 0 -1.38753e-213 1.70604e-316 
 3.558 1.938 1.25121 2.00467e-76 1.70601e-316 3.61432 2.20654 1.31355 0.239634 0.149023 0.111474 4.388 2.003 1.31355 0 -1.38753e-213 1.70604e-316 
 3.579 1.952 1.27361 2.00467e-76 1.70601e-316 3.61641 2.23186 1.3389 0.245411 0.220256 0.160165 4.395 2.048 1.3389 0 -1.38753e-213 1.70604e-316 
 3.586 1.989 1.28755 2.00467e-76 1.70601e-316 3.61045 2.23745 1.37397 0.216373 0.231093 0.189928 4.395 2.081 1.37397 0 -1.38753e-213 1.70604e-316 
 3.591 2.018 1.30997 2.00467e-76 1.70601e-316 3.60353 2.24238 1.40836 0.194175 0.239683 0.218635 4.393 2.113 1.40836 0 -1.38753e-213 1.70604e-316 
 3.62 2.047 1.33366 2.00467e-76 1.70601e-316 3.59868 2.24858 1.43213 0.170207 0.372076 0.374878 4.391 2.138 1.43213 0 -1.38753e-213 1.70604e-316 
 3.595 2.047 1.36171 2.00467e-76 1.70601e-316 3.59062 2.25764 1.45222 0.181271 0.257562 0.250388 4.385 2.163 1.45222 0 -1.38753e-213 1.70604e-316 
 3.609 2.047 1.39751 2.00467e-76 1.70601e-316 3.57959 2.27555 1.46366 0.195639 0.356432 0.316888 4.375 2.19 1.46366 0 -1.38753e-213 1.70604e-316 
 3.649 2.096 1.42206 2.00467e-76 1.70601e-316 3.58601 2.30201 1.47061 0.175528 0.500415 0.474124 4.382 2.222 1.47061 0 -1.38753e-213 1.70604e-316 
 3.612 2.156 1.46089 2.00467e-76 1.70601e-316 3.59864 2.3362 1.4754 0.156488 0.185976 0.210742 4.395 2.26 1.4754 0 -1.38753e-213 1.70604e-316 
 3.641 2.174 1.51026 2.00467e-76 1.70601e-316 3.59515 2.36989 1.48206 0.171039 0.314811 0.319923 4.392 2.299 1.48206 0 -1.38753e-213 1.70604e-316 
 3.654 2.133 1.52735 2.00467e-76 1.70601e-316 3.59143 2.38236 1.49277 0.219011 0.36602 0.292212 4.389 2.32 1.49277 0 -1.38753e-213 1.70604e-316 
 3.671 2.143 1.55983 2.00467e-76 1.70601e-316 3.5959 2.43007 1.50191 0.254116 0.366459 0.253971 4.394 2.375 1.50191 0 -1.38753e-213 1.70604e-316 
 3.651 2.15 1.59633 2.00467e-76 1.70601e-316 3.59835 2.45048 1.51266 0.265651 0.20688 0.13927 4.397 2.404 1.51266 0 -1.38753e-213 1.70604e-316 
 3.627 2.188 1.63138 2.00467e-76 1.70601e-316 3.58866 2.4625 1.53015 0.242617 0.103906 0.076937 4.388 2.43 1.53015 0 -1.38753e-213 1.70604e-316 
 3.602 2.249 1.65078 2.00467e-76 1.70601e-316 3.58719 2.47341 1.54903 0.197257 -0.0165276 -0.0150805 4.387 2.456 1.54903 0 -1.38753e-213 1.70604e-316 
 3.582 2.278 1.65951 2.00467e-76 1.70601e-316 3.59906 2.49478 1.55857 0.188825 -0.191653 -0.180703 4.399 2.485 1.55857 0 -1.38753e-213 1.70604e-316 
 3.598 2.306 1.65939 2.00467e-76 1.70601e-316 3.591 2.52538 1.57032 0.192306 -0.0654813 -0.0612146 4.391 2.525 1.57032 0 -1.38753e-213 1.70604e-316 
 3.603 2.318 1.65705 2.00467e-76 1.70601e-316 3.59315 2.53768 1.58994 0.19277 -0.0479185 -0.0447142 4.393 2.553 1.58994 0 -1.38753e-213 1.70604e-316 
 3.602 2.33 1.65479 2.00467e-76 1.70601e-316 3.60254 2.56975 1.60737 0.209745 -0.105221 -0.0900548 4.402 2.599 1.60737 0 -1.38753e-213 1.70604e-316 
 3.602 2.363 1.65263 2.00467e-76 1.70601e-316 3.60012 2.60265 1.62376 0.209812 -0.0902951 -0.0773107 4.399 2.645 1.62376 0 -1.38753e-213 1.70604e-316 
 3.609 2.354 1.6484 2.00467e-76 1.70601e-316 3.58926 2.60785 1.64605 0.223338 -1.8819e-05 -1.51673e-05 4.387 2.668 1.64605 0 -1.38753e-213 1.70604e-316 
 3.625 2.366 1.64327 2.00467e-76 1.70601e-316 3.58405 2.61965 1.6714 0.224774 0.111437 0.0890034 4.38 2.7 1.6714 0 -1.38753e-213 1.70604e-316 
 3.62 2.397 1.64374 2.00467e-76 1.70601e-316 3.59086 2.63632 1.69194 0.211299 0.0590445 0.0502561 4.385 2.733 1.69194 0 -1.38753e-213 1.70604e-316 
 3.614 2.426 1.64461 2.00467e-76 1.70601e-316 3.58106 2.67273 1.71286 0.218078 0.0735599 0.0606414 4.373 2.786 1.71286 0 -1.38753e-213 1.70604e-316 
 3.589 2.444 1.64545 2.00467e-76 1.70601e-316 3.56257 2.69839 1.73352 0.224278 0.036651 0.0294068 4.352 2.828 1.73352 0 -1.38753e-213 1.70604e-316 
 3.61 2.477 1.64689 2.00467e-76 1.70601e-316 3.53097 2.72554 1.75109 0.22455 0.296418 0.233283 4.318 2.869 1.75109 0 -1.38753e-213 1.70604e-316 
 3.618 2.501 1.6492 2.00467e-76 1.70601e-316 3.50853 2.76022 1.76168 0.238246 0.427408 0.312346 4.294 2.912 1.76168 0 -1.38753e-213 1.70604e-316 
 3.619 2.519 1.67414 2.00467e-76 1.70601e-316 3.50096 2.78801 1.76449 0.249424 0.422849 0.296179 4.286 2.942 1.76449 0 -1.38753e-213 1.70604e-316 
 3.604 2.555 1.7178 2.00467e-76 1.70601e-316 3.496 2.7988 1.76476 0.228074 0.349269 0.268969 4.281 2.953 1.76476 0 -1.38753e-213 1.70604e-316 
 3.597 2.574 1.75938 2.00467e-76 1.70601e-316 3.4582 2.85779 1.76605 0.270674 0.377986 0.246261 4.243 3.013 1.76605 0 -1.38753e-213 1.70604e-316 
 3.597 2.611 1.79386 2.00467e-76 1.70601e-316 3.45836 2.88997 1.76709 0.268161 0.335925 0.221776 4.243 3.046 1.76709 0 -1.38753e-213 1.70604e-316 
 3.606 2.625 1.82986 2.00467e-76 1.70601e-316 3.45325 2.92755 1.76635 0.293132 0.30716 0.186424 4.238 3.083 1.76635 0 -1.38753e-213 1.70604e-316 
 3.588 2.649 1.86321 2.00467e-76 1.70601e-316 3.44948 2.9424 1.76782 0.282555 0.214678 0.135916 4.234 3.099 1.76782 0 -1.38753e-213 1.70604e-316 
 3.601 2.701 1.89031 2.00467e-76 1.70601e-316 3.44649 2.98343 1.77416 0.279369 0.260244 0.166132 4.23 3.145 1.77416 0 -1.38753e-213 1.70604e-316 
 3.593 2.693 1.91126 2.00467e-76 1.70601e-316 3.45501 2.98662 1.78926 0.283666 0.142847 0.0903963 4.236 3.16 1.78926 0 -1.38753e-213 1.70604e-316 
 3.588 2.712 1.93492 2.00467e-76 1.70601e-316 3.46992 2.96885 1.81594 0.24759 0.0897656 0.0651679 4.246 3.163 1.81594 0 -1.38753e-213 1.70604e-316 
 3.572 2.769 1.94802 2.00467e-76 1.70601e-316 3.476 2.966 1.85459 0.191823 0.0879281 0.0823224 4.244 3.19 1.85459 0 -1.38753e-213 1.70604e-316 
 3.549 2.802 1.95721 2.00467e-76 1.70601e-316 3.47537 2.96406 1.89381 0.156039 0.0401556 0.0462887 4.234 3.218 1.89381 0 -1.38753e-213 1.70604e-316 
 3.544 2.818 1.96554 2.00467e-76 1.70601e-316 3.47134 2.9584 1.93451 0.138301 0.0762877 0.0989649 4.219 3.243 1.93451 0 -1.38753e-213 1.70604e-316 
 3.519 2.843 1.97131 2.00467e-76 1.70601e-316 3.46191 2.96941 1.9668 0.121638 0.0197652 0.0292401 4.2 3.278 1.9668 0 -1.38753e-213 1.70604e-316 
 3.5 2.841 1.97872 2.00467e-76 1.70601e-316 3.44525 2.98343 1.98993 0.133757 -0.0367098 -0.0493611 4.176 3.309 1.98993 0 -1.38753e-213 1.70604e-316 
 3.513 2.853 1.98002 2.00467e-76 1.70601e-316 3.44052 3.00469 2.00881 0.147388 0.0351732 0.0429295 4.165 3.344 2.00881 0 -1.38753e-213 1.70604e-316 
 3.529 2.86 1.97971 2.00467e-76 1.70601e-316 3.42755 3.0311 2.02626 0.173458 0.13659 0.140804 4.146 3.383 2.02626 0 -1.38753e-213 1.70604e-316 
 3.542 2.907 1.98341 2.00467e-76 1.70601e-316 3.41798 3.05027 2.0442 0.160642 0.312929 0.337243 4.13 3.415 2.0442 0 -1.38753e-213 1.70604e-316 
 3.521 2.913 1.99668 2.00467e-76 1.70601e-316 3.41847 3.04814 2.06698 0.145981 0.215425 0.259631 4.122 3.429 2.06698 0 -1.38753e-213 1.70604e-316 
 3.524 2.919 2.02809 2.00467e-76 1.70601e-316 3.41883 3.05409 2.0885 0.147796 0.198587 0.237301 4.114 3.45 2.0885 0 -1.38753e-213 1.70604e-316 
 3.546 2.962 2.04842 2.00467e-76 1.70601e-316 3.41727 3.06496 2.11186 0.134959 0.39131 0.481017 4.103 3.477 2.11186 0 -1.38753e-213 1.70604e-316 
 3.537 2.974 2.07023 2.00467e-76 1.70601e-316 3.40494 3.08128 2.13488 0.140702 0.373089 0.445317 4.081 3.509 2.13488 0 -1.38753e-213 1.70604e-316 
 3.54 2.987 2.1099 2.00467e-76 1.70601e-316 3.40475 3.09087 2.14142 0.141558 0.362154 0.431553 4.078 3.523 2.14142 0 -1.38753e-213 1.70604e-316 
 3.511 3 2.14764 2.00467e-76 1.70601e-316 3.38569 3.10355 2.17951 0.137569 0.282876 0.354489 4.042 3.561 2.17951 0 -1.38753e-213 1.70604e-316 
 3.506 2.991 2.18404 2.00467e-76 1.70601e-316 3.37472 3.10787 2.19897 0.151098 0.227871 0.265071 4.022 3.578 2.19897 0 -1.38753e-213 1.70604e-316 
 3.51 3.028 2.20996 2.00467e-76 1.70601e-316 3.35809 3.12023 2.21864 0.147185 0.381891 0.436929 3.996 3.603 2.21864 0 -1.38753e-213 1.70604e-316 
 3.502 3.037 2.23331 2.00467e-76 1.70601e-316 3.32984 3.12802 2.22841 0.159664 0.443833 0.463938 3.963 3.617 2.22841 0 -1.38753e-213 1.70604e-316 
 3.49 3.036 2.27375 2.00467e-76 1.70601e-316 3.31756 3.13551 2.23396 0.167059 0.369645 0.379022 3.948 3.628 2.23396 0 -1.38753e-213 1.70604e-316 
 3.448 3.043 2.31812 2.00467e-76 1.70601e-316 3.30343 3.1604 2.23572 0.162142 0.14621 0.16091 3.933 3.654 2.23572 0 -1.38753e-213 1.70604e-316 
 3.424 3.078 2.35303 2.00467e-76 1.70601e-316 3.29035 3.2035 2.23556 0.160743 0.0354386 0.0396632 3.92 3.697 2.23556 0 -1.38753e-213 1.70604e-316 
 3.439 3.088 2.36494 2.00467e-76 1.70601e-316 3.27734 3.22625 2.23756 0.186259 0.0782931 0.0755182 3.906 3.721 2.23756 0 -1.38753e-213 1.70604e-316 
 3.403 3.101 2.36939 2.00467e-76 1.70601e-316 3.25427 3.24028 2.24547 0.178707 0.0215462 0.0216987 3.879 3.74 2.24547 0 -1.38753e-213 1.70604e-316 
 3.386 3.099 2.37724 2.00467e-76 1.70601e-316 3.24812 3.25843 2.26298 0.184305 -0.105018 -0.102208 3.864 3.769 2.26298 0 -1.38753e-213 1.70604e-316 
 3.374 3.109 2.37885 2.00467e-76 1.70601e-316 3.23588 3.27271 2.2838 0.187101 -0.12186 -0.116703 3.841 3.796 2.2838 0 -1.38753e-213 1.70604e-316 
 3.374 3.168 2.37729 2.00467e-76 1.70601e-316 3.2174 3.27657 2.30741 0.165599 0.165952 0.178465 3.81 3.814 2.30741 0 -1.38753e-213 1.70604e-316 
 3.354 3.155 2.37667 2.00467e-76 1.70601e-316 3.19906 3.28599 2.32885 0.177709 0.0692159 0.0699937 3.78 3.836 2.32885 0 -1.38753e-213 1.70604e-316 
 3.331 3.164 2.37978 2.00467e-76 1.70601e-316 3.17371 3.295 2.34444 0.179256 0.074344 0.0745143 3.746 3.854 2.34444 0 -1.38753e-213 1.70604e-316 
 3.315 3.168 2.38333 2.00467e-76 1.70601e-316 3.16291 3.31172 2.35548 0.183545 0.00129304 0.00126806 3.729 3.877 2.35548 0 -1.38753e-213 1.70604e-316 
 3.32 3.196 2.38688 2.00467e-76 1.70601e-316 3.14119 3.31648 2.36477 0.187346 0.184408 0.175357 3.702 3.887 2.36477 0 -1.38753e-213 1.70604e-316 
 3.333 3.192 2.38842 2.00467e-76 1.70601e-316 3.13697 3.33282 2.37312 0.210458 0.159453 0.135541 3.693 3.908 2.37312 0 -1.38753e-213 1.70604e-316 
 3.299 3.208 2.40455 2.00467e-76 1.70601e-316 3.1105 3.35758 2.38441 0.210751 0.0810593 0.0691216 3.66 3.939 2.38441 0 -1.38753e-213 1.70604e-316 
 3.284 3.237 2.42053 2.00467e-76 1.70601e-316 3.09069 3.37387 2.3967 0.206958 0.127111 0.110107 3.633 3.962 2.3967 0 -1.38753e-213 1.70604e-316 
 3.274 3.275 2.42905 2.00467e-76 1.70601e-316 3.08245 3.3917 2.40814 0.194831 0.193268 0.176694 3.618 3.986 2.40814 0 -1.38753e-213 1.70604e-316 
 3.243 3.254 2.44254 2.00467e-76 1.70601e-316 3.06999 3.39899 2.42076 0.198002 0.00178675 0.0016243 3.598 4 2.42076 0 -1.38753e-213 1.70604e-316 
 3.247 3.271 2.45836 2.00467e-76 1.70601e-316 3.06806 3.40792 2.44394 0.197567 0.0353395 0.0321861 3.582 4.021 2.44394 0 -1.38753e-213 1.70604e-316 
 3.254 3.288 2.45832 2.00467e-76 1.70601e-316 3.05316 3.39758 2.46831 0.19828 0.217475 0.194919 3.552 4.023 2.46831 0 -1.38753e-213 1.70604e-316 
 3.251 3.3 2.46187 2.00467e-76 1.70601e-316 3.03865 3.40281 2.48814 0.203133 0.275542 0.239478 3.525 4.038 2.48814 0 -1.38753e-213 1.70604e-316 
 3.211 3.319 2.48469 2.00467e-76 1.70601e-316 3.01601 3.41028 2.50589 0.185591 0.24906 0.237016 3.491 4.054 2.50589 0 -1.38753e-213 1.70604e-316 
 3.196 3.338 2.51267 2.00467e-76 1.70601e-316 2.9972 3.4282 2.51239 0.188661 0.232925 0.218678 3.468 4.075 2.51239 0 -1.38753e-213 1.70604e-316 
 3.166 3.32 2.53775 2.00467e-76 1.70601e-316 2.97885 3.45156 2.51803 0.200652 -0.0105216 -0.00943836 3.446 4.101 2.51803 0 -1.38753e-213 1.70604e-316 
 3.159 3.311 2.55886 2.00467e-76 1.70601e-316 2.9507 3.46039 2.527 0.224725 -0.0501235 -0.0401264 3.412 4.114 2.527 0 -1.38753e-213 1.70604e-316 
 3.139 3.326 2.55806 2.00467e-76 1.70601e-316 2.92261 3.46819 2.54057 0.227118 0.00277692 0.00220081 3.375 4.128 2.54057 0 -1.38753e-213 1.70604e-316 
 3.147 3.374 2.55739 2.00467e-76 1.70601e-316 2.90422 3.47705 2.55656 0.2287 0.235672 0.183403 3.346 4.144 2.55656 0 -1.38753e-213 1.70604e-316 
 3.163 3.378 2.55854 2.00467e-76 1.70601e-316 2.88253 3.4939 2.566 0.262976 0.266356 0.180333 3.318 4.165 2.566 0 -1.38753e-213 1.70604e-316 
 3.151 3.377 2.57844 2.00467e-76 1.70601e-316 2.87379 3.50136 2.5812 0.264745 0.197436 0.133439 3.299 4.179 2.5812 0 -1.38753e-213 1.70604e-316 
 3.133 3.372 2.60506 2.00467e-76 1.70601e-316 2.85663 3.50407 2.59859 0.267943 0.127301 0.0853115 3.27 4.189 2.59859 0 -1.38753e-213 1.70604e-316 
 3.086 3.413 2.62328 2.00467e-76 1.70601e-316 2.84549 3.5039 2.6187 0.223611 0.199515 0.159244 3.245 4.197 2.6187 0 -1.38753e-213 1.70604e-316 
 3.061 3.419 2.6353 2.00467e-76 1.70601e-316 2.81496 3.5023 2.63803 0.225317 0.229798 0.181558 3.201 4.203 2.63803 0 -1.38753e-213 1.70604e-316 
 3.067 3.438 2.65625 2.00467e-76 1.70601e-316 2.80281 3.52897 2.65204 0.243129 0.204959 0.150592 3.179 4.235 2.65204 0 -1.38753e-213 1.70604e-316 
 2.999 3.46 2.67915 2.00467e-76 1.70601e-316 2.78455 3.55338 2.66436 0.204976 0.0622358 0.0545982 3.152 4.264 2.66436 0 -1.38753e-213 1.70604e-316 
 2.98 3.461 2.69903 2.00467e-76 1.70601e-316 2.7768 3.56167 2.68014 0.198891 -0.0205622 -0.0186071 3.133 4.278 2.68014 0 -1.38753e-213 1.70604e-316 
 3.011 3.472 2.70372 2.00467e-76 1.70601e-316 2.76884 3.55531 2.71617 0.223753 0.135229 0.10836 3.099 4.284 2.71617 0 -1.38753e-213 1.70604e-316 
 2.995 3.509 2.70618 2.00467e-76 1.70601e-316 2.75251 3.57129 2.74437 0.217029 0.230007 0.188499 3.062 4.309 2.74437 0 -1.38753e-213 1.70604e-316 
 2.94 3.513 2.72 2.00467e-76 1.70601e-316 2.7429 3.56806 2.77185 0.178055 0.16436 0.16465 3.032 4.314 2.77185 0 -1.38753e-213 1.70604e-316 
 2.908 3.504 2.74369 2.00467e-76 1.70601e-316 2.7457 3.56492 2.80489 0.151973 0.0382309 0.0452505 3.01 4.32 2.80489 0 -1.38753e-213 1.70604e-316 
 2.922 3.535 2.75996 2.00467e-76 1.70601e-316 2.73599 3.56944 2.83033 0.163507 0.207149 0.22421 2.981 4.331 2.83033 0 -1.38753e-213 1.70604e-316 
 2.897 3.536 2.76835 2.00467e-76 1.70601e-316 2.72947 3.57004 2.8532 0.148257 0.168055 0.201274 2.957 4.337 2.8532 0 -1.38753e-213 1.70604e-316 
 2.887 3.541 2.79016 2.00467e-76 1.70601e-316 2.71691 3.57335 2.87457 0.150332 0.160481 0.189838 2.928 4.345 2.87457 0 -1.38753e-213 1.70604e-316 
 2.823 3.54 2.8071 2.00467e-76 1.70601e-316 2.71991 3.55915 2.89524 0.0911054 0.100531 0.196071 2.915 4.335 2.89524 0 -1.38753e-213 1.70604e-316 
 2.82 3.546 2.82278 2.00467e-76 1.70601e-316 2.70032 3.5499 2.9125 0.101539 0.211242 0.358306 2.882 4.329 2.9125 0 -1.38753e-213 1.70604e-316 
 2.82 3.537 2.83427 2.00467e-76 1.70601e-316 2.65478 3.5502 2.92206 0.142514 0.216054 0.266398 2.829 4.331 2.92206 0 -1.38753e-213 1.70604e-316 
 2.79 3.534 2.85601 2.00467e-76 1.70601e-316 2.61962 3.55324 2.92185 0.148694 0.168759 0.201516 2.794 4.334 2.92185 0 -1.38753e-213 1.70604e-316 
 2.799 3.576 2.87581 2.00467e-76 1.70601e-316 2.59565 3.56123 2.92189 0.171401 0.368997 0.369692 2.77 4.342 2.92189 0 -1.38753e-213 1.70604e-316 
 2.78 3.571 2.89242 2.00467e-76 1.70601e-316 2.55987 3.5774 2.92089 0.189822 0.253849 0.236219 2.735 4.358 2.92089 0 -1.38753e-213 1.70604e-316 
 2.77 3.569 2.92588 2.00467e-76 1.70601e-316 2.53912 3.59912 2.92249 0.2037 0.103037 0.0907985 2.713 4.38 2.92249 0 -1.38753e-213 1.70604e-316 
 2.729 3.584 2.94832 2.00467e-76 1.70601e-316 2.5209 3.60973 2.92477 0.183595 0.0787686 0.0770733 2.693 4.391 2.92477 0 -1.38753e-213 1.70604e-316 
 2.745 3.58 2.95609 2.00467e-76 1.70601e-316 2.4962 3.60053 2.93793 0.218172 0.128977 0.106012 2.658 4.384 2.93793 0 -1.38753e-213 1.70604e-316 
 2.732 3.601 2.96352 2.00467e-76 1.70601e-316 2.47498 3.60517 2.96693 0.223445 0.205644 0.164169 2.614 4.393 2.96693 0 -1.38753e-213 1.70604e-316 
 2.725 3.593 2.97866 2.00467e-76 1.70601e-316 2.44179 3.58893 2.99202 0.245819 0.238037 0.172568 2.561 4.38 2.99202 0 -1.38753e-213 1.70604e-316 
 2.709 3.599 2.99992 2.00467e-76 1.70601e-316 2.41175 3.58536 3.00587 0.257958 0.258589 0.178519 2.52 4.378 3.00587 0 -1.38753e-213 1.70604e-316 
 2.702 3.589 3.02466 2.00467e-76 1.70601e-316 2.37691 3.59204 3.01868 0.284089 0.155613 0.0982797 2.475 4.386 3.01868 0 -1.38753e-213 1.70604e-316 
 2.685 3.624 3.05077 2.00467e-76 1.70601e-316 2.35514 3.58418 3.02778 0.287243 0.30777 0.190524 2.446 4.379 3.02778 0 -1.38753e-213 1.70604e-316 
 2.594 3.647 3.06728 2.00467e-76 1.70601e-316 2.34135 3.58949 3.03558 0.220342 0.378813 0.30011 2.426 4.385 3.03558 0 -1.38753e-213 1.70604e-316 
 2.576 3.634 3.10014 2.00467e-76 1.70601e-316 2.3188 3.60454 3.04745 0.225191 0.198428 0.157297 2.394 4.401 3.04745 0 -1.38753e-213 1.70604e-316 
 2.565 3.642 3.13418 2.00467e-76 1.70601e-316 2.28637 3.59823 3.06699 0.245176 0.218742 0.159234 2.346 4.396 3.06699 0 -1.38753e-213 1.70604e-316 
 2.549 3.658 -3.12772 2.00467e-76 1.70601e-316 2.26461 3.59907 3.08983 0.251664 0.259154 0.183277 2.306 4.398 3.08983 0 -1.38753e-213 1.70604e-316 
 2.512 3.636 -3.10509 2.00467e-76 1.70601e-316 2.2514 3.59529 3.11459 0.230248 0.152931 0.118992 2.273 4.395 3.11459 0 -1.38753e-213 1.70604e-316 
 2.484 3.636 -3.08064 2.00467e-76 1.70601e-316 2.22951 3.58901 3.13723 0.225848 0.155316 0.12316 2.233 4.389 3.13723 0 -1.38753e-213 1.70604e-316 
 2.475 3.683 -3.06635 2.00467e-76 1.70601e-316 2.21392 3.58422 -3.11794 0.238073 0.380074 0.279823 2.195 4.384 -3.11794 0 -1.38753e-213 1.70604e-316 
 2.441 3.674 -3.04718 2.00467e-76 1.70601e-316 2.1979 3.58381 -3.0967 0.22212 0.332117 0.262908 2.162 4.383 -3.0967 0 -1.38753e-213 1.70604e-316 
 2.397 3.628 -3.00775 2.00467e-76 1.70601e-316 2.17867 3.58267 -3.07697 0.195246 0.0826691 0.0760667 2.127 4.381 -3.07697 0 -1.38753e-213 1.70604e-316 
 2.415 3.621 -2.98268 2.00467e-76 1.70601e-316 2.14894 3.57872 -3.05907 0.236303 -0.0017328 -0.00131993 2.083 4.376 -3.05907 0 -1.38753e-213 1.70604e-316 
 2.418 3.65 -2.9767 2.00467e-76 1.70601e-316 2.13798 3.58611 -3.04019 0.251634 0.0805706 0.0575705 2.057 4.382 -3.04019 0 -1.38753e-213 1.70604e-316 
 2.385 3.604 -2.97322 2.00467e-76 1.70601e-316 2.134 3.59528 -3.01626 0.218931 -0.16757 -0.13691 2.034 4.389 -3.01626 0 -1.38753e-213 1.70604e-316 
 2.397 3.626 -2.96719 2.00467e-76 1.70601e-316 2.14066 3.59346 -2.98766 0.226473 -0.0614643 -0.0488127 2.018 4.384 -2.98766 0 -1.38753e-213 1.70604e-316 
 2.325 3.606 -2.96929 2.00467e-76 1.70601e-316 2.15164 3.59474 -2.95598 0.151717 -0.105883 -0.124967 2.004 4.381 -2.95598 0 -1.38753e-213 1.70604e-316 
 2.302 3.575 -2.9708 2.00467e-76 1.70601e-316 2.154 3.58749 -2.92618 0.12698 -0.222917 -0.306066 1.983 4.369 -2.92618 0 -1.38753e-213 1.70604e-316 
 2.066 3.385 -2.97471 2.00467e-76 1.70601e-316 2.1277 3.58106 -2.9009 3.93843e-08 -1.46443 -0.523599 1.937 4.358 -2.9009 0 -1.38753e-213 1.70604e-316 
 2.128 3.446 -2.98661 2.00467e-76 1.70601e-316 2.08127 3.54273 -2.88728 0.0355468 -0.715647 -0.523599 1.88 4.317 -2.88728 0 -1.38753e-213 1.70604e-316 
 2.266 3.633 -3.09068 2.00467e-76 1.70601e-316 2.0381 3.50981 -2.87715 0.211829 0.560268 0.444332 1.829 4.282 -2.87715 0 -1.38753e-213 1.70604e-316 
 2.257 3.611 3.1174 2.00467e-76 1.70601e-316 1.97958 3.45949 -2.87393 0.252367 0.733171 0.481825 1.768 4.231 -2.87393 0 -1.38753e-213 1.70604e-316 
 2.256 3.623 3.13913 2.00467e-76 1.70601e-316 1.94135 3.44888 -2.87683 0.289621 0.758161 0.440343 1.732 4.221 -2.87683 0 -1.38753e-213 1.70604e-316 
 2.249 3.634 -3.0927 2.00467e-76 1.70601e-316 1.9406 3.47353 -2.89846 0.286845 0.636259 0.379872 1.748 4.25 -2.89846 0 -1.38753e-213 1.70604e-316 
 2.219 3.645 -3.01775 2.00467e-76 1.70601e-316 1.93124 3.48688 -2.9182 0.274631 0.545214 0.343205 1.754 4.267 -2.9182 0 -1.38753e-213 1.70604e-316 
 2.199 3.645 -2.95546 2.00467e-76 1.70601e-316 1.91748 3.48286 -2.91275 0.274485 0.482928 0.306699 1.736 4.262 -2.91275 0 -1.38753e-213 1.70604e-316 
 2.151 3.583 -2.90192 2.00467e-76 1.70601e-316 1.89025 3.45995 -2.90147 0.249473 0.272683 0.194265 1.7 4.237 -2.90147 0 -1.38753e-213 1.70604e-316 
 2.115 3.532 -2.86173 2.00467e-76 1.70601e-316 1.83463 3.41341 -2.87904 0.265741 0.168124 0.113391 1.627 4.186 -2.87904 0 -1.38753e-213 1.70604e-316 
 2.066 3.527 -2.83621 2.00467e-76 1.70601e-316 1.75285 3.36167 -2.86839 0.307395 0.271628 0.157734 1.537 4.132 -2.86839 0 -1.38753e-213 1.70604e-316 
 2.085 3.534 -2.81976 2.00467e-76 1.70601e-316 1.7099 3.3404 -2.86963 0.367556 0.25172 0.122654 1.495 4.111 -2.86963 0 -1.38753e-213 1.70604e-316 
 1.994 3.482 -2.79178 2.00467e-76 1.70601e-316 1.68916 3.33792 -2.87189 0.294953 0.135089 0.0822544 1.476 4.109 -2.87189 0 -1.38753e-213 1.70604e-316 
 1.95 3.461 -2.7696 2.00467e-76 1.70601e-316 1.70034 3.36315 -2.87554 0.235208 0.00202785 0.00155187 1.49 4.135 -2.87554 0 -1.38753e-213 1.70604e-316 
 1.915 3.489 -2.75832 2.00467e-76 1.70601e-316 1.70936 3.37695 -2.86254 0.204451 0.13903 0.121797 1.489 4.146 -2.86254 0 -1.38753e-213 1.70604e-316 
 1.873 3.467 -2.75623 2.00467e-76 1.70601e-316 1.75219 3.39923 -2.83534 0.120739 0.104875 0.155094 1.511 4.162 -2.83534 0 -1.38753e-213 1.70604e-316 
 1.881 3.5 -2.74432 2.00467e-76 1.70601e-316 1.75604 3.4036 -2.79861 0.134836 0.237635 0.307189 1.487 4.157 -2.79861 0 -1.38753e-213 1.70604e-316 
 1.893 3.483 -2.735 2.00467e-76 1.70601e-316 1.7479 3.39537 -2.77078 0.147631 0.132261 0.159884 1.458 4.141 -2.77078 0 -1.38753e-213 1.70604e-316 
 1.857 3.474 -2.71473 2.00467e-76 1.70601e-316 1.69823 3.33835 -2.74743 0.177973 0.31144 0.30515 1.391 4.077 -2.74743 0 -1.38753e-213 1.70604e-316 
 1.868 3.461 -2.70168 2.00467e-76 1.70601e-316 1.64358 3.28604 -2.72928 0.24546 0.298801 0.215706 1.323 4.019 -2.72928 0 -1.38753e-213 1.70604e-316 
 1.866 3.466 -2.6718 2.00467e-76 1.70601e-316 1.5943 3.25992 -2.72966 0.296036 0.264893 0.159693 1.274 3.993 -2.72966 0 -1.38753e-213 1.70604e-316 
 1.837 3.448 -2.64463 2.00467e-76 1.70601e-316 1.55944 3.24298 -2.72947 0.300797 0.207277 0.123406 1.239 3.976 -2.72947 0 -1.38753e-213 1.70604e-316 
 1.793 3.452 -2.62093 2.00467e-76 1.70601e-316 1.55729 3.26568 -2.72421 0.261627 0.205671 0.140569 1.233 3.997 -2.72421 0 -1.38753e-213 1.70604e-316 
 1.767 3.469 -2.60116 2.00467e-76 1.70601e-316 1.56919 3.28007 -2.70788 0.235922 0.291931 0.219155 1.233 4.006 -2.70788 0 -1.38753e-213 1.70604e-316 
 1.795 3.461 -2.57793 2.00467e-76 1.70601e-316 1.58938 3.3018 -2.66869 0.227391 0.121904 0.0962003 1.225 4.014 -2.66869 0 -1.38753e-213 1.70604e-316 
 1.78 3.451 -2.54846 2.00467e-76 1.70601e-316 1.60601 3.32519 -2.62806 0.188264 0.0374885 0.0358276 1.213 4.022 -2.62806 0 -1.38753e-213 1.70604e-316 
 1.74 3.434 -2.53939 2.00467e-76 1.70601e-316 1.61564 3.3259 -2.5894 0.143822 0.107552 0.133802 1.196 4.007 -2.5894 0 -1.38753e-213 1.70604e-316 
 1.719 3.421 -2.53604 2.00467e-76 1.70601e-316 1.61162 3.3106 -2.5508 0.133128 0.174444 0.231629 1.166 3.975 -2.5508 0 -1.38753e-213 1.70604e-316 
 1.662 3.417 -2.52237 2.00467e-76 1.70601e-316 1.58833 3.29197 -2.51929 0.118572 0.356221 0.495726 1.122 3.942 -2.51929 0 -1.38753e-213 1.70604e-316 
 1.679 3.414 -2.50272 2.00467e-76 1.70601e-316 1.57857 3.27293 -2.50033 0.146276 0.305616 0.359713 1.1 3.914 -2.50033 0 -1.38753e-213 1.70604e-316 
 1.678 3.402 -2.46643 2.00467e-76 1.70601e-316 1.56236 3.24968 -2.48021 0.163986 0.258417 0.276393 1.071 3.881 -2.48021 0 -1.38753e-213 1.70604e-316 
 1.653 3.357 -2.43681 2.00467e-76 1.70601e-316 1.54681 3.23815 -2.46516 0.138789 0.126598 0.162737 1.046 3.862 -2.46516 0 -1.38753e-213 1.70604e-316 
 1.621 3.347 -2.41185 2.00467e-76 1.70601e-316 1.52928 3.23587 -2.44989 0.125257 0.129575 0.184097 1.019 3.852 -2.44989 0 -1.38753e-213 1.70604e-316 
 1.586 3.346 -2.40079 2.00467e-76 1.70601e-316 1.52176 3.23456 -2.43112 0.108571 0.239584 0.378096 1 3.841 -2.43112 0 -1.38753e-213 1.70604e-316 
 1.608 3.359 -2.3873 2.00467e-76 1.70601e-316 1.51265 3.22789 -2.40966 0.140279 0.17559 0.221609 0.978 3.823 -2.40966 0 -1.38753e-213 1.70604e-316 
 1.607 3.342 -2.36344 2.00467e-76 1.70601e-316 1.52076 3.21783 -2.38396 0.130832 0.164924 0.223126 0.971 3.799 -2.38396 0 -1.38753e-213 1.70604e-316 
 1.542 3.349 -2.34622 2.00467e-76 1.70601e-316 1.51391 3.21655 -2.35932 0.103786 0.449743 0.523599 0.95 3.784 -2.35932 0 -1.38753e-213 1.70604e-316 
 1.562 3.361 -2.32169 2.00467e-76 1.70601e-316 1.50866 3.20847 -2.33841 0.132441 0.38203 0.478902 0.933 3.764 -2.33841 0 -1.38753e-213 1.70604e-316 
 1.575 3.318 -2.27475 2.00467e-76 1.70601e-316 1.49385 3.19508 -2.32355 0.128468 0.105132 0.146251 0.91 3.742 -2.32355 0 -1.38753e-213 1.70604e-316 
 1.576 3.278 -2.24485 2.00467e-76 1.70601e-316 1.47788 3.19269 -2.3106 0.11255 -0.14334 -0.225348 0.887 3.732 -2.3106 0 -1.38753e-213 1.70604e-316 
 1.564 3.281 -2.23754 2.00467e-76 1.70601e-316 1.46884 3.17467 -2.29383 0.124965 -0.0539668 -0.0775781 0.869 3.704 -2.29383 0 -1.38753e-213 1.70604e-316 
 1.576 3.269 -2.24112 2.00467e-76 1.70601e-316 1.45026 3.16872 -2.27392 0.138278 -0.211029 -0.268089 0.84 3.686 -2.27392 0 -1.38753e-213 1.70604e-316 
 1.588 3.277 -2.24215 2.00467e-76 1.70601e-316 1.44068 3.15426 -2.25354 0.165587 -0.215658 -0.230271 0.82 3.659 -2.25354 0 -1.38753e-213 1.70604e-316 
 1.561 3.259 -2.24669 2.00467e-76 1.70601e-316 1.41453 3.15291 -2.23174 0.154372 -0.270312 -0.305333 0.783 3.644 -2.23174 0 -1.38753e-213 1.70604e-316 
 1.51 3.286 -2.25675 2.00467e-76 1.70601e-316 1.40203 3.12107 -2.20796 0.172196 0.114371 0.11899 0.759 3.597 -2.20796 0 -1.38753e-213 1.70604e-316 
 1.512 3.267 -2.272 2.00467e-76 1.70601e-316 1.38424 3.10002 -2.18184 0.184266 0.0540218 0.0527222 0.729 3.559 -2.18184 0 -1.38753e-213 1.70604e-316 
 1.486 3.239 -2.26925 2.00467e-76 1.70601e-316 1.37142 3.09044 -2.1525 0.164457 0.0431666 0.0472114 0.703 3.53 -2.1525 0 -1.38753e-213 1.70604e-316 
 1.487 3.249 -2.26728 2.00467e-76 1.70601e-316 1.3709 3.06841 -2.12585 0.187259 0.142329 0.135968 0.691 3.49 -2.12585 0 -1.38753e-213 1.70604e-316 
 1.455 3.277 -2.26716 2.00467e-76 1.70601e-316 1.37245 3.05264 -2.0978 0.201013 0.415265 0.356011 0.681 3.455 -2.0978 0 -1.38753e-213 1.70604e-316 
 1.435 3.239 -2.26119 2.00467e-76 1.70601e-316 1.35261 3.0372 -2.07973 0.184916 0.345716 0.32462 0.654 3.427 -2.07973 0 -1.38753e-213 1.70604e-316 
 1.434 3.213 -2.22747 2.00467e-76 1.70601e-316 1.35565 3.01737 -2.06666 0.179775 0.308386 0.299485 0.652 3.398 -2.06666 0 -1.38753e-213 1.70604e-316 
 1.422 3.168 -2.19314 2.00467e-76 1.70601e-316 1.3486 2.98659 -2.05078 0.168089 0.253644 0.265219 0.639 3.356 -2.05078 0 -1.38753e-213 1.70604e-316 
 1.433 3.163 -2.16255 2.00467e-76 1.70601e-316 1.35096 2.96208 -2.03884 0.187514 0.233314 0.220329 0.637 3.323 -2.03884 0 -1.38753e-213 1.70604e-316 
 1.408 3.153 -2.13801 2.00467e-76 1.70601e-316 1.31253 2.94021 -2.03448 0.203049 0.17436 0.153355 0.597 3.298 -2.03448 0 -1.38753e-213 1.70604e-316 
 1.412 3.145 -2.11502 2.00467e-76 1.70601e-316 1.30159 2.92236 -2.02868 0.217449 0.104594 0.0863657 0.584 3.276 -2.02868 0 -1.38753e-213 1.70604e-316 
 1.394 3.12 -2.09936 2.00467e-76 1.70601e-316 1.28049 2.88238 -2.01753 0.230446 0.107007 0.0833889 0.559 3.228 -2.01753 0 -1.38753e-213 1.70604e-316 
 1.377 3.11 -2.08953 2.00467e-76 1.70601e-316 1.27917 2.87669 -1.99779 0.220773 0.153312 0.124353 0.551 3.208 -1.99779 0 -1.38753e-213 1.70604e-316 
 1.352 3.078 -2.07768 2.00467e-76 1.70601e-316 1.27002 2.87118 -1.97661 0.193971 0.150718 0.138961 0.535 3.187 -1.97661 0 -1.38753e-213 1.70604e-316 
 1.344 3.043 -2.06148 2.00467e-76 1.70601e-316 1.27262 2.85048 -1.95185 0.178894 0.149808 0.149608 0.53 3.148 -1.95185 0 -1.38753e-213 1.70604e-316 
 1.345 3.04 -2.04571 2.00467e-76 1.70601e-316 1.26928 2.83402 -1.93235 0.191463 0.141508 0.132259 0.521 3.117 -1.93235 0 -1.38753e-213 1.70604e-316 
 1.297 3.029 -2.0305 2.00467e-76 1.70601e-316 1.26402 2.81189 -1.9152 0.186047 0.354366 0.330289 0.511 3.082 -1.9152 0 -1.38753e-213 1.70604e-316 
 1.309 3.044 -2.01503 2.00467e-76 1.70601e-316 1.26281 2.78768 -1.9009 0.222906 0.339381 0.267487 0.506 3.047 -1.9009 0 -1.38753e-213 1.70604e-316 
 1.316 2.978 -1.97681 2.00467e-76 1.70601e-316 1.24106 2.78135 -1.89211 0.184478 0.047107 0.0459311 0.482 3.034 -1.89211 0 -1.38753e-213 1.70604e-316 
 1.294 2.974 -1.94972 2.00467e-76 1.70601e-316 1.23128 2.75614 -1.88318 0.198172 0.116226 0.105179 0.47 3.002 -1.88318 0 -1.38753e-213 1.70604e-316 
 1.262 3.002 -1.94769 2.00467e-76 1.70601e-316 1.24216 2.73578 -1.8627 0.226855 0.391027 0.300846 0.476 2.966 -1.8627 0 -1.38753e-213 1.70604e-316 
 1.243 2.944 -1.93257 2.00467e-76 1.70601e-316 1.24439 2.72135 -1.84374 0.185887 0.42448 0.389984 0.474 2.937 -1.84374 0 -1.38753e-213 1.70604e-316 
 1.239 2.873 -1.89068 2.00467e-76 1.70601e-316 1.23466 2.70663 -1.833 0.141186 0.278845 0.34157 0.462 2.914 -1.833 0 -1.38753e-213 1.70604e-316 
 1.243 2.849 -1.84874 2.00467e-76 1.70601e-316 1.22012 2.69503 -1.82086 0.135639 0.118607 0.156117 0.445 2.893 -1.82086 0 -1.38753e-213 1.70604e-316 
 1.244 2.87 -1.82275 2.00467e-76 1.70601e-316 1.22004 2.66985 -1.80563 0.175674 0.144937 0.147428 0.442 2.856 -1.80563 0 -1.38753e-213 1.70604e-316 
 1.256 2.85 -1.81215 2.00467e-76 1.70601e-316 1.22309 2.64511 -1.78863 0.181579 0.091428 0.0903861 0.442 2.818 -1.78863 0 -1.38753e-213 1.70604e-316 
 1.244 2.836 -1.79781 2.00467e-76 1.70601e-316 1.223 2.62882 -1.77111 0.18161 0.140522 0.138386 0.439 2.788 -1.77111 0 -1.38753e-213 1.70604e-316 
 1.248 2.805 -1.78706 2.00467e-76 1.70601e-316 1.22851 2.59943 -1.76141 0.180146 0.135011 0.134092 0.443 2.751 -1.76141 0 -1.38753e-213 1.70604e-316 
 1.25 2.81 -1.77287 2.00467e-76 1.70601e-316 1.2286 2.57522 -1.75405 0.205895 0.134252 0.116833 0.442 2.721 -1.75405 0 -1.38753e-213 1.70604e-316 
 1.248 2.802 -1.75977 2.00467e-76 1.70601e-316 1.2263 2.511 -1.74924 0.254836 0.15651 0.110102 0.439 2.653 -1.74924 0 -1.38753e-213 1.70604e-316 
 1.212 2.772 -1.74608 2.00467e-76 1.70601e-316 1.21977 2.47666 -1.74587 0.255645 0.276793 0.192478 0.432 2.616 -1.74587 0 -1.38753e-213 1.70604e-316 
 1.214 2.76 -1.72955 2.00467e-76 1.70601e-316 1.20284 2.46407 -1.74534 0.25849 0.166764 0.115609 0.415 2.603 -1.74534 0 -1.38753e-213 1.70604e-316 
 1.236 2.741 -1.70027 2.00467e-76 1.70601e-316 1.19943 2.44743 -1.74108 0.259489 0.0076396 0.00529931 0.411 2.583 -1.74108 0 -1.38753e-213 1.70604e-316 
 1.221 2.718 -1.68533 2.00467e-76 1.70601e-316 1.18967 2.44219 -1.72366 0.243485 0.00190618 0.00140917 0.399 2.564 -1.72366 0 -1.38753e-213 1.70604e-316 
 1.175 2.688 -1.68346 2.00467e-76 1.70601e-316 1.19758 2.42689 -1.69753 0.226774 0.255419 0.200026 0.404 2.528 -1.69753 0 -1.38753e-213 1.70604e-316 
 1.176 2.667 -1.67718 2.00467e-76 1.70601e-316 1.20876 2.39477 -1.67376 0.236339 0.297738 0.222991 0.413 2.477 -1.67376 0 -1.38753e-213 1.70604e-316 
 1.183 2.615 -1.65012 2.00467e-76 1.70601e-316 1.21294 2.36211 -1.65827 0.220372 0.248924 0.200587 0.416 2.432 -1.65827 0 -1.38753e-213 1.70604e-316 
 1.195 2.578 -1.62132 2.00467e-76 1.70601e-316 1.22357 2.31365 -1.64881 0.231233 0.204991 0.158238 0.426 2.376 -1.64881 0 -1.38753e-213 1.70604e-316 
 1.193 2.562 -1.59635 2.00467e-76 1.70601e-316 1.21897 2.29004 -1.64205 0.238447 0.159075 0.119511 0.421 2.347 -1.64205 0 -1.38753e-213 1.70604e-316 
 1.212 2.564 -1.57741 2.00467e-76 1.70601e-316 1.20947 2.27647 -1.63275 0.252215 -0.00299273 -0.00213584 0.411 2.326 -1.63275 0 -1.38753e-213 1.70604e-316 
 1.196 2.51 -1.56202 2.00467e-76 1.70601e-316 1.21304 2.24884 -1.61976 0.229311 0.072527 0.0568695 0.414 2.288 -1.61976 0 -1.38753e-213 1.70604e-316 
 1.194 2.489 -1.5603 2.00467e-76 1.70601e-316 1.21966 2.22961 -1.60003 0.228023 0.11302 0.0889818 0.42 2.253 -1.60003 0 -1.38753e-213 1.70604e-316 
 1.166 2.493 -1.55336 2.00467e-76 1.70601e-316 1.24799 2.19708 -1.57445 0.263672 0.35383 0.237008 0.448 2.2 -1.57445 0 -1.38753e-213 1.70604e-316 
 1.186 2.437 -1.53603 2.00467e-76 1.70601e-316 1.26399 2.15681 -1.56478 0.250339 0.321875 0.227432 0.464 2.152 -1.56478 0 -1.38753e-213 1.70604e-316 
 1.186 2.399 -1.49872 2.00467e-76 1.70601e-316 1.26496 2.13108 -1.5607 0.2412 0.285478 0.209905 0.465 2.123 -1.5607 0 -1.38753e-213 1.70604e-316 
 1.171 2.348 -1.46702 2.00467e-76 1.70601e-316 1.26396 2.11133 -1.56038 0.2174 0.34028 0.274622 0.464 2.103 -1.56038 0 -1.38753e-213 1.70604e-316 
 1.166 2.338 -1.43887 2.00467e-76 1.70601e-316 1.26193 2.0986 -1.55755 0.22139 0.316401 0.251789 0.462 2.088 -1.55755 0 -1.38753e-213 1.70604e-316 
 1.176 2.291 -1.40529 2.00467e-76 1.70601e-316 1.26685 2.06158 -1.55133 0.213074 0.261946 0.217776 0.467 2.046 -1.55133 0 -1.38753e-213 1.70604e-316 
 1.166 2.268 -1.37394 2.00467e-76 1.70601e-316 1.28254 2.01124 -1.53674 0.242956 0.306509 0.223298 0.483 1.984 -1.53674 0 -1.38753e-213 1.70604e-316 
 1.177 2.264 -1.34793 2.00467e-76 1.70601e-316 1.30113 1.98027 -1.52419 0.268442 0.266934 0.177113 0.502 1.943 -1.52419 0 -1.38753e-213 1.70604e-316 
 1.183 2.241 -1.31752 2.00467e-76 1.70601e-316 1.31069 1.96472 -1.51362 0.264126 0.250787 0.169273 0.512 1.919 -1.51362 0 -1.38753e-213 1.70604e-316 
 1.177 2.227 -1.29182 2.00467e-76 1.70601e-316 1.31513 1.94067 -1.50241 0.276207 0.243507 0.157378 0.517 1.886 -1.50241 0 -1.38753e-213 1.70604e-316 
 1.158 2.228 -1.26655 2.00467e-76 1.70601e-316 1.30908 1.92831 -1.4853 0.291875 0.238815 0.146226 0.512 1.86 -1.4853 0 -1.38753e-213 1.70604e-316 
 1.182 2.225 -1.2431 2.00467e-76 1.70601e-316 1.30128 1.91776 -1.46213 0.28892 0.0621175 0.0386805 0.506 1.831 -1.46213 0 -1.38753e-213 1.70604e-316 
 1.211 2.233 -1.21966 2.00467e-76 1.70601e-316 1.30767 1.90205 -1.43532 0.30199 -0.0997272 -0.0593721 0.515 1.794 -1.43532 0 -1.38753e-213 1.70604e-316 
 1.202 2.167 -1.21579 2.00467e-76 1.70601e-316 1.31181 1.91136 -1.40331 0.243831 0.0675432 0.0498202 0.523 1.778 -1.40331 0 -1.38753e-213 1.70604e-316 
 1.224 2.121 -1.21665 2.00467e-76 1.70601e-316 1.32963 1.88804 -1.37449 0.223971 0.0908152 0.0728567 0.545 1.732 -1.37449 0 -1.38753e-213 1.70604e-316 
 1.251 2.102 -1.21366 2.00467e-76 1.70601e-316 1.34162 1.86551 -1.35601 0.222141 0.0110801 0.00897794 0.56 1.695 -1.35601 0 -1.38753e-213 1.70604e-316 
 1.223 2.055 -1.21063 2.00467e-76 1.70601e-316 1.317 1.86408 -1.34118 0.186025 0.110183 0.106214 0.538 1.682 -1.34118 0 -1.38753e-213 1.70604e-316 
 1.232 2.013 -1.20832 2.00467e-76 1.70601e-316 1.31004 1.87729 -1.32032 0.135969 0.145446 0.190219 0.535 1.679 -1.32032 0 -1.38753e-213 1.70604e-316 
 1.217 1.978 -1.19925 2.00467e-76 1.70601e-316 1.30984 1.88112 -1.29075 0.110511 0.314701 0.473663 0.541 1.66 -1.29075 0 -1.38753e-213 1.70604e-316 
 1.237 1.979 -1.18133 2.00467e-76 1.70601e-316 1.33223 1.87611 -1.25415 0.116799 0.297111 0.429388 0.572 1.627 -1.25415 0 -1.38753e-213 1.70604e-316 
 1.272 1.976 -1.14935 2.00467e-76 1.70601e-316 1.34498 1.84922 -1.22624 0.127801 0.0876434 0.122819 0.592 1.579 -1.22624 0 -1.38753e-213 1.70604e-316 
 1.253 1.947 -1.12232 2.00467e-76 1.70601e-316 1.34624 1.80943 -1.21265 0.144572 0.140347 0.172993 0.597 1.529 -1.21265 0 -1.38753e-213 1.70604e-316 
 1.235 1.931 -1.11514 2.00467e-76 1.70601e-316 1.3526 1.78637 -1.20337 0.160375 0.234256 0.257102 0.606 1.499 -1.20337 0 -1.38753e-213 1.70604e-316 
 1.218 1.935 -1.0991 2.00467e-76 1.70601e-316 1.37059 1.76477 -1.17319 0.195758 0.305592 0.273928 0.633 1.455 -1.17319 0 -1.38753e-213 1.70604e-316 
 1.26 1.939 -1.07434 2.00467e-76 1.70601e-316 1.37352 1.75732 -1.1479 0.18765 0.0705471 0.0675679 0.644 1.429 -1.1479 0 -1.38753e-213 1.70604e-316 
 1.282 1.906 -1.0467 2.00467e-76 1.70601e-316 1.39567 1.75125 -1.12457 0.167678 0.115594 0.123458 0.674 1.406 -1.12457 0 -1.38753e-213 1.70604e-316 
 1.295 1.861 -1.04179 2.00467e-76 1.70601e-316 1.39443 1.75193 -1.09852 0.12722 0.183246 0.253684 0.682 1.388 -1.09852 0 -1.38753e-213 1.70604e-316 
 1.314 1.862 -1.02864 2.00467e-76 1.70601e-316 1.40306 1.74186 -1.07603 0.130712 0.0846126 0.115994 0.699 1.362 -1.07603 0 -1.38753e-213 1.70604e-316 
 1.3 1.864 -1.01246 2.00467e-76 1.70601e-316 1.41985 1.72016 -1.0599 0.163087 0.141484 0.154906 0.722 1.329 -1.0599 0 -1.38753e-213 1.70604e-316 
 1.329 1.848 -1.00462 2.00467e-76 1.70601e-316 1.43709 1.70998 -1.04289 0.15321 0.0974182 0.113956 0.746 1.307 -1.04289 0 -1.38753e-213 1.70604e-316 
 1.296 1.833 -0.991668 2.00467e-76 1.70601e-316 1.45579 1.68626 -1.03232 0.18607 0.28394 0.268066 0.769 1.276 -1.03232 0 -1.38753e-213 1.70604e-316 
 1.286 1.861 -0.982348 2.00467e-76 1.70601e-316 1.47597 1.66959 -1.02308 0.233545 0.252193 0.191979 0.793 1.253 -1.02308 0 -1.38753e-213 1.70604e-316 
 1.313 1.84 -0.954305 2.00467e-76 1.70601e-316 1.48059 1.64709 -1.01501 0.223395 0.125232 0.100565 0.801 1.225 -1.01501 0 -1.38753e-213 1.70604e-316 
 1.292 1.78 -0.930051 2.00467e-76 1.70601e-316 1.49372 1.62926 -1.00591 0.214535 0.360325 0.293585 0.818 1.201 -1.00591 0 -1.38753e-213 1.70604e-316 
 1.346 1.769 -0.915757 2.00467e-76 1.70601e-316 1.49866 1.61114 -0.994202 0.191735 0.131162 0.122518 0.828 1.175 -0.994202 0 -1.38753e-213 1.70604e-316 
 1.327 1.738 -0.877776 2.00467e-76 1.70601e-316 1.52268 1.58568 -0.978398 0.213976 0.268673 0.222277 0.859 1.139 -0.978398 0 -1.38753e-213 1.70604e-316 
 1.335 1.72 -0.861891 2.00467e-76 1.70601e-316 1.52523 1.566 -0.959725 0.212223 0.223655 0.187468 0.87 1.107 -0.959725 0 -1.38753e-213 1.70604e-316 
 1.323 1.715 -0.834031 2.00467e-76 1.70601e-316 1.51932 1.56019 -0.936342 0.217195 0.20783 0.170565 0.875 1.086 -0.936342 0 -1.38753e-213 1.70604e-316 
 1.396 1.705 -0.811774 2.00467e-76 1.70601e-316 1.51011 1.56734 -0.911042 0.15658 -0.0672986 -0.077211 0.878 1.077 -0.911042 0 -1.38753e-213 1.70604e-316 
 1.392 1.694 -0.791716 2.00467e-76 1.70601e-316 1.50447 1.56866 -0.881719 0.147585 -0.0460672 -0.0561262 0.887 1.06 -0.881719 0 -1.38753e-213 1.70604e-316 
 1.396 1.696 -0.793606 2.00467e-76 1.70601e-316 1.4953 1.56439 -0.854319 0.143671 -0.124108 -0.154255 0.892 1.039 -0.854319 0 -1.38753e-213 1.70604e-316 
 1.406 1.693 -0.793545 2.00467e-76 1.70601e-316 1.5036 1.56111 -0.819423 0.142835 -0.132448 -0.165385 0.919 1.015 -0.819423 0 -1.38753e-213 1.70604e-316 
 1.411 1.664 -0.796436 2.00467e-76 1.70601e-316 1.52821 1.55715 -0.788103 0.138944 0.0528796 0.0683979 0.961 0.993 -0.788103 0 -1.38753e-213 1.70604e-316 
 1.412 1.66 -0.798816 2.00467e-76 1.70601e-316 1.54545 1.55877 -0.769209 0.14567 0.143732 0.175773 0.989 0.984 -0.769209 0 -1.38753e-213 1.70604e-316 
 1.424 1.65 -0.797274 2.00467e-76 1.70601e-316 1.55181 1.54913 -0.757705 0.1419 0.121387 0.152779 1.002 0.968 -0.757705 0 -1.38753e-213 1.70604e-316 
 1.448 1.614 -0.794595 2.00467e-76 1.70601e-316 1.55873 1.50996 -0.750723 0.133194 0.0360865 0.0487293 1.013 0.925 -0.750723 0 -1.38753e-213 1.70604e-316 
 1.458 1.596 -0.79103 2.00467e-76 1.70601e-316 1.56555 1.49157 -0.738519 0.131473 0.0180572 0.0247171 1.027 0.9 -0.738519 0 -1.38753e-213 1.70604e-316 
 1.5 1.6 -0.789052 2.00467e-76 1.70601e-316 1.57163 1.47209 -0.716877 0.124892 -0.234649 -0.326113 1.046 0.869 -0.716877 0 -1.38753e-213 1.70604e-316 
 1.476 1.616 -0.790182 2.00467e-76 1.70601e-316 1.58606 1.46678 -0.686484 0.161361 -0.149558 -0.165311 1.079 0.848 -0.686484 0 -1.38753e-213 1.70604e-316 
 1.476 1.589 -0.793534 2.00467e-76 1.70601e-316 1.60455 1.47504 -0.653768 0.150419 0.0667097 0.07966 1.118 0.84 -0.653768 0 -1.38753e-213 1.70604e-316 
 1.484 1.571 -0.798451 2.00467e-76 1.70601e-316 1.6391 1.48531 -0.628113 0.150391 0.291569 0.33576 1.169 0.838 -0.628113 0 -1.38753e-213 1.70604e-316 
 1.511 1.57 -0.795996 2.00467e-76 1.70601e-316 1.66105 1.48123 -0.621871 0.148969 0.257298 0.301421 1.195 0.831 -0.621871 0 -1.38753e-213 1.70604e-316 
 1.541 1.57 -0.786786 2.00467e-76 1.70601e-316 1.69034 1.45902 -0.622318 0.161875 0.152569 0.168052 1.224 0.809 -0.622318 0 -1.38753e-213 1.70604e-316 
 1.556 1.527 -0.766195 2.00467e-76 1.70601e-316 1.71169 1.45577 -0.622858 0.143724 0.325781 0.387392 1.245 0.806 -0.622858 0 -1.38753e-213 1.70604e-316 
 1.564 1.514 -0.751402 2.00467e-76 1.70601e-316 1.73442 1.43952 -0.625527 0.156159 0.34771 0.381191 1.266 0.791 -0.625527 0 -1.38753e-213 1.70604e-316 
 1.557 1.503 -0.716788 2.00467e-76 1.70601e-316 1.75668 1.41461 -0.627466 0.185364 0.343068 0.321577 1.287 0.767 -0.627466 0 -1.38753e-213 1.70604e-316 
 1.577 1.479 -0.682885 2.00467e-76 1.70601e-316 1.7878 1.39107 -0.630755 0.194475 0.338688 0.303776 1.316 0.745 -0.630755 0 -1.38753e-213 1.70604e-316 
 1.544 1.507 -0.650081 2.00467e-76 1.70601e-316 1.82211 1.37185 -0.631222 0.267735 0.278146 0.184865 1.35 0.726 -0.631222 0 -1.38753e-213 1.70604e-316 
 1.566 1.461 -0.615743 2.00467e-76 1.70601e-316 1.84603 1.35163 -0.629565 0.258529 0.336882 0.230388 1.375 0.705 -0.629565 0 -1.38753e-213 1.70604e-316 
 1.601 1.47 -0.590563 2.00467e-76 1.70601e-316 1.86414 1.34172 -0.625101 0.255174 0.187446 0.131462 1.396 0.693 -0.625101 0 -1.38753e-213 1.70604e-316 
 1.638 1.463 -0.556103 2.00467e-76 1.70601e-316 1.88287 1.32107 -0.620063 0.248178 0.0414501 0.0300541 1.418 0.67 -0.620063 0 -1.38753e-213 1.70604e-316 
 1.661 1.439 -0.542969 2.00467e-76 1.70601e-316 1.90472 1.31782 -0.607599 0.238207 0.107254 0.080869 1.448 0.661 -0.607599 0 -1.38753e-213 1.70604e-316 
 1.656 1.441 -0.539022 2.00467e-76 1.70601e-316 1.93641 1.31721 -0.588976 0.267515 0.17294 0.115843 1.492 0.652 -0.588976 0 -1.38753e-213 1.70604e-316 
 1.662 1.41 -0.527413 2.00467e-76 1.70601e-316 1.96627 1.31816 -0.570836 0.273785 0.333935 0.216117 1.534 0.645 -0.570836 0 -1.38753e-213 1.70604e-316 
 1.744 1.44 -0.509245 2.00467e-76 1.70601e-316 1.98783 1.31888 -0.55982 0.238619 0.0634343 0.0478147 1.563 0.641 -0.55982 0 -1.38753e-213 1.70604e-316 
 1.769 1.436 -0.478771 2.00467e-76 1.70601e-316 2.00607 1.30498 -0.557231 0.237536 -0.0342764 -0.0259681 1.583 0.626 -0.557231 0 -1.38753e-213 1.70604e-316 
 1.746 1.376 -0.474864 2.00467e-76 1.70601e-316 2.03296 1.28329 -0.554132 0.262214 0.22563 0.153665 1.612 0.603 -0.554132 0 -1.38753e-213 1.70604e-316 
 1.774 1.399 -0.472803 2.00467e-76 1.70601e-316 2.06488 1.26879 -0.548145 0.279298 0.0743962 0.0479096 1.648 0.586 -0.548145 0 -1.38753e-213 1.70604e-316 
 1.787 1.363 -0.450079 2.00467e-76 1.70601e-316 2.0853 1.24817 -0.539982 0.279743 0.118517 0.0761123 1.674 0.562 -0.539982 0 -1.38753e-213 1.70604e-316 
 1.804 1.329 -0.442629 2.00467e-76 1.70601e-316 2.11544 1.23647 -0.534367 0.282787 0.22224 0.140528 1.708 0.548 -0.534367 0 -1.38753e-213 1.70604e-316 
 1.873 1.313 -0.429884 2.00467e-76 1.70601e-316 2.13231 1.23833 -0.509663 0.234894 0.195446 0.148666 1.742 0.54 -0.509663 0 -1.38753e-213 1.70604e-316 
 1.898 1.295 -0.408104 2.00467e-76 1.70601e-316 2.14862 1.23697 -0.481681 0.223109 0.229446 0.18304 1.778 0.528 -0.481681 0 -1.38753e-213 1.70604e-316 
 1.94 1.311 -0.387989 2.00467e-76 1.70601e-316 2.15451 1.22866 -0.457699 0.20151 0.0255293 0.0228003 1.801 0.511 -0.457699 0 -1.38753e-213 1.70604e-316 
 1.953 1.299 -0.368307 2.00467e-76 1.70601e-316 2.17044 1.22182 -0.434045 0.20233 0.0324489 0.0288596 1.834 0.496 -0.434045 0 -1.38753e-213 1.70604e-316 
 1.951 1.295 -0.366821 2.00467e-76 1.70601e-316 2.17952 1.21686 -0.409502 0.211741 0.04578 0.0388977 1.861 0.483 -0.409502 0 -1.38753e-213 1.70604e-316 
 1.968 1.276 -0.363055 2.00467e-76 1.70601e-316 2.1801 1.21758 -0.384536 0.192361 0.109011 0.101654 1.88 0.476 -0.384536 0 -1.38753e-213 1.70604e-316 
 1.981 1.229 -0.358644 2.00467e-76 1.70601e-316 2.20813 1.22609 -0.355081 0.190799 0.404559 0.364598 1.93 0.476 -0.355081 0 -1.38753e-213 1.70604e-316 
 1.982 1.24 -0.339248 2.00467e-76 1.70601e-316 2.22806 1.22857 -0.32713 0.20962 0.361136 0.300702 1.971 0.471 -0.32713 0 -1.38753e-213 1.70604e-316 
 1.997 1.239 -0.296675 2.00467e-76 1.70601e-316 2.24749 1.23608 -0.313203 0.213545 0.355184 0.290896 2.001 0.475 -0.313203 0 -1.38753e-213 1.70604e-316 
 2.011 1.22 -0.260695 2.00467e-76 1.70601e-316 2.28739 1.23934 -0.3039 0.234062 0.43589 0.32344 2.048 0.476 -0.3039 0 -1.38753e-213 1.70604e-316 
 2.043 1.214 -0.225295 2.00467e-76 1.70601e-316 2.31029 1.228 -0.301138 0.228604 0.359799 0.276067 2.073 0.464 -0.301138 0 -1.38753e-213 1.70604e-316 
 2.058 1.214 -0.183947 2.00467e-76 1.70601e-316 2.32953 1.21306 -0.292312 0.235541 0.236641 0.178908 2.099 0.447 -0.292312 0 -1.38753e-213 1.70604e-316 
 2.096 1.219 -0.14896 2.00467e-76 1.70601e-316 2.3478 1.21964 -0.280926 0.219109 0.190209 0.155005 2.126 0.451 -0.280926 0 -1.38753e-213 1.70604e-316 
 2.119 1.205 -0.127438 2.00467e-76 1.70601e-316 2.37146 1.2209 -0.261027 0.219103 0.239388 0.194186 2.165 0.448 -0.261027 0 -1.38753e-213 1.70604e-316 
 2.132 1.233 -0.108521 2.00467e-76 1.70601e-316 2.39391 1.21139 -0.243539 0.230462 0.0337987 0.026392 2.201 0.435 -0.243539 0 -1.38753e-213 1.70604e-316 
 2.164 1.224 -0.0873318 2.00467e-76 1.70601e-316 2.4036 1.19935 -0.227711 0.211256 -0.018604 -0.0158501 2.223 0.42 -0.227711 0 -1.38753e-213 1.70604e-316 
 2.174 1.233 -0.0853431 2.00467e-76 1.70601e-316 2.41695 1.1866 -0.20896 0.216153 -0.128531 -0.106627 2.251 0.404 -0.20896 0 -1.38753e-213 1.70604e-316 
 2.229 1.215 -0.0852842 2.00467e-76 1.70601e-316 2.41812 1.17279 -0.188772 0.16884 -0.142714 -0.15099 2.268 0.387 -0.188772 0 -1.38753e-213 1.70604e-316 
 2.231 1.18 -0.0865476 2.00467e-76 1.70601e-316 2.42273 1.15857 -0.161621 0.169189 -0.0262445 -0.0279143 2.294 0.369 -0.161621 0 -1.38753e-213 1.70604e-316 
 2.261 1.199 -0.0882274 2.00467e-76 1.70601e-316 2.42785 1.17487 -0.123876 0.1477 -0.0534715 -0.0650728 2.329 0.381 -0.123876 0 -1.38753e-213 1.70604e-316 
 2.273 1.193 -0.0892839 2.00467e-76 1.70601e-316 2.43513 1.18265 -0.0915461 0.14247 0.0240006 0.0303136 2.362 0.386 -0.0915461 0 -1.38753e-213 1.70604e-316 
 2.294 1.182 -0.0905467 2.00467e-76 1.70601e-316 2.44963 1.19706 -0.0695884 0.135292 0.170389 0.222927 2.394 0.399 -0.0695884 0 -1.38753e-213 1.70604e-316 
 2.333 1.194 -0.0896669 2.00467e-76 1.70601e-316 2.45755 1.2047 -0.0569705 0.108292 0.134658 0.220195 2.412 0.406 -0.0569705 0 -1.38753e-213 1.70604e-316 
 2.337 1.189 -0.0878492 2.00467e-76 1.70601e-316 2.48376 1.22169 -0.0572348 0.127058 0.270152 0.36552 2.438 0.423 -0.0572348 0 -1.38753e-213 1.70604e-316 
 2.294 1.176 -0.0806502 2.00467e-76 1.70601e-316 2.50419 1.22494 -0.0515109 0.182796 0.350905 0.332695 2.463 0.426 -0.0515109 0 -1.38753e-213 1.70604e-316 
 2.313 1.184 -0.0541275 2.00467e-76 1.70601e-316 2.50973 1.2042 -0.0446793 0.171913 0.168458 0.174587 2.474 0.405 -0.0446793 0 -1.38753e-213 1.70604e-316 
 2.371 1.192 -0.0213392 2.00467e-76 1.70601e-316 2.52099 1.19244 -0.0374971 0.131535 0.0214933 0.0294042 2.491 0.393 -0.0374971 0 -1.38753e-213 1.70604e-316 
 2.367 1.203 -0.0107765 2.00467e-76 1.70601e-316 2.53159 1.18981 -0.0219839 0.144564 -0.0657975 -0.0817433 2.514 0.39 -0.0219839 0 -1.38753e-213 1.70604e-316 
 2.407 1.216 -0.00964246 2.00467e-76 1.70601e-316 2.53306 1.1828 -0.0225736 0.111533 -0.196121 -0.306539 2.515 0.383 -0.0225736 0 -1.38753e-213 1.70604e-316 
 2.397 1.21 -0.0113119 2.00467e-76 1.70601e-316 2.544 1.1898 -0.0224986 0.129353 -0.109944 -0.151814 2.526 0.39 -0.0224986 0 -1.38753e-213 1.70604e-316 
 2.403 1.196 -0.0136446 2.00467e-76 1.70601e-316 2.54312 1.18879 -0.0226488 0.122997 -0.0317841 -0.0464808 2.525 0.389 -0.0226488 0 -1.38753e-213 1.70604e-316 
 2.413 1.208 -0.0167572 2.00467e-76 1.70601e-316 2.54021 1.19079 -0.0227655 0.111973 -0.0924288 -0.147503 2.522 0.391 -0.0227655 0 -1.38753e-213 1.70604e-316 
 2.428 1.219 -0.0182168 2.00467e-76 1.70601e-316 2.54331 1.19579 -0.0228945 0.101807 -0.131925 -0.229153 2.525 0.396 -0.0228945 0 -1.38753e-213 1.70604e-316 
 2.423 1.2 -0.0220746 2.00467e-76 1.70601e-316 2.53938 1.19479 -0.0229813 0.102167 -0.0165068 -0.0290739 2.521 0.395 -0.0229813 0 -1.38753e-213 1.70604e-316 
 2.427 1.181 -0.0321653 2.00467e-76 1.70601e-316 2.54132 1.20079 -0.0229077 0.100048 0.147097 0.258717 2.523 0.401 -0.0229077 0 -1.38753e-213 1.70604e-316 
 2.429 1.179 -0.0314435 2.00467e-76 1.70601e-316 2.54238 1.20579 -0.0229717 0.0992929 0.19045 0.332438 2.524 0.406 -0.0229717 0 -1.38753e-213 1.70604e-316 
 2.426 1.19 -0.0313481 2.00467e-76 1.70601e-316 2.53642 1.19679 -0.0230295 0.0966951 0.0646998 0.119863 2.518 0.397 -0.0230295 0 -1.38753e-213 1.70604e-316 
 2.443 1.189 -0.0320127 2.00467e-76 1.70601e-316 2.53539 1.19679 -0.0229857 0.0808597 0.0699181 0.154404 2.517 0.397 -0.0229857 0 -1.38753e-213 1.70604e-316 
 2.433 1.174 -0.0321594 2.00467e-76 1.70601e-316 2.53041 1.19079 -0.0230172 0.0852088 0.128484 0.265032 2.512 0.391 -0.0230172 0 -1.38753e-213 1.70604e-316 
 2.454 1.176 -0.0321942 2.00467e-76 1.70601e-316 2.52548 1.18579 -0.0231004 0.0624975 0.0814368 0.230383 2.507 0.386 -0.0231004 0 -1.38753e-213 1.70604e-316 
 2.44 1.194 -0.0322049 2.00467e-76 1.70601e-316 2.52548 1.17779 -0.023096 0.0755247 -0.0884513 -0.207766 2.507 0.378 -0.023096 0 -1.38753e-213 1.70604e-316 
 2.425 1.194 -0.032261 2.00467e-76 1.70601e-316 2.52246 1.17879 -0.0230721 0.0859727 -0.0777425 -0.161353 2.504 0.379 -0.0230721 0 -1.38753e-213 1.70604e-316 
 2.441 1.191 -0.0322362 2.00467e-76 1.70601e-316 2.52245 1.17779 -0.0230597 0.0718588 -0.0700625 -0.173731 2.504 0.378 -0.0230597 0 -1.38753e-213 1.70604e-316 
 2.44 1.173 -0.03219 2.00467e-76 1.70601e-316 2.52543 1.18579 -0.0230371 0.0747084 0.102263 0.241578 2.507 0.386 -0.0230371 0 -1.38753e-213 1.70604e-316 
 2.439 1.171 -0.0320975 2.00467e-76 1.70601e-316 2.53039 1.18979 -0.0229836 0.0799268 0.141504 0.308502 2.512 0.39 -0.0229836 0 -1.38753e-213 1.70604e-316 
 2.44 1.159 -0.0321161 2.00467e-76 1.70601e-316 2.5304 1.19179 -0.0230051 0.0792452 0.232547 0.485964 2.512 0.392 -0.0230051 0 -1.38753e-213 1.70604e-316 
 2.435 1.181 -0.0321127 2.00467e-76 1.70601e-316 2.5284 1.18979 -0.0230048 0.0817374 0.0765627 0.167033 2.51 0.39 -0.0230048 0 -1.38753e-213 1.70604e-316 
 2.451 1.189 -0.0321323 2.00467e-76 1.70601e-316 2.52441 1.18979 -0.0230102 0.0643406 0.0211356 0.0590603 2.506 0.39 -0.0230102 0 -1.38753e-213 1.70604e-316 
 2.446 1.19 -0.0321958 2.00467e-76 1.70601e-316 2.52135 1.19379 -0.0229452 0.0659846 0.0416075 0.113018 2.503 0.394 -0.0229452 0 -1.38753e-213 1.70604e-316 
 2.435 1.193 -0.0321239 2.00467e-76 1.70601e-316 2.51936 1.18279 -0.0229462 0.0742827 -0.0494112 -0.119165 2.501 0.383 -0.0229462 0 -1.38753e-213 1.70604e-316 
 2.425 1.196 -0.0321049 2.00467e-76 1.70601e-316 2.52438 1.18179 -0.0229755 0.0876112 -0.0707697 -0.144387 2.506 0.382 -0.0229755 0 -1.38753e-213 1.70604e-316 
 2.433 1.175 -0.0320257 2.00467e-76 1.70601e-316 2.52038 1.18379 -0.0229715 0.0764525 0.0760236 0.177115 2.502 0.384 -0.0229715 0 -1.38753e-213 1.70604e-316 
 2.418 1.185 -0.0320539 2.00467e-76 1.70601e-316 2.51936 1.17979 -0.0229463 0.0890076 -0.0125599 -0.0253944 2.501 0.38 -0.0229463 0 -1.38753e-213 1.70604e-316 
 2.444 1.186 -0.0320338 2.00467e-76 1.70601e-316 2.51536 1.17879 -0.0229513 0.0627815 -0.0331596 -0.0947866 2.497 0.379 -0.0229513 0 -1.38753e-213 1.70604e-316 
 2.432 1.204 -0.0320309 2.00467e-76 1.70601e-316 2.51743 1.17679 -0.0230451 0.0760977 -0.16057 -0.36298 2.499 0.377 -0.0230451 0 -1.38753e-213 1.70604e-316 
 2.427 1.205 -0.0319836 2.00467e-76 1.70601e-316 2.51745 1.18579 -0.0230688 0.0800306 -0.106312 -0.234703 2.499 0.386 -0.0230688 0 -1.38753e-213 1.70604e-316 
 2.425 1.205 -0.0319672 2.00467e-76 1.70601e-316 2.52047 1.19879 -0.0230885 0.0838796 -0.020445 -0.0438454 2.502 0.399 -0.0230885 0 -1.38753e-213 1.70604e-316 
 2.435 1.192 -0.0319837 2.00467e-76 1.70601e-316 2.53244 1.20179 -0.0230574 0.0852732 0.0832457 0.173944 2.514 0.402 -0.0230574 0 -1.38753e-213 1.70604e-316 
 2.449 1.197 -0.0319535 2.00467e-76 1.70601e-316 2.53843 1.19879 -0.0230452 0.0783731 0.0303748 0.0696492 2.52 0.399 -0.0230452 0 -1.38753e-213 1.70604e-316 
 2.443 1.18 -0.0319388 2.00467e-76 1.70601e-316 2.54248 1.20279 -0.0230977 0.0870487 0.16681 0.332152 2.524 0.403 -0.0230977 0 -1.38753e-213 1.70604e-316 
 2.447 1.183 -0.0319926 2.00467e-76 1.70601e-316 2.5445 1.19879 -0.0231234 0.0852863 0.121924 0.251861 2.526 0.399 -0.0231234 0 -1.38753e-213 1.70604e-316 
 2.434 1.183 -0.0319484 2.00467e-76 1.70601e-316 2.54754 1.20179 -0.0231763 0.0993595 0.140681 0.249545 2.529 0.402 -0.0231763 0 -1.38753e-213 1.70604e-316 
 2.433 1.187 -0.0318957 2.00467e-76 1.70601e-316 2.5516 1.20278 -0.0232569 0.1038 0.121797 0.20815 2.533 0.403 -0.0232569 0 -1.38753e-213 1.70604e-316 
 2.419 1.183 -0.0319849 2.00467e-76 1.70601e-316 2.55265 1.20278 -0.0233179 0.117002 0.14598 0.220916 2.534 0.403 -0.0233179 0 -1.38753e-213 1.70604e-316 
 2.406 1.186 -0.0319936 2.00467e-76 1.70601e-316 2.5457 1.20578 -0.02338 0.122307 0.145668 0.211183 2.527 0.406 -0.02338 0 -1.38753e-213 1.70604e-316 
 2.42 1.197 -0.0320096 2.00467e-76 1.70601e-316 2.54372 1.20278 -0.023407 0.108371 0.0601334 0.0995493 2.525 0.403 -0.023407 0 -1.38753e-213 1.70604e-316 
 2.445 1.177 -0.0319822 2.00467e-76 1.70601e-316 2.53773 1.20778 -0.023416 0.0812472 0.21908 0.45187 2.519 0.408 -0.023416 0 -1.38753e-213 1.70604e-316 
 2.443 1.188 -0.0320222 2.00467e-76 1.70601e-316 2.54072 1.20078 -0.0233968 0.085488 0.102583 0.212727 2.522 0.401 -0.0233968 0 -1.38753e-213 1.70604e-316 
 2.445 1.198 -0.0319243 2.00467e-76 1.70601e-316 2.53173 1.19278 -0.0234125 0.0761856 -0.0160809 -0.0379754 2.513 0.393 -0.0234125 0 -1.38753e-213 1.70604e-316 
 2.428 1.205 -0.0319509 2.00467e-76 1.70601e-316 2.53077 1.18878 -0.0234684 0.0906734 -0.0825856 -0.162499 2.512 0.389 -0.0234684 0 -1.38753e-213 1.70604e-316 
 2.429 1.179 -0.0320103 2.00467e-76 1.70601e-316 2.52677 1.18678 -0.0234614 0.0855788 0.0703426 0.146888 2.508 0.387 -0.0234614 0 -1.38753e-213 1.70604e-316 
 2.447 1.197 -0.031919 2.00467e-76 1.70601e-316 2.52479 1.18778 -0.0234933 0.0684929 -0.0448774 -0.117396 2.506 0.388 -0.0234933 0 -1.38753e-213 1.70604e-316 
 2.432 1.189 -0.0319298 2.00467e-76 1.70601e-316 2.52383 1.18578 -0.0235435 0.0806009 -0.0018781 -0.0041942 2.505 0.386 -0.0235435 0 -1.38753e-213 1.70604e-316 
 2.435 1.191 -0.0318992 2.00467e-76 1.70601e-316 2.52878 1.18778 -0.023473 0.0823047 -0.00147906 -0.00323468 2.51 0.388 -0.023473 0 -1.38753e-213 1.70604e-316 
 2.45 1.181 -0.0318714 2.00467e-76 1.70601e-316 2.52478 1.18678 -0.0234776 0.0654481 0.0546961 0.14931 2.506 0.387 -0.0234776 0 -1.38753e-213 1.70604e-316 
 2.454 1.187 -0.0318857 2.00467e-76 1.70601e-316 2.52081 1.18478 -0.0235204 0.058639 -0.000612009 -0.00187864 2.502 0.385 -0.0235204 0 -1.38753e-213 1.70604e-316 
 2.43 1.198 -0.0318828 2.00467e-76 1.70601e-316 2.52687 1.18978 -0.0235885 0.0851741 -0.0331239 -0.0698874 2.508 0.39 -0.0235885 0 -1.38753e-213 1.70604e-316 
 2.442 1.182 -0.031873 2.00467e-76 1.70601e-316 2.51882 1.18678 -0.0235235 0.067251 0.0482614 0.128462 2.5 0.387 -0.0235235 0 -1.38753e-213 1.70604e-316 
 2.437 1.189 -0.0318948 2.00467e-76 1.70601e-316 2.52285 1.18778 -0.0235709 0.0753053 0.00997605 0.0238409 2.504 0.388 -0.0235709 0 -1.38753e-213 1.70604e-316 
 2.44 1.187 -0.0319378 2.00467e-76 1.70601e-316 2.52388 1.18278 -0.0236066 0.0736611 -0.0101785 -0.0248674 2.505 0.383 -0.0236066 0 -1.38753e-213 1.70604e-316 
 2.432 1.182 -0.0319616 2.00467e-76 1.70601e-316 2.52294 1.18178 -0.0236748 0.0797372 0.0174967 0.0394767 2.504 0.382 -0.0236748 0 -1.38753e-213 1.70604e-316 
 2.425 1.201 -0.0319326 2.00467e-76 1.70601e-316 2.52098 1.17877 -0.0237325 0.0850326 -0.123613 -0.255929 2.502 0.379 -0.0237325 0 -1.38753e-213 1.70604e-316 
 2.453 1.183 -0.0319825 2.00467e-76 1.70601e-316 2.52099 1.17877 -0.0237349 0.0597254 -0.0138872 -0.0418288 2.502 0.379 -0.0237349 0 -1.38753e-213 1.70604e-316 
 2.435 1.19 -0.0319802 2.00467e-76 1.70601e-316 2.52199 1.17577 -0.0237427 0.07676 -0.0750245 -0.174148 2.503 0.376 -0.0237427 0 -1.38753e-213 1.70604e-316 
 2.428 1.189 -0.0319428 2.00467e-76 1.70601e-316 2.52501 1.17677 -0.023767 0.0854522 -0.0588555 -0.123346 2.506 0.377 -0.023767 0 -1.38753e-213 1.70604e-316 
 2.432 1.195 -0.0319137 2.00467e-76 1.70601e-316 2.52901 1.17977 -0.0237596 0.085576 -0.0781967 -0.163019 2.51 0.38 -0.0237596 0 -1.38753e-213 1.70604e-316 
 2.452 1.189 -0.0318871 2.00467e-76 1.70601e-316 2.521 1.17677 -0.0237543 0.0609113 -0.0677418 -0.197573 2.502 0.377 -0.0237543 0 -1.38753e-213 1.70604e-316 
 2.432 1.186 -0.0319199 2.00467e-76 1.70601e-316 2.52201 1.17977 -0.0237616 0.0790924 -0.0218827 -0.04976 2.503 0.38 -0.0237616 0 -1.38753e-213 1.70604e-316 
 2.433 1.201 -0.0318974 2.00467e-76 1.70601e-316 2.51998 1.19077 -0.023726 0.0765809 -0.0488674 -0.114359 2.501 0.391 -0.023726 0 -1.38753e-213 1.70604e-316 
 2.441 1.203 -0.0319472 2.00467e-76 1.70601e-316 2.52099 1.19077 -0.0237393 0.0705383 -0.0641554 -0.162273 2.502 0.391 -0.0237393 0 -1.38753e-213 1.70604e-316 
 2.427 1.182 -0.0319331 2.00467e-76 1.70601e-316 2.52494 1.19378 -0.0236711 0.0856876 0.096059 0.199113 2.506 0.394 -0.0236711 0 -1.38753e-213 1.70604e-316 
 2.435 1.199 -0.031932 2.00467e-76 1.70601e-316 2.52594 1.19478 -0.0236832 0.0798513 -0.00860086 -0.0193855 2.507 0.395 -0.0236832 0 -1.38753e-213 1.70604e-316 
 2.44 1.191 -0.0320084 2.00467e-76 1.70601e-316 2.52397 1.19378 -0.0237103 0.0735575 0.0360478 0.0879836 2.505 0.394 -0.0237103 0 -1.38753e-213 1.70604e-316 
 2.452 1.189 -0.0320858 2.00467e-76 1.70601e-316 2.52701 1.18977 -0.0237679 0.0657492 0.0213065 0.0582643 2.508 0.39 -0.0237679 0 -1.38753e-213 1.70604e-316 
 2.438 1.187 -0.0321642 2.00467e-76 1.70601e-316 2.52505 1.18477 -0.0238133 0.0763787 0.00376666 0.00887657 2.506 0.385 -0.0238133 0 -1.38753e-213 1.70604e-316 
 2.439 1.17 -0.0321219 2.00467e-76 1.70601e-316 2.52606 1.18377 -0.0238323 0.0761394 0.108753 0.25165 2.507 0.384 -0.0238323 0 -1.38753e-213 1.70604e-316 
 2.43 1.19 -0.0321129 2.00467e-76 1.70601e-316 2.52403 1.17677 -0.0237868 0.0828808 -0.0661409 -0.142669 2.505 0.377 -0.0237868 0 -1.38753e-213 1.70604e-316 
