 0.668 2.465 -1.57968 9.57005e-321 1.55716e+142 1.66299 -0.0609262 -0.997193 0 0 0 0.849 1.199 -0.997193 0 7.69844e+218 0 
 0.693 2.485 -1.57968 9.57005e-321 1.55716e+142 1.659 -0.0649254 -0.997192 2.3045 0.82112 0.0640483 0.845 1.195 -0.997192 0 7.69844e+218 0 
 0.675 2.479 -1.57968 9.57005e-321 1.55716e+142 1.658 -0.0629238 -0.99719 2.29997 0.835697 0.0653103 0.844 1.197 -0.99719 0 7.69844e+218 0 
 0.676 2.474 -1.57968 9.57005e-321 1.55716e+142 1.662 -0.0639234 -0.997189 2.29697 0.838968 0.0656505 0.848 1.196 -0.997189 0 7.69844e+218 0 
 0.66 2.474 -1.57968 9.57005e-321 1.55716e+142 1.662 -0.0669234 -0.997189 2.30171 0.849792 0.0663584 0.848 1.193 -0.997189 0 7.69844e+218 0 
 0.663 2.461 -1.57968 9.57005e-321 1.55716e+142 1.668 -0.0599247 -0.997191 2.28511 0.857467 0.0674409 0.854 1.2 -0.997191 0 7.69844e+218 0 
 0.677 2.458 -1.57968 9.57005e-321 1.55716e+142 1.663 -0.0579254 -0.997192 2.27824 0.844965 0.0666604 0.849 1.202 -0.997192 0 7.69844e+218 0 
 0.676 2.472 -1.57968 9.57005e-321 1.55716e+142 1.66 -0.0609251 -0.997191 2.29244 0.838861 0.0657715 0.846 1.199 -0.997191 0 7.69844e+218 0 
 0.657 2.463 -1.57968 9.57005e-321 1.55716e+142 1.66 -0.0629252 -0.997191 2.28909 0.854631 0.0671021 0.846 1.197 -0.997191 0 7.69844e+218 0 
 0.662 2.468 -1.57968 9.57005e-321 1.55716e+142 1.66299 -0.0639271 -0.997194 2.29392 0.851523 0.0667184 0.849 1.196 -0.997194 0 7.69844e+218 0 
 0.672 2.463 -1.57968 9.57005e-321 1.55716e+142 1.66099 -0.0639291 -0.997196 2.28802 0.844142 0.0663119 0.847 1.196 -0.997196 0 7.69844e+218 0 
 0.666 2.47 -1.57968 9.57005e-321 1.55716e+142 1.65999 -0.0629287 -0.997196 2.29381 0.846153 0.0663021 0.846 1.197 -0.997196 0 7.69844e+218 0 
 0.69 2.468 -1.57968 9.57005e-321 1.55716e+142 1.66299 -0.0619281 -0.997195 2.2884 0.831605 0.0653191 0.849 1.198 -0.997195 0 7.69844e+218 0 
 0.655 2.46 -1.57968 9.57005e-321 1.55716e+142 1.65999 -0.0649286 -0.997196 2.28852 0.856353 0.0672536 0.846 1.195 -0.997196 0 7.69844e+218 0 
 0.655 2.458 -1.57968 9.57005e-321 1.55716e+142 1.65299 -0.068928 -0.997195 2.28925 0.850709 0.0667903 0.839 1.191 -0.997195 0 7.69844e+218 0 
 0.662 2.46 -1.57968 9.57005e-321 1.55716e+142 1.65599 -0.0649284 -0.997195 2.287 0.84834 0.0666702 0.842 1.195 -0.997195 0 7.69844e+218 0 
 0.676 2.476 -1.57968 9.57005e-321 1.55716e+142 1.65599 -0.0649279 -0.997195 2.29871 0.833767 0.0651953 0.842 1.195 -0.997195 0 7.69844e+218 0 
