 1.788 0.091 1.8465 0 0 1.5807 0.1445 1.3547 0 0 0 0.35 0.304 0 0 0 0 
 1.787 0.111 1.84651 0 0 1.5807 0.1445 1.3547 0.201314 -0.0337496 -0.0301672 0.351 0.331 0 0 0 0 
 1.775 0.106 1.84521 0 0 1.5794 0.1391 1.3362 0.195774 -0.11376 -0.104215 0.363 0.342 0 0 0 0 
 1.771 0.095 1.84073 0 0 1.5824 0.1528 1.382 0.211049 -0.153701 -0.130346 0.389 0.354 0 0 0 0 
 1.786 0.121 1.83783 0 0 1.5813 0.1473 1.3638 0.192945 -0.0616046 -0.0574084 0.437 0.374 0 0 0 0 
 1.783 0.196 1.82717 0 0 1.5794 0.1391 1.3362 0.145528 0.0372244 0.0460093 0.443 0.396 0 0 0 0 
 1.764 0.19 1.8239 0 0 1.5834 0.1583 1.3999 0.166348 -0.0550915 -0.0595424 0.384 0.328 0 0 0 0 
 1.755 0.192 1.82401 0 0 1.5883 0.2037 1.5336 0.196587 -0.0728082 -0.0665667 0.398 0.358 0 0 0 0 
 1.773 0.185 1.81933 0 0 1.5882 0.2008 1.5257 0.198765 -0.0114361 -0.0103561 0.459 0.371 0 0 0 0 
 1.755 0.217 1.81311 0 0 1.5882 0.2008 1.5257 0.176629 -0.0535647 -0.0545327 0.454 0.422 0 0 0 0 
 1.731 0.239 1.81015 0 0 1.588 0.1979 1.5178 0.161006 -0.162615 -0.179835 0.422 0.403 0 0 0 0 
 1.775 0.323 1.80452 0 0 1.5886 0.2183 1.5717 0.141471 0.260542 0.320099 0.413 0.384 0 0 0 0 
 1.763 0.304 1.79128 0 0 1.5884 0.2331 1.608 0.161146 0.206557 0.226755 0.378 0.362 0 0 0 0 
 1.751 0.308 1.7979 0 0 1.5827 0.2906 1.7298 0.189856 0.16103 0.151501 0.45 0.403 0 0 0 0 
 1.748 0.32 1.80317 0 0 1.5841 0.2814 1.7122 0.177303 0.153391 0.154484 0.435 0.412 0 0 0 0 
 1.716 0.342 1.80755 0 0 1.5837 0.2845 1.7181 0.162433 -0.0109687 -0.0121544 0.423 0.416 0 0 0 0 
 1.743 0.381 1.81487 0 0 1.5822 0.2937 1.7355 0.148767 0.277798 0.324258 0.391 0.522 0 0 0 0 
 1.759 0.368 1.81876 0 0 1.5789 0.3125 1.7685 0.172447 0.390937 0.387435 0.365 0.509 0 0 0 0 
 1.735 0.375 1.84917 0 0 1.5718 0.3441 1.8185 0.184365 0.276309 0.263496 0.35 0.51 0 0 0 0 
 1.698 0.398 1.88776 0 0 1.5755 0.3282 1.7942 0.15336 0.0531975 0.0623575 0.342 0.544 0 0 0 0 
 1.688 0.413 1.91162 0 0 1.5741 0.3346 1.8041 0.145657 -0.0111527 -0.0137814 0.369 0.554 0 0 0 0 
 1.714 0.442 1.91456 0 0 1.5675 0.3602 1.8413 0.151484 0.204628 0.23852 0.409 0.566 0 0 0 0 
 1.699 0.487 1.91687 0 0 1.5629 0.3764 1.8628 0.134661 0.181874 0.238484 0.451 0.556 0 0 0 0 
 1.701 0.492 1.93772 0 0 1.5589 0.3894 1.8791 0.141388 0.216524 0.268975 0.434 0.563 0 0 0 0 
 1.69 0.511 1.9561 0 0 1.5441 0.4324 1.9265 0.157055 0.195213 0.220108 0.448 0.551 0 0 0 0 
 1.648 0.503 1.97863 0 0 1.5429 0.4357 1.9299 0.153129 -0.100205 -0.117249 0.454 0.536 0 0 0 0 
 1.598 0.48 1.98754 0 0 1.5365 0.4525 1.9459 0.165789 -0.457308 -0.46085 0.454 0.508 0 0 0 0 
 1.606 0.51 1.98444 0 0 1.5338 0.4592 1.9521 0.156828 -0.313642 -0.345542 0.41 0.522 0 0 0 0 
 1.652 0.52 1.97584 0 0 1.5351 0.4559 1.949 0.16106 0.00281505 0.00314607 0.403 0.519 0 0 0 0 
 1.646 0.549 1.9563 0 0 1.5269 0.4762 1.9667 0.154929 0.0444584 0.051607 0.45 0.559 0 0 0 0 
 1.671 0.563 1.95675 0 0 1.5297 0.4694 1.961 0.145315 0.226355 0.273363 0.486 0.623 0 0 0 0 
 1.679 0.569 1.95819 0 0 1.5196 0.4932 1.9804 0.159525 0.267318 0.292949 0.574 0.604 0 0 0 0 
 1.645 0.578 1.96148 0 0 1.5167 0.5001 1.9856 0.14861 0.107115 0.12902 0.589 0.639 0 0 0 0 
 1.62 0.615 1.96594 0 0 1.5167 0.5001 1.9856 0.125522 0.0375846 0.0538445 0.586 0.637 0 0 0 0 
 1.612 0.631 1.96864 0 0 1.509 0.5173 1.9981 0.127787 0.0376666 0.0530072 0.58 0.631 0 0 0 0 
 1.586 0.639 1.97117 0 0 1.4927 0.552 2.0206 0.137646 -0.0512045 -0.0668605 0.539 0.672 0 0 0 0 
 1.574 0.64 1.97297 0 0 1.4842 0.5695 2.0307 0.14524 -0.101024 -0.124554 0.556 0.68 0 0 0 0 
 1.564 0.663 1.97153 0 0 1.4772 0.5836 2.0383 0.139164 -0.0792544 -0.102154 0.598 0.708 0 0 0 0 
 1.568 0.655 1.97102 0 0 1.4754 0.5871 2.0401 0.147565 -0.0760786 -0.0925357 0.597 0.69 0 0 0 0 
 1.564 0.688 1.96998 0 0 1.4627 0.6119 2.0521 0.144131 0.0211527 0.0264106 0.621 0.732 0 0 0 0 
 1.59 0.697 1.96985 0 0 1.4664 0.6048 2.0488 0.139882 0.19889 0.250552 0.659 0.751 0 0 0 0 
 1.556 0.721 1.97057 0 0 1.4533 0.6297 2.0599 0.134827 0.107134 0.142065 0.67 0.785 0 0 0 0 
 1.547 0.734 1.97451 0 0 1.4552 0.6261 2.0584 0.123691 0.0718279 0.104148 0.643 0.791 0 0 0 0 
 1.542 0.746 1.97854 0 0 1.4379 0.6583 2.0711 0.143447 0.0533738 0.0668744 0.574 0.725 0 0 0 0 
 1.539 0.776 1.98178 0 0 1.432 0.6691 2.0749 0.138818 0.0980729 0.126488 0.483 0.685 0 0 0 0 
 1.547 0.769 1.98678 0 0 1.426 0.6799 2.0785 0.148016 0.147096 0.177009 0.507 0.728 0 0 0 0 
 1.519 0.782 1.9951 0 0 1.4118 0.7052 2.0861 0.155275 0.0269793 0.0312652 0.446 0.69 0 0 0 0 
 1.49 0.767 2.00845 0 0 1.4159 0.6979 2.0841 0.145826 -0.167575 -0.20397 0.539 0.758 0 0 0 0 
 1.473 0.785 2.00897 0 0 1.4036 0.7197 2.09 0.14535 -0.185625 -0.22595 0.545 0.795 0 0 0 0 
 1.459 0.809 2.00574 0 0 1.4036 0.7197 2.09 0.1319 -0.21697 -0.287868 0.533 0.786 0 0 0 0 
 1.45 0.819 2.00296 0 0 1.3931 0.7379 2.0945 0.13939 -0.230833 -0.289698 0.535 0.767 0 0 0 0 
 1.458 0.821 1.9989 0 0 1.3783 0.7634 2.0998 0.15389 -0.146124 -0.169281 0.495 0.802 0 0 0 0 
 1.477 0.84 1.98495 0 0 1.3719 0.7744 2.1018 0.152686 0.0411647 0.0484906 0.484 0.848 0 0 0 0 
 1.48 0.855 1.97328 0 0 1.3719 0.7744 2.1018 0.142811 0.131883 0.164721 0.553 0.894 0 0 0 0 
 1.46 0.867 1.9765 0 0 1.3719 0.7744 2.1018 0.131003 0.057403 0.0787094 0.561 0.917 0 0 0 0 
 1.44 0.88 1.97795 0 0 1.3654 0.7854 2.1037 0.12789 0.00116768 0.00164346 0.588 0.925 0 0 0 0 
 1.43 0.908 1.97893 0 0 1.3524 0.8074 2.1068 0.128584 0.0447898 0.0626178 0.613 0.923 0 0 0 0 
 1.446 0.905 1.97909 0 0 1.3436 0.8221 2.1086 0.146445 0.100038 0.122346 0.569 0.88 0 0 0 0 
 1.44 0.929 1.97999 0 0 1.3282 0.848 2.1109 0.153382 0.131881 0.15355 0.556 0.861 0 0 0 0 
 1.436 0.956 1.98412 0 0 1.3348 0.8369 2.11 0.132547 0.154687 0.207056 0.544 0.86 0 0 0 0 
 1.43 0.951 1.98816 0 0 1.3215 0.859 2.1116 0.145101 0.20902 0.253706 0.644 0.929 0 0 0 0 
 1.42 0.973 1.99514 0 0 1.3082 0.8812 2.1126 0.152089 0.174625 0.203802 0.605 0.878 0 0 0 0 
 1.391 0.962 2.01218 0 0 1.3104 0.8775 2.1125 0.148819 -0.072199 -0.0871054 0.519 0.848 0 0 0 0 
 1.365 0.987 2.02559 0 0 1.2993 0.896 2.1129 0.146049 -0.152222 -0.185452 0.521 0.833 0 0 0 0 
 1.353 0.995 2.02269 0 0 1.2948 0.9034 2.113 0.14983 -0.196427 -0.23174 0.54 0.787 0 0 0 0 
 1.342 1.008 2.02079 0 0 1.2769 0.9331 2.1125 0.162786 -0.160462 -0.175602 0.597 0.801 0 0 0 0 
 1.354 1.024 2.01582 0 0 1.2702 0.9442 2.112 0.167647 -0.0491972 -0.0527731 0.607 0.784 0 0 0 0 
 1.361 1.017 2.01103 0 0 1.2613 0.9591 2.1112 0.182377 -0.0106525 -0.0105133 0.613 0.788 0 0 0 0 
 1.351 1.036 2.00904 0 0 1.2569 0.9665 2.1106 0.178053 -0.0113574 -0.011481 0.618 0.777 0 0 0 0 
 1.342 1.076 2.00749 0 0 1.2636 0.9554 2.1114 0.14804 0.0242953 0.0295318 0.599 0.795 0 0 0 0 
 1.333 1.093 2.00688 0 0 1.2502 0.9776 2.1097 0.154029 0.035831 0.041848 0.602 0.795 0 0 0 0 
 1.33 1.098 2.00731 0 0 1.2303 1.0111 2.1059 0.174736 0.0415284 0.0427533 0.591 0.786 0 0 0 0 
 1.321 1.106 2.00773 0 0 1.2215 1.0259 2.1038 0.18 0.0366891 0.0366727 0.612 0.79 0 0 0 0 
 1.322 1.13 2.00865 0 0 1.2171 1.0333 2.1026 0.171257 0.109085 0.114156 0.608 0.825 0 0 0 0 
 1.318 1.136 2.00946 0 0 1.2128 1.0407 2.1013 0.168106 0.130217 0.138537 0.616 0.88 0 0 0 0 
 1.313 1.133 2.01069 0 0 1.1998 1.063 2.0971 0.187379 0.119602 0.114391 0.65 0.857 0 0 0 0 
 1.287 1.165 2.01386 0 0 1.1976 1.0667 2.0964 0.172393 0.0897314 0.0934181 0.682 0.848 0 0 0 0 
 1.292 1.198 2.01812 0 0 1.1976 1.0667 2.0964 0.160307 0.234154 0.2571 0.732 0.86 0 0 0 0 
 1.282 1.198 2.02537 0 0 1.1764 1.1037 2.0877 0.177928 0.169504 0.169826 0.693 0.903 0 0 0 0 
 1.261 1.216 2.04343 0 0 1.1618 1.1295 2.0804 0.179454 0.0428364 0.0429403 0.621 0.908 0 0 0 0 
 1.246 1.243 2.05641 0 0 1.1618 1.1295 2.0804 0.169117 0.0385713 0.0410303 0.654 0.872 0 0 0 0 
 1.217 1.29 2.06119 0 0 1.1475 1.1553 2.0721 0.161873 0.0329555 0.0366295 0.687 0.863 0 0 0 0 
 1.228 1.305 2.06629 0 0 1.1316 1.1846 2.0613 0.175095 0.123749 0.126536 0.693 0.899 0 0 0 0 
 1.222 1.308 2.07026 0 0 1.1068 1.2321 2.0407 0.199771 0.0784119 0.0705343 0.685 0.944 0 0 0 0 
 1.203 1.336 2.08068 0 0 1.1013 1.243 2.0354 0.188246 0.0256077 0.024481 0.656 0.951 0 0 0 0 
 1.19 1.335 2.08857 0 0 1.0994 1.2467 2.0335 0.186883 -0.0867849 -0.083395 0.611 0.937 0 0 0 0 
 1.179 1.379 2.09298 0 0 1.0835 1.2792 2.0158 0.187465 -0.073124 -0.0700973 0.602 0.92 0 0 0 0 
 1.147 1.371 2.09089 0 0 1.0818 1.2828 2.0137 0.186598 -0.246413 -0.233369 0.603 0.911 0 0 0 0 
 1.141 1.39 2.0892 0 0 1.062 1.3259 1.9862 0.205726 -0.279714 -0.240018 0.6 0.897 0 0 0 0 
 1.128 1.414 2.08628 0 0 1.0589 1.333 1.9812 0.193989 -0.245814 -0.224251 0.631 0.946 0 0 0 0 
 1.111 1.425 2.07541 0 0 1.0512 1.3508 1.9681 0.194647 -0.308578 -0.27797 0.621 0.967 0 0 0 0 
 1.096 1.414 2.04897 0 0 1.0397 1.3791 1.9454 0.220638 -0.401825 -0.316776 0.646 0.92 0 0 0 0 
 1.092 1.415 2.01448 0 0 1.0329 1.3967 1.9301 0.229044 -0.371013 -0.283705 0.657 0.956 0 0 0 0 
 1.067 1.43 1.97298 0 0 1.0356 1.3896 1.9363 0.21288 -0.392954 -0.320784 0.656 0.977 0 0 0 0 
 1.06 1.432 1.93417 0 0 1.0342 1.3931 1.9332 0.213991 -0.400014 -0.324574 0.629 0.974 0 0 0 0 
 1.074 1.459 1.89134 0 0 1.0265 1.4141 1.9137 0.217406 -0.229069 -0.18743 0.657 0.983 0 0 0 0 
 1.075 1.511 1.85271 0 0 1.024 1.4211 1.907 0.197868 -0.0822042 -0.0746422 0.69 0.987 0 0 0 0 
 1.075 1.512 1.83376 0 0 1.0181 1.4384 1.8892 0.211049 -0.0144009 -0.0122816 0.763 0.978 0 0 0 0 
 1.054 1.538 1.82686 0 0 1.0017 1.4932 1.8252 0.23366 -0.137626 -0.105626 0.798 0.94 0 0 0 0 
 1.027 1.542 1.82039 0 0 1.0017 1.4932 1.8252 0.234282 -0.220882 -0.168103 0.841 0.899 0 0 0 0 
 1.004 1.555 1.80691 0 0 0.9937 1.5269 1.7805 0.249493 -0.319848 -0.226789 0.831 0.879 0 0 0 0 
 0.977 1.606 1.78125 0 0 0.9923 1.5336 1.7715 0.222748 -0.386198 -0.302504 0.814 0.923 0 0 0 0 
 0.993 1.62 1.74672 0 0 0.9885 1.5535 1.7443 0.227217 -0.259669 -0.202878 0.833 0.956 0 0 0 0 
 0.988 1.634 1.70694 0 0 0.9811 1.6058 1.6715 0.250132 -0.300879 -0.213227 0.816 0.976 0 0 0 0 
 0.98 1.651 1.68096 0 0 0.9799 1.6187 1.6533 0.250611 -0.3215 -0.226938 0.799 0.963 0 0 0 0 
 0.974 1.697 1.64855 0 0 0.9787 1.6347 1.6305 0.237154 -0.320689 -0.23876 0.785 0.964 0 0 0 0 
 0.98 1.733 1.61541 0 0 0.9779 1.6506 1.6077 0.225769 -0.25383 -0.199675 0.798 1.006 0 0 0 0 
 0.979 1.748 1.58558 0 0 0.9777 1.6975 1.5399 0.245103 -0.234941 -0.170855 0.85 1.033 0 0 0 0 
 0.984 1.778 1.56009 0 0 0.9797 1.7343 1.4866 0.250663 -0.260228 -0.184738 0.827 1.04 0 0 0 0 
 0.983 1.802 1.53508 0 0 0.9808 1.7464 1.469 0.247309 -0.230543 -0.166248 0.843 1.023 0 0 0 0 
 0.972 1.818 1.50695 0 0 0.9849 1.7792 1.4214 0.25965 -0.309883 -0.211608 0.828 1.017 0 0 0 0 
 0.95 1.863 1.48346 0 0 0.9883 1.7999 1.3916 0.249303 -0.435223 -0.304467 0.825 1.04 0 0 0 0 
 0.954 1.88 1.44713 0 0 0.991 1.8144 1.3707 0.248983 -0.404874 -0.284747 0.822 1.059 0 0 0 0 
 0.953 1.886 1.39912 0 0 0.9988 1.8489 1.3217 0.269237 -0.403876 -0.263725 0.802 1.043 0 0 0 0 
 0.938 1.93 1.35706 0 0 1.0033 1.8659 1.2979 0.261061 -0.46702 -0.311523 0.799 1.018 0 0 0 0 
 0.918 1.94 1.31109 0 0 1.0049 1.8715 1.29 0.262922 -0.452411 -0.300356 0.845 1.046 0 0 0 0 
 0.915 1.98 1.26083 0 0 1.0153 1.9047 1.2441 0.264827 -0.470778 -0.309687 0.858 1.05 0 0 0 0 
 0.945 2.008 1.21362 0 0 1.0162 1.9075 1.2403 0.246324 -0.303255 -0.218077 0.891 1.049 0 0 0 0 
 0.939 2.029 1.16697 0 0 1.026 1.9346 1.2036 0.255883 -0.349011 -0.240748 0.869 1.072 0 0 0 0 
 0.929 2.066 1.13934 0 0 1.0401 1.9691 1.158 0.263486 -0.465393 -0.307826 0.854 1.067 0 0 0 0 
 0.948 2.075 1.09701 0 0 1.0459 1.9821 1.1411 0.26364 -0.357075 -0.239128 0.859 1.072 0 0 0 0 
 0.955 2.112 1.05139 0 0 1.0569 2.0052 1.1116 0.260606 -0.385786 -0.260411 0.84 1.067 0 0 0 0 
 1.004 2.143 1.01415 0 0 1.062 2.0154 1.0989 0.238075 -0.248896 -0.186006 0.842 1.08 0 0 0 0 
 0.993 2.175 0.970343 0 0 1.0765 2.0428 1.065 0.244422 -0.30923 -0.223908 0.874 1.088 0 0 0 0 
 1.015 2.21 0.947978 0 0 1.1006 2.084 1.016 0.249354 -0.343641 -0.243154 0.856 1.073 0 0 0 0 
 1.014 2.213 0.910761 0 0 1.1095 2.0982 0.9996 0.259696 -0.308748 -0.210819 0.847 1.081 0 0 0 0 
 1.01 2.208 0.876881 0 0 1.1311 2.1305 0.9633 0.284955 -0.228885 -0.143587 0.888 1.065 0 0 0 0 
 1.036 2.214 0.845346 0 0 1.1311 2.1305 0.9633 0.272964 -0.112217 -0.0738644 0.895 1.076 0 0 0 0 
 1.041 2.26 0.82367 0 0 1.1295 2.1282 0.9658 0.249108 -0.225207 -0.161316 0.904 1.091 0 0 0 0 
 1.059 2.285 0.807637 0 0 1.139 2.1418 0.9509 0.239278 -0.224124 -0.167029 0.939 1.083 0 0 0 0 
 1.083 2.294 0.786673 0 0 1.1601 2.1705 0.9202 0.246746 -0.147233 -0.106995 0.953 1.085 0 0 0 0 
 1.11 2.327 0.762291 0 0 1.1751 2.1898 0.9002 0.237038 -0.183673 -0.138583 0.926 1.084 0 0 0 0 
 1.103 2.333 0.749211 0 0 1.187 2.2046 0.8852 0.247721 -0.195741 -0.141283 0.949 1.08 0 0 0 0 
 1.12 2.346 0.728478 0 0 1.2145 2.2372 0.8532 0.259528 -0.199671 -0.13761 0.908 1.047 0 0 0 0 
 1.145 2.357 0.707695 0 0 1.2145 2.2372 0.8532 0.245432 -0.130765 -0.0956108 0.923 1.074 0 0 0 0 
 1.154 2.392 0.687775 0 0 1.2267 2.251 0.84 0.23793 -0.220117 -0.16501 0.94 1.078 0 0 0 0 
 1.178 2.42 0.67278 0 0 1.2425 2.2684 0.8239 0.229303 -0.241102 -0.187049 0.973 1.082 0 0 0 0 
 1.215 2.437 0.648487 0 0 1.262 2.2891 0.8053 0.223092 -0.172728 -0.138472 0.985 1.095 0 0 0 0 
 1.214 2.449 0.626525 0 0 1.285 2.3126 0.7849 0.23844 -0.183627 -0.137744 0.994 1.099 0 0 0 0 
 1.24 2.476 0.608169 0 0 1.3097 2.3368 0.7647 0.237213 -0.203517 -0.15322 1 1.111 0 0 0 0 
 1.263 2.467 0.590351 0 0 1.3167 2.3435 0.7593 0.234033 -0.0908557 -0.0697658 0.988 1.093 0 0 0 0 
 1.303 2.483 0.568137 0 0 1.3411 2.3663 0.7415 0.228688 -0.0306986 -0.0241581 0.981 1.1 0 0 0 0 
 1.32 2.492 0.561261 0 0 1.348 2.3726 0.7368 0.223169 -0.0173673 -0.0140069 0.982 1.11 0 0 0 0 
 1.34 2.516 0.556039 0 0 1.3769 2.3983 0.7183 0.230083 -0.0496577 -0.038829 0.982 1.148 0 0 0 0 
 1.338 2.532 0.551989 0 0 1.3885 2.4084 0.7115 0.23458 -0.0808293 -0.0619434 1.05 1.165 0 0 0 0 
 1.362 2.517 0.546018 0 0 1.4143 2.4304 0.6978 0.244286 0.0471743 0.0347461 1.049 1.117 0 0 0 0 
 1.404 2.536 0.540109 0 0 1.4206 2.4356 0.6948 0.221047 0.0659606 0.0536606 1.064 1.116 0 0 0 0 
 1.405 2.55 0.54053 0 0 1.4268 2.4408 0.692 0.221804 0.000714603 0.00057992 1.048 1.134 0 0 0 0 
 1.429 2.541 0.541088 0 0 1.4608 2.4686 0.6794 0.23759 0.12886 0.0973174 1.075 1.123 0 0 0 0 
 1.451 2.578 0.540955 0 0 1.4664 2.4731 0.6779 0.218463 -0.00923311 -0.00760736 1.054 1.136 0 0 0 0 
 1.472 2.602 0.54279 0 0 1.4759 2.4807 0.6759 0.205787 -0.0724056 -0.063248 1.084 1.13 0 0 0 0 
 1.512 2.615 0.542508 0 0 1.507 2.5056 0.6757 0.204224 0.00124869 0.00110058 1.109 1.138 0 0 0 0 
 1.511 2.624 0.542695 0 0 1.5324 2.5261 0.6809 0.220702 -0.00664798 -0.00542191 1.123 1.147 0 0 0 0 
 1.542 2.646 0.541481 0 0 1.5629 2.5511 0.6955 0.222562 0.023827 0.019268 1.122 1.19 0 0 0 0 
 1.568 2.646 0.540827 0 0 1.5667 2.5543 0.6984 0.213096 0.10995 0.0926078 1.141 1.202 0 0 0 0 
 1.578 2.669 0.541873 0 0 1.5982 2.5816 0.7359 0.221302 0.0934811 0.0758884 1.159 1.193 0 0 0 0 
 1.608 2.66 0.543109 0 0 1.6144 2.5967 0.7634 0.222889 0.270533 0.215096 1.146 1.216 0 0 0 0 
 1.601 2.673 0.546724 0 0 1.6325 2.6145 0.792 0.234249 0.23931 0.181857 1.151 1.212 0 0 0 0 
 1.628 2.702 0.557123 0 0 1.643 2.6253 0.8044 0.220806 0.197141 0.159347 1.155 1.247 0 0 0 0 
 1.659 2.717 0.577446 0 0 1.6479 2.6304 0.8088 0.204111 0.19611 0.171251 1.169 1.246 0 0 0 0 
 1.664 2.728 0.599305 0 0 1.6743 2.6585 0.8212 0.220796 0.187215 0.151455 1.154 1.267 0 0 0 0 
 1.678 2.758 0.619767 0 0 1.6972 2.6831 0.8228 0.221466 0.112595 0.0912597 1.211 1.263 0 0 0 0 
 1.698 2.768 0.63639 0 0 1.7046 2.6911 0.8225 0.212618 0.102342 0.0864257 1.212 1.243 0 0 0 0 
 1.714 2.785 0.647284 0 0 1.7258 2.7139 0.8207 0.216209 0.0787895 0.0655008 1.198 1.251 0 0 0 0 
 1.723 2.781 0.658435 0 0 1.7382 2.7272 0.8192 0.224624 0.129079 0.103069 1.207 1.254 0 0 0 0 
 1.747 2.781 0.667807 0 0 1.7554 2.7455 0.8172 0.228042 0.211571 0.165472 1.223 1.252 0 0 0 0 
 1.766 2.814 0.68205 0 0 1.7567 2.7469 0.817 0.209011 0.113596 0.0975184 1.217 1.289 0 0 0 0 
 1.777 2.816 0.703431 0 0 1.77 2.7611 0.8154 0.215155 0.137049 0.114158 1.251 1.288 0 0 0 0 
 1.785 2.826 0.714623 0 0 1.7949 2.7874 0.8124 0.228894 0.13378 0.104818 1.293 1.291 0 0 0 0 
 1.813 2.849 0.729419 0 0 1.7996 2.7924 0.8119 0.212786 0.117849 0.0993626 1.281 1.328 0 0 0 0 
 1.828 2.849 0.742514 0 0 1.8092 2.8025 0.8108 0.217973 0.153301 0.125925 1.234 1.381 0 0 0 0 
 1.853 2.866 0.754848 0 0 1.835 2.8296 0.8082 0.2212 0.165545 0.133905 1.252 1.385 0 0 0 0 
 1.857 2.891 0.7704 0 0 1.8423 2.8372 0.8074 0.212924 0.0625653 0.0528416 1.284 1.369 0 0 0 0 
 1.877 2.901 0.786385 0 0 1.8614 2.8571 0.8057 0.216486 0.0796615 0.066139 1.293 1.38 0 0 0 0 
 1.875 2.953 0.793389 0 0 1.8754 2.8717 0.8045 0.204655 -0.15411 -0.134723 1.294 1.39 0 0 0 0 
 1.89 2.968 0.801103 0 0 1.8922 2.8892 0.8031 0.204245 -0.169836 -0.148573 1.304 1.382 0 0 0 0 
 1.901 2.975 0.796739 0 0 1.9144 2.9121 0.8014 0.215137 -0.155572 -0.129436 1.282 1.397 0 0 0 0 
 1.923 2.983 0.794659 0 0 1.9307 2.9289 0.8003 0.217299 -0.101355 -0.0837609 1.273 1.428 0 0 0 0 
 1.926 2.993 0.792985 0 0 1.9403 2.9388 0.7996 0.22003 -0.130713 -0.106527 1.258 1.444 0 0 0 0 
 1.929 3.008 0.790188 0 0 1.9551 2.9541 0.7986 0.223946 -0.176335 -0.140794 1.258 1.445 0 0 0 0 
 1.958 3.035 0.783551 0 0 1.9602 2.9593 0.7983 0.204648 -0.166909 -0.145764 1.286 1.463 0 0 0 0 
 1.988 3.041 0.769733 0 0 1.9705 2.9698 0.7977 0.195914 -0.0725268 -0.0665372 1.269 1.458 0 0 0 0 
 1.984 3.061 0.753135 0 0 1.9972 2.9972 0.7961 0.211854 -0.145489 -0.122989 1.265 1.471 0 0 0 0 
 1.984 3.091 0.745799 0 0 2.014 3.0143 0.7953 0.213844 -0.24496 -0.203342 1.307 1.479 0 0 0 0 
 1.981 3.114 0.730357 0 0 2.0226 3.023 0.7949 0.21125 -0.340868 -0.282667 1.296 1.46 0 0 0 0 
 2.002 3.108 0.702669 0 0 2.0372 3.0379 0.7942 0.215754 -0.200908 -0.166071 1.296 1.458 0 0 0 0 
 2.022 3.141 0.666728 0 0 2.0461 3.047 0.7939 0.202767 -0.226598 -0.198506 1.321 1.488 0 0 0 0 
 2.03 3.173 0.64711 0 0 2.0551 3.0561 0.7935 0.19427 -0.317627 -0.286216 1.357 1.48 0 0 0 0 
 2.044 3.188 0.622114 0 0 2.0797 3.0812 0.7926 0.201965 -0.281682 -0.245964 1.368 1.481 0 0 0 0 
 2.045 3.194 0.588867 0 0 2.1019 3.1037 0.7919 0.218075 -0.225047 -0.183661 1.354 1.5 0 0 0 0 
 2.056 3.229 0.560806 0 0 2.1148 3.1167 0.7916 0.212379 -0.30358 -0.251834 1.352 1.524 0 0 0 0 
 2.071 3.237 0.537647 0 0 2.1181 3.12 0.7915 0.205003 -0.269704 -0.232527 1.372 1.528 0 0 0 0 
 2.098 3.227 0.503416 0 0 2.1412 3.1434 0.7909 0.210684 -0.0661447 -0.0564514 1.371 1.522 0 0 0 0 
 2.131 3.236 0.481114 0 0 2.1512 3.1536 0.7906 0.199045 0.0200102 0.0180937 1.364 1.556 0 0 0 0 
 2.148 3.253 0.475153 0 0 2.1614 3.1638 0.7904 0.19275 -0.00523806 -0.00489152 1.331 1.573 0 0 0 0 
 2.163 3.266 0.474027 0 0 2.1819 3.1845 0.79 0.19595 0.0150296 0.0138053 1.371 1.548 0 0 0 0 
 2.19 3.286 0.472418 0 0 2.1992 3.2019 0.7896 0.189006 0.0116867 0.0111294 1.346 1.562 0 0 0 0 
 2.207 3.289 0.471766 0 0 2.2131 3.216 0.7893 0.192064 0.0943649 0.0882084 1.4 1.592 0 0 0 0 
 2.212 3.297 0.471732 0 0 2.2379 3.241 0.7889 0.20603 0.122901 0.106964 1.39 1.592 0 0 0 0 
 2.236 3.31 0.473623 0 0 2.245 3.2482 0.7888 0.195902 0.132832 0.12145 1.399 1.612 0 0 0 0 
 2.241 3.321 0.4759 0 0 2.2522 3.2554 0.7887 0.196125 0.105316 0.0963581 1.406 1.621 0 0 0 0 
 2.248 3.324 0.478567 0 0 2.2702 3.2735 0.7884 0.205297 0.143628 0.125271 1.397 1.619 0 0 0 0 
 2.267 3.342 0.48205 0 0 2.281 3.2844 0.7882 0.198892 0.118921 0.107213 1.389 1.638 0 0 0 0 
 2.271 3.36 0.488174 0 0 2.2847 3.288 0.7881 0.19516 0.0405649 0.0373965 1.399 1.651 0 0 0 0 
 2.293 3.364 0.495754 0 0 2.3029 3.3064 0.7879 0.19681 0.113185 0.10315 1.431 1.643 0 0 0 0 
 2.337 3.365 0.500077 0 0 2.3139 3.3174 0.7877 0.183939 0.253414 0.243084 1.452 1.675 0 0 0 0 
 2.357 3.384 0.512029 0 0 2.3249 3.3285 0.7876 0.177404 0.220517 0.220119 1.431 1.705 0 0 0 0 
 2.37 3.377 0.538371 0 0 2.3507 3.3544 0.7872 0.194319 0.318653 0.287021 1.468 1.675 0 0 0 0 
 2.38 3.396 0.561442 0 0 2.3693 3.373 0.787 0.197432 0.255769 0.229093 1.487 1.646 0 0 0 0 
 2.403 3.426 0.59277 0 0 2.373 3.3768 0.7869 0.179909 0.152674 0.151579 1.483 1.665 0 0 0 0 
 2.439 3.44 0.617454 0 0 2.3879 3.3917 0.7868 0.169945 0.197428 0.206139 1.458 1.682 0 0 0 0 
 2.443 3.431 0.633485 0 0 2.414 3.4179 0.7865 0.193117 0.271288 0.24767 1.491 1.659 0 0 0 0 
 2.459 3.438 0.654174 0 0 2.4364 3.4403 0.7862 0.203061 0.297588 0.257916 1.531 1.669 0 0 0 0 
 2.485 3.46 0.683369 0 0 2.4364 3.4403 0.7862 0.183087 0.262031 0.252131 1.537 1.67 0 0 0 0 
 2.5 3.477 0.715166 0 0 2.4476 3.4515 0.7861 0.179606 0.219139 0.216187 1.544 1.677 0 0 0 0 
 2.517 3.488 0.742202 0 0 2.47 3.474 0.7858 0.188001 0.223154 0.210492 1.575 1.701 0 0 0 0 
 2.529 3.494 0.764168 0 0 2.4849 3.4889 0.7857 0.192873 0.223266 0.205426 1.579 1.699 0 0 0 0 
 2.547 3.508 0.787788 0 0 2.4998 3.5038 0.7855 0.19239 0.211121 0.195015 1.55 1.734 0 0 0 0 
 2.546 3.527 0.811311 0 0 2.511 3.515 0.7854 0.193887 0.104752 0.0969439 1.57 1.736 0 0 0 0 
 2.548 3.549 0.832081 0 0 2.5259 3.5298 0.7853 0.19699 0.00266518 0.00243531 1.598 1.772 0 0 0 0 
 2.569 3.581 0.839945 0 0 2.5333 3.5372 0.7852 0.178798 -0.0464869 -0.0467654 1.615 1.75 0 0 0 0 
 2.601 3.591 0.842543 0 0 2.548 3.552 0.7851 0.172977 0.043028 0.0447452 1.605 1.748 0 0 0 0 
 2.612 3.583 0.842802 0 0 2.5738 3.5777 0.7849 0.193738 0.105293 0.0975162 1.601 1.757 0 0 0 0 
 2.616 3.593 0.846186 0 0 2.5957 3.5996 0.7847 0.206293 0.0690215 0.0601516 1.625 1.772 0 0 0 0 
 2.635 3.609 0.854846 0 0 2.5957 3.5996 0.7847 0.193407 0.0836992 0.0777404 1.62 1.835 0 0 0 0 
 2.63 3.624 0.861623 0 0 2.6029 3.6068 0.7846 0.193886 -0.00526345 -0.00488646 1.649 1.817 0 0 0 0 
 2.638 3.619 0.869347 0 0 2.621 3.6248 0.7844 0.207876 0.0259339 0.0224525 1.66 1.812 0 0 0 0 
 2.642 3.649 0.871565 0 0 2.6246 3.6284 0.7844 0.194962 -0.0732156 -0.0674943 1.66 1.817 0 0 0 0 
 2.673 3.668 0.874678 0 0 2.6281 3.632 0.7844 0.176136 -0.0131634 -0.0134514 1.669 1.799 0 0 0 0 
 2.687 3.682 0.874899 0 0 2.6424 3.6463 0.7842 0.176522 -0.0150068 -0.0153013 1.659 1.83 0 0 0 0 
 2.686 3.705 0.874705 0 0 2.6672 3.671 0.784 0.187713 -0.123487 -0.117864 1.685 1.861 0 0 0 0 
 2.697 3.713 0.874316 0 0 2.6812 3.6849 0.7839 0.191053 -0.115124 -0.108041 1.689 1.861 0 0 0 0 
 2.716 3.742 0.873143 0 0 2.6951 3.6988 0.7838 0.181693 -0.150763 -0.148262 1.697 1.87 0 0 0 0 
 2.728 3.744 0.870314 0 0 2.702 3.7056 0.7837 0.182676 -0.104103 -0.10222 1.736 1.882 0 0 0 0 
 2.72 3.757 0.868069 0 0 2.7258 3.7294 0.7835 0.199028 -0.203552 -0.182054 1.69 1.894 0 0 0 0 
 2.724 3.771 0.863008 0 0 2.7325 3.7361 0.7835 0.197779 -0.235253 -0.210921 1.718 1.916 0 0 0 0 
 2.738 3.798 0.849678 0 0 2.7359 3.7394 0.7834 0.183769 -0.270497 -0.258999 1.728 1.939 0 0 0 0 
 2.754 3.8 0.825392 0 0 2.7459 3.7494 0.7834 0.185611 -0.18941 -0.181659 1.727 1.96 0 0 0 0 
 2.76 3.806 0.798911 0 0 2.7656 3.769 0.7832 0.197377 -0.163064 -0.147626 1.728 1.97 0 0 0 0 
 2.78 3.823 0.781149 0 0 2.7753 3.7787 0.7831 0.19049 -0.132811 -0.124844 1.753 1.988 0 0 0 0 
 2.793 3.833 0.765046 0 0 2.7817 3.7851 0.783 0.185671 -0.106844 -0.103213 1.776 1.97 0 0 0 0 
 2.814 3.853 0.749369 0 0 2.8007 3.804 0.7829 0.184247 -0.0901894 -0.0878838 1.778 1.992 0 0 0 0 
 2.832 3.865 0.73939 0 0 2.8101 3.8133 0.7828 0.179247 -0.0593394 -0.0595181 1.798 1.995 0 0 0 0 
 2.848 3.905 0.730242 0 0 2.8314 3.8345 0.7826 0.173227 -0.160533 -0.165288 1.815 1.986 0 0 0 0 
 2.848 3.924 0.72348 0 0 2.8463 3.8493 0.7824 0.178114 -0.231982 -0.23028 1.806 1.992 0 0 0 0 
 2.873 3.942 0.704646 0 0 2.875 3.8778 0.7821 0.183814 -0.1818 -0.176182 1.796 2.028 0 0 0 0 
 2.893 3.956 0.679394 0 0 2.8833 3.8861 0.782 0.176666 -0.142576 -0.144257 1.809 2.051 0 0 0 0 
 2.92 3.977 0.66035 0 0 2.9049 3.9075 0.7818 0.173447 -0.108122 -0.111739 1.832 2.039 0 0 0 0 
 2.942 3.98 0.646747 0 0 2.9229 3.9254 0.7815 0.176109 -0.0133264 -0.01362 1.834 2.033 0 0 0 0 
 2.951 4 0.635897 0 0 2.9472 3.9494 0.7812 0.184367 -0.0376939 -0.0367846 1.854 2.035 0 0 0 0 
 2.968 4.007 0.632557 0 0 2.9586 3.9608 0.781 0.18313 0.00551387 0.00541956 1.873 2.041 0 0 0 0 
 2.984 4.02 0.627708 0 0 2.9739 3.9759 0.7807 0.183887 0.0227965 0.0223109 1.853 2.094 0 0 0 0 
 3.004 4.044 0.626054 0 0 2.9862 3.9881 0.7804 0.175723 -0.00919065 -0.00941406 1.864 2.096 0 0 0 0 
 3.009 4.081 0.625317 0 0 3.0015 4.0033 0.7799 0.173621 -0.149872 -0.154145 1.88 2.123 0 0 0 0 
 3.009 4.073 0.621822 0 0 3.0219 4.0235 0.7791 0.192682 -0.0770843 -0.0718868 1.869 2.126 0 0 0 0 
 3.028 4.077 0.611784 0 0 3.0452 4.0465 0.7774 0.200944 0.00906466 0.0081197 1.898 2.129 0 0 0 0 
 3.018 4.093 0.604926 0 0 3.0404 4.0417 0.7779 0.196434 -0.098546 -0.0900572 1.911 2.116 0 0 0 0 
 3.028 4.094 0.603211 0 0 3.0518 4.0529 0.7764 0.201021 -0.0507422 -0.0454048 1.929 2.146 0 0 0 0 
 3.046 4.088 0.59566 0 0 3.0538 4.0549 0.776 0.195692 0.0444527 0.0408653 1.909 2.163 0 0 0 0 
 3.064 4.112 0.590888 0 0 3.0607 4.0617 0.7739 0.184846 -0.00130628 -0.00127204 1.917 2.193 0 0 0 0 
 3.1 4.13 0.591259 0 0 3.0665 4.0673 0.7693 0.165281 0.0238321 0.0259486 1.923 2.174 0 0 0 0 
 3.126 4.143 0.590197 0 0 3.0713 4.0719 0.4056 0.129837 -0.977607 -0.523599 1.932 2.195 0 0 0 0 
 3.141 4.158 0.588784 0 0 3.0714 4.0719 -1.8363 3.42852e-09 -1.63178 -0.523599 1.944 2.209 0 0 0 0 
 3.162 4.165 0.505782 0 0 3.0714 4.0719 -1.8363 3.56853e-09 -1.79952 -0.523599 1.966 2.212 0 0 0 0 
 3.159 4.194 0.358633 0 0 3.0714 4.0719 -1.8363 5.65341e-09 -2.15647 -0.523599 1.948 2.219 0 0 0 0 
 3.173 4.211 0.182758 0 0 3.0714 4.0719 -1.8363 8.75228e-09 -2.26594 -0.523599 1.991 2.227 0 0 0 0 
 3.175 4.197 -0.0241378 0 0 3.0714 4.0719 -1.8363 1.99567e-08 -2.11748 -0.523599 1.995 2.231 0 0 0 0 
 3.178 4.184 -0.234986 0 0 3.0714 4.0719 -1.8363 6.55012e-08 -1.95424 -0.523599 1.985 2.247 0 0 0 0 
 3.168 4.195 -0.444991 0 0 3.0714 4.0719 -1.8363 0.0327935 -1.8573 -0.523599 1.983 2.302 0 0 0 0 
 3.162 4.195 -0.646501 0 0 3.0714 4.0719 -1.8363 0.0907542 -1.75945 -0.523599 1.997 2.305 0 0 0 0 
 3.156 4.215 -0.837867 0 0 3.0714 4.0719 -1.8363 0.151561 -1.6371 -0.523599 2.009 2.3 0 0 0 0 
 3.137 4.226 -1.01941 0 0 3.0714 4.0719 -1.8363 0.202291 -1.37069 -0.523599 2.002 2.31 0 0 0 0 
 3.122 4.238 -1.18646 0 0 3.0714 4.0719 -1.8363 0.241466 -1.085 -0.523599 1.993 2.333 0 0 0 0 
