 1.483 1.53 -0.0262536 0 0 1.483 1.53 0.31825 0 0 0 2.417 2.974 0 0 0 0 
 1.481 1.537 -0.0262542 0 0 1.481 1.537 0.315509 6.89244e-05 2.26334e-14 1.31352e-10 2.42 2.978 0 0 0 0 
 1.48 1.535 -0.0262546 0 0 1.48 1.535 0.313464 6.89243e-05 2.27448e-14 1.31999e-10 2.417 2.972 0 0 0 0 
 1.486 1.534 -0.0262542 0 0 1.486 1.534 0.31088 6.89229e-05 2.28408e-14 1.32559e-10 2.414 2.964 0 0 0 0 
 1.484 1.536 -0.0262549 0 0 1.484 1.536 0.311235 6.89228e-05 2.27231e-14 1.31875e-10 2.42 2.969 0 0 0 0 
 1.485 1.533 -0.0262553 0 0 1.485 1.533 0.315459 6.89238e-05 2.28166e-14 1.32416e-10 2.421 2.973 0 0 0 0 
 1.487 1.534 -0.0262545 0 0 1.487 1.534 0.313098 6.89224e-05 2.27823e-14 1.3222e-10 2.426 2.971 0 0 0 0 
 1.486 1.537 -0.0262552 0 0 1.486 1.537 0.308527 6.89212e-05 2.2685e-14 1.31658e-10 2.427 2.967 0 0 0 0 
 1.486 1.537 -0.0262545 0 0 1.486 1.537 0.311292 6.89221e-05 2.26681e-14 1.31558e-10 2.425 2.971 0 0 0 0 
 1.485 1.539 -0.0262536 0 0 1.485 1.539 0.314067 6.89231e-05 2.25653e-14 1.30959e-10 2.422 2.977 0 0 0 0 
 1.483 1.533 -0.0262534 0 0 1.483 1.533 0.319462 6.89255e-05 2.27901e-14 1.3226e-10 2.417 2.979 0 0 0 0 
 1.486 1.538 -0.0262525 0 0 1.486 1.538 0.315122 6.89239e-05 2.26312e-14 1.3134e-10 2.414 2.975 0 0 0 0 
 1.488 1.532 -0.0262532 0 0 1.488 1.532 0.318998 6.89245e-05 2.28505e-14 1.32612e-10 2.418 2.976 0 0 0 0 
 1.485 1.532 -0.0262538 0 0 1.485 1.532 0.316248 6.89241e-05 2.28569e-14 1.32649e-10 2.42 2.973 0 0 0 0 
 1.485 1.533 -0.0262531 0 0 1.485 1.533 0.312861 6.8923e-05 2.28355e-14 1.32527e-10 2.422 2.969 0 0 0 0 
 1.483 1.53 -0.026254 0 0 1.483 1.53 0.314172 6.89235e-05 2.29339e-14 1.33098e-10 2.426 2.97 0 0 0 0 
 1.485 1.536 -0.0262525 0 0 1.485 1.536 0.309967 6.89217e-05 2.27091e-14 1.31796e-10 2.428 2.969 0 0 0 0 
 1.483 1.532 -0.0262519 0 0 1.483 1.532 0.314671 6.8924e-05 2.28638e-14 1.3269e-10 2.42 2.971 0 0 0 0 
 1.482 1.53 -0.0262521 0 0 1.482 1.53 0.316667 6.89249e-05 2.29376e-14 1.33116e-10 2.418 2.972 0 0 0 0 
 1.48 1.535 -0.0262519 0 0 1.48 1.535 0.31111 6.89234e-05 2.27545e-14 1.32057e-10 2.42 2.969 0 0 0 0 
 1.481 1.537 -0.0262517 0 0 1.481 1.537 0.312369 6.89233e-05 2.2646e-14 1.31428e-10 2.424 2.974 0 0 0 0 
 1.484 1.535 -0.026252 0 0 1.484 1.535 0.317877 6.89246e-05 2.27095e-14 1.31793e-10 2.42 2.979 0 0 0 0 
 1.486 1.54 -0.026252 0 0 1.486 1.54 0.313936 6.89226e-05 2.25089e-14 1.30633e-10 2.427 2.979 0 0 0 0 
 1.486 1.537 -0.0262504 0 0 1.486 1.537 0.314067 6.8923e-05 2.26513e-14 1.31459e-10 2.423 2.975 0 0 0 0 
 1.487 1.537 -0.0262513 0 0 1.487 1.537 0.314855 6.8923e-05 2.26479e-14 1.31439e-10 2.423 2.976 0 0 0 0 
 1.491 1.536 -0.0262514 0 0 1.491 1.536 0.314752 6.89225e-05 2.27122e-14 1.31813e-10 2.421 2.973 0 0 0 0 
 1.486 1.536 -0.0262513 0 0 1.486 1.536 0.314067 6.8923e-05 2.26946e-14 1.3171e-10 2.423 2.974 0 0 0 0 
 1.478 1.535 -0.0262506 0 0 1.478 1.535 0.31459 6.89246e-05 2.27107e-14 1.318e-10 2.422 2.976 0 0 0 0 
 1.478 1.533 -0.0262494 0 0 1.478 1.533 0.313494 6.89239e-05 2.27856e-14 1.32236e-10 2.428 2.974 0 0 0 0 
 1.479 1.531 -0.0262496 0 0 1.479 1.531 0.318247 6.89252e-05 2.28415e-14 1.32558e-10 2.426 2.979 0 0 0 0 
 1.479 1.53 -0.0262504 0 0 1.479 1.53 0.318201 6.89255e-05 2.28962e-14 1.32875e-10 2.423 2.977 0 0 0 0 
 1.477 1.529 -0.026251 0 0 1.477 1.529 0.316627 6.89254e-05 2.29468e-14 1.33169e-10 2.423 2.974 0 0 0 0 
 1.475 1.529 -0.0262516 0 0 1.475 1.529 0.315191 6.89257e-05 2.29672e-14 1.33287e-10 2.419 2.971 0 0 0 0 
 1.479 1.531 -0.0262511 0 0 1.479 1.531 0.310748 6.89236e-05 2.29251e-14 1.33046e-10 2.421 2.965 0 0 0 0 
 1.481 1.537 -0.0262517 0 0 1.481 1.537 0.309849 6.8923e-05 2.2689e-14 1.31677e-10 2.418 2.968 0 0 0 0 
 1.484 1.535 -0.0262509 0 0 1.484 1.535 0.311417 6.89229e-05 2.27684e-14 1.32138e-10 2.419 2.968 0 0 0 0 
 1.478 1.532 -0.0262506 0 0 1.478 1.532 0.311643 6.89237e-05 2.2856e-14 1.32646e-10 2.425 2.969 0 0 0 0 
 1.478 1.532 -0.0262514 0 0 1.478 1.532 0.313753 6.89246e-05 2.28553e-14 1.3264e-10 2.42 2.971 0 0 0 0 
 1.477 1.534 -0.0262513 0 0 1.477 1.534 0.310806 6.89237e-05 2.27838e-14 1.32226e-10 2.422 2.969 0 0 0 0 
 1.475 1.537 -0.0262534 0 0 1.475 1.537 0.310264 6.89238e-05 2.26484e-14 1.3144e-10 2.423 2.972 0 0 0 0 
 1.478 1.534 -0.0262535 0 0 1.478 1.534 0.315842 6.89247e-05 2.27325e-14 1.31927e-10 2.425 2.978 0 0 0 0 
 1.479 1.539 -0.0262533 0 0 1.479 1.539 0.313464 6.89244e-05 2.25721e-14 1.30996e-10 2.416 2.976 0 0 0 0 
 1.476 1.542 -0.0262535 0 0 1.476 1.542 0.308347 6.89233e-05 2.24699e-14 1.30405e-10 2.418 2.972 0 0 0 0 
 1.481 1.539 -0.0262528 0 0 1.481 1.539 0.309668 6.89228e-05 2.26005e-14 1.31164e-10 2.419 2.97 0 0 0 0 
 1.478 1.539 -0.0262546 0 0 1.478 1.539 0.310089 6.89236e-05 2.25942e-14 1.31126e-10 2.417 2.971 0 0 0 0 
 1.48 1.535 -0.0262548 0 0 1.48 1.535 0.311949 6.89235e-05 2.27402e-14 1.31973e-10 2.422 2.971 0 0 0 0 
 1.483 1.533 -0.0262551 0 0 1.483 1.533 0.316199 6.89248e-05 2.28252e-14 1.32464e-10 2.415 2.973 0 0 0 0 
 1.478 1.533 -0.0262538 0 0 1.478 1.533 0.316346 6.89253e-05 2.2793e-14 1.32277e-10 2.419 2.976 0 0 0 0 
 1.48 1.531 -0.0262535 0 0 1.48 1.531 0.315325 6.89247e-05 2.28918e-14 1.32851e-10 2.42 2.972 0 0 0 0 
 1.482 1.532 -0.0262537 0 0 1.482 1.532 0.316297 6.89246e-05 2.28465e-14 1.32588e-10 2.42 2.974 0 0 0 0 
 1.482 1.532 -0.026253 0 0 1.482 1.532 0.312969 6.89234e-05 2.28575e-14 1.32655e-10 2.425 2.97 0 0 0 0 
 1.486 1.536 -0.0262536 0 0 1.486 1.536 0.31111 6.8922e-05 2.27094e-14 1.31798e-10 2.426 2.97 0 0 0 0 
 1.483 1.532 -0.0262529 0 0 1.483 1.532 0.314671 6.8924e-05 2.28639e-14 1.3269e-10 2.42 2.971 0 0 0 0 
 1.483 1.534 -0.0262529 0 0 1.483 1.534 0.314803 6.89243e-05 2.27901e-14 1.32262e-10 2.416 2.972 0 0 0 0 
 1.486 1.534 -0.0262527 0 0 1.486 1.534 0.317411 6.89243e-05 2.27706e-14 1.32148e-10 2.418 2.976 0 0 0 0 
 1.486 1.531 -0.0262544 0 0 1.486 1.531 0.316668 6.8924e-05 2.28929e-14 1.32859e-10 2.422 2.973 0 0 0 0 
 1.485 1.535 -0.0262526 0 0 1.485 1.535 0.312131 6.89225e-05 2.27407e-14 1.31978e-10 2.426 2.971 0 0 0 0 
 1.483 1.536 -0.0262523 0 0 1.483 1.536 0.315141 6.89237e-05 2.2672e-14 1.31577e-10 2.424 2.977 0 0 0 0 
 1.482 1.533 -0.0262536 0 0 1.482 1.533 0.319319 6.89254e-05 2.27772e-14 1.32185e-10 2.42 2.98 0 0 0 0 
 1.48 1.53 -0.0262519 0 0 1.48 1.53 0.321175 6.89263e-05 2.28812e-14 1.32786e-10 2.421 2.981 0 0 0 0 
 1.479 1.533 -0.0262506 0 0 1.479 1.533 0.317784 6.89253e-05 2.27731e-14 1.32161e-10 2.422 2.979 0 0 0 0 
 1.478 1.536 -0.0262522 0 0 1.478 1.536 0.314641 6.89243e-05 2.26564e-14 1.31485e-10 2.425 2.978 0 0 0 0 
 1.476 1.535 -0.0262521 0 0 1.476 1.535 0.312478 6.89241e-05 2.27119e-14 1.31808e-10 2.425 2.974 0 0 0 0 
 1.475 1.539 -0.0262518 0 0 1.475 1.539 0.31188 6.89241e-05 2.25445e-14 1.30837e-10 2.424 2.977 0 0 0 0 
 1.479 1.534 -0.026251 0 0 1.479 1.534 0.312969 6.8924e-05 2.27714e-14 1.32154e-10 2.422 2.972 0 0 0 0 
 1.479 1.533 -0.0262507 0 0 1.479 1.533 0.314303 6.89247e-05 2.28175e-14 1.3242e-10 2.418 2.972 0 0 0 0 
 1.477 1.537 -0.0262505 0 0 1.477 1.537 0.313753 6.89247e-05 2.26388e-14 1.31383e-10 2.419 2.976 0 0 0 0 
 1.474 1.538 -0.0262513 0 0 1.474 1.538 0.311224 6.89244e-05 2.26041e-14 1.31182e-10 2.42 2.974 0 0 0 0 
 1.475 1.533 -0.0262522 0 0 1.475 1.533 0.314957 6.89256e-05 2.28023e-14 1.3233e-10 2.417 2.974 0 0 0 0 
 1.479 1.535 -0.0262541 0 0 1.479 1.535 0.314906 6.89248e-05 2.27256e-14 1.31886e-10 2.418 2.975 0 0 0 0 
 1.479 1.534 -0.0262525 0 0 1.479 1.534 0.314824 6.89243e-05 2.27446e-14 1.31998e-10 2.425 2.976 0 0 0 0 
 1.483 1.534 -0.0262531 0 0 1.483 1.534 0.315375 6.89237e-05 2.27494e-14 1.32027e-10 2.426 2.976 0 0 0 0 
 1.482 1.533 -0.0262531 0 0 1.482 1.533 0.314487 6.89241e-05 2.28187e-14 1.32428e-10 2.42 2.972 0 0 0 0 
 1.482 1.534 -0.026254 0 0 1.482 1.534 0.314067 6.8924e-05 2.27824e-14 1.32218e-10 2.419 2.972 0 0 0 0 
 1.483 1.533 -0.0262535 0 0 1.483 1.533 0.315039 6.89242e-05 2.28243e-14 1.32461e-10 2.418 2.972 0 0 0 0 
 1.48 1.531 -0.0262542 0 0 1.48 1.531 0.313281 6.89243e-05 2.29168e-14 1.32997e-10 2.418 2.968 0 0 0 0 
 1.479 1.534 -0.0262522 0 0 1.479 1.534 0.31153 6.89238e-05 2.2791e-14 1.32268e-10 2.42 2.969 0 0 0 0 
 1.477 1.534 -0.0262513 0 0 1.477 1.534 0.312969 6.89245e-05 2.2772e-14 1.32156e-10 2.42 2.972 0 0 0 0 
 1.476 1.533 -0.0262531 0 0 1.476 1.533 0.31195 6.89245e-05 2.28282e-14 1.32482e-10 2.418 2.969 0 0 0 0 
 1.479 1.535 -0.0262539 0 0 1.479 1.535 0.312861 6.89244e-05 2.27503e-14 1.3203e-10 2.416 2.971 0 0 0 0 
 1.482 1.536 -0.0262541 0 0 1.482 1.536 0.313831 6.8924e-05 2.27049e-14 1.31767e-10 2.417 2.973 0 0 0 0 
 1.479 1.536 -0.0262549 0 0 1.479 1.536 0.315242 6.89243e-05 2.26509e-14 1.31454e-10 2.426 2.979 0 0 0 0 
 1.478 1.536 -0.0262541 0 0 1.478 1.536 0.313023 6.8924e-05 2.26739e-14 1.31588e-10 2.424 2.975 0 0 0 0 
 1.484 1.533 -0.0262523 0 0 1.484 1.533 0.312076 6.8923e-05 2.2839e-14 1.32548e-10 2.422 2.968 0 0 0 0 
 1.479 1.535 -0.0262526 0 0 1.479 1.535 0.309967 6.89232e-05 2.27542e-14 1.32055e-10 2.422 2.968 0 0 0 0 
 1.479 1.535 -0.0262539 0 0 1.479 1.535 0.310089 6.89235e-05 2.27672e-14 1.32131e-10 2.418 2.967 0 0 0 0 
 1.475 1.533 -0.026252 0 0 1.475 1.533 0.312313 6.8925e-05 2.28324e-14 1.32506e-10 2.415 2.969 0 0 0 0 
 1.476 1.535 -0.0262531 0 0 1.476 1.535 0.312623 6.89252e-05 2.27603e-14 1.32087e-10 2.411 2.97 0 0 0 0 
 1.48 1.538 -0.0262539 0 0 1.48 1.538 0.310632 6.89235e-05 2.26428e-14 1.31408e-10 2.416 2.97 0 0 0 0 
 1.478 1.529 -0.0262533 0 0 1.478 1.529 0.317505 6.8926e-05 2.29678e-14 1.3329e-10 2.416 2.973 0 0 0 0 
 1.474 1.531 -0.0262539 0 0 1.474 1.531 0.315609 6.89259e-05 2.28731e-14 1.3274e-10 2.419 2.974 0 0 0 0 
 1.478 1.535 -0.0262534 0 0 1.478 1.535 0.312915 6.89244e-05 2.27394e-14 1.31967e-10 2.418 2.972 0 0 0 0 
 1.484 1.532 -0.0262518 0 0 1.484 1.532 0.316434 6.89245e-05 2.28591e-14 1.32662e-10 2.418 2.973 0 0 0 0 
 1.482 1.532 -0.0262519 0 0 1.482 1.532 0.316014 6.89249e-05 2.28669e-14 1.32706e-10 2.415 2.972 0 0 0 0 
 1.48 1.537 -0.0262518 0 0 1.48 1.537 0.311167 6.89232e-05 2.26567e-14 1.3149e-10 2.423 2.972 0 0 0 0 
 1.48 1.539 -0.0262502 0 0 1.48 1.539 0.310386 6.89228e-05 2.25735e-14 1.31007e-10 2.424 2.973 0 0 0 0 
 1.48 1.538 -0.0262494 0 0 1.48 1.538 0.311643 6.8923e-05 2.25952e-14 1.31133e-10 2.427 2.975 0 0 0 0 
 1.476 1.536 -0.0262507 0 0 1.476 1.536 0.308414 6.89226e-05 2.26831e-14 1.31644e-10 2.431 2.97 0 0 0 0 
 1.476 1.534 -0.0262511 0 0 1.476 1.534 0.309188 6.89229e-05 2.27666e-14 1.32128e-10 2.43 2.969 0 0 0 0 
 1.475 1.537 -0.0262521 0 0 1.475 1.537 0.307046 6.89223e-05 2.26487e-14 1.31445e-10 2.431 2.969 0 0 0 0 
 1.475 1.54 -0.0262527 0 0 1.475 1.54 0.305615 6.8922e-05 2.25385e-14 1.30806e-10 2.429 2.969 0 0 0 0 
 1.478 1.536 -0.0262525 0 0 1.478 1.536 0.311281 6.89233e-05 2.26784e-14 1.31615e-10 2.427 2.973 0 0 0 0 
 1.478 1.538 -0.0262513 0 0 1.478 1.538 0.313806 6.89242e-05 2.25843e-14 1.31067e-10 2.423 2.978 0 0 0 0 
 1.471 1.543 -0.0262502 0 0 1.471 1.543 0.308291 6.8924e-05 2.24045e-14 1.30024e-10 2.42 2.975 0 0 0 0 
 1.472 1.535 -0.02625 0 0 1.472 1.535 0.311462 6.89249e-05 2.27254e-14 1.31885e-10 2.42 2.972 0 0 0 0 
 1.474 1.541 -0.0262508 0 0 1.474 1.541 0.308051 6.89234e-05 2.24987e-14 1.30572e-10 2.421 2.972 0 0 0 0 
 1.479 1.541 -0.0262506 0 0 1.479 1.541 0.310509 6.89233e-05 2.25005e-14 1.30583e-10 2.419 2.974 0 0 0 0 
 1.476 1.538 -0.0262503 0 0 1.476 1.538 0.313334 6.89248e-05 2.2603e-14 1.31175e-10 2.417 2.976 0 0 0 0 
 1.479 1.538 -0.0262506 0 0 1.479 1.538 0.309787 6.89229e-05 2.26222e-14 1.3129e-10 2.423 2.971 0 0 0 0 
 1.481 1.54 -0.0262527 0 0 1.481 1.54 0.310089 6.89229e-05 2.25502e-14 1.30872e-10 2.42 2.972 0 0 0 0 
 1.482 1.537 -0.0262513 0 0 1.482 1.537 0.311235 6.89232e-05 2.26802e-14 1.31626e-10 2.418 2.97 0 0 0 0 
 1.485 1.533 -0.0262513 0 0 1.485 1.533 0.316991 6.89246e-05 2.28214e-14 1.32443e-10 2.416 2.974 0 0 0 0 
 1.486 1.535 -0.0262513 0 0 1.486 1.535 0.315964 6.89241e-05 2.27467e-14 1.3201e-10 2.416 2.974 0 0 0 0 
 1.486 1.534 -0.0262518 0 0 1.486 1.534 0.315964 6.89241e-05 2.279e-14 1.32262e-10 2.416 2.973 0 0 0 0 
 1.484 1.536 -0.0262511 0 0 1.484 1.536 0.31244 6.89231e-05 2.27126e-14 1.31814e-10 2.42 2.971 0 0 0 0 
 1.482 1.534 -0.0262516 0 0 1.482 1.534 0.315693 6.89244e-05 2.27648e-14 1.32115e-10 2.42 2.975 0 0 0 0 
 1.477 1.531 -0.0262518 0 0 1.477 1.531 0.314824 6.89249e-05 2.28755e-14 1.32756e-10 2.423 2.973 0 0 0 0 
 1.474 1.531 -0.0262523 0 0 1.474 1.531 0.312478 6.89247e-05 2.28863e-14 1.32819e-10 2.423 2.97 0 0 0 0 
