 3.751 4.136 1.21021 0 0 2.17056 3.03656 0.834887 0 0 0 1.474 2.821 0 0 0 0 
 3.745 4.135 1.21021 0 0 2.16756 3.03656 0.836058 -7.28014e-09 1.54968 -0.523599 1.474 2.822 0 0 0 0 
 3.745 4.135 1.21025 0 0 2.16706 3.03456 0.837838 -7.28443e-09 1.54826 -0.523599 1.473 2.818 0 0 0 0 
 3.742 4.137 1.28119 0 0 2.16356 3.03606 0.838001 -8.93758e-09 1.59919 -0.523599 1.469 2.819 0 0 0 0 
 3.745 4.139 1.40519 0 0 2.16506 3.03806 0.836874 -8.74447e-09 1.65132 -0.523599 1.469 2.821 0 0 0 0 
 3.752 4.14 1.56168 0 0 2.17106 3.03806 0.8372 -5.4092e-09 1.67482 -0.523599 1.474 2.82 0 0 0 0 
 3.746 4.155 1.72594 0 0 2.16856 3.04456 0.849065 -2.95991e-09 1.67542 -0.523599 1.475 2.818 0 0 0 0 
 3.743 4.146 1.89409 0 0 2.16706 3.04156 0.84368 6.63925e-09 1.68828 0.523599 1.475 2.821 0 0 0 0 
 3.767 4.158 2.06444 0 0 2.17806 3.04956 0.83819 0.0627695 1.71615 0.523599 1.473 2.825 0 0 0 0 
 3.754 4.2 2.23485 0 0 2.17106 3.06806 0.868413 0.282599 1.74904 0.523599 1.472 2.82 0 0 0 0 
 3.77 4.216 2.40576 0 0 2.17856 3.07606 0.870534 0.501526 1.71771 0.523599 1.471 2.82 0 0 0 0 
 3.776 4.213 2.56539 0 0 2.17956 3.07306 0.866598 0.686015 1.63156 0.523599 1.467 2.817 0 0 0 0 
 3.775 4.234 2.70781 0 0 2.17756 3.08106 0.880156 0.826605 1.51977 0.523599 1.464 2.812 0 0 0 0 
 3.773 4.235 2.82274 0 0 2.17756 3.08306 0.880649 0.926703 1.40351 0.523599 1.466 2.815 0 0 0 0 
 3.76 4.229 2.91875 0 0 2.17406 3.07806 0.88723 0.995526 1.29513 0.479817 1.472 2.811 0 0 0 0 
 3.705 4.237 3.00205 0 0 2.14806 3.08056 0.918172 1.03524 1.20384 0.435374 1.475 2.808 0 0 0 0 
 3.646 4.26 3.09945 0 0 2.11806 3.09656 0.953203 1.07749 1.08878 0.384115 1.474 2.817 0 0 0 0 
 3.585 4.273 -3.07609 0 0 2.08756 3.10306 0.991824 1.11631 0.952973 0.329057 1.474 2.817 0 0 0 0 
 3.505 4.279 -2.9717 0 0 2.04556 3.10406 1.04012 1.14024 0.818449 0.279594 1.47 2.813 0 0 0 0 
 3.409 4.273 -2.86763 0 0 1.99956 3.10306 1.0936 1.14668 0.679754 0.23282 1.474 2.817 0 0 0 0 
 3.32 4.262 -2.77067 0 0 1.95506 3.10106 1.13958 1.1458 0.54431 0.187781 1.474 2.824 0 0 0 0 
 3.217 4.247 -2.6783 0 0 1.90606 3.09356 1.20931 1.1329 0.421681 0.147799 1.479 2.824 0 0 0 0 
 3.129 4.23 -2.60048 0 0 1.85956 3.08406 1.2672 1.12007 0.315474 0.11219 1.474 2.822 0 0 0 0 
 3.046 4.199 -2.53988 0 0 1.81656 3.06806 1.31294 1.10007 0.231451 0.0839608 1.471 2.821 0 0 0 0 
 2.948 4.148 -2.49927 0 0 1.76756 3.03956 1.36638 1.06895 0.181219 0.0677085 1.471 2.815 0 0 0 0 
 2.862 4.098 -2.47402 0 0 1.72206 3.01306 1.40357 1.04011 0.150494 0.0578118 1.466 2.812 0 0 0 0 
 2.781 4.045 -2.45671 0 0 1.68206 2.98556 1.44076 1.00949 0.132185 0.052329 1.467 2.81 0 0 0 0 
 2.714 3.995 -2.44008 0 0 1.64856 2.95856 1.46794 0.983567 0.11215 0.0455778 1.467 2.806 0 0 0 0 
 2.653 3.937 -2.42693 0 0 1.61856 2.93206 1.46385 0.954858 0.0895125 0.0374801 1.468 2.811 0 0 0 0 
 2.585 3.881 -2.41607 0 0 1.58556 2.90256 1.4877 0.926236 0.0778491 0.0336069 1.47 2.808 0 0 0 0 
 2.516 3.812 -2.40551 0 0 1.55356 2.87006 1.48678 0.892085 0.0604258 0.0270876 1.475 2.812 0 0 0 0 
 2.45 3.745 -2.39604 0 0 1.51806 2.83556 1.47769 0.862788 0.0429653 0.0199166 1.47 2.81 0 0 0 0 
 2.379 3.677 -2.38862 0 0 1.47656 2.79706 1.47518 0.835247 0.0305406 0.0146249 1.458 2.801 0 0 0 0 
 2.318 3.609 -2.38314 0 0 1.44656 2.76206 1.46512 0.805334 0.0193857 0.00962837 1.459 2.799 0 0 0 0 
 2.245 3.55 -2.37937 0 0 1.41156 2.73306 1.49161 0.773422 0.0199091 0.0102963 1.462 2.8 0 0 0 0 
 2.189 3.49 -2.37564 0 0 1.38056 2.70306 1.46991 0.747711 0.00892912 0.00477674 1.456 2.8 0 0 0 0 
 2.117 3.424 -2.37307 0 0 1.34806 2.67106 1.48836 0.713237 0.00937551 0.00525796 1.463 2.802 0 0 0 0 
 2.06 3.373 -2.37071 0 0 1.32156 2.64706 1.50091 0.686278 0.00870684 0.00507478 1.467 2.805 0 0 0 0 
 1.99 3.307 -2.35804 0 0 1.28956 2.61706 1.50722 0.651593 -0.00815792 -0.00500794 1.473 2.811 0 0 0 0 
 1.945 3.256 -2.35024 0 0 1.26856 2.59606 1.47689 0.626252 -0.0257719 -0.0164596 1.476 2.82 0 0 0 0 
 1.915 3.232 -2.35019 0 0 1.25456 2.58656 1.48225 0.611959 -0.0244136 -0.0159563 1.478 2.825 0 0 0 0 
 1.913 3.215 -2.34998 0 0 1.25406 2.57906 1.44396 0.606804 -0.0333486 -0.0219796 1.479 2.827 0 0 0 0 
 1.915 3.211 -2.35036 0 0 1.25556 2.58006 1.41862 0.604705 -0.0387799 -0.0256465 1.48 2.833 0 0 0 0 
 1.921 3.21 -2.35041 0 0 1.25856 2.57956 1.4034 0.605883 -0.0424389 -0.0280105 1.48 2.833 0 0 0 0 
 1.927 3.212 -2.3505 0 0 1.26156 2.58056 1.39515 0.607762 -0.0443985 -0.0292126 1.48 2.833 0 0 0 0 
 1.927 3.213 -2.35039 0 0 1.26356 2.57906 1.41487 0.607987 -0.0397244 -0.0261291 1.484 2.829 0 0 0 0 
 1.932 3.222 -2.35043 0 0 1.26506 2.58456 1.41557 0.611268 -0.0395805 -0.0258948 1.482 2.831 0 0 0 0 
 1.936 3.224 -2.35051 0 0 1.26906 2.58706 1.41332 0.611035 -0.0400179 -0.0261908 1.486 2.834 0 0 0 0 
 1.942 3.23 -2.35045 0 0 1.26606 2.58906 1.39314 0.617136 -0.0452406 -0.0293145 1.474 2.832 0 0 0 0 
 1.947 3.231 -2.35045 0 0 1.26956 2.58656 1.40219 0.619475 -0.0430567 -0.0277949 1.476 2.826 0 0 0 0 
 1.954 3.236 -2.34944 0 0 1.27506 2.58856 1.40909 0.621568 -0.0428205 -0.0275494 1.48 2.825 0 0 0 0 
 1.957 3.235 -2.35059 0 0 1.28156 2.59206 1.40396 0.617835 -0.0423783 -0.0274298 1.49 2.833 0 0 0 0 
 1.964 3.234 -2.35038 0 0 1.28606 2.59306 1.38494 0.618077 -0.04743 -0.0306856 1.492 2.836 0 0 0 0 
 1.966 3.235 -2.35019 0 0 1.28806 2.59456 1.38279 0.617841 -0.0482432 -0.0312233 1.494 2.838 0 0 0 0 
 1.966 3.244 -2.35047 0 0 1.28856 2.60056 1.39782 0.619008 -0.0440918 -0.0284842 1.495 2.841 0 0 0 0 
 1.97 3.242 -2.35027 0 0 1.28906 2.59656 1.3921 0.621586 -0.0458842 -0.0295186 1.492 2.835 0 0 0 0 
 1.975 3.246 -2.35036 0 0 1.29056 2.59656 1.39503 0.625101 -0.0451133 -0.0288599 1.49 2.831 0 0 0 0 
 1.972 3.252 -2.35038 0 0 1.28656 2.59806 1.4104 0.627672 -0.0413208 -0.0263266 1.485 2.828 0 0 0 0 
 1.969 3.253 -2.35031 0 0 1.28356 2.59856 1.41259 0.627905 -0.0408937 -0.026045 1.482 2.828 0 0 0 0 
 1.967 3.252 -2.35027 0 0 1.28306 2.59856 1.41448 0.626732 -0.0404537 -0.0258131 1.483 2.829 0 0 0 0 
 1.974 3.257 -2.35028 0 0 1.28806 2.60156 1.41487 0.628606 -0.0403886 -0.0256947 1.486 2.83 0 0 0 0 
 1.974 3.258 -2.35026 0 0 1.29156 2.60256 1.42968 0.626961 -0.0367778 -0.0234599 1.493 2.831 0 0 0 0 
 1.971 3.266 -2.35025 0 0 1.29256 2.61056 1.44706 0.625083 -0.0326223 -0.0208724 1.498 2.839 0 0 0 0 
 1.977 3.268 -2.35034 0 0 1.29806 2.61456 1.43581 0.624383 -0.035146 -0.0225118 1.503 2.845 0 0 0 0 
 1.982 3.269 -2.35034 0 0 1.30606 2.61556 1.44896 0.622975 -0.0320071 -0.0205483 1.514 2.846 0 0 0 0 
 1.984 3.267 -2.35036 0 0 1.30156 2.61506 1.41419 0.625327 -0.0403717 -0.0258187 1.503 2.847 0 0 0 0 
 1.983 3.269 -2.35027 0 0 1.29806 2.61256 1.42348 0.628603 -0.0383082 -0.0243719 1.497 2.84 0 0 0 0 
 1.982 3.265 -2.35025 0 0 1.29506 2.60906 1.41288 0.62931 -0.0409392 -0.0260158 1.492 2.837 0 0 0 0 
 1.984 3.263 -2.35031 0 0 1.29706 2.60506 1.42164 0.630245 -0.0387383 -0.0245813 1.494 2.831 0 0 0 0 
 1.986 3.262 -2.35031 0 0 1.29756 2.60706 1.40235 0.629549 -0.0434764 -0.0276168 1.493 2.836 0 0 0 0 
 1.986 3.263 -2.35036 0 0 1.30156 2.60906 1.41458 0.627201 -0.040321 -0.0257092 1.501 2.839 0 0 0 0 
 1.992 3.265 -2.3504 0 0 1.30456 2.61256 1.39569 0.627913 -0.0449758 -0.0286431 1.501 2.844 0 0 0 0 
 1.993 3.268 -2.35037 0 0 1.30406 2.61156 1.40677 0.630485 -0.0423182 -0.0268416 1.499 2.839 0 0 0 0 
 1.993 3.266 -2.35029 0 0 1.30156 2.60956 1.39656 0.631661 -0.0450076 -0.0284934 1.494 2.837 0 0 0 0 
 1.995 3.265 -2.35031 0 0 1.29906 2.60656 1.38697 0.634712 -0.0474997 -0.0299257 1.487 2.832 0 0 0 0 
 1.991 3.265 -2.35024 0 0 1.29806 2.60706 1.39688 0.633066 -0.0450362 -0.0284483 1.489 2.833 0 0 0 0 
 1.988 3.266 -2.35024 0 0 1.30356 2.61356 1.40802 0.626499 -0.0420877 -0.0268652 1.503 2.845 0 0 0 0 
 1.985 3.266 -2.35029 0 0 1.30006 2.61256 1.4103 0.627202 -0.0414736 -0.0264437 1.499 2.843 0 0 0 0 
 1.988 3.266 -2.35035 0 0 1.29706 2.60906 1.40073 0.631659 -0.0438767 -0.0277779 1.49 2.836 0 0 0 0 
 1.988 3.267 -2.35041 0 0 1.29606 2.60956 1.3988 0.632364 -0.0443009 -0.028015 1.488 2.836 0 0 0 0 
 1.986 3.268 -2.35039 0 0 1.29856 2.61256 1.40863 0.629313 -0.0417981 -0.0265612 1.495 2.841 0 0 0 0 
 1.988 3.268 -2.35038 0 0 1.29906 2.61206 1.40461 0.630252 -0.0428311 -0.0271768 1.494 2.84 0 0 0 0 
 1.988 3.265 -2.35034 0 0 1.29406 2.60506 1.40136 0.634471 -0.0438118 -0.027614 1.484 2.829 0 0 0 0 
 1.988 3.264 -2.3503 0 0 1.29606 2.60856 1.39029 0.63143 -0.0465708 -0.0294932 1.488 2.837 0 0 0 0 
 1.994 3.268 -2.35037 0 0 1.30006 2.61106 1.38862 0.633072 -0.0469458 -0.0296536 1.49 2.838 0 0 0 0 
 1.992 3.269 -2.35038 0 0 1.30006 2.60706 1.4182 0.634464 -0.039571 -0.0249425 1.492 2.829 0 0 0 0 
 1.992 3.266 -2.35041 0 0 1.30106 2.60806 1.40502 0.632127 -0.0427337 -0.0270346 1.494 2.834 0 0 0 0 
 1.996 3.268 -2.35032 0 0 1.30356 2.61056 1.39677 0.632598 -0.0449365 -0.0284063 1.495 2.837 0 0 0 0 
 1.996 3.269 -2.35021 0 0 1.30106 2.61006 1.39307 0.634473 -0.0460739 -0.0290389 1.49 2.835 0 0 0 0 
 1.993 3.266 -2.35027 0 0 1.30256 2.61256 1.38783 0.62979 -0.0471958 -0.0299666 1.496 2.843 0 0 0 0 
 1.99 3.266 -2.35025 0 0 1.29756 2.60906 1.39464 0.632364 -0.0455621 -0.0288122 1.489 2.836 0 0 0 0 
 1.99 3.266 -2.35021 0 0 1.29906 2.60656 1.4115 0.632825 -0.0414258 -0.0261787 1.492 2.831 0 0 0 0 
 1.988 3.267 -2.3502 0 0 1.29956 2.60556 1.43073 0.632584 -0.0367396 -0.0232273 1.495 2.828 0 0 0 0 
 1.991 3.272 -2.35021 0 0 1.30206 2.60706 1.44417 0.634456 -0.033548 -0.0211476 1.497 2.826 0 0 0 0 
 1.989 3.269 -2.35024 0 0 1.30306 2.61006 1.4303 0.630241 -0.0367364 -0.0233116 1.501 2.835 0 0 0 0 
 1.991 3.268 -2.35018 0 0 1.30206 2.61106 1.40893 0.630716 -0.0420424 -0.0266569 1.497 2.838 0 0 0 0 
 1.991 3.266 -2.35023 0 0 1.30056 2.60806 1.40707 0.631889 -0.0424764 -0.026882 1.494 2.834 0 0 0 0 
 1.996 3.267 -2.35018 0 0 1.30056 2.60806 1.39106 0.634708 -0.0466386 -0.0293837 1.489 2.833 0 0 0 0 
 1.992 3.267 -2.35016 0 0 1.29706 2.60606 1.40156 0.635406 -0.0440387 -0.0277161 1.486 2.829 0 0 0 0 
 1.993 3.27 -2.35014 0 0 1.29956 2.60956 1.40553 0.634466 -0.0430456 -0.0271315 1.49 2.833 0 0 0 0 
 1.995 3.267 -2.35007 0 0 1.30256 2.60756 1.40533 0.633528 -0.0431666 -0.027248 1.494 2.832 0 0 0 0 
 1.993 3.271 -2.35016 0 0 1.30256 2.61356 1.40492 0.631655 -0.0430993 -0.0272862 1.496 2.84 0 0 0 0 
 1.991 3.27 -2.35014 0 0 1.29906 2.61056 1.40738 0.633294 -0.0425596 -0.0268749 1.491 2.835 0 0 0 0 
 1.995 3.271 -2.35021 0 0 1.30056 2.61206 1.39508 0.634238 -0.0455651 -0.028729 1.49 2.837 0 0 0 0 
 1.998 3.266 -2.35028 0 0 1.30256 2.60906 1.38266 0.633777 -0.0486092 -0.0306695 1.491 2.836 0 0 0 0 
 1.996 3.265 -2.3503 0 0 1.30206 2.61056 1.37812 0.631905 -0.0496992 -0.0314495 1.492 2.84 0 0 0 0 
 1.994 3.265 -2.35024 0 0 1.30106 2.60856 1.39051 0.632366 -0.0466284 -0.029486 1.492 2.836 0 0 0 0 
 1.994 3.265 -2.35026 0 0 1.30156 2.60956 1.38828 0.631664 -0.0471521 -0.0298501 1.493 2.838 0 0 0 0 
 1.993 3.267 -2.35025 0 0 1.29856 2.61006 1.38663 0.633306 -0.0476241 -0.0300706 1.488 2.837 0 0 0 0 
 1.991 3.264 -2.35027 0 0 1.29756 2.60706 1.39062 0.632835 -0.0465665 -0.0294251 1.488 2.834 0 0 0 0 
 1.992 3.267 -2.3503 0 0 1.29806 2.60856 1.39497 0.63377 -0.045454 -0.0286801 1.488 2.834 0 0 0 0 
 1.991 3.269 -2.35028 0 0 1.29756 2.60706 1.41199 0.635168 -0.041263 -0.0259797 1.488 2.829 0 0 0 0 
 1.991 3.267 -2.35026 0 0 1.29606 2.60406 1.41013 0.636341 -0.0417819 -0.0262578 1.485 2.825 0 0 0 0 
 1.991 3.272 -2.35019 0 0 1.29556 2.60606 1.42103 0.637976 -0.0392349 -0.0245946 1.484 2.824 0 0 0 0 
 1.993 3.273 -2.35014 0 0 1.30006 2.60906 1.42275 0.635866 -0.0388319 -0.0244229 1.491 2.829 0 0 0 0 
 1.992 3.269 -2.35014 0 0 1.29856 2.60656 1.41415 0.6354 -0.0409325 -0.0257623 1.489 2.828 0 0 0 0 
 1.989 3.269 -2.35013 0 0 1.30056 2.61106 1.41536 0.630948 -0.0405424 -0.0256969 1.496 2.837 0 0 0 0 
 1.997 3.268 -2.3501 0 0 1.30256 2.61206 1.38243 0.632837 -0.048897 -0.0308967 1.492 2.84 0 0 0 0 
 1.993 3.265 -2.35015 0 0 1.29956 2.61156 1.37592 0.631201 -0.0504627 -0.031968 1.49 2.842 0 0 0 0 
 1.995 3.263 -2.3502 0 0 1.30106 2.61106 1.36773 0.630739 -0.0524974 -0.0332804 1.491 2.843 0 0 0 0 
 1.997 3.263 -2.35024 0 0 1.30006 2.60906 1.36436 0.633085 -0.0534065 -0.0337309 1.487 2.839 0 0 0 0 
 1.992 3.261 -2.35023 0 0 1.29756 2.60706 1.37407 0.631907 -0.050842 -0.0321722 1.487 2.837 0 0 0 0 
 1.99 3.27 -2.35032 0 0 1.29506 2.61456 1.37836 0.632843 -0.0496403 -0.0313658 1.484 2.843 0 0 0 0 
 1.991 3.266 -2.35026 0 0 1.29406 2.61056 1.37054 0.633784 -0.0517847 -0.0326712 1.481 2.839 0 0 0 0 
 1.993 3.268 -2.35022 0 0 1.29806 2.61356 1.3742 0.632375 -0.0508464 -0.0321511 1.487 2.843 0 0 0 0 
 1.996 3.266 -2.35018 0 0 1.30006 2.61156 1.37029 0.632846 -0.051935 -0.0328145 1.488 2.841 0 0 0 0 
 1.996 3.267 -2.35015 0 0 1.30056 2.61156 1.3764 0.633076 -0.0503981 -0.0318325 1.489 2.84 0 0 0 0 
 2 3.269 -2.3502 0 0 1.30306 2.61556 1.36231 0.632852 -0.053997 -0.034116 1.49 2.846 0 0 0 0 
 2.003 3.268 -2.35019 0 0 1.30356 2.61306 1.35887 0.634729 -0.0549715 -0.0346286 1.488 2.842 0 0 0 0 
 2.003 3.27 -2.35021 0 0 1.30506 2.61406 1.36873 0.634488 -0.0523468 -0.032989 1.491 2.842 0 0 0 0 
 2.003 3.274 -2.35024 0 0 1.30356 2.61306 1.38358 0.637525 -0.0485439 -0.0304483 1.488 2.836 0 0 0 0 
 2.002 3.27 -2.35023 0 0 1.30556 2.61406 1.37456 0.633781 -0.0507758 -0.0320353 1.493 2.842 0 0 0 0 
 2 3.267 -2.3503 0 0 1.30556 2.61306 1.37407 0.631908 -0.050754 -0.0321164 1.495 2.843 0 0 0 0 
 1.992 3.263 -2.3503 0 0 1.29956 2.61056 1.37567 0.630266 -0.0502887 -0.031905 1.491 2.842 0 0 0 0 
 1.999 3.267 -2.35034 0 0 1.30006 2.60906 1.37309 0.635893 -0.0510643 -0.0321103 1.485 2.835 0 0 0 0 
 1.999 3.264 -2.35034 0 0 1.30006 2.60756 1.36692 0.635194 -0.0526632 -0.0331514 1.485 2.835 0 0 0 0 
 1.999 3.265 -2.35026 0 0 1.29806 2.60806 1.36129 0.636369 -0.0542917 -0.0341127 1.481 2.835 0 0 0 0 
 1.993 3.269 -2.35024 0 0 1.29656 2.60856 1.3934 0.635879 -0.045995 -0.0289251 1.484 2.832 0 0 0 0 
 1.991 3.272 -2.35022 0 0 1.29606 2.61006 1.40584 0.635873 -0.0428871 -0.0269719 1.485 2.832 0 0 0 0 
 1.993 3.271 -2.35031 0 0 1.29706 2.60956 1.39964 0.636112 -0.0443169 -0.0278602 1.485 2.832 0 0 0 0 
 1.999 3.269 -2.35035 0 0 1.30256 2.60806 1.39551 0.636114 -0.0453134 -0.0284862 1.49 2.831 0 0 0 0 
 1.998 3.269 -2.35033 0 0 1.30206 2.60906 1.39329 0.635412 -0.0458726 -0.0288693 1.49 2.833 0 0 0 0 
 1.996 3.265 -2.3503 0 0 1.30206 2.61006 1.38021 0.632138 -0.0491684 -0.0311024 1.492 2.839 0 0 0 0 
 1.993 3.266 -2.35025 0 0 1.29956 2.60906 1.39062 0.632835 -0.0466025 -0.0294479 1.49 2.836 0 0 0 0 
 1.992 3.268 -2.35023 0 0 1.29856 2.61056 1.39274 0.633068 -0.0460946 -0.0291164 1.489 2.837 0 0 0 0 
 1.998 3.266 -2.35016 0 0 1.29806 2.60856 1.36717 0.636128 -0.0528789 -0.0332382 1.482 2.835 0 0 0 0 
 1.997 3.266 -2.35016 0 0 1.29906 2.60956 1.37079 0.63472 -0.0518866 -0.0326872 1.485 2.837 0 0 0 0 
 1.998 3.266 -2.35017 0 0 1.30156 2.61206 1.36629 0.632848 -0.0529952 -0.0334838 1.489 2.842 0 0 0 0 
 1.997 3.268 -2.35016 0 0 1.30106 2.61156 1.3786 0.633777 -0.0498313 -0.03144 1.489 2.839 0 0 0 0 
 1.994 3.264 -2.35011 0 0 1.29956 2.61156 1.36785 0.631206 -0.0526143 -0.0333297 1.489 2.843 0 0 0 0 
 1.996 3.263 -2.35008 0 0 1.30006 2.61056 1.36206 0.631913 -0.0542017 -0.0342962 1.488 2.842 0 0 0 0 
 1.992 3.261 -2.35012 0 0 1.29806 2.60706 1.37604 0.631669 -0.0504904 -0.0319618 1.488 2.837 0 0 0 0 
 1.996 3.264 -2.35007 0 0 1.30006 2.60806 1.37652 0.633543 -0.0504928 -0.0318689 1.488 2.836 0 0 0 0 
 1.998 3.264 -2.35005 0 0 1.30006 2.60806 1.36873 0.634485 -0.0525766 -0.0331338 1.486 2.836 0 0 0 0 
 1.997 3.263 -2.35008 0 0 1.30156 2.60856 1.37224 0.632609 -0.0515584 -0.032589 1.49 2.838 0 0 0 0 
 1.998 3.267 -2.35002 0 0 1.30106 2.61156 1.37054 0.633781 -0.0521168 -0.0328808 1.488 2.84 0 0 0 0 
 2.002 3.266 -2.35004 0 0 1.30356 2.61456 1.34848 0.632626 -0.0578935 -0.0365889 1.489 2.847 0 0 0 0 
 2 3.265 -2.34999 0 0 1.30306 2.61106 1.36436 0.633081 -0.0537634 -0.0339563 1.49 2.841 0 0 0 0 
 1.997 3.269 -2.34994 0 0 1.30156 2.61306 1.37848 0.633305 -0.0501641 -0.0316734 1.49 2.841 0 0 0 0 
 1.997 3.27 -2.34989 0 0 1.29956 2.61506 1.36654 0.633781 -0.0533542 -0.0336609 1.486 2.844 0 0 0 0 
 1.995 3.268 -2.34982 0 0 1.29656 2.61206 1.36679 0.634717 -0.0534044 -0.0336429 1.482 2.84 0 0 0 0 
 1.991 3.268 -2.34985 0 0 1.29406 2.61256 1.37054 0.633778 -0.0523588 -0.0330335 1.481 2.841 0 0 0 0 
 1.994 3.266 -2.34985 0 0 1.29406 2.61106 1.35697 0.634959 -0.055969 -0.0352438 1.478 2.84 0 0 0 0 
 1.993 3.264 -2.34985 0 0 1.29506 2.61056 1.35848 0.633318 -0.0555125 -0.035047 1.481 2.841 0 0 0 0 
 1.998 3.268 -2.34985 0 0 1.29656 2.61156 1.35736 0.636365 -0.0559116 -0.0351299 1.479 2.839 0 0 0 0 
 1.996 3.266 -2.34985 0 0 1.29706 2.61156 1.35874 0.634255 -0.0554761 -0.0349724 1.482 2.841 0 0 0 0 
 1.993 3.268 -2.34985 0 0 1.29856 2.61056 1.38873 0.633533 -0.0476649 -0.0300856 1.488 2.837 0 0 0 0 
 1.996 3.269 -2.34985 0 0 1.30206 2.61006 1.39709 0.633997 -0.0455595 -0.0287364 1.492 2.835 0 0 0 0 
 1.995 3.273 -2.34985 0 0 1.30006 2.61106 1.40584 0.635868 -0.0434149 -0.0273039 1.489 2.833 0 0 0 0 
 1.994 3.275 -2.34985 0 0 1.29906 2.61206 1.41013 0.636335 -0.0423578 -0.0266198 1.488 2.833 0 0 0 0 
 1.993 3.274 -2.34985 0 0 1.29606 2.61106 1.40198 0.637276 -0.044415 -0.0278708 1.483 2.832 0 0 0 0 
 1.99 3.271 -2.34985 0 0 1.29556 2.60956 1.40574 0.6354 -0.0434279 -0.0273321 1.485 2.832 0 0 0 0 
 1.992 3.272 -2.34985 0 0 1.29656 2.61206 1.39529 0.63517 -0.0460439 -0.0289881 1.485 2.836 0 0 0 0 
 1.985 3.269 -2.34985 0 0 1.29506 2.61256 1.40266 0.630949 -0.0440809 -0.0279385 1.489 2.84 0 0 0 0 
 1.989 3.273 -2.34985 0 0 1.29706 2.61406 1.40523 0.633057 -0.0434969 -0.0274768 1.489 2.839 0 0 0 0 
 1.992 3.269 -2.34985 0 0 1.29906 2.61056 1.39901 0.633294 -0.0450581 -0.0284519 1.49 2.836 0 0 0 0 
 2 3.27 -2.34985 0 0 1.30206 2.60906 1.38951 0.636813 -0.0475561 -0.0298624 1.488 2.832 0 0 0 0 
 1.998 3.266 -2.34985 0 0 1.30106 2.60706 1.3851 0.635409 -0.0486466 -0.0306142 1.488 2.832 0 0 0 0 
 1.996 3.269 -2.34985 0 0 1.29906 2.60706 1.39773 0.636809 -0.0454725 -0.0285549 1.486 2.829 0 0 0 0 
 1.994 3.266 -2.34985 0 0 1.29656 2.60406 1.39573 0.637044 -0.0459849 -0.0288659 1.483 2.826 0 0 0 0 
 1.994 3.261 -2.34985 0 0 1.29506 2.60106 1.38138 0.636817 -0.0496402 -0.0311701 1.48 2.825 0 0 0 0 
 1.99 3.267 -2.34985 0 0 1.29356 2.60806 1.38708 0.635174 -0.0481334 -0.0303027 1.481 2.833 0 0 0 0 
 1.989 3.273 -2.34985 0 0 1.29356 2.61456 1.38896 0.63447 -0.0476353 -0.0300225 1.482 2.84 0 0 0 0 
