 1.681 0.115 2.12261 0 0 1.5794 0.1391 1.3362 0 0 0 0.246 0.629 1.21897 0 0 0 
 1.686 0.112 2.12278 0 0 1.5794 0.1391 1.3362 0.184059 -0.353848 -0.333148 0.237 0.643 1.21897 0 0 0 
 1.686 0.111 2.12278 0 0 1.5794 0.1391 1.3362 0.184555 -0.356784 -0.334873 0.235 0.634 1.21897 0 0 0 
 1.686 0.111 2.12278 0 0 1.5794 0.1391 1.3362 0.184321 -0.358401 -0.336675 0.25 0.633 1.21897 0 0 0 
 1.686 0.111 2.12383 0 0 1.5794 0.1391 1.3362 0.184247 -0.359611 -0.337851 0.25 0.635 1.17573 0 0 0 
 1.686 0.111 2.11999 0 0 1.5794 0.1391 1.3362 0.184528 -0.356776 -0.334911 0.258 0.613 1.03933 0 0 0 
 1.684 0.113 2.098 0 0 1.5794 0.1391 1.3362 0.185275 -0.333123 -0.313001 0.262 0.654 0.897672 0 0 0 
 1.684 0.113 2.07496 0 0 1.5794 0.1391 1.3362 0.187694 -0.304648 -0.284249 0.258 0.685 0.8258 0 0 0 
 1.684 0.112 2.05803 0 0 1.5794 0.1391 1.3362 0.190084 -0.285168 -0.26375 0.237 0.699 0.762953 0 0 0 
 1.684 0.112 2.03464 0 0 1.5794 0.1391 1.3362 0.192295 -0.256883 -0.235978 0.225 0.702 0.604191 0 0 0 
 1.684 0.112 2.01929 0 0 1.5794 0.1391 1.3362 0.193726 -0.237767 -0.217428 0.217 0.72 0.44007 0 0 0 
 1.684 0.112 2.00951 0 0 1.5794 0.1391 1.3362 0.194578 -0.225644 -0.205784 0.222 0.75 0.348761 0 0 0 
 1.684 0.112 1.99503 0 0 1.5794 0.1391 1.3362 0.195609 -0.209466 -0.190415 0.24 0.756 0.273233 0 0 0 
 1.684 0.112 1.97949 0 0 1.5794 0.1391 1.3362 0.196915 -0.190142 -0.172089 0.234 0.773 0.203998 0 0 0 
 1.684 0.112 1.97129 0 0 1.5794 0.1391 1.3362 0.197392 -0.181363 -0.1639 0.254 0.781 0.150248 0 0 0 
 1.684 0.112 1.95506 0 0 1.5794 0.1391 1.3362 0.198393 -0.16295 -0.146779 0.288 0.816 0.108901 0 0 0 
 1.684 0.112 1.94232 0 0 1.5794 0.1391 1.3362 0.199013 -0.149276 -0.134203 0.326 0.844 0.0753684 0 0 0 
 1.684 0.112 1.9322 0 0 1.5794 0.1391 1.3362 0.199314 -0.140068 -0.125827 0.352 0.835 0.0435688 0 0 0 
 1.684 0.111 1.92068 0 0 1.5794 0.1391 1.3362 0.200447 -0.129621 -0.115877 0.362 0.83 0.0277849 0 0 0 
 1.684 0.111 1.91317 0 0 1.5787 0.1363 1.3269 0.197602 -0.126263 -0.114513 0.409 0.825 0.0195421 0 0 0 
 1.684 0.111 1.90078 0 0 1.5787 0.1363 1.3269 0.197452 -0.118433 -0.107548 0.447 0.821 0.0174717 0 0 0 
 1.632 0.145 1.8952 0 0 1.5787 0.1363 1.3269 0.165687 -0.347404 -0.360886 0.497 0.849 0.0221377 0 0 0 
 1.629 0.147 1.88926 0 0 1.5824 0.1528 1.382 0.177279 -0.366362 -0.356126 0.52 0.835 0.0242959 0 0 0 
 1.626 0.149 1.87966 0 0 1.5829 0.1555 1.3909 0.178152 -0.373915 -0.361217 0.526 0.832 0.0302668 0 0 0 
 1.616 0.181 1.87443 0 0 1.5829 0.1555 1.3909 0.156639 -0.400987 -0.43179 0.53 0.803 0.0645416 0 0 0 
 1.613 0.184 1.86326 0 0 1.5829 0.1555 1.3909 0.15647 -0.393213 -0.424802 0.514 0.814 0.118389 0 0 0 
 1.613 0.22 1.85087 0 0 1.5869 0.1836 1.4772 0.158688 -0.315434 -0.343605 0.521 0.834 0.160926 0 0 0 
 1.61 0.225 1.83446 0 0 1.5886 0.2183 1.5717 0.180433 -0.287304 -0.279132 0.537 0.835 0.203232 0 0 0 
 1.587 0.261 1.82137 0 0 1.5886 0.2212 1.5791 0.155638 -0.41112 -0.443834 0.557 0.828 0.225206 0 0 0 
 1.575 0.3 1.80793 0 0 1.5885 0.2271 1.5937 0.132356 -0.459356 -0.523599 0.598 0.873 0.266556 0 0 0 
 1.571 0.308 1.7835 0 0 1.5817 0.2968 1.7411 0.172516 -0.350191 -0.350312 0.586 0.853 0.293812 0 0 0 
 1.567 0.316 1.76919 0 0 1.5806 0.3031 1.7523 0.166859 -0.389064 -0.397378 0.634 0.877 0.339068 0 0 0 
 1.563 0.323 1.74894 0 0 1.5789 0.3125 1.7685 0.166283 -0.379545 -0.389828 0.66 0.911 0.388724 0 0 0 
 1.56 0.331 1.72468 0 0 1.5769 0.3219 1.7841 0.168837 -0.320192 -0.328959 0.654 0.942 0.443176 0 0 0 
 1.556 0.338 1.7102 0 0 1.5755 0.3282 1.7942 0.169046 -0.307498 -0.316423 0.643 0.944 0.480629 0 0 0 
 1.553 0.344 1.69554 0 0 1.5733 0.3377 1.809 0.172713 -0.28693 -0.290571 0.61 0.91 0.524538 0 0 0 
 1.549 0.351 1.66988 0 0 1.5718 0.3441 1.8185 0.171083 -0.28994 -0.296085 0.616 0.908 0.567692 0 0 0 
 1.546 0.357 1.6554 0 0 1.5701 0.3505 1.8278 0.167219 -0.317523 -0.329343 0.652 0.925 0.603956 0 0 0 
 1.543 0.363 1.64039 0 0 1.5684 0.3569 1.8369 0.166452 -0.285922 -0.299871 0.665 0.964 0.627045 0 0 0 
 1.54 0.369 1.61717 0 0 1.5657 0.3666 1.8501 0.168984 -0.259588 -0.26977 0.646 0.946 0.651622 0 0 0 
 1.545 0.407 1.606 0 0 1.5639 0.3731 1.8586 0.147422 -0.236261 -0.280847 0.672 0.982 0.681074 0 0 0 
 1.543 0.415 1.58733 0 0 1.5619 0.3796 1.8669 0.138291 -0.315547 -0.389712 0.732 0.99 0.707835 0 0 0 
 1.541 0.422 1.57738 0 0 1.5513 0.4124 1.9056 0.148295 -0.245793 -0.289936 0.739 0.988 0.734181 0 0 0 
 1.539 0.429 1.56848 0 0 1.5489 0.4191 1.9128 0.143979 -0.24562 -0.29793 0.767 1.02 0.778537 0 0 0 
 1.537 0.435 1.55574 0 0 1.5466 0.4257 1.9197 0.152943 -0.249098 -0.285175 0.757 1.067 0.852677 0 0 0 
 1.581 0.474 1.54091 0 0 1.5441 0.4324 1.9265 0.13158 0.107427 0.145914 0.749 1.092 0.904537 0 0 0 
 1.582 0.482 1.53358 0 0 1.5416 0.4391 1.9332 0.120662 0.111396 0.164673 0.776 1.094 0.921095 0 0 0 
 1.607 0.524 1.51839 0 0 1.5338 0.4592 1.9521 0.108728 0.231223 0.365583 0.79 1.086 0.929799 0 0 0 
 1.609 0.534 1.506 0 0 1.524 0.483 1.9723 0.109018 0.28866 0.444761 0.807 1.087 0.942077 0 0 0 
 1.611 0.543 1.50757 0 0 1.5211 0.4898 1.9777 0.101544 0.370742 0.523599 0.804 1.095 0.976316 0 0 0 
 1.613 0.551 1.51176 0 0 1.5167 0.5001 1.9856 0.0995715 0.54176 0.523599 0.8 1.131 1.01611 0 0 0 
 1.615 0.56 1.51717 0 0 1.5167 0.5001 1.9856 0.0896077 0.512175 0.523599 0.828 1.132 1.04215 0 0 0 
 1.617 0.568 1.53043 0 0 1.5121 0.5104 1.9932 0.0922616 0.563185 0.523599 0.831 1.142 1.06081 0 0 0 
 1.619 0.576 1.53934 0 0 1.509 0.5173 1.9981 0.0969075 0.644031 0.523599 0.825 1.17 1.08061 0 0 0 
 1.62 0.584 1.55016 0 0 1.5074 0.5208 2.0005 0.0961987 0.671986 0.523599 0.833 1.19 1.09343 0 0 0 
 1.622 0.591 1.56307 0 0 1.5042 0.5277 2.0052 0.101274 0.748003 0.523599 0.829 1.219 1.09657 0 0 0 
 1.616 0.633 1.5718 0 0 1.5026 0.5311 2.0075 0.0756147 0.677702 0.523599 0.817 1.222 1.09691 0 0 0 
 1.615 0.686 1.58314 0 0 1.4994 0.5381 2.012 0.041501 0.615337 0.523599 0.836 1.238 1.09457 0 0 0 
 1.614 0.746 1.5978 0 0 1.4842 0.5695 2.0307 0.0118795 0.589059 0.523599 0.867 1.245 1.09415 0 0 0 
 1.619 0.78 1.60688 0 0 1.4627 0.6119 2.0521 0.0108979 0.747693 0.523599 0.891 1.269 1.09246 0 0 0 
 1.62 0.795 1.61386 0 0 1.4379 0.6583 2.0711 0.0322857 0.912163 0.523599 0.875 1.273 1.09443 0 0 0 
 1.621 0.808 1.61787 0 0 1.426 0.6799 2.0785 0.0350492 1.00715 0.523599 0.898 1.299 1.10083 0 0 0 
 1.622 0.822 1.61787 0 0 1.42 0.6907 2.0819 0.0354883 1.05907 0.523599 0.898 1.319 1.11309 0 0 0 
 1.623 0.835 1.61805 0 0 1.4159 0.6979 2.0841 0.0299805 1.06053 0.523599 0.911 1.324 1.13628 0 0 0 
 1.619 0.821 1.61787 0 0 1.4098 0.7088 2.0872 0.0529045 1.13967 0.523599 0.901 1.353 1.14816 0 0 0 
 1.62 0.831 1.61805 0 0 1.4036 0.7197 2.09 0.0579099 1.1974 0.523599 0.888 1.368 1.15426 0 0 0 
 1.619 0.824 1.61857 0 0 1.4098 0.7088 2.0872 0.0550994 1.17341 0.523599 0.9 1.377 1.15217 0 0 0 
 1.619 0.813 1.62503 0 0 1.4139 0.7015 2.0851 0.0637875 1.2023 0.523599 0.9 1.401 1.15199 0 0 0 
 1.62 0.82 1.63271 0 0 1.42 0.6907 2.0819 0.0520611 1.18275 0.523599 0.922 1.418 1.14787 0 0 0 
 1.62 0.827 1.64091 0 0 1.4139 0.7015 2.0851 0.0565257 1.24254 0.523599 0.94 1.449 1.1324 0 0 0 
 1.61 0.858 1.6526 0 0 1.4118 0.7052 2.0861 0.0297495 1.14639 0.523599 0.952 1.437 1.11305 0 0 0 
 1.61 0.866 1.65749 0 0 1.3973 0.7306 2.0928 0.0440734 1.25039 0.523599 0.956 1.463 1.08847 0 0 0 
 1.609 0.874 1.66081 0 0 1.3931 0.7379 2.0945 0.0436778 1.27782 0.523599 0.969 1.481 1.07415 0 0 0 
 1.626 0.912 1.66761 0 0 1.391 0.7415 2.0953 0.0286362 1.38051 0.523599 0.985 1.519 1.06085 0 0 0 
 1.627 0.917 1.67198 0 0 1.3868 0.7488 2.0969 0.0376706 1.43557 0.523599 0.976 1.545 1.04581 0 0 0 
 1.628 0.925 1.67477 0 0 1.3762 0.7671 2.1005 0.0459913 1.50062 0.523599 0.998 1.574 1.02404 0 0 0 
 1.642 0.91 1.67966 0 0 1.3719 0.7744 2.1018 0.0754509 1.6125 0.523599 1 1.609 1.00089 0 0 0 
 1.644 0.917 1.68192 0 0 1.3826 0.7561 2.0984 0.0586173 1.58181 0.523599 1.006 1.61 0.959085 0 0 0 
 1.645 0.923 1.68751 0 0 1.3826 0.7561 2.0984 0.0541547 1.5825 0.523599 1.027 1.62 0.898301 0 0 0 
 1.646 0.929 1.69135 0 0 1.3762 0.7671 2.1005 0.0643571 1.62617 0.523599 1.027 1.65 0.851452 0 0 0 
 1.658 0.951 1.69938 0 0 1.3762 0.7671 2.1005 0.055004 1.65691 0.523599 1.036 1.663 0.820853 0 0 0 
 1.66 0.958 1.70967 0 0 1.3762 0.7671 2.1005 0.0466516 1.67542 0.523599 1.076 1.676 0.781831 0 0 0 
 1.661 0.964 1.71474 0 0 1.3676 0.7817 2.1031 0.0549641 1.73401 0.523599 1.094 1.704 0.751533 0 0 0 
 1.663 0.971 1.71945 0 0 1.3654 0.7854 2.1037 0.0655724 1.76767 0.523599 1.065 1.736 0.739747 0 0 0 
 1.665 0.977 1.72643 0 0 1.3611 0.7927 2.1048 0.0655141 1.78823 0.523599 1.091 1.744 0.727956 0 0 0 
 1.666 0.982 1.72957 0 0 1.3611 0.7927 2.1048 0.0627367 1.80898 0.523599 1.113 1.764 0.698319 0 0 0 
 1.668 0.988 1.73341 0 0 1.3589 0.7964 2.1053 0.0588854 1.82617 0.523599 1.11 1.759 0.666731 0 0 0 
 1.669 0.993 1.74196 0 0 1.3567 0.8001 2.1058 0.0607593 1.84389 0.523599 1.148 1.782 0.650771 0 0 0 
 1.671 0.998 1.74772 0 0 1.3524 0.8074 2.1068 0.0723371 1.86302 0.523599 1.136 1.809 0.638158 0 0 0 
 1.672 1.003 1.75348 0 0 1.3524 0.8074 2.1068 0.0661563 1.86107 0.523599 1.14 1.798 0.628586 0 0 0 
 1.674 1.008 1.76308 0 0 1.3502 0.8111 2.1073 0.066671 1.8701 0.523599 1.153 1.801 0.614673 0 0 0 
 1.634 0.98 1.76797 0 0 1.3502 0.8111 2.1073 0.078647 1.81451 0.523599 1.18 1.819 0.610045 0 0 0 
 1.633 0.982 1.77407 0 0 1.348 0.8148 2.1077 0.0796711 1.82591 0.523599 1.206 1.824 0.609146 0 0 0 
 1.615 0.996 1.7849 0 0 1.3502 0.8111 2.1073 0.0682709 1.79912 0.523599 1.225 1.851 0.609484 0 0 0 
 1.613 0.999 1.79048 0 0 1.348 0.8148 2.1077 0.0680088 1.81215 0.523599 1.251 1.854 0.610788 0 0 0 
 1.611 1.002 1.79711 0 0 1.337 0.8332 2.1097 0.0802039 1.83719 0.523599 1.267 1.861 0.61325 0 0 0 
 1.61 1.005 1.80828 0 0 1.3348 0.8369 2.11 0.08681 1.86454 0.523599 1.324 1.885 0.61992 0 0 0 
 1.592 0.995 1.81491 0 0 1.3348 0.8369 2.11 0.0934199 1.83 0.523599 1.34 1.896 0.635658 0 0 0 
 1.59 0.997 1.82137 0 0 1.3348 0.8369 2.11 0.0959094 1.82661 0.523599 1.352 1.907 0.676349 0 0 0 
 1.587 0.999 1.83324 0 0 1.3326 0.8406 2.1103 0.101081 1.82509 0.523599 1.365 1.915 0.710675 0 0 0 
 1.585 1.001 1.84109 0 0 1.3304 0.8443 2.1106 0.104765 1.84055 0.523599 1.402 1.921 0.737111 0 0 0 
 1.586 1.007 1.84912 0 0 1.3282 0.848 2.1109 0.107059 1.8518 0.523599 1.416 1.928 0.773514 0 0 0 
 1.584 1.009 1.86465 0 0 1.3282 0.848 2.1109 0.112888 1.8409 0.523599 1.426 1.943 0.807851 0 0 0 
 1.582 1.011 1.87338 0 0 1.326 0.8516 2.1112 0.122174 1.83595 0.523599 1.458 1.969 0.8396 0 0 0 
 1.58 1.013 1.88246 0 0 1.326 0.8516 2.1112 0.123668 1.83566 0.523599 1.475 1.973 0.857756 0 0 0 
 1.546 1.034 1.89904 0 0 1.3215 0.859 2.1116 0.115014 1.77195 0.523599 1.456 2.009 0.882665 0 0 0 
 1.542 1.036 1.90933 0 0 1.3215 0.859 2.1116 0.114443 1.76603 0.523599 1.459 2.007 0.897513 0 0 0 
 1.538 1.039 1.91981 0 0 1.3015 0.8923 2.1129 0.13875 1.77062 0.523599 1.488 2.014 0.902429 0 0 0 
 1.535 1.042 1.94092 0 0 1.2993 0.896 2.1129 0.149541 1.73606 0.523599 1.508 2.043 0.904242 0 0 0 
 1.532 1.044 1.95279 0 0 1.2993 0.896 2.1129 0.146554 1.74323 0.523599 1.506 2.026 0.902616 0 0 0 
 1.532 1.075 1.96414 0 0 1.2993 0.896 2.1129 0.137839 1.76704 0.523599 1.516 2.071 0.902299 0 0 0 
 1.529 1.078 1.98456 0 0 1.2948 0.9034 2.113 0.151795 1.72851 0.523599 1.549 2.105 0.901725 0 0 0 
 1.524 1.101 1.99799 0 0 1.2814 0.9257 2.1127 0.158123 1.74237 0.523599 1.57 2.124 0.899618 0 0 0 
 1.508 1.09 2.01196 0 0 1.2725 0.9405 2.1122 0.175875 1.64864 0.523599 1.594 2.143 0.894112 0 0 0 
 1.504 1.093 2.03656 0 0 1.2725 0.9405 2.1122 0.179761 1.60862 0.523599 1.592 2.161 0.882687 0 0 0 
 1.508 1.087 2.05053 0 0 1.2658 0.9517 2.1116 0.199451 1.54156 0.523599 1.617 2.198 0.862407 0 0 0 
 1.513 1.093 2.06589 0 0 1.2725 0.9405 2.1122 0.195805 1.54998 0.523599 1.641 2.214 0.836126 0 0 0 
 1.514 1.122 2.08945 0 0 1.268 0.9479 2.1119 0.192962 1.59167 0.523599 1.677 2.225 0.802548 0 0 0 
 1.513 1.127 2.11493 0 0 1.2658 0.9517 2.1116 0.199889 1.55137 0.523599 1.696 2.25 0.781394 0 0 0 
 1.511 1.131 2.13657 0 0 1.2569 0.9665 2.1106 0.211815 1.50417 0.523599 1.696 2.267 0.772368 0 0 0 
 1.509 1.135 2.15489 0 0 1.2524 0.9739 2.11 0.218655 1.47002 0.523599 1.727 2.278 0.762278 0 0 0 
 1.507 1.139 2.1823 0 0 1.248 0.9814 2.1093 0.227017 1.41235 0.523599 1.74 2.307 0.74709 0 0 0 
 1.505 1.142 2.20551 0 0 1.248 0.9814 2.1093 0.22925 1.37682 0.523599 1.742 2.326 0.734726 0 0 0 
 1.504 1.146 2.22505 0 0 1.2458 0.9851 2.109 0.233226 1.34719 0.523599 1.765 2.337 0.713732 0 0 0 
 1.502 1.15 2.2549 0 0 1.2458 0.9851 2.109 0.236162 1.3004 0.523599 1.793 2.363 0.698397 0 0 0 
 1.469 1.146 2.28055 0 0 1.2413 0.9925 2.1082 0.230956 1.17977 0.523599 1.817 2.368 0.684696 0 0 0 
 1.465 1.149 2.30115 0 0 1.2391 0.9962 2.1078 0.233012 1.14143 0.523599 1.846 2.374 0.674485 0 0 0 
 1.462 1.152 2.33274 0 0 1.2303 1.0111 2.1059 0.242856 1.06448 0.523599 1.849 2.388 0.666832 0 0 0 
 1.427 1.184 2.36066 0 0 1.2303 1.0111 2.1059 0.218639 1.06554 0.523599 1.858 2.418 0.665071 0 0 0 
 1.422 1.188 2.3823 0 0 1.2281 1.0148 2.1054 0.219109 1.04117 0.523599 1.889 2.392 0.664254 0 0 0 
 1.417 1.192 2.41407 0 0 1.2041 1.0556 2.0986 0.241671 0.889159 0.523599 1.92 2.412 0.66639 0 0 0 
 1.413 1.196 2.44147 0 0 1.1998 1.063 2.0971 0.244244 0.837122 0.523599 1.914 2.419 0.667162 0 0 0 
 1.379 1.245 2.46154 0 0 1.1955 1.0704 2.0956 0.218957 0.9115 0.523599 1.93 2.436 0.672017 0 0 0 
 1.373 1.251 2.48597 0 0 1.1785 1.1 2.0886 0.231692 0.804406 0.523599 1.95 2.435 0.678258 0 0 0 
 1.367 1.257 2.51652 0 0 1.1618 1.1295 2.0804 0.243651 0.672721 0.461229 1.966 2.467 0.693929 0 0 0 
 1.362 1.263 2.53781 0 0 1.1577 1.1369 2.0781 0.243854 0.627449 0.433735 1.986 2.482 0.715973 0 0 0 
 1.323 1.303 2.55997 0 0 1.1556 1.1406 2.077 0.216251 0.682324 0.516515 1.991 2.496 0.733931 0 0 0 
 1.302 1.317 2.59732 0 0 1.1495 1.1516 2.0733 0.208001 0.621358 0.49336 2.006 2.498 0.747295 0 0 0 
 1.294 1.324 2.61879 0 0 1.1219 1.2029 2.0539 0.225995 0.423591 0.325389 2.014 2.505 0.760352 0 0 0 
 1.287 1.332 2.63938 0 0 1.1124 1.2212 2.0458 0.228211 0.343616 0.264667 2.034 2.525 0.763105 0 0 0 
 1.244 1.34 2.67254 0 0 1.1068 1.2321 2.0407 0.206925 0.219754 0.188881 2.041 2.535 0.758312 0 0 0 
 1.235 1.347 2.68982 0 0 1.1013 1.243 2.0354 0.204404 0.168375 0.147201 2.044 2.549 0.760577 0 0 0 
 1.204 1.366 2.70797 0 0 1.087 1.272 2.0199 0.194343 0.0569952 0.0527398 2.057 2.562 0.762603 0 0 0 
 1.182 1.384 2.7345 0 0 1.0835 1.2792 2.0158 0.179956 0.0438316 0.0438142 2.051 2.574 0.767801 0 0 0 
 1.172 1.391 2.74619 0 0 1.0636 1.3223 1.9887 0.187752 -0.152409 -0.145089 2.073 2.596 0.771366 0 0 0 
 1.152 1.404 2.75527 0 0 1.0589 1.333 1.9812 0.177016 -0.186657 -0.187572 2.085 2.605 0.774093 0 0 0 
 1.128 1.404 2.76417 0 0 1.0483 1.3579 1.9626 0.171213 -0.364653 -0.366087 2.119 2.615 0.776743 0 0 0 
 1.118 1.411 2.76836 0 0 1.0454 1.365 1.957 0.166051 -0.389779 -0.39977 2.144 2.619 0.781457 0 0 0 
 1.115 1.417 2.76295 0 0 1.0411 1.3756 1.9484 0.167014 -0.412722 -0.418533 2.146 2.647 0.791106 0 0 0 
 1.088 1.419 2.75562 0 0 1.0383 1.3826 1.9424 0.154947 -0.489355 -0.516918 2.141 2.658 0.803782 0 0 0 
 1.084 1.448 2.73485 0 0 1.0342 1.3931 1.9332 0.151629 -0.38117 -0.424922 2.151 2.67 0.810771 0 0 0 
 1.074 1.455 2.71583 0 0 1.0316 1.4002 1.9269 0.148721 -0.388339 -0.439373 2.17 2.685 0.814069 0 0 0 
 1.066 1.462 2.70204 0 0 1.0204 1.4315 1.8964 0.153677 -0.517204 -0.523599 2.171 2.711 0.817575 0 0 0 
 1.059 1.476 2.67952 0 0 1.0181 1.4384 1.8892 0.150836 -0.480009 -0.520192 2.2 2.728 0.818327 0 0 0 
 1.051 1.483 2.65579 0 0 1.0147 1.4488 1.8781 0.150505 -0.498546 -0.523599 2.214 2.752 0.817413 0 0 0 
 1.06 1.495 2.64008 0 0 1.0094 1.466 1.8587 0.158329 -0.485033 -0.503934 2.217 2.776 0.817281 0 0 0 
 1.053 1.502 2.61739 0 0 1.0074 1.4728 1.8506 0.157136 -0.484609 -0.506768 2.233 2.804 0.815991 0 0 0 
 1.051 1.501 2.58982 0 0 1.0045 1.483 1.8381 0.162503 -0.519619 -0.522262 2.247 2.793 0.814645 0 0 0 
 1.048 1.495 2.57149 0 0 1.0026 1.4898 1.8295 0.163713 -0.629154 -0.523599 2.257 2.799 0.807236 0 0 0 
 1.042 1.5 2.55247 0 0 1.0054 1.4796 1.8423 0.161656 -0.502448 -0.510081 2.277 2.817 0.79718 0 0 0 
 1.041 1.502 2.51983 0 0 1.0036 1.4864 1.8338 0.164364 -0.550357 -0.523599 2.286 2.834 0.786093 0 0 0 
 1.036 1.506 2.50028 0 0 1.0036 1.4864 1.8338 0.162673 -0.532774 -0.523599 2.303 2.868 0.777319 0 0 0 
 1.031 1.51 2.48074 0 0 1.0017 1.4932 1.8252 0.159789 -0.568326 -0.523599 2.297 2.868 0.766479 0 0 0 
 1.027 1.514 2.4467 0 0 1 1.5 0 1.65207e-08 -0.530722 -0.523599 2.317 2.886 0.752358 0 0 0 
 1.022 1.518 2.42716 0 0 0.9992 1.5034 1.8119 0.166996 -0.488439 -0.484601 2.333 2.888 0.741151 0 0 0 
 1.018 1.522 2.40726 0 0 0.9975 1.5101 1.8029 0.168093 -0.498475 -0.490307 2.348 2.92 0.727619 0 0 0 
 1.014 1.525 2.37515 0 0 0.9967 1.5135 1.7984 0.16964 -0.487047 -0.476991 2.377 2.944 0.717266 0 0 0 
 1.01 1.529 2.36398 0 0 0.9952 1.5202 1.7895 0.169915 -0.505984 -0.492043 2.386 2.941 0.703138 0 0 0 
 1.006 1.532 2.34862 0 0 0.9944 1.5236 1.785 0.169862 -0.510829 -0.496153 2.39 2.955 0.691324 0 0 0 
 1.002 1.536 2.3296 0 0 0.9937 1.5269 1.7805 0.169672 -0.508764 -0.494927 2.417 2.967 0.682394 0 0 0 
 0.999 1.539 2.31005 0 0 0.993 1.5302 1.776 0.170368 -0.505949 -0.490906 2.421 2.951 0.673523 0 0 0 
 0.995 1.542 2.27776 0 0 0.9923 1.5336 1.7715 0.171954 -0.496262 -0.479111 2.431 2.967 0.667598 0 0 0 
 0.992 1.545 2.25612 0 0 0.991 1.5402 1.7624 0.174182 -0.50519 -0.481143 2.441 3.006 0.666491 0 0 0 
 0.988 1.547 2.22802 0 0 0.9903 1.5436 1.7579 0.175891 -0.502832 -0.475242 2.485 3.009 0.664096 0 0 0 
 0.985 1.55 2.20638 0 0 0.9897 1.5469 1.7534 0.176792 -0.498803 -0.46991 2.508 3.014 0.661028 0 0 0 
 0.982 1.553 2.18858 0 0 0.9891 1.5502 1.7489 0.177361 -0.49862 -0.468468 2.516 3.015 0.661094 0 0 0 
 0.979 1.555 2.16414 0 0 0.9885 1.5535 1.7443 0.17901 -0.49522 -0.462014 2.523 3.048 0.662468 0 0 0 
 0.977 1.558 2.13308 0 0 0.9879 1.5568 1.7398 0.180992 -0.477032 -0.442973 2.537 3.066 0.663475 0 0 0 
 0.983 1.604 2.11231 0 0 0.9879 1.5568 1.7398 0.160738 -0.290527 -0.314542 2.559 3.069 0.663461 0 0 0 
 0.981 1.609 2.09172 0 0 0.9873 1.5601 1.7353 0.160415 -0.281219 -0.305665 2.565 3.087 0.665802 0 0 0 
 0.979 1.614 2.05419 0 0 0.9811 1.6058 1.6715 0.180656 -0.405245 -0.383755 2.578 3.095 0.667711 0 0 0 
 0.977 1.619 2.03464 0 0 0.9805 1.6123 1.6624 0.181878 -0.406411 -0.382414 2.585 3.11 0.668674 0 0 0 
 0.992 1.672 2.01876 0 0 0.9802 1.6155 1.6578 0.159853 -0.187891 -0.208496 2.584 3.134 0.6689 0 0 0 
 0.991 1.68 1.99625 0 0 0.9796 1.6219 1.6487 0.159412 -0.178069 -0.198421 2.602 3.165 0.66859 0 0 0 
 0.982 1.729 1.98456 0 0 0.9774 1.6757 1.5715 0.155177 -0.299563 -0.334432 2.637 3.169 0.667457 0 0 0 
 0.981 1.738 1.97164 0 0 0.9788 1.7221 1.5042 0.170225 -0.455765 -0.449094 2.649 3.17 0.662295 0 0 0 
 0.927 1.768 1.95122 0 0 0.9795 1.7312 1.491 0.149278 -0.715664 -0.523599 2.642 3.195 0.655334 0 0 0 
 0.925 1.795 1.9411 0 0 0.9802 1.7403 1.4778 0.138661 -0.703405 -0.523599 2.656 3.191 0.64775 0 0 0 
 0.921 1.805 1.92591 0 0 0.9853 1.7822 1.4171 0.151814 -0.86155 -0.523599 2.686 3.232 0.628917 0 0 0 
 0.915 1.81 1.90933 0 0 0.9863 1.7881 1.4086 0.152785 -0.897497 -0.523599 2.713 3.242 0.610066 0 0 0 
 0.906 1.821 1.89398 0 0 0.9873 1.794 1.4001 0.149939 -0.94271 -0.523599 2.72 3.237 0.588758 0 0 0 
 0.892 1.844 1.87268 0 0 0.9883 1.7999 1.3916 0.140636 -0.997592 -0.523599 2.737 3.245 0.575166 0 0 0 
 0.887 1.854 1.85157 0 0 0.9899 1.8086 1.3791 0.141244 -1.03137 -0.523599 2.761 3.255 0.569506 0 0 0 
 0.883 1.863 1.83411 0 0 0.9928 1.8231 1.3583 0.144801 -1.08352 -0.523599 2.782 3.282 0.564035 0 0 0 
 0.879 1.872 1.80724 0 0 0.9947 1.8318 1.346 0.14732 -1.1085 -0.523599 2.799 3.299 0.559341 0 0 0 
 0.875 1.88 1.78978 0 0 0.9967 1.8403 1.3338 0.149074 -1.14034 -0.523599 2.788 3.322 0.550196 0 0 0 
 0.867 1.9 1.76622 0 0 0.9981 1.8461 1.3257 0.143473 -1.17407 -0.523599 2.812 3.326 0.532773 0 0 0 
 0.859 1.909 1.7479 0 0 0.9988 1.8489 1.3217 0.142369 -1.20842 -0.523599 2.859 3.303 0.50916 0 0 0 
 0.855 1.917 1.73201 0 0 1.0033 1.8659 1.2979 0.14866 -1.26664 -0.523599 2.875 3.303 0.500607 0 0 0 
 0.852 1.925 1.71107 0 0 1.0049 1.8715 1.29 0.150262 -1.28167 -0.523599 2.898 3.308 0.503498 0 0 0 
 0.893 1.974 1.68507 0 0 1.0065 1.8771 1.2822 0.126488 -1.06111 -0.523599 2.915 3.324 0.505625 0 0 0 
 0.879 1.982 1.66726 0 0 1.0065 1.8771 1.2822 0.124893 -1.12725 -0.523599 2.948 3.328 0.512433 0 0 0 
 0.877 1.991 1.64492 0 0 1.024 1.9292 1.2108 0.150132 -1.28432 -0.523599 2.951 3.34 0.523789 0 0 0 
 0.875 2 1.61979 0 0 1.025 1.9319 1.2072 0.150596 -1.28618 -0.523599 2.969 3.357 0.545277 0 0 0 
 0.874 2.009 1.60426 0 0 1.026 1.9346 1.2036 0.149411 -1.29086 -0.523599 2.977 3.379 0.56475 0 0 0 
 0.872 2.018 1.58698 0 0 1.0291 1.9426 1.1929 0.151543 -1.31376 -0.523599 2.975 3.393 0.573431 0 0 0 
 0.921 2.057 1.56534 0 0 1.0323 1.9506 1.1823 0.13092 -1.0948 -0.523599 2.997 3.403 0.573616 0 0 0 
 0.922 2.067 1.54911 0 0 1.0334 1.9533 1.1788 0.128768 -1.09412 -0.523599 3.017 3.417 0.572584 0 0 0 
 0.955 2.068 1.53218 0 0 1.0532 1.9976 1.1213 0.150829 -1.04558 -0.523599 3.036 3.437 0.569508 0 0 0 
 0.958 2.076 1.50042 0 0 1.0594 2.0103 1.1052 0.157213 -1.05116 -0.523599 3.055 3.449 0.567445 0 0 0 
 0.961 2.085 1.48418 0 0 1.062 2.0154 1.0989 0.156707 -1.04685 -0.523599 3.074 3.473 0.56168 0 0 0 
 0.964 2.093 1.46132 0 0 1.0659 2.0229 1.0895 0.159044 -1.04391 -0.523599 3.106 3.47 0.550245 0 0 0 
 0.967 2.1 1.43863 0 0 1.0698 2.0304 1.0802 0.161932 -1.0393 -0.523599 3.123 3.465 0.527429 0 0 0 
 0.969 2.108 1.42694 0 0 1.0738 2.0379 1.0711 0.163006 -1.05002 -0.523599 3.134 3.475 0.505472 0 0 0 
 0.983 2.098 1.41071 0 0 1.0765 2.0428 1.065 0.171019 -0.963206 -0.523599 3.142 3.471 0.492626 0 0 0 
 0.987 2.104 1.37912 0 0 1.0793 2.0478 1.059 0.173713 -0.936192 -0.523599 3.158 3.473 0.481831 0 0 0 
 0.99 2.11 1.35957 0 0 1.0793 2.0478 1.059 0.172061 -0.913221 -0.523599 3.181 3.491 0.471877 0 0 0 
 0.993 2.116 1.32903 0 0 1.082 2.0527 1.0531 0.174542 -0.892262 -0.523599 3.206 3.508 0.463548 0 0 0 
 1.013 2.112 1.29884 0 0 1.0862 2.06 1.0443 0.179793 -0.770983 -0.523599 3.234 3.511 0.453265 0 0 0 
 1.017 2.116 1.2833 0 0 1.0876 2.0624 1.0414 0.179666 -0.749215 -0.523599 3.228 3.512 0.441254 0 0 0 
 1.037 2.119 1.25259 0 0 1.0919 2.0697 1.0328 0.180521 -0.638884 -0.523599 3.249 3.524 0.426529 0 0 0 
 1.053 2.128 1.22641 0 0 1.0948 2.0745 1.0272 0.176835 -0.561355 -0.519125 3.266 3.536 0.412069 0 0 0 
 1.058 2.132 1.20564 0 0 1.1036 2.0888 1.0105 0.184128 -0.55544 -0.497444 3.27 3.538 0.39501 0 0 0 
 1.076 2.171 1.1737 0 0 1.108 2.0958 1.0023 0.165704 -0.545055 -0.523599 3.305 3.557 0.376472 0 0 0 
 1.081 2.177 1.15241 0 0 1.111 2.1005 0.9969 0.165721 -0.527006 -0.519888 3.322 3.563 0.354984 0 0 0 
 1.086 2.183 1.11611 0 0 1.1358 2.1373 0.9558 0.188443 -0.553445 -0.486302 3.319 3.559 0.334573 0 0 0 
 1.091 2.189 1.09691 0 0 1.139 2.1418 0.9509 0.188254 -0.534964 -0.472812 3.339 3.566 0.311095 0 0 0 
 1.096 2.194 1.07945 0 0 1.1422 2.1463 0.9461 0.188399 -0.515393 -0.457563 3.345 3.57 0.2888 0 0 0 
 1.101 2.2 1.05746 0 0 1.1454 2.1507 0.9413 0.188217 -0.494778 -0.44196 3.384 3.577 0.263632 0 0 0 
 1.119 2.215 1.02814 0 0 1.1503 2.1574 0.9341 0.181255 -0.438595 -0.410779 3.407 3.59 0.242028 0 0 0 
 1.124 2.221 1.00615 0 0 1.1536 2.1618 0.9295 0.1809 -0.420306 -0.39611 3.409 3.595 0.222903 0 0 0 
 1.129 2.226 0.984511 0 0 1.1684 2.1813 0.909 0.191892 -0.4173 -0.373104 3.433 3.61 0.202416 0 0 0 
 1.147 2.258 0.948384 0 0 1.1718 2.1856 0.9046 0.175475 -0.41981 -0.406635 3.445 3.609 0.171494 0 0 0 
 1.152 2.265 0.930582 0 0 1.1938 2.2129 0.877 0.191616 -0.433603 -0.386798 3.471 3.628 0.141481 0 0 0 
 1.157 2.271 0.906672 0 0 1.1989 2.219 0.8709 0.192701 -0.415443 -0.370173 3.474 3.633 0.10929 0 0 0 
 1.159 2.28 0.891488 0 0 1.2041 2.2251 0.8649 0.193373 -0.430429 -0.381077 3.484 3.649 0.0677444 0 0 0 
 1.191 2.288 0.877351 0 0 1.2093 2.2312 0.859 0.182249 -0.31783 -0.304168 3.519 3.64 0.0295939 0 0 0 
 1.197 2.293 0.849601 0 0 1.225 2.2491 0.8419 0.192448 -0.298715 -0.272446 3.531 3.652 -0.0031068 0 0 0 
 1.229 2.317 0.832323 0 0 1.2302 2.255 0.8364 0.174314 -0.250436 -0.253061 3.565 3.637 -0.035118 0 0 0 
 1.229 2.332 0.806493 0 0 1.2355 2.2608 0.831 0.17349 -0.294821 -0.296847 3.583 3.635 -0.0656944 0 0 0 
 1.236 2.338 0.7852 0 0 1.2637 2.2909 0.8037 0.192881 -0.285796 -0.260642 3.597 3.632 -0.0957538 0 0 0 
 1.242 2.345 0.7763 0 0 1.2708 2.2982 0.7973 0.193743 -0.286431 -0.260086 3.611 3.63 -0.119508 0 0 0 
 1.248 2.351 0.760243 0 0 1.2761 2.3036 0.7925 0.193611 -0.274763 -0.250099 3.642 3.643 -0.14302 0 0 0 
 1.254 2.357 0.745059 0 0 1.2832 2.3108 0.7864 0.194935 -0.264216 -0.239298 3.661 3.644 -0.165685 0 0 0 
 1.26 2.363 0.73738 0 0 1.2885 2.3161 0.7819 0.194564 -0.261554 -0.237412 3.668 3.637 -0.1865 0 0 0 
 1.265 2.369 0.721149 0 0 1.2938 2.3213 0.7775 0.194768 -0.253751 -0.230348 3.681 3.645 -0.213517 0 0 0 
 1.281 2.364 0.708234 0 0 1.2991 2.3265 0.7731 0.193749 -0.16106 -0.148529 3.677 3.636 -0.23171 0 0 0 
 1.287 2.369 0.692701 0 0 1.3167 2.3435 0.7593 0.203742 -0.146136 -0.128396 3.712 3.647 -0.252682 0 0 0 
 1.292 2.374 0.683276 0 0 1.3097 2.3368 0.7647 0.193973 -0.141181 -0.13027 3.723 3.663 -0.273587 0 0 0 
 1.297 2.378 0.674375 0 0 1.3167 2.3435 0.7593 0.195994 -0.132156 -0.120781 3.742 3.637 -0.301703 0 0 0 
 1.299 2.379 0.660937 0 0 1.3202 2.3468 0.7566 0.197579 -0.115039 -0.104423 3.761 3.629 -0.330256 0 0 0 
 1.304 2.383 0.654479 0 0 1.3255 2.3518 0.7527 0.198151 -0.108637 -0.0983669 3.78 3.634 -0.348315 0 0 0 
 1.337 2.407 0.648545 0 0 1.3272 2.3534 0.7515 0.175668 -0.103703 -0.105863 3.792 3.634 -0.366711 0 0 0 
 1.343 2.412 0.639644 0 0 1.3549 2.3788 0.7322 0.193325 -0.0926994 -0.0860967 3.812 3.608 -0.385541 0 0 0 
 1.349 2.416 0.635456 0 0 1.3617 2.3849 0.7277 0.194499 -0.0859704 -0.0793945 3.859 3.603 -0.401732 0 0 0 
 1.354 2.421 0.631267 0 0 1.3668 2.3894 0.7245 0.194441 -0.0877536 -0.0810582 3.893 3.623 -0.414894 0 0 0 
 1.359 2.425 0.625508 0 0 1.3735 2.3954 0.7203 0.196 -0.0822909 -0.0754299 3.939 3.608 -0.429489 0 0 0 
 1.411 2.462 0.621144 0 0 1.3769 2.3983 0.7183 0.161321 -0.0846702 -0.0941942 3.94 3.589 -0.460383 0 0 0 
 1.419 2.468 0.617828 0 0 1.3819 2.4027 0.7153 0.159401 -0.0833986 -0.0938988 3.947 3.564 -0.488634 0 0 0 
 1.426 2.474 0.612243 0 0 1.4314 2.4446 0.69 0.192214 -0.0713471 -0.0667141 3.956 3.559 -0.505099 0 0 0 
 1.457 2.471 0.606833 0 0 1.439 2.4508 0.6868 0.183955 0.052438 0.0512656 3.974 3.545 -0.511612 0 0 0 
 1.465 2.475 0.604041 0 0 1.4464 2.4569 0.684 0.184378 0.0642205 0.0626137 3.984 3.521 -0.517785 0 0 0 
 1.489 2.496 0.599328 0 0 1.4622 2.4697 0.679 0.177726 0.0504864 0.0510879 3.994 3.527 -0.519924 0 0 0 
 1.498 2.501 0.595838 0 0 1.4705 2.4764 0.6769 0.177938 0.0620292 0.0626658 4.019 3.521 -0.520733 0 0 0 
 1.506 2.507 0.595314 0 0 1.4952 2.4961 0.6744 0.19055 0.0710741 0.0670385 4.031 3.514 -0.521148 0 0 0 
 1.514 2.512 0.597234 0 0 1.5024 2.5019 0.6751 0.190454 0.076386 0.0720683 4.035 3.513 -0.521639 0 0 0 
 1.522 2.516 0.598979 0 0 1.5104 2.5083 0.6761 0.191265 0.0872453 0.0819232 4.068 3.505 -0.523415 0 0 0 
 1.529 2.521 0.600899 0 0 1.517 2.5136 0.6773 0.191185 0.0893716 0.0839453 4.087 3.495 -0.527044 0 0 0 
 1.541 2.527 0.603168 0 0 1.5244 2.5196 0.6788 0.189 0.104157 0.0988733 4.103 3.475 -0.531068 0 0 0 
 1.575 2.534 0.605611 0 0 1.5343 2.5276 0.6815 0.177938 0.192429 0.192255 4.114 3.461 -0.536116 0 0 0 
 1.583 2.538 0.608404 0 0 1.5597 2.5484 0.6934 0.191876 0.222161 0.205469 4.135 3.452 -0.537385 0 0 0 
 1.585 2.546 0.610847 0 0 1.5637 2.5517 0.6961 0.191186 0.193756 0.180436 4.166 3.479 -0.537321 0 0 0 
 1.593 2.55 0.613989 0 0 1.569 2.5562 0.7003 0.190116 0.206912 0.193453 4.173 3.483 -0.541951 0 0 0 
 1.6 2.554 0.623064 0 0 1.5762 2.5623 0.707 0.1911 0.214102 0.198997 4.199 3.466 -0.556576 0 0 0 
 1.607 2.558 0.629173 0 0 1.5817 2.567 0.713 0.19074 0.223028 0.207442 4.214 3.451 -0.584211 0 0 0 
 1.614 2.562 0.635456 0 0 1.5876 2.5721 0.7204 0.190706 0.233779 0.217175 4.196 3.436 -0.609554 0 0 0 
 1.62 2.566 0.647149 0 0 1.5939 2.5777 0.7293 0.191645 0.237772 0.219719 4.213 3.413 -0.631472 0 0 0 
 1.626 2.569 0.653781 0 0 1.5994 2.5826 0.7378 0.192205 0.250691 0.230596 4.215 3.413 -0.640983 0 0 0 
 1.633 2.573 0.661111 0 0 1.6047 2.5875 0.7466 0.191885 0.263138 0.242002 4.229 3.423 -0.641994 0 0 0 
 1.655 2.606 0.667569 0 0 1.6093 2.5918 0.7545 0.173327 0.201259 0.206041 4.221 3.391 -0.644318 0 0 0 
 1.662 2.611 0.677866 0 0 1.6139 2.5961 0.7624 0.172147 0.207331 0.213486 4.252 3.369 -0.646083 0 0 0 
 1.668 2.615 0.684323 0 0 1.6407 2.6228 0.8019 0.18952 0.267397 0.248707 4.325 3.335 -0.644606 0 0 0 
 1.675 2.62 0.695319 0 0 1.6473 2.6297 0.8082 0.190351 0.272931 0.252578 4.341 3.305 -0.644581 0 0 0 
 1.681 2.624 0.701951 0 0 1.6517 2.6343 0.8116 0.190069 0.278705 0.258055 4.352 3.286 -0.644312 0 0 0 
 1.686 2.629 0.707885 0 0 1.6575 2.6405 0.8152 0.191033 0.278585 0.256704 4.353 3.279 -0.642398 0 0 0 
 1.692 2.633 0.719229 0 0 1.6615 2.6447 0.8172 0.190629 0.277851 0.256575 4.361 3.294 -0.642194 0 0 0 
 1.713 2.634 0.726385 0 0 1.6678 2.6514 0.8195 0.18708 0.356008 0.330009 4.363 3.279 -0.641068 0 0 0 
 1.72 2.637 0.734064 0 0 1.6714 2.6553 0.8205 0.186369 0.367025 0.340662 4.402 3.272 -0.639121 0 0 0 
 1.725 2.641 0.746979 0 0 1.6829 2.6676 0.8224 0.193018 0.362668 0.326131 4.41 3.274 -0.63624 0 0 0 
 1.731 2.644 0.758672 0 0 1.6878 2.6729 0.8227 0.194027 0.36423 0.325853 4.391 3.283 -0.63694 0 0 0 
 1.737 2.647 0.76705 0 0 1.6903 2.6756 0.8228 0.192846 0.368935 0.331641 4.42 3.27 -0.637336 0 0 0 
 1.742 2.651 0.781884 0 0 1.6955 2.6812 0.8228 0.194184 0.358544 0.32087 4.457 3.236 -0.638915 0 0 0 
 1.747 2.654 0.797417 0 0 1.7 2.6861 0.8227 0.195385 0.351108 0.312839 4.462 3.219 -0.639838 0 0 0 
 1.791 2.685 0.810856 0 0 1.7037 2.69 0.8225 0.168627 0.413198 0.4154 4.472 3.218 -0.641448 0 0 0 
 1.813 2.72 0.822724 0 0 1.7065 2.6931 0.8224 0.147445 0.368542 0.422782 4.471 3.219 -0.647346 0 0 0 
 1.821 2.726 0.836686 0 0 1.7442 2.7335 0.8185 0.174463 0.348905 0.345537 4.514 3.194 -0.657851 0 0 0 
 1.828 2.732 0.853441 0 0 1.7728 2.764 0.815 0.193958 0.318486 0.287384 4.536 3.148 -0.667067 0 0 0 
 1.836 2.738 0.865658 0 0 1.7785 2.7701 0.8143 0.193488 0.315501 0.28549 4.533 3.148 -0.680311 0 0 0 
 1.843 2.744 0.879271 0 0 1.7858 2.7778 0.8135 0.194685 0.304512 0.274438 4.566 3.142 -0.686912 0 0 0 
 1.849 2.749 0.895502 0 0 1.7934 2.7858 0.8126 0.196956 0.288534 0.257825 4.568 3.114 -0.692977 0 0 0 
 1.861 2.774 0.906672 0 0 1.798 2.7907 0.8121 0.184982 0.245027 0.234058 4.586 3.101 -0.702066 0 0 0 
 1.888 2.804 0.922205 0 0 1.8159 2.8095 0.8101 0.176703 0.234528 0.234509 4.618 3.096 -0.705819 0 0 0 
 1.925 2.831 0.941054 0 0 1.8423 2.8372 0.8074 0.173811 0.268451 0.271163 4.64 3.074 -0.707971 0 0 0 
 1.934 2.839 0.952922 0 0 1.8734 2.8696 0.8046 0.192761 0.222301 0.204677 4.658 3.053 -0.718284 0 0 0 
 1.942 2.847 0.96828 0 0 1.8837 2.8803 0.8038 0.194835 0.202049 0.184541 4.679 3.04 -0.731012 0 0 0 
 1.945 2.88 0.975261 0 0 1.8901 2.8869 0.8033 0.18266 0.0980212 0.0962949 4.684 2.989 -0.751683 0 0 0 
 1.985 2.881 0.988176 0 0 1.9099 2.9074 0.8017 0.186379 0.241021 0.2287 4.69 2.982 -0.770051 0 0 0 
 1.995 2.889 1.00196 0 0 1.9167 2.9144 0.8012 0.184978 0.239746 0.229195 4.736 2.975 -0.778388 0 0 0 
 1.997 2.919 1.00895 0 0 1.9355 2.9338 0.7999 0.184218 0.117928 0.114721 4.747 3 -0.785854 0 0 0 
 2.005 2.928 1.02116 0 0 1.9452 2.9438 0.7993 0.185043 0.0994938 0.0964816 4.75 2.987 -0.801211 0 0 0 
 2.013 2.936 1.02832 0 0 1.9628 2.9619 0.7982 0.192763 0.0709152 0.0661235 4.76 2.966 -0.832338 0 0 0 
 2.021 2.944 1.03338 0 0 1.9679 2.9671 0.7978 0.19041 0.0719713 0.067932 4.78 2.97 -0.85837 0 0 0 
 2.006 2.972 1.04193 0 0 1.9784 2.9779 0.7972 0.18867 -0.114443 -0.108753 4.795 2.935 -0.884947 0 0 0 
 1.983 2.998 1.04874 0 0 1.9837 2.9833 0.7969 0.186602 -0.324839 -0.303657 4.816 2.914 -0.911147 0 0 0 
 1.987 3.008 1.0538 0 0 1.9837 2.9833 0.7969 0.180115 -0.340442 -0.327939 4.835 2.912 -0.928534 0 0 0 
 2.005 3.009 1.06061 0 0 1.9945 2.9944 0.7963 0.182517 -0.280619 -0.269992 4.866 2.951 -0.954328 0 0 0 
 2.009 3.017 1.05834 0 0 2 3 0 0.0868451 -0.980857 -0.523599 4.885 2.942 -0.994444 0 0 0 
 2.014 3.025 1.04455 0 0 2.0084 3.0085 0.7956 0.183903 -0.296232 -0.282207 4.896 2.912 -1.04467 0 0 0 
 2.018 3.032 1.0332 0 0 2.014 3.0143 0.7953 0.184377 -0.297029 -0.282237 4.882 2.875 -1.09559 0 0 0 
 2.041 3.029 1.02203 0 0 2.0226 3.023 0.7949 0.186108 -0.178454 -0.170914 4.858 2.862 -1.13334 0 0 0 
 2.045 3.035 1.00301 0 0 2.0313 3.0319 0.7945 0.189718 -0.173604 -0.163246 4.884 2.857 -1.14607 0 0 0 
 2.051 3.042 0.988874 0 0 2.0372 3.0379 0.7942 0.189684 -0.162065 -0.152595 4.872 2.821 -1.15298 0 0 0 
 2.055 3.048 0.975261 0 0 2.0431 3.0439 0.794 0.190757 -0.15735 -0.147401 4.928 2.811 -1.15572 0 0 0 
 2.068 3.065 0.951525 0 0 2.0491 3.05 0.7937 0.183894 -0.137142 -0.13344 4.915 2.794 -1.16726 0 0 0 
 2.062 3.072 0.939832 0 0 2.0521 3.0531 0.7936 0.185559 -0.182099 -0.174841 4.897 2.791 -1.18632 0 0 0 
 2.066 3.078 0.929535 0 0 2.0673 3.0686 0.7931 0.19427 -0.190257 -0.174489 4.893 2.784 -1.19204 0 0 0 
 2.07 3.084 0.915224 0 0 2.0673 3.0686 0.7931 0.190489 -0.178581 -0.167173 4.929 2.765 -1.19051 0 0 0 
 2.073 3.09 0.908592 0 0 2.0735 3.0748 0.7928 0.191943 -0.185821 -0.172526 4.929 2.741 -1.18935 0 0 0 
 2.077 3.095 0.90196 0 0 2.0766 3.078 0.7927 0.190978 -0.181627 -0.169543 4.947 2.73 -1.19113 0 0 0 
 2.093 3.097 0.889917 0 0 2.0829 3.0843 0.7925 0.189563 -0.109783 -0.10387 4.945 2.704 -1.19554 0 0 0 
 2.097 3.102 0.882238 0 0 2.0923 3.0939 0.7922 0.193796 -0.109189 -0.101071 4.925 2.679 -1.19502 0 0 0 
 2.118 3.117 0.871592 0 0 2.0955 3.0972 0.7921 0.182019 -0.0628874 -0.0621099 4.913 2.675 -1.1937 0 0 0 
 2.122 3.122 0.863214 0 0 2.1148 3.1167 0.7916 0.194386 -0.068081 -0.0629591 4.932 2.665 -1.19079 0 0 0 
 2.127 3.127 0.858153 0 0 2.1181 3.12 0.7915 0.193047 -0.0618533 -0.0576092 4.943 2.662 -1.18362 0 0 0 
 2.147 3.122 0.850474 0 0 2.1214 3.1233 0.7914 0.190409 0.0514049 0.0485567 4.979 2.652 -1.16878 0 0 0 
 2.161 3.134 0.84646 0 0 2.1279 3.13 0.7912 0.185207 0.0684937 0.0664699 4.997 2.629 -1.15464 0 0 0 
 2.177 3.15 0.840002 0 0 2.1445 3.1468 0.7908 0.185778 0.0747594 0.0723078 5.02 2.6 -1.15313 0 0 0 
 2.183 3.155 0.83529 0 0 2.1479 3.1502 0.7907 0.184064 0.0846185 0.0825619 5.017 2.562 -1.15507 0 0 0 
 2.194 3.181 0.833545 0 0 2.1648 3.1672 0.7903 0.182377 0.0244819 0.0241582 5.028 2.525 -1.15564 0 0 0 
 2.216 3.191 0.833719 0 0 2.1716 3.1741 0.7902 0.175145 0.0797611 0.0817892 5.06 2.481 -1.15737 0 0 0 
 2.191 3.2 0.835115 0 0 2.1888 3.1914 0.7898 0.195222 -0.074552 -0.0686309 5.058 2.478 -1.15941 0 0 0 
 2.196 3.206 0.836337 0 0 2.1888 3.1914 0.7898 0.190646 -0.0780562 -0.0735643 5.058 2.464 -1.16372 0 0 0 
 2.207 3.201 0.837733 0 0 2.1957 3.1984 0.7897 0.194211 -0.0149085 -0.0138167 5.069 2.46 -1.17234 0 0 0 
 2.203 3.221 0.839479 0 0 2.2026 3.2055 0.7895 0.192919 -0.114378 -0.106316 5.045 2.419 -1.18727 0 0 0 
 2.213 3.234 0.840351 0 0 2.2167 3.2196 0.7893 0.19501 -0.12865 -0.118195 5.041 2.404 -1.19836 0 0 0 
 2.218 3.239 0.838431 0 0 2.2202 3.2231 0.7892 0.1938 -0.126274 -0.116749 5.056 2.379 -1.20135 0 0 0 
 2.222 3.245 0.836512 0 0 2.2237 3.2267 0.7891 0.192608 -0.131764 -0.122522 5.062 2.38 -1.20283 0 0 0 
 2.225 3.25 0.83529 0 0 2.2272 3.2303 0.7891 0.192235 -0.138187 -0.128676 5.076 2.356 -1.20547 0 0 0 
 2.228 3.262 0.831276 0 0 2.2343 3.2374 0.789 0.191902 -0.171049 -0.159085 5.064 2.344 -1.20853 0 0 0 
 2.262 3.283 0.82412 0 0 2.245 3.2482 0.7888 0.17826 -0.106494 -0.107122 5.115 2.318 -1.21814 0 0 0 
 2.282 3.302 0.817663 0 0 2.2558 3.259 0.7886 0.171151 -0.09509 -0.0996748 5.116 2.277 -1.24588 0 0 0 
 2.288 3.308 0.813125 0 0 2.2883 3.2917 0.7881 0.1932 -0.0944483 -0.087769 5.123 2.232 -1.29226 0 0 0 
 2.293 3.314 0.808587 0 0 2.2919 3.2954 0.788 0.191716 -0.0933591 -0.0874305 5.166 2.23 -1.33981 0 0 0 
 2.292 3.301 0.799861 0 0 2.2992 3.3027 0.7879 0.203642 -0.035988 -0.0317993 5.184 2.244 -1.37646 0 0 0 
 2.302 3.313 0.795498 0 0 2.3029 3.3064 0.7879 0.197619 -0.0388665 -0.0353866 5.205 2.231 -1.44994 0 0 0 
 2.314 3.325 0.791134 0 0 2.3029 3.3064 0.7879 0.187711 -0.0341046 -0.0326919 5.213 2.257 -1.5305 0 0 0 
 2.319 3.33 0.783281 0 0 2.3065 3.31 0.7878 0.186574 -0.0264531 -0.0255154 5.199 2.255 -1.60523 0 0 0 
 2.324 3.334 0.779092 0 0 2.3212 3.3248 0.7876 0.195052 -0.0170894 -0.0157693 5.249 2.227 -1.68085 0 0 0 
 2.343 3.353 0.774729 0 0 2.3249 3.3285 0.7876 0.182401 -0.0142514 -0.0140629 5.3 2.205 -1.77072 0 0 0 
 2.35 3.368 0.771064 0 0 2.3286 3.3322 0.7875 0.176438 -0.0458496 -0.0467411 5.291 2.198 -1.8374 0 0 0 
