 0.299 0.593 1.23501 9.57005e-321 1.55716e+142 0.409 0.4903 0.9092 0 0 0 1.657 0.245 3.21143e-322 0 1.75825e-316 1.75824e-316 
 0.287 0.591 1.23501 9.57005e-321 1.55716e+142 0.417 0.5006 0.9097 0.156983 -0.765636 -0.523599 1.634 0.245 3.21143e-322 0 1.75825e-316 1.75824e-316 
 0.279 0.583 1.23349 9.57005e-321 1.55716e+142 0.413 0.4954 0.9094 0.159214 -0.787385 -0.523599 1.635 0.26 3.21143e-322 0 1.75825e-316 1.75824e-316 
 0.284 0.592 1.17883 9.57005e-321 1.55716e+142 0.4049 0.4851 0.9089 0.148804 -0.740268 -0.523599 1.644 0.251 3.21143e-322 0 1.75825e-316 1.75824e-316 
 0.289 0.615 1.09707 9.57005e-321 1.55716e+142 0.409 0.4903 0.9092 0.145894 -0.76448 -0.523599 1.665 0.273 3.21143e-322 0 1.75825e-316 1.75824e-316 
 0.292 0.619 1.01918 9.57005e-321 1.55716e+142 0.4252 0.5111 0.9102 0.167332 -0.670997 -0.523599 1.642 0.269 3.21143e-322 0 1.75825e-316 1.75824e-316 
 0.295 0.625 0.93856 9.57005e-321 1.55716e+142 0.4292 0.5163 0.9104 0.172001 -0.590949 -0.523599 1.633 0.276 3.21143e-322 0 1.75825e-316 1.75824e-316 
 0.289 0.651 0.870187 9.57005e-321 1.55716e+142 0.4333 0.5216 0.9107 0.173827 -0.690095 -0.523599 1.642 0.272 3.21143e-322 0 1.75825e-316 1.75824e-316 
 0.281 0.654 0.808166 9.57005e-321 1.55716e+142 0.4415 0.5322 0.9111 0.187256 -0.651734 -0.523599 1.635 0.318 3.21143e-322 0 1.75825e-316 1.75824e-316 
 0.302 0.667 0.734873 9.57005e-321 1.55716e+142 0.4415 0.5322 0.9111 0.169166 -0.530167 -0.51362 1.621 0.33 3.21143e-322 0 1.75825e-316 1.75824e-316 
 0.299 0.694 0.667183 9.57005e-321 1.55716e+142 0.4539 0.5482 0.9118 0.177227 -0.574273 -0.523599 1.62 0.347 3.21143e-322 0 1.75825e-316 1.75824e-316 
 0.293 0.701 0.610543 9.57005e-321 1.55716e+142 0.4664 0.5643 0.9124 0.193439 -0.523159 -0.453043 1.62 0.368 3.21143e-322 0 1.75825e-316 1.75824e-316 
 0.318 0.712 0.551081 9.57005e-321 1.55716e+142 0.4664 0.5643 0.9124 0.174047 -0.442333 -0.429043 1.625 0.357 3.21143e-322 0 1.75825e-316 1.75824e-316 
 0.329 0.724 0.496597 9.57005e-321 1.55716e+142 0.4832 0.586 0.9132 0.178728 -0.32456 -0.315922 1.617 0.363 3.21143e-322 0 1.75825e-316 1.75824e-316 
 0.347 0.757 0.447368 9.57005e-321 1.55716e+142 0.4917 0.597 0.9136 0.16898 -0.389333 -0.393134 1.64 0.372 3.21143e-322 0 1.75825e-316 1.75824e-316 
 0.372 0.755 0.413707 9.57005e-321 1.55716e+142 0.5173 0.6302 0.9146 0.168785 -0.11774 -0.124909 1.628 0.414 3.21143e-322 0 1.75825e-316 1.75824e-316 
 0.388 0.766 0.372324 9.57005e-321 1.55716e+142 0.5216 0.6358 0.9148 0.152806 -0.0215742 -0.0254082 1.587 0.39 3.21143e-322 0 1.75825e-316 1.75824e-316 
 0.393 0.776 0.365152 9.57005e-321 1.55716e+142 0.5346 0.6527 0.9152 0.161071 -0.0243807 -0.0272392 1.62 0.428 3.21143e-322 0 1.75825e-316 1.75824e-316 
 0.412 0.781 0.3614 9.57005e-321 1.55716e+142 0.5433 0.664 0.9155 0.15013 0.0852774 0.10189 1.599 0.429 3.21143e-322 0 1.75825e-316 1.75824e-316 
 0.435 0.775 0.359008 9.57005e-321 1.55716e+142 0.552 0.6753 0.9158 0.140477 0.260385 0.32203 1.596 0.436 3.21143e-322 0 1.75825e-316 1.75824e-316 
 0.45 0.784 0.361216 9.57005e-321 1.55716e+142 0.5564 0.681 0.9159 0.133104 0.266091 0.345415 1.608 0.437 3.21143e-322 0 1.75825e-316 1.75824e-316 
 0.47 0.783 0.368019 9.57005e-321 1.55716e+142 0.5652 0.6925 0.9162 0.12567 0.38735 0.506528 1.613 0.462 3.21143e-322 0 1.75825e-316 1.75824e-316 
 0.491 0.789 0.37773 9.57005e-321 1.55716e+142 0.574 0.704 0.9164 0.121234 0.464934 0.523599 1.629 0.454 3.21143e-322 0 1.75825e-316 1.75824e-316 
 0.493 0.796 0.407315 9.57005e-321 1.55716e+142 0.5829 0.7155 0.9166 0.125856 0.472116 0.523599 1.619 0.487 3.21143e-322 0 1.75825e-316 1.75824e-316 
 0.498 0.807 0.455737 9.57005e-321 1.55716e+142 0.5873 0.7213 0.9167 0.123435 0.468977 0.523599 1.587 0.502 3.21143e-322 0 1.75825e-316 1.75824e-316 
 0.5 0.802 0.503195 9.57005e-321 1.55716e+142 0.5962 0.733 0.9169 0.138512 0.531321 0.523599 1.589 0.498 3.21143e-322 0 1.75825e-316 1.75824e-316 
 0.52 0.814 0.552203 9.57005e-321 1.55716e+142 0.5962 0.733 0.9169 0.120568 0.546643 0.523599 1.578 0.534 3.21143e-322 0 1.75825e-316 1.75824e-316 
 0.534 0.831 0.607276 9.57005e-321 1.55716e+142 0.6096 0.7505 0.9172 0.126434 0.556375 0.523599 1.579 0.532 3.21143e-322 0 1.75825e-316 1.75824e-316 
 0.548 0.825 0.663159 9.57005e-321 1.55716e+142 0.6186 0.7622 0.9174 0.1399 0.664157 0.523599 1.589 0.507 3.21143e-322 0 1.75825e-316 1.75824e-316 
 0.543 0.839 0.72301 9.57005e-321 1.55716e+142 0.6232 0.7681 0.9175 0.138528 0.542755 0.523599 1.577 0.57 3.21143e-322 0 1.75825e-316 1.75824e-316 
 0.55 0.831 0.790871 9.57005e-321 1.55716e+142 0.6277 0.774 0.9176 0.149269 0.59705 0.523599 1.576 0.567 3.21143e-322 0 1.75825e-316 1.75824e-316 
 0.587 0.839 0.84569 9.57005e-321 1.55716e+142 0.6277 0.774 0.9176 0.131184 0.796869 0.523599 1.574 0.585 3.21143e-322 0 1.75825e-316 1.75824e-316 
 0.579 0.859 0.907908 9.57005e-321 1.55716e+142 0.6459 0.7978 0.9179 0.150301 0.585443 0.523599 1.589 0.585 3.21143e-322 0 1.75825e-316 1.75824e-316 
 0.602 0.861 0.989687 9.57005e-321 1.55716e+142 0.6504 0.8038 0.9179 0.149781 0.735606 0.523599 1.558 0.604 3.21143e-322 0 1.75825e-316 1.75824e-316 
 0.644 0.872 1.04711 9.57005e-321 1.55716e+142 0.6596 0.8157 0.9181 0.147299 0.965732 0.523599 1.547 0.615 3.21143e-322 0 1.75825e-316 1.75824e-316 
 0.634 0.895 1.13033 9.57005e-321 1.55716e+142 0.6826 0.8459 0.9183 0.165621 0.66521 0.523599 1.568 0.62 3.21143e-322 0 1.75825e-316 1.75824e-316 
 0.637 0.915 1.229 9.57005e-321 1.55716e+142 0.6872 0.8519 0.9184 0.158712 0.535345 0.523599 1.577 0.635 3.21143e-322 0 1.75825e-316 1.75824e-316 
 0.633 0.934 1.29014 9.57005e-321 1.55716e+142 0.7012 0.8702 0.9185 0.163228 0.385511 0.401974 1.547 0.65 3.21143e-322 0 1.75825e-316 1.75824e-316 
 0.639 0.942 1.34476 9.57005e-321 1.55716e+142 0.7058 0.8763 0.9185 0.159686 0.343009 0.36894 1.56 0.667 3.21143e-322 0 1.75825e-316 1.75824e-316 
 0.655 0.962 1.38547 9.57005e-321 1.55716e+142 0.7105 0.8824 0.9186 0.157775 0.397481 0.425737 1.512 0.645 3.21143e-322 0 1.75825e-316 1.75824e-316 
 0.668 0.967 1.42144 9.57005e-321 1.55716e+142 0.7292 0.9069 0.9187 0.168926 0.333171 0.341133 1.541 0.667 3.21143e-322 0 1.75825e-316 1.75824e-316 
 0.664 1.002 1.46278 9.57005e-321 1.55716e+142 0.7339 0.9131 0.9187 0.146803 0.214732 0.257447 1.553 0.69 3.21143e-322 0 1.75825e-316 1.75824e-316 
 0.662 1.019 1.49646 9.57005e-321 1.55716e+142 0.7528 0.9378 0.9187 0.156249 0.0284483 0.0327608 1.537 0.68 3.21143e-322 0 1.75825e-316 1.75824e-316 
 0.672 1.032 1.5094 9.57005e-321 1.55716e+142 0.7576 0.944 0.9187 0.151386 0.0576804 0.0684754 1.537 0.691 3.21143e-322 0 1.75825e-316 1.75824e-316 
 0.658 1.048 1.51382 9.57005e-321 1.55716e+142 0.7671 0.9565 0.9187 0.148586 -0.111531 -0.134298 1.527 0.709 3.21143e-322 0 1.75825e-316 1.75824e-316 
 0.669 1.058 1.51621 9.57005e-321 1.55716e+142 0.7718 0.9627 0.9187 0.150862 -0.0877337 -0.104299 1.52 0.686 3.21143e-322 0 1.75825e-316 1.75824e-316 
 0.675 1.078 1.51422 9.57005e-321 1.55716e+142 0.7814 0.9752 0.9187 0.14269 -0.116178 -0.14552 1.549 0.713 3.21143e-322 0 1.75825e-316 1.75824e-316 
 0.682 1.091 1.51377 9.57005e-321 1.55716e+142 0.791 0.9878 0.9187 0.143421 -0.127599 -0.158794 1.544 0.727 3.21143e-322 0 1.75825e-316 1.75824e-316 
 0.672 1.103 1.51057 9.57005e-321 1.55716e+142 0.8006 1.0003 0.9187 0.147333 -0.273275 -0.32223 1.528 0.725 3.21143e-322 0 1.75825e-316 1.75824e-316 
 0.69 1.117 1.50689 9.57005e-321 1.55716e+142 0.8006 1.0003 0.9187 0.137244 -0.160763 -0.207803 1.553 0.723 3.21143e-322 0 1.75825e-316 1.75824e-316 
 0.679 1.134 1.49698 9.57005e-321 1.55716e+142 0.815 1.0193 0.9186 0.140726 -0.318045 -0.386359 1.529 0.754 3.21143e-322 0 1.75825e-316 1.75824e-316 
 0.676 1.149 1.48357 9.57005e-321 1.55716e+142 0.8198 1.0256 0.9186 0.136761 -0.363987 -0.446762 1.516 0.77 3.21143e-322 0 1.75825e-316 1.75824e-316 
 0.676 1.157 1.44739 9.57005e-321 1.55716e+142 0.8295 1.0383 0.9186 0.145477 -0.419899 -0.479162 1.53 0.763 3.21143e-322 0 1.75825e-316 1.75824e-316 
 0.673 1.167 1.40739 9.57005e-321 1.55716e+142 0.8295 1.0383 0.9186 0.143491 -0.435049 -0.499568 1.533 0.758 3.21143e-322 0 1.75825e-316 1.75824e-316 
 0.669 1.183 1.36383 9.57005e-321 1.55716e+142 0.8344 1.0446 0.9185 0.143003 -0.493274 -0.523599 1.538 0.76 3.21143e-322 0 1.75825e-316 1.75824e-316 
 0.668 1.199 1.31807 9.57005e-321 1.55716e+142 0.8392 1.051 0.9185 0.143826 -0.502127 -0.523599 1.508 0.776 3.21143e-322 0 1.75825e-316 1.75824e-316 
 0.672 1.217 1.26535 9.57005e-321 1.55716e+142 0.8441 1.0574 0.9185 0.142143 -0.494998 -0.523599 1.499 0.788 3.21143e-322 0 1.75825e-316 1.75824e-316 
 0.683 1.236 1.21271 9.57005e-321 1.55716e+142 0.8587 1.0765 0.9183 0.15013 -0.488846 -0.523599 1.507 0.79 3.21143e-322 0 1.75825e-316 1.75824e-316 
 0.688 1.252 1.16035 9.57005e-321 1.55716e+142 0.8685 1.0893 0.9182 0.152809 -0.481957 -0.516343 1.501 0.817 3.21143e-322 0 1.75825e-316 1.75824e-316 
 0.687 1.26 1.11053 9.57005e-321 1.55716e+142 0.8783 1.1021 0.9181 0.162433 -0.498451 -0.504651 1.513 0.826 3.21143e-322 0 1.75825e-316 1.75824e-316 
 0.693 1.272 1.05828 9.57005e-321 1.55716e+142 0.8832 1.1085 0.9181 0.165571 -0.45952 -0.4633 1.493 0.825 3.21143e-322 0 1.75825e-316 1.75824e-316 
 0.687 1.283 1.00657 9.57005e-321 1.55716e+142 0.8881 1.115 0.918 0.171577 -0.487237 -0.472533 1.477 0.835 3.21143e-322 0 1.75825e-316 1.75824e-316 
 0.696 1.303 0.955497 9.57005e-321 1.55716e+142 0.898 1.1279 0.9179 0.171915 -0.479855 -0.465582 1.495 0.841 3.21143e-322 0 1.75825e-316 1.75824e-316 
 0.69 1.323 0.904197 9.57005e-321 1.55716e+142 0.9079 1.1408 0.9178 0.180158 -0.548941 -0.501661 1.512 0.84 3.21143e-322 0 1.75825e-316 1.75824e-316 
 0.698 1.342 0.851916 9.57005e-321 1.55716e+142 0.9128 1.1472 0.9177 0.174344 -0.537741 -0.506817 1.509 0.865 3.21143e-322 0 1.75825e-316 1.75824e-316 
 0.713 1.36 0.794649 9.57005e-321 1.55716e+142 0.9277 1.1667 0.9175 0.179393 -0.461797 -0.433908 1.495 0.883 3.21143e-322 0 1.75825e-316 1.75824e-316 
 0.72 1.391 0.738048 9.57005e-321 1.55716e+142 0.9426 1.1862 0.9173 0.185012 -0.476712 -0.434269 1.484 0.892 3.21143e-322 0 1.75825e-316 1.75824e-316 
 0.735 1.396 0.69087 9.57005e-321 1.55716e+142 0.9576 1.2057 0.917 0.194214 -0.346598 -0.310819 1.484 0.893 3.21143e-322 0 1.75825e-316 1.75824e-316 
 0.742 1.398 0.642754 9.57005e-321 1.55716e+142 0.9676 1.2188 0.9168 0.203822 -0.247466 -0.21516 1.509 0.865 3.21143e-322 0 1.75825e-316 1.75824e-316 
 0.751 1.416 0.60906 9.57005e-321 1.55716e+142 0.9726 1.2253 0.9167 0.196266 -0.250539 -0.225854 1.497 0.897 3.21143e-322 0 1.75825e-316 1.75824e-316 
 0.766 1.42 0.584382 9.57005e-321 1.55716e+142 0.9826 1.2384 0.9166 0.199562 -0.140985 -0.126486 1.448 0.92 3.21143e-322 0 1.75825e-316 1.75824e-316 
 0.788 1.435 0.55649 9.57005e-321 1.55716e+142 0.9876 1.2449 0.9165 0.185128 -0.108082 -0.104704 1.468 0.933 3.21143e-322 0 1.75825e-316 1.75824e-316 
 0.791 1.451 0.544822 9.57005e-321 1.55716e+142 1.0027 1.2646 0.9161 0.197639 -0.0945975 -0.0859424 1.485 0.912 3.21143e-322 0 1.75825e-316 1.75824e-316 
 0.815 1.456 0.531761 9.57005e-321 1.55716e+142 1.0128 1.2778 0.9159 0.194269 0.0152269 0.0141076 1.457 0.934 3.21143e-322 0 1.75825e-316 1.75824e-316 
 0.837 1.449 0.524974 9.57005e-321 1.55716e+142 1.0229 1.2909 0.9157 0.197638 0.181186 0.163542 1.443 0.93 3.21143e-322 0 1.75825e-316 1.75824e-316 
 0.831 1.48 0.523857 9.57005e-321 1.55716e+142 1.028 1.2975 0.9156 0.197863 0.01887 0.0171647 1.44 0.941 3.21143e-322 0 1.75825e-316 1.75824e-316 
 0.853 1.488 0.526035 9.57005e-321 1.55716e+142 1.0432 1.3173 0.9152 0.202289 0.10654 0.0945183 1.424 0.952 3.21143e-322 0 1.75825e-316 1.75824e-316 
 0.879 1.52 0.526808 9.57005e-321 1.55716e+142 1.0534 1.3305 0.915 0.192807 0.0676065 0.0630322 1.419 0.951 3.21143e-322 0 1.75825e-316 1.75824e-316 
 0.901 1.514 0.52879 9.57005e-321 1.55716e+142 1.0789 1.3636 0.9143 0.211475 0.259258 0.21719 1.41 0.972 3.21143e-322 0 1.75825e-316 1.75824e-316 
 0.907 1.519 0.531319 9.57005e-321 1.55716e+142 1.084 1.3703 0.9141 0.212501 0.259602 0.216452 1.404 0.985 3.21143e-322 0 1.75825e-316 1.75824e-316 
 0.923 1.543 0.540523 9.57005e-321 1.55716e+142 1.0891 1.3769 0.914 0.204818 0.206515 0.179537 1.404 0.978 3.21143e-322 0 1.75825e-316 1.75824e-316 
 0.949 1.554 0.556218 9.57005e-321 1.55716e+142 1.1044 1.3968 0.9136 0.206225 0.262356 0.225111 1.398 0.996 3.21143e-322 0 1.75825e-316 1.75824e-316 
 0.973 1.546 0.576391 9.57005e-321 1.55716e+142 1.1198 1.4167 0.9131 0.217611 0.406757 0.324557 1.39 0.998 3.21143e-322 0 1.75825e-316 1.75824e-316 
 0.982 1.571 0.607152 9.57005e-321 1.55716e+142 1.125 1.4234 0.9129 0.212222 0.313925 0.260223 1.406 0.986 3.21143e-322 0 1.75825e-316 1.75824e-316 
 1.007 1.586 0.650535 9.57005e-321 1.55716e+142 1.1404 1.4434 0.9125 0.217927 0.333271 0.268617 1.406 0.973 3.21143e-322 0 1.75825e-316 1.75824e-316 
 1.031 1.59 0.682666 9.57005e-321 1.55716e+142 1.161 1.47 0.9118 0.232351 0.385082 0.289915 1.387 0.999 3.21143e-322 0 1.75825e-316 1.75824e-316 
 1.043 1.601 0.716545 9.57005e-321 1.55716e+142 1.1714 1.4834 0.9114 0.236425 0.366165 0.271873 1.399 0.994 3.21143e-322 0 1.75825e-316 1.75824e-316 
 1.074 1.634 0.755743 9.57005e-321 1.55716e+142 1.1817 1.4967 0.9111 0.222887 0.310762 0.245888 1.402 1.004 3.21143e-322 0 1.75825e-316 1.75824e-316 
 1.081 1.653 0.791863 9.57005e-321 1.55716e+142 1.2076 1.5301 0.9101 0.251733 0.185086 0.13158 1.339 1.022 3.21143e-322 0 1.75825e-316 1.75824e-316 
 1.114 1.663 0.819201 9.57005e-321 1.55716e+142 1.218 1.5435 0.9097 0.24471 0.271009 0.196765 1.367 1.022 3.21143e-322 0 1.75825e-316 1.75824e-316 
 1.127 1.675 0.837765 9.57005e-321 1.55716e+142 1.2388 1.5702 0.9089 0.256889 0.27016 0.187085 1.387 1.033 3.21143e-322 0 1.75825e-316 1.75824e-316 
 1.139 1.69 0.866799 9.57005e-321 1.55716e+142 1.2492 1.5835 0.9085 0.258638 0.226651 0.156449 1.394 1.031 3.21143e-322 0 1.75825e-316 1.75824e-316 
 1.158 1.708 0.893285 9.57005e-321 1.55716e+142 1.2597 1.5969 0.9081 0.263437 0.154472 0.105157 1.35 1.034 3.21143e-322 0 1.75825e-316 1.75824e-316 
 1.169 1.732 0.916755 9.57005e-321 1.55716e+142 1.2753 1.617 0.9074 0.270884 0.0480934 0.0319467 1.334 1.034 3.21143e-322 0 1.75825e-316 1.75824e-316 
 1.179 1.757 0.928397 9.57005e-321 1.55716e+142 1.291 1.637 0.9067 0.268377 0.00349916 0.00234688 1.363 1.049 3.21143e-322 0 1.75825e-316 1.75824e-316 
 1.201 1.779 0.934143 9.57005e-321 1.55716e+142 1.3067 1.6571 0.906 0.276642 -0.0683603 -0.04445 1.322 1.064 3.21143e-322 0 1.75825e-316 1.75824e-316 
 1.203 1.8 0.935621 9.57005e-321 1.55716e+142 1.3276 1.6838 0.905 0.295776 -0.168035 -0.101907 1.309 1.04 3.21143e-322 0 1.75825e-316 1.75824e-316 
 1.219 1.824 0.935985 9.57005e-321 1.55716e+142 1.3381 1.6971 0.9045 0.293783 -0.239457 -0.145676 1.292 1.062 3.21143e-322 0 1.75825e-316 1.75824e-316 
 1.239 1.846 0.933222 9.57005e-321 1.55716e+142 1.3539 1.7171 0.9038 0.299232 -0.290217 -0.172835 1.273 1.051 3.21143e-322 0 1.75825e-316 1.75824e-316 
 1.263 1.882 0.926636 9.57005e-321 1.55716e+142 1.3749 1.7438 0.9027 0.295562 -0.325637 -0.195776 1.281 1.049 3.21143e-322 0 1.75825e-316 1.75824e-316 
 1.284 1.905 0.911832 9.57005e-321 1.55716e+142 1.3959 1.7704 0.9016 0.300563 -0.32532 -0.192416 1.278 1.035 3.21143e-322 0 1.75825e-316 1.75824e-316 
 1.304 1.934 0.875152 9.57005e-321 1.55716e+142 1.4169 1.797 0.9005 0.30744 -0.344597 -0.199082 1.25 1.067 3.21143e-322 0 1.75825e-316 1.75824e-316 
 1.321 1.96 0.8438 9.57005e-321 1.55716e+142 1.438 1.8235 0.8993 0.310869 -0.303391 -0.173896 1.265 1.091 3.21143e-322 0 1.75825e-316 1.75824e-316 
 1.345 1.986 0.805586 9.57005e-321 1.55716e+142 1.4591 1.85 0.898 0.309553 -0.215356 -0.124578 1.29 1.109 3.21143e-322 0 1.75825e-316 1.75824e-316 
 1.364 2.006 0.772176 9.57005e-321 1.55716e+142 1.4801 1.8764 0.8968 0.31947 -0.21973 -0.123176 1.242 1.108 3.21143e-322 0 1.75825e-316 1.75824e-316 
 1.383 2.023 0.752215 9.57005e-321 1.55716e+142 1.4959 1.8962 0.8958 0.316634 -0.171044 -0.09693 1.252 1.092 3.21143e-322 0 1.75825e-316 1.75824e-316 
 1.39 2.051 0.730322 9.57005e-321 1.55716e+142 1.5117 1.9159 0.8948 0.319777 -0.222553 -0.124624 1.236 1.118 3.21143e-322 0 1.75825e-316 1.75824e-316 
 1.422 2.071 0.712801 9.57005e-321 1.55716e+142 1.5275 1.9356 0.8938 0.311374 -0.188607 -0.108601 1.219 1.124 3.21143e-322 0 1.75825e-316 1.75824e-316 
 1.427 2.089 0.688938 9.57005e-321 1.55716e+142 1.5539 1.9683 0.892 0.324606 -0.132649 -0.0734243 1.253 1.109 3.21143e-322 0 1.75825e-316 1.75824e-316 
 1.449 2.107 0.669902 9.57005e-321 1.55716e+142 1.5644 1.9814 0.8913 0.319911 -0.132623 -0.0744834 1.217 1.14 3.21143e-322 0 1.75825e-316 1.75824e-316 
 1.474 2.135 0.654273 9.57005e-321 1.55716e+142 1.5802 2.0009 0.8901 0.307322 -0.161066 -0.0940587 1.203 1.133 3.21143e-322 0 1.75825e-316 1.75824e-316 
 1.511 2.147 0.639395 9.57005e-321 1.55716e+142 1.6013 2.0269 0.8886 0.306451 -0.043354 -0.0254593 1.207 1.167 3.21143e-322 0 1.75825e-316 1.75824e-316 
 1.535 2.156 0.624814 9.57005e-321 1.55716e+142 1.6223 2.0527 0.887 0.312664 0.0481544 0.0277153 1.206 1.188 3.21143e-322 0 1.75825e-316 1.75824e-316 
 1.561 2.175 0.618654 9.57005e-321 1.55716e+142 1.6381 2.0721 0.8858 0.299698 0.0108165 0.00649637 1.158 1.166 3.21143e-322 0 1.75825e-316 1.75824e-316 
 1.585 2.194 0.617606 9.57005e-321 1.55716e+142 1.6591 2.0977 0.8841 0.295364 -0.00586913 -0.00357673 1.128 1.164 3.21143e-322 0 1.75825e-316 1.75824e-316 
 1.594 2.211 0.616015 9.57005e-321 1.55716e+142 1.6748 2.1169 0.8828 0.29474 -0.0154901 -0.00945963 1.154 1.145 3.21143e-322 0 1.75825e-316 1.75824e-316 
 1.627 2.233 0.614452 9.57005e-321 1.55716e+142 1.6905 2.136 0.8815 0.279763 -0.0146963 -0.00945534 1.142 1.157 3.21143e-322 0 1.75825e-316 1.75824e-316 
 1.659 2.251 0.612546 9.57005e-321 1.55716e+142 1.7115 2.1614 0.8797 0.273986 0.0362472 0.0238087 1.149 1.171 3.21143e-322 0 1.75825e-316 1.75824e-316 
 1.688 2.265 0.610912 9.57005e-321 1.55716e+142 1.7324 2.1866 0.8778 0.273345 0.0682816 0.0449338 1.108 1.209 3.21143e-322 0 1.75825e-316 1.75824e-316 
 1.722 2.298 0.611412 9.57005e-321 1.55716e+142 1.7532 2.2117 0.8758 0.255538 0.0417781 0.0294198 1.118 1.21 3.21143e-322 0 1.75825e-316 1.75824e-316 
 1.752 2.314 0.612584 9.57005e-321 1.55716e+142 1.7845 2.2491 0.8728 0.257027 0.0986394 0.0689691 1.108 1.199 3.21143e-322 0 1.75825e-316 1.75824e-316 
 1.771 2.319 0.613334 9.57005e-321 1.55716e+142 1.8053 2.2739 0.8707 0.261131 0.161184 0.110652 1.098 1.189 3.21143e-322 0 1.75825e-316 1.75824e-316 
 1.781 2.346 0.615347 9.57005e-321 1.55716e+142 1.8156 2.2862 0.8696 0.249846 0.0642274 0.0462392 1.096 1.184 3.21143e-322 0 1.75825e-316 1.75824e-316 
 1.812 2.355 0.622478 9.57005e-321 1.55716e+142 1.8312 2.3045 0.868 0.242444 0.136821 0.101234 1.098 1.193 3.21143e-322 0 1.75825e-316 1.75824e-316 
 1.841 2.379 0.625641 9.57005e-321 1.55716e+142 1.8467 2.3228 0.8663 0.225904 0.116704 0.0927227 1.075 1.2 3.21143e-322 0 1.75825e-316 1.75824e-316 
 1.861 2.391 0.633015 9.57005e-321 1.55716e+142 1.8725 2.3531 0.8634 0.235022 0.156591 0.119361 1.057 1.22 3.21143e-322 0 1.75825e-316 1.75824e-316 
 1.871 2.392 0.641228 9.57005e-321 1.55716e+142 1.8879 2.3711 0.8616 0.246441 0.204124 0.148001 1.057 1.234 3.21143e-322 0 1.75825e-316 1.75824e-316 
 1.883 2.402 0.655416 9.57005e-321 1.55716e+142 1.893 2.3771 0.861 0.237815 0.173609 0.130655 1.035 1.239 3.21143e-322 0 1.75825e-316 1.75824e-316 
 1.907 2.42 0.67636 9.57005e-321 1.55716e+142 1.9033 2.389 0.8598 0.230612 0.174089 0.135055 1.068 1.268 3.21143e-322 0 1.75825e-316 1.75824e-316 
 1.941 2.427 0.695296 9.57005e-321 1.55716e+142 1.9187 2.4069 0.8579 0.218016 0.257219 0.209258 1.05 1.246 3.21143e-322 0 1.75825e-316 1.75824e-316 
 1.959 2.44 0.712688 9.57005e-321 1.55716e+142 1.9391 2.4305 0.8553 0.21886 0.254103 0.20602 1.01 1.247 3.21143e-322 0 1.75825e-316 1.75824e-316 
 1.972 2.459 0.740395 9.57005e-321 1.55716e+142 1.9544 2.448 0.8533 0.219902 0.203093 0.164734 1.039 1.25 3.21143e-322 0 1.75825e-316 1.75824e-316 
 1.998 2.469 0.766485 9.57005e-321 1.55716e+142 1.9696 2.4655 0.8513 0.217062 0.24278 0.198671 1.023 1.273 3.21143e-322 0 1.75825e-316 1.75824e-316 
 2.015 2.486 0.787087 9.57005e-321 1.55716e+142 1.9848 2.4828 0.8492 0.216799 0.22224 0.182465 1.028 1.294 3.21143e-322 0 1.75825e-316 1.75824e-316 
 2.014 2.509 0.814178 9.57005e-321 1.55716e+142 2 2.5 0 0.157582 -0.748728 -0.523599 1.02 1.302 3.21143e-322 0 1.75825e-316 1.75824e-316 
 2.034 2.524 0.832183 9.57005e-321 1.55716e+142 2.0101 2.5114 0.8456 0.211843 0.0896026 0.0759873 1.037 1.303 3.21143e-322 0 1.75825e-316 1.75824e-316 
 2.045 2.545 0.809388 9.57005e-321 1.55716e+142 2.0252 2.5284 0.8433 0.209792 0.0727839 0.062367 1.026 1.323 3.21143e-322 0 1.75825e-316 1.75824e-316 
 2.067 2.549 0.810537 9.57005e-321 1.55716e+142 2.0402 2.5453 0.8411 0.210103 0.155389 0.132347 1.001 1.329 3.21143e-322 0 1.75825e-316 1.75824e-316 
 2.087 2.577 0.811948 9.57005e-321 1.55716e+142 2.0553 2.5621 0.8388 0.198813 0.126864 0.114358 1.015 1.321 3.21143e-322 0 1.75825e-316 1.75824e-316 
 2.099 2.597 0.81497 9.57005e-321 1.55716e+142 2.0752 2.5842 0.8356 0.201682 0.0862939 0.076865 0.992 1.341 3.21143e-322 0 1.75825e-316 1.75824e-316 
 2.118 2.601 0.820705 9.57005e-321 1.55716e+142 2.0901 2.6007 0.8332 0.207278 0.15142 0.130743 1 1.367 3.21143e-322 0 1.75825e-316 1.75824e-316 
 2.131 2.615 0.825184 9.57005e-321 1.55716e+142 2.105 2.617 0.8307 0.206964 0.141915 0.122804 0.975 1.376 3.21143e-322 0 1.75825e-316 1.75824e-316 
 2.146 2.636 0.833416 9.57005e-321 1.55716e+142 2.1149 2.6279 0.829 0.19869 0.114326 0.103204 1.004 1.375 3.21143e-322 0 1.75825e-316 1.75824e-316 
 2.159 2.66 0.843444 9.57005e-321 1.55716e+142 2.1347 2.6494 0.8256 0.199501 0.0512487 0.0462063 0.989 1.406 3.21143e-322 0 1.75825e-316 1.75824e-316 
 2.162 2.676 0.85283 9.57005e-321 1.55716e+142 2.1494 2.6653 0.8229 0.204308 -0.0193883 -0.0170799 1.011 1.393 3.21143e-322 0 1.75825e-316 1.75824e-316 
 2.177 2.682 0.856664 9.57005e-321 1.55716e+142 2.1592 2.6759 0.8212 0.203553 0.0169027 0.0149458 0.979 1.428 3.21143e-322 0 1.75825e-316 1.75824e-316 
 2.181 2.688 0.858093 9.57005e-321 1.55716e+142 2.1691 2.6864 0.8194 0.207226 0.00590422 0.00512845 0.99 1.396 3.21143e-322 0 1.75825e-316 1.75824e-316 
 2.196 2.705 0.860389 9.57005e-321 1.55716e+142 2.1739 2.6917 0.8184 0.194686 0.00202935 0.00187626 0.97 1.416 3.21143e-322 0 1.75825e-316 1.75824e-316 
 2.207 2.715 0.862298 9.57005e-321 1.55716e+142 2.1886 2.7073 0.8157 0.1998 -0.000453431 -0.000408496 0.957 1.458 3.21143e-322 0 1.75825e-316 1.75824e-316 
 2.221 2.734 0.863718 9.57005e-321 1.55716e+142 2.2032 2.7228 0.8128 0.197164 -0.021037 -0.0192033 0.982 1.443 3.21143e-322 0 1.75825e-316 1.75824e-316 
 2.239 2.744 0.864732 9.57005e-321 1.55716e+142 2.2178 2.7382 0.81 0.196407 0.0169714 0.0155525 0.963 1.433 3.21143e-322 0 1.75825e-316 1.75824e-316 
 2.245 2.763 0.864841 9.57005e-321 1.55716e+142 2.2324 2.7535 0.807 0.198308 -0.0473332 -0.042937 0.971 1.449 3.21143e-322 0 1.75825e-316 1.75824e-316 
 2.271 2.772 0.865591 9.57005e-321 1.55716e+142 2.2421 2.7636 0.805 0.189924 0.0389611 0.0369085 0.944 1.468 3.21143e-322 0 1.75825e-316 1.75824e-316 
 2.273 2.792 0.864991 9.57005e-321 1.55716e+142 2.2614 2.7836 0.801 0.197355 -0.0552309 -0.0503314 0.933 1.482 3.21143e-322 0 1.75825e-316 1.75824e-316 
 2.29 2.811 0.865467 9.57005e-321 1.55716e+142 2.271 2.7935 0.7989 0.188031 -0.0591761 -0.0565882 0.94 1.481 3.21143e-322 0 1.75825e-316 1.75824e-316 
 2.303 2.817 0.865221 9.57005e-321 1.55716e+142 2.2902 2.8132 0.7947 0.197844 -0.0356718 -0.0324431 0.915 1.503 3.21143e-322 0 1.75825e-316 1.75824e-316 
 2.319 2.839 0.865254 9.57005e-321 1.55716e+142 2.2998 2.823 0.7925 0.187616 -0.0585647 -0.0561284 0.921 1.515 3.21143e-322 0 1.75825e-316 1.75824e-316 
 2.32 2.849 0.864888 9.57005e-321 1.55716e+142 2.319 2.8423 0.7882 0.201916 -0.115831 -0.102894 0.941 1.532 3.21143e-322 0 1.75825e-316 1.75824e-316 
 2.34 2.856 0.862735 9.57005e-321 1.55716e+142 2.3237 2.8471 0.787 0.192522 -0.0447972 -0.041859 0.943 1.516 3.21143e-322 0 1.75825e-316 1.75824e-316 
 2.35 2.884 0.859303 9.57005e-321 1.55716e+142 2.338 2.8614 0.7837 0.18667 -0.129489 -0.124219 0.931 1.546 3.21143e-322 0 1.75825e-316 1.75824e-316 
 2.371 2.891 0.85643 9.57005e-321 1.55716e+142 2.357 2.8803 0.7791 0.192113 -0.0674121 -0.0630779 0.941 1.563 3.21143e-322 0 1.75825e-316 1.75824e-316 
 2.375 2.907 0.850294 9.57005e-321 1.55716e+142 2.3713 2.8943 0.7755 0.195984 -0.126131 -0.115331 0.957 1.562 3.21143e-322 0 1.75825e-316 1.75824e-316 
 2.382 2.922 0.844829 9.57005e-321 1.55716e+142 2.3807 2.9036 0.7731 0.193587 -0.161303 -0.148872 0.935 1.574 3.21143e-322 0 1.75825e-316 1.75824e-316 
 2.392 2.934 0.834694 9.57005e-321 1.55716e+142 2.3902 2.9128 0.7707 0.19217 -0.163917 -0.152347 0.951 1.586 3.21143e-322 0 1.75825e-316 1.75824e-316 
 2.41 2.957 0.817809 9.57005e-321 1.55716e+142 2.3996 2.9219 0.7683 0.180144 -0.173735 -0.171883 0.934 1.599 3.21143e-322 0 1.75825e-316 1.75824e-316 
 2.432 2.978 0.800449 9.57005e-321 1.55716e+142 2.4231 2.9446 0.762 0.182237 -0.163841 -0.160439 0.948 1.638 3.21143e-322 0 1.75825e-316 1.75824e-316 
 2.449 2.983 0.782395 9.57005e-321 1.55716e+142 2.4466 2.9668 0.7556 0.194599 -0.0994112 -0.0916954 0.951 1.662 3.21143e-322 0 1.75825e-316 1.75824e-316 
 2.459 2.994 0.764897 9.57005e-321 1.55716e+142 2.4559 2.9756 0.7529 0.192849 -0.0914232 -0.0851258 0.943 1.661 3.21143e-322 0 1.75825e-316 1.75824e-316 
 2.464 3.008 0.754031 9.57005e-321 1.55716e+142 2.4653 2.9843 0.7502 0.192807 -0.129961 -0.120738 0.959 1.666 3.21143e-322 0 1.75825e-316 1.75824e-316 
 2.476 3.027 0.744676 9.57005e-321 1.55716e+142 2.4746 2.993 0.7475 0.186156 -0.164711 -0.157938 0.939 1.692 3.21143e-322 0 1.75825e-316 1.75824e-316 
 2.498 3.051 0.731095 9.57005e-321 1.55716e+142 2.4932 3.0102 0.742 0.180888 -0.178227 -0.175527 0.946 1.697 3.21143e-322 0 1.75825e-316 1.75824e-316 
 2.504 3.043 0.711589 9.57005e-321 1.55716e+142 2.5164 3.0313 0.7349 0.204407 -0.0885514 -0.0778204 0.938 1.719 3.21143e-322 0 1.75825e-316 1.75824e-316 
 2.518 3.059 0.694913 9.57005e-321 1.55716e+142 2.5164 3.0313 0.7349 0.18884 -0.0948551 -0.0901693 0.939 1.71 3.21143e-322 0 1.75825e-316 1.75824e-316 
 2.537 3.067 0.685363 9.57005e-321 1.55716e+142 2.5302 3.0438 0.7306 0.188026 -0.0436677 -0.0417795 0.943 1.741 3.21143e-322 0 1.75825e-316 1.75824e-316 
 2.552 3.08 0.674658 9.57005e-321 1.55716e+142 2.5441 3.0562 0.7262 0.186932 -0.0366177 -0.0352453 0.937 1.755 3.21143e-322 0 1.75825e-316 1.75824e-316 
 2.571 3.099 0.669784 9.57005e-321 1.55716e+142 2.5625 3.0725 0.7201 0.185165 -0.0509959 -0.0495329 0.937 1.764 3.21143e-322 0 1.75825e-316 1.75824e-316 
 2.59 3.108 0.664919 9.57005e-321 1.55716e+142 2.5809 3.0885 0.7139 0.188075 -0.0120894 -0.0115698 0.961 1.778 3.21143e-322 0 1.75825e-316 1.75824e-316 
 2.599 3.116 0.66051 9.57005e-321 1.55716e+142 2.5946 3.1004 0.7092 0.192543 -0.011477 -0.010729 0.953 1.806 3.21143e-322 0 1.75825e-316 1.75824e-316 
 2.607 3.126 0.657804 9.57005e-321 1.55716e+142 2.6038 3.1082 0.706 0.192376 -0.0290706 -0.0271937 0.973 1.81 3.21143e-322 0 1.75825e-316 1.75824e-316 
 2.624 3.14 0.654842 9.57005e-321 1.55716e+142 2.6129 3.116 0.7028 0.184876 -0.0312194 -0.0303866 0.971 1.821 3.21143e-322 0 1.75825e-316 1.75824e-316 
 2.639 3.152 0.650893 9.57005e-321 1.55716e+142 2.6311 3.1314 0.6962 0.188155 -0.0291687 -0.0278972 0.974 1.831 3.21143e-322 0 1.75825e-316 1.75824e-316 
 2.644 3.154 0.648024 9.57005e-321 1.55716e+142 2.6448 3.1427 0.6911 0.197397 -0.016189 -0.0147611 0.99 1.829 3.21143e-322 0 1.75825e-316 1.75824e-316 
 2.664 3.172 0.645208 9.57005e-321 1.55716e+142 2.6493 3.1465 0.6894 0.182186 -0.0306589 -0.0302817 0.989 1.873 3.21143e-322 0 1.75825e-316 1.75824e-316 
 2.692 3.18 0.642374 9.57005e-321 1.55716e+142 2.672 3.165 0.6807 0.183331 0.0430275 0.0422207 0.983 1.869 3.21143e-322 0 1.75825e-316 1.75824e-316 
 2.699 3.197 0.639256 9.57005e-321 1.55716e+142 2.6901 3.1796 0.6736 0.188777 -0.0212261 -0.0202364 0.98 1.892 3.21143e-322 0 1.75825e-316 1.75824e-316 
 2.71 3.211 0.638941 9.57005e-321 1.55716e+142 2.7036 3.1904 0.6681 0.188822 -0.0550297 -0.0524107 0.989 1.891 3.21143e-322 0 1.75825e-316 1.75824e-316 
 2.722 3.22 0.637201 9.57005e-321 1.55716e+142 2.7171 3.201 0.6626 0.19049 -0.0565434 -0.053379 1.001 1.91 3.21143e-322 0 1.75825e-316 1.75824e-316 
 2.737 3.225 0.633463 9.57005e-321 1.55716e+142 2.7306 3.2115 0.6569 0.191949 -0.0224251 -0.021026 1.005 1.924 3.21143e-322 0 1.75825e-316 1.75824e-316 
 2.762 3.234 0.628791 9.57005e-321 1.55716e+142 2.7396 3.2184 0.6531 0.181391 0.0313551 0.0311046 1 1.929 3.21143e-322 0 1.75825e-316 1.75824e-316 
 2.766 3.258 0.627554 9.57005e-321 1.55716e+142 2.762 3.2354 0.6433 0.189634 -0.0920454 -0.0871481 1.042 1.945 3.21143e-322 0 1.75825e-316 1.75824e-316 
 2.774 3.27 0.626871 9.57005e-321 1.55716e+142 2.7754 3.2454 0.6373 0.19196 -0.130596 -0.121852 1.031 1.959 3.21143e-322 0 1.75825e-316 1.75824e-316 
 2.798 3.273 0.620624 9.57005e-321 1.55716e+142 2.7843 3.252 0.6333 0.184438 -0.0489823 -0.0477673 1.048 1.971 3.21143e-322 0 1.75825e-316 1.75824e-316 
 2.823 3.277 0.610705 9.57005e-321 1.55716e+142 2.8022 3.265 0.625 0.183804 0.0308598 0.0302119 1.038 1.985 3.21143e-322 0 1.75825e-316 1.75824e-316 
 2.834 3.3 0.606477 9.57005e-321 1.55716e+142 2.82 3.2778 0.6166 0.183678 -0.059838 -0.0585728 1.056 1.996 3.21143e-322 0 1.75825e-316 1.75824e-316 
 2.856 3.321 0.605393 9.57005e-321 1.55716e+142 2.8377 3.2903 0.608 0.177527 -0.101173 -0.102224 1.061 2.009 3.21143e-322 0 1.75825e-316 1.75824e-316 
 2.874 3.323 0.599205 9.57005e-321 1.55716e+142 2.8643 3.3085 0.5947 0.189289 -0.0497306 -0.0472549 1.06 2.026 3.21143e-322 0 1.75825e-316 1.75824e-316 
 2.884 3.327 0.589479 9.57005e-321 1.55716e+142 2.8775 3.3175 0.5879 0.19332 -0.0308214 -0.0286898 1.073 2.034 3.21143e-322 0 1.75825e-316 1.75824e-316 
 2.913 3.34 0.583962 9.57005e-321 1.55716e+142 2.8864 3.3233 0.5832 0.177983 0.00462423 0.0046766 1.073 2.027 3.21143e-322 0 1.75825e-316 1.75824e-316 
 2.939 3.358 0.579046 9.57005e-321 1.55716e+142 2.9128 3.3405 0.5691 0.177803 -0.0131149 -0.0132762 1.076 2.048 3.21143e-322 0 1.75825e-316 1.75824e-316 
 2.941 3.359 0.577186 9.57005e-321 1.55716e+142 2.9391 3.3572 0.5545 0.198874 -0.0281633 -0.0254851 1.08 2.05 3.21143e-322 0 1.75825e-316 1.75824e-316 
 2.968 3.378 0.575103 9.57005e-321 1.55716e+142 2.9391 3.3572 0.5545 0.174726 -0.0353019 -0.0363515 1.081 2.071 3.21143e-322 0 1.75825e-316 1.75824e-316 
 2.978 3.394 0.571686 9.57005e-321 1.55716e+142 2.9698 3.3758 0.5368 0.188478 -0.1139 -0.108351 1.101 2.074 3.21143e-322 0 1.75825e-316 1.75824e-316 
 3.009 3.408 0.568215 9.57005e-321 1.55716e+142 2.9829 3.3836 0.5291 0.174846 -0.0900347 -0.0924244 1.094 2.088 3.21143e-322 0 1.75825e-316 1.75824e-316 
 3.023 3.415 0.560456 9.57005e-321 1.55716e+142 3.0134 3.4011 0.5104 0.189063 -0.101794 -0.096613 1.113 2.088 3.21143e-322 0 1.75825e-316 1.75824e-316 
 3.023 3.41 0.552782 9.57005e-321 1.55716e+142 3.0265 3.4084 0.5023 0.201985 -0.077328 -0.0688025 1.112 2.119 3.21143e-322 0 1.75825e-316 1.75824e-316 
 3.053 3.424 0.542802 9.57005e-321 1.55716e+142 3.0265 3.4084 0.5023 0.177958 -0.0429969 -0.043463 1.122 2.117 3.21143e-322 0 1.75825e-316 1.75824e-316 
 3.065 3.433 0.534307 9.57005e-321 1.55716e+142 3.0525 3.4225 0.4855 0.188561 -0.0727984 -0.0693815 1.12 2.135 3.21143e-322 0 1.75825e-316 1.75824e-316 
 3.079 3.439 0.528329 9.57005e-321 1.55716e+142 3.0655 3.4293 0.4769 0.188194 -0.0681421 -0.0650831 1.128 2.145 3.21143e-322 0 1.75825e-316 1.75824e-316 
 3.081 3.438 0.520636 9.57005e-321 1.55716e+142 3.0785 3.4359 0.4682 0.197972 -0.0618999 -0.0562212 1.14 2.161 3.21143e-322 0 1.75825e-316 1.75824e-316 
 3.096 3.451 0.513568 9.57005e-321 1.55716e+142 3.0829 3.4381 0.4653 0.187428 -0.0868977 -0.083261 1.154 2.168 3.21143e-322 0 1.75825e-316 1.75824e-316 
 3.127 3.458 0.506037 9.57005e-321 1.55716e+142 3.1002 3.4467 0.4534 0.179112 -0.0370507 -0.0372172 1.161 2.174 3.21143e-322 0 1.75825e-316 1.75824e-316 
 3.15 3.472 0.498309 9.57005e-321 1.55716e+142 3.1261 3.4591 0.4352 0.180206 -0.0699654 -0.0697719 1.165 2.172 3.21143e-322 0 1.75825e-316 1.75824e-316 
 3.162 3.482 0.493772 9.57005e-321 1.55716e+142 3.1519 3.4709 0.4165 0.189572 -0.120396 -0.113823 1.174 2.2 3.21143e-322 0 1.75825e-316 1.75824e-316 
 3.184 3.491 0.486901 9.57005e-321 1.55716e+142 3.1648 3.4765 0.4069 0.182506 -0.116179 -0.114086 1.184 2.225 3.21143e-322 0 1.75825e-316 1.75824e-316 
 3.193 3.492 0.475935 9.57005e-321 1.55716e+142 3.1863 3.4856 0.3907 0.19324 -0.112544 -0.104452 1.196 2.212 3.21143e-322 0 1.75825e-316 1.75824e-316 
 3.212 3.518 0.463697 9.57005e-321 1.55716e+142 3.1949 3.4892 0.3841 0.179506 -0.216004 -0.213304 1.196 2.232 3.21143e-322 0 1.75825e-316 1.75824e-316 
 3.229 3.524 0.450029 9.57005e-321 1.55716e+142 3.2206 3.4993 0.364 0.186574 -0.224596 -0.213384 1.196 2.227 3.21143e-322 0 1.75825e-316 1.75824e-316 
 3.235 3.518 0.425996 9.57005e-321 1.55716e+142 3.2335 3.5042 0.3537 0.194879 -0.161616 -0.148183 1.215 2.254 3.21143e-322 0 1.75825e-316 1.75824e-316 
 3.243 3.529 0.40248 9.57005e-321 1.55716e+142 3.2378 3.5057 0.3503 0.190272 -0.191289 -0.179024 1.223 2.259 3.21143e-322 0 1.75825e-316 1.75824e-316 
 3.279 3.538 0.387542 9.57005e-321 1.55716e+142 3.2506 3.5104 0.3398 0.173455 -0.158354 -0.162874 1.217 2.258 3.21143e-322 0 1.75825e-316 1.75824e-316 
 3.302 3.55 0.367379 9.57005e-321 1.55716e+142 3.2848 3.522 0.3114 0.181227 -0.201884 -0.197893 1.224 2.267 3.21143e-322 0 1.75825e-316 1.75824e-316 
 3.306 3.552 0.35113 9.57005e-321 1.55716e+142 3.3061 3.5287 0.2932 0.194573 -0.213664 -0.195145 1.24 2.286 3.21143e-322 0 1.75825e-316 1.75824e-316 
 3.312 3.567 0.32806 9.57005e-321 1.55716e+142 3.3104 3.53 0.2895 0.19114 -0.279266 -0.257167 1.248 2.299 3.21143e-322 0 1.75825e-316 1.75824e-316 
 3.328 3.577 0.304043 9.57005e-321 1.55716e+142 3.3232 3.5338 0.2784 0.188393 -0.302183 -0.281077 1.239 2.304 3.21143e-322 0 1.75825e-316 1.75824e-316 
 3.329 3.577 0.27352 9.57005e-321 1.55716e+142 3.336 3.5374 0.2672 0.19828 -0.277436 -0.246727 1.243 2.309 3.21143e-322 0 1.75825e-316 1.75824e-316 
 3.347 3.586 0.242726 9.57005e-321 1.55716e+142 3.3403 3.5385 0.2634 0.188166 -0.282548 -0.263979 1.264 2.317 3.21143e-322 0 1.75825e-316 1.75824e-316 
 3.377 3.582 0.214717 9.57005e-321 1.55716e+142 3.3573 3.543 0.2482 0.18057 -0.198451 -0.195303 1.276 2.33 3.21143e-322 0 1.75825e-316 1.75824e-316 
 3.408 3.581 0.18728 9.57005e-321 1.55716e+142 3.3828 3.5492 0.225 0.177987 -0.14323 -0.143849 1.286 2.326 3.21143e-322 0 1.75825e-316 1.75824e-316 
 3.426 3.596 0.169013 9.57005e-321 1.55716e+142 3.4126 3.5557 0.1974 0.186203 -0.226771 -0.215803 1.284 2.329 3.21143e-322 0 1.75825e-316 1.75824e-316 
 3.444 3.605 0.15207 9.57005e-321 1.55716e+142 3.4338 3.5597 0.1774 0.188693 -0.268533 -0.25077 1.299 2.341 3.21143e-322 0 1.75825e-316 1.75824e-316 
 3.467 3.607 0.126814 9.57005e-321 1.55716e+142 3.4508 3.5627 0.1612 0.185091 -0.250889 -0.239312 1.318 2.345 3.21143e-322 0 1.75825e-316 1.75824e-316 
 3.479 3.6 0.0996656 9.57005e-321 1.55716e+142 3.472 3.5659 0.1407 0.192948 -0.18083 -0.167121 1.334 2.356 3.21143e-322 0 1.75825e-316 1.75824e-316 
 3.499 3.593 0.0740574 9.57005e-321 1.55716e+142 3.4848 3.5677 0.1283 0.188375 -0.105443 -0.100416 1.339 2.344 3.21143e-322 0 1.75825e-316 1.75824e-316 
 3.519 3.597 0.0581845 9.57005e-321 1.55716e+142 3.5017 3.5698 0.1116 0.186376 -0.120408 -0.115769 1.363 2.346 3.21143e-322 0 1.75825e-316 1.75824e-316 
 3.538 3.587 0.047881 9.57005e-321 1.55716e+142 3.5229 3.572 0.0907 0.188516 -0.0497099 -0.0474287 1.372 2.365 3.21143e-322 0 1.75825e-316 1.75824e-316 
 3.559 3.593 0.0355074 9.57005e-321 1.55716e+142 3.5399 3.5734 0.0737 0.185709 -0.0875713 -0.0846763 1.376 2.378 3.21143e-322 0 1.75825e-316 1.75824e-316 
 3.577 3.594 0.0304526 9.57005e-321 1.55716e+142 3.5611 3.5748 0.0525 0.188229 -0.103842 -0.0989774 1.383 2.371 3.21143e-322 0 1.75825e-316 1.75824e-316 
 3.6 3.595 0.0209189 9.57005e-321 1.55716e+142 3.5781 3.5756 0.0354 0.184021 -0.114801 -0.111824 1.394 2.387 3.21143e-322 0 1.75825e-316 1.75824e-316 
 3.624 3.597 0.0103357 9.57005e-321 1.55716e+142 3.5993 3.5761 0.0139 0.182192 -0.139338 -0.136802 1.406 2.413 3.21143e-322 0 1.75825e-316 1.75824e-316 
 3.65 3.603 -0.00253311 9.57005e-321 1.55716e+142 3.6247 3.5762 -0.012 0.182122 -0.197427 -0.192705 1.413 2.392 3.21143e-322 0 1.75825e-316 1.75824e-316 
 3.651 3.603 -0.0171589 9.57005e-321 1.55716e+142 3.6501 3.5756 -0.038 0.200257 -0.207748 -0.184608 1.436 2.412 3.21143e-322 0 1.75825e-316 1.75824e-316 
 3.663 3.593 -0.038692 9.57005e-321 1.55716e+142 3.6501 3.5756 -0.038 0.191414 -0.121313 -0.113588 1.448 2.427 3.21143e-322 0 1.75825e-316 1.75824e-316 
 3.688 3.583 -0.0604839 9.57005e-321 1.55716e+142 3.6629 3.5751 -0.051 0.182233 -0.0541639 -0.0534493 1.452 2.435 3.21143e-322 0 1.75825e-316 1.75824e-316 
 3.726 3.58 -0.0707145 9.57005e-321 1.55716e+142 3.6883 3.5735 -0.0771 0.173051 -0.0713161 -0.0740444 1.463 2.437 3.21143e-322 0 1.75825e-316 1.75824e-316 
 3.744 3.58 -0.0769219 9.57005e-321 1.55716e+142 3.7266 3.5699 -0.1161 0.188005 -0.121924 -0.116207 1.494 2.458 3.21143e-322 0 1.75825e-316 1.75824e-316 
 3.767 3.582 -0.084362 9.57005e-321 1.55716e+142 3.7436 3.5678 -0.1333 0.183949 -0.166434 -0.161444 1.492 2.447 3.21143e-322 0 1.75825e-316 1.75824e-316 
 3.781 3.567 -0.098501 9.57005e-321 1.55716e+142 3.7648 3.5648 -0.1548 0.188211 -0.0884792 -0.0844183 1.49 2.459 3.21143e-322 0 1.75825e-316 1.75824e-316 
 3.798 3.575 -0.115686 9.57005e-321 1.55716e+142 3.7818 3.562 -0.172 0.189343 -0.164245 -0.15489 1.507 2.465 3.21143e-322 0 1.75825e-316 1.75824e-316 
 3.819 3.561 -0.12566 9.57005e-321 1.55716e+142 3.7946 3.5597 -0.1847 0.182241 -0.0959757 -0.0945129 1.509 2.491 3.21143e-322 0 1.75825e-316 1.75824e-316 
 3.829 3.574 -0.143838 9.57005e-321 1.55716e+142 3.8159 3.5556 -0.2059 0.192528 -0.206275 -0.190514 1.523 2.488 3.21143e-322 0 1.75825e-316 1.75824e-316 
 3.841 3.59 -0.153059 9.57005e-321 1.55716e+142 3.8244 3.5538 -0.2144 0.192821 -0.329594 -0.298486 1.541 2.479 3.21143e-322 0 1.75825e-316 1.75824e-316 
 3.876 3.58 -0.176222 9.57005e-321 1.55716e+142 3.8329 3.5519 -0.2228 0.17336 -0.300791 -0.302714 1.538 2.51 3.21143e-322 0 1.75825e-316 1.75824e-316 
 3.893 3.571 -0.211409 9.57005e-321 1.55716e+142 3.8671 3.5436 -0.2561 0.186329 -0.272392 -0.257306 1.562 2.512 3.21143e-322 0 1.75825e-316 1.75824e-316 
 3.926 3.573 -0.243823 9.57005e-321 1.55716e+142 3.8842 3.539 -0.2726 0.177553 -0.333769 -0.326276 1.58 2.501 3.21143e-322 0 1.75825e-316 1.75824e-316 
 3.934 3.577 -0.275789 9.57005e-321 1.55716e+142 3.9141 3.5303 -0.301 0.196836 -0.368689 -0.325185 1.569 2.514 3.21143e-322 0 1.75825e-316 1.75824e-316 
 3.949 3.569 -0.316473 9.57005e-321 1.55716e+142 3.9184 3.5289 -0.305 0.189171 -0.313733 -0.290102 1.591 2.553 3.21143e-322 0 1.75825e-316 1.75824e-316 
 3.965 3.569 -0.35601 9.57005e-321 1.55716e+142 3.9356 3.5234 -0.321 0.192815 -0.321735 -0.29178 1.58 2.55 3.21143e-322 0 1.75825e-316 1.75824e-316 
 4.003 3.568 -0.39295 9.57005e-321 1.55716e+142 3.9484 3.5191 -0.3329 0.178645 -0.391577 -0.375797 1.619 2.561 3.21143e-322 0 1.75825e-316 1.75824e-316 
 3.995 3.562 -0.431612 9.57005e-321 1.55716e+142 3.9785 3.5083 -0.3603 0.206331 -0.291001 -0.248614 1.632 2.566 3.21143e-322 0 1.75825e-316 1.75824e-316 
 4.025 3.553 -0.479523 9.57005e-321 1.55716e+142 3.9742 3.5099 -0.3564 0.181565 -0.288717 -0.278775 1.628 2.552 3.21143e-322 0 1.75825e-316 1.75824e-316 
 4.037 3.55 -0.509721 9.57005e-321 1.55716e+142 4.0043 3.4983 -0.3832 0.197356 -0.270986 -0.242299 1.651 2.547 3.21143e-322 0 1.75825e-316 1.75824e-316 
 4.052 3.552 -0.54463 9.57005e-321 1.55716e+142 4.0129 3.4948 -0.3907 0.196523 -0.294808 -0.263733 1.64 2.57 3.21143e-322 0 1.75825e-316 1.75824e-316 
 4.06 3.558 -0.573368 9.57005e-321 1.55716e+142 4.0259 3.4894 -0.4018 0.205264 -0.314299 -0.268938 1.653 2.581 3.21143e-322 0 1.75825e-316 1.75824e-316 
 4.079 3.547 -0.604568 9.57005e-321 1.55716e+142 4.0302 3.4876 -0.4054 0.193212 -0.295938 -0.269018 1.655 2.606 3.21143e-322 0 1.75825e-316 1.75824e-316 
 4.09 3.525 -0.636746 9.57005e-321 1.55716e+142 4.0474 3.4801 -0.4198 0.190679 -0.17681 -0.165383 1.689 2.602 3.21143e-322 0 1.75825e-316 1.75824e-316 
 4.1 3.515 -0.664847 9.57005e-321 1.55716e+142 4.0647 3.4722 -0.4338 0.194216 -0.119575 -0.110372 1.686 2.6 3.21143e-322 0 1.75825e-316 1.75824e-316 
 4.102 3.503 -0.680635 9.57005e-321 1.55716e+142 4.0777 3.4662 -0.4441 0.197685 -0.0347682 -0.0316473 1.69 2.606 3.21143e-322 0 1.75825e-316 1.75824e-316 
 4.131 3.485 -0.692215 9.57005e-321 1.55716e+142 4.082 3.4641 -0.4475 0.176453 -0.0571048 -0.0581869 1.705 2.611 3.21143e-322 0 1.75825e-316 1.75824e-316 
 4.144 3.474 -0.698059 9.57005e-321 1.55716e+142 4.1122 3.4492 -0.4706 0.188773 -0.0173766 -0.0165675 1.72 2.637 3.21143e-322 0 1.75825e-316 1.75824e-316 
 4.162 3.471 -0.703836 9.57005e-321 1.55716e+142 4.1295 3.4404 -0.4835 0.191748 -0.0577454 -0.0541545 1.713 2.643 3.21143e-322 0 1.75825e-316 1.75824e-316 
 4.182 3.447 -0.70831 9.57005e-321 1.55716e+142 4.1424 3.4335 -0.4929 0.179875 -0.00974009 -0.00974657 1.734 2.637 3.21143e-322 0 1.75825e-316 1.75824e-316 
 4.179 3.444 -0.714428 9.57005e-321 1.55716e+142 4.1682 3.4194 -0.5113 0.201631 0.0519481 0.0463418 1.743 2.654 3.21143e-322 0 1.75825e-316 1.75824e-316 
 4.205 3.421 -0.716734 9.57005e-321 1.55716e+142 4.1639 3.4218 -0.5083 0.172589 0.0482045 0.0502322 1.761 2.65 3.21143e-322 0 1.75825e-316 1.75824e-316 
 4.204 3.412 -0.716668 9.57005e-321 1.55716e+142 4.194 3.4046 -0.5292 0.194476 0.125727 0.115848 1.767 2.67 3.21143e-322 0 1.75825e-316 1.75824e-316 
 4.23 3.397 -0.715883 9.57005e-321 1.55716e+142 4.1983 3.4021 -0.5321 0.176647 0.0876921 0.0891198 1.767 2.681 3.21143e-322 0 1.75825e-316 1.75824e-316 
 4.224 3.387 -0.712867 9.57005e-321 1.55716e+142 4.224 3.3867 -0.5494 0.197553 0.180376 0.162893 1.792 2.674 3.21143e-322 0 1.75825e-316 1.75824e-316 
 4.252 3.375 -0.711744 9.57005e-321 1.55716e+142 4.224 3.3867 -0.5494 0.176275 0.116752 0.118659 1.777 2.71 3.21143e-322 0 1.75825e-316 1.75824e-316 
 4.27 3.374 -0.704519 9.57005e-321 1.55716e+142 4.2497 3.3708 -0.5662 0.18831 0.0477615 0.045622 1.802 2.716 3.21143e-322 0 1.75825e-316 1.75824e-316 
 4.283 3.347 -0.69987 9.57005e-321 1.55716e+142 4.2624 3.3626 -0.5744 0.179652 0.132588 0.132071 1.825 2.731 3.21143e-322 0 1.75825e-316 1.75824e-316 
 4.29 3.341 -0.694932 9.57005e-321 1.55716e+142 4.2837 3.3487 -0.5879 0.191822 0.133202 0.124348 1.816 2.742 3.21143e-322 0 1.75825e-316 1.75824e-316 
 4.309 3.331 -0.686071 9.57005e-321 1.55716e+142 4.2922 3.3431 -0.5932 0.184118 0.0962069 0.0937793 1.831 2.742 3.21143e-322 0 1.75825e-316 1.75824e-316 
 4.324 3.32 -0.675327 9.57005e-321 1.55716e+142 4.3091 3.3316 -0.6037 0.185777 0.079427 0.0768056 1.837 2.752 3.21143e-322 0 1.75825e-316 1.75824e-316 
 4.34 3.298 -0.666517 9.57005e-321 1.55716e+142 4.3259 3.3199 -0.614 0.181909 0.119343 0.117546 1.848 2.752 3.21143e-322 0 1.75825e-316 1.75824e-316 
 4.361 3.289 -0.658005 9.57005e-321 1.55716e+142 4.3469 3.3049 -0.6267 0.184762 0.0636374 0.061918 1.865 2.783 3.21143e-322 0 1.75825e-316 1.75824e-316 
 4.381 3.281 -0.645519 9.57005e-321 1.55716e+142 4.3635 3.2927 -0.6368 0.184716 0.00234359 0.00228375 1.854 2.785 3.21143e-322 0 1.75825e-316 1.75824e-316 
 4.389 3.274 -0.640343 9.57005e-321 1.55716e+142 4.3802 3.2804 -0.6467 0.19213 -0.00714381 -0.0066927 1.869 2.808 3.21143e-322 0 1.75825e-316 1.75824e-316 
 4.398 3.255 -0.63739 9.57005e-321 1.55716e+142 4.3884 3.2741 -0.6516 0.186169 0.0518032 0.0500448 1.88 2.816 3.21143e-322 0 1.75825e-316 1.75824e-316 
 4.421 3.247 -0.635244 9.57005e-321 1.55716e+142 4.4049 3.2614 -0.6613 0.184303 -0.0142836 -0.0139493 1.887 2.814 3.21143e-322 0 1.75825e-316 1.75824e-316 
 4.444 3.242 -0.63127 9.57005e-321 1.55716e+142 4.4213 3.2486 -0.6709 0.183757 -0.0999895 -0.0976336 1.896 2.834 3.21143e-322 0 1.75825e-316 1.75824e-316 
 4.447 3.231 -0.631211 9.57005e-321 1.55716e+142 4.4376 3.2355 -0.6804 0.192369 -0.0672776 -0.0628688 1.913 2.838 3.21143e-322 0 1.75825e-316 1.75824e-316 
 4.461 3.22 -0.632743 9.57005e-321 1.55716e+142 4.4458 3.2289 -0.6851 0.187021 -0.0704527 -0.0677043 1.917 2.849 3.21143e-322 0 1.75825e-316 1.75824e-316 
 4.475 3.194 -0.633 9.57005e-321 1.55716e+142 4.4579 3.219 -0.6921 0.178862 0.00473119 0.00476126 1.922 2.88 3.21143e-322 0 1.75825e-316 1.75824e-316 
 4.498 3.193 -0.633328 9.57005e-321 1.55716e+142 4.482 3.1988 -0.7061 0.187665 -0.113933 -0.108847 1.935 2.879 3.21143e-322 0 1.75825e-316 1.75824e-316 
 4.517 3.182 -0.633409 9.57005e-321 1.55716e+142 4.494 3.1885 -0.713 0.183193 -0.147013 -0.143459 1.945 2.883 3.21143e-322 0 1.75825e-316 1.75824e-316 
 4.533 3.164 -0.634958 9.57005e-321 1.55716e+142 4.5098 3.1747 -0.7221 0.181098 -0.133174 -0.131601 1.967 2.874 3.21143e-322 0 1.75825e-316 1.75824e-316 
 4.555 3.169 -0.637447 9.57005e-321 1.55716e+142 4.5295 3.1572 -0.7335 0.189868 -0.2763 -0.256184 1.959 2.874 3.21143e-322 0 1.75825e-316 1.75824e-316 
 4.56 3.151 -0.643457 9.57005e-321 1.55716e+142 4.5373 3.1502 -0.738 0.186506 -0.203937 -0.194339 1.975 2.905 3.21143e-322 0 1.75825e-316 1.75824e-316 
 4.576 3.125 -0.66296 9.57005e-321 1.55716e+142 4.5489 3.1395 -0.7448 0.17733 -0.128546 -0.129748 1.968 2.923 3.21143e-322 0 1.75825e-316 1.75824e-316 
 4.588 3.119 -0.684993 9.57005e-321 1.55716e+142 4.572 3.118 -0.7582 0.191086 -0.156066 -0.145966 1.998 2.923 3.21143e-322 0 1.75825e-316 1.75824e-316 
 4.599 3.111 -0.696671 9.57005e-321 1.55716e+142 4.5796 3.1108 -0.7627 0.189019 -0.16027 -0.151454 1.99 2.95 3.21143e-322 0 1.75825e-316 1.75824e-316 
 4.596 3.088 -0.71471 9.57005e-321 1.55716e+142 4.591 3.0998 -0.7694 0.191343 -0.021777 -0.0204832 1.993 2.94 3.21143e-322 0 1.75825e-316 1.75824e-316 
 4.621 3.095 -0.727901 9.57005e-321 1.55716e+142 4.5986 3.0925 -0.7739 0.189076 -0.166668 -0.157355 2.001 2.96 3.21143e-322 0 1.75825e-316 1.75824e-316 
 4.627 3.075 -0.731582 9.57005e-321 1.55716e+142 4.6098 3.0815 -0.7806 0.187358 -0.100405 -0.0961647 2.021 2.96 3.21143e-322 0 1.75825e-316 1.75824e-316 
 4.66 3.081 -0.746863 9.57005e-321 1.55716e+142 4.621 3.0704 -0.7873 0.185041 -0.282512 -0.268195 2.027 2.963 3.21143e-322 0 1.75825e-316 1.75824e-316 
 4.668 3.064 -0.755863 9.57005e-321 1.55716e+142 4.6358 3.0555 -0.7962 0.187595 -0.240022 -0.226358 2.043 2.975 3.21143e-322 0 1.75825e-316 1.75824e-316 
 4.678 3.062 -0.787599 9.57005e-321 1.55716e+142 4.6467 3.0442 -0.8028 0.193835 -0.253779 -0.231442 2.054 2.993 3.21143e-322 0 1.75825e-316 1.75824e-316 
 4.698 3.058 -0.813602 9.57005e-321 1.55716e+142 4.654 3.0367 -0.8073 0.190458 -0.312139 -0.286864 2.051 3 3.21143e-322 0 1.75825e-316 1.75824e-316 
 4.715 3.039 -0.845799 9.57005e-321 1.55716e+142 4.6648 3.0253 -0.814 0.184205 -0.287218 -0.273622 2.068 3.002 3.21143e-322 0 1.75825e-316 1.75824e-316 
 4.73 3.018 -0.87479 9.57005e-321 1.55716e+142 4.6791 3.0101 -0.8229 0.181249 -0.248668 -0.24211 2.075 3.004 3.21143e-322 0 1.75825e-316 1.75824e-316 
 4.746 3.002 -0.904346 9.57005e-321 1.55716e+142 4.6967 2.9909 -0.8342 0.18452 -0.236921 -0.227129 2.063 3.025 3.21143e-322 0 1.75825e-316 1.75824e-316 
 4.755 2.986 -0.932605 9.57005e-321 1.55716e+142 4.7141 2.9716 -0.8454 0.190539 -0.186429 -0.17433 2.087 3.039 3.21143e-322 0 1.75825e-316 1.75824e-316 
 4.764 2.967 -0.954243 9.57005e-321 1.55716e+142 4.7244 2.9599 -0.8522 0.186889 -0.136971 -0.131165 2.088 3.041 3.21143e-322 0 1.75825e-316 1.75824e-316 
 4.765 2.934 -0.975855 9.57005e-321 1.55716e+142 4.7379 2.9443 -0.8613 0.181378 0.0125338 0.012438 2.11 3.055 3.21143e-322 0 1.75825e-316 1.75824e-316 
 4.78 2.933 -0.985737 9.57005e-321 1.55716e+142 4.7546 2.9247 -0.8728 0.19366 -0.0499179 -0.0463636 2.12 3.077 3.21143e-322 0 1.75825e-316 1.75824e-316 
 4.786 2.925 -0.987075 9.57005e-321 1.55716e+142 4.7612 2.9169 -0.8774 0.193877 -0.0493588 -0.0457937 2.136 3.071 3.21143e-322 0 1.75825e-316 1.75824e-316 
 4.801 2.91 -0.991941 9.57005e-321 1.55716e+142 4.7677 2.909 -0.8821 0.186287 -0.0734502 -0.0708526 2.12 3.088 3.21143e-322 0 1.75825e-316 1.75824e-316 
 4.816 2.912 -0.997901 9.57005e-321 1.55716e+142 4.7806 2.8932 -0.8914 0.196893 -0.152305 -0.138348 2.127 3.093 3.21143e-322 0 1.75825e-316 1.75824e-316 
 4.834 2.883 -1.00583 9.57005e-321 1.55716e+142 4.7838 2.8892 -0.8937 0.175771 -0.148234 -0.15065 2.145 3.115 3.21143e-322 0 1.75825e-316 1.75824e-316 
 4.847 2.88 -1.02179 9.57005e-321 1.55716e+142 4.8059 2.8614 -0.9103 0.195338 -0.180007 -0.164376 2.141 3.105 3.21143e-322 0 1.75825e-316 1.75824e-316 
 4.859 2.869 -1.0366 9.57005e-321 1.55716e+142 4.8121 2.8534 -0.9151 0.191655 -0.194451 -0.180636 2.167 3.117 3.21143e-322 0 1.75825e-316 1.75824e-316 
 4.861 2.836 -1.05526 9.57005e-321 1.55716e+142 4.8212 2.8414 -0.9224 0.180675 -0.073777 -0.0733694 2.177 3.122 3.21143e-322 0 1.75825e-316 1.75824e-316 
 4.888 2.824 -1.07713 9.57005e-321 1.55716e+142 4.8392 2.8174 -0.9371 0.185994 -0.161426 -0.154971 2.17 3.158 3.21143e-322 0 1.75825e-316 1.75824e-316 
 4.89 2.799 -1.08508 9.57005e-321 1.55716e+142 4.8538 2.7973 -0.9496 0.187128 -0.074826 -0.0718519 2.212 3.147 3.21143e-322 0 1.75825e-316 1.75824e-316 
 4.893 2.796 -1.10106 9.57005e-321 1.55716e+142 4.8653 2.7812 -0.9598 0.198633 -0.0556748 -0.0504093 2.211 3.152 3.21143e-322 0 1.75825e-316 1.75824e-316 
 4.914 2.782 -1.11073 9.57005e-321 1.55716e+142 4.8681 2.7772 -0.9623 0.186516 -0.132345 -0.127034 2.22 3.15 3.21143e-322 0 1.75825e-316 1.75824e-316 
 4.926 2.771 -1.11592 9.57005e-321 1.55716e+142 4.882 2.757 -0.9753 0.193658 -0.154489 -0.142618 2.234 3.155 3.21143e-322 0 1.75825e-316 1.75824e-316 
 4.926 2.761 -1.13069 9.57005e-321 1.55716e+142 4.8901 2.7449 -0.9832 0.197616 -0.102633 -0.0932132 2.223 3.203 3.21143e-322 0 1.75825e-316 1.75824e-316 
 4.933 2.737 -1.14542 9.57005e-321 1.55716e+142 4.8928 2.7409 -0.9859 0.182929 -0.0644967 -0.0633788 2.25 3.187 3.21143e-322 0 1.75825e-316 1.75824e-316 
 4.933 2.714 -1.15589 9.57005e-321 1.55716e+142 4.906 2.7207 -0.9994 0.185091 0.0224655 0.0218441 2.243 3.21 3.21143e-322 0 1.75825e-316 1.75824e-316 
 4.928 2.696 -1.16078 9.57005e-321 1.55716e+142 4.9163 2.7045 -1.0104 0.188589 0.117228 0.111426 2.262 3.213 3.21143e-322 0 1.75825e-316 1.75824e-316 
 4.946 2.681 -1.16243 9.57005e-321 1.55716e+142 4.9238 2.6924 -1.0188 0.183806 0.0507509 0.0496592 2.277 3.218 3.21143e-322 0 1.75825e-316 1.75824e-316 
 4.956 2.67 -1.16022 9.57005e-321 1.55716e+142 4.9337 2.6763 -1.0302 0.187568 0.0215254 0.020654 2.263 3.226 3.21143e-322 0 1.75825e-316 1.75824e-316 
 4.975 2.65 -1.16008 9.57005e-321 1.55716e+142 4.9433 2.6602 -1.0419 0.182619 -0.0413913 -0.040775 2.275 3.244 3.21143e-322 0 1.75825e-316 1.75824e-316 
 4.987 2.646 -1.16016 9.57005e-321 1.55716e+142 4.9549 2.6401 -1.0568 0.193791 -0.101793 -0.0942691 2.299 3.251 3.21143e-322 0 1.75825e-316 1.75824e-316 
 4.992 2.639 -1.16109 9.57005e-321 1.55716e+142 4.9594 2.6321 -1.0629 0.19448 -0.113191 -0.104383 2.311 3.244 3.21143e-322 0 1.75825e-316 1.75824e-316 
 4.996 2.614 -1.16611 9.57005e-321 1.55716e+142 4.9638 2.624 -1.0691 0.18324 -0.0695963 -0.0682594 2.316 3.26 3.21143e-322 0 1.75825e-316 1.75824e-316 
 5.017 2.597 -1.17152 9.57005e-321 1.55716e+142 4.9746 2.604 -1.0848 0.182963 -0.155279 -0.151592 2.327 3.278 3.21143e-322 0 1.75825e-316 1.75824e-316 
 5.022 2.576 -1.17884 9.57005e-321 1.55716e+142 4.9871 2.58 -1.1044 0.187339 -0.12881 -0.123138 2.33 3.269 3.21143e-322 0 1.75825e-316 1.75824e-316 
 5.013 2.549 -1.19308 9.57005e-321 1.55716e+142 4.995 2.5641 -1.1179 0.184343 0.00686098 0.00669924 2.34 3.295 3.21143e-322 0 1.75825e-316 1.75824e-316 
 5.013 2.531 -1.20359 9.57005e-321 1.55716e+142 5.0044 2.5443 -1.1353 0.188215 0.0541477 0.0517382 2.353 3.285 3.21143e-322 0 1.75825e-316 1.75824e-316 
 5.01 2.515 -1.20532 9.57005e-321 1.55716e+142 5.0117 2.5285 -1.1496 0.190998 0.106575 0.100102 2.359 3.31 3.21143e-322 0 1.75825e-316 1.75824e-316 
 5.038 2.501 -1.20547 9.57005e-321 1.55716e+142 5.0169 2.5167 -1.1607 0.183652 -0.0477835 -0.046799 2.356 3.301 3.21143e-322 0 1.75825e-316 1.75824e-316 
 5.04 2.479 -1.20543 9.57005e-321 1.55716e+142 5.0253 2.4971 -1.1797 0.183778 -0.0215444 -0.0210983 2.367 3.321 3.21143e-322 0 1.75825e-316 1.75824e-316 
 5.046 2.458 -1.20681 9.57005e-321 1.55716e+142 5.0331 2.4777 -1.1994 0.183223 -0.0266594 -0.0261845 2.397 3.33 3.21143e-322 0 1.75825e-316 1.75824e-316 
 5.051 2.452 -1.20795 9.57005e-321 1.55716e+142 5.0419 2.4545 -1.2241 0.195965 -0.0698519 -0.0640734 2.381 3.317 3.21143e-322 0 1.75825e-316 1.75824e-316 
 5.065 2.434 -1.21003 9.57005e-321 1.55716e+142 5.0433 2.4506 -1.2283 0.183188 -0.12109 -0.118426 2.403 3.347 3.21143e-322 0 1.75825e-316 1.75824e-316 
 5.07 2.425 -1.21552 9.57005e-321 1.55716e+142 5.0512 2.4276 -1.2544 0.193524 -0.157762 -0.145697 2.407 3.347 3.21143e-322 0 1.75825e-316 1.75824e-316 
 5.066 2.401 -1.2244 9.57005e-321 1.55716e+142 5.0537 2.42 -1.2635 0.183794 -0.079407 -0.0776118 2.431 3.367 3.21143e-322 0 1.75825e-316 1.75824e-316 
 5.076 2.376 -1.2363 9.57005e-321 1.55716e+142 5.0606 2.3974 -1.2915 0.181324 -0.11453 -0.113208 2.418 3.38 3.21143e-322 0 1.75825e-316 1.75824e-316 
 5.084 2.356 -1.2457 9.57005e-321 1.55716e+142 5.0667 2.3749 -1.321 0.182463 -0.15669 -0.153361 2.419 3.39 3.21143e-322 0 1.75825e-316 1.75824e-316 
 5.077 2.336 -1.25666 9.57005e-321 1.55716e+142 5.0721 2.3528 -1.3521 0.186319 -0.102997 -0.0991775 2.445 3.406 3.21143e-322 0 1.75825e-316 1.75824e-316 
 5.084 2.313 -1.27475 9.57005e-321 1.55716e+142 5.0759 2.3345 -1.3794 0.182185 -0.12753 -0.12534 2.457 3.409 3.21143e-322 0 1.75825e-316 1.75824e-316 
 5.097 2.305 -1.28433 9.57005e-321 1.55716e+142 5.0798 2.3129 -1.4139 0.18954 -0.24251 -0.226357 2.47 3.417 3.21143e-322 0 1.75825e-316 1.75824e-316 
 5.105 2.285 -1.29914 9.57005e-321 1.55716e+142 5.0814 2.3022 -1.4319 0.181939 -0.274833 -0.265486 2.466 3.427 3.21143e-322 0 1.75825e-316 1.75824e-316 
 5.113 2.271 -1.32419 9.57005e-321 1.55716e+142 5.0837 2.2845 -1.463 0.18399 -0.329342 -0.311698 2.483 3.421 3.21143e-322 0 1.75825e-316 1.75824e-316 
 5.139 2.238 -1.38829 9.57005e-321 1.55716e+142 5.0856 2.2636 -1.5023 0.175077 -0.464044 -0.445155 2.492 3.433 3.21143e-322 0 1.75825e-316 1.75824e-316 
 5.14 2.198 -1.47695 9.57005e-321 1.55716e+142 5.0867 2.2397 -1.5511 0.167239 -0.433275 -0.436355 2.515 3.433 3.21143e-322 0 1.75825e-316 1.75824e-316 
 5.131 2.18 -1.57202 9.57005e-321 1.55716e+142 5.0851 2.1901 -1.6667 0.193367 -0.418221 -0.371257 2.533 3.465 3.21143e-322 0 1.75825e-316 1.75824e-316 
 5.134 2.169 -1.61748 9.57005e-321 1.55716e+142 5.0845 2.1837 -1.6833 0.192256 -0.41557 -0.371056 2.54 3.493 3.21143e-322 0 1.75825e-316 1.75824e-316 
 5.141 2.156 -1.65972 9.57005e-321 1.55716e+142 5.0833 2.1742 -1.7087 0.192491 -0.457041 -0.403887 2.551 3.493 3.21143e-322 0 1.75825e-316 1.75824e-316 
