 1.662 0.256 2.20394 0 0 1.5876 0.248 1.6425 0 0 0 0.29 0.586 1.23501 0 0 0 
 1.657 0.245 2.20394 0 0 1.5876 0.248 1.6425 0.188744 -0.318937 -0.295271 0.299 0.593 1.23501 0 0 0 
 1.643 0.233 2.20394 0 0 1.588 0.242 1.6289 0.185278 -0.415933 -0.384023 0.288 0.588 1.23501 0 0 0 
 1.635 0.26 2.20551 0 0 1.588 0.242 1.6289 0.169332 -0.369289 -0.374072 0.281 0.586 1.23472 0 0 0 
 1.644 0.251 2.20429 0 0 1.5881 0.239 1.622 0.174749 -0.350671 -0.346624 0.286 0.59 1.21927 0 0 0 
 1.665 0.273 2.19242 0 0 1.586 0.2661 1.6816 0.192964 -0.190397 -0.175773 0.291 0.607 1.10532 0 0 0 
 1.642 0.269 2.16851 0 0 1.5872 0.254 1.6558 0.17967 -0.27547 -0.269274 0.285 0.615 1.04207 0 0 0 
 1.633 0.276 2.14303 0 0 1.5869 0.257 1.6623 0.176833 -0.27711 -0.27493 0.296 0.621 0.946772 0 0 0 
 1.659 0.28 2.12453 0 0 1.5866 0.26 1.6688 0.187707 -0.110851 -0.105902 0.281 0.633 0.890842 0 0 0 
 1.635 0.318 2.11004 0 0 1.5853 0.2722 1.694 0.170134 -0.107382 -0.113124 0.281 0.654 0.814401 0 0 0 
 1.621 0.322 2.09835 0 0 1.5832 0.2876 1.724 0.173826 -0.172863 -0.177127 0.309 0.666 0.764113 0 0 0 
 1.62 0.347 2.08875 0 0 1.5789 0.3125 1.7685 0.178731 -0.0973369 -0.0977157 0.297 0.682 0.673088 0 0 0 
 1.62 0.368 2.08299 0 0 1.5769 0.3219 1.7841 0.175164 -0.0257334 -0.0264377 0.285 0.707 0.616568 0 0 0 
 1.625 0.357 2.07374 0 0 1.5718 0.3441 1.8185 0.196563 -0.0317694 -0.0290841 0.307 0.709 0.556929 0 0 0 
 1.617 0.363 2.06536 0 0 1.5693 0.3537 1.8324 0.196666 -0.0544527 -0.049797 0.328 0.725 0.502143 0 0 0 
 1.64 0.372 2.0589 0 0 1.5741 0.3346 1.8041 0.186662 0.0968438 0.0931174 0.347 0.757 0.451818 0 0 0 
 1.628 0.414 2.05716 0 0 1.5701 0.3505 1.8278 0.170159 0.136971 0.143891 0.374 0.76 0.417874 0 0 0 
 1.587 0.39 2.05349 0 0 1.5684 0.3569 1.8369 0.172646 -0.161197 -0.166507 0.384 0.765 0.375746 0 0 0 
 1.62 0.428 2.05419 0 0 1.5557 0.3992 1.8907 0.190323 0.11938 0.112429 0.395 0.766 0.365255 0 0 0 
 1.611 0.424 2.05664 0 0 1.5629 0.3764 1.8628 0.17308 0.0451271 0.0468968 0.418 0.78 0.361803 0 0 0 
 1.596 0.436 2.0596 0 0 1.5524 0.4091 1.9019 0.181105 -0.0261462 -0.0259809 0.434 0.777 0.358815 0 0 0 
 1.6 0.449 2.05698 0 0 1.5524 0.4091 1.9019 0.175264 0.0293383 0.030122 0.44 0.782 0.360776 0 0 0 
 1.613 0.462 2.05681 0 0 1.5501 0.4157 1.9092 0.174854 0.113376 0.116187 0.467 0.777 0.366398 0 0 0 
 1.629 0.454 2.0589 0 0 1.5478 0.4224 1.9163 0.187067 0.163581 0.15612 0.49 0.781 0.37641 0 0 0 
 1.619 0.487 2.0596 0 0 1.5404 0.4424 1.9364 0.179046 0.194238 0.192847 0.49 0.797 0.402882 0 0 0 
 1.587 0.502 2.0617 0 0 1.5453 0.429 1.9232 0.149329 0.0324379 0.0390804 0.498 0.807 0.450961 0 0 0 
 1.589 0.498 2.06414 0 0 1.5365 0.4525 1.9459 0.166782 0.0267917 0.0289069 0.5 0.801 0.498491 0 0 0 
 1.578 0.534 2.06781 0 0 1.5297 0.4694 1.961 0.15275 0.0341925 0.0402705 0.513 0.816 0.541803 0 0 0 
 1.579 0.532 2.07164 0 0 1.524 0.483 1.9723 0.160011 0.00834306 0.00938503 0.533 0.821 0.601764 0 0 0 
 1.589 0.507 2.07461 0 0 1.5167 0.5001 1.9856 0.184372 -0.027308 -0.0266542 0.557 0.813 0.65247 0 0 0 
 1.577 0.57 2.07426 0 0 1.5121 0.5104 1.9932 0.15532 0.0780791 0.0902397 0.543 0.838 0.716115 0 0 0 
 1.576 0.567 2.0788 0 0 1.5167 0.5001 1.9856 0.148688 0.0471333 0.0569971 0.549 0.835 0.784697 0 0 0 
 1.574 0.585 2.08229 0 0 1.5042 0.5277 2.0052 0.149652 0.00750576 0.00902763 0.587 0.839 0.839469 0 0 0 
 1.589 0.585 2.08456 0 0 1.4994 0.5381 2.012 0.164429 0.133762 0.145396 0.579 0.865 0.901318 0 0 0 
 1.558 0.604 2.08962 0 0 1.4961 0.545 2.0163 0.142278 -0.0819554 -0.103315 0.594 0.863 0.983038 0 0 0 
 1.547 0.615 2.09014 0 0 1.5058 0.5242 2.0029 0.109624 -0.260214 -0.403789 0.64 0.861 1.04087 0 0 0 
 1.583 0.615 2.09154 0 0 1.4893 0.559 2.0247 0.148796 0.0344102 0.0416022 0.632 0.889 1.11075 0 0 0 
 1.577 0.635 2.09486 0 0 1.4807 0.5765 2.0345 0.143469 0.0352556 0.0442038 0.637 0.907 1.22068 0 0 0 
 1.547 0.65 2.09172 0 0 1.4842 0.5695 2.0307 0.116772 -0.0897156 -0.137421 0.628 0.925 1.28474 0 0 0 
 1.56 0.667 2.08107 0 0 1.4718 0.5942 2.0436 0.126426 0.0642618 0.0912389 0.639 0.942 1.33992 0 0 0 
 1.512 0.645 2.07496 0 0 1.4552 0.6261 2.0584 0.133987 -0.297723 -0.380477 0.647 0.952 1.38156 0 0 0 
 1.541 0.667 2.07391 0 0 1.4514 0.6332 2.0613 0.139219 -0.0365755 -0.0472543 0.652 0.962 1.41767 0 0 0 
 1.553 0.69 2.07199 0 0 1.4533 0.6297 2.0599 0.130025 0.140405 0.191976 0.66 0.998 1.45944 0 0 0 
 1.537 0.68 2.0706 0 0 1.4552 0.6261 2.0584 0.126915 0.0406851 0.0576388 0.66 1.016 1.49324 0 0 0 
 1.537 0.691 2.06519 0 0 1.4533 0.6297 2.0599 0.122613 0.0711514 0.104075 0.665 1.026 1.50982 0 0 0 
 1.538 0.69 2.06397 0 0 1.4379 0.6583 2.0711 0.14506 0.121828 0.150037 0.658 1.048 1.5131 0 0 0 
 1.52 0.686 2.06903 0 0 1.4379 0.6583 2.0711 0.136765 -0.010043 -0.0132171 0.669 1.058 1.51709 0 0 0 
 1.549 0.713 2.07164 0 0 1.4379 0.6583 2.0711 0.134529 0.243668 0.315162 0.677 1.071 1.51452 0 0 0 
 1.544 0.727 2.07287 0 0 1.4379 0.6583 2.0711 0.123447 0.249992 0.349549 0.683 1.084 1.51398 0 0 0 
 1.53 0.734 2.07706 0 0 1.428 0.6763 2.0773 0.128004 0.210196 0.287395 0.672 1.103 1.51103 0 0 0 
 1.553 0.723 2.07531 0 0 1.4379 0.6583 2.0711 0.131335 0.340396 0.436511 0.69 1.117 1.50763 0 0 0 
 1.529 0.754 2.08247 0 0 1.434 0.6655 2.0736 0.106739 0.269468 0.426523 0.69 1.132 1.49846 0 0 0 
 1.516 0.77 2.09084 0 0 1.428 0.6763 2.0773 0.102596 0.256846 0.423373 0.676 1.149 1.48615 0 0 0 
 1.53 0.763 2.10027 0 0 1.42 0.6907 2.0819 0.123163 0.332101 0.451864 0.677 1.153 1.45135 0 0 0 
 1.533 0.758 2.11597 0 0 1.4139 0.7015 2.0851 0.136845 0.353318 0.435043 0.673 1.167 1.41151 0 0 0 
 1.538 0.76 2.1261 0 0 1.4098 0.7088 2.0872 0.143932 0.394179 0.457997 0.673 1.178 1.36839 0 0 0 
 1.508 0.776 2.13308 0 0 1.424 0.6835 2.0796 0.103682 0.313023 0.497787 0.673 1.203 1.32262 0 0 0 
 1.499 0.788 2.14512 0 0 1.4118 0.7052 2.0861 0.106505 0.301571 0.471357 0.672 1.217 1.27064 0 0 0 
 1.507 0.79 2.15647 0 0 1.4036 0.7197 2.09 0.115251 0.351517 0.502077 0.689 1.227 1.22309 0 0 0 
 1.501 0.817 2.17322 0 0 1.4036 0.7197 2.09 0.0970646 0.415622 0.523599 0.693 1.248 1.17056 0 0 0 
 1.513 0.826 2.1809 0 0 1.3931 0.7379 2.0945 0.111676 0.473483 0.523599 0.696 1.26 1.1207 0 0 0 
 1.493 0.825 2.18771 0 0 1.3826 0.7561 2.0984 0.115924 0.307484 0.445441 0.688 1.269 1.06332 0 0 0 
 1.477 0.835 2.19469 0 0 1.3826 0.7561 2.0984 0.105341 0.192724 0.318131 0.687 1.283 1.01168 0 0 0 
 1.495 0.841 2.21022 0 0 1.3783 0.7634 2.0998 0.120652 0.28451 0.401413 0.696 1.303 0.960948 0 0 0 
 1.512 0.84 2.22453 0 0 1.3719 0.7744 2.1018 0.145022 0.402975 0.463784 0.69 1.323 0.909304 0 0 0 
 1.509 0.865 2.23605 0 0 1.3762 0.7671 2.1005 0.127427 0.53431 0.523599 0.698 1.342 0.857831 0 0 0 
 1.495 0.883 2.25106 0 0 1.3676 0.7817 2.1031 0.118653 0.559526 0.523599 0.713 1.36 0.800049 0 0 0 
 1.484 0.892 2.25769 0 0 1.3654 0.7854 2.1037 0.113222 0.588899 0.523599 0.72 1.391 0.743366 0 0 0 
 1.484 0.893 2.26956 0 0 1.3567 0.8001 2.1058 0.120006 0.572802 0.523599 0.735 1.396 0.695596 0 0 0 
 1.509 0.865 2.28701 0 0 1.3524 0.8074 2.1068 0.155177 0.544159 0.523599 0.742 1.398 0.646812 0 0 0 
 1.497 0.897 2.29574 0 0 1.3589 0.7964 2.1053 0.124513 0.638939 0.523599 0.748 1.409 0.6123 0 0 0 
 1.448 0.92 2.309 0 0 1.3589 0.7964 2.1053 0.0782054 0.556305 0.523599 0.766 1.42 0.587011 0 0 0 
 1.468 0.933 2.31947 0 0 1.3458 0.8185 2.1081 0.0960988 0.656234 0.523599 0.788 1.435 0.558764 0 0 0 
 1.485 0.912 2.3289 0 0 1.326 0.8516 2.1112 0.140766 0.56909 0.523599 0.791 1.451 0.545827 0 0 0 
 1.457 0.934 2.33902 0 0 1.3304 0.8443 2.1106 0.101184 0.587166 0.523599 0.812 1.446 0.532736 0 0 0 
 1.443 0.93 2.35508 0 0 1.3458 0.8185 2.1081 0.0741786 0.60153 0.523599 0.837 1.449 0.524922 0 0 0 
 1.44 0.941 2.3652 0 0 1.3149 0.8701 2.1122 0.104585 0.52715 0.523599 0.831 1.48 0.523802 0 0 0 
 1.424 0.952 2.3748 0 0 1.3215 0.859 2.1116 0.078923 0.561251 0.523599 0.853 1.488 0.526536 0 0 0 
 1.419 0.951 2.39208 0 0 1.3104 0.8775 2.1125 0.0866153 0.492951 0.523599 0.879 1.52 0.526524 0 0 0 
 1.41 0.972 2.39993 0 0 1.3037 0.8886 2.1128 0.0715901 0.522754 0.523599 0.901 1.514 0.528663 0 0 0 
 1.404 0.985 2.40813 0 0 1.3037 0.8886 2.1128 0.0611764 0.55984 0.523599 0.907 1.519 0.530363 0 0 0 
 1.404 0.978 2.41913 0 0 1.2903 0.9109 2.113 0.0753868 0.435871 0.523599 0.923 1.543 0.539291 0 0 0 
 1.391 0.985 2.42506 0 0 1.2881 0.9146 2.1129 0.0616563 0.400933 0.523599 0.937 1.55 0.554346 0 0 0 
 1.39 0.998 2.43309 0 0 1.2814 0.9257 2.1127 0.0583798 0.583859 0.523599 0.967 1.546 0.574074 0 0 0 
 1.406 0.986 2.43833 0 0 1.2859 0.9183 2.1129 0.0886343 1.04288 0.523599 0.982 1.556 0.603103 0 0 0 
 1.406 0.973 2.44217 0 0 1.2792 0.9294 2.1126 0.117452 1.06827 0.523599 1.007 1.586 0.646628 0 0 0 
 1.39 0.993 2.44513 0 0 1.2836 0.922 2.1128 0.0964056 1.13461 0.523599 1.031 1.59 0.679223 0 0 0 
 1.399 0.994 2.45508 0 0 1.2993 0.896 2.1129 0.0875566 1.17823 0.523599 1.043 1.601 0.713053 0 0 0 
 1.393 1.001 2.46468 0 0 1.2769 0.9331 2.1125 0.108429 1.09151 0.523599 1.067 1.632 0.748257 0 0 0 
 1.339 1.022 2.47637 0 0 1.2836 0.922 2.1128 0.0744887 1.19142 0.523599 1.081 1.653 0.788221 0 0 0 
 1.367 1.022 2.49819 0 0 1.268 0.9479 2.1119 0.109436 1.15833 0.523599 1.115 1.673 0.816413 0 0 0 
 1.387 1.033 2.50762 0 0 1.2636 0.9554 2.1114 0.120648 1.20282 0.523599 1.127 1.675 0.837765 0 0 0 
 1.389 1.021 2.51599 0 0 1.2613 0.9591 2.1112 0.13234 1.11427 0.523599 1.135 1.694 0.864271 0 0 0 
 1.35 1.034 2.5242 0 0 1.2636 0.9554 2.1114 0.114259 1.19017 0.523599 1.156 1.71 0.890946 0 0 0 
 1.334 1.034 2.53362 0 0 1.268 0.9479 2.1119 0.109083 1.18435 0.523599 1.169 1.732 0.916755 0 0 0 
 1.363 1.049 2.54828 0 0 1.2569 0.9665 2.1106 0.132903 1.19006 0.523599 1.185 1.756 0.928196 0 0 0 
 1.322 1.064 2.56224 0 0 1.2524 0.9739 2.11 0.12068 1.20558 0.523599 1.201 1.779 0.934143 0 0 0 
 1.309 1.04 2.57341 0 0 1.248 0.9814 2.1093 0.128978 0.978109 0.523599 1.203 1.8 0.935621 0 0 0 
 1.292 1.062 2.5865 0 0 1.2325 1.0073 2.1064 0.133671 0.969718 0.523599 1.219 1.824 0.935985 0 0 0 
 1.273 1.051 2.59418 0 0 1.2347 1.0036 2.1069 0.12981 0.866898 0.523599 1.233 1.835 0.933922 0 0 0 
 1.281 1.049 2.61006 0 0 1.2303 1.0111 2.1059 0.144476 0.74873 0.523599 1.259 1.87 0.927336 0 0 0 
 1.278 1.035 2.62176 0 0 1.2303 1.0111 2.1059 0.151533 0.585118 0.523599 1.282 1.892 0.914831 0 0 0 
 1.261 1.053 2.63415 0 0 1.2281 1.0148 2.1054 0.145188 0.572115 0.523599 1.295 1.928 0.893649 0 0 0 
 1.265 1.091 2.65404 0 0 1.2281 1.0148 2.1054 0.142915 0.766263 0.523599 1.32 1.955 0.847053 0 0 0 
 1.285 1.108 2.67429 0 0 1.2193 1.0296 2.1032 0.159772 0.747168 0.523599 1.338 1.99 0.813925 0 0 0 
 1.242 1.108 2.68912 0 0 1.2063 1.0519 2.0993 0.153127 0.570739 0.523599 1.37 1.995 0.774335 0 0 0 
 1.257 1.09 2.70396 0 0 1.1955 1.0704 2.0956 0.174072 0.304891 0.305411 1.383 2.023 0.756003 0 0 0 
 1.236 1.118 2.72281 0 0 1.1891 1.0815 2.0931 0.164217 0.360413 0.376233 1.39 2.04 0.732292 0 0 0 
 1.235 1.122 2.73433 0 0 1.1955 1.0704 2.0956 0.159784 0.343574 0.369288 1.415 2.067 0.716335 0 0 0 
 1.253 1.109 2.75614 0 0 1.1806 1.0963 2.0896 0.183121 0.113446 0.111054 1.429 2.083 0.690759 0 0 0 
 1.207 1.156 2.77447 0 0 1.1869 1.0852 2.0923 0.147909 0.314051 0.365057 1.447 2.112 0.674542 0 0 0 
 1.203 1.133 2.78459 0 0 1.1955 1.0704 2.0956 0.142653 0.131882 0.164898 1.474 2.135 0.654273 0 0 0 
 1.207 1.167 2.80152 0 0 1.1597 1.1332 2.0793 0.167577 0.0576991 0.0618972 1.49 2.145 0.640769 0 0 0 
 1.206 1.188 2.81042 0 0 1.1764 1.1037 2.0877 0.153305 0.267205 0.304008 1.535 2.156 0.624814 0 0 0 
 1.158 1.166 2.81775 0 0 1.1536 1.1442 2.0758 0.147032 -0.228357 -0.2726 1.561 2.175 0.618654 0 0 0 
 1.128 1.164 2.82386 0 0 1.1495 1.1516 2.0733 0.133903 -0.403597 -0.497095 1.585 2.194 0.617606 0 0 0 
 1.154 1.145 2.827 0 0 1.1395 1.17 2.0669 0.159169 -0.572558 -0.523599 1.592 2.204 0.616183 0 0 0 
 1.142 1.157 2.83485 0 0 1.1395 1.17 2.0669 0.149542 -0.589108 -0.523599 1.623 2.232 0.614586 0 0 0 
 1.149 1.171 2.82648 0 0 1.1495 1.1516 2.0733 0.143474 -0.435116 -0.499682 1.659 2.251 0.612546 0 0 0 
 1.108 1.209 2.81025 0 0 1.1455 1.159 2.0708 0.119431 -0.336196 -0.468992 1.687 2.262 0.610941 0 0 0 
 1.118 1.21 2.78494 0 0 1.1395 1.17 2.0669 0.131678 -0.387672 -0.487307 1.714 2.291 0.611408 0 0 0 
 1.108 1.199 2.75736 0 0 1.1143 1.2175 2.0475 0.154097 -0.707277 -0.523599 1.744 2.315 0.612642 0 0 0 
 1.098 1.189 2.74201 0 0 1.1161 1.2139 2.0491 0.151941 -0.778968 -0.523599 1.771 2.319 0.613334 0 0 0 
 1.096 1.184 2.72909 0 0 1.1238 1.1993 2.0554 0.146527 -0.762912 -0.523599 1.779 2.349 0.614723 0 0 0 
 1.098 1.193 2.70466 0 0 1.1219 1.2029 2.0539 0.150048 -0.713839 -0.523599 1.807 2.356 0.621973 0 0 0 
 1.075 1.2 2.6893 0 0 1.1257 1.1956 2.0569 0.134507 -0.722727 -0.523599 1.841 2.379 0.625641 0 0 0 
 1.057 1.22 2.66382 0 0 1.118 1.2102 2.0507 0.13022 -0.720518 -0.523599 1.861 2.391 0.633015 0 0 0 
 1.057 1.234 2.63467 0 0 1.1105 1.2248 2.0441 0.136992 -0.687234 -0.523599 1.871 2.392 0.641228 0 0 0 
 1.035 1.239 2.61879 0 0 1.1068 1.2321 2.0407 0.130477 -0.759286 -0.523599 1.883 2.402 0.655416 0 0 0 
 1.068 1.268 2.59453 0 0 1.094 1.2575 2.0279 0.152775 -0.582133 -0.523599 1.9 2.42 0.674352 0 0 0 
 1.05 1.246 2.57027 0 0 1.0801 1.2864 2.0116 0.170222 -0.844785 -0.523599 1.941 2.427 0.695296 0 0 0 
 1.01 1.247 2.55858 0 0 1.0852 1.2756 2.0179 0.147689 -0.944966 -0.523599 1.959 2.44 0.712688 0 0 0 
 1.039 1.25 2.54008 0 0 1.0887 1.2684 2.022 0.157919 -0.79049 -0.523599 1.972 2.459 0.740395 0 0 0 
 1.023 1.273 2.51809 0 0 1.0818 1.2828 2.0137 0.15246 -0.777347 -0.523599 1.992 2.463 0.763751 0 0 0 
 1.028 1.294 2.48842 0 0 1.0818 1.2828 2.0137 0.149731 -0.642532 -0.523599 2.007 2.484 0.784535 0 0 0 
 1.02 1.302 2.46538 0 0 1.0767 1.2936 2.0072 0.151462 -0.659353 -0.523599 2.015 2.505 0.811451 0 0 0 
 1.037 1.303 2.4406 0 0 1.07 1.308 1.9982 0.168703 -0.612683 -0.523599 2.025 2.517 0.833404 0 0 0 
 1.026 1.323 2.41093 0 0 1.0668 1.3152 1.9935 0.162618 -0.571705 -0.523599 2.043 2.533 0.812156 0 0 0 
 1.001 1.329 2.3947 0 0 1.0668 1.3152 1.9935 0.151601 -0.642479 -0.523599 2.056 2.549 0.811049 0 0 0 
 1.015 1.321 2.37724 0 0 1.0604 1.3295 1.9837 0.170373 -0.643974 -0.523599 2.076 2.573 0.811834 0 0 0 
 0.992 1.341 2.34757 0 0 1.0527 1.3473 1.9708 0.165636 -0.690923 -0.523599 2.093 2.586 0.814984 0 0 0 
 1 1.367 2.32942 0 0 1.0527 1.3473 1.9708 0.158404 -0.540132 -0.523599 2.111 2.594 0.820337 0 0 0 
 0.975 1.376 2.30883 0 0 1.0439 1.3685 1.9542 0.158957 -0.663752 -0.523599 2.122 2.612 0.824389 0 0 0 
 1.004 1.375 2.28317 0 0 1.0425 1.372 1.9513 0.173833 -0.522221 -0.495713 2.15 2.626 0.832436 0 0 0 
 0.989 1.406 2.25263 0 0 1.0316 1.4002 1.9269 0.172022 -0.53041 -0.506681 2.156 2.651 0.84251 0 0 0 
 1.011 1.393 2.23308 0 0 1.0369 1.3861 1.9394 0.179266 -0.416039 -0.395706 2.157 2.661 0.851886 0 0 0 
 0.979 1.428 2.21179 0 0 1.024 1.4211 1.907 0.172756 -0.523753 -0.499548 2.17 2.675 0.856847 0 0 0 
 0.99 1.396 2.18264 0 0 1.0316 1.4002 1.9269 0.182583 -0.494208 -0.45337 2.18 2.688 0.85783 0 0 0 
 0.97 1.416 2.16257 0 0 1.0158 1.4453 1.8819 0.193489 -0.614825 -0.519549 2.19 2.698 0.860239 0 0 0 
 0.957 1.458 2.12522 0 0 1.0216 1.428 1.9 0.161238 -0.488509 -0.499269 2.208 2.72 0.862049 0 0 0 
 0.982 1.443 2.10393 0 0 1.0204 1.4315 1.8964 0.179102 -0.391088 -0.374499 2.221 2.734 0.863644 0 0 0 
 0.963 1.433 2.08229 0 0 1.0125 1.4557 1.8705 0.194742 -0.54293 -0.465111 2.245 2.744 0.864679 0 0 0 
 0.971 1.449 2.04948 0 0 1.0104 1.4625 1.8626 0.194011 -0.442767 -0.389775 2.252 2.759 0.864831 0 0 0 
 0.944 1.468 2.03238 0 0 1.0136 1.4522 1.8743 0.172792 -0.505951 -0.485058 2.271 2.772 0.865794 0 0 0 
 0.933 1.482 2.01318 0 0 1.0125 1.4557 1.8705 0.166079 -0.524212 -0.516673 2.273 2.792 0.865018 0 0 0 
 0.94 1.481 1.98281 0 0 1.0054 1.4796 1.8423 0.183789 -0.503716 -0.458299 2.29 2.811 0.865722 0 0 0 
 0.925 1.502 1.95558 0 0 0.9983 1.5068 1.8074 0.186753 -0.568986 -0.501623 2.295 2.812 0.865215 0 0 0 
 0.921 1.515 1.94232 0 0 0.9967 1.5135 1.7984 0.183484 -0.568455 -0.508706 2.316 2.833 0.865186 0 0 0 
 0.941 1.532 1.91125 0 0 0.9967 1.5135 1.7984 0.178775 -0.400783 -0.383546 2.32 2.849 0.865003 0 0 0 
 0.943 1.516 1.88595 0 0 0.991 1.5402 1.7624 0.204662 -0.435991 -0.366161 2.34 2.856 0.863215 0 0 0 
 0.931 1.546 1.85628 0 0 0.9937 1.5269 1.7805 0.179747 -0.408656 -0.388438 2.35 2.884 0.85961 0 0 0 
 0.941 1.563 1.83795 0 0 0.9923 1.5336 1.7715 0.175871 -0.323549 -0.319779 2.364 2.899 0.857143 0 0 0 
 0.957 1.562 1.8212 0 0 0.9897 1.5469 1.7534 0.186647 -0.239896 -0.227352 2.375 2.907 0.85092 0 0 0 
 0.941 1.583 1.78769 0 0 0.9868 1.5634 1.7307 0.183462 -0.302636 -0.288633 2.383 2.923 0.845815 0 0 0 
 0.951 1.586 1.77146 0 0 0.9873 1.5601 1.7353 0.181197 -0.220826 -0.215946 2.392 2.934 0.835774 0 0 0 
 0.934 1.599 1.75697 0 0 0.9822 1.5961 1.6852 0.19361 -0.350759 -0.315229 2.396 2.947 0.819694 0 0 0 
 0.936 1.639 1.73952 0 0 0.9818 1.5993 1.6806 0.172962 -0.297222 -0.299981 2.43 2.971 0.802079 0 0 0 
 0.951 1.662 1.7287 0 0 0.9808 1.609 1.6669 0.166514 -0.198032 -0.210888 2.449 2.983 0.784075 0 0 0 
 0.943 1.661 1.7191 0 0 0.9785 1.6379 1.6259 0.183268 -0.29157 -0.278907 2.459 2.994 0.766653 0 0 0 
 0.959 1.666 1.70444 0 0 0.9776 1.66 1.5941 0.194097 -0.224964 -0.205675 2.468 3.002 0.755062 0 0 0 
 0.939 1.692 1.69065 0 0 0.9774 1.6726 1.576 0.185483 -0.338495 -0.317385 2.476 3.027 0.745627 0 0 0 
 0.946 1.697 1.68245 0 0 0.9774 1.6789 1.5669 0.186641 -0.300435 -0.282023 2.498 3.051 0.732779 0 0 0 
 0.938 1.719 1.66447 0 0 0.9774 1.6789 1.5669 0.174243 -0.322267 -0.321375 2.495 3.046 0.713301 0 0 0 
 0.939 1.71 1.654 0 0 0.9776 1.6944 1.5444 0.188612 -0.339472 -0.313301 2.515 3.052 0.69632 0 0 0 
 0.943 1.741 1.64318 0 0 0.9779 1.7037 1.531 0.176135 -0.317906 -0.314126 2.537 3.067 0.686536 0 0 0 
 0.937 1.755 1.62171 0 0 0.9781 1.7098 1.522 0.172202 -0.34494 -0.346052 2.552 3.08 0.675336 0 0 0 
 0.937 1.764 1.61054 0 0 0.9802 1.7403 1.4778 0.184422 -0.396367 -0.369131 2.572 3.096 0.67034 0 0 0 
 0.961 1.778 1.60042 0 0 0.9818 1.7554 1.4559 0.18469 -0.280075 -0.266472 2.59 3.108 0.665387 0 0 0 
 0.953 1.806 1.58175 0 0 0.9825 1.7614 1.4472 0.172498 -0.325711 -0.327627 2.599 3.113 0.660656 0 0 0 
 0.973 1.81 1.56935 0 0 0.9821 1.7584 1.4515 0.168543 -0.188899 -0.199068 2.607 3.126 0.657987 0 0 0 
 0.971 1.821 1.55592 0 0 0.9883 1.7999 1.3916 0.185428 -0.286906 -0.271624 2.624 3.137 0.655223 0 0 0 
 0.974 1.831 1.53358 0 0 0.9883 1.7999 1.3916 0.180359 -0.250967 -0.245419 2.634 3.154 0.651258 0 0 0 
 0.99 1.829 1.52258 0 0 0.9893 1.8057 1.3833 0.184432 -0.158425 -0.153403 2.645 3.161 0.648309 0 0 0 
 0.989 1.873 1.51612 0 0 0.9922 1.8202 1.3625 0.166982 -0.21052 -0.223153 2.659 3.167 0.645374 0 0 0 
 0.983 1.869 1.50338 0 0 0.9988 1.8489 1.3217 0.185922 -0.302877 -0.285234 2.692 3.18 0.642752 0 0 0 
 0.98 1.892 1.49117 0 0 1.0049 1.8715 1.29 0.185795 -0.378575 -0.351533 2.702 3.191 0.639373 0 0 0 
 0.989 1.891 1.48087 0 0 0.9996 1.8517 1.3177 0.175236 -0.267666 -0.268314 2.716 3.212 0.639236 0 0 0 
 1.001 1.91 1.47144 0 0 1.0108 1.891 1.263 0.185395 -0.300079 -0.283499 2.722 3.22 0.63742 0 0 0 
 1.005 1.924 1.45504 0 0 1.0108 1.891 1.263 0.177698 -0.272042 -0.268892 2.737 3.225 0.633866 0 0 0 
 1 1.929 1.43916 0 0 1.0135 1.8992 1.2516 0.180582 -0.312053 -0.301561 2.762 3.234 0.629021 0 0 0 
 1.042 1.945 1.42711 0 0 1.02 1.9184 1.2255 0.178563 -0.118853 -0.119241 2.766 3.258 0.627362 0 0 0 
 1.031 1.959 1.41542 0 0 1.024 1.9292 1.2108 0.177935 -0.215242 -0.214394 2.775 3.26 0.626955 0 0 0 
 1.048 1.971 1.39535 0 0 1.0323 1.9506 1.1823 0.181992 -0.167271 -0.163955 2.798 3.273 0.621492 0 0 0 
 1.038 1.985 1.38627 0 0 1.0424 1.9743 1.1512 0.188934 -0.296602 -0.275397 2.816 3.281 0.611616 0 0 0 
 1.056 1.996 1.37999 0 0 1.0424 1.9743 1.1512 0.180692 -0.200274 -0.196922 2.834 3.3 0.606378 0 0 0 
 1.061 2.009 1.36934 0 0 1.0471 1.9847 1.1378 0.178987 -0.206286 -0.204552 2.856 3.321 0.605399 0 0 0 
 1.06 2.026 1.36114 0 0 1.0532 1.9976 1.1213 0.177177 -0.263112 -0.261197 2.872 3.317 0.600206 0 0 0 
 1.073 2.034 1.35102 0 0 1.0582 2.0078 1.1084 0.177168 -0.218668 -0.218613 2.884 3.327 0.590127 0 0 0 
 1.073 2.027 1.33444 0 0 1.0685 2.0279 1.0833 0.193547 -0.249711 -0.228187 2.907 3.336 0.584473 0 0 0 
 1.076 2.048 1.32798 0 0 1.0738 2.0379 1.0711 0.187395 -0.285451 -0.26761 2.941 3.358 0.579295 0 0 0 
 1.08 2.05 1.3217 0 0 1.0725 2.0354 1.0741 0.184478 -0.252931 -0.241956 2.941 3.365 0.577494 0 0 0 
 1.081 2.071 1.30739 0 0 1.0807 2.0502 1.0561 0.182019 -0.309085 -0.296638 2.972 3.373 0.575335 0 0 0 
 1.108 2.068 1.29918 0 0 1.0793 2.0478 1.059 0.178169 -0.135906 -0.13645 2.982 3.39 0.573187 0 0 0 
 1.1 2.076 1.29028 0 0 1.0862 2.06 1.0443 0.182621 -0.221141 -0.21461 3.001 3.403 0.568701 0 0 0 
 1.106 2.095 1.27667 0 0 1.0977 2.0793 1.0215 0.183265 -0.262923 -0.252718 3.023 3.413 0.563109 0 0 0 
 1.112 2.119 1.26131 0 0 1.1021 2.0864 1.0132 0.173946 -0.280054 -0.282073 3.023 3.41 0.553588 0 0 0 
 1.122 2.117 1.25416 0 0 1.1095 2.0982 0.9996 0.180726 -0.247187 -0.241393 3.046 3.418 0.546661 0 0 0 
 1.12 2.135 1.24368 0 0 1.1217 2.1168 0.9785 0.1834 -0.337247 -0.319645 3.063 3.436 0.534905 0 0 0 
 1.131 2.15 1.23321 0 0 1.1264 2.1237 0.9709 0.177829 -0.317537 -0.310984 3.066 3.44 0.531114 0 0 0 
 1.14 2.161 1.22222 0 0 1.128 2.1259 0.9683 0.171893 -0.287993 -0.292902 3.082 3.437 0.521327 0 0 0 
 1.149 2.169 1.21175 0 0 1.1343 2.135 0.9583 0.171926 -0.272364 -0.277783 3.106 3.454 0.512359 0 0 0 
 1.161 2.174 1.19953 0 0 1.1503 2.1574 0.9341 0.181602 -0.27097 -0.262388 3.127 3.458 0.506037 0 0 0 
 1.165 2.172 1.18487 0 0 1.1552 2.1639 0.9271 0.186745 -0.249655 -0.236147 3.138 3.463 0.498539 0 0 0 
 1.174 2.2 1.17475 0 0 1.1634 2.1748 0.9157 0.177325 -0.287911 -0.284336 3.154 3.476 0.494314 0 0 0 
 1.184 2.225 1.15747 0 0 1.1735 2.1877 0.9024 0.171174 -0.317238 -0.321986 3.18 3.488 0.487881 0 0 0 
 1.196 2.212 1.14961 0 0 1.1887 2.2066 0.8832 0.188237 -0.267802 -0.250696 3.193 3.492 0.477184 0 0 0 
 1.196 2.232 1.13722 0 0 1.1972 2.217 0.8729 0.185539 -0.335286 -0.314482 3.212 3.519 0.464841 0 0 0 
 1.196 2.227 1.12204 0 0 1.1938 2.2129 0.877 0.18611 -0.295511 -0.278388 3.219 3.525 0.452249 0 0 0 
 1.215 2.254 1.11 0 0 1.2024 2.2231 0.8669 0.174687 -0.286126 -0.286705 3.235 3.518 0.428192 0 0 0 
 1.223 2.259 1.09987 0 0 1.2058 2.2272 0.8629 0.173245 -0.259713 -0.263563 3.242 3.526 0.40434 0 0 0 
 1.217 2.258 1.08486 0 0 1.218 2.2412 0.8494 0.186233 -0.312037 -0.292917 3.276 3.537 0.389249 0 0 0 
 1.224 2.267 1.06741 0 0 1.2267 2.251 0.84 0.187609 -0.310857 -0.289849 3.302 3.55 0.369254 0 0 0 
 1.24 2.286 1.05519 0 0 1.2355 2.2608 0.831 0.181028 -0.300035 -0.289925 3.306 3.552 0.35267 0 0 0 
 1.248 2.299 1.04315 0 0 1.2373 2.2627 0.8292 0.174101 -0.293715 -0.294817 3.309 3.559 0.330763 0 0 0 
 1.239 2.304 1.02657 0 0 1.2443 2.2703 0.8222 0.181066 -0.357841 -0.341774 3.32 3.576 0.306776 0 0 0 
 1.243 2.309 1.01645 0 0 1.2584 2.2854 0.8086 0.189305 -0.378823 -0.345735 3.329 3.577 0.276459 0 0 0 
 1.264 2.317 1.00668 0 0 1.262 2.2891 0.8053 0.181789 -0.302814 -0.291305 3.347 3.586 0.245929 0 0 0 
 1.276 2.33 0.9887 0 0 1.2708 2.2982 0.7973 0.179374 -0.292077 -0.285111 3.377 3.582 0.21761 0 0 0 
 1.286 2.326 0.980672 0 0 1.285 2.3126 0.7849 0.189447 -0.255985 -0.238587 3.398 3.581 0.189815 0 0 0 
 1.284 2.329 0.967058 0 0 1.285 2.3126 0.7849 0.189292 -0.261642 -0.243847 3.425 3.593 0.170278 0 0 0 
 1.299 2.341 0.942625 0 0 1.2956 2.3231 0.776 0.187702 -0.231224 -0.218206 3.444 3.605 0.154665 0 0 0 
 1.318 2.345 0.930757 0 0 1.2903 2.3179 0.7804 0.175301 -0.133183 -0.13591 3.458 3.604 0.129162 0 0 0 
 1.334 2.356 0.920983 0 0 1.3097 2.3368 0.7647 0.179956 -0.129441 -0.128756 3.477 3.597 0.1021 0 0 0 
 1.339 2.344 0.905101 0 0 1.3167 2.3435 0.7593 0.189521 -0.0618689 -0.0586933 3.5 3.592 0.0789102 0 0 0 
 1.363 2.346 0.895677 0 0 1.3325 2.3583 0.7477 0.192307 0.0183827 0.0172046 3.519 3.597 0.0591949 0 0 0 
 1.372 2.365 0.88503 0 0 1.3411 2.3663 0.7415 0.187056 -0.0152219 -0.0146466 3.538 3.587 0.049023 0 0 0 
 1.376 2.378 0.878398 0 0 1.3429 2.3679 0.7403 0.181135 -0.0421859 -0.041897 3.559 3.593 0.036259 0 0 0 
 1.383 2.371 0.874733 0 0 1.3498 2.3741 0.7356 0.187009 0.00563854 0.00542715 3.578 3.597 0.0310961 0 0 0 
 1.394 2.387 0.870021 0 0 1.3702 2.3924 0.7224 0.191205 -0.0380968 -0.0358489 3.596 3.595 0.0220272 0 0 0 
 1.406 2.413 0.868799 0 0 1.3819 2.4027 0.7153 0.183867 -0.102457 -0.0999673 3.625 3.601 0.0112997 0 0 0 
 1.413 2.392 0.868974 0 0 1.3802 2.4012 0.7163 0.189408 0.0107629 0.010228 3.646 3.609 -0.00110586 0 0 0 
 1.436 2.412 0.871592 0 0 1.4032 2.4209 0.7035 0.188793 -0.00710822 -0.00677705 3.657 3.607 -0.015554 0 0 0 
 1.448 2.427 0.868625 0 0 1.4032 2.4209 0.7035 0.177611 -0.00529053 -0.00536162 3.665 3.599 -0.036551 0 0 0 
 1.452 2.435 0.867927 0 0 1.4191 2.4343 0.6955 0.184201 -0.0474662 -0.0463503 3.684 3.582 -0.0587107 0 0 0 
 1.463 2.437 0.868974 0 0 1.4284 2.4421 0.6913 0.186009 -0.0237829 -0.0230106 3.718 3.578 -0.0699882 0 0 0 
 1.494 2.458 0.867752 0 0 1.4375 2.4496 0.6874 0.171682 0.0230121 0.0241224 3.739 3.575 -0.0758148 0 0 0 
 1.492 2.447 0.867229 0 0 1.4405 2.4521 0.6863 0.179637 0.0494192 0.0494787 3.76 3.574 -0.0835129 0 0 0 
 1.49 2.459 0.866007 0 0 1.4566 2.4651 0.6806 0.186559 -0.0342818 -0.0330644 3.781 3.571 -0.0968235 0 0 0 
 1.507 2.465 0.869846 0 0 1.4719 2.4775 0.6767 0.188589 -0.0111209 -0.010614 3.796 3.577 -0.114611 0 0 0 
 1.509 2.491 0.871068 0 0 1.4799 2.4839 0.6753 0.181907 -0.114128 -0.112454 3.819 3.561 -0.124072 0 0 0 
 1.523 2.488 0.871243 0 0 1.4877 2.4901 0.6745 0.183683 -0.0524669 -0.0513697 3.821 3.579 -0.14258 0 0 0 
 1.541 2.479 0.872464 0 0 1.4988 2.499 0.6747 0.189177 0.0442425 0.0420714 3.839 3.581 -0.15205 0 0 0 
 1.538 2.51 0.871941 0 0 1.5082 2.5065 0.6758 0.183251 -0.0976387 -0.0956143 3.878 3.583 -0.173312 0 0 0 
 1.562 2.512 0.868799 0 0 1.5138 2.511 0.6767 0.177654 -0.000371276 -0.000376179 3.891 3.575 -0.208249 0 0 0 
 1.58 2.501 0.864611 0 0 1.5334 2.5268 0.6812 0.190739 0.0991181 0.0932661 3.919 3.57 -0.240627 0 0 0 
 1.569 2.514 0.864785 0 0 1.5418 2.5337 0.6841 0.195163 -0.00675578 -0.0062308 3.936 3.576 -0.271824 0 0 0 
 1.591 2.553 0.865134 0 0 1.5498 2.5402 0.6877 0.175436 -0.0615914 -0.0631098 3.946 3.573 -0.312577 0 0 0 
 1.58 2.55 0.864087 0 0 1.5621 2.5504 0.695 0.19043 -0.107178 -0.100963 3.965 3.569 -0.352511 0 0 0 
 1.619 2.561 0.866181 0 0 1.566 2.5536 0.6978 0.173835 0.0234614 0.0242887 3.996 3.563 -0.389125 0 0 0 
 1.629 2.55 0.86496 0 0 1.5789 2.5646 0.71 0.185392 0.105987 0.102544 3.995 3.564 -0.419807 0 0 0 
 1.628 2.552 0.865483 0 0 1.6006 2.5837 0.7397 0.202385 0.0971941 0.0862293 4.024 3.554 -0.465549 0 0 0 
 1.651 2.547 0.862167 0 0 1.5964 2.5799 0.733 0.192997 0.219284 0.201735 4.043 3.547 -0.507059 0 0 0 
 1.64 2.57 0.862516 0 0 1.6006 2.5837 0.7397 0.189794 0.0894743 0.0846543 4.045 3.551 -0.540861 0 0 0 
 1.653 2.581 0.866007 0 0 1.6139 2.5961 0.7624 0.191112 0.114734 0.107645 4.066 3.559 -0.570731 0 0 0 
 1.655 2.606 0.873337 0 0 1.6167 2.5988 0.7673 0.1813 0.0274321 0.0272287 4.078 3.556 -0.60148 0 0 0 
 1.689 2.602 0.87962 0 0 1.6297 2.6116 0.788 0.182019 0.202713 0.197842 4.094 3.528 -0.63354 0 0 0 
 1.686 2.6 0.884507 0 0 1.6407 2.6228 0.8019 0.193432 0.194506 0.179061 4.096 3.514 -0.662957 0 0 0 
 1.69 2.606 0.889394 0 0 1.6498 2.6323 0.8102 0.197055 0.187026 0.169205 4.101 3.501 -0.679349 0 0 0 
 1.705 2.611 0.894629 0 0 1.6549 2.6377 0.8137 0.193979 0.232143 0.212172 4.131 3.485 -0.691489 0 0 0 
 1.72 2.637 0.896898 0 0 1.6473 2.6297 0.8082 0.170025 0.213617 0.222408 4.132 3.473 -0.697308 0 0 0 
 1.713 2.643 0.90161 0 0 1.6736 2.6577 0.821 0.192145 0.142689 0.132882 4.155 3.476 -0.703441 0 0 0 
 1.734 2.637 0.915398 0 0 1.6774 2.6617 0.8217 0.191288 0.242918 0.224723 4.178 3.46 -0.707497 0 0 0 
 1.743 2.654 0.923426 0 0 1.6878 2.6729 0.8227 0.189042 0.210368 0.19769 4.182 3.447 -0.713979 0 0 0 
 1.761 2.65 0.927964 0 0 1.6964 2.6822 0.8228 0.192587 0.292424 0.266797 4.2 3.423 -0.716612 0 0 0 
 1.778 2.663 0.938785 0 0 1.7037 2.69 0.8225 0.187158 0.311147 0.290765 4.205 3.416 -0.716633 0 0 0 
 1.767 2.681 0.945068 0 0 1.7226 2.7104 0.821 0.197728 0.167763 0.15155 4.227 3.393 -0.715967 0 0 0 
 1.792 2.674 0.951002 0 0 1.7237 2.7116 0.8209 0.194419 0.299711 0.270672 4.224 3.387 -0.713072 0 0 0 
 1.777 2.71 0.96479 0 0 1.7371 2.7259 0.8194 0.192438 0.0810607 0.0756767 4.252 3.375 -0.712639 0 0 0 
 1.802 2.716 0.974563 0 0 1.7325 2.721 0.8199 0.177872 0.183478 0.183583 4.265 3.367 -0.704773 0 0 0 
 1.825 2.731 0.98294 0 0 1.758 2.7482 0.8168 0.184655 0.196267 0.189035 4.281 3.351 -0.700072 0 0 0 
 1.816 2.742 0.994285 0 0 1.7646 2.7553 0.816 0.187242 0.0953437 0.0914008 4.292 3.346 -0.695633 0 0 0 
 1.837 2.752 0.998822 0 0 1.7742 2.7655 0.8148 0.183903 0.14684 0.142746 4.304 3.337 -0.688095 0 0 0 
 1.837 2.752 1.00528 0 0 1.7873 2.7794 0.8133 0.194654 0.113588 0.104653 4.325 3.321 -0.677112 0 0 0 
 1.848 2.752 1.01278 0 0 1.7934 2.7858 0.8126 0.196421 0.146696 0.13363 4.344 3.307 -0.668104 0 0 0 
 1.865 2.783 1.01785 0 0 1.7949 2.7874 0.8124 0.176948 0.136849 0.13832 4.359 3.29 -0.65916 0 0 0 
 1.854 2.785 1.02518 0 0 1.806 2.7991 0.8112 0.188029 0.0441579 0.0422472 4.381 3.282 -0.646312 0 0 0 
 1.869 2.808 1.03652 0 0 1.8314 2.8258 0.8085 0.192532 -0.0123031 -0.0115017 4.389 3.276 -0.640468 0 0 0 
 1.88 2.816 1.04106 0 0 1.8192 2.813 0.8098 0.175305 0.0442533 0.0454072 4.398 3.254 -0.637636 0 0 0 
 1.887 2.814 1.04594 0 0 1.8498 2.845 0.8067 0.199097 0.00988382 0.00893556 4.418 3.244 -0.635703 0 0 0 
 1.896 2.834 1.05013 0 0 1.8498 2.845 0.8067 0.186207 -0.00379676 -0.00367019 4.447 3.247 -0.631632 0 0 0 
 1.913 2.838 1.04944 0 0 1.8517 2.847 0.8066 0.181053 0.068658 0.0681529 4.453 3.232 -0.630825 0 0 0 
 1.917 2.849 1.0524 0 0 1.8734 2.8696 0.8046 0.191709 0.00460475 0.00432348 4.463 3.219 -0.63284 0 0 0 
 1.922 2.88 1.05554 0 0 1.8775 2.8739 0.8043 0.177618 -0.0681509 -0.0689554 4.476 3.197 -0.632987 0 0 0 
 1.935 2.879 1.05869 0 0 1.8795 2.876 0.8041 0.176073 -0.00544994 -0.00557142 4.498 3.193 -0.633571 0 0 0 
 1.945 2.883 1.06078 0 0 1.9054 2.9028 0.8021 0.19204 -0.0293548 -0.0275075 4.512 3.191 -0.633168 0 0 0 
 1.967 2.874 1.0613 0 0 1.9031 2.9005 0.8022 0.18906 0.111153 0.105434 4.533 3.164 -0.634604 0 0 0 
 1.959 2.874 1.06095 0 0 1.9054 2.9028 0.8021 0.19295 0.0650333 0.0605943 4.55 3.172 -0.637174 0 0 0 
 1.975 2.905 1.05956 0 0 1.9167 2.9144 0.8012 0.181575 0.0387167 0.0383621 4.557 3.157 -0.642536 0 0 0 
 1.968 2.923 1.05869 0 0 1.926 2.924 0.8006 0.181669 -0.068093 -0.0673653 4.574 3.131 -0.660986 0 0 0 
 1.998 2.923 1.05781 0 0 1.9452 2.9438 0.7993 0.188907 0.0404787 0.0385511 4.578 3.116 -0.683126 0 0 0 
 1.99 2.95 1.06235 0 0 1.9452 2.9438 0.7993 0.176996 -0.0785902 -0.0797543 4.595 3.117 -0.695388 0 0 0 
 1.998 2.951 1.06462 0 0 1.9679 2.9671 0.7978 0.1924 -0.0961905 -0.0897492 4.606 3.106 -0.706641 0 0 0 
 2.016 2.952 1.06392 0 0 1.9757 2.9752 0.7974 0.19326 -0.0250939 -0.0233678 4.612 3.095 -0.723135 0 0 0 
 2.028 2.958 1.0641 0 0 1.9679 2.9671 0.7978 0.180649 0.0391977 0.039037 4.627 3.075 -0.730517 0 0 0 
 2.027 2.971 1.0634 0 0 1.9864 2.9861 0.7968 0.18897 -0.0453499 -0.0431705 4.655 3.085 -0.743216 0 0 0 
 2.043 2.975 1.05991 0 0 2 3 0 0.0962701 -0.677596 -0.523599 4.663 3.066 -0.754797 0 0 0 
 2.051 2.996 1.05589 0 0 2.0028 3.0028 0.7958 0.182761 -0.0225742 -0.0222295 4.674 3.064 -0.777499 0 0 0 
 2.068 3 1.05485 0 0 2.0197 3.0201 0.795 0.18959 0.0142334 0.0135126 4.709 3.06 -0.836995 0 0 0 
 2.075 3.004 1.04647 0 0 2.0226 3.023 0.7949 0.188089 0.0406221 0.0388555 4.731 3.025 -0.871447 0 0 0 
 2.055 3.046 1.04228 0 0 2.0401 3.0409 0.7941 0.186757 -0.214452 -0.203823 4.742 3.004 -0.898407 0 0 0 
 2.087 3.039 1.03827 0 0 2.0461 3.047 0.7939 0.185822 -0.0410484 -0.0397413 4.755 2.986 -0.930124 0 0 0 
 2.088 3.041 1.03565 0 0 2.0551 3.0561 0.7935 0.191799 -0.0587385 -0.0550693 4.762 2.974 -0.954243 0 0 0 
 2.11 3.055 1.03198 0 0 2.0612 3.0623 0.7933 0.183332 0.00260047 0.0025532 4.772 2.938 -0.972326 0 0 0 
 2.12 3.077 1.02029 0 0 2.0673 3.0686 0.7931 0.174496 -0.0127039 -0.0131039 4.779 2.932 -0.985737 0 0 0 
 2.136 3.071 1.01785 0 0 2.0766 3.078 0.7927 0.180393 0.0684924 0.0682372 4.786 2.925 -0.986816 0 0 0 
 2.12 3.088 1.01558 0 0 2.0892 3.0907 0.7923 0.186719 -0.0863763 -0.0830763 4.793 2.917 -0.991941 0 0 0 
 2.127 3.093 1.01401 0 0 2.1051 3.1069 0.7919 0.195055 -0.0953192 -0.0877365 4.812 2.915 -0.996626 0 0 0 
 2.145 3.115 1.01104 0 0 2.1051 3.1069 0.7919 0.178668 -0.0697703 -0.0701752 4.829 2.898 -1.00436 0 0 0 
 2.141 3.105 1.01209 0 0 2.1148 3.1167 0.7916 0.192685 -0.0790879 -0.0737474 4.831 2.88 -1.01842 0 0 0 
 2.167 3.117 1.00982 0 0 2.1246 3.1267 0.7913 0.186827 -0.00273982 -0.00263969 4.859 2.869 -1.0366 0 0 0 
 2.177 3.122 1.0072 0 0 2.1279 3.13 0.7912 0.184024 0.02819 0.0275666 4.855 2.844 -1.05347 0 0 0 
 2.17 3.158 1.00284 0 0 2.1412 3.1434 0.7909 0.179113 -0.13938 -0.139165 4.877 2.831 -1.07218 0 0 0 
 2.212 3.147 1.00022 0 0 2.1512 3.1536 0.7906 0.17994 0.0887889 0.0885862 4.89 2.799 -1.08347 0 0 0 
 2.21 3.155 1.00074 0 0 2.158 3.1604 0.7905 0.181937 0.0404528 0.0400008 4.88 2.802 -1.09793 0 0 0 
 2.22 3.15 0.999346 0 0 2.1682 3.1706 0.7903 0.189659 0.0857013 0.081158 4.91 2.791 -1.11023 0 0 0 
 2.234 3.155 0.996903 0 0 2.1853 3.188 0.7899 0.196843 0.108512 0.0989028 4.926 2.771 -1.11592 0 0 0 
 2.223 3.203 0.997426 0 0 2.1888 3.1914 0.7898 0.179004 -0.0989928 -0.0992167 4.927 2.765 -1.12794 0 0 0 
 2.25 3.187 0.999172 0 0 2.1957 3.1984 0.7897 0.184257 0.0705406 0.0688022 4.936 2.739 -1.14307 0 0 0 
 2.251 3.196 0.998822 0 0 2.2096 3.2125 0.7894 0.190677 0.0218143 0.0205899 4.938 2.719 -1.15075 0 0 0 
 2.261 3.217 1.00092 0 0 2.2237 3.2267 0.7891 0.188471 -0.0214274 -0.0204615 4.935 2.702 -1.16077 0 0 0 
 2.285 3.22 0.99987 0 0 2.2272 3.2303 0.7891 0.182629 0.0834206 0.0820354 4.942 2.686 -1.16243 0 0 0 
 2.263 3.226 1.00161 0 0 2.2308 3.2338 0.789 0.189071 -0.0532503 -0.0506522 4.957 2.675 -1.16025 0 0 0 
 2.275 3.244 1.00353 0 0 2.2415 3.2446 0.7888 0.185034 -0.0711445 -0.0690987 4.971 2.662 -1.15993 0 0 0 
 2.303 3.251 1.00441 0 0 2.2486 3.2518 0.7887 0.17876 0.0332333 0.0334513 4.982 2.645 -1.16013 0 0 0 
 2.311 3.244 1.00406 0 0 2.2558 3.259 0.7886 0.185687 0.0795934 0.0770031 4.986 2.639 -1.16109 0 0 0 
 2.301 3.253 1.00493 0 0 2.2702 3.2735 0.7884 0.195716 -0.0258789 -0.0237963 5 2.62 -1.16544 0 0 0 
 2.327 3.278 1.00301 0 0 2.281 3.2844 0.7882 0.184094 0.0087408 0.00854623 5.014 2.595 -1.17109 0 0 0 
 2.33 3.269 1.00231 0 0 2.2774 3.2807 0.7882 0.184796 0.05822 0.0566483 5.022 2.576 -1.17779 0 0 0 
 2.34 3.295 1.00336 0 0 2.3029 3.3064 0.7879 0.189269 -0.0210784 -0.0200434 5.008 2.552 -1.19063 0 0 0 
 2.353 3.285 1.00703 0 0 2.3029 3.3064 0.7879 0.190343 0.0690493 0.0652048 5.016 2.537 -1.20359 0 0 0 
 2.359 3.31 1.00964 0 0 2.3139 3.3174 0.7877 0.184701 0.000158588 0.000154552 5.01 2.521 -1.20542 0 0 0 
 2.356 3.315 1.00947 0 0 2.3212 3.3248 0.7876 0.189004 -0.0439085 -0.0417924 5.039 2.501 -1.20562 0 0 0 
 2.367 3.321 1.01139 0 0 2.3286 3.3322 0.7875 0.188565 -0.0239159 -0.0228256 5.038 2.486 -1.20543 0 0 0 
 2.397 3.33 1.01017 0 0 2.3396 3.3433 0.7874 0.184038 0.0782947 0.0764278 5.046 2.458 -1.20679 0 0 0 
 2.381 3.317 1.00982 0 0 2.336 3.3396 0.7874 0.192375 0.0438051 0.0409643 5.051 2.452 -1.20795 0 0 0 
 2.404 3.352 1.01523 0 0 2.3619 3.3656 0.7871 0.18856 -0.00276681 -0.0026412 5.068 2.444 -1.20975 0 0 0 
 2.407 3.347 1.0154 0 0 2.3544 3.3581 0.7872 0.184217 0.0424444 0.041449 5.074 2.434 -1.21371 0 0 0 
 2.428 3.37 1.01732 0 0 2.3804 3.3842 0.7868 0.187188 0.0240001 0.0230745 5.066 2.401 -1.22323 0 0 0 
 2.418 3.38 1.01575 0 0 2.3804 3.3842 0.7868 0.185147 -0.0540151 -0.0524653 5.076 2.376 -1.2363 0 0 0 
 2.423 3.394 1.01837 0 0 2.3916 3.3954 0.7867 0.185538 -0.0962093 -0.0930681 5.084 2.356 -1.24485 0 0 0 
 2.436 3.407 1.02064 0 0 2.4028 3.4066 0.7866 0.184015 -0.0949922 -0.0926537 5.077 2.336 -1.25666 0 0 0 
 2.457 3.409 1.01907 0 0 2.4065 3.4104 0.7865 0.179805 -0.000865159 -0.000866095 5.082 2.323 -1.27263 0 0 0 
 2.47 3.417 1.01872 0 0 2.4252 3.4291 0.7863 0.186888 0.0019206 0.00184981 5.094 2.308 -1.28283 0 0 0 
 2.466 3.427 1.01732 0 0 2.4327 3.4366 0.7862 0.189076 -0.0615645 -0.0585422 5.108 2.284 -1.29754 0 0 0 
 2.473 3.422 1.01767 0 0 2.4401 3.4441 0.7862 0.195469 -0.0270945 -0.0249451 5.112 2.276 -1.31942 0 0 0 
 2.493 3.439 1.01401 0 0 2.4514 3.4553 0.786 0.190045 0.00272528 0.00258123 5.136 2.239 -1.38119 0 0 0 
 2.513 3.455 1.00737 0 0 2.4663 3.4702 0.7859 0.188113 0.0315785 0.0302074 5.142 2.209 -1.47207 0 0 0 
 2.533 3.465 1.00441 0 0 2.4849 3.4889 0.7857 0.192131 0.0667646 0.0624677 5.137 2.188 -1.56749 0 0 0 
 2.546 3.483 1.00406 0 0 2.5036 3.5075 0.7855 0.194117 0.0406069 0.037636 5.132 2.17 -1.6037 0 0 0 
 2.551 3.493 1.00511 0 0 2.5036 3.5075 0.7855 0.187577 0.0348733 0.0334522 5.133 2.173 -1.60835 0 0 0 
 2.564 3.509 1.00668 0 0 2.5147 3.5187 0.7854 0.18456 0.0284505 0.0277404 5.141 2.156 -1.65972 0 0 0 
 2.566 3.526 1.00545 0 0 2.5259 3.5298 0.7853 0.184391 -0.03416 -0.0333341 5.13 2.111 -1.74728 0 0 0 
