 0.619 0.489 1.17411 4.11557e-321 1.55716e+142 0.4875 0.5915 0.9134 0 0 0 1.892 0.27 2.60867e-321 0 2.99097e+262 2.26716e+161 
 0.612 0.487 1.17411 4.11557e-321 1.55716e+142 0.4875 0.5915 0.9134 0.236341 0.78678 0.523599 1.906 0.264 2.60867e-321 0 2.99097e+262 2.26716e+161 
 0.608 0.491 1.17411 4.11557e-321 1.55716e+142 0.4832 0.586 0.9132 0.229366 0.786546 0.523599 1.896 0.28 2.60867e-321 0 2.99097e+262 2.26716e+161 
 0.597 0.512 1.19951 4.11557e-321 1.55716e+142 0.4832 0.586 0.9132 0.217118 0.642539 0.489459 1.927 0.303 2.60867e-321 0 2.99097e+262 2.26716e+161 
 0.588 0.556 1.26193 4.11557e-321 1.55716e+142 0.4875 0.5915 0.9134 0.193366 0.488975 0.427149 1.871 0.318 2.60867e-321 0 2.99097e+262 2.26716e+161 
 0.656 0.537 1.32284 4.11557e-321 1.55716e+142 0.5087 0.6191 0.9143 0.225276 0.742956 0.523599 1.89 0.329 2.60867e-321 0 2.99097e+262 2.26716e+161 
 0.71 0.561 1.37105 4.11557e-321 1.55716e+142 0.5216 0.6358 0.9148 0.224162 0.944576 0.523599 1.875 0.339 2.60867e-321 0 2.99097e+262 2.26716e+161 
 0.665 0.631 1.44202 4.11557e-321 1.55716e+142 0.5564 0.681 0.9159 0.207912 0.446562 0.368912 1.838 0.365 2.60867e-321 0 2.99097e+262 2.26716e+161 
 0.63 0.622 1.5352 4.11557e-321 1.55716e+142 0.574 0.704 0.9164 0.225972 -0.0166149 -0.013234 1.847 0.396 2.60867e-321 0 2.99097e+262 2.26716e+161 
 0.639 0.662 1.5735 4.11557e-321 1.55716e+142 0.5564 0.681 0.9159 0.179328 0.100261 0.100299 1.855 0.378 2.60867e-321 0 2.99097e+262 2.26716e+161 
 0.668 0.691 1.57491 4.11557e-321 1.55716e+142 0.5784 0.7097 0.9165 0.181236 0.185196 0.1819 1.852 0.42 2.60867e-321 0 2.99097e+262 2.26716e+161 
 0.675 0.707 1.58274 4.11557e-321 1.55716e+142 0.6007 0.7388 0.917 0.191656 0.118491 0.110828 1.829 0.43 2.60867e-321 0 2.99097e+262 2.26716e+161 
 0.67 0.71 1.60028 4.11557e-321 1.55716e+142 0.6141 0.7564 0.9173 0.20117 -0.000887528 -0.000794131 1.814 0.436 2.60867e-321 0 2.99097e+262 2.26716e+161 
 0.671 0.737 1.61207 4.11557e-321 1.55716e+142 0.6141 0.7564 0.9173 0.181213 0.00707172 0.00702425 1.813 0.446 2.60867e-321 0 2.99097e+262 2.26716e+161 
 0.691 0.749 1.6143 4.11557e-321 1.55716e+142 0.6277 0.774 0.9176 0.187078 0.0769659 0.0739192 1.813 0.474 2.60867e-321 0 2.99097e+262 2.26716e+161 
 0.695 0.772 1.61612 4.11557e-321 1.55716e+142 0.6368 0.7859 0.9177 0.181964 0.13539 0.133137 1.778 0.513 2.60867e-321 0 2.99097e+262 2.26716e+161 
 0.684 0.787 1.62353 4.11557e-321 1.55716e+142 0.6504 0.8038 0.9179 0.180838 -0.0830209 -0.082449 1.788 0.484 2.60867e-321 0 2.99097e+262 2.26716e+161 
 0.685 0.77 1.63566 4.11557e-321 1.55716e+142 0.655 0.8097 0.918 0.197656 -0.0962105 -0.087393 1.774 0.489 2.60867e-321 0 2.99097e+262 2.26716e+161 
 0.654 0.77 1.63369 4.11557e-321 1.55716e+142 0.6459 0.7978 0.9179 0.185444 -0.261925 -0.248962 1.772 0.492 2.60867e-321 0 2.99097e+262 2.26716e+161 
 0.636 0.78 1.63273 4.11557e-321 1.55716e+142 0.6368 0.7859 0.9177 0.171284 -0.250442 -0.25735 1.729 0.504 2.60867e-321 0 2.99097e+262 2.26716e+161 
 0.608 0.817 1.62786 4.11557e-321 1.55716e+142 0.6322 0.78 0.9176 0.139796 -0.385755 -0.461001 1.705 0.521 2.60867e-321 0 2.99097e+262 2.26716e+161 
 0.578 0.806 1.61906 4.11557e-321 1.55716e+142 0.6413 0.7918 0.9178 0.153535 -0.759164 -0.523599 1.743 0.524 2.60867e-321 0 2.99097e+262 2.26716e+161 
 0.567 0.813 1.58097 4.11557e-321 1.55716e+142 0.6232 0.7681 0.9175 0.135575 -0.700538 -0.523599 1.735 0.514 2.60867e-321 0 2.99097e+262 2.26716e+161 
 0.556 0.818 1.50642 4.11557e-321 1.55716e+142 0.6232 0.7681 0.9175 0.141804 -0.719885 -0.523599 1.727 0.532 2.60867e-321 0 2.99097e+262 2.26716e+161 
 0.514 0.799 1.43114 4.11557e-321 1.55716e+142 0.6232 0.7681 0.9175 0.171158 -0.944429 -0.523599 1.72 0.541 2.60867e-321 0 2.99097e+262 2.26716e+161 
 0.576 0.854 1.35234 4.11557e-321 1.55716e+142 0.5962 0.733 0.9169 0.0987838 -0.359171 -0.523599 1.724 0.569 2.60867e-321 0 2.99097e+262 2.26716e+161 
 0.642 0.907 1.25422 4.11557e-321 1.55716e+142 0.6459 0.7978 0.9179 0.110991 -0.090346 -0.145484 1.738 0.606 2.60867e-321 0 2.99097e+262 2.26716e+161 
 0.582 0.858 1.22067 4.11557e-321 1.55716e+142 0.6965 0.8641 0.9185 0.219446 -0.510397 -0.39648 1.711 0.606 2.60867e-321 0 2.99097e+262 2.26716e+161 
 0.556 0.81 1.21332 4.11557e-321 1.55716e+142 0.6504 0.8038 0.9179 0.202623 -0.414235 -0.352607 1.69 0.615 2.60867e-321 0 2.99097e+262 2.26716e+161 
 0.541 0.857 1.16716 4.11557e-321 1.55716e+142 0.6186 0.7622 0.9174 0.143523 -0.50295 -0.523599 1.66 0.608 2.60867e-321 0 2.99097e+262 2.26716e+161 
 0.504 0.893 1.12003 4.11557e-321 1.55716e+142 0.6368 0.7859 0.9177 0.167421 -0.940074 -0.523599 1.68 0.588 2.60867e-321 0 2.99097e+262 2.26716e+161 
 0.508 0.915 1.05686 4.11557e-321 1.55716e+142 0.6413 0.7918 0.9178 0.165118 -0.93402 -0.523599 1.676 0.598 2.60867e-321 0 2.99097e+262 2.26716e+161 
 0.498 0.936 0.953025 4.11557e-321 1.55716e+142 0.6504 0.8038 0.9179 0.175032 -0.854675 -0.523599 1.609 0.606 2.60867e-321 0 2.99097e+262 2.26716e+161 
 0.51 0.944 0.85446 4.11557e-321 1.55716e+142 0.6596 0.8157 0.9181 0.178936 -0.686903 -0.523599 1.599 0.632 2.60867e-321 0 2.99097e+262 2.26716e+161 
 0.518 0.962 0.766146 4.11557e-321 1.55716e+142 0.6688 0.8278 0.9182 0.181822 -0.628106 -0.523599 1.603 0.643 2.60867e-321 0 2.99097e+262 2.26716e+161 
 0.542 0.972 0.695135 4.11557e-321 1.55716e+142 0.678 0.8398 0.9183 0.170182 -0.447795 -0.442329 1.599 0.674 2.60867e-321 0 2.99097e+262 2.26716e+161 
 0.517 0.98 0.631026 4.11557e-321 1.55716e+142 0.6919 0.858 0.9184 0.199798 -0.43989 -0.377314 1.575 0.672 2.60867e-321 0 2.99097e+262 2.26716e+161 
 0.526 0.991 0.583594 4.11557e-321 1.55716e+142 0.6872 0.8519 0.9184 0.185266 -0.444091 -0.407337 1.582 0.686 2.60867e-321 0 2.99097e+262 2.26716e+161 
 0.515 1.021 0.536582 4.11557e-321 1.55716e+142 0.6965 0.8641 0.9185 0.197502 -0.5451 -0.46108 1.582 0.696 2.60867e-321 0 2.99097e+262 2.26716e+161 
 0.521 1.032 0.486846 4.11557e-321 1.55716e+142 0.7058 0.8763 0.9185 0.202765 -0.506224 -0.422346 1.601 0.716 2.60867e-321 0 2.99097e+262 2.26716e+161 
 0.528 1.07 0.430958 4.11557e-321 1.55716e+142 0.7105 0.8824 0.9186 0.193985 -0.577635 -0.492025 1.588 0.718 2.60867e-321 0 2.99097e+262 2.26716e+161 
 0.546 1.085 0.374661 4.11557e-321 1.55716e+142 0.7339 0.9131 0.9187 0.192374 -0.369606 -0.332957 1.558 0.715 2.60867e-321 0 2.99097e+262 2.26716e+161 
 0.57 1.118 0.317147 4.11557e-321 1.55716e+142 0.7481 0.9316 0.9187 0.183246 -0.329638 -0.313146 1.549 0.689 2.60867e-321 0 2.99097e+262 2.26716e+161 
 0.547 1.112 0.279227 4.11557e-321 1.55716e+142 0.7718 0.9627 0.9187 0.215791 -0.106982 -0.089002 1.524 0.709 2.60867e-321 0 2.99097e+262 2.26716e+161 
 0.572 1.132 0.247653 4.11557e-321 1.55716e+142 0.7623 0.9503 0.9187 0.174347 -0.16826 -0.172 1.505 0.736 2.60867e-321 0 2.99097e+262 2.26716e+161 
 0.578 1.127 0.239562 4.11557e-321 1.55716e+142 0.7766 0.969 0.9187 0.177193 -0.034732 -0.0352675 1.512 0.77 2.60867e-321 0 2.99097e+262 2.26716e+161 
 0.607 1.136 0.224002 4.11557e-321 1.55716e+142 0.7766 0.969 0.9187 0.143283 0.0281833 0.0353906 1.491 0.776 2.60867e-321 0 2.99097e+262 2.26716e+161 
 0.655 1.158 0.222563 4.11557e-321 1.55716e+142 0.7958 0.9941 0.9187 0.11976 0.158328 0.233623 1.5 0.774 2.60867e-321 0 2.99097e+262 2.26716e+161 
 0.676 1.152 0.223207 4.11557e-321 1.55716e+142 0.8198 1.0256 0.9186 0.123678 0.513656 0.523599 1.483 0.765 2.60867e-321 0 2.99097e+262 2.26716e+161 
 0.669 1.155 0.226467 4.11557e-321 1.55716e+142 0.8295 1.0383 0.9186 0.139397 0.564252 0.523599 1.473 0.758 2.60867e-321 0 2.99097e+262 2.26716e+161 
 0.672 1.151 0.243957 4.11557e-321 1.55716e+142 0.8295 1.0383 0.9186 0.137837 0.607292 0.523599 1.467 0.76 2.60867e-321 0 2.99097e+262 2.26716e+161 
 0.692 1.162 0.29936 4.11557e-321 1.55716e+142 0.8247 1.0319 0.9186 0.124071 0.538532 0.523599 1.471 0.752 2.60867e-321 0 2.99097e+262 2.26716e+161 
 0.728 1.179 0.358834 4.11557e-321 1.55716e+142 0.8392 1.051 0.9185 0.113511 0.658304 0.523599 1.478 0.773 2.60867e-321 0 2.99097e+262 2.26716e+161 
 0.724 1.182 0.412927 4.11557e-321 1.55716e+142 0.8587 1.0765 0.9183 0.138055 0.741762 0.523599 1.468 0.799 2.60867e-321 0 2.99097e+262 2.26716e+161 
 0.722 1.173 0.481522 4.11557e-321 1.55716e+142 0.8587 1.0765 0.9183 0.149602 0.683682 0.523599 1.488 0.801 2.60867e-321 0 2.99097e+262 2.26716e+161 
 0.749 1.166 0.556961 4.11557e-321 1.55716e+142 0.8538 1.0701 0.9184 0.136003 0.846409 0.523599 1.487 0.807 2.60867e-321 0 2.99097e+262 2.26716e+161 
 0.754 1.199 0.627227 4.11557e-321 1.55716e+142 0.8636 1.0829 0.9183 0.140497 0.716113 0.523599 1.47 0.813 2.60867e-321 0 2.99097e+262 2.26716e+161 
 0.759 1.187 0.71547 4.11557e-321 1.55716e+142 0.8783 1.1021 0.9181 0.16831 0.766964 0.523599 1.478 0.815 2.60867e-321 0 2.99097e+262 2.26716e+161 
 0.768 1.218 0.788747 4.11557e-321 1.55716e+142 0.8734 1.0957 0.9182 0.153005 0.616397 0.523599 1.468 0.809 2.60867e-321 0 2.99097e+262 2.26716e+161 
 0.786 1.213 0.86487 4.11557e-321 1.55716e+142 0.8931 1.1214 0.918 0.187456 0.687058 0.523599 1.456 0.768 2.60867e-321 0 2.99097e+262 2.26716e+161 
 0.798 1.24 0.925363 4.11557e-321 1.55716e+142 0.898 1.1279 0.9179 0.182167 0.690426 0.523599 1.421 0.79 2.60867e-321 0 2.99097e+262 2.26716e+161 
 0.772 1.253 0.994106 4.11557e-321 1.55716e+142 0.9128 1.1472 0.9177 0.204463 0.351384 0.300005 1.411 0.79 2.60867e-321 0 2.99097e+262 2.26716e+161 
 0.772 1.244 1.06298 4.11557e-321 1.55716e+142 0.9128 1.1472 0.9177 0.206253 0.352096 0.298122 1.412 0.816 2.60867e-321 0 2.99097e+262 2.26716e+161 
 0.785 1.276 1.09629 4.11557e-321 1.55716e+142 0.9079 1.1408 0.9178 0.182357 0.369984 0.350152 1.387 0.837 2.60867e-321 0 2.99097e+262 2.26716e+161 
 0.769 1.293 1.13237 4.11557e-321 1.55716e+142 0.9277 1.1667 0.9175 0.198061 0.0412864 0.0375039 1.403 0.83 2.60867e-321 0 2.99097e+262 2.26716e+161 
 0.796 1.315 1.17009 4.11557e-321 1.55716e+142 0.9326 1.1732 0.9174 0.184313 0.0767264 0.0747912 1.418 0.831 2.60867e-321 0 2.99097e+262 2.26716e+161 
 0.805 1.324 1.17605 4.11557e-321 1.55716e+142 0.9526 1.1992 0.9171 0.200063 0.0664569 0.0597211 1.419 0.848 2.60867e-321 0 2.99097e+262 2.26716e+161 
 0.831 1.351 1.18279 4.11557e-321 1.55716e+142 0.9576 1.2057 0.917 0.187248 0.0958382 0.091869 1.425 0.837 2.60867e-321 0 2.99097e+262 2.26716e+161 
 0.855 1.365 1.19098 4.11557e-321 1.55716e+142 0.9826 1.2384 0.9166 0.211216 0.190905 0.161278 1.395 0.859 2.60867e-321 0 2.99097e+262 2.26716e+161 
 0.847 1.39 1.20032 4.11557e-321 1.55716e+142 0.9977 1.2581 0.9162 0.209908 -0.084913 -0.0726864 1.422 0.847 2.60867e-321 0 2.99097e+262 2.26716e+161 
 0.87 1.392 1.21863 4.11557e-321 1.55716e+142 1.0027 1.2646 0.9161 0.216732 0.1247 0.103198 1.389 0.881 2.60867e-321 0 2.99097e+262 2.26716e+161 
 0.887 1.397 1.21937 4.11557e-321 1.55716e+142 1.0128 1.2778 0.9159 0.228289 0.181253 0.141952 1.374 0.88 2.60867e-321 0 2.99097e+262 2.26716e+161 
 0.877 1.417 1.22893 4.11557e-321 1.55716e+142 1.0229 1.2909 0.9157 0.227976 -0.0308051 -0.0243176 1.378 0.871 2.60867e-321 0 2.99097e+262 2.26716e+161 
 0.875 1.456 1.24469 4.11557e-321 1.55716e+142 1.028 1.2975 0.9156 0.205048 -0.314013 -0.268974 1.397 0.842 2.60867e-321 0 2.99097e+262 2.26716e+161 
 0.872 1.48 1.24401 4.11557e-321 1.55716e+142 1.0483 1.3239 0.9151 0.210606 -0.49595 -0.400918 1.412 0.851 2.60867e-321 0 2.99097e+262 2.26716e+161 
 0.875 1.501 1.23942 4.11557e-321 1.55716e+142 1.0585 1.3371 0.9148 0.214969 -0.547208 -0.429647 1.385 0.861 2.60867e-321 0 2.99097e+262 2.26716e+161 
 0.856 1.533 1.21222 4.11557e-321 1.55716e+142 1.0687 1.3504 0.9146 0.21452 -0.756748 -0.523599 1.374 0.874 2.60867e-321 0 2.99097e+262 2.26716e+161 
 0.867 1.559 1.15432 4.11557e-321 1.55716e+142 1.0789 1.3636 0.9143 0.226071 -0.681435 -0.497117 1.319 0.891 2.60867e-321 0 2.99097e+262 2.26716e+161 
 0.855 1.567 1.0741 4.11557e-321 1.55716e+142 1.0942 1.3835 0.9139 0.247124 -0.708549 -0.476439 1.334 0.885 2.60867e-321 0 2.99097e+262 2.26716e+161 
 0.869 1.58 1.00141 4.11557e-321 1.55716e+142 1.0942 1.3835 0.9139 0.237097 -0.602117 -0.428757 1.355 0.891 2.60867e-321 0 2.99097e+262 2.26716e+161 
 0.867 1.602 0.925474 4.11557e-321 1.55716e+142 1.1044 1.3968 0.9136 0.239253 -0.613928 -0.432692 1.379 0.906 2.60867e-321 0 2.99097e+262 2.26716e+161 
 0.867 1.653 0.856357 4.11557e-321 1.55716e+142 1.1147 1.4101 0.9133 0.235448 -0.783206 -0.523599 1.372 0.904 2.60867e-321 0 2.99097e+262 2.26716e+161 
 0.873 1.674 0.790965 4.11557e-321 1.55716e+142 1.1404 1.4434 0.9125 0.25596 -0.793308 -0.508874 1.406 0.896 2.60867e-321 0 2.99097e+262 2.26716e+161 
 0.873 1.683 0.709407 4.11557e-321 1.55716e+142 1.1507 1.4567 0.9121 0.271134 -0.633742 -0.398247 1.385 0.913 2.60867e-321 0 2.99097e+262 2.26716e+161 
 0.871 1.693 0.625537 4.11557e-321 1.55716e+142 1.1559 1.4634 0.9119 0.283756 -0.555355 -0.338712 1.358 0.892 2.60867e-321 0 2.99097e+262 2.26716e+161 
 0.869 1.7 0.560286 4.11557e-321 1.55716e+142 1.161 1.47 0.9118 0.296534 -0.391807 -0.233494 1.3 0.901 2.60867e-321 0 2.99097e+262 2.26716e+161 
 0.836 1.764 0.505066 4.11557e-321 1.55716e+142 1.161 1.47 0.9118 0.303263 -0.638593 -0.362302 1.278 0.939 2.60867e-321 0 2.99097e+262 2.26716e+161 
 0.866 1.777 0.467118 4.11557e-321 1.55716e+142 1.1817 1.4967 0.9111 0.30407 -0.585046 -0.333401 1.319 0.921 2.60867e-321 0 2.99097e+262 2.26716e+161 
 0.915 1.791 0.397956 4.11557e-321 1.55716e+142 1.2024 1.5234 0.9103 0.293988 -0.388358 -0.233445 1.324 0.917 2.60867e-321 0 2.99097e+262 2.26716e+161 
 0.91 1.812 0.335957 4.11557e-321 1.55716e+142 1.2232 1.5501 0.9095 0.314545 -0.338765 -0.191485 1.337 0.917 2.60867e-321 0 2.99097e+262 2.26716e+161 
 0.937 1.838 0.293894 4.11557e-321 1.55716e+142 1.2336 1.5635 0.9091 0.309012 -0.325471 -0.187364 1.307 0.904 2.60867e-321 0 2.99097e+262 2.26716e+161 
 0.968 1.838 0.260233 4.11557e-321 1.55716e+142 1.2545 1.5902 0.9083 0.307098 -0.160486 -0.09379 1.32 0.897 2.60867e-321 0 2.99097e+262 2.26716e+161 
 1.01 1.837 0.228755 4.11557e-321 1.55716e+142 1.2649 1.6036 0.9078 0.286918 0.0989352 0.0619881 1.304 0.933 2.60867e-321 0 2.99097e+262 2.26716e+161 
 1.051 1.855 0.215714 4.11557e-321 1.55716e+142 1.2805 1.6236 0.9072 0.27568 0.175809 0.114291 1.29 0.944 2.60867e-321 0 2.99097e+262 2.26716e+161 
 1.096 1.876 0.217667 4.11557e-321 1.55716e+142 1.3067 1.6571 0.906 0.27502 0.199497 0.129836 1.274 0.933 2.60867e-321 0 2.99097e+262 2.26716e+161 
 1.123 1.887 0.220951 4.11557e-321 1.55716e+142 1.3329 1.6904 0.9048 0.283272 0.271436 0.170799 1.271 0.932 2.60867e-321 0 2.99097e+262 2.26716e+161 
 1.154 1.879 0.228699 4.11557e-321 1.55716e+142 1.3486 1.7105 0.904 0.281908 0.372077 0.233249 1.271 0.911 2.60867e-321 0 2.99097e+262 2.26716e+161 
 1.186 1.866 0.245154 4.11557e-321 1.55716e+142 1.3591 1.7238 0.9035 0.277265 0.559479 0.348397 1.282 0.922 2.60867e-321 0 2.99097e+262 2.26716e+161 
 1.194 1.888 0.283208 4.11557e-321 1.55716e+142 1.3591 1.7238 0.9035 0.282068 0.42228 0.263223 1.235 0.954 2.60867e-321 0 2.99097e+262 2.26716e+161 
 1.216 1.902 0.338599 4.11557e-321 1.55716e+142 1.3749 1.7438 0.9027 0.281808 0.374366 0.234713 1.268 0.968 2.60867e-321 0 2.99097e+262 2.26716e+161 
 1.229 1.906 0.379592 4.11557e-321 1.55716e+142 1.3906 1.7637 0.9019 0.302933 0.357373 0.209239 1.222 0.984 2.60867e-321 0 2.99097e+262 2.26716e+161 
 1.248 1.902 0.417326 4.11557e-321 1.55716e+142 1.3959 1.7704 0.9016 0.302938 0.4242 0.246909 1.243 1.002 2.60867e-321 0 2.99097e+262 2.26716e+161 
 1.273 1.912 0.454371 4.11557e-321 1.55716e+142 1.4064 1.7837 0.901 0.29176 0.293179 0.17894 1.245 0.971 2.60867e-321 0 2.99097e+262 2.26716e+161 
 1.289 1.925 0.496994 4.11557e-321 1.55716e+142 1.4169 1.797 0.9005 0.293551 0.224225 0.136634 1.244 0.987 2.60867e-321 0 2.99097e+262 2.26716e+161 
 1.344 1.939 0.525703 4.11557e-321 1.55716e+142 1.4327 1.8169 0.8996 0.275632 0.24244 0.157021 1.238 0.998 2.60867e-321 0 2.99097e+262 2.26716e+161 
 1.382 1.953 0.547873 4.11557e-321 1.55716e+142 1.4591 1.85 0.898 0.272597 0.226859 0.148693 1.221 0.993 2.60867e-321 0 2.99097e+262 2.26716e+161 
 1.416 1.984 0.573896 4.11557e-321 1.55716e+142 1.4801 1.8764 0.8968 0.258009 0.0906865 0.0631833 1.19 1.001 2.60867e-321 0 2.99097e+262 2.26716e+161 
 1.451 1.986 0.595199 4.11557e-321 1.55716e+142 1.5065 1.9093 0.8951 0.261117 0.136786 0.094015 1.134 1.006 2.60867e-321 0 2.99097e+262 2.26716e+161 
 1.46 2.01 0.605199 4.11557e-321 1.55716e+142 1.5223 1.929 0.8941 0.26006 0.0859311 0.059407 1.183 1.006 2.60867e-321 0 2.99097e+262 2.26716e+161 
 1.473 2.024 0.618575 4.11557e-321 1.55716e+142 1.5381 1.9487 0.8931 0.268666 0.0711304 0.0476196 1.156 1.045 2.60867e-321 0 2.99097e+262 2.26716e+161 
 1.503 2.046 0.628112 4.11557e-321 1.55716e+142 1.5486 1.9618 0.8923 0.24532 0.00759026 0.00556919 1.136 1.045 2.60867e-321 0 2.99097e+262 2.26716e+161 
 1.52 2.055 0.636497 4.11557e-321 1.55716e+142 1.5697 1.9879 0.8909 0.25179 0.0422709 0.0302095 1.139 1.048 2.60867e-321 0 2.99097e+262 2.26716e+161 
 1.55 2.055 0.639613 4.11557e-321 1.55716e+142 1.5802 2.0009 0.8901 0.239585 0.1276 0.095574 1.129 1.036 2.60867e-321 0 2.99097e+262 2.26716e+161 
 1.562 2.073 0.644744 4.11557e-321 1.55716e+142 1.596 2.0204 0.889 0.23925 0.0900846 0.0676719 1.123 1.045 2.60867e-321 0 2.99097e+262 2.26716e+161 
 1.592 2.097 0.655985 4.11557e-321 1.55716e+142 1.6065 2.0333 0.8882 0.216751 0.0731137 0.0606425 1.168 1.028 2.60867e-321 0 2.99097e+262 2.26716e+161 
 1.601 2.125 0.664858 4.11557e-321 1.55716e+142 1.6328 2.0656 0.8862 0.223776 -0.0152627 -0.0122763 1.159 1.035 2.60867e-321 0 2.99097e+262 2.26716e+161 
 1.625 2.129 0.672969 4.11557e-321 1.55716e+142 1.6486 2.0849 0.8849 0.220922 0.0509263 0.0414693 1.143 1.027 2.60867e-321 0 2.99097e+262 2.26716e+161 
 1.647 2.162 0.674866 4.11557e-321 1.55716e+142 1.6591 2.0977 0.8841 0.201531 -0.0386928 -0.0345452 1.122 1.047 2.60867e-321 0 2.99097e+262 2.26716e+161 
 1.642 2.172 0.678825 4.11557e-321 1.55716e+142 1.6853 2.1297 0.8819 0.229 -0.0574751 -0.0451462 1.111 1.062 2.60867e-321 0 2.99097e+262 2.26716e+161 
 1.679 2.192 0.678875 4.11557e-321 1.55716e+142 1.6905 2.136 0.8815 0.202636 -0.0171703 -0.015251 1.117 1.078 2.60867e-321 0 2.99097e+262 2.26716e+161 
 1.695 2.192 0.678507 4.11557e-321 1.55716e+142 1.7115 2.1614 0.8797 0.216872 0.0888468 0.0736082 1.114 1.092 2.60867e-321 0 2.99097e+262 2.26716e+161 
 1.71 2.202 0.679023 4.11557e-321 1.55716e+142 1.7219 2.174 0.8787 0.214055 0.114819 0.0962534 1.127 1.092 2.60867e-321 0 2.99097e+262 2.26716e+161 
 1.737 2.229 0.683151 4.11557e-321 1.55716e+142 1.7324 2.1866 0.8778 0.193278 0.0795165 0.0739189 1.106 1.096 2.60867e-321 0 2.99097e+262 2.26716e+161 
 1.757 2.241 0.690366 4.11557e-321 1.55716e+142 1.7532 2.2117 0.8758 0.199987 0.128281 0.114951 1.088 1.131 2.60867e-321 0 2.99097e+262 2.26716e+161 
 1.774 2.272 0.69737 4.11557e-321 1.55716e+142 1.7689 2.2305 0.8743 0.191453 0.0542715 0.0509807 1.101 1.137 2.60867e-321 0 2.99097e+262 2.26716e+161 
 1.749 2.28 0.710169 4.11557e-321 1.55716e+142 1.7897 2.2553 0.8723 0.225256 -0.0685067 -0.0546885 1.08 1.148 2.60867e-321 0 2.99097e+262 2.26716e+161 
 1.769 2.302 0.71468 4.11557e-321 1.55716e+142 1.7845 2.2491 0.8728 0.194476 -0.124533 -0.114757 1.094 1.122 2.60867e-321 0 2.99097e+262 2.26716e+161 
 1.813 2.321 0.713296 4.11557e-321 1.55716e+142 1.8053 2.2739 0.8707 0.180923 -0.00799906 -0.00795807 1.078 1.128 2.60867e-321 0 2.99097e+262 2.26716e+161 
 1.833 2.361 0.711351 4.11557e-321 1.55716e+142 1.8312 2.3045 0.868 0.178555 -0.0906933 -0.0911738 1.081 1.15 2.60867e-321 0 2.99097e+262 2.26716e+161 
 1.848 2.363 0.712093 4.11557e-321 1.55716e+142 1.857 2.335 0.8652 0.196883 0.00673986 0.00616184 1.085 1.144 2.60867e-321 0 2.99097e+262 2.26716e+161 
 1.874 2.353 0.710213 4.11557e-321 1.55716e+142 1.8673 2.3471 0.864 0.198661 0.189268 0.169837 1.092 1.146 2.60867e-321 0 2.99097e+262 2.26716e+161 
 1.889 2.354 0.713052 4.11557e-321 1.55716e+142 1.8725 2.3531 0.8634 0.195148 0.250764 0.227302 1.049 1.166 2.60867e-321 0 2.99097e+262 2.26716e+161 
 1.891 2.362 0.718765 4.11557e-321 1.55716e+142 1.8776 2.3591 0.8628 0.195498 0.217369 0.197528 1.02 1.182 2.60867e-321 0 2.99097e+262 2.26716e+161 
 1.919 2.372 0.739228 4.11557e-321 1.55716e+142 1.8828 2.3651 0.8622 0.181465 0.281329 0.272135 1.01 1.194 2.60867e-321 0 2.99097e+262 2.26716e+161 
 1.935 2.387 0.761005 4.11557e-321 1.55716e+142 1.9033 2.389 0.8598 0.188398 0.277765 0.259404 1.015 1.19 2.60867e-321 0 2.99097e+262 2.26716e+161 
 1.945 2.4 0.790654 4.11557e-321 1.55716e+142 1.9136 2.4009 0.8585 0.189857 0.240453 0.224139 1.045 1.218 2.60867e-321 0 2.99097e+262 2.26716e+161 
 1.958 2.425 0.819153 4.11557e-321 1.55716e+142 1.9289 2.4187 0.8566 0.186561 0.163169 0.156149 1.028 1.224 2.60867e-321 0 2.99097e+262 2.26716e+161 
 1.962 2.436 0.842326 4.11557e-321 1.55716e+142 1.9442 2.4363 0.8546 0.195058 0.107374 0.098762 0.994 1.229 2.60867e-321 0 2.99097e+262 2.26716e+161 
 1.97 2.45 0.858187 4.11557e-321 1.55716e+142 1.9493 2.4422 0.854 0.189207 0.0687622 0.0653231 0.98 1.254 2.60867e-321 0 2.99097e+262 2.26716e+161 
 1.973 2.475 0.86759 4.11557e-321 1.55716e+142 1.9646 2.4597 0.852 0.190936 -0.041516 -0.0391183 0.977 1.289 2.60867e-321 0 2.99097e+262 2.26716e+161 
 1.985 2.492 0.875027 4.11557e-321 1.55716e+142 1.9747 2.4713 0.8506 0.186193 -0.064839 -0.0626004 0.967 1.28 2.60867e-321 0 2.99097e+262 2.26716e+161 
 1.991 2.518 0.875138 4.11557e-321 1.55716e+142 1.9899 2.4885 0.8485 0.185484 -0.155442 -0.149717 0.97 1.285 2.60867e-321 0 2.99097e+262 2.26716e+161 
 2.013 2.535 0.873925 4.11557e-321 1.55716e+142 2.005 2.5057 0.8463 0.181735 -0.119661 -0.117969 0.975 1.28 2.60867e-321 0 2.99097e+262 2.26716e+161 
 2.042 2.561 0.872719 4.11557e-321 1.55716e+142 2.0252 2.5284 0.8433 0.175514 -0.0907747 -0.0928275 0.957 1.328 2.60867e-321 0 2.99097e+262 2.26716e+161 
 2.05 2.574 0.871149 4.11557e-321 1.55716e+142 2.0503 2.5565 0.8395 0.19195 -0.114734 -0.107179 0.968 1.335 2.60867e-321 0 2.99097e+262 2.26716e+161 
 2.044 2.563 0.868045 4.11557e-321 1.55716e+142 2.0602 2.5676 0.838 0.212369 -0.0958411 -0.0810553 0.983 1.364 2.60867e-321 0 2.99097e+262 2.26716e+161 
 2.058 2.574 0.865622 4.11557e-321 1.55716e+142 2.0503 2.5565 0.8395 0.188683 -0.0681832 -0.0649538 0.957 1.398 2.60867e-321 0 2.99097e+262 2.26716e+161 
 2.049 2.59 0.861074 4.11557e-321 1.55716e+142 2.0602 2.5676 0.838 0.195076 -0.184169 -0.168328 0.947 1.397 2.60867e-321 0 2.99097e+262 2.26716e+161 
 2.049 2.601 0.855569 4.11557e-321 1.55716e+142 2.0652 2.5732 0.8372 0.194728 -0.229136 -0.208721 0.938 1.407 2.60867e-321 0 2.99097e+262 2.26716e+161 
 2.056 2.629 0.838288 4.11557e-321 1.55716e+142 2.0702 2.5787 0.8364 0.18207 -0.310108 -0.297484 0.91 1.418 2.60867e-321 0 2.99097e+262 2.26716e+161 
 2.079 2.64 0.814353 4.11557e-321 1.55716e+142 2.0901 2.6007 0.8332 0.186368 -0.221579 -0.210827 0.91 1.419 2.60867e-321 0 2.99097e+262 2.26716e+161 
 2.097 2.647 0.781061 4.11557e-321 1.55716e+142 2.105 2.617 0.8307 0.189785 -0.12972 -0.122417 0.938 1.409 2.60867e-321 0 2.99097e+262 2.26716e+161 
 2.104 2.666 0.759078 4.11557e-321 1.55716e+142 2.1149 2.6279 0.829 0.187745 -0.163826 -0.155795 0.945 1.445 2.60867e-321 0 2.99097e+262 2.26716e+161 
 2.108 2.688 0.745436 4.11557e-321 1.55716e+142 2.1297 2.644 0.8264 0.191411 -0.230643 -0.213585 0.991 1.454 2.60867e-321 0 2.99097e+262 2.26716e+161 
 2.131 2.711 0.727897 4.11557e-321 1.55716e+142 2.1396 2.6547 0.8247 0.178271 -0.224297 -0.222716 0.971 1.468 2.60867e-321 0 2.99097e+262 2.26716e+161 
 2.142 2.729 0.702864 4.11557e-321 1.55716e+142 2.1642 2.6812 0.8203 0.190196 -0.216132 -0.201763 0.978 1.474 2.60867e-321 0 2.99097e+262 2.26716e+161 
 2.138 2.731 0.679551 4.11557e-321 1.55716e+142 2.1788 2.6969 0.8175 0.207388 -0.193364 -0.166278 0.973 1.495 2.60867e-321 0 2.99097e+262 2.26716e+161 
 2.161 2.748 0.658683 4.11557e-321 1.55716e+142 2.1788 2.6969 0.8175 0.186405 -0.174858 -0.167272 0.993 1.476 2.60867e-321 0 2.99097e+262 2.26716e+161 
 2.199 2.774 0.638819 4.11557e-321 1.55716e+142 2.1935 2.7125 0.8147 0.167858 -0.128328 -0.136751 0.997 1.46 2.60867e-321 0 2.99097e+262 2.26716e+161 
 2.205 2.803 0.622132 4.11557e-321 1.55716e+142 2.2275 2.7484 0.808 0.187996 -0.186162 -0.176392 0.993 1.504 2.60867e-321 0 2.99097e+262 2.26716e+161 
 2.198 2.832 0.609551 4.11557e-321 1.55716e+142 2.2421 2.7636 0.805 0.196507 -0.328417 -0.292217 0.992 1.497 2.60867e-321 0 2.99097e+262 2.26716e+161 
 2.212 2.842 0.587298 4.11557e-321 1.55716e+142 2.2566 2.7786 0.802 0.19891 -0.280362 -0.248466 0.963 1.528 2.60867e-321 0 2.99097e+262 2.26716e+161 
 2.24 2.841 0.550535 4.11557e-321 1.55716e+142 2.2662 2.7886 0.7999 0.190931 -0.120744 -0.113344 0.95 1.555 2.60867e-321 0 2.99097e+262 2.26716e+161 
 2.255 2.844 0.524478 4.11557e-321 1.55716e+142 2.2806 2.8034 0.7968 0.194342 -0.0245477 -0.0227322 0.943 1.591 2.60867e-321 0 2.99097e+262 2.26716e+161 
 2.254 2.853 0.515913 4.11557e-321 1.55716e+142 2.2902 2.8132 0.7947 0.201326 -0.045081 -0.0402838 0.921 1.586 2.60867e-321 0 2.99097e+262 2.26716e+161 
 2.275 2.85 0.511046 4.11557e-321 1.55716e+142 2.2902 2.8132 0.7947 0.188618 0.0426009 0.040632 0.932 1.589 2.60867e-321 0 2.99097e+262 2.26716e+161 
 2.283 2.884 0.506406 4.11557e-321 1.55716e+142 2.2998 2.823 0.7925 0.181792 -0.106188 -0.104756 0.976 1.626 2.60867e-321 0 2.99097e+262 2.26716e+161 
 2.299 2.891 0.505967 4.11557e-321 1.55716e+142 2.3237 2.8471 0.787 0.192667 -0.0321552 -0.0300321 0.943 1.609 2.60867e-321 0 2.99097e+262 2.26716e+161 
 2.324 2.898 0.499068 4.11557e-321 1.55716e+142 2.3333 2.8567 0.7848 0.183479 0.0353436 0.0346596 0.946 1.655 2.60867e-321 0 2.99097e+262 2.26716e+161 
 2.341 2.903 0.495394 4.11557e-321 1.55716e+142 2.3475 2.8709 0.7814 0.184822 0.10013 0.0972103 0.94 1.673 2.60867e-321 0 2.99097e+262 2.26716e+161 
 2.347 2.916 0.496 4.11557e-321 1.55716e+142 2.3618 2.885 0.7779 0.190822 0.0765656 0.0720982 0.963 1.688 2.60867e-321 0 2.99097e+262 2.26716e+161 
 2.372 2.928 0.497799 4.11557e-321 1.55716e+142 2.3713 2.8943 0.7755 0.180044 0.104537 0.104133 0.959 1.698 2.60867e-321 0 2.99097e+262 2.26716e+161 
 2.402 2.929 0.498889 4.11557e-321 1.55716e+142 2.3902 2.9128 0.7707 0.179396 0.241649 0.237872 0.939 1.715 2.60867e-321 0 2.99097e+262 2.26716e+161 
 2.402 2.943 0.500468 4.11557e-321 1.55716e+142 2.4043 2.9265 0.767 0.188572 0.187269 0.176888 0.957 1.753 2.60867e-321 0 2.99097e+262 2.26716e+161 
 2.405 2.954 0.505862 4.11557e-321 1.55716e+142 2.4137 2.9356 0.7645 0.1923 0.146568 0.136342 0.985 1.712 2.60867e-321 0 2.99097e+262 2.26716e+161 
 2.428 2.965 0.515116 4.11557e-321 1.55716e+142 2.4184 2.9401 0.7633 0.178739 0.158011 0.157803 1.022 1.7 2.60867e-321 0 2.99097e+262 2.26716e+161 
 2.442 2.969 0.526766 4.11557e-321 1.55716e+142 2.4372 2.958 0.7582 0.187619 0.207616 0.196611 1.002 1.725 2.60867e-321 0 2.99097e+262 2.26716e+161 
 2.445 2.985 0.543754 4.11557e-321 1.55716e+142 2.4466 2.9668 0.7556 0.189599 0.122355 0.115642 1.014 1.706 2.60867e-321 0 2.99097e+262 2.26716e+161 
 2.478 3.004 0.563977 4.11557e-321 1.55716e+142 2.4559 2.9756 0.7529 0.17169 0.125925 0.131261 1.032 1.72 2.60867e-321 0 2.99097e+262 2.26716e+161 
 2.491 3.027 0.575046 4.11557e-321 1.55716e+142 2.4839 3.0016 0.7448 0.18268 0.0683281 0.0672243 1.022 1.76 2.60867e-321 0 2.99097e+262 2.26716e+161 
 2.515 3.032 0.586366 4.11557e-321 1.55716e+142 2.5025 3.0187 0.7392 0.184725 0.141885 0.137385 1.012 1.773 2.60867e-321 0 2.99097e+262 2.26716e+161 
 2.52 3.058 0.594248 4.11557e-321 1.55716e+142 2.5164 3.0313 0.7349 0.184975 0.0178339 0.0173526 1.029 1.787 2.60867e-321 0 2.99097e+262 2.26716e+161 
 2.537 3.074 0.606714 4.11557e-321 1.55716e+142 2.5302 3.0438 0.7306 0.181883 -0.00707499 -0.00700162 1.026 1.792 2.60867e-321 0 2.99097e+262 2.26716e+161 
 2.553 3.07 0.609563 4.11557e-321 1.55716e+142 2.5487 3.0603 0.7247 0.19206 0.0906343 0.0847396 1.029 1.777 2.60867e-321 0 2.99097e+262 2.26716e+161 
 2.566 3.061 0.611941 4.11557e-321 1.55716e+142 2.5579 3.0684 0.7216 0.197295 0.194551 0.175667 1.035 1.779 2.60867e-321 0 2.99097e+262 2.26716e+161 
 2.579 3.073 0.620602 4.11557e-321 1.55716e+142 2.5579 3.0684 0.7216 0.184673 0.172409 0.16649 1.015 1.827 2.60867e-321 0 2.99097e+262 2.26716e+161 
 2.586 3.083 0.640857 4.11557e-321 1.55716e+142 2.5717 3.0805 0.717 0.190101 0.130184 0.122648 1.027 1.862 2.60867e-321 0 2.99097e+262 2.26716e+161 
 2.608 3.104 0.657564 4.11557e-321 1.55716e+142 2.5809 3.0885 0.7139 0.1772 0.0937411 0.0949363 1.029 1.888 2.60867e-321 0 2.99097e+262 2.26716e+161 
 2.606 3.125 0.670386 4.11557e-321 1.55716e+142 2.6038 3.1082 0.706 0.19108 -0.0413707 -0.0389521 1.011 1.892 2.60867e-321 0 2.99097e+262 2.26716e+161 
 2.615 3.149 0.676269 4.11557e-321 1.55716e+142 2.6129 3.116 0.7028 0.183983 -0.140149 -0.136266 1.031 1.918 2.60867e-321 0 2.99097e+262 2.26716e+161 
 2.633 3.168 0.67627 4.11557e-321 1.55716e+142 2.6311 3.1314 0.6962 0.182561 -0.168338 -0.164477 1.018 1.917 2.60867e-321 0 2.99097e+262 2.26716e+161 
 2.649 3.192 0.67488 4.11557e-321 1.55716e+142 2.6493 3.1465 0.6894 0.180098 -0.233388 -0.229163 1.002 1.954 2.60867e-321 0 2.99097e+262 2.26716e+161 
 2.661 3.195 0.671713 4.11557e-321 1.55716e+142 2.672 3.165 0.6807 0.193168 -0.197579 -0.182071 1.019 1.969 2.60867e-321 0 2.99097e+262 2.26716e+161 
 2.671 3.2 0.666483 4.11557e-321 1.55716e+142 2.681 3.1724 0.6772 0.193703 -0.178738 -0.164591 1.042 1.936 2.60867e-321 0 2.99097e+262 2.26716e+161 
 2.682 3.228 0.656378 4.11557e-321 1.55716e+142 2.6901 3.1796 0.6736 0.1841 -0.280936 -0.268068 1.04 1.952 2.60867e-321 0 2.99097e+262 2.26716e+161 
 2.719 3.241 0.637641 4.11557e-321 1.55716e+142 2.7081 3.1939 0.6663 0.173544 -0.189369 -0.193945 1.023 1.965 2.60867e-321 0 2.99097e+262 2.26716e+161 
 2.739 3.247 0.606053 4.11557e-321 1.55716e+142 2.7396 3.2184 0.6531 0.188476 -0.111994 -0.106553 1.054 1.996 2.60867e-321 0 2.99097e+262 2.26716e+161 
 2.746 3.261 0.589063 4.11557e-321 1.55716e+142 2.753 3.2286 0.6473 0.191145 -0.146628 -0.137211 1.073 1.979 2.60867e-321 0 2.99097e+262 2.26716e+161 
 2.764 3.275 0.579327 4.11557e-321 1.55716e+142 2.762 3.2354 0.6433 0.182939 -0.151235 -0.147722 1.104 1.947 2.60867e-321 0 2.99097e+262 2.26716e+161 
 2.768 3.293 0.563332 4.11557e-321 1.55716e+142 2.7843 3.252 0.6333 0.194354 -0.217572 -0.19884 1.108 1.951 2.60867e-321 0 2.99097e+262 2.26716e+161 
 2.784 3.308 0.547112 4.11557e-321 1.55716e+142 2.7933 3.2585 0.6292 0.187211 -0.232857 -0.220255 1.11 1.985 2.60867e-321 0 2.99097e+262 2.26716e+161 
 2.789 3.321 0.524926 4.11557e-321 1.55716e+142 2.8111 3.2714 0.6209 0.196025 -0.25925 -0.233707 1.113 2.021 2.60867e-321 0 2.99097e+262 2.26716e+161 
 2.805 3.325 0.499218 4.11557e-321 1.55716e+142 2.82 3.2778 0.6166 0.192522 -0.201049 -0.185804 1.111 2.027 2.60867e-321 0 2.99097e+262 2.26716e+161 
 2.839 3.336 0.474031 4.11557e-321 1.55716e+142 2.8333 3.2872 0.6102 0.178602 -0.132601 -0.132852 1.098 2.051 2.60867e-321 0 2.99097e+262 2.26716e+161 
 2.871 3.32 0.455727 4.11557e-321 1.55716e+142 2.8599 3.3055 0.5969 0.186009 0.101329 0.0977428 1.134 2.054 2.60867e-321 0 2.99097e+262 2.26716e+161 
 2.896 3.326 0.445747 4.11557e-321 1.55716e+142 2.8731 3.3145 0.5901 0.179213 0.158339 0.157714 1.17 2.049 2.60867e-321 0 2.99097e+262 2.26716e+161 
 2.911 3.34 0.449339 4.11557e-321 1.55716e+142 2.8952 3.3291 0.5786 0.184457 0.124084 0.120499 1.161 2.042 2.60867e-321 0 2.99097e+262 2.26716e+161 
 2.922 3.353 0.452355 4.11557e-321 1.55716e+142 2.9128 3.3405 0.5691 0.188562 0.0805179 0.0767112 1.133 2.085 2.60867e-321 0 2.99097e+262 2.26716e+161 
 2.935 3.368 0.454216 4.11557e-321 1.55716e+142 2.926 3.3489 0.5619 0.186784 0.0289551 0.0278962 1.145 2.072 2.60867e-321 0 2.99097e+262 2.26716e+161 
 2.955 3.368 0.456695 4.11557e-321 1.55716e+142 2.9391 3.3572 0.5545 0.18513 0.0909286 0.0881797 1.139 2.117 2.60867e-321 0 2.99097e+262 2.26716e+161 
 2.97 3.374 0.458128 4.11557e-321 1.55716e+142 2.9566 3.3679 0.5445 0.188519 0.0997285 0.0949356 1.139 2.172 2.60867e-321 0 2.99097e+262 2.26716e+161 
 2.983 3.384 0.461173 4.11557e-321 1.55716e+142 2.9698 3.3758 0.5368 0.188128 0.074468 0.0711303 1.155 2.16 2.60867e-321 0 2.99097e+262 2.26716e+161 
 2.979 3.398 0.465677 4.11557e-321 1.55716e+142 2.9829 3.3836 0.5291 0.197459 -0.0288711 -0.0263123 1.183 2.15 2.60867e-321 0 2.99097e+262 2.26716e+161 
 3.001 3.426 0.469041 4.11557e-321 1.55716e+142 2.9872 3.3861 0.5264 0.17785 -0.141537 -0.14228 1.218 2.127 2.60867e-321 0 2.99097e+262 2.26716e+161 
 3.011 3.431 0.468331 4.11557e-321 1.55716e+142 3.0134 3.4011 0.5104 0.191859 -0.143516 -0.13384 1.232 2.147 2.60867e-321 0 2.99097e+262 2.26716e+161 
 3.03 3.432 0.466203 4.11557e-321 1.55716e+142 3.0221 3.406 0.505 0.186314 -0.0928966 -0.0895087 1.215 2.153 2.60867e-321 0 2.99097e+262 2.26716e+161 
 3.05 3.443 0.463177 4.11557e-321 1.55716e+142 3.0395 3.4155 0.4939 0.184245 -0.10403 -0.101286 1.221 2.159 2.60867e-321 0 2.99097e+262 2.26716e+161 
 3.065 3.452 0.46006 4.11557e-321 1.55716e+142 3.0569 3.4248 0.4827 0.186035 -0.118702 -0.114351 1.24 2.169 2.60867e-321 0 2.99097e+262 2.26716e+161 
 3.094 3.478 0.456236 4.11557e-321 1.55716e+142 3.0742 3.4337 0.4711 0.173261 -0.202852 -0.207703 1.234 2.177 2.60867e-321 0 2.99097e+262 2.26716e+161 
 3.107 3.468 0.449193 4.11557e-321 1.55716e+142 3.1088 3.4509 0.4474 0.195915 -0.112403 -0.102908 1.256 2.192 2.60867e-321 0 2.99097e+262 2.26716e+161 
 3.132 3.49 0.433868 4.11557e-321 1.55716e+142 3.1131 3.453 0.4444 0.176463 -0.168619 -0.170333 1.256 2.195 2.60867e-321 0 2.99097e+262 2.26716e+161 
 3.144 3.492 0.422917 4.11557e-321 1.55716e+142 3.1433 3.467 0.4228 0.192329 -0.154567 -0.143662 1.252 2.221 2.60867e-321 0 2.99097e+262 2.26716e+161 
 3.176 3.504 0.405506 4.11557e-321 1.55716e+142 3.1519 3.4709 0.4165 0.174514 -0.135387 -0.138745 1.259 2.224 2.60867e-321 0 2.99097e+262 2.26716e+161 
 3.191 3.513 0.390713 4.11557e-321 1.55716e+142 3.182 3.4839 0.394 0.186136 -0.159099 -0.152657 1.24 2.247 2.60867e-321 0 2.99097e+262 2.26716e+161 
 3.209 3.512 0.374375 4.11557e-321 1.55716e+142 3.1992 3.4909 0.3808 0.187839 -0.103856 -0.0991952 1.277 2.248 2.60867e-321 0 2.99097e+262 2.26716e+161 
 3.213 3.529 0.358195 4.11557e-321 1.55716e+142 3.2163 3.4977 0.3674 0.194729 -0.197736 -0.180784 1.29 2.27 2.60867e-321 0 2.99097e+262 2.26716e+161 
 3.221 3.537 0.345993 4.11557e-321 1.55716e+142 3.2249 3.501 0.3606 0.194387 -0.223907 -0.204439 1.288 2.298 2.60867e-321 0 2.99097e+262 2.26716e+161 
 3.254 3.537 0.32429 4.11557e-321 1.55716e+142 3.2335 3.5042 0.3537 0.178371 -0.139319 -0.139676 1.295 2.274 2.60867e-321 0 2.99097e+262 2.26716e+161 
 3.286 3.552 0.30271 4.11557e-321 1.55716e+142 3.2634 3.5149 0.3293 0.176501 -0.1719 -0.173544 1.316 2.275 2.60867e-321 0 2.99097e+262 2.26716e+161 
 3.298 3.556 0.289468 4.11557e-321 1.55716e+142 3.2933 3.5247 0.3042 0.190588 -0.180592 -0.168934 1.312 2.297 2.60867e-321 0 2.99097e+262 2.26716e+161 
 3.323 3.559 0.271054 4.11557e-321 1.55716e+142 3.3061 3.5287 0.2932 0.182433 -0.147181 -0.144211 1.317 2.301 2.60867e-321 0 2.99097e+262 2.26716e+161 
 3.331 3.573 0.251092 4.11557e-321 1.55716e+142 3.3317 3.5362 0.2709 0.194428 -0.222374 -0.203036 1.309 2.305 2.60867e-321 0 2.99097e+262 2.26716e+161 
 3.338 3.578 0.234811 4.11557e-321 1.55716e+142 3.3403 3.5385 0.2634 0.19558 -0.233312 -0.211515 1.336 2.327 2.60867e-321 0 2.99097e+262 2.26716e+161 
 3.35 3.576 0.211326 4.11557e-321 1.55716e+142 3.3488 3.5408 0.2558 0.194061 -0.183752 -0.168815 1.342 2.322 2.60867e-321 0 2.99097e+262 2.26716e+161 
 3.373 3.588 0.188901 4.11557e-321 1.55716e+142 3.3573 3.543 0.2482 0.182949 -0.220182 -0.213336 1.363 2.32 2.60867e-321 0 2.99097e+262 2.26716e+161 
 3.389 3.603 0.169986 4.11557e-321 1.55716e+142 3.3828 3.5492 0.225 0.189827 -0.294907 -0.272674 1.374 2.32 2.60867e-321 0 2.99097e+262 2.26716e+161 
 3.38 3.592 0.144697 4.11557e-321 1.55716e+142 3.3998 3.553 0.2093 0.210461 -0.203417 -0.172251 1.366 2.317 2.60867e-321 0 2.99097e+262 2.26716e+161 
 3.392 3.609 0.115971 4.11557e-321 1.55716e+142 3.3871 3.5502 0.2211 0.191654 -0.277384 -0.254852 1.388 2.333 2.60867e-321 0 2.99097e+262 2.26716e+161 
 3.412 3.601 0.0908315 4.11557e-321 1.55716e+142 3.4041 3.5539 0.2053 0.190514 -0.188791 -0.176515 1.406 2.362 2.60867e-321 0 2.99097e+262 2.26716e+161 
 3.428 3.605 0.062851 4.11557e-321 1.55716e+142 3.4211 3.5573 0.1894 0.191856 -0.181368 -0.168546 1.425 2.372 2.60867e-321 0 2.99097e+262 2.26716e+161 
 3.457 3.61 0.0430988 4.11557e-321 1.55716e+142 3.4381 3.5605 0.1733 0.183691 -0.191109 -0.185125 1.424 2.391 2.60867e-321 0 2.99097e+262 2.26716e+161 
 3.458 3.626 0.0239642 4.11557e-321 1.55716e+142 3.4635 3.5647 0.1489 0.202713 -0.272358 -0.237286 1.421 2.413 2.60867e-321 0 2.99097e+262 2.26716e+161 
 3.481 3.656 0.00253446 4.11557e-321 1.55716e+142 3.4678 3.5653 0.1448 0.191466 -0.453762 -0.403215 1.445 2.425 2.60867e-321 0 2.99097e+262 2.26716e+161 
 3.489 3.654 -0.0263948 4.11557e-321 1.55716e+142 3.4932 3.5688 0.12 0.205289 -0.400426 -0.337653 1.479 2.429 2.60867e-321 0 2.99097e+262 2.26716e+161 
 3.513 3.66 -0.0749969 4.11557e-321 1.55716e+142 3.4975 3.5693 0.1158 0.192984 -0.404365 -0.360661 1.46 2.428 2.60867e-321 0 2.99097e+262 2.26716e+161 
 3.537 3.657 -0.115819 4.11557e-321 1.55716e+142 3.5229 3.572 0.0907 0.195061 -0.349025 -0.311584 1.461 2.421 2.60867e-321 0 2.99097e+262 2.26716e+161 
 3.561 3.658 -0.157972 4.11557e-321 1.55716e+142 3.5441 3.5737 0.0695 0.194531 -0.325293 -0.292369 1.47 2.413 2.60867e-321 0 2.99097e+262 2.26716e+161 
 3.582 3.647 -0.19468 4.11557e-321 1.55716e+142 3.5653 3.575 0.0482 0.193637 -0.230077 -0.210699 1.472 2.436 2.60867e-321 0 2.99097e+262 2.26716e+161 
 3.613 3.656 -0.228396 4.11557e-321 1.55716e+142 3.5865 3.5759 0.0268 0.189776 -0.286161 -0.265035 1.484 2.478 2.60867e-321 0 2.99097e+262 2.26716e+161 
 3.619 3.673 -0.250939 4.11557e-321 1.55716e+142 3.612 3.5763 0.0009 0.208863 -0.346912 -0.290514 1.484 2.492 2.60867e-321 0 2.99097e+262 2.26716e+161 
 3.632 3.673 -0.282627 4.11557e-321 1.55716e+142 3.6205 3.5763 -0.0077 0.206565 -0.327963 -0.278366 1.49 2.489 2.60867e-321 0 2.99097e+262 2.26716e+161 
 3.65 3.669 -0.319185 4.11557e-321 1.55716e+142 3.6289 3.5762 -0.0164 0.199684 -0.295248 -0.260114 1.5 2.489 2.60867e-321 0 2.99097e+262 2.26716e+161 
 3.657 3.667 -0.353112 4.11557e-321 1.55716e+142 3.6459 3.5758 -0.0337 0.206911 -0.237514 -0.203756 1.511 2.484 2.60867e-321 0 2.99097e+262 2.26716e+161 
 3.676 3.669 -0.38418 4.11557e-321 1.55716e+142 3.6544 3.5755 -0.0424 0.201198 -0.252139 -0.221861 1.536 2.487 2.60867e-321 0 2.99097e+262 2.26716e+161 
 3.685 3.667 -0.407902 4.11557e-321 1.55716e+142 3.6714 3.5746 -0.0597 0.207062 -0.211688 -0.181985 1.542 2.522 2.60867e-321 0 2.99097e+262 2.26716e+161 
 3.709 3.679 -0.434289 4.11557e-321 1.55716e+142 3.6798 3.5741 -0.0684 0.202144 -0.305092 -0.265268 1.561 2.528 2.60867e-321 0 2.99097e+262 2.26716e+161 
 3.733 3.673 -0.458858 4.11557e-321 1.55716e+142 3.7011 3.5725 -0.0901 0.200411 -0.283553 -0.249374 1.558 2.533 2.60867e-321 0 2.99097e+262 2.26716e+161 
 3.759 3.666 -0.492372 4.11557e-321 1.55716e+142 3.7223 3.5704 -0.1117 0.197021 -0.257266 -0.23085 1.558 2.529 2.60867e-321 0 2.99097e+262 2.26716e+161 
 3.772 3.661 -0.521011 4.11557e-321 1.55716e+142 3.7436 3.5678 -0.1333 0.202454 -0.203432 -0.178935 1.583 2.542 2.60867e-321 0 2.99097e+262 2.26716e+161 
 3.782 3.656 -0.547584 4.11557e-321 1.55716e+142 3.7606 3.5654 -0.1505 0.206466 -0.149776 -0.129843 1.592 2.517 2.60867e-321 0 2.99097e+262 2.26716e+161 
 3.795 3.653 -0.568128 4.11557e-321 1.55716e+142 3.7691 3.5641 -0.1591 0.203355 -0.141913 -0.12496 1.649 2.538 2.60867e-321 0 2.99097e+262 2.26716e+161 
 3.794 3.644 -0.583097 4.11557e-321 1.55716e+142 3.7818 3.562 -0.172 0.209043 -0.0495633 -0.0426515 1.659 2.549 2.60867e-321 0 2.99097e+262 2.26716e+161 
 3.834 3.635 -0.597837 4.11557e-321 1.55716e+142 3.7818 3.562 -0.172 0.181516 -0.1456 -0.143393 1.652 2.561 2.60867e-321 0 2.99097e+262 2.26716e+161 
 3.863 3.63 -0.605413 4.11557e-321 1.55716e+142 3.8159 3.5556 -0.2059 0.18785 -0.157376 -0.149671 1.656 2.584 2.60867e-321 0 2.99097e+262 2.26716e+161 
 3.879 3.617 -0.620314 4.11557e-321 1.55716e+142 3.8457 3.5489 -0.2353 0.194846 -0.0820796 -0.075681 1.684 2.593 2.60867e-321 0 2.99097e+262 2.26716e+161 
 3.895 3.587 -0.635103 4.11557e-321 1.55716e+142 3.8585 3.5458 -0.2478 0.181264 0.0463264 0.045971 1.714 2.597 2.60867e-321 0 2.99097e+262 2.26716e+161 
 3.903 3.588 -0.643282 4.11557e-321 1.55716e+142 3.8799 3.5402 -0.2685 0.193231 0.0555822 0.0517302 1.708 2.58 2.60867e-321 0 2.99097e+262 2.26716e+161 
 3.914 3.563 -0.64336 4.11557e-321 1.55716e+142 3.8885 3.5378 -0.2767 0.182326 0.156613 0.1534 1.694 2.608 2.60867e-321 0 2.99097e+262 2.26716e+161 
 3.944 3.543 -0.642405 4.11557e-321 1.55716e+142 3.9056 3.5329 -0.2929 0.169384 0.16691 0.175546 1.698 2.611 2.60867e-321 0 2.99097e+262 2.26716e+161 
 3.951 3.519 -0.641262 4.11557e-321 1.55716e+142 3.9356 3.5234 -0.321 0.178733 0.313074 0.305427 1.7 2.603 2.60867e-321 0 2.99097e+262 2.26716e+161 
 3.971 3.512 -0.635484 4.11557e-321 1.55716e+142 3.9527 3.5176 -0.3369 0.177802 0.285646 0.281499 1.73 2.621 2.60867e-321 0 2.99097e+262 2.26716e+161 
 3.999 3.506 -0.622654 4.11557e-321 1.55716e+142 3.9699 3.5115 -0.3525 0.172897 0.212561 0.217784 1.734 2.649 2.60867e-321 0 2.99097e+262 2.26716e+161 
 4.007 3.499 -0.595717 4.11557e-321 1.55716e+142 3.9957 3.5017 -0.3756 0.187134 0.215368 0.204269 1.767 2.671 2.60867e-321 0 2.99097e+262 2.26716e+161 
 4.035 3.503 -0.57501 4.11557e-321 1.55716e+142 4.0043 3.4983 -0.3832 0.179246 0.0700821 0.0702611 1.75 2.656 2.60867e-321 0 2.99097e+262 2.26716e+161 
 4.037 3.484 -0.553974 4.11557e-321 1.55716e+142 4.0302 3.4876 -0.4054 0.192183 0.161613 0.150228 1.774 2.663 2.60867e-321 0 2.99097e+262 2.26716e+161 
 4.057 3.487 -0.545139 4.11557e-321 1.55716e+142 4.0388 3.4839 -0.4127 0.187987 0.0643474 0.0615356 1.811 2.655 2.60867e-321 0 2.99097e+262 2.26716e+161 
 4.059 3.462 -0.529254 4.11557e-321 1.55716e+142 4.0517 3.4781 -0.4233 0.188502 0.188841 0.178407 1.808 2.66 2.60867e-321 0 2.99097e+262 2.26716e+161 
 4.087 3.461 -0.521198 4.11557e-321 1.55716e+142 4.0647 3.4722 -0.4338 0.181031 0.0884642 0.0877344 1.816 2.659 2.60867e-321 0 2.99097e+262 2.26716e+161 
 4.103 3.449 -0.500996 4.11557e-321 1.55716e+142 4.0863 3.4621 -0.4508 0.184481 0.0804912 0.0783754 1.81 2.68 2.60867e-321 0 2.99097e+262 2.26716e+161 
 4.123 3.457 -0.492581 4.11557e-321 1.55716e+142 4.1036 3.4536 -0.4641 0.188662 -0.0521883 -0.0497511 1.804 2.705 2.60867e-321 0 2.99097e+262 2.26716e+161 
 4.137 3.452 -0.483753 4.11557e-321 1.55716e+142 4.1165 3.4471 -0.4739 0.188499 -0.0848286 -0.0808274 1.796 2.727 2.60867e-321 0 2.99097e+262 2.26716e+161 
 4.172 3.445 -0.484209 4.11557e-321 1.55716e+142 4.1295 3.4404 -0.4835 0.174424 -0.167807 -0.171471 1.826 2.711 2.60867e-321 0 2.99097e+262 2.26716e+161 
 4.188 3.446 -0.486053 4.11557e-321 1.55716e+142 4.1596 3.4242 -0.5052 0.189718 -0.2454 -0.228754 1.834 2.756 2.60867e-321 0 2.99097e+262 2.26716e+161 
 4.203 3.447 -0.48758 4.11557e-321 1.55716e+142 4.1725 3.417 -0.5143 0.19155 -0.309344 -0.282895 1.845 2.742 2.60867e-321 0 2.99097e+262 2.26716e+161 
 4.198 3.426 -0.491306 4.11557e-321 1.55716e+142 4.1811 3.4121 -0.5203 0.194109 -0.170705 -0.156995 1.86 2.764 2.60867e-321 0 2.99097e+262 2.26716e+161 
 4.208 3.429 -0.509849 4.11557e-321 1.55716e+142 4.1897 3.4071 -0.5263 0.196596 -0.209187 -0.189236 1.846 2.765 2.60867e-321 0 2.99097e+262 2.26716e+161 
 4.223 3.435 -0.525381 4.11557e-321 1.55716e+142 4.194 3.4046 -0.5292 0.193756 -0.283098 -0.257175 1.871 2.772 2.60867e-321 0 2.99097e+262 2.26716e+161 
 4.245 3.429 -0.548859 4.11557e-321 1.55716e+142 4.2026 3.3996 -0.535 0.185959 -0.310623 -0.29207 1.869 2.788 2.60867e-321 0 2.99097e+262 2.26716e+161 
 4.266 3.369 -0.580749 4.11557e-321 1.55716e+142 4.2198 3.3894 -0.5465 0.163518 -0.0207894 -0.0228809 1.872 2.799 2.60867e-321 0 2.99097e+262 2.26716e+161 
 4.327 3.347 -0.606632 4.11557e-321 1.55716e+142 4.2624 3.3626 -0.5744 0.154913 -0.138152 -0.159167 1.914 2.794 2.60867e-321 0 2.99097e+262 2.26716e+161 
 4.35 3.342 -0.608552 4.11557e-321 1.55716e+142 4.3133 3.3287 -0.6063 0.184133 -0.219113 -0.211006 1.912 2.813 2.60867e-321 0 2.99097e+262 2.26716e+161 
 4.37 3.329 -0.622441 4.11557e-321 1.55716e+142 4.3301 3.3169 -0.6166 0.18208 -0.224165 -0.21808 1.925 2.839 2.60867e-321 0 2.99097e+262 2.26716e+161 
 4.369 3.328 -0.647362 4.11557e-321 1.55716e+142 4.351 3.3019 -0.6293 0.201475 -0.19359 -0.171261 1.937 2.83 2.60867e-321 0 2.99097e+262 2.26716e+161 
 4.375 3.331 -0.671545 4.11557e-321 1.55716e+142 4.351 3.3019 -0.6293 0.199955 -0.207888 -0.185001 1.945 2.842 2.60867e-321 0 2.99097e+262 2.26716e+161 
 4.394 3.349 -0.6909 4.11557e-321 1.55716e+142 4.3552 3.2989 -0.6318 0.202957 -0.357871 -0.307334 1.932 2.885 2.60867e-321 0 2.99097e+262 2.26716e+161 
 4.388 3.321 -0.71406 4.11557e-321 1.55716e+142 4.3552 3.2989 -0.6318 0.192305 -0.169555 -0.157392 1.946 2.887 2.60867e-321 0 2.99097e+262 2.26716e+161 
 4.395 3.313 -0.753101 4.11557e-321 1.55716e+142 4.3677 3.2897 -0.6393 0.196116 -0.115993 -0.106062 1.975 2.881 2.60867e-321 0 2.99097e+262 2.26716e+161 
 4.41 3.312 -0.768419 4.11557e-321 1.55716e+142 4.3719 3.2866 -0.6417 0.191856 -0.164711 -0.15332 2.003 2.905 2.60867e-321 0 2.99097e+262 2.26716e+161 
 4.419 3.299 -0.780837 4.11557e-321 1.55716e+142 4.3843 3.2772 -0.6491 0.191858 -0.126319 -0.117961 1.984 2.929 2.60867e-321 0 2.99097e+262 2.26716e+161 
 4.405 3.281 -0.797688 4.11557e-321 1.55716e+142 4.3967 3.2678 -0.6564 0.200597 0.0538719 0.0483028 1.993 2.929 2.60867e-321 0 2.99097e+262 2.26716e+161 
 4.422 3.285 -0.81019 4.11557e-321 1.55716e+142 4.3967 3.2678 -0.6564 0.194066 -0.0350892 -0.0325344 1.977 2.945 2.60867e-321 0 2.99097e+262 2.26716e+161 
 4.445 3.268 -0.809962 4.11557e-321 1.55716e+142 4.4049 3.2614 -0.6613 0.181253 -0.0676072 -0.0670391 2.007 2.97 2.60867e-321 0 2.99097e+262 2.26716e+161 
 4.461 3.228 -0.813345 4.11557e-321 1.55716e+142 4.4254 3.2453 -0.6733 0.170922 0.0585402 0.0615713 2.038 2.971 2.60867e-321 0 2.99097e+262 2.26716e+161 
 4.47 3.223 -0.817243 4.11557e-321 1.55716e+142 4.4539 3.2223 -0.6898 0.190641 0.0580168 0.0547237 2.026 2.985 2.60867e-321 0 2.99097e+262 2.26716e+161 
 4.5 3.225 -0.816212 4.11557e-321 1.55716e+142 4.4619 3.2156 -0.6945 0.184724 -0.100835 -0.0979419 2.043 2.989 2.60867e-321 0 2.99097e+262 2.26716e+161 
 4.509 3.211 -0.81607 4.11557e-321 1.55716e+142 4.478 3.2021 -0.7037 0.188118 -0.072294 -0.0690643 2.043 2.978 2.60867e-321 0 2.99097e+262 2.26716e+161 
 4.507 3.193 -0.820942 4.11557e-321 1.55716e+142 4.49 3.1919 -0.7107 0.190872 0.0322754 0.0304276 2.084 2.977 2.60867e-321 0 2.99097e+262 2.26716e+161 
 4.53 3.197 -0.823638 4.11557e-321 1.55716e+142 4.4979 3.1851 -0.7153 0.189506 -0.0967059 -0.0915978 2.067 2.976 2.60867e-321 0 2.99097e+262 2.26716e+161 
 4.541 3.167 -0.824035 4.11557e-321 1.55716e+142 4.5098 3.1747 -0.7221 0.179364 -0.00927467 -0.00930729 2.06 3.009 2.60867e-321 0 2.99097e+262 2.26716e+161 
 4.556 3.115 -0.828898 4.11557e-321 1.55716e+142 4.5295 3.1572 -0.7335 0.163424 0.172701 0.187973 2.084 3.036 2.60867e-321 0 2.99097e+262 2.26716e+161 
 4.56 3.111 -0.830821 4.11557e-321 1.55716e+142 4.5644 3.1252 -0.7538 0.194101 0.173518 0.159544 2.078 3.039 2.60867e-321 0 2.99097e+262 2.26716e+161 
 4.589 3.095 -0.826855 4.11557e-321 1.55716e+142 4.5682 3.1216 -0.756 0.174941 0.0990684 0.101582 2.075 3.043 2.60867e-321 0 2.99097e+262 2.26716e+161 
 4.628 3.084 -0.823474 4.11557e-321 1.55716e+142 4.591 3.0998 -0.7694 0.172951 -0.0551725 -0.0573581 2.093 3.08 2.60867e-321 0 2.99097e+262 2.26716e+161 
 4.665 3.074 -0.823713 4.11557e-321 1.55716e+142 4.6173 3.0741 -0.785 0.176697 -0.201964 -0.202909 2.083 3.082 2.60867e-321 0 2.99097e+262 2.26716e+161 
 4.691 3.028 -0.823808 4.11557e-321 1.55716e+142 4.6394 3.0517 -0.7984 0.161861 -0.128009 -0.141404 2.075 3.072 2.60867e-321 0 2.99097e+262 2.26716e+161 
 4.713 2.992 -0.826861 4.11557e-321 1.55716e+142 4.6755 3.0139 -0.8207 0.169773 -0.083982 -0.0888068 2.108 3.095 2.60867e-321 0 2.99097e+262 2.26716e+161 
 4.719 2.972 -0.829933 4.11557e-321 1.55716e+142 4.7037 2.9832 -0.8387 0.186428 -0.0357019 -0.0344572 2.131 3.092 2.60867e-321 0 2.99097e+262 2.26716e+161 
 4.748 2.966 -0.834236 4.11557e-321 1.55716e+142 4.7175 2.9677 -0.8477 0.18439 -0.164309 -0.159042 2.138 3.079 2.60867e-321 0 2.99097e+262 2.26716e+161 
 4.735 2.974 -0.837255 4.11557e-321 1.55716e+142 4.7312 2.9521 -0.8568 0.210182 -0.137788 -0.117459 2.16 3.099 2.60867e-321 0 2.99097e+262 2.26716e+161 
 4.725 2.973 -0.850203 4.11557e-321 1.55716e+142 4.7209 2.9638 -0.85 0.203119 -0.0614336 -0.0543875 2.153 3.101 2.60867e-321 0 2.99097e+262 2.26716e+161 
 4.747 2.955 -0.863009 4.11557e-321 1.55716e+142 4.7175 2.9677 -0.8477 0.179019 -0.0821569 -0.0824199 2.17 3.1 2.60867e-321 0 2.99097e+262 2.26716e+161 
 4.75 2.937 -0.870342 4.11557e-321 1.55716e+142 4.7379 2.9443 -0.8613 0.190229 -0.0212114 -0.0200681 2.186 3.098 2.60867e-321 0 2.99097e+262 2.26716e+161 
 4.78 2.937 -0.878952 4.11557e-321 1.55716e+142 4.7479 2.9326 -0.8682 0.187908 -0.178151 -0.169026 2.192 3.132 2.60867e-321 0 2.99097e+262 2.26716e+161 
 4.793 2.917 -0.883336 4.11557e-321 1.55716e+142 4.7579 2.9208 -0.8751 0.181912 -0.163301 -0.1602 2.186 3.134 2.60867e-321 0 2.99097e+262 2.26716e+161 
 4.826 2.89 -0.902715 4.11557e-321 1.55716e+142 4.7742 2.9011 -0.8867 0.170787 -0.221778 -0.229619 2.198 3.152 2.60867e-321 0 2.99097e+262 2.26716e+161 
 4.858 2.904 -0.920813 4.11557e-321 1.55716e+142 4.7996 2.8693 -0.9056 0.196748 -0.438627 -0.381618 2.215 3.155 2.60867e-321 0 2.99097e+262 2.26716e+161 
 4.868 2.891 -0.945518 4.11557e-321 1.55716e+142 4.8059 2.8614 -0.9103 0.193163 -0.420325 -0.373314 2.232 3.153 2.60867e-321 0 2.99097e+262 2.26716e+161 
 4.858 2.881 -0.99303 4.11557e-321 1.55716e+142 4.8151 2.8494 -0.9176 0.202816 -0.272907 -0.23763 2.231 3.175 2.60867e-321 0 2.99097e+262 2.26716e+161 
 4.866 2.882 -1.03712 4.11557e-321 1.55716e+142 4.8151 2.8494 -0.9176 0.201466 -0.272487 -0.238807 2.223 3.179 2.60867e-321 0 2.99097e+262 2.26716e+161 
 4.868 2.86 -1.06444 4.11557e-321 1.55716e+142 4.8182 2.8454 -0.92 0.190333 -0.18559 -0.173745 2.248 3.226 2.60867e-321 0 2.99097e+262 2.26716e+161 
 4.891 2.85 -1.09361 4.11557e-321 1.55716e+142 4.8303 2.8294 -0.9297 0.191559 -0.249085 -0.229917 2.257 3.212 2.60867e-321 0 2.99097e+262 2.26716e+161 
 4.886 2.841 -1.11408 4.11557e-321 1.55716e+142 4.8422 2.8133 -0.9396 0.201611 -0.152862 -0.135639 2.26 3.217 2.60867e-321 0 2.99097e+262 2.26716e+161 
 4.896 2.844 -1.14016 4.11557e-321 1.55716e+142 4.8451 2.8093 -0.9421 0.204463 -0.186197 -0.162475 2.29 3.24 2.60867e-321 0 2.99097e+262 2.26716e+161 
 4.916 2.851 -1.15497 4.11557e-321 1.55716e+142 4.8451 2.8093 -0.9421 0.204382 -0.306181 -0.26339 2.284 3.229 2.60867e-321 0 2.99097e+262 2.26716e+161 
 4.928 2.827 -1.17462 4.11557e-321 1.55716e+142 4.8509 2.8013 -0.9471 0.192291 -0.295201 -0.269604 2.285 3.263 2.60867e-321 0 2.99097e+262 2.26716e+161 
 4.933 2.828 -1.20543 4.11557e-321 1.55716e+142 4.8653 2.7812 -0.9598 0.20982 -0.254959 -0.215332 2.292 3.267 2.60867e-321 0 2.99097e+262 2.26716e+161 
 4.935 2.808 -1.23573 4.11557e-321 1.55716e+142 4.8653 2.7812 -0.9598 0.195282 -0.197821 -0.180359 2.324 3.264 2.60867e-321 0 2.99097e+262 2.26716e+161 
 4.935 2.776 -1.26018 4.11557e-321 1.55716e+142 4.8765 2.7651 -0.9701 0.186482 -0.0837349 -0.0806492 2.327 3.278 2.60867e-321 0 2.99097e+262 2.26716e+161 
 4.92 2.763 -1.27987 4.11557e-321 1.55716e+142 4.8901 2.7449 -0.9832 0.19735 0.0961681 0.0874896 2.336 3.277 2.60867e-321 0 2.99097e+262 2.26716e+161 
 4.939 2.773 -1.28442 4.11557e-321 1.55716e+142 4.8901 2.7449 -0.9832 0.200681 -0.0374953 -0.0336185 2.346 3.297 2.60867e-321 0 2.99097e+262 2.26716e+161 
 4.969 2.759 -1.28196 4.11557e-321 1.55716e+142 4.8928 2.7409 -0.9859 0.1893 -0.203388 -0.191038 2.342 3.318 2.60867e-321 0 2.99097e+262 2.26716e+161 
 4.975 2.716 -1.2878 4.11557e-321 1.55716e+142 4.906 2.7207 -0.9994 0.174973 -0.131677 -0.13464 2.345 3.324 2.60867e-321 0 2.99097e+262 2.26716e+161 
 4.973 2.693 -1.30421 4.11557e-321 1.55716e+142 4.9288 2.6844 -1.0245 0.189713 0.00167898 0.00159302 2.363 3.312 2.60867e-321 0 2.99097e+262 2.26716e+161 
 4.993 2.67 -1.31456 4.11557e-321 1.55716e+142 4.9361 2.6723 -1.0331 0.180183 -0.0650085 -0.0648513 2.362 3.329 2.60867e-321 0 2.99097e+262 2.26716e+161 
 5.022 2.639 -1.31638 4.11557e-321 1.55716e+142 4.9503 2.6481 -1.0508 0.174227 -0.171972 -0.175835 2.365 3.349 2.60867e-321 0 2.99097e+262 2.26716e+161 
 5.057 2.622 -1.32444 4.11557e-321 1.55716e+142 4.9704 2.612 -1.0785 0.187748 -0.313798 -0.292235 2.399 3.373 2.60867e-321 0 2.99097e+262 2.26716e+161 
 5.047 2.59 -1.34188 4.11557e-321 1.55716e+142 4.985 2.584 -1.1011 0.188928 -0.154588 -0.146231 2.422 3.402 2.60867e-321 0 2.99097e+262 2.26716e+161 
 5.061 2.561 -1.37373 4.11557e-321 1.55716e+142 4.995 2.5641 -1.1179 0.182575 -0.157551 -0.154097 2.458 3.393 2.60867e-321 0 2.99097e+262 2.26716e+161 
 5.083 2.531 -1.38794 4.11557e-321 1.55716e+142 5.0081 2.5364 -1.1424 0.181436 -0.227364 -0.221852 2.452 3.361 2.60867e-321 0 2.99097e+262 2.26716e+161 
 5.083 2.498 -1.40577 4.11557e-321 1.55716e+142 5.022 2.5049 -1.172 0.182912 -0.14725 -0.143904 2.454 3.376 2.60867e-321 0 2.99097e+262 2.26716e+161 
 5.1 2.494 -1.42934 4.11557e-321 1.55716e+142 5.0331 2.4777 -1.1994 0.200701 -0.204551 -0.181435 2.468 3.365 2.60867e-321 0 2.99097e+262 2.26716e+161 
 5.102 2.467 -1.44535 4.11557e-321 1.55716e+142 5.0361 2.4699 -1.2075 0.187131 -0.180826 -0.172213 2.461 3.391 2.60867e-321 0 2.99097e+262 2.26716e+161 
 5.097 2.445 -1.46692 4.11557e-321 1.55716e+142 5.0446 2.4468 -1.2326 0.189604 -0.0952707 -0.0901995 2.459 3.415 2.60867e-321 0 2.99097e+262 2.26716e+161 
 5.114 2.417 -1.48361 4.11557e-321 1.55716e+142 5.0512 2.4276 -1.2544 0.183848 -0.169431 -0.164387 2.484 3.442 2.60867e-321 0 2.99097e+262 2.26716e+161 
 5.105 2.385 -1.49351 4.11557e-321 1.55716e+142 5.0595 2.4011 -1.2867 0.181679 -0.0755503 -0.0747129 2.517 3.463 2.60867e-321 0 2.99097e+262 2.26716e+161 
 5.08 2.35 -1.51032 4.11557e-321 1.55716e+142 5.0667 2.3749 -1.321 0.177552 0.129256 0.130296 2.536 3.473 2.60867e-321 0 2.99097e+262 2.26716e+161 
 5.082 2.353 -1.51709 4.11557e-321 1.55716e+142 5.0729 2.3491 -1.3575 0.199854 0.113484 0.101856 2.518 3.48 2.60867e-321 0 2.99097e+262 2.26716e+161 
 5.079 2.338 -1.51307 4.11557e-321 1.55716e+142 5.0729 2.3491 -1.3575 0.189171 0.135684 0.128397 2.551 3.471 2.60867e-321 0 2.99097e+262 2.26716e+161 
 5.074 2.353 -1.51125 4.11557e-321 1.55716e+142 5.0752 2.3382 -1.3739 0.208962 0.152949 0.130996 2.532 3.503 2.60867e-321 0 2.99097e+262 2.26716e+161 
 5.054 2.337 -1.50998 4.11557e-321 1.55716e+142 5.0721 2.3528 -1.3521 0.187284 0.307161 0.287061 2.542 3.499 2.60867e-321 0 2.99097e+262 2.26716e+161 
 5.053 2.303 -1.50544 4.11557e-321 1.55716e+142 5.0744 2.3418 -1.3684 0.171506 0.323535 0.327342 2.528 3.496 2.60867e-321 0 2.99097e+262 2.26716e+161 
 5.086 2.307 -1.48717 4.11557e-321 1.55716e+142 5.0809 2.3057 -1.4258 0.200244 0.0329745 0.0296323 2.589 3.483 2.60867e-321 0 2.99097e+262 2.26716e+161 
 5.061 2.283 -1.46032 4.11557e-321 1.55716e+142 5.0809 2.3057 -1.4258 0.185357 0.193418 0.185665 2.576 3.522 2.60867e-321 0 2.99097e+262 2.26716e+161 
 5.063 2.241 -1.45639 4.11557e-321 1.55716e+142 5.0837 2.2845 -1.463 0.170518 0.174123 0.181776 2.585 3.546 2.60867e-321 0 2.99097e+262 2.26716e+161 
 5.082 2.234 -1.43776 4.11557e-321 1.55716e+142 5.0866 2.2431 -1.5439 0.192691 -0.0786845 -0.0733702 2.573 3.564 2.60867e-321 0 2.99097e+262 2.26716e+161 
 5.073 2.218 -1.42052 4.11557e-321 1.55716e+142 5.0868 2.2329 -1.5656 0.188564 -0.0522358 -0.0498222 2.618 3.569 2.60867e-321 0 2.99097e+262 2.26716e+161 
 5.082 2.21 -1.42232 4.11557e-321 1.55716e+142 5.0867 2.2162 -1.6031 0.192689 -0.162304 -0.15047 2.641 3.572 2.60867e-321 0 2.99097e+262 2.26716e+161 
 5.072 2.183 -1.42336 4.11557e-321 1.55716e+142 5.0864 2.2097 -1.6186 0.178294 -0.0909609 -0.0915742 2.634 3.552 2.60867e-321 0 2.99097e+262 2.26716e+161 
 5.08 2.152 -1.42489 4.11557e-321 1.55716e+142 5.0841 2.1805 -1.6917 0.172577 -0.239117 -0.244415 2.658 3.572 2.60867e-321 0 2.99097e+262 2.26716e+161 
 5.087 2.148 -1.42604 4.11557e-321 1.55716e+142 5.0797 2.1524 -1.7705 0.184537 -0.421315 -0.389915 2.68 3.589 2.60867e-321 0 2.99097e+262 2.26716e+161 
 5.109 2.136 -1.43137 4.11557e-321 1.55716e+142 5.0791 2.1493 -1.7796 0.176676 -0.574242 -0.523599 2.696 3.574 2.60867e-321 0 2.99097e+262 2.26716e+161 
 5.121 2.099 -1.47134 4.11557e-321 1.55716e+142 5.0778 2.1432 -1.7981 0.15618 -0.639808 -0.523599 2.743 3.628 2.60867e-321 0 2.99097e+262 2.26716e+161 
 5.123 2.079 -1.53296 4.11557e-321 1.55716e+142 5.0705 2.1164 -1.8841 0.162197 -0.748032 -0.523599 2.703 3.56 2.60867e-321 0 2.99097e+262 2.26716e+161 
 5.119 2.068 -1.60379 4.11557e-321 1.55716e+142 5.0655 2.102 -1.9341 0.169032 -0.745929 -0.523599 2.72 3.584 2.60867e-321 0 2.99097e+262 2.26716e+161 
 5.116 2.064 -1.68392 4.11557e-321 1.55716e+142 5.0622 2.0935 -1.9647 0.178512 -0.702232 -0.523599 2.747 3.593 2.60867e-321 0 2.99097e+262 2.26716e+161 
 5.14 2.051 -1.7622 4.11557e-321 1.55716e+142 5.0598 2.0879 -1.9853 0.185604 -0.828276 -0.523599 2.812 3.686 2.60867e-321 0 2.99097e+262 2.26716e+161 
 5.187 2.051 -1.8403 4.11557e-321 1.55716e+142 5.0586 2.0851 -1.9957 0.209698 -1.01891 -0.523599 2.748 3.635 2.60867e-321 0 2.99097e+262 2.26716e+161 
 5.227 2.047 -1.93078 4.11557e-321 1.55716e+142 5.0644 2.0991 -1.9442 0.221037 -1.06503 -0.523599 2.777 3.671 2.60867e-321 0 2.99097e+262 2.26716e+161 
 5.214 2.007 -2.03896 4.11557e-321 1.55716e+142 5.0666 2.1048 -1.924 0.197659 -0.993183 -0.523599 2.8 3.673 2.60867e-321 0 2.99097e+262 2.26716e+161 
 5.218 1.995 -2.14972 4.11557e-321 1.55716e+142 5.0561 2.0796 -2.0166 0.225364 -0.960141 -0.523599 2.804 3.669 2.60867e-321 0 2.99097e+262 2.26716e+161 
 5.235 1.971 -2.25805 4.11557e-321 1.55716e+142 5.0548 2.0769 -2.0272 0.234497 -0.964913 -0.523599 2.816 3.703 2.60867e-321 0 2.99097e+262 2.26716e+161 
 5.258 1.979 -2.35678 4.11557e-321 1.55716e+142 5.0493 2.0661 -2.0696 0.26907 -0.853783 -0.518941 2.812 3.694 2.60867e-321 0 2.99097e+262 2.26716e+161 
 5.283 1.989 -2.45761 4.11557e-321 1.55716e+142 5.0548 2.0769 -2.0272 0.282143 -0.696675 -0.418238 2.821 3.736 2.60867e-321 0 2.99097e+262 2.26716e+161 
 5.272 1.959 -2.54234 4.11557e-321 1.55716e+142 5.0586 2.0851 -1.9957 0.259564 -0.673567 -0.436982 2.835 3.716 2.60867e-321 0 2.99097e+262 2.26716e+161 
 5.255 1.917 -2.61954 4.11557e-321 1.55716e+142 5.0521 2.0715 -2.0483 0.253601 -0.708025 -0.465677 2.819 3.739 2.60867e-321 0 2.99097e+262 2.26716e+161 
 5.251 1.897 -2.6954 4.11557e-321 1.55716e+142 5.0402 2.0504 -2.1341 0.27182 -0.660446 -0.412284 2.82 3.749 2.60867e-321 0 2.99097e+262 2.26716e+161 
 5.292 1.93 -2.77044 4.11557e-321 1.55716e+142 5.0352 2.0428 -2.1666 0.315919 -0.416041 -0.23275 2.802 3.757 2.60867e-321 0 2.99097e+262 2.26716e+161 
 5.274 1.891 -2.84054 4.11557e-321 1.55716e+142 5.0493 2.0661 -2.0696 0.271052 -0.486036 -0.312211 2.832 3.76 2.60867e-321 0 2.99097e+262 2.26716e+161 
 5.226 1.883 -2.88121 4.11557e-321 1.55716e+142 5.0369 2.0453 -2.1558 0.259111 -0.415317 -0.280886 2.817 3.751 2.60867e-321 0 2.99097e+262 2.26716e+161 
 5.208 1.887 -2.93525 4.11557e-321 1.55716e+142 5.0246 2.0279 -2.2319 0.266238 -0.282394 -0.188652 2.834 3.752 2.60867e-321 0 2.99097e+262 2.26716e+161 
 5.217 1.877 -2.97729 4.11557e-321 1.55716e+142 5.0246 2.0279 -2.2319 0.27108 -0.264241 -0.173691 2.84 3.77 2.60867e-321 0 2.99097e+262 2.26716e+161 
 5.227 1.91 -3.00364 4.11557e-321 1.55716e+142 5.0246 2.0279 -2.2319 0.278423 -0.0648816 -0.0419212 2.856 3.78 2.60867e-321 0 2.99097e+262 2.26716e+161 
 5.224 1.907 -3.03013 4.11557e-321 1.55716e+142 5.0335 2.0403 -2.1775 0.259518 -0.0621073 -0.0430505 2.872 3.797 2.60867e-321 0 2.99097e+262 2.26716e+161 
 5.224 1.891 -3.03643 4.11557e-321 1.55716e+142 5.0318 2.0378 -2.1884 0.261976 -0.123906 -0.0849292 2.869 3.807 2.60867e-321 0 2.99097e+262 2.26716e+161 
 5.154 1.887 -3.04434 4.11557e-321 1.55716e+142 5.0282 2.0328 -2.2101 0.216766 -0.132576 -0.109648 2.877 3.818 2.60867e-321 0 2.99097e+262 2.26716e+161 
 5.097 1.859 -3.05588 4.11557e-321 1.55716e+142 5.0108 2.0113 -2.3078 0.202388 -0.23078 -0.202439 2.901 3.842 2.60867e-321 0 2.99097e+262 2.26716e+161 
 5.063 1.831 -3.07244 4.11557e-321 1.55716e+142 5.0044 2.0045 -2.3401 0.187411 -0.362996 -0.335465 2.924 3.855 2.60867e-321 0 2.99097e+262 2.26716e+161 
 5.02 1.818 -3.09665 4.11557e-321 1.55716e+142 5.0044 2.0045 -2.3401 0.156835 -0.438973 -0.466692 2.924 3.864 2.60867e-321 0 2.99097e+262 2.26716e+161 
 4.984 1.816 -3.13545 4.11557e-321 1.55716e+142 5.0044 2.0045 -2.3401 0.130548 -0.449685 -0.523599 2.951 3.859 2.60867e-321 0 2.99097e+262 2.26716e+161 
 4.954 1.786 3.09889 4.11557e-321 1.55716e+142 5.0044 2.0045 -2.3401 0.113219 -0.611832 -0.523599 2.985 3.864 2.60867e-321 0 2.99097e+262 2.26716e+161 
 4.939 1.78 3.05045 4.11557e-321 1.55716e+142 5.0044 2.0045 -2.3401 0.103949 -0.63257 -0.523599 2.983 3.866 2.60867e-321 0 2.99097e+262 2.26716e+161 
 4.938 1.762 2.98171 4.11557e-321 1.55716e+142 5.0044 2.0045 -2.3401 0.107734 -0.670983 -0.523599 2.978 3.887 2.60867e-321 0 2.99097e+262 2.26716e+161 
 4.929 1.746 2.91306 4.11557e-321 1.55716e+142 5.0044 2.0045 -2.3401 0.106825 -0.706335 -0.523599 2.978 3.902 2.60867e-321 0 2.99097e+262 2.26716e+161 
