 1.912 0.268 2.46904 0 0 1.5863 0.2631 1.6752 0 0 0 0.614 0.499 1.17411 0 0 0 
 1.892 0.27 2.46887 0 0 1.5872 0.254 1.6558 0.257562 0.118997 0.0829713 0.619 0.489 1.17411 0 0 0 
 1.906 0.264 2.46887 0 0 1.5872 0.254 1.6558 0.268121 0.132797 0.0889163 0.612 0.487 1.17411 0 0 0 
 1.896 0.28 2.46887 0 0 1.588 0.242 1.6289 0.249318 0.186893 0.134121 0.608 0.491 1.17411 0 0 0 
 1.927 0.303 2.46887 0 0 1.5872 0.254 1.6558 0.268818 0.303286 0.200356 0.597 0.512 1.19503 0 0 0 
 1.871 0.318 2.4687 0 0 1.5863 0.2631 1.6752 0.239411 0.230169 0.171354 0.588 0.556 1.26193 0 0 0 
 1.89 0.329 2.46904 0 0 1.5857 0.2692 1.6878 0.243121 0.273109 0.199512 0.656 0.537 1.32284 0 0 0 
 1.875 0.339 2.47131 0 0 1.5853 0.2722 1.694 0.224735 0.253249 0.200122 0.71 0.561 1.37105 0 0 0 
 1.838 0.365 2.47515 0 0 1.5837 0.2845 1.7181 0.209817 0.265804 0.224197 0.665 0.631 1.44202 0 0 0 
 1.847 0.396 2.48754 0 0 1.5795 0.3093 1.7631 0.225898 0.332503 0.258994 0.63 0.622 1.52757 0 0 0 
 1.855 0.378 2.49871 0 0 1.5755 0.3282 1.7942 0.248218 0.237374 0.170466 0.639 0.662 1.5735 0 0 0 
 1.852 0.42 2.50849 0 0 1.5769 0.3219 1.7841 0.225988 0.377426 0.292027 0.668 0.691 1.57491 0 0 0 
 1.829 0.43 2.51425 0 0 1.5741 0.3346 1.8041 0.215178 0.335128 0.273324 0.675 0.707 1.58274 0 0 0 
 1.814 0.436 2.51861 0 0 1.5718 0.3441 1.8185 0.210128 0.300177 0.251685 0.67 0.71 1.60028 0 0 0 
 1.813 0.446 2.52943 0 0 1.5693 0.3537 1.8324 0.212879 0.305055 0.252437 0.671 0.737 1.61207 0 0 0 
 1.813 0.474 2.53868 0 0 1.5639 0.3731 1.8586 0.212403 0.348382 0.287079 0.691 0.749 1.6143 0 0 0 
 1.778 0.513 2.54863 0 0 1.5589 0.3894 1.8791 0.185889 0.380042 0.35262 0.695 0.772 1.61612 0 0 0 
 1.788 0.484 2.56922 0 0 1.5478 0.4224 1.9163 0.223141 0.183173 0.146697 0.684 0.787 1.62353 0 0 0 
 1.774 0.489 2.58022 0 0 1.5513 0.4124 1.9056 0.20474 0.180431 0.157318 0.685 0.77 1.63566 0 0 0 
 1.772 0.492 2.58877 0 0 1.5524 0.4091 1.9019 0.206099 0.191527 0.165738 0.654 0.77 1.63369 0 0 0 
 1.729 0.504 2.60361 0 0 1.5546 0.4025 1.8945 0.172376 0.159503 0.165043 0.636 0.78 1.63273 0 0 0 
 1.705 0.521 2.61425 0 0 1.5429 0.4357 1.9299 0.176191 0.0830473 0.0846401 0.608 0.817 1.62786 0 0 0 
 1.743 0.524 2.62403 0 0 1.5429 0.4357 1.9299 0.205014 0.163787 0.142824 0.578 0.806 1.61906 0 0 0 
 1.735 0.514 2.63432 0 0 1.5365 0.4525 1.9459 0.213139 0.0476871 0.0402509 0.567 0.813 1.58478 0 0 0 
 1.727 0.532 2.64602 0 0 1.5429 0.4357 1.9299 0.194323 0.145849 0.134287 0.556 0.818 1.50642 0 0 0 
 1.72 0.541 2.6523 0 0 1.5338 0.4592 1.9521 0.20495 0.0893258 0.0782913 0.514 0.799 1.43114 0 0 0 
 1.724 0.569 2.66103 0 0 1.5269 0.4762 1.9667 0.201763 0.154257 0.136759 0.576 0.854 1.35234 0 0 0 
 1.738 0.606 2.66574 0 0 1.5338 0.4592 1.9521 0.183862 0.381129 0.357125 0.642 0.907 1.25422 0 0 0 
 1.711 0.606 2.67097 0 0 1.5226 0.4864 1.975 0.188219 0.231751 0.218106 0.582 0.858 1.22067 0 0 0 
 1.69 0.615 2.67761 0 0 1.501 0.5346 2.0097 0.200618 0.0556347 0.0498756 0.556 0.81 1.21332 0 0 0 
 1.66 0.608 2.68267 0 0 1.509 0.5173 1.9981 0.175946 0.0345822 0.0353643 0.541 0.857 1.16716 0 0 0 
 1.68 0.588 2.68877 0 0 1.5042 0.5277 2.0052 0.207661 -0.0355557 -0.0308099 0.504 0.893 1.12003 0 0 0 
 1.609 0.606 2.70797 0 0 1.509 0.5173 1.9981 0.152219 -0.0648321 -0.0765148 0.498 0.936 0.953025 0 0 0 
 1.598 0.639 2.71461 0 0 1.5121 0.5104 1.9932 0.134088 0.101182 0.135002 0.491 0.939 0.913625 0 0 0 
 1.614 0.651 2.71757 0 0 1.4807 0.5765 2.0345 0.174079 -0.0564887 -0.0583438 0.517 0.95 0.78124 0 0 0 
 1.599 0.674 2.71879 0 0 1.4807 0.5765 2.0345 0.15437 0.0308931 0.0360067 0.542 0.972 0.695135 0 0 0 
 1.579 0.67 2.71949 0 0 1.4754 0.5871 2.0401 0.149632 -0.0640558 -0.0769039 0.53 0.983 0.66788 0 0 0 
 1.582 0.686 2.71757 0 0 1.459 0.619 2.0553 0.166167 -0.0970239 -0.104716 0.526 0.991 0.588426 0 0 0 
 1.582 0.696 2.7181 0 0 1.4627 0.6119 2.0521 0.163586 -0.0116303 -0.0127965 0.515 1.021 0.541372 0 0 0 
 1.611 0.684 2.71722 0 0 1.4514 0.6332 2.0613 0.197687 -0.0891115 -0.0809615 0.52 1.021 0.511934 0 0 0 
 1.588 0.718 2.71775 0 0 1.4495 0.6368 2.0628 0.176066 0.0267142 0.0273043 0.528 1.07 0.442063 0 0 0 
 1.558 0.715 2.71827 0 0 1.459 0.619 2.0553 0.143587 0.0344091 0.0431084 0.546 1.085 0.374661 0 0 0 
 1.555 0.686 2.71478 0 0 1.4418 0.6511 2.0684 0.165901 -0.223664 -0.23807 0.563 1.11 0.344325 0 0 0 
 1.524 0.709 2.71251 0 0 1.4495 0.6368 2.0628 0.132434 -0.117772 -0.158725 0.547 1.112 0.279227 0 0 0 
 1.499 0.733 2.71042 0 0 1.4457 0.6439 2.0657 0.107871 -0.0648754 -0.107835 0.562 1.117 0.261638 0 0 0 
 1.513 0.756 2.70553 0 0 1.42 0.6907 2.0819 0.133767 -0.100437 -0.134336 0.578 1.127 0.2427 0 0 0 
 1.491 0.776 2.70605 0 0 1.4098 0.7088 2.0872 0.114067 -0.106809 -0.166976 0.607 1.136 0.224002 0 0 0 
 1.498 0.773 2.70448 0 0 1.4015 0.7233 2.091 0.120482 -0.15862 -0.232685 0.637 1.136 0.222804 0 0 0 
 1.483 0.765 2.69855 0 0 1.4036 0.7197 2.09 0.10183 -0.180506 -0.308859 0.676 1.152 0.223207 0 0 0 
 1.473 0.758 2.69349 0 0 1.4036 0.7197 2.09 0.0992682 -0.238892 -0.408775 0.669 1.155 0.226467 0 0 0 
 1.467 0.76 2.69 0 0 1.4015 0.7233 2.091 0.0949363 -0.259427 -0.457128 0.672 1.151 0.240745 0 0 0 
 1.471 0.752 2.68476 0 0 1.3994 0.7269 2.0919 0.0997311 -0.28162 -0.470252 0.692 1.162 0.29936 0 0 0 
 1.478 0.773 2.67918 0 0 1.4015 0.7233 2.091 0.0890996 -0.0906453 -0.181116 0.728 1.179 0.358834 0 0 0 
 1.468 0.799 2.67272 0 0 1.3973 0.7306 2.0928 0.0779834 -0.00310029 -0.00715591 0.724 1.182 0.412927 0 0 0 
 1.488 0.801 2.65945 0 0 1.3931 0.7379 2.0945 0.0962604 0.00519109 0.00970666 0.722 1.173 0.481522 0 0 0 
 1.487 0.807 2.64497 0 0 1.3868 0.7488 2.0969 0.0922253 0.00403767 0.00788033 0.749 1.166 0.556961 0 0 0 
 1.47 0.813 2.6331 0 0 1.3931 0.7379 2.0945 0.0754222 0.103456 0.242063 0.754 1.199 0.627227 0 0 0 
 1.478 0.815 2.6256 0 0 1.3762 0.7671 2.1005 0.0932225 -0.00746601 -0.0144149 0.759 1.187 0.71547 0 0 0 
 1.468 0.809 2.62176 0 0 1.3804 0.7598 2.0991 0.0856299 0.0157692 0.0331359 0.768 1.218 0.788747 0 0 0 
 1.456 0.768 2.62053 0 0 1.3847 0.7524 2.0976 0.0794376 -0.327578 -0.523599 0.786 1.213 0.86487 0 0 0 
 1.421 0.79 2.61931 0 0 1.3931 0.7379 2.0945 0.0325523 -0.0789182 -0.411473 0.798 1.24 0.925363 0 0 0 
 1.411 0.79 2.62158 0 0 1.3931 0.7379 2.0945 0.0456499 0.369504 0.523599 0.772 1.253 0.994106 0 0 0 
 1.412 0.816 2.62437 0 0 1.3804 0.7598 2.0991 0.044278 0.344511 0.523599 0.772 1.244 1.06298 0 0 0 
 1.387 0.837 2.62612 0 0 1.3762 0.7671 2.1005 0.0301113 0.403835 0.523599 0.785 1.276 1.09629 0 0 0 
 1.403 0.83 2.62437 0 0 1.3589 0.7964 2.1053 0.0632919 0.171335 0.453412 0.769 1.293 1.12851 0 0 0 
 1.418 0.831 2.61617 0 0 1.3392 0.8295 2.1093 0.0912817 0.0607553 0.119236 0.796 1.315 1.16673 0 0 0 
 1.419 0.848 2.6153 0 0 1.3589 0.7964 2.1053 0.0680993 0.315181 0.523599 0.805 1.324 1.17605 0 0 0 
 1.425 0.837 2.61373 0 0 1.3567 0.8001 2.1058 0.0804405 0.267275 0.523599 0.831 1.351 1.182 0 0 0 
 1.395 0.859 2.61547 0 0 1.3567 0.8001 2.1058 0.0527784 0.404043 0.523599 0.855 1.365 1.19098 0 0 0 
 1.422 0.847 2.61949 0 0 1.3545 0.8037 2.1063 0.0823138 0.324095 0.523599 0.847 1.39 1.20032 0 0 0 
 1.389 0.881 2.62507 0 0 1.3436 0.8221 2.1086 0.0560677 0.465244 0.523599 0.87 1.392 1.21863 0 0 0 
 1.374 0.88 2.6324 0 0 1.3414 0.8258 2.1089 0.0492883 0.464638 0.523599 0.887 1.397 1.21937 0 0 0 
 1.378 0.871 2.64008 0 0 1.326 0.8516 2.1112 0.0722087 0.275269 0.523599 0.877 1.417 1.22893 0 0 0 
 1.397 0.842 2.64671 0 0 1.3348 0.8369 2.11 0.0961173 0.153373 0.279695 0.875 1.456 1.24469 0 0 0 
 1.412 0.851 2.65701 0 0 1.3348 0.8369 2.11 0.107344 0.203409 0.328713 0.872 1.48 1.24401 0 0 0 
 1.385 0.861 2.66085 0 0 1.3502 0.8111 2.1073 0.0779716 0.349986 0.523599 0.875 1.501 1.23942 0 0 0 
 1.374 0.874 2.66678 0 0 1.3392 0.8295 2.1093 0.0839162 0.288615 0.523599 0.856 1.533 1.21222 0 0 0 
 1.319 0.891 2.67028 0 0 1.3348 0.8369 2.11 0.0524122 0.333414 0.523599 0.867 1.559 1.15432 0 0 0 
 1.334 0.885 2.68179 0 0 1.3149 0.8701 2.1122 0.0822956 0.121278 0.259292 0.855 1.567 1.0741 0 0 0 
 1.355 0.891 2.69192 0 0 1.3082 0.8812 2.1126 0.09979 0.137524 0.243157 0.869 1.58 1.00141 0 0 0 
 1.379 0.906 2.70064 0 0 1.3015 0.8923 2.1129 0.118819 0.169683 0.251607 0.867 1.602 0.925474 0 0 0 
 1.372 0.904 2.71146 0 0 1.3104 0.8775 2.1125 0.118578 0.157537 0.234731 0.867 1.653 0.856357 0 0 0 
 1.406 0.896 2.71757 0 0 1.3171 0.8664 2.112 0.140839 0.160655 0.202511 0.873 1.674 0.790965 0 0 0 
 1.385 0.913 2.72386 0 0 1.3304 0.8443 2.1106 0.113815 0.383796 0.523599 0.873 1.683 0.717994 0 0 0 
 1.358 0.892 2.72996 0 0 1.326 0.8516 2.1112 0.109904 0.24189 0.377196 0.871 1.693 0.625537 0 0 0 
 1.3 0.901 2.74235 0 0 1.2993 0.896 2.1129 0.092887 0.0806077 0.154952 0.869 1.7 0.560286 0 0 0 
 1.278 0.939 2.7523 0 0 1.3015 0.8923 2.1129 0.0750604 0.171792 0.390781 0.836 1.764 0.505066 0 0 0 
 1.319 0.921 2.76103 0 0 1.2881 0.9146 2.1129 0.115124 -0.0420893 -0.0657131 0.866 1.777 0.467118 0 0 0 
 1.324 0.917 2.77412 0 0 1.2859 0.9183 2.1129 0.120943 -0.0494845 -0.0735155 0.915 1.791 0.397956 0 0 0 
 1.337 0.917 2.78005 0 0 1.306 0.8849 2.1127 0.115736 0.0322976 0.0501893 0.91 1.812 0.335957 0 0 0 
 1.307 0.904 2.78773 0 0 1.306 0.8849 2.1127 0.106775 -0.0867812 -0.145265 0.937 1.838 0.297812 0 0 0 
 1.32 0.897 2.79279 0 0 1.2993 0.896 2.1129 0.12097 -0.146355 -0.214424 0.968 1.838 0.260233 0 0 0 
 1.304 0.933 2.79803 0 0 1.306 0.8849 2.1127 0.0962462 0.227377 0.402075 1.01 1.837 0.228755 0 0 0 
 1.29 0.944 2.79716 0 0 1.2993 0.896 2.1129 0.0963009 0.274635 0.474256 1.051 1.855 0.215832 0 0 0 
 1.274 0.933 2.79559 0 0 1.2814 0.9257 2.1127 0.111454 0.0427125 0.0688723 1.096 1.876 0.217667 0 0 0 
 1.271 0.932 2.79594 0 0 1.2792 0.9294 2.1126 0.115596 0.0077863 0.0121238 1.123 1.887 0.220143 0 0 0 
 1.271 0.911 2.79052 0 0 1.2769 0.9331 2.1125 0.124895 -0.134318 -0.191216 1.154 1.879 0.227855 0 0 0 
 1.268 0.928 2.78389 0 0 1.2769 0.9331 2.1125 0.120207 0.0749108 0.111706 1.181 1.859 0.242514 0 0 0 
 1.235 0.954 2.78616 0 0 1.2836 0.922 2.1128 0.0967068 0.202307 0.360132 1.194 1.888 0.283208 0 0 0 
 1.268 0.968 2.79192 0 0 1.268 0.9479 2.1119 0.124991 0.199715 0.280051 1.216 1.902 0.329383 0 0 0 
 1.222 0.984 2.79803 0 0 1.2658 0.9517 2.1116 0.101544 0.227322 0.383052 1.229 1.906 0.379592 0 0 0 
 1.243 1.002 2.79681 0 0 1.2546 0.9702 2.1103 0.118817 0.328184 0.461387 1.248 1.902 0.417326 0 0 0 
 1.245 0.971 2.79297 0 0 1.2413 0.9925 2.1082 0.138321 -0.0475316 -0.0617753 1.273 1.912 0.454371 0 0 0 
 1.244 0.987 2.79576 0 0 1.2458 0.9851 2.109 0.132672 0.0666293 0.0901533 1.289 1.925 0.496994 0 0 0 
 1.238 0.998 2.80239 0 0 1.2435 0.9888 2.1086 0.133977 0.0731062 0.0979055 1.344 1.939 0.522983 0 0 0 
 1.221 0.993 2.80902 0 0 1.2303 1.0111 2.1059 0.139611 -0.153215 -0.195028 1.382 1.953 0.545374 0 0 0 
 1.19 1.001 2.81583 0 0 1.2347 1.0036 2.1069 0.120864 -0.226591 -0.325458 1.416 1.984 0.573896 0 0 0 
 1.134 1.006 2.82683 0 0 1.2259 1.0185 2.1049 0.0996656 -0.423438 -0.523599 1.451 1.986 0.594091 0 0 0 
 1.183 1.006 2.83084 0 0 1.2193 1.0296 2.1032 0.130157 -0.419791 -0.523599 1.46 2.01 0.605199 0 0 0 
 1.156 1.045 2.83451 0 0 1.2193 1.0296 2.1032 0.109948 -0.225504 -0.353659 1.473 2.024 0.618575 0 0 0 
 1.136 1.045 2.83695 0 0 1.2041 1.0556 2.0986 0.112531 -0.470629 -0.523599 1.503 2.046 0.628112 0 0 0 
 1.139 1.048 2.82665 0 0 1.1955 1.0704 2.0956 0.122508 -0.535145 -0.523599 1.52 2.055 0.636497 0 0 0 
 1.129 1.036 2.8181 0 0 1.1933 1.0741 2.0948 0.123694 -0.684412 -0.523599 1.55 2.055 0.639613 0 0 0 
 1.123 1.045 2.80868 0 0 1.1933 1.0741 2.0948 0.11997 -0.67354 -0.523599 1.562 2.073 0.644116 0 0 0 
 1.168 1.028 2.79244 0 0 1.1891 1.0815 2.0931 0.153632 -0.742362 -0.523599 1.592 2.097 0.655985 0 0 0 
 1.159 1.035 2.78127 0 0 1.1933 1.0741 2.0948 0.145009 -0.730111 -0.523599 1.601 2.125 0.664858 0 0 0 
 1.143 1.027 2.76592 0 0 1.1955 1.0704 2.0956 0.139458 -0.820129 -0.523599 1.625 2.129 0.672969 0 0 0 
 1.122 1.047 2.73642 0 0 1.1998 1.063 2.0971 0.123534 -0.75876 -0.523599 1.647 2.162 0.67456 0 0 0 
 1.111 1.062 2.71914 0 0 1.1891 1.0815 2.0931 0.126257 -0.76966 -0.523599 1.642 2.172 0.678825 0 0 0 
 1.117 1.078 2.69331 0 0 1.1827 1.0926 2.0905 0.134658 -0.718294 -0.523599 1.679 2.192 0.678875 0 0 0 
 1.114 1.092 2.6715 0 0 1.1806 1.0963 2.0896 0.133896 -0.651287 -0.523599 1.695 2.192 0.678507 0 0 0 
 1.127 1.092 2.65457 0 0 1.1638 1.1258 2.0815 0.159194 -0.71655 -0.523599 1.71 2.202 0.679023 0 0 0 
 1.106 1.096 2.6317 0 0 1.1701 1.1148 2.0847 0.144642 -0.746558 -0.523599 1.737 2.229 0.68261 0 0 0 
 1.088 1.131 2.6146 0 0 1.1659 1.1221 2.0826 0.130853 -0.642668 -0.523599 1.757 2.241 0.690366 0 0 0 
 1.101 1.137 2.59994 0 0 1.1556 1.1406 2.077 0.147437 -0.645381 -0.523599 1.774 2.272 0.696402 0 0 0 
 1.08 1.148 2.57551 0 0 1.1475 1.1553 2.0721 0.144773 -0.689912 -0.523599 1.749 2.28 0.710169 0 0 0 
 1.094 1.122 2.55736 0 0 1.1455 1.159 2.0708 0.165335 -0.787777 -0.523599 1.769 2.302 0.71468 0 0 0 
 1.078 1.128 2.53048 0 0 1.1515 1.1479 2.0746 0.152995 -0.785483 -0.523599 1.813 2.321 0.713296 0 0 0 
 1.081 1.15 2.50953 0 0 1.1415 1.1663 2.0682 0.159338 -0.72219 -0.523599 1.833 2.361 0.711351 0 0 0 
 1.085 1.144 2.4933 0 0 1.1375 1.1736 2.0655 0.169765 -0.742869 -0.523599 1.848 2.363 0.712093 0 0 0 
 1.092 1.146 2.46747 0 0 1.1335 1.181 2.0628 0.17925 -0.701557 -0.523599 1.874 2.353 0.710213 0 0 0 
 1.049 1.166 2.44479 0 0 1.1335 1.181 2.0628 0.155761 -0.77401 -0.523599 1.889 2.354 0.712079 0 0 0 
 1.02 1.182 2.42594 0 0 1.1277 1.192 2.0584 0.146282 -0.841441 -0.523599 1.891 2.362 0.718765 0 0 0 
 1.01 1.194 2.4015 0 0 1.1124 1.2212 2.0458 0.158262 -0.888149 -0.523599 1.919 2.372 0.739228 0 0 0 
 1.015 1.19 2.37096 0 0 1.1086 1.2285 2.0424 0.170172 -0.875676 -0.523599 1.935 2.387 0.761005 0 0 0 
 1.045 1.218 2.34914 0 0 1.1049 1.2358 2.0389 0.174807 -0.635931 -0.523599 1.945 2.4 0.790654 0 0 0 
 1.028 1.224 2.32838 0 0 1.1013 1.243 2.0354 0.172386 -0.691118 -0.523599 1.958 2.425 0.819153 0 0 0 
 0.994 1.229 2.29679 0 0 1.0994 1.2467 2.0335 0.163925 -0.809576 -0.523599 1.962 2.436 0.842326 0 0 0 
 0.98 1.254 2.27986 0 0 1.0852 1.2756 2.0179 0.166982 -0.824977 -0.523599 1.97 2.45 0.858187 0 0 0 
 0.977 1.289 2.2631 0 0 1.0767 1.2936 2.0072 0.161468 -0.742528 -0.523599 1.973 2.475 0.86759 0 0 0 
 0.967 1.28 2.22855 0 0 1.0604 1.3295 1.9837 0.188588 -0.845308 -0.523599 1.985 2.492 0.874696 0 0 0 
 0.97 1.285 2.2069 0 0 1.0604 1.3295 1.9837 0.189083 -0.797724 -0.523599 1.991 2.518 0.875138 0 0 0 
 0.975 1.28 2.17409 0 0 1.0604 1.3295 1.9837 0.196175 -0.754445 -0.523599 2.013 2.535 0.874221 0 0 0 
 0.957 1.328 2.14861 0 0 1.0636 1.3223 1.9887 0.163939 -0.685594 -0.523599 2.042 2.561 0.872719 0 0 0 
 0.968 1.335 2.12941 0 0 1.0497 1.3543 1.9654 0.184409 -0.635914 -0.523599 2.05 2.574 0.871229 0 0 0 
 0.983 1.364 2.10097 0 0 1.0425 1.372 1.9513 0.18544 -0.479305 -0.435459 2.044 2.563 0.868383 0 0 0 
 0.957 1.398 2.07322 0 0 1.0425 1.372 1.9513 0.162655 -0.504405 -0.509113 2.058 2.574 0.865622 0 0 0 
 0.947 1.397 2.04861 0 0 1.0277 1.4106 1.9171 0.186091 -0.589091 -0.517925 2.049 2.59 0.86138 0 0 0 
 0.938 1.407 2.01196 0 0 1.0228 1.4246 1.9035 0.189675 -0.59671 -0.51525 2.049 2.601 0.856465 0 0 0 
 0.91 1.418 1.98333 0 0 1.0265 1.4141 1.9137 0.174241 -0.686832 -0.523599 2.056 2.629 0.84048 0 0 0 
 0.91 1.419 1.96274 0 0 1.0169 1.4419 1.8856 0.192244 -0.691446 -0.523599 2.079 2.64 0.814353 0 0 0 
 0.938 1.409 1.93551 0 0 1.0104 1.4625 1.8626 0.216327 -0.550812 -0.429748 2.097 2.647 0.781061 0 0 0 
 0.945 1.445 1.91248 0 0 1.0169 1.4419 1.8856 0.185571 -0.414888 -0.382602 2.104 2.666 0.761397 0 0 0 
 0.991 1.454 1.8924 0 0 1.0136 1.4522 1.8743 0.194661 -0.135964 -0.125068 2.108 2.688 0.747231 0 0 0 
 0.971 1.468 1.86151 0 0 1.0094 1.466 1.8587 0.192679 -0.209803 -0.193544 2.131 2.711 0.727897 0 0 0 
 0.978 1.474 1.83917 0 0 1.0104 1.4625 1.8626 0.188461 -0.135614 -0.128809 2.142 2.729 0.70524 0 0 0 
 0.973 1.495 1.80374 0 0 1.0036 1.4864 1.8338 0.190299 -0.14906 -0.14007 2.138 2.731 0.681707 0 0 0 
 0.993 1.476 1.77634 0 0 1.0017 1.4932 1.8252 0.207236 -0.0409286 -0.0355346 2.161 2.748 0.66058 0 0 0 
 0.997 1.46 1.75819 0 0 1.0036 1.4864 1.8338 0.213297 0.00212075 0.00178969 2.199 2.774 0.640805 0 0 0 
 0.993 1.504 1.74301 0 0 1.0074 1.4728 1.8506 0.179265 0.070142 0.0703133 2.205 2.803 0.623352 0 0 0 
 0.992 1.497 1.73254 0 0 1.0026 1.4898 1.8295 0.192855 0.0294928 0.02752 2.198 2.832 0.611393 0 0 0 
 0.963 1.528 1.72486 0 0 1.0009 1.4966 1.8208 0.175487 -0.139254 -0.141875 2.212 2.842 0.590214 0 0 0 
 0.95 1.555 1.71526 0 0 0.9916 1.5369 1.767 0.18607 -0.16748 -0.160621 2.24 2.841 0.553669 0 0 0 
 0.943 1.591 1.71264 0 0 0.9916 1.5369 1.767 0.164735 -0.182704 -0.197044 2.255 2.844 0.524478 0 0 0 
 0.921 1.586 1.71351 0 0 0.9873 1.5601 1.7353 0.180671 -0.339927 -0.326541 2.254 2.853 0.516865 0 0 0 
 0.932 1.589 1.71735 0 0 0.9834 1.5863 1.6989 0.194921 -0.311015 -0.27968 2.275 2.85 0.511648 0 0 0 
 0.976 1.626 1.7198 0 0 0.9822 1.5961 1.6852 0.181977 -0.047883 -0.0473274 2.283 2.884 0.506762 0 0 0 
 0.943 1.609 1.71596 0 0 0.9805 1.6123 1.6624 0.199044 -0.274619 -0.24342 2.299 2.891 0.506192 0 0 0 
 0.946 1.655 1.70985 0 0 0.9808 1.609 1.6669 0.170677 -0.217234 -0.225213 2.324 2.898 0.499607 0 0 0 
 0.94 1.673 1.70391 0 0 0.9785 1.6379 1.6259 0.176603 -0.28715 -0.284721 2.341 2.903 0.495495 0 0 0 
 0.963 1.688 1.69117 0 0 0.9774 1.6757 1.5715 0.190527 -0.207558 -0.193633 2.347 2.916 0.495909 0 0 0 
 0.959 1.698 1.67599 0 0 0.9774 1.6757 1.5715 0.184975 -0.210596 -0.202134 2.372 2.928 0.497799 0 0 0 
 0.939 1.715 1.67163 0 0 0.9774 1.6851 1.5579 0.179748 -0.335996 -0.324568 2.402 2.929 0.498856 0 0 0 
 0.957 1.753 1.65958 0 0 0.9786 1.719 1.5087 0.177074 -0.279226 -0.276566 2.402 2.943 0.500096 0 0 0 
 0.985 1.712 1.64841 0 0 0.9802 1.7403 1.4778 0.213751 -0.170689 -0.142759 2.405 2.954 0.505301 0 0 0 
 1.022 1.7 1.63969 0 0 0.9792 1.7282 1.4954 0.216223 0.0695208 0.0578097 2.428 2.965 0.513661 0 0 0 
 1.002 1.725 1.6252 0 0 0.9778 1.7006 1.5355 0.185759 0.0498839 0.0482998 2.442 2.969 0.525188 0 0 0 
 1.014 1.706 1.61595 0 0 0.9786 1.719 1.5087 0.207514 0.0789318 0.0683598 2.445 2.985 0.541817 0 0 0 
 1.032 1.72 1.60531 0 0 0.9797 1.7343 1.4866 0.208484 0.161196 0.138284 2.478 3.004 0.563977 0 0 0 
 1.022 1.76 1.59222 0 0 0.979 1.7251 1.4998 0.17967 0.155648 0.154689 2.491 3.027 0.575046 0 0 0 
 1.012 1.773 1.58401 0 0 0.9795 1.7312 1.491 0.175109 0.0929527 0.0952596 2.515 3.032 0.585932 0 0 0 
 1.029 1.787 1.58698 0 0 0.9845 1.7763 1.4256 0.191752 0.0799946 0.0749513 2.52 3.058 0.593035 0 0 0 
 1.026 1.792 1.58681 0 0 0.9849 1.7792 1.4214 0.190284 0.0564777 0.0533745 2.537 3.074 0.606538 0 0 0 
 1.029 1.777 1.59187 0 0 0.9878 1.7969 1.3959 0.208325 0.0153606 0.0132713 2.553 3.07 0.609451 0 0 0 
 1.035 1.779 1.59693 0 0 0.9863 1.7881 1.4086 0.202701 0.0683264 0.0606002 2.566 3.061 0.611674 0 0 0 
 1.015 1.827 1.60426 0 0 0.9853 1.7822 1.4171 0.17083 -0.0231029 -0.0243382 2.579 3.073 0.620602 0 0 0 
 1.027 1.862 1.61054 0 0 0.991 1.8144 1.3707 0.167159 -0.0408235 -0.0439312 2.586 3.083 0.638875 0 0 0 
 1.029 1.888 1.61421 0 0 0.9974 1.8432 1.3298 0.166306 -0.115717 -0.124597 2.608 3.104 0.65632 0 0 0 
 1.011 1.892 1.62014 0 0 1.0108 1.891 1.263 0.186786 -0.387079 -0.357032 2.606 3.125 0.669318 0 0 0 
 1.031 1.918 1.62468 0 0 1.0117 1.8937 1.2592 0.172809 -0.279536 -0.283335 2.615 3.149 0.676776 0 0 0 
 1.018 1.917 1.62747 0 0 1.0153 1.9047 1.2441 0.178284 -0.398188 -0.382246 2.633 3.168 0.6766 0 0 0 
 1.002 1.954 1.62904 0 0 1.0162 1.9075 1.2403 0.157743 -0.498733 -0.51739 2.649 3.192 0.674705 0 0 0 
 1.019 1.969 1.62869 0 0 1.022 1.9238 1.2181 0.156834 -0.454384 -0.480701 2.661 3.195 0.67155 0 0 0 
 1.042 1.936 1.61944 0 0 1.0379 1.9638 1.1649 0.195995 -0.464746 -0.403409 2.671 3.2 0.666917 0 0 0 
 1.04 1.952 1.61019 0 0 1.0334 1.9533 1.1788 0.182407 -0.426422 -0.398304 2.682 3.228 0.657822 0 0 0 
 1.023 1.965 1.59955 0 0 1.0345 1.9559 1.1753 0.177117 -0.524824 -0.489984 2.719 3.241 0.640284 0 0 0 
 1.054 1.996 1.5697 0 0 1.0401 1.9691 1.158 0.167188 -0.367754 -0.376998 2.739 3.247 0.608498 0 0 0 
 1.073 1.979 1.55295 0 0 1.0424 1.9743 1.1512 0.180486 -0.258132 -0.251966 2.746 3.261 0.590002 0 0 0 
 1.104 1.947 1.5341 0 0 1.0495 1.9899 1.1312 0.207451 -0.116639 -0.100862 2.764 3.275 0.58059 0 0 0 
 1.108 1.951 1.50181 0 0 1.0495 1.9899 1.1312 0.206505 -0.0563206 -0.0490524 2.768 3.293 0.565096 0 0 0 
 1.11 1.985 1.48261 0 0 1.039 1.9664 1.1615 0.17545 0.0520983 0.0533986 2.784 3.308 0.548767 0 0 0 
 1.113 2.021 1.46411 0 0 1.0532 1.9976 1.1213 0.170833 -0.0403466 -0.042486 2.789 3.321 0.527276 0 0 0 
 1.111 2.027 1.44544 0 0 1.0672 2.0254 1.0864 0.1827 -0.140145 -0.137206 2.805 3.325 0.501857 0 0 0 
 1.098 2.051 1.42921 0 0 1.0752 2.0404 1.068 0.178693 -0.271763 -0.267204 2.839 3.336 0.475812 0 0 0 
 1.134 2.054 1.42258 0 0 1.0738 2.0379 1.0711 0.173032 -0.0491045 -0.0510375 2.871 3.32 0.457312 0 0 0 
 1.17 2.049 1.41821 0 0 1.0891 2.0648 1.0386 0.187938 0.0596932 0.0571098 2.896 3.326 0.44568 0 0 0 
 1.161 2.042 1.41647 0 0 1.0905 2.0672 1.0357 0.193872 0.00651144 0.00604547 2.911 3.34 0.449081 0 0 0 
 1.133 2.085 1.41594 0 0 1.108 2.0958 1.0023 0.186619 -0.293597 -0.275959 2.922 3.353 0.452553 0 0 0 
 1.145 2.072 1.40879 0 0 1.1051 2.0911 1.0077 0.19086 -0.188788 -0.176199 2.935 3.368 0.454 0 0 0 
 1.139 2.117 1.39971 0 0 1.108 2.0958 1.0023 0.168605 -0.275263 -0.285821 2.955 3.368 0.45649 0 0 0 
 1.139 2.172 1.39814 0 0 1.1126 2.1029 0.9943 0.141042 -0.360993 -0.431722 2.97 3.374 0.457677 0 0 0 
 1.155 2.16 1.39797 0 0 1.1454 2.1507 0.9413 0.172942 -0.446635 -0.435145 2.983 3.384 0.460686 0 0 0 
 1.183 2.15 1.39448 0 0 1.1438 2.1485 0.9437 0.174468 -0.262156 -0.264149 2.979 3.398 0.46531 0 0 0 
 1.218 2.127 1.38575 0 0 1.1552 2.1639 0.9271 0.193303 -0.100401 -0.0932202 3.001 3.426 0.469304 0 0 0 
 1.232 2.147 1.37074 0 0 1.1585 2.1683 0.9225 0.18363 -0.0434943 -0.0426086 3.011 3.431 0.468805 0 0 0 
 1.215 2.153 1.36027 0 0 1.1735 2.1877 0.9024 0.193505 -0.215099 -0.197479 3.03 3.432 0.466417 0 0 0 
 1.221 2.159 1.3491 0 0 1.1768 2.1919 0.898 0.192439 -0.194264 -0.179746 3.05 3.443 0.463261 0 0 0 
 1.24 2.169 1.32641 0 0 1.1668 2.1791 0.9112 0.178202 -0.0234339 -0.0236659 3.065 3.452 0.460371 0 0 0 
 1.234 2.177 1.31908 0 0 1.1802 2.1962 0.8937 0.184704 -0.130484 -0.126482 3.094 3.478 0.456751 0 0 0 
 1.256 2.192 1.31367 0 0 1.1904 2.2087 0.8811 0.180887 -0.0752214 -0.0747131 3.107 3.468 0.45006 0 0 0 
 1.256 2.195 1.30512 0 0 1.1955 2.2149 0.8749 0.183275 -0.0968034 -0.0947888 3.132 3.49 0.434923 0 0 0 
 1.252 2.221 1.29465 0 0 1.2076 2.2292 0.8609 0.178392 -0.206702 -0.205618 3.144 3.492 0.424634 0 0 0 
 1.259 2.224 1.29063 0 0 1.2163 2.2392 0.8513 0.182012 -0.210927 -0.205646 3.176 3.504 0.406943 0 0 0 
 1.24 2.247 1.28732 0 0 1.225 2.2491 0.8419 0.17883 -0.392331 -0.3761 3.203 3.521 0.389194 0 0 0 
 1.277 2.248 1.28313 0 0 1.2285 2.253 0.8382 0.174637 -0.200379 -0.203669 3.209 3.512 0.376176 0 0 0 
 1.29 2.27 1.28068 0 0 1.2425 2.2684 0.8239 0.169956 -0.228633 -0.237572 3.213 3.529 0.359601 0 0 0 
 1.288 2.298 1.27318 0 0 1.2514 2.2779 0.8153 0.161238 -0.324182 -0.347241 3.221 3.537 0.3481 0 0 0 
 1.295 2.274 1.26306 0 0 1.2691 2.2964 0.7988 0.186096 -0.314311 -0.295137 3.254 3.537 0.326304 0 0 0 
 1.316 2.275 1.25555 0 0 1.2744 2.3018 0.7941 0.185754 -0.218123 -0.208301 3.286 3.552 0.304084 0 0 0 
 1.312 2.297 1.24089 0 0 1.2744 2.3018 0.7941 0.175247 -0.265201 -0.265942 3.298 3.556 0.2911 0 0 0 
 1.317 2.301 1.23077 0 0 1.3027 2.33 0.7703 0.191856 -0.356872 -0.323086 3.323 3.559 0.272905 0 0 0 
 1.309 2.305 1.21838 0 0 1.2921 2.3196 0.7789 0.18513 -0.350864 -0.328761 3.331 3.573 0.252947 0 0 0 
 1.336 2.327 1.20895 0 0 1.2938 2.3213 0.7775 0.169191 -0.247809 -0.257775 3.338 3.578 0.236951 0 0 0 
 1.342 2.322 1.19307 0 0 1.2956 2.3231 0.776 0.172863 -0.197559 -0.202885 3.35 3.576 0.215988 0 0 0 
 1.363 2.32 1.17928 0 0 1.315 2.3418 0.7606 0.18327 -0.147444 -0.143814 3.373 3.588 0.19059 0 0 0 
 1.374 2.32 1.16864 0 0 1.329 2.355 0.7502 0.190778 -0.134655 -0.12637 3.389 3.603 0.171992 0 0 0 
 1.366 2.317 1.15258 0 0 1.3446 2.3694 0.7391 0.205521 -0.210556 -0.182361 3.38 3.592 0.147727 0 0 0 
 1.388 2.333 1.13652 0 0 1.3411 2.3663 0.7415 0.190321 -0.102526 -0.0966634 3.392 3.609 0.115971 0 0 0 
 1.406 2.362 1.12762 0 0 1.3342 2.3599 0.7464 0.166308 -0.0386709 -0.0418303 3.412 3.601 0.093834 0 0 0 
 1.425 2.372 1.11715 0 0 1.36 2.3834 0.7288 0.174175 -0.0519295 -0.0536146 3.428 3.605 0.062851 0 0 0 
 1.424 2.391 1.10581 0 0 1.3869 2.407 0.7124 0.182839 -0.192697 -0.187477 3.457 3.61 0.0430988 0 0 0 
 1.421 2.413 1.09795 0 0 1.3951 2.414 0.7078 0.178146 -0.287363 -0.282584 3.458 3.626 0.0239642 0 0 0 
 1.445 2.425 1.08853 0 0 1.4112 2.4277 0.6994 0.176778 -0.241379 -0.241002 3.481 3.656 0.00253446 0 0 0 
 1.479 2.429 1.08364 0 0 1.4159 2.4317 0.697 0.168993 -0.0860345 -0.0913829 3.489 3.654 -0.0263948 0 0 0 
 1.46 2.428 1.08085 0 0 1.4435 2.4545 0.6851 0.193209 -0.271097 -0.247389 3.513 3.66 -0.0749969 0 0 0 
 1.461 2.421 1.07788 0 0 1.4479 2.4581 0.6835 0.199664 -0.257319 -0.227944 3.537 3.657 -0.115819 0 0 0 
 1.47 2.413 1.06689 0 0 1.445 2.4557 0.6846 0.199901 -0.169928 -0.151833 3.561 3.658 -0.157972 0 0 0 
 1.472 2.436 1.05816 0 0 1.442 2.4533 0.6857 0.186033 -0.204237 -0.1951 3.582 3.647 -0.19468 0 0 0 
 1.484 2.478 1.04944 0 0 1.4523 2.4616 0.682 0.168717 -0.289568 -0.299631 3.613 3.656 -0.228396 0 0 0 
 1.484 2.492 1.03704 0 0 1.4692 2.4753 0.6772 0.17426 -0.370297 -0.365325 3.619 3.673 -0.250939 0 0 0 
 1.49 2.489 1.02902 0 0 1.4825 2.486 0.6749 0.183709 -0.358204 -0.337541 3.632 3.673 -0.282627 0 0 0 
 1.5 2.489 1.02151 0 0 1.4915 2.4932 0.6744 0.187375 -0.323601 -0.301394 3.65 3.669 -0.319185 0 0 0 
 1.511 2.484 1.00947 0 0 1.4976 2.4981 0.6746 0.191379 -0.255683 -0.235999 3.657 3.667 -0.353112 0 0 0 
 1.536 2.487 1.00214 0 0 1.4915 2.4932 0.6744 0.178055 -0.12065 -0.121368 3.676 3.669 -0.38418 0 0 0 
 1.542 2.522 0.991492 0 0 1.5059 2.5047 0.6755 0.169752 -0.226718 -0.235929 3.685 3.667 -0.407902 0 0 0 
 1.561 2.528 0.974389 0 0 1.5372 2.5299 0.6824 0.184361 -0.200444 -0.19326 3.709 3.679 -0.434289 0 0 0 
 1.558 2.533 0.956238 0 0 1.5418 2.5337 0.6841 0.187314 -0.22058 -0.208875 3.733 3.673 -0.458858 0 0 0 
 1.558 2.529 0.938959 0 0 1.5481 2.5388 0.6868 0.194705 -0.197671 -0.180748 3.759 3.666 -0.492372 0 0 0 
 1.583 2.542 0.930233 0 0 1.5427 2.5345 0.6845 0.176182 -0.10866 -0.110562 3.772 3.661 -0.521011 0 0 0 
 1.592 2.517 0.92046 0 0 1.5532 2.543 0.6894 0.193065 0.0140943 0.0131397 3.782 3.656 -0.547584 0 0 0 
 1.649 2.538 0.909988 0 0 1.5637 2.5517 0.6961 0.172099 0.210203 0.21641 3.795 3.653 -0.568128 0 0 0 
 1.659 2.549 0.903007 0 0 1.5876 2.5721 0.7204 0.182303 0.208368 0.202904 3.794 3.644 -0.583097 0 0 0 
 1.652 2.561 0.893233 0 0 1.6047 2.5875 0.7466 0.193053 0.146193 0.135474 3.834 3.635 -0.597837 0 0 0 
 1.656 2.584 0.881365 0 0 1.6122 2.5945 0.7594 0.1872 0.100717 0.096542 3.863 3.63 -0.605413 0 0 0 
 1.684 2.593 0.87962 0 0 1.6167 2.5988 0.7673 0.17695 0.203531 0.204155 3.879 3.617 -0.620314 0 0 0 
 1.714 2.597 0.884507 0 0 1.6407 2.6228 0.8019 0.185319 0.333792 0.31352 3.895 3.587 -0.635103 0 0 0 
 1.708 2.58 0.893233 0 0 1.6436 2.6259 0.8049 0.198226 0.35192 0.309307 3.903 3.588 -0.643282 0 0 0 
 1.694 2.608 0.899516 0 0 1.6517 2.6343 0.8116 0.196448 0.187235 0.169905 3.914 3.563 -0.64336 0 0 0 
 1.698 2.611 0.908941 0 0 1.6678 2.6514 0.8195 0.207504 0.176123 0.151606 3.944 3.543 -0.642405 0 0 0 
 1.7 2.603 0.917143 0 0 1.6562 2.6391 0.8145 0.200855 0.209947 0.185974 3.951 3.519 -0.641262 0 0 0 
 1.73 2.621 0.924648 0 0 1.6536 2.6363 0.8129 0.180225 0.287863 0.279954 3.971 3.512 -0.635484 0 0 0 
 1.734 2.649 0.937738 0 0 1.6797 2.6642 0.822 0.187612 0.178886 0.169972 3.999 3.506 -0.622654 0 0 0 
 1.767 2.671 0.954143 0 0 1.6903 2.6756 0.8228 0.175478 0.239519 0.24092 4.007 3.499 -0.595717 0 0 0 
 1.75 2.656 0.963742 0 0 1.7113 2.6983 0.822 0.205937 0.159882 0.138846 4.035 3.503 -0.576993 0 0 0 
 1.774 2.663 0.97561 0 0 1.7195 2.707 0.8213 0.202011 0.225519 0.198306 4.037 3.484 -0.555707 0 0 0 
 1.811 2.655 0.988525 0 0 1.7291 2.7174 0.8203 0.203753 0.389238 0.331196 4.057 3.487 -0.545139 0 0 0 
 1.808 2.66 0.996379 0 0 1.728 2.7162 0.8204 0.201195 0.355762 0.308146 4.059 3.462 -0.529254 0 0 0 
 1.816 2.659 1.00266 0 0 1.7336 2.7222 0.8198 0.204262 0.376693 0.320505 4.087 3.461 -0.521198 0 0 0 
 1.81 2.68 1.01593 0 0 1.7371 2.7259 0.8194 0.19792 0.272356 0.24281 4.103 3.449 -0.500996 0 0 0 
 1.804 2.705 1.02395 0 0 1.743 2.7322 0.8187 0.191444 0.155039 0.144751 4.123 3.457 -0.492581 0 0 0 
 1.796 2.727 1.03251 0 0 1.7619 2.7524 0.8163 0.197866 0.00435896 0.00396536 4.137 3.452 -0.483753 0 0 0 
 1.826 2.711 1.05205 0 0 1.758 2.7482 0.8168 0.19451 0.18394 0.168602 4.172 3.445 -0.484209 0 0 0 
 1.834 2.756 1.06253 0 0 1.7728 2.764 0.815 0.18076 0.0619813 0.0616425 4.188 3.446 -0.486053 0 0 0 
 1.845 2.742 1.07335 0 0 1.7771 2.7685 0.8145 0.188558 0.132167 0.125505 4.203 3.447 -0.48758 0 0 0 
 1.86 2.764 1.09185 0 0 1.798 2.7907 0.8121 0.189668 0.0806095 0.0763521 4.198 3.426 -0.491306 0 0 0 
 1.846 2.765 1.0983 0 0 1.8076 2.8008 0.811 0.200114 -0.0263565 -0.023703 4.208 3.429 -0.509849 0 0 0 
 1.871 2.772 1.10162 0 0 1.8109 2.8042 0.8106 0.192755 0.0718361 0.0669823 4.223 3.435 -0.525381 0 0 0 
 1.869 2.788 1.10965 0 0 1.8192 2.813 0.8098 0.191148 -0.00762828 -0.00718328 4.245 3.429 -0.548859 0 0 0 
 1.872 2.799 1.11366 0 0 1.8279 2.8221 0.8089 0.191346 -0.0469146 -0.0441042 4.266 3.369 -0.580749 0 0 0 
 1.914 2.794 1.1182 0 0 1.8368 2.8315 0.808 0.191179 0.151061 0.141281 4.327 3.347 -0.606632 0 0 0 
 1.912 2.813 1.12378 0 0 1.8498 2.845 0.8067 0.191369 0.0543957 0.0511196 4.35 3.342 -0.608552 0 0 0 
 1.925 2.839 1.12588 0 0 1.8614 2.8571 0.8057 0.183446 0.0274232 0.0269016 4.37 3.329 -0.622441 0 0 0 
 1.937 2.83 1.1271 0 0 1.8775 2.8739 0.8043 0.198143 0.0602615 0.0546889 4.369 3.328 -0.647362 0 0 0 
 1.945 2.842 1.12885 0 0 1.8837 2.8803 0.8038 0.194637 0.0550071 0.0508267 4.375 3.331 -0.671545 0 0 0 
 1.932 2.885 1.13059 0 0 1.8901 2.8869 0.8033 0.179595 -0.132789 -0.132311 4.394 3.349 -0.6909 0 0 0 
 1.946 2.887 1.13303 0 0 1.8966 2.8936 0.8028 0.180155 -0.0844823 -0.08421 4.388 3.321 -0.71406 0 0 0 
 1.975 2.881 1.13705 0 0 1.9031 2.9005 0.8022 0.181783 0.059583 0.0589301 4.395 3.313 -0.753101 0 0 0 
 2.003 2.905 1.13984 0 0 1.926 2.924 0.8006 0.180217 0.0810887 0.0808146 4.41 3.312 -0.768419 0 0 0 
 1.984 2.929 1.14176 0 0 1.9577 2.9566 0.7985 0.19622 -0.169873 -0.154588 4.419 3.299 -0.779261 0 0 0 
 1.993 2.929 1.14368 0 0 1.9526 2.9515 0.7988 0.190065 -0.110065 -0.103861 4.405 3.281 -0.797688 0 0 0 
 1.977 2.945 1.13967 0 0 1.9577 2.9566 0.7985 0.189568 -0.242374 -0.226201 4.422 3.285 -0.81019 0 0 0 
 2.007 2.97 1.13652 0 0 1.9602 2.9593 0.7983 0.171089 -0.147922 -0.154388 4.445 3.268 -0.809962 0 0 0 
 2.038 2.971 1.13478 0 0 1.9731 2.9725 0.7975 0.173371 -0.0206137 -0.0213987 4.461 3.228 -0.813345 0 0 0 
 2.026 2.985 1.136 0 0 1.9945 2.9944 0.7963 0.185358 -0.181604 -0.17456 4.47 3.223 -0.817243 0 0 0 
 2.043 2.989 1.13094 0 0 2.0028 3.0028 0.7958 0.185815 -0.121308 -0.116976 4.5 3.225 -0.816212 0 0 0 
 2.043 2.978 1.12309 0 0 2.0112 3.0114 0.7954 0.198596 -0.110134 -0.0994916 4.509 3.211 -0.81607 0 0 0 
 2.084 2.977 1.11209 0 0 2.0112 3.0114 0.7954 0.18976 0.115145 0.108792 4.507 3.193 -0.820942 0 0 0 
 2.067 2.976 1.10511 0 0 2.0255 3.026 0.7947 0.205629 -0.00188179 -0.00164724 4.53 3.197 -0.823638 0 0 0 
 2.06 3.009 1.1004 0 0 2.0226 3.023 0.7949 0.187839 -0.104999 -0.10028 4.541 3.167 -0.824035 0 0 0 
 2.084 3.036 1.09272 0 0 2.0313 3.0319 0.7945 0.174649 -0.0644471 -0.0663244 4.556 3.115 -0.828898 0 0 0 
 2.078 3.039 1.08626 0 0 2.0521 3.0531 0.7936 0.191444 -0.150458 -0.140531 4.56 3.111 -0.830821 0 0 0 
 2.075 3.043 1.08399 0 0 2.0521 3.0531 0.7936 0.190297 -0.174126 -0.163239 4.589 3.095 -0.826855 0 0 0 
 2.093 3.08 1.08242 0 0 2.0551 3.0561 0.7935 0.168679 -0.188542 -0.198545 4.628 3.084 -0.823474 0 0 0 
 2.083 3.082 1.08068 0 0 2.0829 3.0843 0.7925 0.19289 -0.308724 -0.280498 4.665 3.074 -0.823713 0 0 0 
 2.075 3.072 1.07841 0 0 2.0923 3.0939 0.7922 0.208052 -0.336149 -0.283019 4.691 3.028 -0.823808 0 0 0 
 2.108 3.095 1.07561 0 0 2.0766 3.078 0.7927 0.174312 -0.198186 -0.201865 4.713 2.992 -0.826861 0 0 0 
 2.131 3.092 1.07003 0 0 2.0955 3.0972 0.7921 0.184773 -0.110216 -0.106959 4.719 2.972 -0.829933 0 0 0 
 2.138 3.079 1.06514 0 0 2.1084 3.1102 0.7918 0.199966 -0.0649315 -0.0583817 4.748 2.966 -0.833967 0 0 0 
 2.16 3.099 1.05677 0 0 2.1084 3.1102 0.7918 0.18386 0.00173297 0.00169658 4.735 2.974 -0.837255 0 0 0 
 2.153 3.101 1.03827 0 0 2.1214 3.1233 0.7914 0.19565 -0.0498334 -0.045815 4.725 2.973 -0.850203 0 0 0 
 2.17 3.1 1.02797 0 0 2.1214 3.1233 0.7914 0.191549 0.0487955 0.0458213 4.747 2.955 -0.863009 0 0 0 
 2.186 3.098 1.01854 0 0 2.1279 3.13 0.7912 0.19346 0.129831 0.120215 4.75 2.937 -0.870342 0 0 0 
 2.192 3.132 1.00737 0 0 2.1445 3.1468 0.7908 0.187904 0.0396915 0.0380037 4.78 2.937 -0.878952 0 0 0 
 2.186 3.134 1.00196 0 0 2.1379 3.14 0.791 0.183408 0.0221061 0.0216919 4.793 2.917 -0.883336 0 0 0 
 2.198 3.152 0.998124 0 0 2.1648 3.1672 0.7903 0.192583 -0.0207021 -0.019347 4.826 2.89 -0.902715 0 0 0 
 2.215 3.155 0.995681 0 0 2.1614 3.1638 0.7904 0.183241 0.0634615 0.0622585 4.858 2.904 -0.920813 0 0 0 
 2.232 3.153 0.99603 0 0 2.175 3.1775 0.7901 0.190126 0.125902 0.118637 4.868 2.891 -0.945518 0 0 0 
 2.231 3.175 0.998299 0 0 2.1819 3.1845 0.79 0.184884 0.0401431 0.0390628 4.858 2.881 -0.988622 0 0 0 
 2.223 3.179 1.00057 0 0 2.1992 3.2019 0.7896 0.199218 -0.0466444 -0.0421198 4.866 2.882 -1.03712 0 0 0 
 2.248 3.226 1.00231 0 0 2.2096 3.2125 0.7894 0.176586 -0.0888948 -0.0903664 4.868 2.86 -1.06444 0 0 0 
 2.257 3.212 1.00423 0 0 2.2308 3.2338 0.789 0.197813 -0.0430231 -0.0391289 4.891 2.85 -1.09361 0 0 0 
 2.26 3.217 1.00528 0 0 2.2308 3.2338 0.789 0.194377 -0.0445237 -0.0412072 4.886 2.841 -1.11408 0 0 0 
 2.29 3.24 1.0086 0 0 2.2308 3.2338 0.789 0.173745 0.0330076 0.0341827 4.896 2.844 -1.14016 0 0 0 
 2.293 3.234 1.01278 0 0 2.2558 3.259 0.7886 0.195886 0.0103897 0.00954688 4.927 2.847 -1.15893 0 0 0 
 2.284 3.262 1.01174 0 0 2.2594 3.2626 0.7885 0.187529 -0.123873 -0.118344 4.928 2.827 -1.17462 0 0 0 
 2.292 3.267 1.00982 0 0 2.2738 3.2771 0.7883 0.194282 -0.124346 -0.114699 4.933 2.828 -1.20543 0 0 0 
 2.324 3.264 1.00737 0 0 2.2702 3.2735 0.7884 0.183257 0.0529681 0.0519798 4.935 2.808 -1.23573 0 0 0 
 2.327 3.278 1.0058 0 0 2.281 3.2844 0.7882 0.184035 0.00599701 0.00586545 4.935 2.776 -1.26018 0 0 0 
 2.336 3.277 1.00388 0 0 2.2919 3.2954 0.788 0.190661 0.033987 0.0320756 4.92 2.763 -1.27987 0 0 0 
 2.346 3.297 1.00284 0 0 2.3065 3.31 0.7878 0.189347 -0.0039572 -0.00376184 4.939 2.773 -1.2849 0 0 0 
 2.342 3.318 0.998997 0 0 2.3212 3.3248 0.7876 0.192153 -0.111089 -0.103689 4.969 2.759 -1.28196 0 0 0 
 2.345 3.324 0.996379 0 0 2.3249 3.3285 0.7876 0.191327 -0.118962 -0.111455 4.975 2.716 -1.2878 0 0 0 
 2.363 3.312 0.993761 0 0 2.3323 3.3359 0.7875 0.197651 -0.00490609 -0.00446792 4.973 2.693 -1.30421 0 0 0 
 2.362 3.329 0.992365 0 0 2.3323 3.3359 0.7875 0.18958 -0.06044 -0.0573231 4.993 2.67 -1.31448 0 0 0 
 2.365 3.349 0.990794 0 0 2.336 3.3396 0.7874 0.181838 -0.114159 -0.112528 5.022 2.639 -1.31638 0 0 0 
 2.399 3.373 0.990096 0 0 2.3544 3.3581 0.7872 0.174189 -0.0536097 -0.0553415 5.057 2.622 -1.32444 0 0 0 
 2.422 3.402 0.986256 0 0 2.3767 3.3805 0.7869 0.170808 -0.0684185 -0.0719758 5.047 2.59 -1.33992 0 0 0 
 2.458 3.393 0.981893 0 0 2.4028 3.4066 0.7866 0.185173 0.0952892 0.0923638 5.061 2.561 -1.37174 0 0 0 
 2.452 3.361 0.979799 0 0 2.4215 3.4253 0.7864 0.218014 0.127039 0.104505 5.083 2.531 -1.38794 0 0 0 
 2.454 3.376 0.976657 0 0 2.4215 3.4253 0.7864 0.209949 0.0975015 0.0833991 5.083 2.498 -1.40577 0 0 0 
 2.468 3.365 0.973341 0 0 2.4177 3.4216 0.7864 0.208241 0.206166 0.176355 5.1 2.494 -1.42934 0 0 0 
 2.461 3.391 0.971247 0 0 2.4252 3.4291 0.7863 0.203423 0.0863315 0.0762428 5.102 2.467 -1.44535 0 0 0 
 2.459 3.415 0.967931 0 0 2.414 3.4179 0.7865 0.183237 0.0252812 0.0248296 5.097 2.445 -1.46692 0 0 0 
 2.484 3.442 0.971422 0 0 2.4252 3.4291 0.7863 0.171037 0.0393443 0.0413826 5.114 2.417 -1.48361 0 0 0 
 2.517 3.463 0.974912 0 0 2.4514 3.4553 0.786 0.171429 0.0867805 0.0908682 5.105 2.385 -1.49351 0 0 0 
 2.536 3.473 0.978577 0 0 2.4775 3.4814 0.7858 0.181573 0.0980692 0.0969148 5.08 2.35 -1.51032 0 0 0 
 2.518 3.48 0.986606 0 0 2.5036 3.5075 0.7855 0.204619 -0.0661848 -0.0581562 5.082 2.353 -1.51638 0 0 0 
 2.551 3.471 0.991492 0 0 2.4961 3.5001 0.7856 0.192906 0.128782 0.119593 5.079 2.338 -1.51307 0 0 0 
 2.532 3.503 0.993936 0 0 2.4961 3.5001 0.7856 0.182674 -0.0642489 -0.0632239 5.074 2.353 -1.51132 0 0 0 
 2.542 3.499 0.998822 0 0 2.511 3.515 0.7854 0.193425 -0.035104 -0.0326559 5.054 2.337 -1.50998 0 0 0 
 2.528 3.496 1.00144 0 0 2.5147 3.5187 0.7854 0.20218 -0.103363 -0.091765 5.053 2.303 -1.50612 0 0 0 
 2.589 3.483 1.00406 0 0 2.5147 3.5187 0.7854 0.190643 0.228885 0.212835 5.086 2.307 -1.49026 0 0 0 
 2.576 3.522 1.00511 0 0 2.5184 3.5224 0.7854 0.177441 0.0439394 0.0445435 5.061 2.283 -1.46032 0 0 0 
 2.585 3.546 1.0086 0 0 2.5296 3.5335 0.7853 0.171532 -0.00958043 -0.0100531 5.063 2.241 -1.45639 0 0 0 
 2.573 3.564 1.00807 0 0 2.5591 3.563 0.785 0.19008 -0.181584 -0.170289 5.082 2.234 -1.43776 0 0 0 
 2.618 3.569 1.0065 0 0 2.5591 3.563 0.785 0.173786 0.0295605 0.0306079 5.073 2.218 -1.42052 0 0 0 
 2.641 3.572 1.00423 0 0 2.5847 3.5887 0.7848 0.186044 0.0857349 0.0827601 5.082 2.21 -1.42232 0 0 0 
 2.634 3.552 1.00912 0 0 2.6065 3.6104 0.7846 0.215491 0.0577178 0.0481745 5.072 2.183 -1.42334 0 0 0 
 2.658 3.572 1.01156 0 0 2.5993 3.6032 0.7846 0.192629 0.130979 0.121786 5.08 2.152 -1.42489 0 0 0 
 2.68 3.589 1.01121 0 0 2.6101 3.614 0.7845 0.186297 0.169663 0.162483 5.087 2.148 -1.42593 0 0 0 
 2.696 3.574 1.00807 0 0 2.621 3.6248 0.7844 0.198196 0.266574 0.237531 5.109 2.136 -1.43137 0 0 0 
 2.743 3.628 1.0079 0 0 2.6389 3.6427 0.7843 0.171626 0.315581 0.319629 5.121 2.099 -1.46639 0 0 0 
 2.703 3.56 1.00842 0 0 2.6602 3.6639 0.7841 0.234396 0.244967 0.185944 5.123 2.079 -1.53296 0 0 0 
 2.72 3.584 1.01191 0 0 2.6602 3.6639 0.7841 0.21737 0.261632 0.213356 5.119 2.068 -1.60379 0 0 0 
 2.747 3.593 1.01488 0 0 2.6602 3.6639 0.7841 0.20558 0.364087 0.3086 5.116 2.064 -1.66776 0 0 0 
 2.812 3.686 1.02011 0 0 2.6707 3.6745 0.784 0.148413 0.424245 0.475209 5.14 2.051 -1.7622 0 0 0 
 2.748 3.635 1.03076 0 0 2.7459 3.7494 0.7834 0.250842 0.0540353 0.0387554 5.187 2.051 -1.8403 0 0 0 
 2.777 3.671 1.03984 0 0 2.702 3.7056 0.7837 0.189636 0.190311 0.178713 5.227 2.047 -1.92098 0 0 0 
 2.8 3.673 1.05659 0 0 2.7088 3.7125 0.7837 0.188047 0.265875 0.249207 5.214 2.007 -2.02817 0 0 0 
 2.804 3.669 1.06619 0 0 2.7292 3.7327 0.7835 0.204831 0.228946 0.198542 5.218 1.995 -2.1382 0 0 0 
 2.816 3.703 1.07753 0 0 2.7292 3.7327 0.7835 0.183737 0.19941 0.192924 5.235 1.971 -2.25805 0 0 0 
 2.812 3.694 1.10092 0 0 2.7426 3.7461 0.7834 0.199459 0.136374 0.122454 5.258 1.979 -2.34642 0 0 0 
 2.821 3.736 1.10982 0 0 2.7591 3.7625 0.7832 0.187283 0.03063 0.0294303 5.283 1.989 -2.44845 0 0 0 
 2.835 3.716 1.11872 0 0 2.7688 3.7722 0.7832 0.202008 0.108335 0.0962337 5.272 1.959 -2.54234 0 0 0 
 2.819 3.739 1.13251 0 0 2.7817 3.7851 0.783 0.202779 -0.0762958 -0.0676219 5.255 1.917 -2.61174 0 0 0 
 2.82 3.749 1.14036 0 0 2.7721 3.7755 0.7831 0.189475 -0.0744054 -0.0705673 5.251 1.897 -2.6954 0 0 0 
 2.802 3.757 1.14752 0 0 2.7817 3.7851 0.783 0.196538 -0.222046 -0.200626 5.292 1.93 -2.76318 0 0 0 
 2.832 3.76 1.15642 0 0 2.7817 3.7851 0.783 0.187481 -0.0818928 -0.0784635 5.274 1.891 -2.83382 0 0 0 
 2.817 3.751 1.16201 0 0 2.7785 3.7819 0.7831 0.193009 -0.137119 -0.127187 5.226 1.883 -2.88121 0 0 0 
 2.834 3.752 1.16689 0 0 2.7913 3.7946 0.783 0.198168 -0.0958565 -0.0868494 5.208 1.887 -2.9302 0 0 0 
 2.84 3.77 1.16637 0 0 2.7881 3.7914 0.783 0.184679 -0.0916623 -0.0891034 5.217 1.877 -2.97729 0 0 0 
 2.856 3.78 1.16078 0 0 2.8007 3.804 0.7829 0.185588 -0.0624566 -0.0605021 5.227 1.91 -3.00119 0 0 0 
 2.872 3.797 1.15398 0 0 2.8132 3.8164 0.7827 0.182595 -0.0470329 -0.0463314 5.224 1.907 -3.02817 0 0 0 
 2.869 3.807 1.1456 0 0 2.8254 3.8285 0.7826 0.187522 -0.114295 -0.109273 5.224 1.891 -3.03549 0 0 0 
 2.877 3.818 1.14071 0 0 2.8344 3.8375 0.7825 0.186901 -0.119161 -0.114261 5.154 1.887 -3.0431 0 0 0 
 2.901 3.842 1.136 0 0 2.8404 3.8434 0.7825 0.173188 -0.0607714 -0.063078 5.097 1.859 -3.05588 0 0 0 
 2.924 3.855 1.13077 0 0 2.858 3.8609 0.7823 0.174542 -0.0168165 -0.0173406 5.063 1.831 -3.07015 0 0 0 
 2.924 3.864 1.12466 0 0 2.8722 3.8751 0.7821 0.180885 -0.0745886 -0.074088 5.02 1.818 -3.09665 0 0 0 
 2.951 3.859 1.12099 0 0 2.8806 3.8834 0.7821 0.183782 0.0576008 0.0563556 4.984 1.816 -3.13545 0 0 0 
 2.985 3.864 1.11506 0 0 2.9022 3.9049 0.7818 0.19003 0.163273 0.15344 4.954 1.786 3.10342 0 0 0 
 2.983 3.866 1.11244 0 0 2.9153 3.9178 0.7816 0.199327 0.112208 0.100983 4.939 1.78 3.05045 0 0 0 
 2.978 3.887 1.10965 0 0 2.9229 3.9254 0.7815 0.195144 0.0214725 0.0198035 4.938 1.762 2.98886 0 0 0 
 2.978 3.902 1.10581 0 0 2.9352 3.9376 0.7813 0.196765 -0.0438815 -0.0401211 4.929 1.746 2.91306 0 0 0 
 3.001 3.908 1.10284 0 0 2.9328 3.9352 0.7814 0.186229 0.0702112 0.0677589 4.938 1.731 2.84182 0 0 0 
