 0.272 5.341 0.00050987 0 0 1.61317 4.23167 -1.08718 0 0 0 2.424 2.592 0 0 0 0 
 0.28 5.346 0.000512901 0 0 1.61617 4.23417 -1.09807 0.974075 -1.08177 -0.418042 2.422 2.592 0 0 0 0 
 0.288 5.351 0.000144522 0 0 1.61817 4.23816 -1.10806 0.97065 -1.08467 -0.420346 2.418 2.595 0 0 0 0 
 0.307 5.338 -0.00859277 0 0 1.62417 4.23616 -1.10785 0.965573 -1.07141 -0.417723 2.411 2.604 0 0 0 0 
 0.335 5.324 -0.0217714 0 0 1.63867 4.22666 -1.11952 0.963162 -1.05646 -0.413456 2.412 2.599 0 0 0 0 
 0.371 5.32 -0.0636616 0 0 1.65767 4.22467 -1.14132 0.972461 -1.00441 -0.391785 2.414 2.599 0 0 0 0 
 0.431 5.321 -0.143875 0 0 1.68717 4.22667 -1.18815 0.988523 -0.90353 -0.350511 2.413 2.602 0 0 0 0 
 0.475 5.289 -0.242248 0 0 1.70717 4.20367 -1.21172 1.00845 -0.763499 -0.294062 2.409 2.588 0 0 0 0 
 0.555 5.263 -0.341611 0 0 1.74417 4.18917 -1.26799 1.00975 -0.627705 -0.243714 2.403 2.585 0 0 0 0 
 0.641 5.252 -0.431273 0 0 1.79117 4.18466 -1.33525 1.00672 -0.507177 -0.198853 2.411 2.587 0 0 0 0 
 0.728 5.239 -0.507599 0 0 1.82417 4.18616 -1.42979 0.985995 -0.411547 -0.165431 2.39 2.603 0 0 0 0 
 0.817 5.177 -0.566382 0 0 1.87016 4.15217 -1.46895 0.960791 -0.326746 -0.135202 2.393 2.597 0 0 0 0 
 0.999 5.066 -0.647328 0 0 1.99617 4.07067 -1.55114 0.928124 -0.216794 -0.0931628 2.463 2.545 0 0 0 0 
 1.057 5.005 -0.680997 0 0 2.02867 4.03817 -1.54051 0.905418 -0.160248 -0.0706772 2.47 2.541 0 0 0 0 
 1.25 4.838 -0.732609 0 0 2.15367 3.93916 -1.53925 0.844029 -0.0774966 -0.0367105 2.527 2.51 0 0 0 0 
 1.386 4.718 -0.74401 0 0 2.21967 3.88167 -1.56843 0.782147 -0.0651396 -0.0333009 2.523 2.515 0 0 0 0 
 1.584 4.546 -0.749207 0 0 2.29667 3.81267 -1.66149 0.677136 -0.0731201 -0.0431669 2.479 2.549 0 0 0 0 
 1.784 4.33 -0.747575 0 0 2.39417 3.72417 -1.53336 0.569632 -0.0464474 -0.0326041 2.474 2.588 0 0 0 0 
 1.804 4.292 -0.747942 0 0 2.42417 3.69916 -1.41606 0.568554 -0.0202215 -0.0142256 2.514 2.576 0 0 0 0 
 1.964 4.107 -0.741093 0 0 2.47117 3.62016 -1.4281 0.465825 -0.0294559 -0.0252882 2.448 2.603 0 0 0 0 
 2.036 4.024 -0.7481 0 0 2.48017 3.59067 -1.47692 0.411164 -0.028833 -0.0280427 2.394 2.627 0 0 0 0 
 2.028 4.046 -0.747527 0 0 2.49867 3.58617 -1.4813 0.435985 -0.0312949 -0.0287041 2.439 2.596 0 0 0 0 
 2.091 3.987 -0.747753 0 0 2.53067 3.54767 -1.55484 0.411719 -0.0430947 -0.0418436 2.44 2.578 0 0 0 0 
 2.126 3.943 -0.74885 0 0 2.54066 3.52567 -1.57969 0.389677 -0.044556 -0.0457046 2.425 2.578 0 0 0 0 
 2.24 3.817 -0.755775 0 0 2.59017 3.43066 -1.98087 0.344749 -0.0819725 -0.0948245 2.41 2.514 0 0 0 0 
 2.291 3.759 -0.757177 0 0 2.62267 3.38317 -2.13732 0.331157 -0.0920047 -0.110677 2.424 2.477 0 0 0 0 
 2.37 3.69 -0.760587 0 0 2.66416 3.34417 -2.3976 0.299594 -0.100276 -0.133091 2.428 2.468 0 0 0 0 
 2.449 3.628 -0.765959 0 0 2.70016 3.31217 -3.08653 0.265546 -0.116578 -0.173833 2.421 2.466 0 0 0 0 
 2.54 3.543 -0.786971 0 0 2.74867 3.27066 -3.67514 0.225798 -0.101174 -0.177347 2.427 2.468 0 0 0 0 
 2.726 3.391 -0.823994 0 0 2.82467 3.22567 9.4956 0.125133 -0.100859 -0.311884 2.393 2.53 0 0 0 0 
 2.808 3.305 -0.831497 0 0 2.76467 3.20567 -1.13681 0.0312911 -0.272923 -0.523599 2.191 2.576 0 0 0 0 
 2.71 3.404 -0.846756 0 0 2.62667 3.25717 -5.16653 0.0414328 -0.433539 -0.523599 2.013 2.58 0 0 0 0 
 2.618 3.477 -0.875825 0 0 2.50717 3.29017 -8.66425 0.0563205 -0.544728 -0.523599 1.866 2.573 0 0 0 0 
 2.529 3.552 -0.921444 0 0 2.41567 3.34017 -3.25221 0.0756174 -0.569355 -0.523599 1.772 2.598 0 0 0 0 
 2.489 3.593 -0.977003 0 0 2.36317 3.36316 -3.8255 0.0899184 -0.597668 -0.523599 1.707 2.603 0 0 0 0 
 2.431 3.633 -1.03499 0 0 2.28367 3.38116 -7.17549 0.105851 -0.642652 -0.523599 1.606 2.599 0 0 0 0 
 2.352 3.67 -1.16234 0 0 2.20667 3.40017 -3.40258 0.136433 -0.589556 -0.523599 1.531 2.6 0 0 0 0 
 2.351 3.647 -1.22907 0 0 2.18567 3.38317 -40.0494 0.138885 -0.596659 -0.523599 1.49 2.589 0 0 0 0 
 2.384 3.582 -1.35043 0 0 2.13717 3.36367 1.2209 0.120716 -0.711674 -0.523599 1.36 2.615 0 0 0 0 
 2.37 3.559 -1.48842 0 0 2.10416 3.34667 1.02706 0.14015 -0.684413 -0.523599 1.308 2.604 0 0 0 0 
 2.416 3.478 -1.63398 0 0 2.06766 3.31216 0.515637 0.144452 -0.804276 -0.523599 1.189 2.616 0 0 0 0 
 2.418 3.482 -1.70613 0 0 2.05017 3.30567 0.519831 0.168843 -0.793254 -0.523599 1.152 2.599 0 0 0 0 
 2.409 3.476 -1.79069 0 0 2.03917 3.30017 0.514831 0.185073 -0.742149 -0.523599 1.139 2.594 0 0 0 0 
 2.331 3.503 -1.95212 0 0 1.96417 3.30817 0.587428 0.222367 -0.599599 -0.523599 1.067 2.583 0 0 0 0 
 2.29 3.506 -2.08886 0 0 1.89667 3.31167 0.538628 0.250841 -0.535012 -0.523599 0.973 2.587 0 0 0 0 
 2.245 3.474 -2.20525 0 0 1.81216 3.30617 0.408436 0.269575 -0.532119 -0.523599 0.849 2.608 0 0 0 0 
 2.195 3.457 -2.31646 0 0 1.75266 3.30417 0.359958 0.281098 -0.468494 -0.523599 0.78 2.621 0 0 0 0 
 2.169 3.448 -2.36986 0 0 1.71517 3.29817 0.342696 0.291713 -0.438372 -0.523599 0.731 2.618 0 0 0 0 
 2.102 3.401 -2.49566 0 0 1.60717 3.28367 0.241666 0.315108 -0.417683 -0.487522 0.582 2.636 0 0 0 0 
 2.091 3.403 -2.524 0 0 1.56917 3.27867 0.242879 0.335755 -0.401997 -0.446639 0.517 2.624 0 0 0 0 
 2.071 3.396 -2.54351 0 0 1.54967 3.27367 0.239061 0.336771 -0.385106 -0.428998 0.498 2.621 0 0 0 0 
 2.042 3.372 -2.58139 0 0 1.51417 3.26067 0.214112 0.340761 -0.371136 -0.410861 0.456 2.619 0 0 0 0 
 1.976 3.351 -2.66104 0 0 1.44067 3.24367 0.203231 0.350948 -0.301096 -0.330587 0.375 2.606 0 0 0 0 
 1.936 3.349 -2.69873 0 0 1.40917 3.24616 0.197711 0.347324 -0.264005 -0.295164 0.352 2.613 0 0 0 0 
 1.906 3.321 -2.74356 0 0 1.33567 3.24067 0.141795 0.372226 -0.284191 -0.2964 0.235 2.63 0 0 0 0 
 1.845 3.277 -2.80125 0 0 1.27417 3.22166 0.0972417 0.371656 -0.267829 -0.280647 0.173 2.636 0 0 0 0 
 1.811 3.262 -2.83054 0 0 1.26667 3.20217 0.110368 0.357366 -0.215796 -0.237002 0.192 2.612 0 0 0 0 
 1.782 3.256 -2.85906 0 0 1.25717 3.19567 0.115469 0.346365 -0.176188 -0.200731 0.202 2.605 0 0 0 0 
 1.696 3.247 -2.90078 0 0 1.19667 3.19267 0.109246 0.330645 -0.134592 -0.161407 0.167 2.608 0 0 0 0 
 1.585 3.256 -2.93379 0 0 1.13367 3.19017 0.146911 0.301819 -0.0601377 -0.0795323 0.152 2.594 0 0 0 0 
 1.469 3.265 -2.95276 0 0 1.06817 3.18417 0.204446 0.27099 0.00900871 0.0132967 0.137 2.573 0 0 0 0 
 1.391 3.249 -2.95918 0 0 1.02967 3.17967 0.194276 0.243838 0.00588279 0.00965002 0.138 2.58 0 0 0 0 
 1.357 3.217 -2.9603 0 0 1.02117 3.16567 0.154059 0.225078 -0.022907 -0.0406869 0.155 2.584 0 0 0 0 
 1.356 3.207 -2.96206 0 0 1.01217 3.16367 0.126706 0.229402 -0.0425175 -0.0740007 0.138 2.59 0 0 0 0 
 1.319 3.205 -2.96645 0 0 1.01517 3.14317 0.206372 0.205438 0.018478 0.0359622 0.181 2.551 0 0 0 0 
 1.215 3.23 -2.97012 0 0 1.00367 3.14817 0.407819 0.147629 0.110083 0.289867 0.262 2.536 0 0 0 0 
 1.167 3.229 -2.96818 0 0 0.962165 3.14917 0.410766 0.143195 0.107413 0.291499 0.227 2.539 0 0 0 0 
 1.172 3.218 -2.96343 0 0 0.987165 3.14217 0.434969 0.129796 0.105342 0.313903 0.272 2.536 0 0 0 0 
 1.142 3.209 -2.95098 0 0 1.00517 3.11017 0.881135 0.102427 0.183676 0.523599 0.338 2.481 0 0 0 0 
 1.115 3.202 -2.92082 0 0 1.01467 3.06266 5.43071 0.0876273 0.297794 0.523599 0.384 2.393 0 0 0 0 
 1.108 3.204 -2.89556 0 0 1.03967 3.01717 -0.431647 0.0793478 0.43105 0.523599 0.441 2.3 0 0 0 0 
 1.124 3.194 -2.89557 0 0 1.05367 2.94167 0.478165 0.0957697 0.581432 0.523599 0.453 2.159 0 0 0 0 
 1.135 3.197 -2.89551 0 0 1.07717 2.91717 -7.88689 0.0948518 0.654314 0.523599 0.489 2.107 0 0 0 0 
 1.133 3.201 -2.89552 0 0 1.07267 2.91367 -20.0073 0.0982672 0.668246 0.523599 0.482 2.096 0 0 0 0 
 1.136 3.195 -2.8956 0 0 1.06817 2.91116 1.71383 0.101972 0.653451 0.523599 0.47 2.097 0 0 0 0 
 1.141 3.177 -2.8955 0 0 1.02217 2.95817 -3.60336 0.118014 0.461348 0.523599 0.373 2.209 0 0 0 0 
 1.148 3.18 -2.89537 0 0 1.02667 2.96117 -4.21831 0.119585 0.459083 0.523599 0.375 2.212 0 0 0 0 
 1.137 3.188 -2.8953 0 0 1.01967 2.96767 -3.15399 0.117441 0.465997 0.523599 0.372 2.217 0 0 0 0 
 1.137 3.191 -2.89526 0 0 1.02417 2.96567 -2.20229 0.115785 0.481349 0.523599 0.381 2.21 0 0 0 0 
 1.136 3.2 -2.89524 0 0 1.02217 2.97117 -2.12723 0.117211 0.488384 0.523599 0.378 2.212 0 0 0 0 
 1.132 3.198 -2.89528 0 0 1.02267 2.96717 -1.66649 0.114872 0.496964 0.523599 0.383 2.206 0 0 0 0 
 1.139 3.203 -2.89526 0 0 1.03117 2.97017 -1.49877 0.114405 0.502828 0.523599 0.393 2.207 0 0 0 0 
 1.145 3.196 -2.89535 0 0 1.04117 2.97167 -1.4945 0.109951 0.487157 0.523599 0.407 2.217 0 0 0 0 
 1.148 3.195 -2.89531 0 0 1.05517 2.98516 -1.21285 0.0998075 0.463564 0.523599 0.432 2.245 0 0 0 0 
 1.152 3.198 -2.89534 0 0 1.05067 2.99717 -2.29392 0.103085 0.435117 0.523599 0.419 2.266 0 0 0 0 
 1.152 3.189 -2.89531 0 0 1.05467 2.99966 -2.54501 0.0980475 0.411588 0.523599 0.427 2.28 0 0 0 0 
 1.156 3.186 -2.89527 0 0 1.08667 3.01967 -0.917843 0.0755226 0.38055 0.523599 0.487 2.323 0 0 0 0 
 1.143 3.186 -2.89527 0 0 1.10517 3.03867 0.936384 0.0516951 0.360624 0.523599 0.537 2.361 0 0 0 0 
 1.146 3.19 -2.89539 0 0 1.15367 3.09267 -0.133 0.0127107 0.270016 0.523599 0.631 2.465 0 0 0 0 
 1.151 3.186 -2.89541 0 0 1.19017 3.11767 5.68903 1.93038e-07 0.21946 0.523599 0.699 2.519 0 0 0 0 
 1.151 3.191 -2.89549 0 0 1.23167 3.12917 -0.963025 1.33538e-08 0.239874 0.523599 0.782 2.537 0 0 0 0 
 1.146 3.191 -2.89552 0 0 1.24767 3.12417 -0.771953 3.93737e-08 0.274418 0.523599 0.819 2.527 0 0 0 0 
 1.153 3.186 -2.89548 0 0 1.25717 3.11417 -0.824708 3.88663e-08 0.291211 0.523599 0.831 2.512 0 0 0 0 
 1.147 3.184 -2.89543 0 0 1.29967 3.08867 -0.720681 2.30925e-08 0.409753 0.523599 0.922 2.463 0 0 0 0 
 1.152 3.189 -2.89548 0 0 1.31917 3.05616 -1.01864 2.29848e-08 0.53227 0.523599 0.956 2.393 0 0 0 0 
 1.15 3.178 -2.89559 0 0 1.31867 3.03017 -1.20108 2.4171e-08 0.575112 0.523599 0.957 2.352 0 0 0 0 
 1.15 3.18 -2.89566 0 0 1.29867 3.00917 -2.22927 3.47746e-08 0.611785 0.523599 0.917 2.308 0 0 0 0 
 1.143 3.187 -2.8957 0 0 1.29367 3.00167 -2.82083 6.96592e-09 0.651386 0.523599 0.914 2.286 0 0 0 0 
 1.138 3.187 -2.89568 0 0 1.29817 2.98867 -2.89605 6.26762e-09 0.695922 0.523599 0.928 2.26 0 0 0 0 
 1.152 3.173 -2.8956 0 0 1.31267 2.97967 -2.59782 5.82934e-09 0.684063 0.523599 0.943 2.256 0 0 0 0 
 1.151 3.175 -2.89561 0 0 1.31767 2.98717 -2.10349 3.01997e-08 0.677707 0.523599 0.954 2.269 0 0 0 0 
 1.152 3.181 -2.89555 0 0 1.31917 3.00567 -1.73877 2.81151e-08 0.646241 0.523599 0.956 2.3 0 0 0 0 
 1.145 3.186 -2.89551 0 0 1.32617 3.01167 -1.43537 2.37632e-08 0.661117 0.523599 0.977 2.307 0 0 0 0 
 1.144 3.18 -2.89555 0 0 1.33617 3.02417 -1.05244 1.93819e-08 0.625569 0.523599 0.998 2.338 0 0 0 0 
 1.146 3.179 -2.89554 0 0 1.33317 3.02717 -1.05306 2.0079e-08 0.60854 0.523599 0.99 2.345 0 0 0 0 
 1.148 3.18 -2.8955 0 0 1.32817 3.04017 -0.981672 2.05414e-08 0.56715 0.523599 0.978 2.37 0 0 0 0 
 1.155 3.176 -2.89549 0 0 1.32717 3.04217 -0.98406 2.1836e-08 0.540974 0.523599 0.969 2.378 0 0 0 0 
 1.152 3.172 -2.89548 0 0 1.31717 3.04167 -1.00747 2.32511e-08 0.522981 0.523599 0.952 2.381 0 0 0 0 
 1.15 3.18 -2.89556 0 0 1.31367 3.04667 -1.06035 2.39638e-08 0.529488 0.523599 0.947 2.383 0 0 0 0 
 1.149 3.184 -2.89555 0 0 1.31267 3.05067 -1.06035 2.39643e-08 0.529491 0.523599 0.946 2.387 0 0 0 0 
 1.152 3.173 -2.89549 0 0 1.31317 3.04417 -1.0284 2.4174e-08 0.51412 0.523599 0.944 2.385 0 0 0 0 
 1.158 3.167 -2.89528 0 0 1.31667 3.03967 -1.03488 2.47276e-08 0.507098 0.523599 0.945 2.382 0 0 0 0 
 1.15 3.167 -2.89524 0 0 1.31567 3.04167 -0.943919 2.26337e-08 0.50973 0.523599 0.951 2.386 0 0 0 0 
 1.136 3.178 -2.89535 0 0 1.30867 3.04216 -1.0026 2.19125e-08 0.547146 0.523599 0.951 2.376 0 0 0 0 
 1.137 3.174 -2.89539 0 0 1.31017 3.04267 -0.947483 2.13703e-08 0.535254 0.523599 0.953 2.381 0 0 0 0 
 1.138 3.186 -2.8953 0 0 1.30867 3.05267 -0.991773 2.2162e-08 0.537865 0.523599 0.949 2.389 0 0 0 0 
 1.139 3.181 -2.89534 0 0 1.30967 3.05317 -0.929805 2.16391e-08 0.522556 0.523599 0.95 2.395 0 0 0 0 
 1.153 3.178 -2.89534 0 0 1.31317 3.05117 -1.01309 2.42456e-08 0.507445 0.523599 0.943 2.394 0 0 0 0 
 1.152 3.175 -2.89534 0 0 1.31567 3.04517 -1.01592 2.36055e-08 0.519874 0.523599 0.949 2.385 0 0 0 0 
 1.154 3.188 -2.89534 0 0 1.32717 3.04267 -1.11403 2.27285e-08 0.573825 0.523599 0.97 2.367 0 0 0 0 
 1.146 3.191 -2.89534 0 0 1.35717 3.03867 -0.879552 1.5748e-08 0.639788 0.523599 1.038 2.356 0 0 0 0 
 1.143 3.195 -2.89534 0 0 1.41067 3.03216 -0.696471 -2.88799e-09 0.741094 -0.523599 1.148 2.339 0 0 0 0 
 1.133 3.202 -2.89534 0 0 1.45467 3.02667 -0.606363 6.07005e-09 0.847009 0.523599 1.246 2.321 0 0 0 0 
 1.133 3.189 -2.89534 0 0 1.50067 3.02166 -0.489396 3.55955e-09 0.886522 0.523599 1.338 2.324 0 0 0 0 
 1.142 3.202 -2.89534 0 0 1.55017 3.01966 -0.479014 2.28651e-09 0.982619 0.523599 1.428 2.307 0 0 0 0 
 1.133 3.204 -2.89534 0 0 1.58467 3.02667 -0.414127 -6.05528e-09 1.02701 -0.523599 1.506 2.319 0 0 0 0 
 1.132 3.206 -2.89534 0 0 1.59667 3.02917 -0.400067 -6.18171e-09 1.04285 -0.523599 1.531 2.322 0 0 0 0 
 1.143 3.198 -2.89534 0 0 1.62067 3.02167 -0.386897 -6.30029e-09 1.05859 -0.523599 1.568 2.315 0 0 0 0 
 1.138 3.202 -2.89534 0 0 1.67817 3.02717 -0.335467 -6.77797e-09 1.13501 -0.523599 1.688 2.322 0 0 0 0 
 1.139 3.207 -2.89533 0 0 1.71767 3.02867 -0.318326 -1.57657e-09 1.19224 -0.523599 1.766 2.32 0 0 0 0 
 1.149 3.21 -2.89533 0 0 1.72467 3.03167 -0.320095 -1.52617e-09 1.1886 -0.523599 1.77 2.323 0 0 0 0 
 1.146 3.211 -2.89533 0 0 1.72067 3.02717 -0.331278 -1.45836e-09 1.20223 -0.523599 1.765 2.313 0 0 0 0 
 1.137 3.266 -2.89534 0 0 1.71067 3.05917 -0.377031 -6.88144e-09 1.26085 -0.523599 1.754 2.322 0 0 0 0 
 1.15 3.363 -2.89534 0 0 1.71217 3.10866 -0.486044 -7.13486e-10 1.35952 -0.523599 1.744 2.324 0 0 0 0 
 1.148 3.334 -2.89534 0 0 1.71417 3.09317 -0.45304 -9.35316e-10 1.33382 -0.523599 1.75 2.322 0 0 0 0 
 1.159 3.279 -2.89534 0 0 1.71867 3.06267 -0.40702 -6.75909e-09 1.2677 -0.523599 1.748 2.316 0 0 0 0 
 1.146 3.233 -2.89534 0 0 1.71317 3.03367 -0.366682 -6.86661e-09 1.23389 -0.523599 1.75 2.304 0 0 0 0 
 1.154 3.207 -2.89534 0 0 1.70967 3.02767 -0.334432 -1.16371e-09 1.16674 -0.523599 1.735 2.318 0 0 0 0 
 1.148 3.202 -2.89534 0 0 1.70467 3.02217 -0.334786 -1.17714e-09 1.16934 -0.523599 1.731 2.312 0 0 0 0 
 1.164 3.197 -2.89534 0 0 1.71667 3.00467 -0.362779 -6.79874e-09 1.19787 -0.523599 1.739 2.282 0 0 0 0 
 1.159 3.202 -2.89534 0 0 1.72917 2.98166 -0.4069 -6.813e-09 1.29011 -0.523599 1.769 2.231 0 0 0 0 
 1.178 3.184 -2.89534 0 0 1.72467 2.97617 -0.39963 -6.70294e-09 1.23055 -0.523599 1.741 2.238 0 0 0 0 
 1.164 3.168 -2.89534 0 0 1.72267 2.95867 -0.393287 -6.77776e-09 1.24904 -0.523599 1.751 2.219 0 0 0 0 
 1.165 3.175 -2.89534 0 0 1.73867 2.95016 -0.41331 -6.81942e-09 1.30513 -0.523599 1.782 2.195 0 0 0 0 
 1.165 3.197 -2.89534 0 0 1.76017 2.97617 -0.38907 -6.96368e-09 1.32063 -0.523599 1.825 2.225 0 0 0 0 
 1.128 3.191 -2.89534 0 0 1.69817 3.13967 -0.0902792 -2.403e-09 0.781637 -0.523599 1.738 2.558 0 0 0 0 
 1.106 3.195 -2.89534 0 0 1.75717 3.09166 -0.160038 -3.10434e-09 1.05705 -0.523599 1.878 2.458 0 0 0 0 
 1.12 3.194 -2.89534 0 0 1.77967 3.06817 -0.193104 -3.07088e-09 1.13677 -0.523599 1.909 2.412 0 0 0 0 
 1.126 3.177 -2.89534 0 0 1.74617 3.06017 -0.190654 -2.65154e-09 1.06292 -0.523599 1.836 2.413 0 0 0 0 
 1.121 3.195 -2.89534 0 0 1.75567 3.05716 -0.220658 -2.69839e-09 1.14389 -0.523599 1.86 2.389 0 0 0 0 
 1.128 3.194 -2.89534 0 0 1.75217 3.06567 -0.208558 -2.62761e-09 1.10308 -0.523599 1.846 2.407 0 0 0 0 
 1.144 3.192 -2.89534 0 0 1.75817 3.05266 -0.230843 -2.42092e-09 1.12417 -0.523599 1.842 2.383 0 0 0 0 
 1.144 3.2 -2.89534 0 0 1.76467 3.04417 -0.25649 -2.39141e-09 1.17976 -0.523599 1.855 2.358 0 0 0 0 
 1.143 3.2 -2.89534 0 0 1.76667 3.03767 -0.266334 -2.38507e-09 1.20157 -0.523599 1.86 2.345 0 0 0 0 
 1.139 3.195 -2.89534 0 0 1.76717 3.03416 -0.261785 -2.45667e-09 1.20258 -0.523599 1.865 2.343 0 0 0 0 
 1.152 3.188 -2.89533 0 0 1.77967 3.03317 -0.251813 -2.49258e-09 1.18508 -0.523599 1.877 2.348 0 0 0 0 
 1.152 3.193 -2.89533 0 0 1.79017 3.03617 -0.25083 -2.61558e-09 1.20283 -0.523599 1.898 2.349 0 0 0 0 
 1.134 3.207 -2.89533 0 0 1.80417 3.01367 -0.296768 -2.76799e-09 1.33539 -0.523599 1.944 2.29 0 0 0 0 
 1.139 3.209 -2.89533 0 0 1.78017 3.03817 -0.272934 -2.55718e-09 1.24498 -0.523599 1.891 2.337 0 0 0 0 
 1.131 3.206 -2.89534 0 0 1.76917 3.03467 -0.275123 -2.51441e-09 1.24295 -0.523599 1.877 2.333 0 0 0 0 
 1.147 3.204 -2.89534 0 0 1.78717 3.02817 -0.281794 -2.50861e-09 1.25734 -0.523599 1.897 2.322 0 0 0 0 
 1.155 3.204 -2.89534 0 0 1.79767 3.02367 -0.288209 -2.50924e-09 1.27211 -0.523599 1.91 2.313 0 0 0 0 
 1.142 3.217 -2.89534 0 0 1.79167 3.03417 -0.289103 -2.58269e-09 1.28642 -0.523599 1.911 2.321 0 0 0 0 
 1.128 3.217 -2.89534 0 0 1.77567 3.04767 -0.26758 -2.65114e-09 1.24817 -0.523599 1.893 2.348 0 0 0 0 
 1.064 3.211 -2.89533 0 0 1.74417 3.04716 -0.245645 -3.07539e-09 1.26856 -0.523599 1.894 2.353 0 0 0 0 
 1.061 3.216 -2.89533 0 0 1.74567 3.03717 -0.267308 -3.03398e-09 1.31328 -0.523599 1.9 2.328 0 0 0 0 
 1.119 3.215 -2.89534 0 0 1.77717 3.02667 -0.294226 -2.65276e-09 1.30993 -0.523599 1.905 2.308 0 0 0 0 
 1.127 3.217 -2.89534 0 0 1.77717 3.04567 -0.2698 -2.66908e-09 1.25637 -0.523599 1.897 2.344 0 0 0 0 
 1.119 3.22 -2.89534 0 0 1.76367 3.04917 -0.27138 -2.60247e-09 1.24889 -0.523599 1.878 2.348 0 0 0 0 
 1.146 3.204 -2.89534 0 0 1.77267 3.04267 -0.263293 -2.43297e-09 1.20224 -0.523599 1.869 2.351 0 0 0 0 
 1.119 3.209 -2.89534 0 0 1.76067 3.04217 -0.266025 -2.59166e-09 1.23462 -0.523599 1.872 2.345 0 0 0 0 
 1.126 3.213 -2.89534 0 0 1.77117 3.03967 -0.275324 -2.59146e-09 1.25621 -0.523599 1.886 2.336 0 0 0 0 
 1.158 3.159 -2.66067 0 0 1.78367 3.01367 -0.236559 -5.95689e-10 1.44202 -0.523599 1.879 2.338 0 0 0 0 
 1.215 3.066 -2.00427 0 0 1.81267 2.97316 -0.156591 4.85249e-08 1.46712 0.523599 1.88 2.35 0 0 0 0 
 1.21 3.069 -2.00426 0 0 1.81117 2.97567 -0.156516 4.84311e-08 1.47265 0.523599 1.882 2.352 0 0 0 0 
 1.208 3.068 -2.00427 0 0 1.80467 2.97317 -0.160294 5.03199e-08 1.46519 0.523599 1.871 2.348 0 0 0 0 
 1.219 3.058 -2.00413 0 0 1.81067 2.96717 -0.154742 4.78613e-08 1.45766 0.523599 1.872 2.346 0 0 0 0 
 1.213 3.066 -2.00414 0 0 1.80867 2.97367 -0.156265 4.84769e-08 1.46394 0.523599 1.874 2.351 0 0 0 0 
 1.231 3.046 -2.00418 0 0 1.81467 2.96417 -0.141135 4.2485e-08 1.44568 0.523599 1.868 2.352 0 0 0 0 
 1.231 3.076 -2.00026 0 0 1.81167 2.97567 -0.174534 1.57862e-08 1.43719 0.523599 1.862 2.345 0 0 0 0 
 1.257 3.083 -1.99979 0 0 1.82467 2.98016 -0.183162 6.74447e-08 1.41533 0.523599 1.862 2.347 0 0 0 0 
 1.242 3.128 -1.99962 0 0 1.82067 2.99867 -0.227303 1.24963e-07 1.43346 0.523599 1.869 2.339 0 0 0 0 
 1.249 3.119 -1.99967 0 0 1.82367 2.98966 -0.22894 1.27957e-07 1.42692 0.523599 1.868 2.33 0 0 0 0 
 1.247 3.107 -1.99957 0 0 1.81767 2.99467 -0.199432 8.18807e-08 1.42047 0.523599 1.858 2.352 0 0 0 0 
 1.244 3.108 -1.99958 0 0 1.81267 2.99867 -0.194671 7.71654e-08 1.41709 0.523599 1.851 2.359 0 0 0 0 
 1.262 3.104 -1.93177 0 0 1.83017 3.01717 -0.154035 1.21285e-07 1.40413 0.523599 1.868 2.4 0 0 0 0 
 1.259 3.092 -1.8478 0 0 1.83166 3.01467 -0.135871 0.00319188 1.39314 0.523599 1.874 2.407 0 0 0 0 
 1.271 3.095 -1.67215 0 0 1.90467 2.96017 -0.216057 0.113069 1.41125 0.523599 2.008 2.295 0 0 0 0 
 1.252 3.095 -1.64581 0 0 1.91767 2.99917 -0.144972 0.101939 1.46096 0.523599 2.053 2.373 0 0 0 0 
 1.234 3.085 -1.64586 0 0 1.88167 3.02317 -0.0957649 0.0776588 1.45379 0.523599 1.999 2.431 0 0 0 0 
 1.237 3.073 -1.62418 0 0 1.85467 3.04967 -0.0377972 0.0576701 1.42262 0.523599 1.942 2.496 0 0 0 0 
 1.226 3.076 -1.4447 0 0 1.81917 3.07117 -0.00815127 0.109928 1.32573 0.523599 1.882 2.536 0 0 0 0 
 1.427 2.954 -1.20333 0 0 1.91017 3.02617 0.15048 0.110054 1.12512 0.523599 1.863 2.568 0 0 0 0 
 1.594 2.878 -1.01216 0 0 1.99967 3.03567 0.409487 0.0869253 1.04627 0.523599 1.875 2.663 0 0 0 0 
 1.601 2.867 -1.01184 0 0 2.00317 3.01167 0.376078 0.0915894 1.02147 0.523599 1.875 2.626 0 0 0 0 
 1.606 2.881 -1.10662 0 0 1.97966 2.93017 0.13234 0.104887 0.876935 0.523599 1.823 2.449 0 0 0 0 
 1.604 2.867 -1.27336 0 0 1.98117 2.93617 0.185465 0.0566627 0.970336 0.523599 1.828 2.475 0 0 0 0 
 1.441 2.976 -1.40645 0 0 1.90217 3.01117 0.0764007 0.0654126 1.13323 0.523599 1.833 2.516 0 0 0 0 
 1.44 2.972 -1.40642 0 0 1.90117 3.00067 0.0622383 0.0694156 1.12757 0.523599 1.832 2.499 0 0 0 0 
 1.427 2.974 -1.40647 0 0 1.89017 2.97267 -0.00288226 0.0883164 1.10493 0.523599 1.823 2.441 0 0 0 0 
 1.411 3.006 -1.40659 0 0 1.88617 2.97767 -0.0597028 0.107822 1.1022 0.523599 1.831 2.419 0 0 0 0 
 1.426 3.196 -1.40667 0 0 1.88867 3.07017 -0.278889 0.164609 0.994176 0.523599 1.821 2.414 0 0 0 0 
 1.417 3.236 -1.40669 0 0 1.88917 3.08967 -0.320243 0.179461 0.992555 0.523599 1.831 2.413 0 0 0 0 
 1.427 3.074 -1.40669 0 0 1.89817 3.00567 -0.146059 0.131337 1.05989 0.523599 1.839 2.407 0 0 0 0 
 1.441 2.984 -1.40682 0 0 1.89767 2.96917 -0.0324968 0.0949043 1.08166 0.523599 1.824 2.424 0 0 0 0 
 1.439 2.992 -1.40679 0 0 1.89117 2.98117 -0.023967 0.0913496 1.07708 0.523599 1.813 2.44 0 0 0 0 
 1.449 3 -1.40671 0 0 1.88967 2.98817 -0.0268634 0.0891742 1.05525 0.523599 1.8 2.446 0 0 0 0 
 1.473 2.988 -1.4066 0 0 1.90167 2.97717 -0.0252812 0.0856731 1.03383 0.523599 1.8 2.436 0 0 0 0 
 1.43 2.985 -1.40647 0 0 1.88317 2.97617 -0.0194984 0.0904529 1.08051 0.523599 1.806 2.437 0 0 0 0 
 1.433 2.987 -1.404 0 0 1.88517 2.97667 -0.0228605 0.0918098 1.07636 0.523599 1.807 2.436 0 0 0 0 
 1.424 2.992 -1.37975 0 0 1.87867 2.98317 -0.0194344 0.0981886 1.07181 0.523599 1.803 2.444 0 0 0 0 
 1.558 2.905 -1.02651 0 0 1.95917 2.92417 0.04781 0.148773 0.83571 0.523599 1.83 2.413 0 0 0 0 
 1.564 2.89 -1.02563 0 0 1.96717 2.91617 0.0649901 0.146363 0.848797 0.523599 1.84 2.412 0 0 0 0 
 1.589 2.855 -1.02226 0 0 1.96967 2.90867 0.141918 0.123605 0.85483 0.523599 1.82 2.432 0 0 0 0 
 1.642 2.839 -1.02574 0 0 2.00017 2.89817 0.166709 0.11029 0.829753 0.523599 1.828 2.427 0 0 0 0 
 1.619 2.835 -1.03586 0 0 1.97467 2.90317 0.194037 0.102628 0.84412 0.523599 1.8 2.441 0 0 0 0 
 1.575 2.903 -1.04145 0 0 1.96617 2.92717 0.0618557 0.138852 0.836355 0.523599 1.827 2.421 0 0 0 0 
 1.426 3.084 -1.07007 0 0 1.89267 3.01317 -0.152967 0.212965 0.830719 0.523599 1.829 2.412 0 0 0 0 
 1.327 3.244 -1.1209 0 0 1.84417 3.09067 -0.305496 0.265492 0.833963 0.523599 1.831 2.407 0 0 0 0 
 1.205 3.445 -1.21982 0 0 1.79067 3.19317 -0.458619 0.321556 0.903093 0.523599 1.846 2.411 0 0 0 0 
 1.138 3.576 -1.18685 0 0 1.75267 3.25916 -0.566549 0.375614 0.835667 0.523599 1.837 2.412 0 0 0 0 
 1.058 3.751 -0.940132 0 0 1.71017 3.34816 -0.710425 0.481236 0.492551 0.388588 1.832 2.415 0 0 0 0 
 0.974 3.936 -0.936428 0 0 1.67217 3.43867 -0.863616 0.548326 0.426532 0.301656 1.84 2.411 0 0 0 0 
 0.954 3.968 -0.942151 0 0 1.66267 3.45417 -0.886086 0.560353 0.426708 0.295671 1.841 2.41 0 0 0 0 
 0.734 4.226 -1.30421 0 0 1.54567 3.58616 -1.00582 0.592074 0.895338 0.523599 1.827 2.416 0 0 0 0 
 0.698 4.268 -1.38174 0 0 1.52967 3.60667 -1.01979 0.58589 0.998726 0.523599 1.831 2.415 0 0 0 0 
 0.264 5.054 -0.643999 0 0 1.31467 3.99666 -1.57937 0.981305 -0.231081 -0.0939162 1.835 2.409 0 0 0 0 
 0.237 5.068 -0.634308 0 0 1.31317 3.99666 -1.54214 0.9993 -0.238723 -0.0952667 1.859 2.395 0 0 0 0 
 0.243 5.045 -0.629036 0 0 1.31817 3.98067 -1.52343 0.995349 -0.242484 -0.0971399 1.863 2.386 0 0 0 0 
 0.277 4.997 -0.616325 0 0 1.33367 3.96217 -1.48884 0.972332 -0.253094 -0.103744 1.86 2.397 0 0 0 0 
 0.327 4.987 -0.485165 0 0 1.35117 3.96017 -1.56637 0.933185 -0.47629 -0.201389 1.845 2.403 0 0 0 0 
 0.346 4.986 -0.308036 0 0 1.37067 3.95017 -1.5954 0.893348 -0.752922 -0.325158 1.865 2.384 0 0 0 0 
 0.354 4.994 -0.308984 0 0 1.38217 3.94267 -1.63742 0.900228 -0.761321 -0.326195 1.88 2.361 0 0 0 0 
 0.356 5.006 -0.308982 0 0 1.38267 3.94817 -1.6666 0.901276 -0.767335 -0.328236 1.879 2.36 0 0 0 0 
 0.361 5.003 -0.308844 0 0 1.37767 3.96266 -1.64018 0.890271 -0.760536 -0.329271 1.864 2.392 0 0 0 0 
 0.362 4.976 -0.308725 0 0 1.36967 3.95166 -1.61558 0.880299 -0.754044 -0.330095 1.847 2.397 0 0 0 0 
 0.359 4.986 -0.30868 0 0 1.36867 3.95917 -1.61725 0.882183 -0.754768 -0.329734 1.848 2.402 0 0 0 0 
 0.355 4.987 -0.308631 0 0 1.36417 3.96316 -1.60836 0.880996 -0.752787 -0.329341 1.843 2.409 0 0 0 0 
 0.347 4.998 -0.308644 0 0 1.37267 3.95567 -1.61453 0.896023 -0.75646 -0.325673 1.868 2.383 0 0 0 0 
 0.366 4.983 -0.308603 0 0 1.38417 3.94666 -1.62029 0.889891 -0.75676 -0.32788 1.872 2.38 0 0 0 0 
 0.364 4.997 -0.308519 0 0 1.37817 3.95767 -1.64586 0.888427 -0.761891 -0.330451 1.862 2.388 0 0 0 0 
 0.358 5.007 -0.308476 0 0 1.37367 3.96067 -1.66599 0.891348 -0.766435 -0.33127 1.859 2.384 0 0 0 0 
 0.358 5.004 -0.308413 0 0 1.37417 3.95917 -1.65852 0.891176 -0.765028 -0.330764 1.86 2.384 0 0 0 0 
 0.36 4.991 -0.308324 0 0 1.37267 3.95567 -1.63688 0.886319 -0.76003 -0.33043 1.855 2.39 0 0 0 0 
 0.36 4.99 -0.308292 0 0 1.37367 3.95666 -1.62596 0.886302 -0.757836 -0.32955 1.857 2.393 0 0 0 0 
 0.364 4.994 -0.308257 0 0 1.37017 3.96117 -1.65214 0.881791 -0.762477 -0.332997 1.846 2.398 0 0 0 0 
 0.36 4.988 -0.308277 0 0 1.36667 3.96067 -1.63008 0.880467 -0.75776 -0.331546 1.843 2.403 0 0 0 0 
 0.369 4.965 -0.308312 0 0 1.36917 3.94817 -1.61603 0.873615 -0.753662 -0.332283 1.839 2.401 0 0 0 0 
 0.362 4.97 -0.308243 0 0 1.37267 3.94866 -1.59418 0.881018 -0.750372 -0.328352 1.853 2.397 0 0 0 0 
 0.368 4.966 -0.308178 0 0 1.37567 3.94767 -1.59429 0.878374 -0.750063 -0.329144 1.853 2.399 0 0 0 0 
 0.365 4.98 -0.308148 0 0 1.37317 3.95367 -1.62094 0.881006 -0.756158 -0.330708 1.851 2.397 0 0 0 0 
 0.367 4.981 -0.308112 0 0 1.37567 3.95366 -1.6227 0.881579 -0.756673 -0.330717 1.854 2.396 0 0 0 0 
 0.355 4.989 -0.308234 0 0 1.36617 3.96266 -1.61003 0.882774 -0.754037 -0.329232 1.847 2.406 0 0 0 0 
 0.351 4.992 -0.308262 0 0 1.36317 3.96667 -1.6029 0.88307 -0.752537 -0.328521 1.845 2.411 0 0 0 0 
 0.359 4.999 -0.308318 0 0 1.37017 3.96967 -1.62074 0.883681 -0.756293 -0.329833 1.851 2.41 0 0 0 0 
 0.36 4.993 -0.308304 0 0 1.37517 3.96617 -1.59751 0.885266 -0.75168 -0.327416 1.86 2.409 0 0 0 0 
 0.366 5.014 -0.308298 0 0 1.37567 3.98067 -1.64077 0.883981 -0.760483 -0.331424 1.855 2.417 0 0 0 0 
 0.357 5.012 -0.308318 0 0 1.37117 3.98167 -1.61342 0.885718 -0.755095 -0.328643 1.855 2.421 0 0 0 0 
 0.363 5.009 -0.308228 0 0 1.37367 3.97566 -1.63704 0.884541 -0.759923 -0.331003 1.854 2.412 0 0 0 0 
 0.364 5 -0.308331 0 0 1.37017 3.97267 -1.63193 0.880193 -0.758012 -0.331744 1.846 2.415 0 0 0 0 
 0.37 4.993 -0.3083 0 0 1.37667 3.97017 -1.61385 0.879151 -0.754144 -0.330536 1.853 2.417 0 0 0 0 
 0.373 4.988 -0.308316 0 0 1.38067 3.96216 -1.62097 0.880618 -0.755845 -0.330716 1.858 2.406 0 0 0 0 
 0.373 4.982 -0.308318 0 0 1.38817 3.95216 -1.60805 0.886151 -0.754038 -0.328066 1.873 2.392 0 0 0 0 
 0.359 4.974 -0.308319 0 0 1.38167 3.94067 -1.59374 0.891537 -0.751848 -0.32534 1.874 2.377 0 0 0 0 
 0.361 4.984 -0.308328 0 0 1.38617 3.94367 -1.6093 0.895049 -0.755694 -0.325695 1.881 2.373 0 0 0 0 
 0.367 4.977 -0.308352 0 0 1.38167 3.94117 -1.63129 0.887636 -0.759057 -0.329582 1.866 2.375 0 0 0 0 
 0.369 4.997 -0.308322 0 0 1.38217 3.95167 -1.67187 0.889556 -0.76754 -0.332333 1.865 2.376 0 0 0 0 
 0.367 4.989 -0.308368 0 0 1.38567 3.94916 -1.63099 0.89114 -0.759529 -0.328567 1.874 2.379 0 0 0 0 
 0.36 5.001 -0.308414 0 0 1.37767 3.95617 -1.65285 0.892046 -0.764034 -0.330066 1.865 2.381 0 0 0 0 
 0.372 4.995 -0.308362 0 0 1.38367 3.95366 -1.66271 0.887519 -0.765349 -0.332159 1.865 2.382 0 0 0 0 
 0.363 4.965 -0.3083 0 0 1.38117 3.93917 -1.58352 0.886715 -0.748905 -0.325795 1.869 2.383 0 0 0 0 
 0.368 4.96 -0.308244 0 0 1.39017 3.93617 -1.56302 0.888438 -0.744758 -0.32353 1.882 2.382 0 0 0 0 
 0.357 4.953 -0.308315 0 0 1.38717 3.93717 -1.51076 0.890776 -0.732999 -0.317982 1.887 2.391 0 0 0 0 
 0.356 4.987 -0.308327 0 0 1.38567 3.95367 -1.56968 0.895608 -0.747233 -0.322109 1.885 2.39 0 0 0 0 
 0.36 5.003 -0.30828 0 0 1.39017 3.95566 -1.61603 0.899996 -0.757947 -0.324928 1.89 2.378 0 0 0 0 
 0.371 4.998 -0.308331 0 0 1.39067 3.95417 -1.64173 0.892887 -0.762054 -0.328983 1.88 2.38 0 0 0 0 
 0.362 5.02 -0.308432 0 0 1.38867 3.96217 -1.6666 0.901105 -0.768152 -0.328619 1.885 2.374 0 0 0 0 
 0.367 5.023 -0.308303 0 0 1.39517 3.96466 -1.66277 0.902082 -0.767744 -0.328126 1.893 2.376 0 0 0 0 
 0.36 5.036 -0.308258 0 0 1.38017 3.97716 -1.69547 0.897579 -0.773465 -0.331936 1.87 2.388 0 0 0 0 
 0.372 5.001 -0.308144 0 0 1.38817 3.95917 -1.64751 0.89021 -0.763082 -0.330315 1.874 2.387 0 0 0 0 
 0.375 5.021 -0.308103 0 0 1.38417 3.96866 -1.71451 0.889238 -0.775963 -0.335825 1.863 2.386 0 0 0 0 
 0.371 5.005 -0.308169 0 0 1.38567 3.96317 -1.65315 0.889347 -0.764039 -0.330998 1.87 2.391 0 0 0 0 
 0.371 5.007 -0.308168 0 0 1.38767 3.96316 -1.65295 0.891097 -0.764279 -0.330491 1.874 2.389 0 0 0 0 
 0.371 4.999 -0.308169 0 0 1.39017 3.95667 -1.63816 0.892106 -0.761452 -0.329009 1.879 2.384 0 0 0 0 
 0.364 4.993 -0.30817 0 0 1.38467 3.95467 -1.61836 0.8918 -0.757326 -0.327455 1.875 2.386 0 0 0 0 
 0.375 4.981 -0.30817 0 0 1.39417 3.94817 -1.60434 0.889312 -0.753984 -0.32696 1.883 2.385 0 0 0 0 
 0.372 4.971 -0.308169 0 0 1.39767 3.94117 -1.57142 0.892209 -0.747329 -0.323292 1.893 2.381 0 0 0 0 
 0.365 4.975 -0.308169 0 0 1.37617 3.95166 -1.59943 0.881873 -0.751747 -0.328614 1.857 2.398 0 0 0 0 
 0.366 4.971 -0.308171 0 0 1.37267 3.95217 -1.59962 0.877937 -0.751139 -0.329735 1.849 2.403 0 0 0 0 
 0.369 4.974 -0.308172 0 0 1.37667 3.95267 -1.60488 0.879253 -0.752472 -0.32982 1.854 2.401 0 0 0 0 
 0.372 4.952 -0.308174 0 0 1.38417 3.93867 -1.56137 0.879524 -0.743067 -0.325891 1.866 2.395 0 0 0 0 
 0.372 4.953 -0.308173 0 0 1.37667 3.94317 -1.57518 0.874135 -0.745231 -0.328647 1.851 2.403 0 0 0 0 
 0.368 4.964 -0.308174 0 0 1.37917 3.94467 -1.58544 0.880701 -0.748544 -0.327718 1.86 2.395 0 0 0 0 
 0.361 4.962 -0.308173 0 0 1.37967 3.94817 -1.54128 0.883453 -0.739169 -0.322955 1.868 2.404 0 0 0 0 
 0.365 4.962 -0.308173 0 0 1.38267 3.94666 -1.54959 0.88331 -0.741035 -0.323764 1.87 2.401 0 0 0 0 
 0.369 4.968 -0.308173 0 0 1.38217 3.94767 -1.58192 0.882157 -0.74802 -0.327001 1.865 2.397 0 0 0 0 
 0.367 4.967 -0.30817 0 0 1.36867 3.95166 -1.60517 0.874003 -0.751667 -0.331329 1.84 2.406 0 0 0 0 
 0.372 4.972 -0.308171 0 0 1.38167 3.94167 -1.62986 0.88306 -0.7583 -0.330861 1.861 2.381 0 0 0 0 
 0.364 4.974 -0.308171 0 0 1.38817 3.93817 -1.59715 0.893098 -0.75305 -0.325294 1.882 2.372 0 0 0 0 
 0.366 4.973 -0.308172 0 0 1.38267 3.94117 -1.60974 0.887566 -0.754845 -0.327905 1.869 2.379 0 0 0 0 
 0.359 4.977 -0.308171 0 0 1.37667 3.95017 -1.58872 0.886679 -0.750222 -0.326341 1.864 2.393 0 0 0 0 
 0.354 4.982 -0.308171 0 0 1.37667 3.95467 -1.57316 0.889733 -0.747319 -0.324126 1.869 2.397 0 0 0 0 
 0.358 4.983 -0.308172 0 0 1.37667 3.95866 -1.57664 0.886528 -0.747572 -0.325319 1.865 2.404 0 0 0 0 
 0.362 4.988 -0.308171 0 0 1.37317 3.95866 -1.62074 0.883637 -0.756512 -0.329936 1.854 2.399 0 0 0 0 
 0.365 4.986 -0.308171 0 0 1.37767 3.95817 -1.60995 0.884067 -0.754327 -0.328902 1.86 2.4 0 0 0 0 
 0.363 4.981 -0.308172 0 0 1.37517 3.95366 -1.60998 0.88363 -0.754261 -0.329026 1.857 2.396 0 0 0 0 
 0.362 4.989 -0.308173 0 0 1.38067 3.95266 -1.61848 0.890051 -0.757069 -0.32795 1.869 2.386 0 0 0 0 
 0.359 4.99 -0.308174 0 0 1.37917 3.95616 -1.60429 0.890188 -0.754107 -0.32671 1.869 2.392 0 0 0 0 
 0.363 4.987 -0.308173 0 0 1.38817 3.95367 -1.58505 0.892946 -0.750419 -0.324287 1.883 2.39 0 0 0 0 
 0.366 4.976 -0.308174 0 0 1.38217 3.94666 -1.60272 0.886542 -0.753194 -0.32759 1.868 2.387 0 0 0 0 
 0.359 4.993 -0.308174 0 0 1.38367 3.95067 -1.61812 0.8953 -0.757818 -0.326462 1.878 2.378 0 0 0 0 
 0.368 4.994 -0.308175 0 0 1.37467 3.95816 -1.66139 0.88294 -0.764631 -0.333466 1.851 2.392 0 0 0 0 
 0.361 4.997 -0.308175 0 0 1.38117 3.95367 -1.63808 0.892982 -0.761565 -0.328754 1.871 2.38 0 0 0 0 
 0.369 4.994 -0.308176 0 0 1.38617 3.94967 -1.6529 0.891536 -0.764328 -0.330359 1.873 2.375 0 0 0 0 
 0.374 4.978 -0.308175 0 0 1.39617 3.94117 -1.6077 0.892232 -0.755149 -0.326433 1.888 2.374 0 0 0 0 
 0.371 4.986 -0.308174 0 0 1.39467 3.94917 -1.60238 0.893102 -0.754163 -0.32574 1.888 2.382 0 0 0 0 
 0.368 4.996 -0.308172 0 0 1.39067 3.95616 -1.61647 0.893403 -0.75718 -0.326851 1.883 2.386 0 0 0 0 
 0.359 5.002 -0.30817 0 0 1.38467 3.96016 -1.61278 0.895732 -0.756775 -0.325897 1.88 2.388 0 0 0 0 
 0.366 5.016 -0.308171 0 0 1.37867 3.97316 -1.66446 0.888482 -0.766144 -0.332144 1.861 2.4 0 0 0 0 
 0.361 5.026 -0.308171 0 0 1.37267 3.97917 -1.68336 0.889083 -0.769929 -0.333458 1.854 2.402 0 0 0 0 
 0.359 4.997 -0.308171 0 0 1.37417 3.95967 -1.63486 0.888313 -0.760174 -0.329799 1.859 2.392 0 0 0 0 
 0.362 4.986 -0.308173 0 0 1.37767 3.95067 -1.62582 0.888015 -0.758267 -0.329132 1.863 2.385 0 0 0 0 
 0.363 4.997 -0.308173 0 0 1.38117 3.95467 -1.64186 0.891527 -0.762107 -0.329471 1.869 2.382 0 0 0 0 
 0.369 4.997 -0.308174 0 0 1.38567 3.95267 -1.65479 0.891246 -0.764661 -0.330593 1.872 2.378 0 0 0 0 
 0.371 4.993 -0.308175 0 0 1.38817 3.95017 -1.64741 0.891094 -0.763157 -0.330041 1.875 2.377 0 0 0 0 
 0.368 4.991 -0.308174 0 0 1.38867 3.94717 -1.63803 0.893419 -0.761628 -0.32863 1.879 2.373 0 0 0 0 
 0.366 4.983 -0.308174 0 0 1.38667 3.94766 -1.60777 0.890919 -0.754959 -0.326804 1.877 2.382 0 0 0 0 
 0.368 5.054 -0.308174 0 0 1.39167 3.97716 -1.75118 0.904905 -0.785016 -0.334004 1.885 2.37 0 0 0 0 
 0.364 5.059 -0.308175 0 0 1.37967 3.98217 -1.78537 0.90028 -0.790298 -0.337685 1.865 2.375 0 0 0 0 
 0.37 5.065 -0.308175 0 0 1.38267 3.98617 -1.80699 0.89914 -0.793796 -0.339466 1.865 2.377 0 0 0 0 
 0.366 5.024 -0.308175 0 0 1.37467 3.97517 -1.70293 0.887936 -0.773473 -0.335281 1.853 2.396 0 0 0 0 
 0.364 5.017 -0.308174 0 0 1.37017 3.98267 -1.65771 0.882207 -0.763784 -0.33338 1.846 2.418 0 0 0 0 
 0.368 4.986 -0.308175 0 0 1.37667 3.95967 -1.61911 0.881304 -0.755786 -0.330453 1.855 2.403 0 0 0 0 
 0.369 4.992 -0.308177 0 0 1.38417 3.96017 -1.61514 0.886697 -0.75583 -0.328602 1.869 2.398 0 0 0 0 
 0.37 5.002 -0.308177 0 0 1.37817 3.96666 -1.65379 0.883663 -0.763237 -0.332649 1.856 2.401 0 0 0 0 
 0.37 4.979 -0.308175 0 0 1.37567 3.94817 -1.64664 0.880886 -0.761352 -0.332857 1.851 2.387 0 0 0 0 
 0.369 4.977 -0.308174 0 0 1.37867 3.94767 -1.62624 0.882767 -0.757503 -0.33064 1.858 2.388 0 0 0 0 
 0.363 4.979 -0.308175 0 0 1.38067 3.96167 -1.5563 0.883896 -0.742636 -0.324215 1.868 2.414 0 0 0 0 
 0.369 4.998 -0.308176 0 0 1.38217 3.98167 -1.56818 0.880985 -0.744811 -0.326099 1.865 2.435 0 0 0 0 
 0.37 5.002 -0.308175 0 0 1.40467 3.99466 -1.47048 0.890882 -0.723417 -0.314059 1.909 2.457 0 0 0 0 
 0.355 5.015 -0.308175 0 0 1.37167 4.03416 -1.44292 0.872674 -0.713523 -0.316086 1.858 2.523 0 0 0 0 
 0.354 5.016 -0.308174 0 0 1.39167 4.02366 -1.41721 0.88828 -0.709247 -0.30914 1.899 2.501 0 0 0 0 
 0.364 4.997 -0.308174 0 0 1.41017 4.00917 -1.38151 0.89195 -0.700033 -0.304191 1.926 2.491 0 0 0 0 
 0.377 5.011 -0.308177 0 0 1.41517 4.01117 -1.43776 0.890747 -0.715045 -0.3107 1.923 2.481 0 0 0 0 
 0.363 5.021 -0.308174 0 0 1.41317 4.01416 -1.42453 0.899786 -0.712942 -0.306924 1.933 2.477 0 0 0 0 
 0.369 5.012 -0.308172 0 0 1.42617 4.01117 -1.38872 0.902141 -0.703569 -0.302389 1.953 2.48 0 0 0 0 
 0.359 5.011 -0.308172 0 0 1.43517 3.99267 -1.3874 0.91831 -0.705517 -0.298151 1.981 2.444 0 0 0 0 
 0.352 5.017 -0.308172 0 0 1.42717 3.98667 -1.42321 0.9212 -0.715684 -0.3013 1.972 2.426 0 0 0 0 
 0.364 5.028 -0.308171 0 0 1.41917 3.98267 -1.52595 0.913908 -0.740281 -0.313333 1.944 2.407 0 0 0 0 
 0.359 5.016 -0.308171 0 0 1.41417 3.96816 -1.53386 0.914639 -0.742227 -0.313869 1.939 2.39 0 0 0 0 
 0.365 5.015 -0.308174 0 0 1.40967 3.96966 -1.55961 0.907801 -0.747078 -0.318009 1.924 2.394 0 0 0 0 
 0.363 5.006 -0.308176 0 0 1.40067 3.96667 -1.56293 0.901973 -0.746944 -0.319873 1.908 2.397 0 0 0 0 
 0.451 4.971 -0.315705 0 0 1.45167 3.91917 -1.74791 0.886525 -0.769988 -0.334373 1.922 2.337 0 0 0 0 
 0.587 4.908 -0.327164 0 0 1.55017 3.80167 -2.2264 0.885297 -0.819733 -0.354711 1.983 2.165 0 0 0 0 
 0.751 4.864 -0.395786 0 0 1.63567 3.58866 -7.69716 0.92214 -0.888235 -0.367764 1.99 1.783 0 0 0 0 
 0.778 4.867 -0.401446 0 0 1.47767 3.69117 9.07316 0.789235 -0.958714 -0.4523 1.647 1.985 0 0 0 0 
 0.826 4.861 -0.414388 0 0 1.47817 3.73667 6.47595 0.749855 -0.945772 -0.467248 1.6 2.082 0 0 0 0 
 0.889 4.829 -0.457953 0 0 1.52867 3.78367 15.753 0.727755 -0.839563 -0.432338 1.638 2.208 0 0 0 0 
 1.062 4.689 -0.740021 0 0 1.64067 3.78517 -112.799 0.695118 -0.382591 -0.216702 1.689 2.351 0 0 0 0 
 1.154 4.629 -0.852023 0 0 1.69867 3.79367 -26.9208 0.656487 -0.202116 -0.122533 1.713 2.428 0 0 0 0 
 1.182 4.599 -0.861606 0 0 1.72667 3.79566 -10.3976 0.64045 -0.161063 -0.100257 1.741 2.462 0 0 0 0 
 1.253 4.495 -0.880799 0 0 1.76817 3.75816 -7.07017 0.594555 -0.110186 -0.0739946 1.753 2.491 0 0 0 0 
 1.289 4.427 -0.896281 0 0 1.79317 3.72417 -5.59903 0.572713 -0.0710037 -0.0495505 1.767 2.491 0 0 0 0 
 1.363 4.32 -0.913846 0 0 1.83717 3.66517 -5.20617 0.535649 -0.0399064 -0.0297916 1.781 2.48 0 0 0 0 
 1.439 4.205 -0.925186 0 0 1.90367 3.58316 -4.2223 0.514469 -0.00501846 -0.00390183 1.838 2.431 0 0 0 0 
 1.48 4.164 -0.930027 0 0 1.92467 3.58316 -3.69118 0.484776 0.0158915 0.0131117 1.839 2.472 0 0 0 0 
 1.543 4.07 -0.929458 0 0 1.99467 3.50917 -2.92818 0.477014 0.0458041 0.0383902 1.916 2.418 0 0 0 0 
 1.619 3.99 -0.929732 0 0 2.05967 3.46017 -2.59018 0.456268 0.0644161 0.0564122 1.97 2.4 0 0 0 0 
 1.666 3.887 -0.926321 0 0 2.14067 3.39567 -1.68473 0.450267 0.150306 0.132741 2.085 2.374 0 0 0 0 
 1.699 3.836 -0.923224 0 0 2.19967 3.35067 -1.45726 0.458219 0.188263 0.162887 2.17 2.335 0 0 0 0 
 1.689 3.84 -0.922865 0 0 2.20467 3.34917 -1.40386 0.467381 0.201076 0.170418 2.19 2.328 0 0 0 0 
 1.706 3.829 -0.923173 0 0 2.26767 3.31867 -1.28269 0.496822 0.237355 0.188822 2.299 2.278 0 0 0 0 
 1.705 3.834 -0.923094 0 0 2.27017 3.34417 -1.17745 0.48799 0.265178 0.214034 2.305 2.324 0 0 0 0 
 1.702 3.836 -0.923083 0 0 2.28017 3.35567 -1.09517 0.48884 0.292156 0.234657 2.328 2.345 0 0 0 0 
 1.686 3.836 -0.923265 0 0 2.30967 3.37017 -0.925881 0.501502 0.363319 0.282059 2.403 2.374 0 0 0 0 
 1.682 3.847 -0.923256 0 0 2.33717 3.37266 -0.884157 0.519595 0.38898 0.290951 2.462 2.368 0 0 0 0 
 1.674 3.854 -0.923252 0 0 2.35867 3.37067 -0.8525 0.537095 0.410766 0.296876 2.513 2.357 0 0 0 0 
 1.668 3.854 -0.923253 0 0 2.39167 3.37017 -0.789961 0.554773 0.451163 0.314499 2.585 2.356 0 0 0 0 
 1.662 3.866 -0.923218 0 0 2.40116 3.38367 -0.76422 0.561025 0.468591 0.322437 2.61 2.371 0 0 0 0 
 1.66 3.868 -0.923222 0 0 2.41767 3.38517 -0.740305 0.569616 0.486435 0.329161 2.645 2.372 0 0 0 0 
 1.662 3.868 -0.923239 0 0 2.42817 3.38767 -0.724429 0.572264 0.497629 0.334742 2.664 2.377 0 0 0 0 
 1.661 3.864 -0.923159 0 0 2.45666 3.38417 -0.688641 0.585445 0.526269 0.345174 2.722 2.374 0 0 0 0 
 1.662 3.871 -0.923175 0 0 2.46866 3.40317 -0.655114 0.58478 0.55014 0.359915 2.745 2.405 0 0 0 0 
 1.658 3.871 -0.923158 0 0 2.46967 3.42567 -0.611275 0.57648 0.580447 0.382877 2.751 2.45 0 0 0 0 
 1.66 3.872 -0.92308 0 0 2.48716 3.43516 -0.583382 0.579667 0.604029 0.394914 2.784 2.468 0 0 0 0 
 1.66 3.882 -0.923161 0 0 2.52016 3.42017 -0.595243 0.606578 0.604462 0.379303 2.85 2.428 0 0 0 0 
 1.656 3.878 -0.923187 0 0 2.53167 3.40667 -0.597066 0.618171 0.607056 0.374291 2.877 2.405 0 0 0 0 
 1.653 3.881 -0.923204 0 0 2.56817 3.39667 -0.584886 0.642506 0.625324 0.371251 2.953 2.382 0 0 0 0 
 1.652 3.879 -0.923208 0 0 2.59967 3.38067 -0.580363 0.664076 0.635924 0.365803 3.017 2.352 0 0 0 0 
 1.67 3.872 -0.923132 0 0 2.63817 3.35117 -0.596661 0.684032 0.627758 0.35182 3.076 2.3 0 0 0 0 
 1.663 3.867 -0.92305 0 0 2.64267 3.34567 -0.588817 0.689615 0.635852 0.353338 3.092 2.294 0 0 0 0 
 1.66 3.859 -0.923003 0 0 2.64717 3.33767 -0.583385 0.693108 0.641416 0.354528 3.104 2.286 0 0 0 0 
 1.658 3.869 -0.923082 0 0 2.66817 3.33717 -0.581203 0.708631 0.647609 0.350465 3.148 2.275 0 0 0 0 
 1.661 3.866 -0.923098 0 0 2.67517 3.34366 -0.565994 0.70611 0.660339 0.357957 3.159 2.291 0 0 0 0 
 1.662 3.863 -0.923074 0 0 2.65967 3.36417 -0.546306 0.687617 0.672839 0.373073 3.127 2.335 0 0 0 0 
 1.666 3.864 -0.923029 0 0 2.63667 3.39067 -0.53036 0.663315 0.679997 0.389148 3.077 2.387 0 0 0 0 
 1.658 3.873 -0.92305 0 0 2.62167 3.40616 -0.526263 0.657057 0.681804 0.393426 3.055 2.409 0 0 0 0 
 1.66 3.879 -0.922991 0 0 2.61066 3.42617 -0.515961 0.644575 0.687155 0.403076 3.031 2.443 0 0 0 0 
 1.66 3.875 -0.922997 0 0 2.60017 3.43667 -0.503235 0.633023 0.695132 0.413875 3.01 2.468 0 0 0 0 
 1.651 3.871 -0.92301 0 0 2.59767 3.43817 -0.491992 0.633562 0.706141 0.419375 3.014 2.475 0 0 0 0 
 1.648 3.869 -0.923037 0 0 2.59667 3.43917 -0.486877 0.63313 0.710993 0.422182 3.015 2.479 0 0 0 0 
 1.65 3.87 -0.922995 0 0 2.60566 3.42817 -0.498357 0.641894 0.702958 0.412874 3.031 2.456 0 0 0 0 
 1.663 3.87 -0.923085 0 0 2.61567 3.41916 -0.512043 0.644576 0.69098 0.405082 3.038 2.438 0 0 0 0 
 1.667 3.859 -0.923142 0 0 2.62667 3.39867 -0.520208 0.652188 0.685974 0.398241 3.056 2.408 0 0 0 0 
 1.663 3.878 -0.923135 0 0 2.64867 3.37817 -0.555563 0.682464 0.663059 0.370663 3.104 2.348 0 0 0 0 
 1.645 3.886 -0.923065 0 0 2.65067 3.36417 -0.571096 0.701929 0.654641 0.357062 3.126 2.312 0 0 0 0 
 1.659 3.87 -0.923074 0 0 2.66167 3.35166 -0.568529 0.698917 0.656098 0.359204 3.134 2.303 0 0 0 0 
 1.665 3.872 -0.922957 0 0 2.65817 3.36017 -0.566413 0.691524 0.655736 0.362534 3.121 2.318 0 0 0 0 
 1.667 3.865 -0.922923 0 0 2.64317 3.37517 -0.548636 0.673481 0.666301 0.376825 3.089 2.355 0 0 0 0 
 1.664 3.877 -0.922897 0 0 2.63017 3.38667 -0.55609 0.669053 0.658223 0.374912 3.066 2.366 0 0 0 0 
 1.67 3.876 -0.922898 0 0 2.63917 3.38867 -0.549996 0.669071 0.66369 0.37773 3.078 2.371 0 0 0 0 
 1.662 3.879 -0.922816 0 0 2.63867 3.39566 -0.539677 0.670753 0.67345 0.381892 3.085 2.382 0 0 0 0 
 1.663 3.88 -0.922839 0 0 2.64016 3.39567 -0.540672 0.67144 0.672787 0.381198 3.087 2.381 0 0 0 0 
 1.668 3.883 -0.922825 0 0 2.64416 3.39266 -0.549302 0.673733 0.66563 0.376353 3.09 2.372 0 0 0 0 
 1.659 3.879 -0.92284 0 0 2.63767 3.39616 -0.537713 0.671453 0.6755 0.382583 3.086 2.383 0 0 0 0 
 1.667 3.874 -0.922875 0 0 2.63517 3.39317 -0.541955 0.665622 0.669864 0.382702 3.073 2.382 0 0 0 0 
 1.662 3.873 -0.923002 0 0 2.62417 3.39717 -0.539242 0.660495 0.670901 0.385927 3.056 2.391 0 0 0 0 
 1.663 3.869 -0.923036 0 0 2.63117 3.38416 -0.547312 0.667425 0.665805 0.37967 3.069 2.369 0 0 0 0 
 1.653 3.884 -0.923045 0 0 2.62567 3.39117 -0.555015 0.673202 0.660661 0.374066 3.068 2.368 0 0 0 0 
 1.654 3.883 -0.92307 0 0 2.61417 3.39067 -0.562989 0.667143 0.651775 0.372538 3.044 2.368 0 0 0 0 
 1.652 3.881 -0.923059 0 0 2.59417 3.40367 -0.554951 0.651844 0.654071 0.381684 3.006 2.396 0 0 0 0 
 1.66 3.887 -0.923033 0 0 2.59416 3.40767 -0.563457 0.649049 0.64563 0.378688 2.998 2.398 0 0 0 0 
 1.647 3.87 -0.923193 0 0 2.56267 3.40266 -0.559855 0.634863 0.644325 0.385635 2.948 2.405 0 0 0 0 
 1.649 3.883 -0.923164 0 0 2.55617 3.39367 -0.598629 0.641133 0.613331 0.365464 2.933 2.374 0 0 0 0 
 1.647 3.875 -0.923198 0 0 2.52767 3.41417 -0.576926 0.615595 0.622967 0.384629 2.878 2.423 0 0 0 0 
 1.65 3.876 -0.923221 0 0 2.51267 3.41517 -0.591572 0.607256 0.607807 0.380819 2.845 2.424 0 0 0 0 
 1.653 3.881 -0.923193 0 0 2.48317 3.41867 -0.622666 0.592971 0.577711 0.371601 2.783 2.426 0 0 0 0 
 1.668 3.879 -0.923158 0 0 2.49767 3.38217 -0.682432 0.609023 0.53848 0.339939 2.797 2.355 0 0 0 0 
 1.651 3.885 -0.923159 0 0 2.53917 3.35717 -0.675799 0.650434 0.555839 0.329375 2.897 2.299 0 0 0 0 
 1.653 3.886 -0.923161 0 0 2.58817 3.35966 -0.630893 0.671329 0.596174 0.341318 2.993 2.303 0 0 0 0 
 1.653 3.887 -0.923161 0 0 2.58667 3.36717 -0.622457 0.667601 0.601875 0.346104 2.99 2.317 0 0 0 0 
 1.669 3.879 -0.92316 0 0 2.61567 3.34316 -0.635373 0.681072 0.5953 0.336341 3.032 2.277 0 0 0 0 
 1.667 3.878 -0.923161 0 0 2.61067 3.35317 -0.621622 0.674551 0.604521 0.344203 3.024 2.298 0 0 0 0 
 1.665 3.874 -0.92316 0 0 2.61616 3.36617 -0.591179 0.670114 0.628437 0.358878 3.037 2.328 0 0 0 0 
 1.66 3.884 -0.923161 0 0 2.60967 3.36917 -0.602319 0.672669 0.619831 0.353131 3.029 2.324 0 0 0 0 
 1.662 3.885 -0.923163 0 0 2.61417 3.36517 -0.607547 0.676151 0.61649 0.349715 3.036 2.315 0 0 0 0 
 1.65 3.867 -0.923162 0 0 2.60917 3.35117 -0.596437 0.677534 0.626153 0.354086 3.038 2.305 0 0 0 0 
 1.655 3.866 -0.923165 0 0 2.61167 3.35217 -0.595509 0.675446 0.626339 0.355188 3.038 2.308 0 0 0 0 
 1.649 3.892 -0.923162 0 0 2.60417 3.37266 -0.604487 0.677307 0.619353 0.350658 3.029 2.323 0 0 0 0 
 1.639 3.991 -0.923161 0 0 2.60167 3.41367 -0.683734 0.707894 0.564947 0.309001 3.034 2.306 0 0 0 0 
 1.644 3.935 -0.923165 0 0 2.60517 3.38116 -0.649768 0.696172 0.587949 0.325782 3.036 2.297 0 0 0 0 
 1.651 3.894 -0.923163 0 0 2.60967 3.35767 -0.626198 0.686841 0.604208 0.338345 3.038 2.291 0 0 0 0 
 1.658 3.87 -0.923162 0 0 2.61667 3.35016 -0.60249 0.67916 0.621541 0.350914 3.045 2.3 0 0 0 0 
 1.67 3.858 -0.923162 0 0 2.62467 3.34967 -0.589246 0.671968 0.630623 0.359111 3.049 2.311 0 0 0 0 
 1.669 3.856 -0.923162 0 0 2.61717 3.35016 -0.590612 0.667794 0.628234 0.359914 3.035 2.314 0 0 0 0 
 1.671 3.85 -0.923162 0 0 2.61317 3.34866 -0.588754 0.662924 0.628353 0.362396 3.025 2.317 0 0 0 0 
 1.671 3.857 -0.92316 0 0 2.61817 3.34867 -0.594941 0.668491 0.624787 0.357761 3.035 2.31 0 0 0 0 
 1.661 3.871 -0.92316 0 0 2.60917 3.35767 -0.601332 0.671277 0.62025 0.354022 3.027 2.314 0 0 0 0 
 1.658 3.867 -0.92316 0 0 2.60367 3.36367 -0.58895 0.665476 0.62895 0.361438 3.019 2.33 0 0 0 0 
 1.654 3.873 -0.92316 0 0 2.60917 3.36217 -0.592401 0.67336 0.628352 0.357247 3.034 2.321 0 0 0 0 
 1.66 3.868 -0.923161 0 0 2.61967 3.35017 -0.598886 0.678694 0.624424 0.352633 3.049 2.302 0 0 0 0 
 1.665 3.852 -0.923162 0 0 2.61917 3.33617 -0.600265 0.675217 0.622278 0.353182 3.043 2.29 0 0 0 0 
 1.666 3.852 -0.923162 0 0 2.61517 3.34267 -0.594836 0.669882 0.625286 0.357341 3.034 2.303 0 0 0 0 
 1.662 3.87 -0.923163 0 0 2.60966 3.35767 -0.600284 0.67058 0.620925 0.354714 3.027 2.315 0 0 0 0 
 1.646 3.883 -0.92316 0 0 2.60067 3.36366 -0.604876 0.677076 0.618962 0.350564 3.025 2.314 0 0 0 0 
 1.654 3.882 -0.923159 0 0 2.60617 3.36067 -0.609706 0.676849 0.614899 0.348553 3.028 2.309 0 0 0 0 
 1.655 3.881 -0.923159 0 0 2.60617 3.36017 -0.609775 0.676154 0.614646 0.34875 3.027 2.309 0 0 0 0 
 1.669 3.872 -0.923157 0 0 2.61517 3.35567 -0.607223 0.671747 0.615491 0.351299 3.031 2.309 0 0 0 0 
 1.674 3.872 -0.923159 0 0 2.63367 3.33967 -0.619603 0.685439 0.609168 0.341558 3.063 2.277 0 0 0 0 
 1.674 3.878 -0.923161 0 0 2.63467 3.34617 -0.618085 0.685668 0.610472 0.342128 3.065 2.284 0 0 0 0 
 1.662 3.877 -0.923162 0 0 2.62267 3.34867 -0.613061 0.684038 0.614145 0.344784 3.053 2.29 0 0 0 0 
 1.669 3.878 -0.923162 0 0 2.62317 3.35267 -0.61389 0.679636 0.612244 0.345854 3.047 2.297 0 0 0 0 
 1.665 3.88 -0.923162 0 0 2.62217 3.35217 -0.615111 0.682187 0.611951 0.344508 3.049 2.294 0 0 0 0 
 1.66 3.876 -0.92316 0 0 2.62117 3.34516 -0.616251 0.685433 0.611907 0.342979 3.052 2.284 0 0 0 0 
 1.648 3.865 -0.923159 0 0 2.61667 3.33917 -0.603303 0.686579 0.62293 0.348137 3.055 2.283 0 0 0 0 
 1.655 3.864 -0.923161 0 0 2.62466 3.33367 -0.608884 0.689132 0.618987 0.344922 3.064 2.273 0 0 0 0 
 1.657 3.862 -0.923161 0 0 2.62917 3.33117 -0.607661 0.690522 0.620381 0.344997 3.071 2.27 0 0 0 0 
 1.661 3.858 -0.923161 0 0 2.62517 3.33367 -0.604638 0.683798 0.621049 0.348469 3.059 2.279 0 0 0 0 
 1.661 3.857 -0.923162 0 0 2.62417 3.33867 -0.596929 0.680548 0.626596 0.352874 3.057 2.29 0 0 0 0 
 1.661 3.867 -0.923161 0 0 2.62867 3.33967 -0.606187 0.686812 0.620592 0.346824 3.066 2.282 0 0 0 0 
 1.666 3.868 -0.923156 0 0 2.61817 3.35217 -0.60181 0.674292 0.620715 0.352811 3.04 2.306 0 0 0 0 
 1.67 3.869 -0.923158 0 0 2.62017 3.34917 -0.609122 0.675226 0.61492 0.349335 3.04 2.299 0 0 0 0 
 1.657 3.874 -0.92316 0 0 2.61216 3.35417 -0.605202 0.67754 0.618823 0.350271 3.037 2.304 0 0 0 0 
 1.655 3.878 -0.923158 0 0 2.61117 3.35467 -0.609433 0.67963 0.615905 0.347762 3.037 2.301 0 0 0 0 
 1.658 3.885 -0.923157 0 0 2.61517 3.36067 -0.610082 0.680559 0.615628 0.347181 3.042 2.306 0 0 0 0 
 1.657 3.876 -0.923158 0 0 2.61317 3.35367 -0.608 0.679165 0.616959 0.34853 3.039 2.301 0 0 0 0 
 1.673 3.863 -0.923159 0 0 2.62067 3.34666 -0.606041 0.672441 0.616671 0.351585 3.038 2.3 0 0 0 0 
 1.662 3.863 -0.92316 0 0 2.61666 3.35267 -0.592072 0.672896 0.628496 0.357548 3.041 2.312 0 0 0 0 
 1.664 3.869 -0.923159 0 0 2.62167 3.35316 -0.59758 0.676839 0.624989 0.353814 3.049 2.307 0 0 0 0 
 1.664 3.869 -0.923157 0 0 2.61867 3.35017 -0.604161 0.676844 0.619486 0.350948 3.043 2.301 0 0 0 0 
 1.668 3.871 -0.923157 0 0 2.62817 3.34717 -0.607023 0.681714 0.61848 0.348118 3.058 2.293 0 0 0 0 
 1.662 3.865 -0.923156 0 0 2.62017 3.35117 -0.59437 0.676143 0.627488 0.355449 3.048 2.307 0 0 0 0 
 1.658 3.868 -0.923158 0 0 2.61917 3.35567 -0.590002 0.676839 0.631389 0.357139 3.05 2.313 0 0 0 0 
 1.658 3.871 -0.923158 0 0 2.61917 3.35917 -0.589301 0.676607 0.631919 0.357526 3.05 2.317 0 0 0 0 
 1.659 3.872 -0.92316 0 0 2.62067 3.35567 -0.595247 0.678925 0.627549 0.354143 3.052 2.309 0 0 0 0 
 1.662 3.873 -0.923158 0 0 2.62116 3.35016 -0.606375 0.680786 0.618761 0.348701 3.05 2.297 0 0 0 0 
 1.657 3.879 -0.923159 0 0 2.61467 3.35666 -0.606829 0.679859 0.618126 0.348808 3.042 2.304 0 0 0 0 
 1.648 3.883 -0.923159 0 0 2.60917 3.35717 -0.609096 0.683107 0.617154 0.346777 3.04 2.301 0 0 0 0 
 1.655 3.892 -0.923161 0 0 2.61316 3.36316 -0.615757 0.683115 0.611677 0.343934 3.041 2.304 0 0 0 0 
 1.652 3.883 -0.923159 0 0 2.61567 3.35966 -0.603607 0.683102 0.621713 0.349139 3.049 2.306 0 0 0 0 
 1.653 3.889 -0.923158 0 0 2.61317 3.36017 -0.614172 0.68404 0.613226 0.344307 3.043 2.301 0 0 0 0 
 1.656 3.876 -0.923158 0 0 2.62317 3.35466 -0.598117 0.683795 0.626502 0.351285 3.06 2.303 0 0 0 0 
 1.646 3.882 -0.92316 0 0 2.61517 3.36116 -0.595909 0.684489 0.628562 0.352018 3.054 2.31 0 0 0 0 
 1.65 3.88 -0.923159 0 0 2.62017 3.35467 -0.601457 0.687041 0.624603 0.348781 3.06 2.299 0 0 0 0 
 1.65 3.884 -0.923159 0 0 2.62167 3.35667 -0.603123 0.688665 0.623654 0.347537 3.063 2.299 0 0 0 0 
