1.5000 0.0000 0.7898 0
1.5022 0.0022 0.7988 0
1.5044 0.0045 0.8077 0
1.5066 0.0067 0.8167 0
1.5087 0.0090 0.8257 0
1.5108 0.0113 0.8347 0
1.5129 0.0136 0.8437 0
1.5149 0.0159 0.8528 0
1.5170 0.0182 0.8619 0
1.5190 0.0205 0.871 0
1.5209 0.0229 0.8801 0
1.5229 0.0252 0.8892 0
1.5248 0.0276 0.8984 0
1.5267 0.0300 0.9075 0
1.5286 0.0324 0.9167 0
1.5304 0.0348 0.9258 0
1.5322 0.0372 0.935 0
1.5340 0.0396 0.9442 0
1.5358 0.0420 0.9534 0
1.5375 0.0445 0.9626 0
1.5392 0.0470 0.9717 0
1.5409 0.0494 0.9809 0
1.5426 0.0519 0.9901 0
1.5442 0.0544 0.9993 0
1.5458 0.0569 1.0085 0
1.5474 0.0594 1.0176 0
1.5490 0.0620 1.0268 0
1.5505 0.0645 1.0359 0
1.5520 0.0670 1.0451 0
1.5535 0.0696 1.0542 0
1.5549 0.0722 1.0633 0
1.5564 0.0748 1.0723 0
1.5578 0.0773 1.0814 0
1.5592 0.0800 1.0905 0
1.5605 0.0826 1.0995 0
1.5619 0.0852 1.1085 0
1.5632 0.0878 1.1175 0
1.5645 0.0905 1.1264 0
1.5658 0.0931 1.1353 0
1.5670 0.0958 1.1442 0
1.5682 0.0985 1.1531 0
1.5694 0.1012 1.1619 0
1.5706 0.1039 1.1707 0
1.5717 0.1066 1.1795 0
1.5728 0.1093 1.1882 0
1.5739 0.1120 1.1969 0
1.5750 0.1148 1.2055 0
1.5761 0.1175 1.2142 0
1.5771 0.1203 1.2227 0
1.5781 0.1230 1.2313 0
1.5791 0.1258 1.2398 0
1.5800 0.1286 1.2482 0
1.5810 0.1314 1.2566 0
1.5819 0.1342 1.265 0
1.5828 0.1370 1.2733 0
1.5836 0.1399 1.2816 0
1.5845 0.1427 1.2898 0
1.5853 0.1456 1.298 0
1.5861 0.1484 1.3061 0
1.5869 0.1513 1.3142 0
1.5876 0.1542 1.3223 0
1.5884 0.1570 1.3302 0
1.5891 0.1599 1.3382 0
1.5898 0.1628 1.346 0
1.5904 0.1658 1.3539 0
1.5911 0.1687 1.3616 0
1.5917 0.1716 1.3694 0
1.5923 0.1746 1.377 0
1.5929 0.1775 1.3846 0
1.5934 0.1805 1.3922 0
1.5940 0.1834 1.3997 0
1.5945 0.1864 1.4072 0
1.5950 0.1894 1.4146 0
1.5955 0.1924 1.4219 0
1.5959 0.1954 1.4292 0
1.5963 0.1984 1.4364 0
1.5968 0.2014 1.4436 0
1.5971 0.2045 1.4507 0
1.5975 0.2075 1.4577 0
1.5979 0.2106 1.4647 0
1.5982 0.2136 1.4717 0
1.5985 0.2167 1.4786 0
1.5988 0.2198 1.4854 0
1.5990 0.2228 1.4922 0
1.5993 0.2259 1.4989 0
1.5995 0.2290 1.5056 0
1.5997 0.2321 1.5122 0
1.5999 0.2352 1.5187 0
1.6000 0.2384 1.5252 0
1.6002 0.2415 1.5317 0
1.6003 0.2446 1.538 0
1.6004 0.2478 1.5444 0
1.6005 0.2509 1.5506 0
1.6006 0.2541 1.5568 0
1.6006 0.2573 1.563 0
1.6006 0.2604 1.5691 0
1.6006 0.2636 1.5752 0
1.6006 0.2668 1.5812 0
1.6006 0.2700 1.5871 0
1.6005 0.2732 1.593 0
1.6005 0.2764 1.5988 0
1.6004 0.2797 1.6046 0
1.6003 0.2829 1.6103 0
1.6001 0.2861 1.616 0
1.6000 0.2894 1.6216 0
1.5998 0.2926 1.6272 0
1.5996 0.2959 1.6327 0
1.5994 0.2991 1.6381 0
1.5992 0.3024 1.6435 0
1.5990 0.3057 1.6489 0
1.5987 0.3090 1.6542 0
1.5984 0.3123 1.6595 0
1.5982 0.3156 1.6647 0
1.5978 0.3189 1.6698 0
1.5975 0.3222 1.675 0
1.5972 0.3255 1.68 0
1.5968 0.3289 1.685 0
1.5964 0.3322 1.69 0
1.5960 0.3355 1.6949 0
1.5956 0.3389 1.6998 0
1.5952 0.3422 1.7046 0
1.5947 0.3456 1.7094 0
1.5942 0.3490 1.7141 0
1.5938 0.3523 1.7188 0
1.5933 0.3557 1.7234 0
1.5927 0.3591 1.728 0
1.5922 0.3625 1.7326 0
1.5916 0.3659 1.7371 0
1.5911 0.3693 1.7415 0
1.5905 0.3727 1.7459 0
1.5899 0.3761 1.7503 0
1.5893 0.3795 1.7546 0
1.5886 0.3830 1.7589 0
1.5880 0.3864 1.7632 0
1.5873 0.3898 1.7674 0
1.5866 0.3933 1.7716 0
1.5859 0.3967 1.7757 0
1.5852 0.4002 1.7798 0
1.5845 0.4037 1.7838 0
1.5837 0.4071 1.7878 0
1.5829 0.4106 1.7918 0
1.5822 0.4141 1.7957 0
1.5814 0.4176 1.7996 0
1.5805 0.4210 1.8034 0
1.5797 0.4245 1.8072 0
1.5789 0.4280 1.811 0
1.5780 0.4315 1.8148 0
1.5771 0.4351 1.8185 0
1.5763 0.4386 1.8221 0
1.5753 0.4421 1.8258 0
1.5744 0.4456 1.8294 0
1.5735 0.4492 1.8329 0
1.5725 0.4527 1.8364 0
1.5716 0.4562 1.8399 0
1.5706 0.4598 1.8434 0
1.5696 0.4633 1.8468 0
1.5686 0.4669 1.8502 0
1.5676 0.4704 1.8536 0
1.5665 0.4740 1.8569 0
1.5655 0.4776 1.8602 0
1.5644 0.4811 1.8634 0
1.5634 0.4847 1.8667 0
1.5623 0.4883 1.8699 0
1.5612 0.4919 1.873 0
1.5600 0.4955 1.8762 0
1.5589 0.4991 1.8793 0
1.5578 0.5027 1.8823 0
1.5566 0.5063 1.8854 0
1.5554 0.5099 1.8884 0
1.5542 0.5135 1.8914 0
1.5530 0.5171 1.8943 0
1.5518 0.5207 1.8973 0
1.5506 0.5243 1.9002 0
1.5494 0.5280 1.903 0
1.5481 0.5316 1.9059 0
1.5468 0.5352 1.9087 0
1.5456 0.5389 1.9115 0
1.5443 0.5425 1.9143 0
1.5430 0.5462 1.917 0
1.5417 0.5498 1.9197 0
1.5403 0.5535 1.9224 0
1.5390 0.5571 1.9251 0
1.5376 0.5608 1.9277 0
1.5363 0.5644 1.9303 0
1.5349 0.5681 1.9329 0
1.5335 0.5718 1.9355 0
1.5321 0.5754 1.938 0
1.5307 0.5791 1.9405 0
1.5293 0.5828 1.943 0
1.5278 0.5865 1.9455 0
1.5264 0.5902 1.9479 0
1.5249 0.5939 1.9503 0
1.5234 0.5975 1.9527 0
1.5220 0.6012 1.9551 0
1.5205 0.6049 1.9574 0
1.5190 0.6086 1.9598 0
1.5174 0.6123 1.9621 0
1.5159 0.6160 1.9643 0
1.5144 0.6197 1.9666 0
1.5128 0.6235 1.9688 0
1.5113 0.6272 1.9711 0
1.5097 0.6309 1.9733 0
1.5081 0.6346 1.9754 0
1.5065 0.6383 1.9776 0
1.5049 0.6420 1.9797 0
1.5033 0.6458 1.9818 0
1.5017 0.6495 1.9839 0
1.5000 0.6532 1.986 0
1.4984 0.6569 1.9881 0
1.4967 0.6607 1.9901 0
1.4951 0.6644 1.9921 0
1.4934 0.6681 1.9941 0
1.4917 0.6719 1.9961 0
1.4900 0.6756 1.9981 0
1.4883 0.6794 2.0 0
1.4866 0.6831 2.0019 0
1.4849 0.6869 2.0038 0
1.4831 0.6906 2.0057 0
1.4814 0.6943 2.0076 0
1.4797 0.6981 2.0094 0
1.4779 0.7019 2.0113 0
1.4761 0.7056 2.0131 0
1.4744 0.7094 2.0149 0
1.4726 0.7131 2.0167 0
1.4708 0.7169 2.0184 0
1.4690 0.7206 2.0202 0
1.4671 0.7244 2.0219 0
1.4653 0.7281 2.0236 0
1.4635 0.7319 2.0253 0
1.4617 0.7357 2.027 0
1.4598 0.7394 2.0287 0
1.4580 0.7432 2.0303 0
1.4561 0.7470 2.032 0
1.4542 0.7507 2.0336 0
1.4523 0.7545 2.0352 0
1.4505 0.7583 2.0368 0
1.4486 0.7620 2.0384 0
1.4467 0.7658 2.0399 0
1.4447 0.7696 2.0415 0
1.4428 0.7734 2.043 0
1.4409 0.7771 2.0445 0
1.4390 0.7809 2.046 0
1.4370 0.7847 2.0475 0
1.4351 0.7884 2.049 0
1.4331 0.7922 2.0504 0
1.4312 0.7960 2.0519 0
1.4292 0.7998 2.0533 0
1.4272 0.8035 2.0547 0
1.4252 0.8073 2.0561 0
1.4232 0.8111 2.0575 0
1.4212 0.8149 2.0589 0
1.4192 0.8186 2.0602 0
1.4172 0.8224 2.0616 0
1.4152 0.8262 2.0629 0
1.4132 0.8299 2.0642 0
1.4112 0.8337 2.0656 0
1.4091 0.8375 2.0668 0
1.4071 0.8413 2.0681 0
1.4050 0.8450 2.0694 0
1.4030 0.8488 2.0707 0
1.4009 0.8526 2.0719 0
1.3989 0.8564 2.0731 0
1.3968 0.8601 2.0743 0
1.3947 0.8639 2.0756 0
1.3926 0.8677 2.0767 0
1.3905 0.8714 2.0779 0
1.3884 0.8752 2.0791 0
1.3863 0.8790 2.0803 0
1.3842 0.8827 2.0814 0
1.3821 0.8865 2.0825 0
1.3800 0.8903 2.0837 0
1.3779 0.8940 2.0848 0
1.3758 0.8978 2.0859 0
1.3736 0.9015 2.087 0
1.3715 0.9053 2.088 0
1.3694 0.9091 2.0891 0
1.3672 0.9128 2.0901 0
1.3651 0.9166 2.0912 0
1.3629 0.9203 2.0922 0
1.3608 0.9241 2.0932 0
1.3586 0.9278 2.0942 0
1.3565 0.9316 2.0952 0
1.3543 0.9353 2.0962 0
1.3521 0.9391 2.0972 0
1.3499 0.9428 2.0982 0
1.3478 0.9466 2.0991 0
1.3456 0.9503 2.1001 0
1.3434 0.9540 2.101 0
1.3412 0.9578 2.1019 0
1.3390 0.9615 2.1028 0
1.3368 0.9653 2.1037 0
1.3346 0.9690 2.1046 0
1.3324 0.9727 2.1055 0
1.3302 0.9764 2.1064 0
1.3280 0.9802 2.1072 0
1.3258 0.9839 2.1081 0
1.3235 0.9876 2.1089 0
1.3213 0.9913 2.1097 0
1.3191 0.9950 2.1105 0
1.3169 0.9988 2.1113 0
1.3147 1.0025 2.1121 0
1.3124 1.0062 2.1129 0
1.3102 1.0099 2.1137 0
1.3080 1.0136 2.1145 0
1.3057 1.0173 2.1152 0
1.3035 1.0210 2.116 0
1.3012 1.0247 2.1167 0
1.2990 1.0284 2.1174 0
1.2967 1.0321 2.1182 0
1.2945 1.0358 2.1189 0
1.2923 1.0394 2.1196 0
1.2900 1.0431 2.1203 0
1.2877 1.0468 2.1209 0
1.2855 1.0505 2.1216 0
1.2832 1.0541 2.1223 0
1.2810 1.0578 2.1229 0
1.2787 1.0615 2.1236 0
1.2765 1.0651 2.1242 0
1.2742 1.0688 2.1248 0
1.2719 1.0725 2.1254 0
1.2697 1.0761 2.126 0
1.2674 1.0798 2.1266 0
1.2652 1.0834 2.1272 0
1.2629 1.0870 2.1278 0
1.2606 1.0907 2.1283 0
1.2584 1.0943 2.1289 0
1.2561 1.0979 2.1294 0
1.2538 1.1016 2.13 0
1.2516 1.1052 2.1305 0
1.2493 1.1088 2.131 0
1.2470 1.1124 2.1315 0
1.2448 1.1160 2.132 0
1.2425 1.1196 2.1325 0
1.2402 1.1232 2.133 0
1.2380 1.1268 2.1335 0
1.2357 1.1304 2.1339 0
1.2334 1.1340 2.1344 0
1.2312 1.1376 2.1348 0
1.2289 1.1412 2.1353 0
1.2266 1.1448 2.1357 0
1.2244 1.1483 2.1361 0
1.2221 1.1519 2.1365 0
1.2198 1.1555 2.1369 0
1.2176 1.1590 2.1373 0
1.2153 1.1626 2.1377 0
1.2131 1.1661 2.138 0
1.2108 1.1697 2.1384 0
1.2085 1.1732 2.1387 0
1.2063 1.1768 2.1391 0
1.2040 1.1803 2.1394 0
1.2018 1.1838 2.1397 0
1.1995 1.1873 2.14 0
1.1973 1.1908 2.1403 0
1.1950 1.1944 2.1406 0
1.1928 1.1979 2.1409 0
1.1905 1.2014 2.1412 0
1.1883 1.2049 2.1415 0
1.1861 1.2083 2.1417 0
1.1838 1.2118 2.142 0
1.1816 1.2153 2.1422 0
1.1794 1.2188 2.1424 0
1.1771 1.2222 2.1426 0
1.1749 1.2257 2.1429 0
1.1727 1.2292 2.1431 0
1.1705 1.2326 2.1432 0
1.1682 1.2361 2.1434 0
1.1660 1.2395 2.1436 0
1.1638 1.2429 2.1437 0
1.1616 1.2464 2.1439 0
1.1594 1.2498 2.144 0
1.1572 1.2532 2.1442 0
1.1550 1.2566 2.1443 0
1.1528 1.2600 2.1444 0
1.1506 1.2634 2.1445 0
1.1484 1.2668 2.1446 0
1.1462 1.2702 2.1447 0
1.1440 1.2736 2.1447 0
1.1418 1.2769 2.1448 0
1.1397 1.2803 2.1448 0
1.1375 1.2837 2.1449 0
1.1353 1.2870 2.1449 0
1.1332 1.2904 2.1449 0
1.1310 1.2937 2.1449 0
1.1288 1.2970 2.1449 0
1.1267 1.3004 2.1449 0
1.1245 1.3037 2.1449 0
1.1224 1.3070 2.1448 0
1.1203 1.3103 2.1448 0
1.1181 1.3136 2.1447 0
1.1160 1.3169 2.1447 0
1.1139 1.3202 2.1446 0
1.1117 1.3235 2.1445 0
1.1096 1.3267 2.1444 0
1.1075 1.3300 2.1443 0
1.1054 1.3333 2.1442 0
1.1033 1.3365 2.144 0
1.1012 1.3397 2.1439 0
1.0991 1.3430 2.1437 0
1.0971 1.3462 2.1435 0
1.0950 1.3494 2.1434 0
1.0929 1.3527 2.1432 0
1.0908 1.3559 2.143 0
1.0888 1.3591 2.1427 0
1.0867 1.3622 2.1425 0
1.0847 1.3654 2.1423 0
1.0826 1.3686 2.142 0
1.0806 1.3718 2.1417 0
1.0786 1.3749 2.1414 0
1.0765 1.3781 2.1412 0
1.0745 1.3812 2.1408 0
1.0725 1.3844 2.1405 0
1.0705 1.3875 2.1402 0
1.0685 1.3906 2.1398 0
1.0665 1.3937 2.1395 0
1.0645 1.3968 2.1391 0
1.0626 1.3999 2.1387 0
1.0606 1.4030 2.1383 0
1.0586 1.4061 2.1379 0
1.0567 1.4092 2.1375 0
1.0547 1.4122 2.137 0
1.0528 1.4153 2.1366 0
1.0508 1.4183 2.1361 0
1.0489 1.4214 2.1356 0
1.0470 1.4244 2.1351 0
1.0451 1.4274 2.1346 0
1.0432 1.4304 2.134 0
1.0413 1.4334 2.1335 0
1.0394 1.4364 2.1329 0
1.0375 1.4394 2.1323 0
1.0356 1.4424 2.1317 0
1.0338 1.4454 2.1311 0
1.0319 1.4483 2.1305 0
1.0301 1.4513 2.1298 0
1.0282 1.4542 2.1292 0
1.0264 1.4572 2.1285 0
1.0246 1.4601 2.1278 0
1.0228 1.4630 2.1271 0
1.0210 1.4659 2.1263 0
1.0192 1.4688 2.1256 0
1.0174 1.4717 2.1248 0
1.0156 1.4745 2.124 0
1.0138 1.4774 2.1232 0
1.0121 1.4803 2.1224 0
1.0103 1.4831 2.1215 0
1.0086 1.4860 2.1206 0
1.0068 1.4888 2.1197 0
1.0051 1.4916 2.1188 0
1.0034 1.4944 2.1179 0
1.0017 1.4972 2.1169 0
1.0000 1.5000 1.5708 0
1.0000 1.5000 2.116 0
0.9983 1.5028 2.115 0
0.9966 1.5055 2.114 0
0.9950 1.5083 2.113 0
0.9933 1.5111 2.112 0
0.9917 1.5138 2.111 0
0.9900 1.5165 2.11 0
0.9884 1.5192 2.1089 0
0.9868 1.5220 2.1079 0
0.9852 1.5247 2.1069 0
0.9836 1.5273 2.1058 0
0.9820 1.5300 2.1048 0
0.9804 1.5327 2.1037 0
0.9788 1.5354 2.1026 0
0.9773 1.5380 2.1015 0
0.9757 1.5407 2.1005 0
0.9742 1.5433 2.0994 0
0.9727 1.5459 2.0983 0
0.9711 1.5485 2.0971 0
0.9696 1.5511 2.096 0
0.9681 1.5537 2.0949 0
0.9666 1.5563 2.0938 0
0.9651 1.5589 2.0926 0
0.9637 1.5614 2.0915 0
0.9622 1.5640 2.0903 0
0.9607 1.5665 2.0891 0
0.9593 1.5691 2.0879 0
0.9579 1.5716 2.0868 0
0.9564 1.5741 2.0856 0
0.9550 1.5766 2.0844 0
0.9536 1.5791 2.0831 0
0.9522 1.5816 2.0819 0
0.9508 1.5841 2.0807 0
0.9494 1.5866 2.0794 0
0.9481 1.5890 2.0782 0
0.9467 1.5915 2.0769 0
0.9453 1.5939 2.0757 0
0.9440 1.5964 2.0744 0
0.9427 1.5988 2.0731 0
0.9413 1.6012 2.0718 0
0.9400 1.6036 2.0705 0
0.9387 1.6060 2.0691 0
0.9374 1.6084 2.0678 0
0.9361 1.6108 2.0665 0
0.9348 1.6131 2.0651 0
0.9336 1.6155 2.0638 0
0.9323 1.6178 2.0624 0
0.9311 1.6202 2.061 0
0.9298 1.6225 2.0596 0
0.9286 1.6248 2.0582 0
0.9274 1.6271 2.0568 0
0.9261 1.6294 2.0553 0
0.9249 1.6317 2.0539 0
0.9237 1.6340 2.0524 0
0.9225 1.6363 2.051 0
0.9214 1.6386 2.0495 0
0.9202 1.6408 2.048 0
0.9190 1.6431 2.0465 0
0.9179 1.6453 2.045 0
0.9167 1.6476 2.0435 0
0.9156 1.6498 2.0419 0
0.9145 1.6520 2.0404 0
0.9133 1.6542 2.0388 0
0.9122 1.6564 2.0372 0
0.9111 1.6586 2.0357 0
0.9100 1.6608 2.0341 0
0.9090 1.6629 2.0324 0
0.9079 1.6651 2.0308 0
0.9068 1.6672 2.0292 0
0.9058 1.6694 2.0275 0
0.9047 1.6715 2.0258 0
0.9037 1.6736 2.0242 0
0.9026 1.6758 2.0225 0
0.9016 1.6779 2.0208 0
0.9006 1.6800 2.019 0
0.8996 1.6821 2.0173 0
0.8986 1.6841 2.0155 0
0.8976 1.6862 2.0138 0
0.8966 1.6883 2.012 0
0.8957 1.6903 2.0102 0
0.8947 1.6924 2.0083 0
0.8937 1.6944 2.0065 0
0.8928 1.6965 2.0047 0
0.8919 1.6985 2.0028 0
0.8909 1.7005 2.0009 0
0.8900 1.7025 1.999 0
0.8891 1.7045 1.9971 0
0.8882 1.7065 1.9952 0
0.8873 1.7085 1.9932 0
0.8864 1.7104 1.9913 0
0.8855 1.7124 1.9893 0
0.8847 1.7143 1.9873 0
0.8838 1.7163 1.9853 0
0.8830 1.7182 1.9832 0
0.8821 1.7202 1.9812 0
0.8813 1.7221 1.9791 0
0.8805 1.7240 1.977 0
0.8796 1.7259 1.9749 0
0.8788 1.7278 1.9728 0
0.8780 1.7297 1.9706 0
0.8772 1.7316 1.9685 0
0.8764 1.7334 1.9663 0
0.8757 1.7353 1.9641 0
0.8749 1.7371 1.9619 0
0.8741 1.7390 1.9596 0
0.8734 1.7408 1.9573 0
0.8726 1.7427 1.9551 0
0.8719 1.7445 1.9527 0
0.8712 1.7463 1.9504 0
0.8704 1.7481 1.9481 0
0.8697 1.7499 1.9457 0
0.8690 1.7517 1.9433 0
0.8683 1.7535 1.9409 0
0.8676 1.7552 1.9384 0
0.8670 1.7570 1.936 0
0.8663 1.7588 1.9335 0
0.8656 1.7605 1.931 0
0.8650 1.7622 1.9284 0
0.8643 1.7640 1.9259 0
0.8637 1.7657 1.9233 0
0.8631 1.7674 1.9207 0
0.8624 1.7691 1.9181 0
0.8618 1.7708 1.9154 0
0.8612 1.7725 1.9127 0
0.8606 1.7742 1.91 0
0.8600 1.7759 1.9073 0
0.8594 1.7776 1.9045 0
0.8589 1.7792 1.9018 0
0.8583 1.7809 1.8989 0
0.8577 1.7825 1.8961 0
0.8572 1.7842 1.8932 0
0.8566 1.7858 1.8903 0
0.8561 1.7874 1.8874 0
0.8556 1.7890 1.8845 0
0.8550 1.7906 1.8815 0
0.8545 1.7922 1.8785 0
0.8540 1.7938 1.8754 0
0.8535 1.7954 1.8724 0
0.8530 1.7970 1.8693 0
0.8526 1.7986 1.8661 0
0.8521 1.8001 1.863 0
0.8516 1.8017 1.8598 0
0.8512 1.8032 1.8566 0
0.8507 1.8048 1.8533 0
0.8503 1.8063 1.85 0
0.8498 1.8078 1.8467 0
0.8494 1.8093 1.8434 0
0.8490 1.8108 1.84 0
0.8486 1.8123 1.8365 0
0.8482 1.8138 1.8331 0
0.8478 1.8153 1.8296 0
0.8474 1.8168 1.8261 0
0.8470 1.8183 1.8225 0
0.8466 1.8197 1.8189 0
0.8462 1.8212 1.8153 0
0.8459 1.8226 1.8116 0
0.8455 1.8241 1.8079 0
0.8452 1.8255 1.8042 0
0.8448 1.8269 1.8004 0
0.8445 1.8284 1.7966 0
0.8442 1.8298 1.7927 0
0.8439 1.8312 1.7888 0
0.8435 1.8326 1.7848 0
0.8432 1.8340 1.7809 0
0.8429 1.8353 1.7768 0
0.8427 1.8367 1.7728 0
0.8424 1.8381 1.7687 0
0.8421 1.8394 1.7645 0
0.8418 1.8408 1.7603 0
0.8416 1.8422 1.7561 0
0.8413 1.8435 1.7518 0
0.8411 1.8448 1.7475 0
0.8409 1.8462 1.7432 0
0.8406 1.8475 1.7387 0
0.8404 1.8488 1.7343 0
0.8402 1.8501 1.7298 0
0.8400 1.8514 1.7252 0
0.8398 1.8527 1.7207 0
0.8396 1.8540 1.716 0
0.8394 1.8552 1.7113 0
0.8392 1.8565 1.7066 0
0.8390 1.8578 1.7018 0
0.8389 1.8590 1.697 0
0.8387 1.8603 1.6921 0
0.8386 1.8615 1.6871 0
0.8384 1.8628 1.6822 0
0.8383 1.8640 1.6771 0
0.8382 1.8652 1.672 0
0.8380 1.8664 1.6669 0
0.8379 1.8676 1.6617 0
0.8378 1.8688 1.6565 0
0.8377 1.8700 1.6512 0
0.8376 1.8712 1.6458 0
0.8375 1.8724 1.6404 0
0.8374 1.8736 1.635 0
0.8374 1.8747 1.6294 0
0.8373 1.8759 1.6239 0
0.8372 1.8771 1.6182 0
0.8372 1.8782 1.6126 0
0.8371 1.8793 1.6068 0
0.8371 1.8805 1.601 0
0.8371 1.8816 1.5952 0
0.8370 1.8827 1.5893 0
0.8370 1.8838 1.5833 0
0.8370 1.8849 1.5773 0
0.8370 1.8861 1.5712 0
0.8370 1.8871 1.565 0
0.8370 1.8882 1.5588 0
0.8370 1.8893 1.5525 0
0.8370 1.8904 1.5462 0
0.8371 1.8915 1.5398 0
0.8371 1.8925 1.5334 0
0.8371 1.8936 1.5269 0
0.8372 1.8946 1.5203 0
0.8372 1.8957 1.5137 0
0.8373 1.8967 1.507 0
0.8373 1.8977 1.5002 0
0.8374 1.8988 1.4934 0
0.8375 1.8998 1.4865 0
0.8376 1.9008 1.4796 0
0.8377 1.9018 1.4726 0
0.8378 1.9028 1.4655 0
0.8379 1.9038 1.4584 0
0.8380 1.9048 1.4512 0
0.8381 1.9058 1.4439 0
0.8382 1.9067 1.4366 0
0.8384 1.9077 1.4292 0
0.8385 1.9087 1.4218 0
0.8386 1.9096 1.4143 0
0.8388 1.9106 1.4067 0
0.8389 1.9115 1.3991 0
0.8391 1.9125 1.3914 0
0.8393 1.9134 1.3837 0
0.8395 1.9143 1.3759 0
0.8396 1.9152 1.368 0
0.8398 1.9161 1.3601 0
0.8400 1.9170 1.3521 0
0.8402 1.9180 1.3441 0
0.8404 1.9188 1.336 0
0.8406 1.9197 1.3278 0
0.8409 1.9206 1.3196 0
0.8411 1.9215 1.3113 0
0.8413 1.9224 1.303 0
0.8416 1.9232 1.2946 0
0.8418 1.9241 1.2862 0
0.8420 1.9249 1.2777 0
0.8423 1.9258 1.2691 0
0.8426 1.9266 1.2606 0
0.8428 1.9275 1.2519 0
0.8431 1.9283 1.2432 0
0.8434 1.9291 1.2345 0
0.8437 1.9299 1.2257 0
0.8440 1.9308 1.2168 0
0.8443 1.9316 1.208 0
0.8446 1.9324 1.199 0
0.8449 1.9332 1.1901 0
0.8452 1.9340 1.1811 0
0.8455 1.9347 1.172 0
0.8458 1.9355 1.1629 0
0.8462 1.9363 1.1538 0
0.8465 1.9371 1.1447 0
0.8469 1.9378 1.1355 0
0.8472 1.9386 1.1262 0
0.8476 1.9393 1.117 0
0.8479 1.9401 1.1077 0
0.8483 1.9408 1.0984 0
0.8487 1.9415 1.089 0
0.8491 1.9423 1.0797 0
0.8494 1.9430 1.0703 0
0.8498 1.9437 1.0609 0
0.8502 1.9444 1.0514 0
0.8506 1.9451 1.042 0
0.8511 1.9458 1.0325 0
0.8515 1.9465 1.023 0
0.8519 1.9472 1.0136 0
0.8523 1.9479 1.0041 0
0.8527 1.9486 0.9946 0
0.8532 1.9493 0.985 0
0.8536 1.9499 0.9755 0
0.8541 1.9506 0.966 0
0.8545 1.9513 0.9565 0
0.8550 1.9519 0.947 0
0.8555 1.9526 0.9374 0
0.8559 1.9532 0.9279 0
0.8564 1.9538 0.9184 0
0.8569 1.9545 0.9089 0
0.8574 1.9551 0.8995 0
0.8579 1.9557 0.89 0
0.8584 1.9563 0.8805 0
0.8589 1.9569 0.8711 0
0.8594 1.9575 0.8617 0
0.8599 1.9581 0.8523 0
0.8604 1.9587 0.8429 0
0.8610 1.9593 0.8335 0
0.8615 1.9599 0.8242 0
0.8620 1.9605 0.8149 0
0.8626 1.9611 0.8056 0
0.8631 1.9617 0.7964 0
0.8637 1.9622 0.7871 0
0.8642 1.9628 0.778 0
0.8648 1.9633 0.7688 0
0.8654 1.9639 0.7597 0
0.8659 1.9644 0.7506 0
0.8665 1.9650 0.7416 0
0.8671 1.9655 0.7326 0
0.8677 1.9660 0.7237 0
0.8683 1.9666 0.7147 0
0.8689 1.9671 0.7059 0
0.8695 1.9676 0.6971 0
0.8701 1.9681 0.6883 0
0.8707 1.9686 0.6796 0
0.8713 1.9691 0.6709 0
0.8720 1.9696 0.6623 0
0.8726 1.9701 0.6537 0
0.8732 1.9706 0.6452 0
0.8739 1.9711 0.6368 0
0.8745 1.9716 0.6284 0
0.8752 1.9720 0.62 0
0.8758 1.9725 0.6117 0
0.8765 1.9730 0.6035 0
0.8772 1.9734 0.5953 0
0.8778 1.9739 0.5872 0
0.8785 1.9743 0.5791 0
0.8792 1.9748 0.5711 0
0.8799 1.9752 0.5632 0
0.8806 1.9757 0.5553 0
0.8813 1.9761 0.5475 0
0.8820 1.9765 0.5397 0
0.8827 1.9770 0.532 0
0.8834 1.9774 0.5244 0
0.8841 1.9778 0.5168 0
0.8848 1.9782 0.5093 0
0.8856 1.9786 0.5018 0
0.8863 1.9790 0.4945 0
0.8870 1.9794 0.4871 0
0.8878 1.9798 0.4799 0
0.8885 1.9802 0.4727 0
0.8893 1.9806 0.4656 0
0.8900 1.9809 0.4585 0
0.8908 1.9813 0.4515 0
0.8916 1.9817 0.4446 0
0.8923 1.9821 0.4377 0
0.8931 1.9824 0.4309 0
0.8939 1.9828 0.4241 0
0.8947 1.9831 0.4174 0
0.8955 1.9835 0.4108 0
0.8962 1.9838 0.4043 0
0.8970 1.9842 0.3978 0
0.8978 1.9845 0.3914 0
0.8987 1.9848 0.385 0
0.8995 1.9852 0.3787 0
0.9003 1.9855 0.3725 0
0.9011 1.9858 0.3663 0
0.9019 1.9861 0.3602 0
0.9028 1.9864 0.3541 0
0.9036 1.9867 0.3481 0
0.9044 1.9871 0.3422 0
0.9053 1.9874 0.3363 0
0.9061 1.9876 0.3305 0
0.9070 1.9879 0.3248 0
0.9078 1.9882 0.3191 0
0.9087 1.9885 0.3135 0
0.9096 1.9888 0.3079 0
0.9104 1.9891 0.3024 0
0.9113 1.9893 0.2969 0
0.9122 1.9896 0.2915 0
0.9131 1.9899 0.2862 0
0.9139 1.9901 0.2809 0
0.9148 1.9904 0.2757 0
0.9157 1.9906 0.2705 0
0.9166 1.9909 0.2654 0
0.9175 1.9911 0.2603 0
0.9184 1.9914 0.2553 0
0.9194 1.9916 0.2504 0
0.9203 1.9919 0.2455 0
0.9212 1.9921 0.2406 0
0.9221 1.9923 0.2358 0
0.9231 1.9925 0.2311 0
0.9240 1.9928 0.2264 0
0.9249 1.9930 0.2218 0
0.9259 1.9932 0.2172 0
0.9268 1.9934 0.2127 0
0.9278 1.9936 0.2082 0
0.9287 1.9938 0.2037 0
0.9297 1.9940 0.1994 0
0.9306 1.9942 0.195 0
0.9316 1.9944 0.1907 0
0.9326 1.9946 0.1865 0
0.9335 1.9948 0.1823 0
0.9345 1.9949 0.1781 0
0.9355 1.9951 0.174 0
0.9365 1.9953 0.17 0
0.9375 1.9955 0.166 0
0.9385 1.9956 0.162 0
0.9395 1.9958 0.1581 0
0.9405 1.9959 0.1542 0
0.9415 1.9961 0.1504 0
0.9425 1.9963 0.1466 0
0.9435 1.9964 0.1429 0
0.9445 1.9966 0.1391 0
0.9455 1.9967 0.1355 0
0.9466 1.9968 0.1319 0
0.9476 1.9970 0.1283 0
0.9486 1.9971 0.1247 0
0.9497 1.9972 0.1212 0
0.9507 1.9974 0.1178 0
0.9518 1.9975 0.1144 0
0.9528 1.9976 0.111 0
0.9539 1.9977 0.1076 0
0.9549 1.9978 0.1043 0
0.9560 1.9980 0.1011 0
0.9570 1.9981 0.0978 0
0.9581 1.9982 0.0946 0
0.9592 1.9983 0.0915 0
0.9602 1.9984 0.0883 0
0.9613 1.9985 0.0853 0
0.9624 1.9986 0.0822 0
0.9635 1.9986 0.0792 0
0.9646 1.9987 0.0762 0
0.9657 1.9988 0.0733 0
0.9668 1.9989 0.0703 0
0.9679 1.9990 0.0675 0
0.9690 1.9990 0.0646 0
0.9701 1.9991 0.0618 0
0.9712 1.9992 0.059 0
0.9723 1.9992 0.0563 0
0.9734 1.9993 0.0535 0
0.9745 1.9994 0.0508 0
0.9757 1.9994 0.0482 0
0.9768 1.9995 0.0456 0
0.9779 1.9995 0.043 0
0.9790 1.9996 0.0404 0
0.9802 1.9996 0.0379 0
0.9813 1.9997 0.0354 0
0.9825 1.9997 0.0329 0
0.9836 1.9997 0.0304 0
0.9848 1.9998 0.028 0
0.9859 1.9998 0.0256 0
0.9871 1.9998 0.0232 0
0.9882 1.9999 0.0209 0
0.9894 1.9999 0.0186 0
0.9906 1.9999 0.0163 0
0.9917 1.9999 0.014 0
0.9929 2.0000 0.0118 0
0.9941 2.0000 0.0096 0
0.9953 2.0000 0.0074 0
0.9964 2.0000 0.0053 0
0.9976 2.0000 0.0031 0
0.9988 2.0000 0.001 0
1.0000 2.0000 0.0 0
1.0000 2.0000 -0.001 0
1.0012 2.0000 -0.0031 0
1.0024 2.0000 -0.005 0
1.0036 2.0000 -0.007 0
1.0048 2.0000 -0.0088 0
1.0060 2.0000 -0.0106 0
1.0072 2.0000 -0.0124 0
1.0084 1.9999 -0.0141 0
1.0096 1.9999 -0.0158 0
1.0109 1.9999 -0.0174 0
1.0121 1.9999 -0.019 0
1.0133 1.9999 -0.0205 0
1.0145 1.9998 -0.022 0
1.0158 1.9998 -0.0234 0
1.0170 1.9998 -0.0248 0
1.0183 1.9997 -0.0261 0
1.0195 1.9997 -0.0274 0
1.0207 1.9997 -0.0286 0
1.0220 1.9996 -0.0298 0
1.0232 1.9996 -0.031 0
1.0245 1.9996 -0.0321 0
1.0258 1.9995 -0.0331 0
1.0270 1.9995 -0.0341 0
1.0283 1.9994 -0.0351 0
1.0296 1.9994 -0.036 0
1.0308 1.9994 -0.0369 0
1.0321 1.9993 -0.0377 0
1.0334 1.9993 -0.0385 0
1.0347 1.9992 -0.0393 0
1.0359 1.9992 -0.04 0
1.0372 1.9991 -0.0406 0
1.0385 1.9991 -0.0412 0
1.0398 1.9990 -0.0418 0
1.0411 1.9989 -0.0423 0
1.0424 1.9989 -0.0428 0
1.0437 1.9988 -0.0433 0
1.0450 1.9988 -0.0437 0
1.0464 1.9987 -0.0441 0
1.0477 1.9987 -0.0444 0
1.0490 1.9986 -0.0447 0
1.0503 1.9985 -0.0449 0
1.0516 1.9985 -0.0452 0
1.0530 1.9984 -0.0453 0
1.0543 1.9984 -0.0455 0
1.0556 1.9983 -0.0456 0
1.0570 1.9982 -0.0456 0
1.0583 1.9982 -0.0456 0
1.0597 1.9981 -0.0456 0
1.0610 1.9981 -0.0456 0
1.0624 1.9980 -0.0455 0
1.0637 1.9979 -0.0454 0
1.0651 1.9979 -0.0452 0
1.0665 1.9978 -0.045 0
1.0678 1.9978 -0.0448 0
1.0692 1.9977 -0.0445 0
1.0706 1.9976 -0.0442 0
1.0720 1.9976 -0.0439 0
1.0734 1.9975 -0.0435 0
1.0747 1.9974 -0.0431 0
1.0761 1.9974 -0.0427 0
1.0775 1.9973 -0.0422 0
1.0789 1.9973 -0.0417 0
1.0803 1.9972 -0.0411 0
1.0817 1.9971 -0.0406 0
1.0831 1.9971 -0.04 0
1.0846 1.9970 -0.0393 0
1.0860 1.9970 -0.0387 0
1.0874 1.9969 -0.038 0
1.0888 1.9969 -0.0372 0
1.0903 1.9968 -0.0365 0
1.0917 1.9968 -0.0357 0
1.0931 1.9967 -0.0349 0
1.0946 1.9967 -0.034 0
1.0960 1.9966 -0.0331 0
1.0975 1.9966 -0.0322 0
1.0989 1.9965 -0.0313 0
1.1004 1.9965 -0.0303 0
1.1018 1.9964 -0.0293 0
1.1033 1.9964 -0.0283 0
1.1048 1.9963 -0.0272 0
1.1062 1.9963 -0.0261 0
1.1077 1.9963 -0.025 0
1.1092 1.9962 -0.0239 0
1.1107 1.9962 -0.0227 0
1.1122 1.9962 -0.0215 0
1.1136 1.9961 -0.0203 0
1.1151 1.9961 -0.019 0
1.1166 1.9961 -0.0178 0
1.1181 1.9960 -0.0165 0
1.1196 1.9960 -0.0151 0
1.1212 1.9960 -0.0138 0
1.1227 1.9960 -0.0124 0
1.1242 1.9960 -0.011 0
1.1257 1.9959 -0.0096 0
1.1272 1.9959 -0.0081 0
1.1288 1.9959 -0.0066 0
1.1303 1.9959 -0.0051 0
1.1318 1.9959 -0.0036 0
1.1334 1.9959 -0.002 0
1.1349 1.9959 -0.0004 0
1.1365 1.9959 0.0012 0
1.1380 1.9959 0.0028 0
1.1396 1.9959 0.0044 0
1.1412 1.9959 0.0061 0
1.1427 1.9959 0.0078 0
1.1443 1.9959 0.0095 0
1.1459 1.9959 0.0113 0
1.1475 1.9960 0.013 0
1.1491 1.9960 0.0148 0
1.1506 1.9960 0.0166 0
1.1522 1.9960 0.0184 0
1.1538 1.9961 0.0203 0
1.1554 1.9961 0.0222 0
1.1570 1.9961 0.024 0
1.1586 1.9962 0.026 0
1.1603 1.9962 0.0279 0
1.1619 1.9962 0.0298 0
1.1635 1.9963 0.0318 0
1.1651 1.9963 0.0338 0
1.1668 1.9964 0.0358 0
1.1684 1.9965 0.0378 0
1.1700 1.9965 0.0399 0
1.1717 1.9966 0.0419 0
1.1733 1.9967 0.044 0
1.1750 1.9967 0.0461 0
1.1766 1.9968 0.0483 0
1.1783 1.9969 0.0504 0
1.1800 1.9970 0.0526 0
1.1816 1.9971 0.0547 0
1.1833 1.9972 0.0569 0
1.1850 1.9972 0.0591 0
1.1867 1.9973 0.0614 0
1.1884 1.9974 0.0636 0
1.1901 1.9976 0.0659 0
1.1917 1.9977 0.0681 0
1.1934 1.9978 0.0704 0
1.1952 1.9979 0.0727 0
1.1969 1.9980 0.0751 0
1.1986 1.9982 0.0774 0
1.2003 1.9983 0.0797 0
1.2020 1.9984 0.0821 0
1.2037 1.9986 0.0845 0
1.2055 1.9987 0.0869 0
1.2072 1.9989 0.0893 0
1.2090 1.9990 0.0917 0
1.2107 1.9992 0.0942 0
1.2125 1.9994 0.0966 0
1.2142 1.9995 0.0991 0
1.2160 1.9997 0.1016 0
1.2177 1.9999 0.1041 0
1.2195 2.0001 0.1066 0
1.2213 2.0003 0.1091 0
1.2231 2.0004 0.1116 0
1.2248 2.0006 0.1142 0
1.2266 2.0009 0.1167 0
1.2284 2.0011 0.1193 0
1.2302 2.0013 0.1219 0
1.2320 2.0015 0.1245 0
1.2338 2.0017 0.1271 0
1.2356 2.0020 0.1297 0
1.2375 2.0022 0.1323 0
1.2393 2.0024 0.1349 0
1.2411 2.0027 0.1376 0
1.2429 2.0029 0.1402 0
1.2448 2.0032 0.1429 0
1.2466 2.0035 0.1456 0
1.2484 2.0037 0.1483 0
1.2503 2.0040 0.151 0
1.2521 2.0043 0.1537 0
1.2540 2.0046 0.1564 0
1.2559 2.0049 0.1591 0
1.2577 2.0052 0.1618 0
1.2596 2.0055 0.1646 0
1.2615 2.0058 0.1673 0
1.2634 2.0061 0.1701 0
1.2653 2.0064 0.1728 0
1.2671 2.0068 0.1756 0
1.2690 2.0071 0.1784 0
1.2709 2.0074 0.1812 0
1.2729 2.0078 0.184 0
1.2748 2.0081 0.1868 0
1.2767 2.0085 0.1896 0
1.2786 2.0089 0.1924 0
1.2805 2.0092 0.1952 0
1.2825 2.0096 0.198 0
1.2844 2.0100 0.2009 0
1.2863 2.0104 0.2037 0
1.2883 2.0108 0.2065 0
1.2902 2.0112 0.2094 0
1.2922 2.0116 0.2122 0
1.2942 2.0121 0.2151 0
1.2961 2.0125 0.218 0
1.2981 2.0129 0.2208 0
1.3001 2.0134 0.2237 0
1.3020 2.0138 0.2266 0
1.3040 2.0143 0.2295 0
1.3060 2.0147 0.2323 0
1.3080 2.0152 0.2352 0
1.3100 2.0157 0.2381 0
1.3120 2.0162 0.241 0
1.3140 2.0167 0.2439 0
1.3161 2.0172 0.2468 0
1.3181 2.0177 0.2497 0
1.3201 2.0182 0.2526 0
1.3221 2.0187 0.2556 0
1.3242 2.0193 0.2585 0
1.3262 2.0198 0.2614 0
1.3283 2.0204 0.2643 0
1.3303 2.0209 0.2672 0
1.3324 2.0215 0.2701 0
1.3344 2.0220 0.2731 0
1.3365 2.0226 0.276 0
1.3386 2.0232 0.2789 0
1.3407 2.0238 0.2818 0
1.3428 2.0244 0.2848 0
1.3448 2.0250 0.2877 0
1.3469 2.0256 0.2906 0
1.3490 2.0263 0.2936 0
1.3511 2.0269 0.2965 0
1.3533 2.0276 0.2994 0
1.3554 2.0282 0.3024 0
1.3575 2.0289 0.3053 0
1.3596 2.0295 0.3082 0
1.3617 2.0302 0.3111 0
1.3639 2.0309 0.3141 0
1.3660 2.0316 0.317 0
1.3682 2.0323 0.3199 0
1.3703 2.0330 0.3229 0
1.3725 2.0337 0.3258 0
1.3747 2.0345 0.3287 0
1.3768 2.0352 0.3316 0
1.3790 2.0360 0.3346 0
1.3812 2.0367 0.3375 0
1.3834 2.0375 0.3404 0
1.3856 2.0383 0.3433 0
1.3878 2.0390 0.3462 0
1.3900 2.0398 0.3491 0
1.3922 2.0406 0.3521 0
1.3944 2.0415 0.355 0
1.3966 2.0423 0.3579 0
1.3988 2.0431 0.3608 0
1.4010 2.0440 0.3637 0
1.4033 2.0448 0.3666 0
1.4055 2.0457 0.3695 0
1.4078 2.0465 0.3724 0
1.4100 2.0474 0.3753 0
1.4123 2.0483 0.3781 0
1.4145 2.0492 0.381 0
1.4168 2.0501 0.3839 0
1.4191 2.0510 0.3868 0
1.4214 2.0520 0.3897 0
1.4236 2.0529 0.3925 0
1.4259 2.0538 0.3954 0
1.4282 2.0548 0.3982 0
1.4305 2.0558 0.4011 0
1.4328 2.0568 0.404 0
1.4352 2.0577 0.4068 0
1.4375 2.0587 0.4096 0
1.4398 2.0597 0.4125 0
1.4421 2.0608 0.4153 0
1.4445 2.0618 0.4181 0
1.4468 2.0628 0.421 0
1.4492 2.0639 0.4238 0
1.4515 2.0650 0.4266 0
1.4539 2.0660 0.4294 0
1.4562 2.0671 0.4322 0
1.4586 2.0682 0.435 0
1.4610 2.0693 0.4378 0
1.4634 2.0704 0.4406 0
1.4658 2.0715 0.4434 0
1.4682 2.0727 0.4462 0
1.4706 2.0738 0.4489 0
1.4730 2.0750 0.4517 0
1.4754 2.0762 0.4545 0
1.4778 2.0773 0.4572 0
1.4802 2.0785 0.46 0
1.4826 2.0797 0.4627 0
1.4851 2.0810 0.4654 0
1.4875 2.0822 0.4682 0
1.4900 2.0834 0.4709 0
1.4924 2.0847 0.4736 0
1.4949 2.0859 0.4763 0
1.4973 2.0872 0.479 0
1.4998 2.0885 0.4817 0
1.5023 2.0898 0.4844 0
1.5048 2.0911 0.4871 0
1.5073 2.0924 0.4898 0
1.5097 2.0937 0.4925 0
1.5122 2.0951 0.4951 0
1.5148 2.0964 0.4978 0
1.5173 2.0978 0.5004 0
1.5198 2.0992 0.5031 0
1.5223 2.1006 0.5057 0
1.5248 2.1020 0.5084 0
1.5274 2.1034 0.511 0
1.5299 2.1048 0.5136 0
1.5325 2.1062 0.5162 0
1.5350 2.1077 0.5188 0
1.5376 2.1091 0.5214 0
1.5401 2.1106 0.524 0
1.5427 2.1121 0.5266 0
1.5453 2.1136 0.5292 0
1.5479 2.1151 0.5317 0
1.5505 2.1166 0.5343 0
1.5531 2.1182 0.5368 0
1.5557 2.1197 0.5394 0
1.5583 2.1213 0.5419 0
1.5609 2.1229 0.5445 0
1.5635 2.1245 0.547 0
1.5662 2.1261 0.5495 0
1.5688 2.1277 0.552 0
1.5714 2.1293 0.5545 0
1.5741 2.1309 0.557 0
1.5767 2.1326 0.5595 0
1.5794 2.1342 0.562 0
1.5821 2.1359 0.5644 0
1.5847 2.1376 0.5669 0
1.5874 2.1393 0.5694 0
1.5901 2.1410 0.5718 0
1.5928 2.1428 0.5742 0
1.5955 2.1445 0.5767 0
1.5982 2.1463 0.5791 0
1.6009 2.1480 0.5815 0
1.6036 2.1498 0.5839 0
1.6063 2.1516 0.5863 0
1.6091 2.1534 0.5887 0
1.6118 2.1553 0.5911 0
1.6145 2.1571 0.5935 0
1.6173 2.1590 0.5958 0
1.6200 2.1608 0.5982 0
1.6228 2.1627 0.6006 0
1.6256 2.1646 0.6029 0
1.6283 2.1665 0.6052 0
1.6311 2.1684 0.6076 0
1.6339 2.1704 0.6099 0
1.6367 2.1723 0.6122 0
1.6395 2.1743 0.6145 0
1.6423 2.1763 0.6168 0
1.6451 2.1783 0.6191 0
1.6479 2.1803 0.6214 0
1.6508 2.1823 0.6236 0
1.6536 2.1843 0.6259 0
1.6564 2.1864 0.6282 0
1.6593 2.1885 0.6304 0
1.6621 2.1905 0.6327 0
1.6650 2.1926 0.6349 0
1.6679 2.1947 0.6371 0
1.6707 2.1969 0.6393 0
1.6736 2.1990 0.6415 0
1.6765 2.2012 0.6437 0
1.6794 2.2033 0.6459 0
1.6823 2.2055 0.6481 0
1.6852 2.2077 0.6503 0
1.6881 2.2099 0.6525 0
1.6910 2.2122 0.6546 0
1.6939 2.2144 0.6568 0
1.6969 2.2167 0.6589 0
1.6998 2.2189 0.6611 0
1.7027 2.2212 0.6632 0
1.7057 2.2235 0.6653 0
1.7087 2.2259 0.6674 0
1.7116 2.2282 0.6695 0
1.7146 2.2305 0.6716 0
1.7176 2.2329 0.6737 0
1.7206 2.2353 0.6758 0
1.7235 2.2377 0.6779 0
1.7265 2.2401 0.68 0
1.7295 2.2425 0.682 0
1.7326 2.2450 0.6841 0
1.7356 2.2474 0.6861 0
1.7386 2.2499 0.6881 0
1.7416 2.2524 0.6902 0
1.7447 2.2549 0.6922 0
1.7477 2.2575 0.6942 0
1.7508 2.2600 0.6962 0
1.7538 2.2625 0.6982 0
1.7569 2.2651 0.7002 0
1.7600 2.2677 0.7022 0
1.7631 2.2703 0.7041 0
1.7661 2.2729 0.7061 0
1.7692 2.2756 0.7081 0
1.7723 2.2782 0.71 0
1.7754 2.2809 0.712 0
1.7786 2.2836 0.7139 0
1.7817 2.2863 0.7158 0
1.7848 2.2890 0.7177 0
1.7879 2.2918 0.7197 0
1.7911 2.2945 0.7216 0
1.7942 2.2973 0.7235 0
1.7974 2.3001 0.7254 0
1.8006 2.3029 0.7272 0
1.8037 2.3057 0.7291 0
1.8069 2.3085 0.731 0
1.8101 2.3114 0.7328 0
1.8133 2.3143 0.7347 0
1.8165 2.3172 0.7365 0
1.8197 2.3201 0.7384 0
1.8229 2.3230 0.7402 0
1.8261 2.3259 0.742 0
1.8293 2.3289 0.7438 0
1.8326 2.3319 0.7457 0
1.8358 2.3349 0.7475 0
1.8391 2.3379 0.7493 0
1.8423 2.3409 0.751 0
1.8456 2.3439 0.7528 0
1.8489 2.3470 0.7546 0
1.8521 2.3501 0.7564 0
1.8554 2.3532 0.7581 0
1.8587 2.3563 0.7599 0
1.8620 2.3594 0.7616 0
1.8653 2.3626 0.7634 0
1.8686 2.3658 0.7651 0
1.8720 2.3690 0.7668 0
1.8753 2.3722 0.7685 0
1.8786 2.3754 0.7702 0
1.8820 2.3786 0.7719 0
1.8853 2.3819 0.7736 0
1.8887 2.3852 0.7753 0
1.8920 2.3885 0.777 0
1.8954 2.3918 0.7787 0
1.8988 2.3951 0.7804 0
1.9022 2.3985 0.782 0
1.9056 2.4018 0.7837 0
1.9090 2.4052 0.7853 0
1.9124 2.4086 0.787 0
1.9158 2.4121 0.7886 0
1.9192 2.4155 0.7902 0
1.9226 2.4190 0.7918 0
1.9261 2.4224 0.7935 0
1.9295 2.4260 0.7951 0
1.9330 2.4295 0.7967 0
1.9364 2.4330 0.7983 0
1.9399 2.4366 0.7999 0
1.9434 2.4401 0.8014 0
1.9469 2.4437 0.803 0
1.9504 2.4474 0.8046 0
1.9538 2.4510 0.8062 0
1.9574 2.4546 0.8077 0
1.9609 2.4583 0.8093 0
1.9644 2.4620 0.8108 0
1.9679 2.4657 0.8123 0
1.9714 2.4695 0.8139 0
1.9750 2.4732 0.8154 0
1.9785 2.4770 0.8169 0
1.9821 2.4808 0.8184 0
1.9857 2.4846 0.8199 0
1.9892 2.4884 0.8214 0
1.9928 2.4922 0.8229 0
1.9964 2.4961 0.8244 0
2.0000 2.5000 1.5708 0
2.0000 2.5000 0.8259 0
2.0036 2.5039 0.8274 0
2.0072 2.5078 0.8288 0
2.0108 2.5118 0.8302 0
2.0145 2.5157 0.8317 0
2.0181 2.5197 0.8331 0
2.0217 2.5237 0.8344 0
2.0254 2.5278 0.8358 0
2.0290 2.5318 0.8372 0
2.0327 2.5359 0.8385 0
2.0364 2.5399 0.8398 0
2.0400 2.5440 0.8411 0
2.0437 2.5482 0.8424 0
2.0474 2.5523 0.8437 0
2.0511 2.5564 0.845 0
2.0548 2.5606 0.8462 0
2.0585 2.5648 0.8475 0
2.0622 2.5690 0.8487 0
2.0659 2.5732 0.8499 0
2.0697 2.5775 0.8511 0
2.0734 2.5817 0.8523 0
2.0771 2.5860 0.8535 0
2.0809 2.5903 0.8547 0
2.0846 2.5946 0.8558 0
2.0884 2.5989 0.857 0
2.0921 2.6033 0.8581 0
2.0959 2.6076 0.8592 0
2.0997 2.6120 0.8603 0
2.1034 2.6164 0.8614 0
2.1072 2.6208 0.8625 0
2.1110 2.6252 0.8636 0
2.1148 2.6296 0.8647 0
2.1186 2.6341 0.8657 0
2.1224 2.6385 0.8668 0
2.1262 2.6430 0.8678 0
2.1300 2.6475 0.8689 0
2.1338 2.6520 0.8699 0
2.1376 2.6565 0.8709 0
2.1414 2.6611 0.8719 0
2.1453 2.6656 0.8729 0
2.1491 2.6702 0.8739 0
2.1529 2.6748 0.8749 0
2.1568 2.6794 0.8758 0
2.1606 2.6840 0.8768 0
2.1644 2.6886 0.8777 0
2.1683 2.6932 0.8787 0
2.1721 2.6979 0.8796 0
2.1760 2.7025 0.8806 0
2.1798 2.7072 0.8815 0
2.1837 2.7119 0.8824 0
2.1876 2.7166 0.8833 0
2.1914 2.7213 0.8842 0
2.1953 2.7260 0.8851 0
2.1992 2.7307 0.886 0
2.2031 2.7355 0.8869 0
2.2069 2.7402 0.8877 0
2.2108 2.7450 0.8886 0
2.2147 2.7498 0.8895 0
2.2186 2.7546 0.8903 0
2.2225 2.7594 0.8912 0
2.2264 2.7642 0.892 0
2.2303 2.7690 0.8928 0
2.2342 2.7739 0.8937 0
2.2380 2.7787 0.8945 0
2.2419 2.7836 0.8953 0
2.2458 2.7884 0.8961 0
2.2497 2.7933 0.8969 0
2.2537 2.7982 0.8977 0
2.2576 2.8031 0.8985 0
2.2615 2.8080 0.8993 0
2.2654 2.8129 0.9001 0
2.2693 2.8178 0.9008 0
2.2732 2.8228 0.9016 0
2.2771 2.8277 0.9024 0
2.2810 2.8327 0.9031 0
2.2849 2.8376 0.9039 0
2.2888 2.8426 0.9046 0
2.2927 2.8476 0.9054 0
2.2967 2.8526 0.9061 0
2.3006 2.8576 0.9069 0
2.3045 2.8626 0.9076 0
2.3084 2.8676 0.9083 0
2.3123 2.8726 0.909 0
2.3162 2.8776 0.9098 0
2.3202 2.8827 0.9105 0
2.3241 2.8877 0.9112 0
2.3280 2.8928 0.9119 0
2.3319 2.8978 0.9126 0
2.3358 2.9029 0.9133 0
2.3397 2.9079 0.914 0
2.3436 2.9130 0.9147 0
2.3476 2.9181 0.9154 0
2.3515 2.9232 0.916 0
2.3554 2.9283 0.9167 0
2.3593 2.9334 0.9174 0
2.3632 2.9385 0.9181 0
2.3671 2.9436 0.9187 0
2.3710 2.9487 0.9194 0
2.3749 2.9538 0.9201 0
2.3788 2.9590 0.9207 0
2.3827 2.9641 0.9214 0
2.3866 2.9692 0.922 0
2.3905 2.9744 0.9227 0
2.3944 2.9795 0.9233 0
2.3983 2.9847 0.924 0
2.4022 2.9898 0.9246 0
2.4061 2.9950 0.9252 0
2.4100 3.0002 0.9259 0
2.4139 3.0053 0.9265 0
2.4178 3.0105 0.9271 0
2.4217 3.0157 0.9277 0
2.4255 3.0209 0.9284 0
2.4294 3.0260 0.929 0
2.4333 3.0312 0.9296 0
2.4372 3.0364 0.9302 0
2.4410 3.0416 0.9308 0
2.4449 3.0468 0.9314 0
2.4488 3.0520 0.932 0
2.4526 3.0572 0.9326 0
2.4565 3.0624 0.9332 0
2.4603 3.0676 0.9338 0
2.4642 3.0728 0.9344 0
2.4680 3.0780 0.935 0
2.4719 3.0832 0.9356 0
2.4757 3.0884 0.9362 0
2.4796 3.0937 0.9368 0
2.4834 3.0989 0.9374 0
2.4872 3.1041 0.938 0
2.4910 3.1093 0.9386 0
2.4949 3.1145 0.9391 0
2.4987 3.1197 0.9397 0
2.5025 3.1249 0.9403 0
2.5063 3.1302 0.9409 0
2.5101 3.1354 0.9415 0
2.5139 3.1406 0.942 0
2.5177 3.1458 0.9426 0
2.5215 3.1510 0.9432 0
2.5253 3.1562 0.9437 0
2.5291 3.1615 0.9443 0
2.5328 3.1667 0.9449 0
2.5366 3.1719 0.9454 0
2.5404 3.1771 0.946 0
2.5441 3.1823 0.9466 0
2.5479 3.1875 0.9471 0
2.5516 3.1927 0.9477 0
2.5554 3.1979 0.9482 0
2.5591 3.2032 0.9488 0
2.5628 3.2084 0.9493 0
2.5666 3.2136 0.9499 0
2.5703 3.2188 0.9505 0
2.5740 3.2240 0.951 0
2.5777 3.2291 0.9516 0
2.5814 3.2343 0.9521 0
2.5851 3.2395 0.9527 0
2.5888 3.2447 0.9532 0
2.5925 3.2499 0.9538 0
2.5961 3.2551 0.9543 0
2.5998 3.2603 0.9549 0
2.6035 3.2654 0.9554 0
2.6071 3.2706 0.9559 0
2.6108 3.2758 0.9565 0
2.6144 3.2809 0.957 0
2.6180 3.2861 0.9576 0
2.6217 3.2912 0.9581 0
2.6253 3.2964 0.9587 0
2.6289 3.3015 0.9592 0
2.6325 3.3067 0.9598 0
2.6361 3.3118 0.9603 0
2.6397 3.3169 0.9608 0
2.6433 3.3220 0.9614 0
2.6468 3.3272 0.9619 0
2.6504 3.3323 0.9625 0
2.6540 3.3374 0.963 0
2.6575 3.3425 0.9636 0
2.6610 3.3476 0.9641 0
2.6646 3.3527 0.9646 0
2.6681 3.3578 0.9652 0
2.6716 3.3628 0.9657 0
2.6751 3.3679 0.9663 0
2.6786 3.3730 0.9668 0
2.6821 3.3780 0.9674 0
2.6856 3.3831 0.9679 0
2.6891 3.3881 0.9685 0
2.6925 3.3931 0.969 0
2.6960 3.3982 0.9696 0
2.6994 3.4032 0.9701 0
2.7029 3.4082 0.9707 0
2.7063 3.4132 0.9712 0
2.7097 3.4182 0.9718 0
2.7131 3.4232 0.9723 0
2.7165 3.4282 0.9729 0
2.7199 3.4331 0.9734 0
2.7233 3.4381 0.974 0
2.7266 3.4431 0.9745 0
2.7300 3.4480 0.9751 0
2.7333 3.4529 0.9756 0
2.7367 3.4579 0.9762 0
2.7400 3.4628 0.9768 0
2.7433 3.4677 0.9773 0
2.7466 3.4726 0.9779 0
2.7499 3.4775 0.9784 0
2.7532 3.4824 0.979 0
2.7564 3.4872 0.9796 0
2.7597 3.4921 0.9801 0
2.7630 3.4969 0.9807 0
2.7662 3.5018 0.9813 0
2.7694 3.5066 0.9819 0
2.7726 3.5114 0.9824 0
2.7758 3.5162 0.983 0
2.7790 3.5210 0.9836 0
2.7822 3.5258 0.9842 0
2.7854 3.5306 0.9848 0
2.7886 3.5353 0.9853 0
2.7917 3.5401 0.9859 0
2.7948 3.5448 0.9865 0
2.7980 3.5495 0.9871 0
2.8011 3.5542 0.9877 0
2.8042 3.5589 0.9883 0
2.8073 3.5636 0.9889 0
2.8103 3.5683 0.9895 0
2.8134 3.5729 0.9901 0
2.8164 3.5776 0.9907 0
2.8195 3.5822 0.9914 0
2.8225 3.5868 0.992 0
2.8255 3.5915 0.9926 0
2.8285 3.5960 0.9932 0
2.8315 3.6006 0.9938 0
2.8345 3.6052 0.9945 0
2.8374 3.6097 0.9951 0
2.8404 3.6143 0.9958 0
2.8433 3.6188 0.9964 0
2.8462 3.6233 0.997 0
2.8491 3.6278 0.9977 0
2.8520 3.6323 0.9983 0
2.8549 3.6368 0.999 0
2.8578 3.6412 0.9997 0
2.8606 3.6456 1.0003 0
2.8634 3.6501 1.001 0
2.8663 3.6545 1.0017 0
2.8691 3.6588 1.0024 0
2.8719 3.6632 1.003 0
2.8746 3.6676 1.0037 0
2.8774 3.6719 1.0044 0
2.8801 3.6762 1.0051 0
2.8829 3.6805 1.0058 0
2.8856 3.6848 1.0066 0
2.8883 3.6891 1.0073 0
2.8910 3.6934 1.008 0
2.8937 3.6976 1.0087 0
2.8963 3.7018 1.0095 0
2.8990 3.7060 1.0102 0
2.9016 3.7102 1.011 0
2.9042 3.7144 1.0117 0
2.9068 3.7186 1.0125 0
2.9094 3.7227 1.0133 0
2.9120 3.7268 1.014 0
2.9145 3.7309 1.0148 0
2.9171 3.7350 1.0156 0
2.9196 3.7390 1.0164 0
2.9221 3.7431 1.0172 0
2.9246 3.7471 1.0181 0
2.9270 3.7511 1.0189 0
2.9295 3.7551 1.0197 0
2.9319 3.7591 1.0206 0
2.9344 3.7630 1.0214 0
2.9368 3.7670 1.0223 0
2.9391 3.7709 1.0232 0
2.9415 3.7747 1.024 0
2.9439 3.7786 1.0249 0
2.9462 3.7825 1.0258 0
2.9485 3.7863 1.0268 0
2.9508 3.7901 1.0277 0
2.9531 3.7939 1.0286 0
2.9554 3.7977 1.0296 0
2.9576 3.8014 1.0305 0
2.9599 3.8051 1.0315 0
2.9621 3.8088 1.0325 0
2.9643 3.8125 1.0335 0
2.9665 3.8162 1.0345 0
2.9686 3.8198 1.0355 0
2.9708 3.8234 1.0366 0
2.9729 3.8270 1.0376 0
2.9750 3.8306 1.0387 0
2.9771 3.8342 1.0398 0
2.9792 3.8377 1.0409 0
2.9812 3.8412 1.042 0
2.9833 3.8447 1.0432 0
2.9853 3.8481 1.0443 0
2.9873 3.8516 1.0455 0
2.9893 3.8550 1.0467 0
2.9912 3.8584 1.0479 0
2.9932 3.8617 1.0492 0
2.9951 3.8651 1.0504 0
2.9970 3.8684 1.0517 0
2.9989 3.8717 1.053 0
3.0007 3.8750 1.0543 0
3.0026 3.8782 1.0557 0
3.0044 3.8815 1.057 0
3.0062 3.8847 1.0584 0
3.0080 3.8878 1.0598 0
3.0098 3.8910 1.0613 0
3.0115 3.8941 1.0628 0
3.0132 3.8972 1.0643 0
3.0150 3.9003 1.0658 0
3.0166 3.9033 1.0674 0
3.0183 3.9064 1.069 0
3.0200 3.9094 1.0706 0
3.0216 3.9123 1.0723 0
3.0232 3.9153 1.074 0
3.0248 3.9182 1.0757 0
3.0263 3.9211 1.0775 0
3.0279 3.9240 1.0793 0
3.0294 3.9268 1.0811 0
3.0309 3.9296 1.083 0
3.0324 3.9324 1.085 0
3.0338 3.9352 1.087 0
3.0353 3.9379 1.089 0
3.0367 3.9406 1.0911 0
3.0381 3.9433 1.0932 0
3.0395 3.9460 1.0954 0
3.0408 3.9486 1.0977 0
3.0421 3.9512 1.1 0
3.0434 3.9537 1.1024 0
3.0447 3.9563 1.1048 0
3.0460 3.9588 1.1073 0
3.0472 3.9613 1.1099 0
3.0484 3.9637 1.1125 0
3.0496 3.9662 1.1152 0
3.0508 3.9686 1.118 0
3.0520 3.9709 1.1209 0
3.0531 3.9733 1.1239 0
3.0542 3.9756 1.127 0
3.0553 3.9779 1.1302 0
3.0564 3.9801 1.1334 0
3.0574 3.9823 1.1368 0
3.0584 3.9845 1.1403 0
3.0594 3.9867 1.1439 0
3.0604 3.9888 1.1476 0
3.0613 3.9909 1.1515 0
3.0622 3.9930 1.1555 0
3.0631 3.9950 1.1597 0
3.0640 3.9970 1.164 0
3.0649 3.9990 1.1685 0
3.0657 4.0009 1.1732 0
3.0665 4.0029 1.178 0
3.0673 4.0047 1.1831 0
3.0680 4.0066 1.1883 0
3.0688 4.0084 1.1938 0
3.0695 4.0102 1.1996 0
3.0702 4.0120 1.2055 0
3.0708 4.0137 1.2118 0
3.0714 4.0154 1.2184 0
3.0721 4.0170 1.2252 0
3.0726 4.0187 1.2325 0
3.0732 4.0203 1.24 0
3.0737 4.0218 1.248 0
3.0742 4.0233 1.2564 0
3.0747 4.0248 1.2653 0
3.0752 4.0263 1.2747 0
3.0756 4.0277 1.2846 0
3.0760 4.0291 1.295 0
3.0764 4.0305 1.3062 0
3.0768 4.0318 1.318 0
3.0771 4.0331 1.3306 0
3.0774 4.0343 1.344 0
3.0777 4.0356 1.3584 0
3.0780 4.0368 1.3737 0
3.0782 4.0379 1.3902 0
3.0784 4.0390 1.4079 0
3.0786 4.0401 1.4269 0
3.0787 4.0412 1.4475 0
3.0789 4.0422 1.4697 0
3.0790 4.0431 1.4939 0
3.0790 4.0441 1.5201 0
3.0791 4.0450 1.5487 0
3.0791 4.0459 1.5798 0
3.0791 4.0467 1.6139 0
3.0790 4.0475 1.6513 0
3.0790 4.0483 1.6923 0
3.0789 4.0490 1.7373 0
3.0788 4.0497 1.7868 0
3.0786 4.0503 1.8412 0
3.0785 4.0509 1.9008 0
3.0783 4.0515 1.9661 0
3.0780 4.0520 2.0371 0
3.0778 4.0525 2.114 0
3.0775 4.0530 2.1963 0
3.0772 4.0534 2.2835 0
3.0769 4.0538 2.3747 0
3.0765 4.0542 2.4685 0
3.0761 4.0545 2.5633 0
3.0757 4.0548 2.6575 0
3.0752 4.0550 2.7494 0
3.0748 4.0552 2.8377 0
3.0743 4.0554 2.9213 0
3.0737 4.0555 2.9995 0
3.0732 4.0556 3.072 0
3.0726 4.0556 3.1386 0
3.0720 4.0556 -3.0836 0
3.0713 4.0556 -3.028 0
3.0706 4.0555 -2.9774 0
3.0699 4.0554 -2.9313 0
3.0692 4.0552 -2.8894 0
3.0684 4.0550 -2.8512 0
3.0676 4.0548 -2.8164 0
3.0668 4.0545 -2.7845 0
3.0659 4.0542 -2.7554 0
3.0651 4.0538 -2.7287 0
3.0642 4.0534 -2.7041 0
3.0632 4.0530 -2.6814 0
3.0622 4.0525 -2.6604 0
3.0612 4.0520 -2.6411 0
3.0602 4.0514 -2.6231 0
3.0591 4.0508 -2.6063 0
3.0580 4.0502 -2.5907 0
3.0569 4.0495 -2.5762 0
3.0558 4.0487 -2.5626 0
3.0546 4.0480 -2.5498 0
3.0534 4.0471 -2.5378 0
3.0521 4.0463 -2.5266 0
3.0508 4.0454 -2.5159 0
3.0495 4.0444 -2.5059 0
3.0482 4.0434 -2.4965 0
3.0468 4.0424 -2.4875 0
3.0454 4.0413 -2.479 0
3.0440 4.0402 -2.471 0
3.0425 4.0391 -2.4633 0
3.0410 4.0379 -2.4561 0
3.0395 4.0366 -2.4491 0
3.0380 4.0353 -2.4425 0
3.0364 4.0340 -2.4362 0
3.0347 4.0326 -2.4302 0
3.0331 4.0312 -2.4245 0
3.0314 4.0297 -2.419 0
3.0297 4.0282 -2.4137 0
3.0279 4.0266 -2.4086 0
3.0262 4.0250 -2.4038 0
3.0243 4.0234 -2.3991 0
3.0225 4.0217 -2.3946 0
3.0206 4.0199 -2.3903 0
3.0187 4.0182 -2.3861 0
3.0168 4.0163 -2.3821 0
3.0148 4.0144 -2.3783 0
3.0128 4.0125 -2.3745 0
3.0107 4.0105 -2.3709 0
3.0086 4.0085 -2.3675 0
3.0065 4.0065 -2.3641 0
3.0044 4.0044 -2.3609 0
3.0022 4.0022 -2.3577 0
