0.6 0.6 0.245 0
0.6194 0.6049 0.245 0
0.6388 0.6097 0.245 0
0.6582 0.6146 0.245 0
0.6776 0.6194 0.245 0
0.697 0.6243 0.245 0
0.7164 0.6291 0.245 0
0.7358 0.634 0.245 0
0.7552 0.6388 0.245 0
0.7746 0.6437 0.245 0
0.794 0.6485 0.245 0
0.8134 0.6534 0.245 0
0.8328 0.6582 0.245 0
0.8522 0.6631 0.245 0
0.8716 0.6679 0.245 0
0.891 0.6728 0.245 0
0.9104 0.6776 0.245 0
0.9298 0.6825 0.245 0
0.9493 0.6873 0.245 0
0.9687 0.6922 0.245 0
0.9881 0.697 0.245 0
1.0075 0.7019 0.245 0
1.0269 0.7067 0.245 0
1.0463 0.7116 0.245 0
1.0657 0.7164 0.245 0
1.0851 0.7213 0.245 0
1.1045 0.7261 0.245 0
1.1239 0.731 0.245 0
1.1433 0.7358 0.245 0
1.1627 0.7407 0.245 0
1.1821 0.7455 0.245 0
1.2015 0.7504 0.245 0
1.2209 0.7552 0.245 0
1.2403 0.7601 0.245 0
1.2597 0.7649 0.245 0
1.2791 0.7698 0.245 0
1.2985 0.7746 0.245 0
1.3179 0.7795 0.245 0
1.3373 0.7843 0.245 0
1.3567 0.7892 0.245 0
1.3761 0.794 0.245 0
1.3955 0.7989 0.245 0
1.4149 0.8037 0.245 0
1.4343 0.8086 0.245 0
1.4537 0.8134 0.245 0
1.4731 0.8183 0.245 0
1.4925 0.8231 0.245 0
1.5119 0.828 0.245 0
1.5313 0.8328 0.245 0
1.5507 0.8377 0.245 0
1.5701 0.8425 0.245 0
1.5895 0.8474 0.245 0
1.6089 0.8522 0.245 0
1.6284 0.8571 0.245 0
1.6478 0.8619 0.245 0
1.6672 0.8668 0.245 0
1.6866 0.8716 0.245 0
1.706 0.8765 0.245 0
1.7254 0.8813 0.245 0
1.7448 0.8862 0.245 0
1.7642 0.891 0.245 0
1.7836 0.8959 0.245 0
1.803 0.9007 0.245 0
1.8224 0.9056 0.245 0
1.8418 0.9104 0.245 0
1.8612 0.9153 0.245 0
1.8806 0.9201 0.245 0
1.9 0.925 0.245 0
1.9194 0.9298 0.245 0
1.9388 0.9347 0.245 0
1.9582 0.9395 0.245 0
1.9776 0.9444 0.245 0
1.997 0.9493 0.245 0
2.0164 0.9541 0.245 0
2.0358 0.959 0.245 0
2.0552 0.9638 0.245 0
2.0746 0.9687 0.245 0
2.094 0.9735 0.245 0
2.1134 0.9784 0.245 0
2.1328 0.9832 0.245 0
2.1522 0.9881 0.245 0
2.1716 0.9929 0.245 0
2.191 0.9978 0.245 0
2.2104 1.0026 0.245 0
2.2298 1.0075 0.245 0
2.2492 1.0123 0.245 0
2.2686 1.0172 0.245 0
2.288 1.022 0.245 0
2.3075 1.0269 0.245 0
2.3269 1.0317 0.245 0
2.3463 1.0366 0.245 0
2.3657 1.0414 0.245 0
2.3851 1.0463 0.245 0
2.4045 1.0511 0.245 0
2.4239 1.056 0.245 0
2.4433 1.0608 0.245 0
2.4627 1.0657 0.245 0
2.4821 1.0705 0.245 0
2.5015 1.0754 0.245 0
2.5209 1.0802 0.245 0
2.5403 1.0851 0.245 0
2.5597 1.0899 0.245 0
2.5791 1.0948 0.245 0
2.5985 1.0996 0.245 0
2.6179 1.1045 0.245 0
2.6373 1.1093 0.245 0
2.6567 1.1142 0.245 0
2.6761 1.119 0.245 0
2.6955 1.1239 0.245 0
2.7149 1.1287 0.245 0
2.7343 1.1336 0.245 0
2.7537 1.1384 0.245 0
2.7731 1.1433 0.245 0
2.7925 1.1481 0.245 0
2.8119 1.153 0.245 0
2.8313 1.1578 0.245 0
2.8507 1.1627 0.245 0
2.8701 1.1675 0.245 0
2.8895 1.1724 0.245 0
2.9089 1.1772 0.245 0
2.9283 1.1821 0.245 0
2.9477 1.1869 0.245 0
2.9671 1.1918 0.245 0
2.9866 1.1966 0.245 0
3.0 1.2 0.3805 0
3.0186 1.2074 0.3805 0
3.0371 1.2149 0.3805 0
3.0557 1.2223 0.3805 0
3.0743 1.2297 0.3805 0
3.0928 1.2371 0.3805 0
3.1114 1.2446 0.3805 0
3.13 1.252 0.3805 0
3.1486 1.2594 0.3805 0
3.1671 1.2669 0.3805 0
3.1857 1.2743 0.3805 0
3.2043 1.2817 0.3805 0
3.2228 1.2891 0.3805 0
3.2414 1.2966 0.3805 0
3.26 1.304 0.3805 0
3.2785 1.3114 0.3805 0
3.2971 1.3188 0.3805 0
3.3157 1.3263 0.3805 0
3.3343 1.3337 0.3805 0
3.3528 1.3411 0.3805 0
3.3714 1.3486 0.3805 0
3.39 1.356 0.3805 0
3.4085 1.3634 0.3805 0
3.4271 1.3708 0.3805 0
3.4457 1.3783 0.3805 0
3.4642 1.3857 0.3805 0
3.4828 1.3931 0.3805 0
3.5014 1.4006 0.3805 0
3.5199 1.408 0.3805 0
3.5385 1.4154 0.3805 0
3.5571 1.4228 0.3805 0
3.5757 1.4303 0.3805 0
3.5942 1.4377 0.3805 0
3.6128 1.4451 0.3805 0
3.6314 1.4525 0.3805 0
3.6499 1.46 0.3805 0
3.6685 1.4674 0.3805 0
3.6871 1.4748 0.3805 0
3.7056 1.4823 0.3805 0
3.7242 1.4897 0.3805 0
3.7428 1.4971 0.3805 0
3.7614 1.5045 0.3805 0
3.7799 1.512 0.3805 0
3.7985 1.5194 0.3805 0
3.8171 1.5268 0.3805 0
3.8356 1.5343 0.3805 0
3.8542 1.5417 0.3805 0
3.8728 1.5491 0.3805 0
3.8913 1.5565 0.3805 0
3.9099 1.564 0.3805 0
3.9285 1.5714 0.3805 0
3.947 1.5788 0.3805 0
3.9656 1.5862 0.3805 0
3.9842 1.5937 0.3805 0
4.0028 1.6011 0.3805 0
4.0213 1.6085 0.3805 0
4.0399 1.616 0.3805 0
4.0585 1.6234 0.3805 0
4.077 1.6308 0.3805 0
4.0956 1.6382 0.3805 0
4.1142 1.6457 0.3805 0
4.1327 1.6531 0.3805 0
4.1513 1.6605 0.3805 0
4.1699 1.668 0.3805 0
4.1885 1.6754 0.3805 0
4.207 1.6828 0.3805 0
4.2256 1.6902 0.3805 0
4.2442 1.6977 0.3805 0
4.2627 1.7051 0.3805 0
4.2813 1.7125 0.3805 0
4.2999 1.7199 0.3805 0
4.3184 1.7274 0.3805 0
4.337 1.7348 0.3805 0
4.3556 1.7422 0.3805 0
4.3741 1.7497 0.3805 0
4.3927 1.7571 0.3805 0
4.4113 1.7645 0.3805 0
4.4299 1.7719 0.3805 0
4.4484 1.7794 0.3805 0
4.467 1.7868 0.3805 0
4.4856 1.7942 0.3805 0
4.5041 1.8017 0.3805 0
4.5227 1.8091 0.3805 0
4.5413 1.8165 0.3805 0
4.5598 1.8239 0.3805 0
4.5784 1.8314 0.3805 0
4.597 1.8388 0.3805 0
4.6155 1.8462 0.3805 0
4.6341 1.8536 0.3805 0
4.6527 1.8611 0.3805 0
4.6713 1.8685 0.3805 0
4.6898 1.8759 0.3805 0
4.7084 1.8834 0.3805 0
4.727 1.8908 0.3805 0
4.7455 1.8982 0.3805 0
4.7641 1.9056 0.3805 0
4.7827 1.9131 0.3805 0
4.8012 1.9205 0.3805 0
4.8198 1.9279 0.3805 0
4.8384 1.9354 0.3805 0
4.857 1.9428 0.3805 0
4.8755 1.9502 0.3805 0
4.8941 1.9576 0.3805 0
4.9127 1.9651 0.3805 0
4.9312 1.9725 0.3805 0
4.9498 1.9799 0.3805 0
4.9684 1.9873 0.3805 0
4.9869 1.9948 0.3805 0
5.0055 2.0022 0.3805 0
5.0241 2.0096 0.3805 0
5.0426 2.0171 0.3805 0
5.0612 2.0245 0.3805 0
5.0798 2.0319 0.3805 0
5.0984 2.0393 0.3805 0
5.1169 2.0468 0.3805 0
5.1355 2.0542 0.3805 0
5.1541 2.0616 0.3805 0
5.1726 2.0691 0.3805 0
5.1912 2.0765 0.3805 0
5.2098 2.0839 0.3805 0
5.2283 2.0913 0.3805 0
5.2469 2.0988 0.3805 0
5.2655 2.1062 0.3805 0
5.2841 2.1136 0.3805 0
5.3026 2.121 0.3805 0
5.3212 2.1285 0.3805 0
5.3398 2.1359 0.3805 0
5.3583 2.1433 0.3805 0
5.3769 2.1508 0.3805 0
5.3955 2.1582 0.3805 0
5.414 2.1656 0.3805 0
5.4326 2.173 0.3805 0
5.4512 2.1805 0.3805 0
5.4697 2.1879 0.3805 0
5.4883 2.1953 0.3805 0
5.5069 2.2028 0.3805 0
5.5255 2.2102 0.3805 0
5.544 2.2176 0.3805 0
5.5626 2.225 0.3805 0
5.5812 2.2325 0.3805 0
5.5997 2.2399 0.3805 0
5.6183 2.2473 0.3805 0
5.6369 2.2547 0.3805 0
5.6554 2.2622 0.3805 0
5.674 2.2696 0.3805 0
5.6926 2.277 0.3805 0
5.7112 2.2845 0.3805 0
5.7297 2.2919 0.3805 0
5.7483 2.2993 0.3805 0
5.7669 2.3067 0.3805 0
5.7854 2.3142 0.3805 0
5.804 2.3216 0.3805 0
5.8226 2.329 0.3805 0
5.8411 2.3365 0.3805 0
5.8597 2.3439 0.3805 0
5.8783 2.3513 0.3805 0
5.8968 2.3587 0.3805 0
5.9154 2.3662 0.3805 0
5.934 2.3736 0.3805 0
5.9526 2.381 0.3805 0
5.9711 2.3885 0.3805 0
5.9897 2.3959 0.3805 0
6.0 2.4 -2.8633 0
5.9808 2.3945 -2.8633 0
5.9615 2.389 -2.8633 0
5.9423 2.3835 -2.8633 0
5.9231 2.378 -2.8633 0
5.9038 2.3725 -2.8633 0
5.8846 2.367 -2.8633 0
5.8654 2.3615 -2.8633 0
5.8462 2.356 -2.8633 0
5.8269 2.3506 -2.8633 0
5.8077 2.3451 -2.8633 0
5.7885 2.3396 -2.8633 0
5.7692 2.3341 -2.8633 0
5.75 2.3286 -2.8633 0
5.7308 2.3231 -2.8633 0
5.7115 2.3176 -2.8633 0
5.6923 2.3121 -2.8633 0
5.6731 2.3066 -2.8633 0
5.6539 2.3011 -2.8633 0
5.6346 2.2956 -2.8633 0
5.6154 2.2901 -2.8633 0
5.5962 2.2846 -2.8633 0
5.5769 2.2791 -2.8633 0
5.5577 2.2736 -2.8633 0
5.5385 2.2681 -2.8633 0
5.5192 2.2626 -2.8633 0
5.5 2.2571 -2.8633 0
5.4808 2.2517 -2.8633 0
5.4615 2.2462 -2.8633 0
5.4423 2.2407 -2.8633 0
5.4231 2.2352 -2.8633 0
5.4039 2.2297 -2.8633 0
5.3846 2.2242 -2.8633 0
5.3654 2.2187 -2.8633 0
5.3462 2.2132 -2.8633 0
5.3269 2.2077 -2.8633 0
5.3077 2.2022 -2.8633 0
5.2885 2.1967 -2.8633 0
5.2692 2.1912 -2.8633 0
5.25 2.1857 -2.8633 0
5.2308 2.1802 -2.8633 0
5.2116 2.1747 -2.8633 0
5.1923 2.1692 -2.8633 0
5.1731 2.1637 -2.8633 0
5.1539 2.1582 -2.8633 0
5.1346 2.1528 -2.8633 0
5.1154 2.1473 -2.8633 0
5.0962 2.1418 -2.8633 0
5.0769 2.1363 -2.8633 0
5.0577 2.1308 -2.8633 0
5.0385 2.1253 -2.8633 0
5.0192 2.1198 -2.8633 0
5.0 2.1143 -2.8633 0
4.9808 2.1088 -2.8633 0
4.9616 2.1033 -2.8633 0
4.9423 2.0978 -2.8633 0
4.9231 2.0923 -2.8633 0
4.9039 2.0868 -2.8633 0
4.8846 2.0813 -2.8633 0
4.8654 2.0758 -2.8633 0
4.8462 2.0703 -2.8633 0
4.8269 2.0648 -2.8633 0
4.8077 2.0593 -2.8633 0
4.7885 2.0539 -2.8633 0
4.7692 2.0484 -2.8633 0
4.75 2.0429 -2.8633 0
4.7308 2.0374 -2.8633 0
4.7116 2.0319 -2.8633 0
4.6923 2.0264 -2.8633 0
4.6731 2.0209 -2.8633 0
4.6539 2.0154 -2.8633 0
4.6346 2.0099 -2.8633 0
4.6154 2.0044 -2.8633 0
4.5962 1.9989 -2.8633 0
4.5769 1.9934 -2.8633 0
4.5577 1.9879 -2.8633 0
4.5385 1.9824 -2.8633 0
4.5193 1.9769 -2.8633 0
4.5 1.9714 -2.8633 0
4.4808 1.9659 -2.8633 0
4.4616 1.9604 -2.8633 0
4.4423 1.955 -2.8633 0
4.4231 1.9495 -2.8633 0
4.4039 1.944 -2.8633 0
4.3846 1.9385 -2.8633 0
4.3654 1.933 -2.8633 0
4.3462 1.9275 -2.8633 0
4.3269 1.922 -2.8633 0
4.3077 1.9165 -2.8633 0
4.2885 1.911 -2.8633 0
4.2693 1.9055 -2.8633 0
4.25 1.9 -2.8633 0
4.2308 1.8945 -2.8633 0
4.2116 1.889 -2.8633 0
4.1923 1.8835 -2.8633 0
4.1731 1.878 -2.8633 0
4.1539 1.8725 -2.8633 0
4.1346 1.867 -2.8633 0
4.1154 1.8615 -2.8633 0
4.0962 1.8561 -2.8633 0
4.077 1.8506 -2.8633 0
4.0577 1.8451 -2.8633 0
4.0385 1.8396 -2.8633 0
4.0193 1.8341 -2.8633 0
4.0 1.8286 -2.8633 0
3.9808 1.8231 -2.8633 0
3.9616 1.8176 -2.8633 0
3.9423 1.8121 -2.8633 0
3.9231 1.8066 -2.8633 0
3.9039 1.8011 -2.8633 0
3.8846 1.7956 -2.8633 0
3.8654 1.7901 -2.8633 0
3.8462 1.7846 -2.8633 0
3.827 1.7791 -2.8633 0
3.8077 1.7736 -2.8633 0
3.7885 1.7681 -2.8633 0
3.7693 1.7626 -2.8633 0
3.75 1.7572 -2.8633 0
3.7308 1.7517 -2.8633 0
3.7116 1.7462 -2.8633 0
3.6923 1.7407 -2.8633 0
3.6731 1.7352 -2.8633 0
3.6539 1.7297 -2.8633 0
3.6347 1.7242 -2.8633 0
3.6154 1.7187 -2.8633 0
3.5962 1.7132 -2.8633 0
3.577 1.7077 -2.8633 0
3.5577 1.7022 -2.8633 0
3.5385 1.6967 -2.8633 0
3.5193 1.6912 -2.8633 0
3.5 1.6857 -2.8633 0
3.4808 1.6802 -2.8633 0
3.4616 1.6747 -2.8633 0
3.4423 1.6692 -2.8633 0
3.4231 1.6637 -2.8633 0
3.4039 1.6583 -2.8633 0
3.3847 1.6528 -2.8633 0
3.3654 1.6473 -2.8633 0
3.3462 1.6418 -2.8633 0
3.327 1.6363 -2.8633 0
3.3077 1.6308 -2.8633 0
3.2885 1.6253 -2.8633 0
3.2693 1.6198 -2.8633 0
3.25 1.6143 -2.8633 0
3.2308 1.6088 -2.8633 0
3.2116 1.6033 -2.8633 0
3.1924 1.5978 -2.8633 0
3.1731 1.5923 -2.8633 0
3.1539 1.5868 -2.8633 0
3.1347 1.5813 -2.8633 0
3.1154 1.5758 -2.8633 0
3.0962 1.5703 -2.8633 0
3.077 1.5648 -2.8633 0
3.0577 1.5594 -2.8633 0
3.0385 1.5539 -2.8633 0
3.0193 1.5484 -2.8633 0
3.0 1.5429 -2.8633 0
2.9808 1.5374 -2.8633 0
2.9616 1.5319 -2.8633 0
2.9424 1.5264 -2.8633 0
2.9231 1.5209 -2.8633 0
2.9039 1.5154 -2.8633 0
2.8847 1.5099 -2.8633 0
2.8654 1.5044 -2.8633 0
2.8462 1.4989 -2.8633 0
2.827 1.4934 -2.8633 0
2.8077 1.4879 -2.8633 0
2.7885 1.4824 -2.8633 0
2.7693 1.4769 -2.8633 0
2.75 1.4714 -2.8633 0
2.7308 1.4659 -2.8633 0
2.7116 1.4605 -2.8633 0
2.6924 1.455 -2.8633 0
2.6731 1.4495 -2.8633 0
2.6539 1.444 -2.8633 0
2.6347 1.4385 -2.8633 0
2.6154 1.433 -2.8633 0
2.5962 1.4275 -2.8633 0
2.577 1.422 -2.8633 0
2.5577 1.4165 -2.8633 0
2.5385 1.411 -2.8633 0
2.5193 1.4055 -2.8633 0
2.5001 1.4 -2.8633 0
2.4808 1.3945 -2.8633 0
2.4616 1.389 -2.8633 0
2.4424 1.3835 -2.8633 0
2.4231 1.378 -2.8633 0
2.4039 1.3725 -2.8633 0
2.3847 1.367 -2.8633 0
2.3654 1.3616 -2.8633 0
2.3462 1.3561 -2.8633 0
2.327 1.3506 -2.8633 0
2.3077 1.3451 -2.8633 0
2.2885 1.3396 -2.8633 0
2.2693 1.3341 -2.8633 0
2.2501 1.3286 -2.8633 0
2.2308 1.3231 -2.8633 0
2.2116 1.3176 -2.8633 0
2.1924 1.3121 -2.8633 0
2.1731 1.3066 -2.8633 0
2.1539 1.3011 -2.8633 0
2.1347 1.2956 -2.8633 0
2.1154 1.2901 -2.8633 0
2.0962 1.2846 -2.8633 0
2.077 1.2791 -2.8633 0
2.0578 1.2736 -2.8633 0
2.0385 1.2681 -2.8633 0
2.0193 1.2627 -2.8633 0
2.0001 1.2572 -2.8633 0
1.9808 1.2517 -2.8633 0
1.9616 1.2462 -2.8633 0
1.9424 1.2407 -2.8633 0
1.9231 1.2352 -2.8633 0
1.9039 1.2297 -2.8633 0
1.8847 1.2242 -2.8633 0
1.8654 1.2187 -2.8633 0
1.8462 1.2132 -2.8633 0
1.827 1.2077 -2.8633 0
1.8078 1.2022 -2.8633 0
