 0.308 0.514 -0.0464956 9.57005e-321 1.55716e+142 0.3969 0.4748 0.9083 0 0 0 1.682 0.243 3.21143e-322 0 6.98439e-317 6.98436e-317 
 0.313 0.508 -0.0464958 9.57005e-321 1.55716e+142 0.3889 0.4646 0.9078 0.1018 0.742665 0.523599 1.653 0.253 3.21143e-322 0 6.98439e-317 6.98436e-317 
 0.322 0.518 -0.043553 9.57005e-321 1.55716e+142 0.381 0.4545 0.9072 0.0915501 0.590611 0.523599 1.669 0.254 3.21143e-322 0 6.98439e-317 6.98436e-317 
 0.307 0.526 0.0107928 9.57005e-321 1.55716e+142 0.385 0.4595 0.9075 0.111452 0.532462 0.523599 1.659 0.285 3.21143e-322 0 6.98439e-317 6.98436e-317 
 0.316 0.527 0.0687748 9.57005e-321 1.55716e+142 0.3929 0.4697 0.9081 0.118584 0.559805 0.523599 1.672 0.295 3.21143e-322 0 6.98439e-317 6.98436e-317 
 0.328 0.538 0.123738 9.57005e-321 1.55716e+142 0.3929 0.4697 0.9081 0.108862 0.479247 0.523599 1.648 0.309 3.21143e-322 0 6.98439e-317 6.98436e-317 
 0.343 0.547 0.181084 9.57005e-321 1.55716e+142 0.3929 0.4697 0.9081 0.105037 0.382657 0.523599 1.678 0.335 3.21143e-322 0 6.98439e-317 6.98436e-317 
 0.334 0.568 0.226444 9.57005e-321 1.55716e+142 0.4049 0.4851 0.9089 0.116362 0.325599 0.466579 1.633 0.353 3.21143e-322 0 6.98439e-317 6.98436e-317 
 0.356 0.545 0.265718 9.57005e-321 1.55716e+142 0.4049 0.4851 0.9089 0.104141 0.513961 0.523599 1.633 0.376 3.21143e-322 0 6.98439e-317 6.98436e-317 
 0.366 0.547 0.298501 9.57005e-321 1.55716e+142 0.413 0.4954 0.9094 0.106339 0.569298 0.523599 1.635 0.394 3.21143e-322 0 6.98439e-317 6.98436e-317 
 0.385 0.573 0.355649 9.57005e-321 1.55716e+142 0.417 0.5006 0.9097 0.0957133 0.472982 0.523599 1.637 0.382 3.21143e-322 0 6.98439e-317 6.98436e-317 
 0.394 0.593 0.414783 9.57005e-321 1.55716e+142 0.4252 0.5111 0.9102 0.100372 0.387571 0.523599 1.657 0.382 3.21143e-322 0 6.98439e-317 6.98436e-317 
 0.4 0.608 0.461847 9.57005e-321 1.55716e+142 0.4415 0.5322 0.9111 0.106033 0.432736 0.523599 1.626 0.415 3.21143e-322 0 6.98439e-317 6.98436e-317 
 0.399 0.621 0.500536 9.57005e-321 1.55716e+142 0.4498 0.5428 0.9116 0.113014 0.385063 0.523599 1.618 0.424 3.21143e-322 0 6.98439e-317 6.98436e-317 
 0.399 0.621 0.545836 9.57005e-321 1.55716e+142 0.4623 0.5589 0.9122 0.1337 0.388313 0.48171 1.644 0.427 3.21143e-322 0 6.98439e-317 6.98436e-317 
 0.414 0.645 0.583984 9.57005e-321 1.55716e+142 0.4748 0.5751 0.9128 0.126921 0.382192 0.496703 1.625 0.452 3.21143e-322 0 6.98439e-317 6.98436e-317 
 0.409 0.661 0.62371 9.57005e-321 1.55716e+142 0.4748 0.5751 0.9128 0.122492 0.267611 0.374674 1.604 0.47 3.21143e-322 0 6.98439e-317 6.98436e-317 
 0.393 0.664 0.662168 9.57005e-321 1.55716e+142 0.4875 0.5915 0.9134 0.152985 0.134348 0.156775 1.637 0.463 3.21143e-322 0 6.98439e-317 6.98436e-317 
 0.387 0.673 0.691235 9.57005e-321 1.55716e+142 0.4917 0.597 0.9136 0.157829 0.0614391 0.0699555 1.626 0.463 3.21143e-322 0 6.98439e-317 6.98436e-317 
 0.383 0.667 0.701876 9.57005e-321 1.55716e+142 0.4875 0.5915 0.9134 0.154704 0.0725545 0.0842186 1.608 0.481 3.21143e-322 0 6.98439e-317 6.98436e-317 
 0.396 0.674 0.70863 9.57005e-321 1.55716e+142 0.4875 0.5915 0.9134 0.139087 0.143851 0.184059 1.582 0.5 3.21143e-322 0 6.98439e-317 6.98436e-317 
 0.378 0.687 0.716999 9.57005e-321 1.55716e+142 0.4875 0.5915 0.9134 0.145975 -0.0375424 -0.0462601 1.582 0.494 3.21143e-322 0 6.98439e-317 6.98436e-317 
 0.371 0.703 0.730377 9.57005e-321 1.55716e+142 0.4917 0.597 0.9136 0.147072 -0.146358 -0.177246 1.572 0.505 3.21143e-322 0 6.98439e-317 6.98436e-317 
 0.36 0.705 0.729884 9.57005e-321 1.55716e+142 0.4959 0.6025 0.9138 0.157686 -0.241472 -0.268964 1.589 0.541 3.21143e-322 0 6.98439e-317 6.98436e-317 
 0.348 0.731 0.726594 9.57005e-321 1.55716e+142 0.4959 0.6025 0.9138 0.157914 -0.441977 -0.466677 1.597 0.532 3.21143e-322 0 6.98439e-317 6.98436e-317 
 0.342 0.749 0.719249 9.57005e-321 1.55716e+142 0.4959 0.6025 0.9138 0.151114 -0.522904 -0.523599 1.568 0.545 3.21143e-322 0 6.98439e-317 6.98436e-317 
 0.346 0.753 0.698037 9.57005e-321 1.55716e+142 0.5044 0.6135 0.9141 0.154656 -0.46995 -0.500509 1.558 0.559 3.21143e-322 0 6.98439e-317 6.98436e-317 
 0.342 0.778 0.644278 9.57005e-321 1.55716e+142 0.5044 0.6135 0.9141 0.150162 -0.583643 -0.523599 1.558 0.576 3.21143e-322 0 6.98439e-317 6.98436e-317 
 0.342 0.804 0.593664 9.57005e-321 1.55716e+142 0.513 0.6246 0.9145 0.151007 -0.646984 -0.523599 1.552 0.608 3.21143e-322 0 6.98439e-317 6.98436e-317 
 0.359 0.82 0.530118 9.57005e-321 1.55716e+142 0.5259 0.6414 0.9149 0.146756 -0.570676 -0.523599 1.547 0.63 3.21143e-322 0 6.98439e-317 6.98436e-317 
 0.342 0.858 0.464264 9.57005e-321 1.55716e+142 0.5433 0.664 0.9155 0.173179 -0.646817 -0.523599 1.55 0.631 3.21143e-322 0 6.98439e-317 6.98436e-317 
 0.346 0.872 0.404487 9.57005e-321 1.55716e+142 0.552 0.6753 0.9158 0.173753 -0.581404 -0.523599 1.527 0.631 3.21143e-322 0 6.98439e-317 6.98436e-317 
 0.334 0.878 0.337815 9.57005e-321 1.55716e+142 0.5652 0.6925 0.9162 0.197376 -0.497989 -0.426298 1.546 0.659 3.21143e-322 0 6.98439e-317 6.98436e-317 
 0.321 0.91 0.276521 9.57005e-321 1.55716e+142 0.5652 0.6925 0.9162 0.206036 -0.587605 -0.474271 1.543 0.678 3.21143e-322 0 6.98439e-317 6.98436e-317 
 0.313 0.928 0.219403 9.57005e-321 1.55716e+142 0.5696 0.6982 0.9163 0.216937 -0.578317 -0.447397 1.548 0.699 3.21143e-322 0 6.98439e-317 6.98436e-317 
 0.305 0.943 0.154949 9.57005e-321 1.55716e+142 0.5784 0.7097 0.9165 0.231327 -0.500746 -0.371544 1.551 0.705 3.21143e-322 0 6.98439e-317 6.98436e-317 
 0.28 0.955 0.0898099 9.57005e-321 1.55716e+142 0.5873 0.7213 0.9167 0.256794 -0.385378 -0.263834 1.536 0.701 3.21143e-322 0 6.98439e-317 6.98436e-317 
 0.287 0.959 0.0404137 9.57005e-321 1.55716e+142 0.5873 0.7213 0.9167 0.247025 -0.344738 -0.246108 1.524 0.725 3.21143e-322 0 6.98439e-317 6.98436e-317 
 0.282 0.975 -0.00018556 9.57005e-321 1.55716e+142 0.5873 0.7213 0.9167 0.25414 -0.354332 -0.245885 1.536 0.747 3.21143e-322 0 6.98439e-317 6.98436e-317 
 0.29 1 -0.0363062 9.57005e-321 1.55716e+142 0.5917 0.7271 0.9168 0.252649 -0.373251 -0.259908 1.537 0.749 3.21143e-322 0 6.98439e-317 6.98436e-317 
 0.329 1.017 -0.0736932 9.57005e-321 1.55716e+142 0.5962 0.733 0.9169 0.219511 -0.407496 -0.322483 1.516 0.758 3.21143e-322 0 6.98439e-317 6.98436e-317 
 0.345 1.058 -0.115661 9.57005e-321 1.55716e+142 0.6186 0.7622 0.9174 0.220646 -0.368677 -0.292156 1.502 0.761 3.21143e-322 0 6.98439e-317 6.98436e-317 
 0.358 1.088 -0.159737 9.57005e-321 1.55716e+142 0.6413 0.7918 0.9178 0.222818 -0.289033 -0.229381 1.495 0.777 3.21143e-322 0 6.98439e-317 6.98436e-317 
 0.363 1.106 -0.19338 9.57005e-321 1.55716e+142 0.6688 0.8278 0.9182 0.231906 -0.126688 -0.0980172 1.494 0.779 3.21143e-322 0 6.98439e-317 6.98436e-317 
 0.378 1.116 -0.21775 9.57005e-321 1.55716e+142 0.6826 0.8459 0.9183 0.224586 -0.0645732 -0.0517077 1.49 0.794 3.21143e-322 0 6.98439e-317 6.98436e-317 
 0.379 1.159 -0.228172 9.57005e-321 1.55716e+142 0.6965 0.8641 0.9185 0.237607 -0.108137 -0.0817373 1.481 0.804 3.21143e-322 0 6.98439e-317 6.98436e-317 
 0.399 1.177 -0.238119 9.57005e-321 1.55716e+142 0.7058 0.8763 0.9185 0.226207 -0.141117 -0.111823 1.471 0.835 3.21143e-322 0 6.98439e-317 6.98436e-317 
 0.429 1.181 -0.250772 9.57005e-321 1.55716e+142 0.7245 0.9008 0.9186 0.212374 -0.0675853 -0.0572201 1.498 0.848 3.21143e-322 0 6.98439e-317 6.98436e-317 
 0.436 1.198 -0.263864 9.57005e-321 1.55716e+142 0.7339 0.9131 0.9187 0.211278 -0.0475545 -0.0404923 1.48 0.844 3.21143e-322 0 6.98439e-317 6.98436e-317 
 0.444 1.237 -0.271465 9.57005e-321 1.55716e+142 0.7528 0.9378 0.9187 0.218693 -0.0565048 -0.0464741 1.462 0.862 3.21143e-322 0 6.98439e-317 6.98436e-317 
 0.456 1.242 -0.277441 9.57005e-321 1.55716e+142 0.7623 0.9503 0.9187 0.213655 -0.011757 -0.00990471 1.462 0.856 3.21143e-322 0 6.98439e-317 6.98436e-317 
 0.49 1.254 -0.283108 9.57005e-321 1.55716e+142 0.7814 0.9752 0.9187 0.1945 0.0508774 0.0470497 1.441 0.854 3.21143e-322 0 6.98439e-317 6.98436e-317 
 0.487 1.274 -0.285105 9.57005e-321 1.55716e+142 0.7958 0.9941 0.9187 0.204765 0.0852472 0.0747974 1.423 0.874 3.21143e-322 0 6.98439e-317 6.98436e-317 
 0.528 1.296 -0.284439 9.57005e-321 1.55716e+142 0.8102 1.013 0.9187 0.185362 0.0351883 0.0341571 1.433 0.894 3.21143e-322 0 6.98439e-317 6.98436e-317 
 0.514 1.316 -0.282989 9.57005e-321 1.55716e+142 0.815 1.0193 0.9186 0.203057 0.0362761 0.0321459 1.423 0.881 3.21143e-322 0 6.98439e-317 6.98436e-317 
 0.541 1.321 -0.282342 9.57005e-321 1.55716e+142 0.8441 1.0574 0.9185 0.195255 0.201617 0.183767 1.426 0.883 3.21143e-322 0 6.98439e-317 6.98436e-317 
 0.534 1.344 -0.282171 9.57005e-321 1.55716e+142 0.8538 1.0701 0.9184 0.211459 0.200395 0.168956 1.432 0.876 3.21143e-322 0 6.98439e-317 6.98436e-317 
 0.545 1.341 -0.277067 9.57005e-321 1.55716e+142 0.8636 1.0829 0.9183 0.2034 0.250797 0.218404 1.403 0.913 3.21143e-322 0 6.98439e-317 6.98436e-317 
 0.562 1.355 -0.27209 9.57005e-321 1.55716e+142 0.8636 1.0829 0.9183 0.193776 0.167113 0.154003 1.379 0.933 3.21143e-322 0 6.98439e-317 6.98436e-317 
 0.579 1.348 -0.259161 9.57005e-321 1.55716e+142 0.8783 1.1021 0.9181 0.189646 0.28016 0.259896 1.424 0.905 3.21143e-322 0 6.98439e-317 6.98436e-317 
 0.59 1.375 -0.242475 9.57005e-321 1.55716e+142 0.8832 1.1085 0.9181 0.190413 0.184176 0.172377 1.39 0.924 3.21143e-322 0 6.98439e-317 6.98436e-317 
 0.608 1.385 -0.178401 9.57005e-321 1.55716e+142 0.9227 1.1602 0.9176 0.207975 0.274588 0.233324 1.292 1.05 3.21143e-322 0 6.98439e-317 6.98436e-317 
 0.616 1.403 -0.167773 9.57005e-321 1.55716e+142 0.9227 1.1602 0.9176 0.207298 0.205545 0.176618 1.286 1.038 3.21143e-322 0 6.98439e-317 6.98436e-317 
 0.625 1.424 -0.146842 9.57005e-321 1.55716e+142 0.9227 1.1602 0.9176 0.207869 0.0642257 0.0555578 1.274 1.067 3.21143e-322 0 6.98439e-317 6.98436e-317 
 0.63 1.45 -0.128243 9.57005e-321 1.55716e+142 0.9277 1.1667 0.9175 0.211126 -0.0298999 -0.0254864 1.289 1.071 3.21143e-322 0 6.98439e-317 6.98436e-317 
 0.669 1.46 -0.122308 9.57005e-321 1.55716e+142 0.9576 1.2057 0.917 0.20669 0.143798 0.124581 1.28 1.059 3.21143e-322 0 6.98439e-317 6.98436e-317 
 0.698 1.505 -0.117396 9.57005e-321 1.55716e+142 0.9676 1.2188 0.9168 0.20025 0.0371 0.033336 1.289 1.045 3.21143e-322 0 6.98439e-317 6.98436e-317 
 0.696 1.512 -0.104613 9.57005e-321 1.55716e+142 0.9927 1.2515 0.9164 0.220088 0.17141 0.139281 1.273 1.063 3.21143e-322 0 6.98439e-317 6.98436e-317 
 0.695 1.54 -0.0958877 9.57005e-321 1.55716e+142 1.0027 1.2646 0.9161 0.232893 0.128194 0.0987568 1.258 1.068 3.21143e-322 0 6.98439e-317 6.98436e-317 
 0.72 1.539 -0.0785465 9.57005e-321 1.55716e+142 1.0128 1.2778 0.9159 0.222709 0.171962 0.1381 1.278 1.062 3.21143e-322 0 6.98439e-317 6.98436e-317 
 0.739 1.564 -0.0652053 9.57005e-321 1.55716e+142 1.028 1.2975 0.9156 0.223762 0.169757 0.135717 1.287 1.051 3.21143e-322 0 6.98439e-317 6.98436e-317 
 0.727 1.592 -0.0473695 9.57005e-321 1.55716e+142 1.0432 1.3173 0.9152 0.246874 0.151356 0.109911 1.279 1.048 3.21143e-322 0 6.98439e-317 6.98436e-317 
 0.752 1.609 -0.0292858 9.57005e-321 1.55716e+142 1.0483 1.3239 0.9151 0.241905 0.0604944 0.0449831 1.241 1.092 3.21143e-322 0 6.98439e-317 6.98436e-317 
 0.762 1.63 -0.0168139 9.57005e-321 1.55716e+142 1.0687 1.3504 0.9146 0.251062 0.0908226 0.0650239 1.249 1.099 3.21143e-322 0 6.98439e-317 6.98436e-317 
 0.797 1.654 -0.00951492 9.57005e-321 1.55716e+142 1.084 1.3703 0.9141 0.240149 0.0962499 0.0720179 1.27 1.084 3.21143e-322 0 6.98439e-317 6.98436e-317 
 0.8 1.676 -7.36181e-05 9.57005e-321 1.55716e+142 1.1044 1.3968 0.9136 0.256774 0.134914 0.0942954 1.258 1.087 3.21143e-322 0 6.98439e-317 6.98436e-317 
 0.81 1.693 0.0100906 9.57005e-321 1.55716e+142 1.1198 1.4167 0.9131 0.263827 0.135549 0.0922179 1.252 1.109 3.21143e-322 0 6.98439e-317 6.98436e-317 
 0.828 1.723 0.023375 9.57005e-321 1.55716e+142 1.1404 1.4434 0.9125 0.27272 0.141216 0.0929365 1.239 1.104 3.21143e-322 0 6.98439e-317 6.98436e-317 
 0.836 1.765 0.0367597 9.57005e-321 1.55716e+142 1.1507 1.4567 0.9121 0.277459 0.013847 0.00898295 1.243 1.117 3.21143e-322 0 6.98439e-317 6.98436e-317 
 0.856 1.769 0.0520733 9.57005e-321 1.55716e+142 1.1765 1.49 0.9112 0.28316 0.124558 0.0790143 1.262 1.123 3.21143e-322 0 6.98439e-317 6.98436e-317 
 0.874 1.803 0.0558435 9.57005e-321 1.55716e+142 1.1869 1.5034 0.9109 0.285084 0.0514629 0.032482 1.233 1.137 3.21143e-322 0 6.98439e-317 6.98436e-317 
 0.856 1.823 0.0671226 9.57005e-321 1.55716e+142 1.2024 1.5234 0.9103 0.311327 0.055165 0.031884 1.225 1.126 3.21143e-322 0 6.98439e-317 6.98436e-317 
 0.883 1.857 0.0731279 9.57005e-321 1.55716e+142 1.218 1.5435 0.9097 0.30673 0.0105578 0.00619561 1.241 1.119 3.21143e-322 0 6.98439e-317 6.98436e-317 
 0.891 1.884 0.0788356 9.57005e-321 1.55716e+142 1.2336 1.5635 0.9091 0.317014 -0.011332 -0.00643423 1.228 1.125 3.21143e-322 0 6.98439e-317 6.98436e-317 
 0.923 1.905 0.0828795 9.57005e-321 1.55716e+142 1.2545 1.5902 0.9083 0.316346 0.0211404 0.0120282 1.214 1.143 3.21143e-322 0 6.98439e-317 6.98436e-317 
 0.916 1.935 0.0853226 9.57005e-321 1.55716e+142 1.2701 1.6103 0.9076 0.334362 -0.0175329 -0.00943835 1.207 1.159 3.21143e-322 0 6.98439e-317 6.98436e-317 
 0.906 1.954 0.0885765 9.57005e-321 1.55716e+142 1.291 1.637 0.9067 0.358944 0.0113234 0.00567827 1.198 1.167 3.21143e-322 0 6.98439e-317 6.98436e-317 
 0.914 1.991 0.0895909 9.57005e-321 1.55716e+142 1.2962 1.6437 0.9065 0.362994 -0.0879245 -0.0435721 1.184 1.154 3.21143e-322 0 6.98439e-317 6.98436e-317 
 0.943 2.03 0.0916439 9.57005e-321 1.55716e+142 1.3067 1.6571 0.906 0.352822 -0.182911 -0.0930465 1.201 1.161 3.21143e-322 0 6.98439e-317 6.98436e-317 
 0.965 2.071 0.089769 9.57005e-321 1.55716e+142 1.3486 1.7105 0.904 0.376002 -0.124402 -0.0594838 1.194 1.164 3.21143e-322 0 6.98439e-317 6.98436e-317 
 0.989 2.103 0.0850286 9.57005e-321 1.55716e+142 1.3644 1.7305 0.9032 0.370726 -0.161949 -0.0784704 1.216 1.182 3.21143e-322 0 6.98439e-317 6.98436e-317 
 1.001 2.115 0.079422 9.57005e-321 1.55716e+142 1.3906 1.7637 0.9019 0.388666 -0.0621601 -0.0287798 1.189 1.216 3.21143e-322 0 6.98439e-317 6.98436e-317 
 1.02 2.176 0.070908 9.57005e-321 1.55716e+142 1.4064 1.7837 0.901 0.392787 -0.20017 -0.0914748 1.19 1.205 3.21143e-322 0 6.98439e-317 6.98436e-317 
 1.039 2.189 0.0641678 9.57005e-321 1.55716e+142 1.4327 1.8169 0.8996 0.401571 -0.118171 -0.0529192 1.193 1.214 3.21143e-322 0 6.98439e-317 6.98436e-317 
 1.046 2.231 0.0497173 9.57005e-321 1.55716e+142 1.4485 1.8368 0.8987 0.413351 -0.168882 -0.0734101 1.179 1.23 3.21143e-322 0 6.98439e-317 6.98436e-317 
 1.079 2.277 0.0374253 9.57005e-321 1.55716e+142 1.4801 1.8764 0.8968 0.417615 -0.195935 -0.0842519 1.191 1.216 3.21143e-322 0 6.98439e-317 6.98436e-317 
 1.085 2.322 0.0198509 9.57005e-321 1.55716e+142 1.5012 1.9028 0.8955 0.437579 -0.227495 -0.0933093 1.154 1.234 3.21143e-322 0 6.98439e-317 6.98436e-317 
 1.102 2.353 -0.00119869 9.57005e-321 1.55716e+142 1.5328 1.9422 0.8934 0.452915 -0.174389 -0.0691958 1.139 1.241 3.21143e-322 0 6.98439e-317 6.98436e-317 
 1.128 2.39 -0.0238811 9.57005e-321 1.55716e+142 1.5591 1.9749 0.8916 0.454824 -0.186009 -0.0734818 1.15 1.221 3.21143e-322 0 6.98439e-317 6.98436e-317 
 1.149 2.445 -0.042383 9.57005e-321 1.55716e+142 1.5802 2.0009 0.8901 0.463394 -0.270088 -0.10453 1.121 1.229 3.21143e-322 0 6.98439e-317 6.98436e-317 
 1.156 2.484 -0.0612558 9.57005e-321 1.55716e+142 1.6065 2.0333 0.8882 0.479438 -0.267141 -0.0999612 1.115 1.235 3.21143e-322 0 6.98439e-317 6.98436e-317 
 1.172 2.517 -0.0898822 9.57005e-321 1.55716e+142 1.6381 2.0721 0.8858 0.492682 -0.192408 -0.0701802 1.103 1.268 3.21143e-322 0 6.98439e-317 6.98436e-317 
 1.209 2.563 -0.117615 9.57005e-321 1.55716e+142 1.6643 2.1041 0.8837 0.488638 -0.206156 -0.0757965 1.114 1.288 3.21143e-322 0 6.98439e-317 6.98436e-317 
 1.243 2.609 -0.137708 9.57005e-321 1.55716e+142 1.6958 2.1424 0.881 0.492431 -0.215649 -0.0786644 1.091 1.312 3.21143e-322 0 6.98439e-317 6.98436e-317 
 1.257 2.647 -0.160215 9.57005e-321 1.55716e+142 1.7219 2.174 0.8787 0.500135 -0.22317 -0.0801476 1.126 1.287 3.21143e-322 0 6.98439e-317 6.98436e-317 
 1.289 2.691 -0.183363 9.57005e-321 1.55716e+142 1.7585 2.218 0.8753 0.508595 -0.200351 -0.0707889 1.072 1.318 3.21143e-322 0 6.98439e-317 6.98436e-317 
 1.336 2.724 -0.207326 9.57005e-321 1.55716e+142 1.7793 2.2429 0.8733 0.493188 -0.253163 -0.092136 1.08 1.279 3.21143e-322 0 6.98439e-317 6.98436e-317 
 1.368 2.779 -0.230312 9.57005e-321 1.55716e+142 1.8156 2.2862 0.8696 0.500412 -0.260793 -0.0935343 1.081 1.298 3.21143e-322 0 6.98439e-317 6.98436e-317 
 1.425 2.841 -0.285046 9.57005e-321 1.55716e+142 1.8879 2.3711 0.8616 0.507777 -0.126912 -0.0449584 1.057 1.326 3.21143e-322 0 6.98439e-317 6.98436e-317 
 1.472 2.884 -0.311911 9.57005e-321 1.55716e+142 1.9187 2.4069 0.8579 0.500009 -0.127221 -0.0457669 1.045 1.358 3.21143e-322 0 6.98439e-317 6.98436e-317 
 1.515 2.918 -0.326655 9.57005e-321 1.55716e+142 1.9493 2.4422 0.854 0.492326 -0.136975 -0.050038 1.046 1.352 3.21143e-322 0 6.98439e-317 6.98436e-317 
 1.546 2.963 -0.341082 9.57005e-321 1.55716e+142 1.9747 2.4713 0.8506 0.494326 -0.168715 -0.0613575 1.045 1.384 3.21143e-322 0 6.98439e-317 6.98436e-317 
 1.571 2.997 -0.355277 9.57005e-321 1.55716e+142 2.0151 2.5171 0.8448 0.501534 -0.111009 -0.0398201 1.053 1.38 3.21143e-322 0 6.98439e-317 6.98436e-317 
 1.623 3.02 -0.372178 9.57005e-321 1.55716e+142 2.0452 2.5509 0.8403 0.484702 -0.0977545 -0.0362864 1.046 1.383 3.21143e-322 0 6.98439e-317 6.98436e-317 
 1.653 3.047 -0.385904 9.57005e-321 1.55716e+142 2.0752 2.5842 0.8356 0.483352 -0.0665726 -0.0247865 1.041 1.401 3.21143e-322 0 6.98439e-317 6.98436e-317 
 1.694 3.079 -0.397663 9.57005e-321 1.55716e+142 2.105 2.617 0.8307 0.476731 -0.0740069 -0.0279356 1.017 1.404 3.21143e-322 0 6.98439e-317 6.98436e-317 
 1.73 3.122 -0.406063 9.57005e-321 1.55716e+142 2.1297 2.644 0.8264 0.475668 -0.119691 -0.045262 1.004 1.432 3.21143e-322 0 6.98439e-317 6.98436e-317 
 1.777 3.158 -0.414576 9.57005e-321 1.55716e+142 2.1739 2.6917 0.8184 0.471204 -0.0915759 -0.0349677 1.013 1.444 3.21143e-322 0 6.98439e-317 6.98436e-317 
 1.818 3.19 -0.425521 9.57005e-321 1.55716e+142 2.1984 2.7177 0.8138 0.46342 -0.117906 -0.0457647 1.007 1.45 3.21143e-322 0 6.98439e-317 6.98436e-317 
 1.846 3.222 -0.436219 9.57005e-321 1.55716e+142 2.2372 2.7585 0.806 0.468297 -0.0712071 -0.0273631 0.986 1.461 3.21143e-322 0 6.98439e-317 6.98436e-317 
 1.893 3.237 -0.448981 9.57005e-321 1.55716e+142 2.2662 2.7886 0.7999 0.452176 -0.0455752 -0.0181403 0.968 1.468 3.21143e-322 0 6.98439e-317 6.98436e-317 
 1.926 3.263 -0.457262 9.57005e-321 1.55716e+142 2.2998 2.823 0.7925 0.450503 -0.0148476 -0.00593234 0.969 1.477 3.21143e-322 0 6.98439e-317 6.98436e-317 
 1.975 3.304 -0.462811 9.57005e-321 1.55716e+142 2.3237 2.8471 0.787 0.441895 -0.0886989 -0.0361146 0.971 1.496 3.21143e-322 0 6.98439e-317 6.98436e-317 
 2.033 3.341 -0.466884 9.57005e-321 1.55716e+142 2.357 2.8803 0.7791 0.429466 -0.137128 -0.0574105 0.979 1.48 3.21143e-322 0 6.98439e-317 6.98436e-317 
 2.058 3.374 -0.475199 9.57005e-321 1.55716e+142 2.4043 2.9265 0.767 0.440084 -0.0595184 -0.0243389 1.01 1.476 3.21143e-322 0 6.98439e-317 6.98436e-317 
 2.081 3.393 -0.487146 9.57005e-321 1.55716e+142 2.4325 2.9535 0.7594 0.441098 -0.0143178 -0.00584264 0.968 1.491 3.21143e-322 0 6.98439e-317 6.98436e-317 
 2.128 3.397 -0.494419 9.57005e-321 1.55716e+142 2.4512 2.9712 0.7542 0.418956 -0.0163812 -0.00703791 0.976 1.496 3.21143e-322 0 6.98439e-317 6.98436e-317 
 2.145 3.415 -0.498725 9.57005e-321 1.55716e+142 2.4792 2.9973 0.7462 0.423875 0.0281412 0.0119497 0.989 1.522 3.21143e-322 0 6.98439e-317 6.98436e-317 
 2.179 3.451 -0.501914 9.57005e-321 1.55716e+142 2.4978 3.0145 0.7406 0.422685 -0.0413763 -0.0176183 0.976 1.542 3.21143e-322 0 6.98439e-317 6.98436e-317 
 2.222 3.462 -0.503972 9.57005e-321 1.55716e+142 2.5256 3.0397 0.732 0.409353 -0.0320719 -0.0141017 0.959 1.561 3.21143e-322 0 6.98439e-317 6.98436e-317 
 2.241 3.483 -0.508274 9.57005e-321 1.55716e+142 2.5533 3.0644 0.7232 0.414625 -0.0028958 -0.00125714 0.949 1.567 3.21143e-322 0 6.98439e-317 6.98436e-317 
 2.278 3.493 -0.51121 9.57005e-321 1.55716e+142 2.5717 3.0805 0.717 0.401881 -0.0173717 -0.00778052 0.966 1.558 3.21143e-322 0 6.98439e-317 6.98436e-317 
 2.316 3.523 -0.512771 9.57005e-321 1.55716e+142 2.5946 3.1004 0.7092 0.398251 -0.0704947 -0.0318511 0.956 1.575 3.21143e-322 0 6.98439e-317 6.98436e-317 
 2.35 3.531 -0.515474 9.57005e-321 1.55716e+142 2.622 3.1237 0.6995 0.389771 -0.042122 -0.0194499 0.964 1.585 3.21143e-322 0 6.98439e-317 6.98436e-317 
 2.385 3.555 -0.521162 9.57005e-321 1.55716e+142 2.6402 3.139 0.6928 0.384265 -0.0888332 -0.0415878 0.948 1.617 3.21143e-322 0 6.98439e-317 6.98436e-317 
 2.429 3.579 -0.525259 9.57005e-321 1.55716e+142 2.681 3.1724 0.6772 0.381224 -0.0690269 -0.0325805 0.94 1.602 3.21143e-322 0 6.98439e-317 6.98436e-317 
 2.463 3.592 -0.53227 9.57005e-321 1.55716e+142 2.7036 3.1904 0.6681 0.373726 -0.0692644 -0.0333479 0.972 1.625 3.21143e-322 0 6.98439e-317 6.98436e-317 
 2.51 3.617 -0.539082 9.57005e-321 1.55716e+142 2.7396 3.2184 0.6531 0.368458 -0.0770588 -0.0376272 0.924 1.648 3.21143e-322 0 6.98439e-317 6.98436e-317 
 2.529 3.643 -0.546095 9.57005e-321 1.55716e+142 2.7709 3.2421 0.6393 0.378911 -0.0497696 -0.0236384 0.942 1.651 3.21143e-322 0 6.98439e-317 6.98436e-317 
 2.57 3.655 -0.553197 9.57005e-321 1.55716e+142 2.7888 3.2553 0.6312 0.366028 -0.0849934 -0.0417725 0.968 1.66 3.21143e-322 0 6.98439e-317 6.98436e-317 
 2.61 3.7 -0.559679 9.57005e-321 1.55716e+142 2.8155 3.2746 0.6187 0.371774 -0.170622 -0.0824219 0.928 1.648 3.21143e-322 0 6.98439e-317 6.98436e-317 
 2.628 3.711 -0.567913 9.57005e-321 1.55716e+142 2.8554 3.3025 0.5992 0.380142 -0.0737254 -0.0348954 0.945 1.665 3.21143e-322 0 6.98439e-317 6.98436e-317 
 2.674 3.741 -0.581836 9.57005e-321 1.55716e+142 2.8775 3.3175 0.5879 0.374707 -0.141649 -0.06794 0.956 1.698 3.21143e-322 0 6.98439e-317 6.98436e-317 
 2.7 3.76 -0.592256 9.57005e-321 1.55716e+142 2.904 3.3349 0.5739 0.377907 -0.130746 -0.0621951 0.951 1.674 3.21143e-322 0 6.98439e-317 6.98436e-317 
 2.708 3.769 -0.606529 9.57005e-321 1.55716e+142 2.9391 3.3572 0.5545 0.389958 -0.0201602 -0.00930542 0.944 1.709 3.21143e-322 0 6.98439e-317 6.98436e-317 
 2.745 3.8 -0.620267 9.57005e-321 1.55716e+142 2.9479 3.3626 0.5495 0.38639 -0.12082 -0.0562245 0.967 1.723 3.21143e-322 0 6.98439e-317 6.98436e-317 
 2.783 3.811 -0.626417 9.57005e-321 1.55716e+142 2.9785 3.381 0.5317 0.381898 -0.11505 -0.0541732 0.956 1.744 3.21143e-322 0 6.98439e-317 6.98436e-317 
 2.812 3.831 -0.637902 9.57005e-321 1.55716e+142 3.009 3.3987 0.5131 0.386769 -0.102711 -0.0477646 0.952 1.745 3.21143e-322 0 6.98439e-317 6.98436e-317 
 2.859 3.854 -0.649618 9.57005e-321 1.55716e+142 3.0221 3.406 0.505 0.377433 -0.198912 -0.0945795 0.95 1.757 3.21143e-322 0 6.98439e-317 6.98436e-317 
 2.877 3.855 -0.663301 9.57005e-321 1.55716e+142 3.0655 3.4293 0.4769 0.384472 -0.0739742 -0.034619 0.954 1.793 3.21143e-322 0 6.98439e-317 6.98436e-317 
 2.917 3.87 -0.684019 9.57005e-321 1.55716e+142 3.0915 3.4425 0.4594 0.38017 -0.0807807 -0.0382288 0.963 1.801 3.21143e-322 0 6.98439e-317 6.98436e-317 
 2.955 3.888 -0.694477 9.57005e-321 1.55716e+142 3.1131 3.453 0.4444 0.377826 -0.124179 -0.0590913 0.971 1.814 3.21143e-322 0 6.98439e-317 6.98436e-317 
 2.997 3.918 -0.704902 9.57005e-321 1.55716e+142 3.1304 3.4611 0.4321 0.378736 -0.217408 -0.102961 0.954 1.849 3.21143e-322 0 6.98439e-317 6.98436e-317 
 3.037 3.914 -0.718595 9.57005e-321 1.55716e+142 3.1777 3.4821 0.3972 0.375143 -0.134763 -0.0645715 0.973 1.863 3.21143e-322 0 6.98439e-317 6.98436e-317 
 3.075 3.941 -0.738955 9.57005e-321 1.55716e+142 3.1949 3.4892 0.3841 0.377272 -0.198266 -0.0943137 0.976 1.879 3.21143e-322 0 6.98439e-317 6.98436e-317 
 3.105 3.946 -0.753421 9.57005e-321 1.55716e+142 3.2163 3.4977 0.3674 0.373873 -0.194326 -0.0932861 0.954 1.881 3.21143e-322 0 6.98439e-317 6.98436e-317 
 3.153 3.964 -0.774659 9.57005e-321 1.55716e+142 3.2463 3.5089 0.3433 0.373091 -0.226449 -0.10882 0.976 1.897 3.21143e-322 0 6.98439e-317 6.98436e-317 
 3.179 3.976 -0.795831 9.57005e-321 1.55716e+142 3.272 3.5178 0.3222 0.377934 -0.203337 -0.096543 0.983 1.885 3.21143e-322 0 6.98439e-317 6.98436e-317 
 3.215 3.968 -0.81971 9.57005e-321 1.55716e+142 3.3019 3.5274 0.2969 0.368925 -0.154762 -0.0753661 0.996 1.904 3.21143e-322 0 6.98439e-317 6.98436e-317 
 3.228 3.964 -0.84099 9.57005e-321 1.55716e+142 3.3232 3.5338 0.2784 0.368935 -0.0809706 -0.0394843 1.008 1.929 3.21143e-322 0 6.98439e-317 6.98436e-317 
 3.271 3.99 -0.855901 9.57005e-321 1.55716e+142 3.336 3.5374 0.2672 0.370693 -0.185232 -0.0897029 1.004 1.942 3.21143e-322 0 6.98439e-317 6.98436e-317 
 3.318 4.012 -0.866402 9.57005e-321 1.55716e+142 3.3615 3.5441 0.2443 0.375081 -0.260479 -0.124358 1.007 1.953 3.21143e-322 0 6.98439e-317 6.98436e-317 
 3.351 4.024 -0.887184 9.57005e-321 1.55716e+142 3.3998 3.553 0.2093 0.384943 -0.226097 -0.105332 1.023 1.967 3.21143e-322 0 6.98439e-317 6.98436e-317 
 3.375 4.027 -0.914531 9.57005e-321 1.55716e+142 3.4253 3.5582 0.1854 0.387644 -0.178626 -0.0827544 1.023 1.963 3.21143e-322 0 6.98439e-317 6.98436e-317 
 3.411 4.034 -0.936783 9.57005e-321 1.55716e+142 3.4466 3.562 0.1652 0.387087 -0.193421 -0.0897016 1.038 1.99 3.21143e-322 0 6.98439e-317 6.98436e-317 
 3.442 4.043 -0.953835 9.57005e-321 1.55716e+142 3.4635 3.5647 0.1489 0.38847 -0.218577 -0.100935 1.022 2.007 3.21143e-322 0 6.98439e-317 6.98436e-317 
 3.487 4.051 -0.975128 9.57005e-321 1.55716e+142 3.4848 3.5677 0.1283 0.38683 -0.263588 -0.122043 1.043 1.996 3.21143e-322 0 6.98439e-317 6.98436e-317 
 3.538 4.056 -0.998199 9.57005e-321 1.55716e+142 3.5187 3.5716 0.0949 0.387717 -0.286091 -0.132047 1.054 2.006 3.21143e-322 0 6.98439e-317 6.98436e-317 
 3.57 4.047 -1.02464 9.57005e-321 1.55716e+142 3.5484 3.574 0.0653 0.384368 -0.244464 -0.113987 1.058 2.02 3.21143e-322 0 6.98439e-317 6.98436e-317 
 3.623 4.036 -1.05338 9.57005e-321 1.55716e+142 3.5865 3.5759 0.0268 0.377753 -0.23964 -0.113697 1.063 2.046 3.21143e-322 0 6.98439e-317 6.98436e-317 
 3.657 4.045 -1.07694 9.57005e-321 1.55716e+142 3.6035 3.5762 0.0096 0.381467 -0.265561 -0.124659 1.078 2.044 3.21143e-322 0 6.98439e-317 6.98436e-317 
 3.7 4.062 -1.10198 9.57005e-321 1.55716e+142 3.6289 3.5762 -0.0164 0.392774 -0.298613 -0.136003 1.071 2.059 3.21143e-322 0 6.98439e-317 6.98436e-317 
 3.75 4.064 -1.13222 9.57005e-321 1.55716e+142 3.6629 3.5751 -0.051 0.397042 -0.307847 -0.138667 1.081 2.059 3.21143e-322 0 6.98439e-317 6.98436e-317 
 3.776 4.05 -1.16513 9.57005e-321 1.55716e+142 3.6926 3.5732 -0.0814 0.394338 -0.24113 -0.109625 1.074 2.084 3.21143e-322 0 6.98439e-317 6.98436e-317 
 3.834 4.05 -1.19646 9.57005e-321 1.55716e+142 3.7138 3.5713 -0.1031 0.391945 -0.307697 -0.14038 1.099 2.091 3.21143e-322 0 6.98439e-317 6.98436e-317 
 3.885 4.041 -1.22191 9.57005e-321 1.55716e+142 3.7521 3.5666 -0.1419 0.393565 -0.313664 -0.142484 1.102 2.109 3.21143e-322 0 6.98439e-317 6.98436e-317 
 3.926 4.034 -1.25617 9.57005e-321 1.55716e+142 3.7818 3.562 -0.172 0.395167 -0.297889 -0.134866 1.111 2.11 3.21143e-322 0 6.98439e-317 6.98436e-317 
 3.958 4.01 -1.29295 9.57005e-321 1.55716e+142 3.8159 3.5556 -0.2059 0.388268 -0.233392 -0.107781 1.123 2.117 3.21143e-322 0 6.98439e-317 6.98436e-317 
 3.987 4.03 -1.32516 9.57005e-321 1.55716e+142 3.8415 3.5499 -0.2312 0.409942 -0.201728 -0.0883456 1.13 2.135 3.21143e-322 0 6.98439e-317 6.98436e-317 
 4.005 4.031 -1.35006 9.57005e-321 1.55716e+142 3.8543 3.5469 -0.2437 0.413795 -0.17802 -0.077284 1.139 2.145 3.21143e-322 0 6.98439e-317 6.98436e-317 
 4.049 4.034 -1.37092 9.57005e-321 1.55716e+142 3.8671 3.5436 -0.2561 0.41771 -0.239901 -0.103012 1.141 2.157 3.21143e-322 0 6.98439e-317 6.98436e-317 
 4.097 4.019 -1.39149 9.57005e-321 1.55716e+142 3.897 3.5354 -0.2848 0.416736 -0.266721 -0.114699 1.156 2.152 3.21143e-322 0 6.98439e-317 6.98436e-317 
 4.134 4.005 -1.41594 9.57005e-321 1.55716e+142 3.9141 3.5303 -0.301 0.412216 -0.288804 -0.125448 1.163 2.176 3.21143e-322 0 6.98439e-317 6.98436e-317 
 4.178 3.965 -1.44306 9.57005e-321 1.55716e+142 3.9441 3.5206 -0.329 0.394951 -0.299331 -0.135584 1.167 2.188 3.21143e-322 0 6.98439e-317 6.98436e-317 
 4.222 3.963 -1.47458 9.57005e-321 1.55716e+142 3.9828 3.5067 -0.3641 0.409472 -0.266368 -0.116562 1.18 2.189 3.21143e-322 0 6.98439e-317 6.98436e-317 
 4.247 3.954 -1.50722 9.57005e-321 1.55716e+142 4.0043 3.4983 -0.3832 0.411914 -0.226618 -0.0987068 1.188 2.191 3.21143e-322 0 6.98439e-317 6.98436e-317 
 4.286 3.955 -1.53481 9.57005e-321 1.55716e+142 4.0302 3.4876 -0.4054 0.424326 -0.218366 -0.0923677 1.183 2.199 3.21143e-322 0 6.98439e-317 6.98436e-317 
 4.325 3.929 -1.55758 9.57005e-321 1.55716e+142 4.0561 3.4762 -0.4268 0.41802 -0.229753 -0.098611 1.19 2.231 3.21143e-322 0 6.98439e-317 6.98436e-317 
 4.388 3.915 -1.58182 9.57005e-321 1.55716e+142 4.0863 3.4621 -0.4508 0.424851 -0.288077 -0.121451 1.202 2.237 3.21143e-322 0 6.98439e-317 6.98436e-317 
 4.424 3.892 -1.60655 9.57005e-321 1.55716e+142 4.1165 3.4471 -0.4739 0.423654 -0.272979 -0.115466 1.215 2.242 3.21143e-322 0 6.98439e-317 6.98436e-317 
 4.457 3.856 -1.63589 9.57005e-321 1.55716e+142 4.151 3.4289 -0.4991 0.41488 -0.237499 -0.102679 1.226 2.234 3.21143e-322 0 6.98439e-317 6.98436e-317 
 4.491 3.826 -1.6652 9.57005e-321 1.55716e+142 4.1811 3.4121 -0.5203 0.409224 -0.213986 -0.0938466 1.229 2.26 3.21143e-322 0 6.98439e-317 6.98436e-317 
 4.517 3.81 -1.68937 9.57005e-321 1.55716e+142 4.2112 3.3945 -0.5408 0.412777 -0.164093 -0.0714343 1.227 2.28 3.21143e-322 0 6.98439e-317 6.98436e-317 
 4.554 3.779 -1.71074 9.57005e-321 1.55716e+142 4.2411 3.3762 -0.5606 0.407915 -0.164176 -0.0723192 1.229 2.286 3.21143e-322 0 6.98439e-317 6.98436e-317 
 4.592 3.761 -1.72842 9.57005e-321 1.55716e+142 4.2582 3.3654 -0.5717 0.408146 -0.203609 -0.089555 1.251 2.298 3.21143e-322 0 6.98439e-317 6.98436e-317 
 4.621 3.746 -1.74725 9.57005e-321 1.55716e+142 4.2922 3.3431 -0.5932 0.415672 -0.155088 -0.0670577 1.243 2.295 3.21143e-322 0 6.98439e-317 6.98436e-317 
 4.649 3.725 -1.76929 9.57005e-321 1.55716e+142 4.3133 3.3287 -0.6063 0.414095 -0.146259 -0.0634909 1.254 2.305 3.21143e-322 0 6.98439e-317 6.98436e-317 
 4.674 3.686 -1.78538 9.57005e-321 1.55716e+142 4.3427 3.3079 -0.6242 0.403263 -0.130111 -0.0580108 1.254 2.306 3.21143e-322 0 6.98439e-317 6.98436e-317 
 4.7 3.665 -1.80165 9.57005e-321 1.55716e+142 4.3677 3.2897 -0.6393 0.40368 -0.111908 -0.049858 1.273 2.32 3.21143e-322 0 6.98439e-317 6.98436e-317 
 4.733 3.628 -1.81664 9.57005e-321 1.55716e+142 4.3926 3.271 -0.654 0.395152 -0.1351 -0.0614633 1.286 2.326 3.21143e-322 0 6.98439e-317 6.98436e-317 
 4.755 3.608 -1.82938 9.57005e-321 1.55716e+142 4.409 3.2582 -0.6637 0.392922 -0.140902 -0.0644588 1.301 2.323 3.21143e-322 0 6.98439e-317 6.98436e-317 
 4.769 3.579 -1.84461 9.57005e-321 1.55716e+142 4.4336 3.2388 -0.678 0.385704 -0.0999068 -0.0465907 1.315 2.341 3.21143e-322 0 6.98439e-317 6.98436e-317 
 4.807 3.54 -1.85962 9.57005e-321 1.55716e+142 4.466 3.2123 -0.6968 0.38156 -0.112689 -0.0531106 1.328 2.339 3.21143e-322 0 6.98439e-317 6.98436e-317 
 4.852 3.517 -1.87069 9.57005e-321 1.55716e+142 4.494 3.1885 -0.713 0.389346 -0.146557 -0.0676517 1.326 2.351 3.21143e-322 0 6.98439e-317 6.98436e-317 
 4.886 3.495 -1.88343 9.57005e-321 1.55716e+142 4.5216 3.1643 -0.7289 0.395102 -0.144107 -0.065558 1.332 2.348 3.21143e-322 0 6.98439e-317 6.98436e-317 
 4.91 3.471 -1.89835 9.57005e-321 1.55716e+142 4.5373 3.1502 -0.738 0.392105 -0.158385 -0.0725805 1.336 2.351 3.21143e-322 0 6.98439e-317 6.98436e-317 
 4.931 3.446 -1.91433 9.57005e-321 1.55716e+142 4.5644 3.1252 -0.7538 0.392547 -0.118113 -0.0541069 1.361 2.36 3.21143e-322 0 6.98439e-317 6.98436e-317 
 4.956 3.409 -1.9304 9.57005e-321 1.55716e+142 4.5872 3.1035 -0.7672 0.385012 -0.123762 -0.0577966 1.384 2.364 3.21143e-322 0 6.98439e-317 6.98436e-317 
 4.986 3.375 -1.94316 9.57005e-321 1.55716e+142 4.6136 3.0778 -0.7828 0.383152 -0.12965 -0.0608326 1.379 2.375 3.21143e-322 0 6.98439e-317 6.98436e-317 
 5.013 3.347 -1.95628 9.57005e-321 1.55716e+142 4.6358 3.0555 -0.7962 0.383011 -0.133611 -0.0627095 1.376 2.396 3.21143e-322 0 6.98439e-317 6.98436e-317 
 5.038 3.323 -1.96999 9.57005e-321 1.55716e+142 4.6612 3.0291 -0.8118 0.386724 -0.109375 -0.0508645 1.403 2.402 3.21143e-322 0 6.98439e-317 6.98436e-317 
 5.07 3.29 -1.98352 9.57005e-321 1.55716e+142 4.6791 3.0101 -0.8229 0.384231 -0.151549 -0.0708769 1.416 2.404 3.21143e-322 0 6.98439e-317 6.98436e-317 
 5.086 3.269 -1.99601 9.57005e-321 1.55716e+142 4.7037 2.9832 -0.8387 0.387305 -0.100997 -0.0469039 1.445 2.417 3.21143e-322 0 6.98439e-317 6.98436e-317 
 5.11 3.24 -2.01228 9.57005e-321 1.55716e+142 4.7244 2.9599 -0.8522 0.386655 -0.0956537 -0.0445004 1.441 2.424 3.21143e-322 0 6.98439e-317 6.98436e-317 
 5.127 3.203 -2.02304 9.57005e-321 1.55716e+142 4.7413 2.9404 -0.8636 0.377409 -0.112405 -0.0535586 1.443 2.437 3.21143e-322 0 6.98439e-317 6.98436e-317 
 5.157 3.172 -2.03401 9.57005e-321 1.55716e+142 4.7579 2.9208 -0.8751 0.377179 -0.154159 -0.0734363 1.467 2.434 3.21143e-322 0 6.98439e-317 6.98436e-317 
 5.179 3.141 -2.04622 9.57005e-321 1.55716e+142 4.7806 2.8932 -0.8914 0.377385 -0.142766 -0.0679897 1.484 2.438 3.21143e-322 0 6.98439e-317 6.98436e-317 
 5.196 3.113 -2.06088 9.57005e-321 1.55716e+142 4.8028 2.8654 -0.908 0.377652 -0.109146 -0.0519753 1.485 2.457 3.21143e-322 0 6.98439e-317 6.98436e-317 
 5.217 3.074 -2.07525 9.57005e-321 1.55716e+142 4.8182 2.8454 -0.92 0.370085 -0.1407 -0.0683261 1.498 2.462 3.21143e-322 0 6.98439e-317 6.98436e-317 
 5.237 3.051 -2.08683 9.57005e-321 1.55716e+142 4.8422 2.8133 -0.9396 0.377004 -0.097879 -0.0466982 1.508 2.456 3.21143e-322 0 6.98439e-317 6.98436e-317 
 5.253 3.001 -2.10107 9.57005e-321 1.55716e+142 4.8567 2.7933 -0.9521 0.361577 -0.143763 -0.0714464 1.508 2.482 3.21143e-322 0 6.98439e-317 6.98436e-317 
 5.269 2.97 -2.11208 9.57005e-321 1.55716e+142 4.8765 2.7651 -0.9701 0.361184 -0.126873 -0.0631444 1.526 2.498 3.21143e-322 0 6.98439e-317 6.98436e-317 
 5.291 2.951 -2.12699 9.57005e-321 1.55716e+142 4.8955 2.7368 -0.9885 0.370599 -0.0947917 -0.0460078 1.529 2.486 3.21143e-322 0 6.98439e-317 6.98436e-317 
 5.318 2.92 -2.14063 9.57005e-321 1.55716e+142 4.9086 2.7167 -1.0021 0.372377 -0.134685 -0.0650124 1.574 2.491 3.21143e-322 0 6.98439e-317 6.98436e-317 
 5.332 2.884 -2.15131 9.57005e-321 1.55716e+142 4.9288 2.6844 -1.0245 0.371169 -0.116232 -0.0563076 1.579 2.522 3.21143e-322 0 6.98439e-317 6.98436e-317 
 5.352 2.851 -2.16513 9.57005e-321 1.55716e+142 4.9433 2.6602 -1.0419 0.371325 -0.131625 -0.063719 1.57 2.511 3.21143e-322 0 6.98439e-317 6.98436e-317 
 5.368 2.819 -2.17783 9.57005e-321 1.55716e+142 4.9526 2.6441 -1.0538 0.367318 -0.166667 -0.0814923 1.566 2.529 3.21143e-322 0 6.98439e-317 6.98436e-317 
 5.385 2.782 -2.19249 9.57005e-321 1.55716e+142 4.9682 2.616 -1.0753 0.366545 -0.173008 -0.084756 1.567 2.528 3.21143e-322 0 6.98439e-317 6.98436e-317 
 5.404 2.769 -2.21043 9.57005e-321 1.55716e+142 4.983 2.588 -1.0978 0.380069 -0.123721 -0.0585271 1.599 2.532 3.21143e-322 0 6.98439e-317 6.98436e-317 
 5.41 2.735 -2.2285 9.57005e-321 1.55716e+142 4.993 2.5681 -1.1145 0.372824 -0.12219 -0.0589252 1.604 2.556 3.21143e-322 0 6.98439e-317 6.98436e-317 
 5.43 2.694 -2.24277 9.57005e-321 1.55716e+142 5.0026 2.5483 -1.1318 0.369561 -0.179253 -0.087087 1.616 2.554 3.21143e-322 0 6.98439e-317 6.98436e-317 
 5.442 2.668 -2.25674 9.57005e-321 1.55716e+142 5.0135 2.5246 -1.1533 0.372373 -0.170637 -0.0822972 1.613 2.551 3.21143e-322 0 6.98439e-317 6.98436e-317 
 5.464 2.644 -2.27476 9.57005e-321 1.55716e+142 5.022 2.5049 -1.172 0.379979 -0.185467 -0.0876324 1.647 2.574 3.21143e-322 0 6.98439e-317 6.98436e-317 
 5.472 2.611 -2.29373 9.57005e-321 1.55716e+142 5.0285 2.4893 -1.1874 0.374369 -0.205232 -0.0983589 1.643 2.592 3.21143e-322 0 6.98439e-317 6.98436e-317 
 5.494 2.573 -2.3131 9.57005e-321 1.55716e+142 5.0405 2.4583 -1.2199 0.381784 -0.220778 -0.103717 1.66 2.583 3.21143e-322 0 6.98439e-317 6.98436e-317 
 5.492 2.537 -2.33574 9.57005e-321 1.55716e+142 5.0499 2.4315 -1.25 0.375954 -0.193928 -0.0925838 1.663 2.603 3.21143e-322 0 6.98439e-317 6.98436e-317 
 5.508 2.498 -2.35794 9.57005e-321 1.55716e+142 5.0549 2.4162 -1.268 0.373929 -0.246475 -0.118095 1.683 2.591 3.21143e-322 0 6.98439e-317 6.98436e-317 
 5.524 2.454 -2.37938 9.57005e-321 1.55716e+142 5.0627 2.3899 -1.3011 0.376444 -0.283949 -0.134947 1.694 2.597 3.21143e-322 0 6.98439e-317 6.98436e-317 
 5.526 2.422 -2.40744 9.57005e-321 1.55716e+142 5.0704 2.3601 -1.3416 0.378869 -0.246329 -0.1165 1.688 2.595 3.21143e-322 0 6.98439e-317 6.98436e-317 
 5.545 2.387 -2.43729 9.57005e-321 1.55716e+142 5.0752 2.3382 -1.3739 0.387093 -0.265454 -0.122816 1.708 2.605 3.21143e-322 0 6.98439e-317 6.98436e-317 
 5.57 2.348 -2.4622 9.57005e-321 1.55716e+142 5.078 2.3237 -1.3964 0.394798 -0.330202 -0.149427 1.715 2.627 3.21143e-322 0 6.98439e-317 6.98436e-317 
 5.569 2.313 -2.49103 9.57005e-321 1.55716e+142 5.0819 2.2986 -1.438 0.395292 -0.31599 -0.142908 1.726 2.645 3.21143e-322 0 6.98439e-317 6.98436e-317 
 5.59 2.283 -2.52662 9.57005e-321 1.55716e+142 5.0837 2.2845 -1.463 0.405962 -0.330041 -0.145306 1.741 2.659 3.21143e-322 0 6.98439e-317 6.98436e-317 
 5.597 2.248 -2.55759 9.57005e-321 1.55716e+142 5.0856 2.2636 -1.5023 0.411479 -0.334281 -0.145201 1.744 2.674 3.21143e-322 0 6.98439e-317 6.98436e-317 
 5.603 2.214 -2.59107 9.57005e-321 1.55716e+142 5.0867 2.2397 -1.5511 0.420084 -0.325482 -0.13857 1.756 2.669 3.21143e-322 0 6.98439e-317 6.98436e-317 
 5.593 2.167 -2.62461 9.57005e-321 1.55716e+142 5.0869 2.2262 -1.5804 0.40891 -0.363013 -0.158457 1.766 2.689 3.21143e-322 0 6.98439e-317 6.98436e-317 
 5.595 2.12 -2.65787 9.57005e-321 1.55716e+142 5.0861 2.2031 -1.6343 0.414357 -0.394979 -0.169928 1.775 2.697 3.21143e-322 0 6.98439e-317 6.98436e-317 
 5.583 2.061 -2.69871 9.57005e-321 1.55716e+142 5.0857 2.1966 -1.6504 0.397941 -0.473944 -0.211182 1.782 2.681 3.21143e-322 0 6.98439e-317 6.98436e-317 
 5.591 2.014 -2.74037 9.57005e-321 1.55716e+142 5.0829 2.171 -1.7173 0.414155 -0.490911 -0.210208 1.8 2.721 3.21143e-322 0 6.98439e-317 6.98436e-317 
 5.591 1.968 -2.79672 9.57005e-321 1.55716e+142 5.0778 2.1432 -1.7981 0.430305 -0.473818 -0.195666 1.828 2.702 3.21143e-322 0 6.98439e-317 6.98436e-317 
 5.59 1.951 -2.84656 9.57005e-321 1.55716e+142 5.0732 2.1252 -1.8549 0.443512 -0.402886 -0.162078 1.795 2.702 3.21143e-322 0 6.98439e-317 6.98436e-317 
 5.595 1.91 -2.89656 9.57005e-321 1.55716e+142 5.0714 2.1193 -1.8743 0.448894 -0.417014 -0.165684 1.82 2.701 3.21143e-322 0 6.98439e-317 6.98436e-317 
 5.598 1.892 -2.93805 9.57005e-321 1.55716e+142 5.0666 2.1048 -1.924 0.463356 -0.368103 -0.142034 1.823 2.734 3.21143e-322 0 6.98439e-317 6.98436e-317 
 5.612 1.83 -2.97975 9.57005e-321 1.55716e+142 5.0644 2.0991 -1.9442 0.477325 -0.444572 -0.166104 1.842 2.757 3.21143e-322 0 6.98439e-317 6.98436e-317 
