 1.649 0.277 2.09276 0 0 1.5849 0.2753 1.7001 0 0 0 0.319 0.526 -0.0464959 0 0 0 
 1.675 0.25 2.09276 0 0 1.5837 0.2845 1.7181 0.225442 -0.107726 -0.0858008 0.317 0.513 -0.0464957 0 0 0 
 1.664 0.257 2.09294 0 0 1.5872 0.254 1.6558 0.196715 -0.137245 -0.12493 0.319 0.507 -0.0464957 0 0 0 
 1.661 0.256 2.09294 0 0 1.5876 0.248 1.6425 0.191993 -0.151761 -0.141333 0.317 0.511 -0.0464959 0 0 0 
 1.652 0.274 2.09381 0 0 1.5872 0.254 1.6558 0.184792 -0.143927 -0.139287 0.301 0.523 -0.00958378 0 0 0 
 1.672 0.287 2.09311 0 0 1.5883 0.236 1.615 0.171592 0.00212608 0.00223025 0.314 0.531 0.0516092 0 0 0 
 1.643 0.311 2.08945 0 0 1.5845 0.2783 1.7062 0.179141 -0.104524 -0.104641 0.337 0.534 0.10669 0 0 0 
 1.669 0.328 2.0802 0 0 1.5837 0.2845 1.7181 0.183773 0.0846124 0.0826863 0.346 0.546 0.163994 0 0 0 
 1.643 0.352 2.08002 0 0 1.5827 0.2906 1.7298 0.167509 0.0232958 0.0250277 0.335 0.563 0.213906 0 0 0 
 1.627 0.379 2.07426 0 0 1.5789 0.3125 1.7685 0.162723 -3.8044e-06 -4.20833e-06 0.348 0.543 0.253647 0 0 0 
 1.637 0.394 2.07339 0 0 1.5693 0.3537 1.8324 0.185067 0.0816396 0.0792382 0.363 0.549 0.28855 0 0 0 
 1.642 0.389 2.07199 0 0 1.5648 0.3699 1.8544 0.198879 0.0856163 0.0773346 0.38 0.571 0.331582 0 0 0 
 1.654 0.38 2.07095 0 0 1.5639 0.3731 1.8586 0.208991 0.120635 0.103529 0.392 0.59 0.392289 0 0 0 
 1.642 0.403 2.07217 0 0 1.5675 0.3602 1.8413 0.18409 0.115077 0.11205 0.403 0.603 0.447343 0 0 0 
 1.628 0.42 2.07583 0 0 1.5693 0.3537 1.8324 0.166669 0.0892348 0.0960756 0.396 0.611 0.484433 0 0 0 
 1.637 0.422 2.08037 0 0 1.5568 0.396 1.8869 0.196007 0.130619 0.119382 0.4 0.623 0.528233 0 0 0 
 1.633 0.444 2.08229 0 0 1.5524 0.4091 1.9019 0.191037 0.159068 0.14877 0.413 0.642 0.56903 0 0 0 
 1.605 0.472 2.08753 0 0 1.5589 0.3894 1.8791 0.153213 0.0733713 0.0859864 0.419 0.649 0.608962 0 0 0 
 1.624 0.464 2.09084 0 0 1.5441 0.4324 1.9265 0.193256 0.162513 0.150226 0.405 0.664 0.647214 0 0 0 
 1.629 0.458 2.09014 0 0 1.5404 0.4424 1.9364 0.205343 0.178756 0.155431 0.394 0.664 0.679833 0 0 0 
 1.599 0.487 2.09625 0 0 1.5466 0.4257 1.9197 0.169987 0.108219 0.114096 0.379 0.672 0.697197 0 0 0 
 1.582 0.5 2.10254 0 0 1.5391 0.4458 1.9396 0.168397 0.0199707 0.0213436 0.398 0.678 0.705413 0 0 0 
 1.582 0.494 2.10742 0 0 1.5365 0.4525 1.9459 0.177965 0.0277541 0.0280641 0.37 0.694 0.713329 0 0 0 
 1.563 0.513 2.11196 0 0 1.5255 0.4796 1.9695 0.178357 -0.0390926 -0.0394324 0.375 0.706 0.726158 0 0 0 
 1.591 0.542 2.11615 0 0 1.5283 0.4728 1.9638 0.17172 0.217822 0.224477 0.36 0.702 0.73024 0 0 0 
 1.585 0.539 2.12104 0 0 1.5226 0.4864 1.975 0.179811 0.172117 0.170622 0.357 0.72 0.727051 0 0 0 
 1.579 0.532 2.12243 0 0 1.5121 0.5104 1.9932 0.197101 0.116894 0.106349 0.348 0.725 0.723119 0 0 0 
 1.564 0.555 2.12278 0 0 1.5167 0.5001 1.9856 0.173176 0.108534 0.112336 0.35 0.744 0.712654 0 0 0 
 1.576 0.58 2.12767 0 0 1.5105 0.5138 1.9957 0.175897 0.261494 0.261467 0.337 0.781 0.659373 0 0 0 
 1.558 0.588 2.13482 0 0 1.5026 0.5311 2.0075 0.175937 0.176969 0.179116 0.339 0.796 0.611878 0 0 0 
 1.547 0.63 2.14722 0 0 1.491 0.5555 2.0227 0.166752 0.226382 0.239671 0.345 0.816 0.593664 0 0 0 
 1.547 0.62 2.15367 0 0 1.4789 0.5801 2.0364 0.187999 0.187039 0.177202 0.343 0.852 0.489281 0 0 0 
 1.538 0.639 2.1603 0 0 1.4824 0.573 2.0326 0.170349 0.199152 0.207409 0.346 0.867 0.435568 0 0 0 
 1.527 0.651 2.16973 0 0 1.4664 0.6048 2.0488 0.181508 0.157637 0.155072 0.338 0.872 0.36276 0 0 0 
 1.543 0.678 2.17497 0 0 1.4664 0.6048 2.0488 0.177946 0.347332 0.337869 0.318 0.903 0.313497 0 0 0 
 1.548 0.701 2.18299 0 0 1.4571 0.6225 2.0568 0.181275 0.427105 0.401109 0.322 0.92 0.24204 0 0 0 
 1.551 0.705 2.19032 0 0 1.4476 0.6404 2.0642 0.193796 0.440237 0.388154 0.311 0.937 0.187897 0 0 0 
 1.533 0.705 2.19661 0 0 1.4476 0.6404 2.0642 0.18786 0.366932 0.338082 0.286 0.948 0.108278 0 0 0 
 1.527 0.723 2.21266 0 0 1.4495 0.6368 2.0628 0.175195 0.392359 0.383193 0.286 0.961 0.0580779 0 0 0 
 1.521 0.741 2.2268 0 0 1.4476 0.6404 2.0642 0.168013 0.420257 0.423055 0.277 0.977 0.016386 0 0 0 
 1.537 0.749 2.24233 0 0 1.434 0.6655 2.0736 0.18885 0.474256 0.424543 0.279 0.987 -0.0212031 0 0 0 
 1.535 0.751 2.25961 0 0 1.428 0.6763 2.0773 0.191333 0.425873 0.381064 0.319 1.014 -0.058339 0 0 0 
 1.506 0.763 2.26869 0 0 1.428 0.6763 2.0773 0.16891 0.324964 0.333374 0.35 1.053 -0.102099 0 0 0 
 1.507 0.775 2.28003 0 0 1.42 0.6907 2.0819 0.174048 0.350634 0.347877 0.352 1.081 -0.14798 0 0 0 
 1.496 0.767 2.30516 0 0 1.4077 0.7124 2.0881 0.184411 0.208823 0.201074 0.365 1.088 -0.184409 0 0 0 
 1.494 0.801 2.32017 0 0 1.4036 0.7197 2.09 0.173784 0.310982 0.311611 0.37 1.122 -0.211469 0 0 0 
 1.492 0.809 2.33413 0 0 1.3973 0.7306 2.0928 0.176977 0.312217 0.307479 0.374 1.157 -0.224888 0 0 0 
 1.469 0.822 2.35717 0 0 1.3931 0.7379 2.0945 0.161321 0.231657 0.252944 0.391 1.178 -0.233344 0 0 0 
 1.491 0.838 2.36747 0 0 1.3783 0.7634 2.0998 0.178564 0.307199 0.300304 0.424 1.183 -0.24614 0 0 0 
 1.482 0.839 2.37218 0 0 1.3719 0.7744 2.1018 0.17698 0.239364 0.238803 0.439 1.185 -0.259921 0 0 0 
 1.474 0.863 2.38824 0 0 1.3762 0.7671 2.1005 0.159867 0.330106 0.355856 0.44 1.233 -0.268409 0 0 0 
 1.459 0.857 2.39522 0 0 1.3719 0.7744 2.1018 0.156158 0.227034 0.255957 0.451 1.246 -0.274801 0 0 0 
 1.436 0.857 2.40621 0 0 1.3524 0.8074 2.1068 0.154117 0.0265845 0.0310393 0.488 1.246 -0.280966 0 0 0 
 1.426 0.866 2.4221 0 0 1.3567 0.8001 2.1058 0.139654 0.0458838 0.0590706 0.492 1.27 -0.284433 0 0 0 
 1.428 0.884 2.43117 0 0 1.3524 0.8074 2.1068 0.133097 0.116123 0.155773 0.519 1.294 -0.284898 0 0 0 
 1.423 0.886 2.44129 0 0 1.3392 0.8295 2.1093 0.14365 0.0566599 0.0708787 0.521 1.314 -0.283186 0 0 0 
 1.429 0.868 2.44566 0 0 1.3326 0.8406 2.1103 0.159724 -0.0208558 -0.0234991 0.537 1.324 -0.282995 0 0 0 
 1.427 0.884 2.44688 0 0 1.3414 0.8258 2.1089 0.143721 0.0857627 0.107002 0.535 1.335 -0.282691 0 0 0 
 1.407 0.909 2.44915 0 0 1.337 0.8332 2.1097 0.12209 0.0924031 0.135398 0.54 1.335 -0.279286 0 0 0 
 1.391 0.924 2.45508 0 0 1.3392 0.8295 2.1093 0.100423 0.122072 0.21541 0.554 1.353 -0.274793 0 0 0 
 1.412 0.925 2.45683 0 0 1.3193 0.8627 2.1118 0.129345 0.105654 0.145985 0.574 1.352 -0.264667 0 0 0 
 1.39 0.931 2.45962 0 0 1.306 0.8849 2.1127 0.12418 -0.0114214 -0.0165539 0.579 1.36 -0.251106 0 0 0 
 1.354 0.956 2.46555 0 0 1.326 0.8516 2.1112 0.0674606 0.109809 0.285018 0.595 1.393 -0.22318 0 0 0 
 1.368 0.966 2.4687 0 0 1.3104 0.8775 2.1125 0.0892263 0.126888 0.250596 0.593 1.397 -0.193619 0 0 0 
 1.349 0.973 2.47219 0 0 1.2836 0.922 2.1128 0.09624 -0.0109177 -0.0204168 0.619 1.425 -0.174741 0 0 0 
 1.347 0.97 2.47201 0 0 1.2769 0.9331 2.1125 0.103595 -0.0645432 -0.111679 0.618 1.428 -0.178695 0 0 0 
 1.362 0.952 2.47445 0 0 1.2836 0.922 2.1128 0.111156 -0.0385382 -0.0623258 0.639 1.431 -0.178495 0 0 0 
 1.354 0.97 2.47917 0 0 1.297 0.8997 2.113 0.0873106 0.0731562 0.149691 0.622 1.427 -0.178529 0 0 0 
 1.371 0.962 2.48004 0 0 1.2814 0.9257 2.1127 0.118176 0.00582175 0.00886716 0.621 1.425 -0.178635 0 0 0 
 1.343 0.975 2.47742 0 0 1.2792 0.9294 2.1126 0.091337 -0.0822235 -0.160644 0.622 1.402 -0.178626 0 0 0 
 1.337 0.978 2.47411 0 0 1.2814 0.9257 2.1127 0.0860642 -0.0692517 -0.143837 0.617 1.41 -0.178587 0 0 0 
 1.335 0.982 2.4755 0 0 1.2725 0.9405 2.1122 0.0926267 -0.08435 -0.162471 0.621 1.425 -0.178544 0 0 0 
 1.312 0.985 2.47568 0 0 1.2747 0.9368 2.1124 0.0679869 -0.182713 -0.450561 0.63 1.401 -0.1785 0 0 0 
 1.32 1.007 2.47498 0 0 1.268 0.9479 2.1119 0.0691978 -0.060903 -0.157118 0.64 1.415 -0.178553 0 0 0 
 1.319 0.995 2.47236 0 0 1.268 0.9479 2.1119 0.0804728 -0.0943151 -0.207914 0.625 1.435 -0.178557 0 0 0 
 1.328 1.003 2.46852 0 0 1.2591 0.9628 2.1109 0.0917484 -0.115487 -0.22281 0.615 1.415 -0.178606 0 0 0 
 1.334 0.985 2.46241 0 0 1.2591 0.9628 2.1109 0.0986242 -0.197589 -0.346105 0.629 1.394 -0.178542 0 0 0 
 1.322 1.01 2.46102 0 0 1.2591 0.9628 2.1109 0.0843932 -0.13795 -0.286155 0.61 1.401 -0.178459 0 0 0 
 1.317 1.016 2.45735 0 0 1.2747 0.9368 2.1124 0.0623874 -0.0390265 -0.112127 0.612 1.403 -0.178445 0 0 0 
 1.314 1.017 2.44513 0 0 1.2546 0.9702 2.1103 0.078667 -0.145926 -0.322258 0.624 1.411 -0.178455 0 0 0 
 1.325 1 2.43693 0 0 1.2524 0.9739 2.11 0.0968359 -0.156236 -0.282639 0.629 1.423 -0.178494 0 0 0 
 1.302 1.008 2.42995 0 0 1.2569 0.9665 2.1106 0.0753322 -0.208878 -0.462925 0.621 1.421 -0.178501 0 0 0 
 1.311 1.022 2.42419 0 0 1.248 0.9814 2.1093 0.0810016 -0.183081 -0.386388 0.628 1.409 -0.178492 0 0 0 
 1.296 1.028 2.42 0 0 1.2502 0.9776 2.1097 0.0655864 -0.264044 -0.523599 0.625 1.389 -0.178489 0 0 0 
 1.305 1.022 2.41564 0 0 1.2413 0.9925 2.1082 0.0858532 -0.270655 -0.516146 0.619 1.399 -0.178477 0 0 0 
 1.304 1.03 2.40796 0 0 1.2303 1.0111 2.1059 0.0942647 -0.301205 -0.521952 0.616 1.4 -0.178397 0 0 0 
 1.292 1.05 2.40272 0 0 1.2391 0.9962 2.1078 0.0678401 -0.252126 -0.523599 0.617 1.396 -0.178409 0 0 0 
 1.3 1.034 2.38981 0 0 1.2435 0.9888 2.1086 0.0781189 -0.248493 -0.520008 0.61 1.398 -0.172975 0 0 0 
 1.265 1.063 2.3762 0 0 1.2325 1.0073 2.1064 0.0548939 -0.344648 -0.523599 0.618 1.415 -0.153317 0 0 0 
 1.29 1.065 2.36415 0 0 1.2237 1.0222 2.1043 0.0779703 -0.169153 -0.372291 0.632 1.45 -0.130243 0 0 0 
 1.263 1.07 2.34984 0 0 1.2171 1.0333 2.1026 0.0613156 -0.285737 -0.523599 0.665 1.458 -0.12348 0 0 0 
 1.289 1.045 2.34199 0 0 1.2128 1.0407 2.1013 0.0911489 -0.151581 -0.290851 0.694 1.497 -0.120651 0 0 0 
 1.273 1.063 2.33536 0 0 1.2259 1.0185 2.1049 0.0612258 -0.0671964 -0.195042 0.692 1.515 -0.107421 0 0 0 
 1.258 1.068 2.3296 0 0 1.2303 1.0111 2.1059 0.0469403 -0.0612151 -0.230565 0.695 1.532 -0.0995298 0 0 0 
 1.265 1.067 2.3179 0 0 1.2063 1.0519 2.0993 0.0742108 -0.104191 -0.247534 0.717 1.538 -0.0817623 0 0 0 
 1.293 1.05 2.31057 0 0 1.2193 1.0296 2.1032 0.0839341 0.0795197 0.168908 0.739 1.558 -0.0686402 0 0 0 
 1.282 1.065 2.30569 0 0 1.2215 1.0259 2.1038 0.0730672 0.129805 0.309498 0.729 1.585 -0.0509405 0 0 0 
 1.25 1.082 2.30167 0 0 1.2215 1.0259 2.1038 0.0464747 0.10852 0.397887 0.742 1.604 -0.0328601 0 0 0 
 1.246 1.09 2.29172 0 0 1.2237 1.0222 2.1043 0.0381409 0.189616 0.523599 0.76 1.625 -0.0179526 0 0 0 
 1.27 1.084 2.2919 0 0 1.1933 1.0741 2.0948 0.0864939 0.229736 0.445972 0.79 1.65 -0.0110183 0 0 0 
 1.267 1.09 2.29347 0 0 1.2019 1.0593 2.0979 0.0765261 0.31939 0.523599 0.795 1.676 -0.00193825 0 0 0 
 1.252 1.109 2.29277 0 0 1.2106 1.0444 2.1007 0.0504674 0.429626 0.523599 0.81 1.696 0.00800103 0 0 0 
 1.239 1.104 2.29521 0 0 1.2041 1.0556 2.0986 0.0567138 0.368147 0.523599 0.817 1.719 0.0206936 0 0 0 
 1.23 1.114 2.2994 0 0 1.1891 1.0815 2.0931 0.0683723 0.387581 0.523599 0.837 1.761 0.0340062 0 0 0 
 1.272 1.11 2.30551 0 0 1.1827 1.0926 2.0905 0.100356 0.501145 0.523599 0.851 1.769 0.0494333 0 0 0 
 1.237 1.141 2.32 0 0 1.1891 1.0815 2.0931 0.0635473 0.586211 0.523599 0.852 1.796 0.0548491 0 0 0 
 1.225 1.126 2.32768 0 0 1.1848 1.0889 2.0914 0.0743407 0.480527 0.523599 0.864 1.82 0.0648766 0 0 0 
 1.241 1.119 2.33693 0 0 1.1785 1.1 2.0886 0.0993131 0.487514 0.523599 0.883 1.85 0.0719018 0 0 0 
 1.228 1.125 2.34496 0 0 1.1827 1.0926 2.0905 0.0925949 0.507228 0.523599 0.894 1.884 0.0780901 0 0 0 
 1.214 1.143 2.35071 0 0 1.1806 1.0963 2.0896 0.0825426 0.584907 0.523599 0.915 1.91 0.0824223 0 0 0 
 1.207 1.159 2.35979 0 0 1.1701 1.1148 2.0847 0.0838862 0.613072 0.523599 0.922 1.924 0.0844533 0 0 0 
 1.205 1.16 2.36887 0 0 1.1618 1.1295 2.0804 0.0955565 0.52776 0.523599 0.908 1.941 0.0879505 0 0 0 
 1.177 1.154 2.3762 0 0 1.1577 1.1369 2.0781 0.097828 0.35954 0.523599 0.906 1.975 0.0891784 0 0 0 
 1.201 1.161 2.38737 0 0 1.1556 1.1406 2.077 0.123162 0.426636 0.523599 0.939 2.035 0.0911903 0 0 0 
 1.194 1.164 2.39836 0 0 1.1577 1.1369 2.0781 0.122312 0.433462 0.523599 0.963 2.06 0.0895749 0 0 0 
 1.216 1.182 2.40639 0 0 1.1536 1.1442 2.0758 0.135475 0.54722 0.523599 0.985 2.092 0.0868194 0 0 0 
 1.186 1.204 2.4193 0 0 1.1495 1.1516 2.0733 0.118288 0.570822 0.523599 0.991 2.11 0.0809447 0 0 0 
 1.198 1.209 2.43047 0 0 1.1455 1.159 2.0708 0.137593 0.522928 0.523599 1.012 2.162 0.0726907 0 0 0 
 1.199 1.196 2.44793 0 0 1.1296 1.1883 2.0599 0.164327 0.31905 0.336212 1.032 2.182 0.0662604 0 0 0 
 1.175 1.228 2.46276 0 0 1.1335 1.181 2.0628 0.142798 0.403004 0.470024 1.043 2.226 0.0520135 0 0 0 
 1.187 1.205 2.47288 0 0 1.1257 1.1956 2.0569 0.172787 0.177495 0.182839 1.066 2.261 0.0402857 0 0 0 
 1.154 1.234 2.4865 0 0 1.1238 1.1993 2.0554 0.152388 0.188665 0.219268 1.084 2.299 0.0255501 0 0 0 
 1.149 1.223 2.50168 0 0 1.1277 1.192 2.0584 0.156303 0.0363812 0.0418725 1.09 2.345 0.0029652 0 0 0 
 1.15 1.221 2.51547 0 0 1.12 1.2066 2.0523 0.169448 -0.0828662 -0.0878 1.122 2.383 -0.0193585 0 0 0 
 1.134 1.225 2.52646 0 0 1.1124 1.2212 2.0458 0.172375 -0.233481 -0.239144 1.138 2.436 -0.0383789 0 0 0 
 1.115 1.235 2.54165 0 0 1.12 1.2066 2.0523 0.15381 -0.2415 -0.275437 1.156 2.475 -0.0569887 0 0 0 
 1.103 1.268 2.54723 0 0 1.1068 1.2321 2.0407 0.150767 -0.211941 -0.247833 1.175 2.504 -0.0843476 0 0 0 
 1.114 1.288 2.54427 0 0 1.0923 1.2611 2.0259 0.166659 -0.214832 -0.227996 1.201 2.554 -0.112295 0 0 0 
 1.089 1.322 2.53257 0 0 1.0887 1.2684 2.022 0.149317 -0.158323 -0.188589 1.232 2.596 -0.133214 0 0 0 
 1.126 1.287 2.52507 0 0 1.0923 1.2611 2.0259 0.178148 -0.227743 -0.226173 1.254 2.647 -0.155644 0 0 0 
 1.072 1.318 2.51547 0 0 1.075 1.2972 2.005 0.16154 -0.385251 -0.405486 1.277 2.669 -0.176355 0 0 0 
 1.093 1.295 2.50098 0 0 1.0767 1.2936 2.0072 0.180438 -0.417435 -0.394583 1.321 2.708 -0.203055 0 0 0 
 1.061 1.304 2.49348 0 0 1.0652 1.3187 1.9911 0.176998 -0.57927 -0.523599 1.34 2.738 -0.2216 0 0 0 
 1.045 1.358 2.44252 0 0 1.0604 1.3295 1.9837 0.160634 -0.413872 -0.434243 1.459 2.877 -0.307695 0 0 0 
 1.054 1.365 2.41075 0 0 1.0604 1.3295 1.9837 0.164316 -0.322863 -0.339949 1.493 2.899 -0.320641 0 0 0 
 1.045 1.384 2.38422 0 0 1.0497 1.3543 1.9654 0.167962 -0.3405 -0.349891 1.541 2.947 -0.338059 0 0 0 
 1.058 1.385 2.36311 0 0 1.0483 1.3579 1.9626 0.176319 -0.277668 -0.276219 1.561 2.986 -0.349047 0 0 0 
 1.039 1.368 2.33291 0 0 1.0439 1.3685 1.9542 0.183996 -0.43098 -0.399005 1.609 3.012 -0.368732 0 0 0 
 1.054 1.393 2.32244 0 0 1.0439 1.3685 1.9542 0.179606 -0.258638 -0.253623 1.647 3.041 -0.383054 0 0 0 
 1.023 1.404 2.29905 0 0 1.0439 1.3685 1.9542 0.164301 -0.332324 -0.34916 1.688 3.07 -0.395308 0 0 0 
 1.004 1.432 2.28387 0 0 1.0329 1.3967 1.9301 0.160804 -0.383748 -0.405724 1.715 3.111 -0.40321 0 0 0 
 1.015 1.43 2.26712 0 0 1.024 1.4211 1.907 0.17978 -0.400204 -0.381105 1.759 3.149 -0.412691 0 0 0 
 1.014 1.441 2.25071 0 0 1.0204 1.4315 1.8964 0.180844 -0.38138 -0.362797 1.817 3.18 -0.423355 0 0 0 
 0.986 1.461 2.23029 0 0 1.0125 1.4557 1.8705 0.175768 -0.49856 -0.472064 1.839 3.216 -0.433759 0 0 0 
 0.968 1.468 2.21633 0 0 1.0125 1.4557 1.8705 0.167678 -0.549889 -0.523599 1.883 3.233 -0.446402 0 0 0 
 0.971 1.478 2.20027 0 0 1.0115 1.4591 1.8666 0.166723 -0.499049 -0.494197 1.919 3.256 -0.45564 0 0 0 
 0.975 1.491 2.17846 0 0 1.0045 1.483 1.8381 0.175418 -0.490555 -0.46634 1.964 3.301 -0.461952 0 0 0 
 0.979 1.48 2.15978 0 0 1.0054 1.4796 1.8423 0.181872 -0.476051 -0.440302 2.015 3.322 -0.46582 0 0 0 
 1.01 1.476 2.1329 0 0 1.0009 1.4966 1.8208 0.199193 -0.438775 -0.377483 2.044 3.358 -0.472498 0 0 0 
 0.97 1.494 2.09974 0 0 1.0054 1.4796 1.8423 0.176294 -0.424661 -0.409122 2.07 3.389 -0.485079 0 0 0 
 0.976 1.496 2.07915 0 0 1.0036 1.4864 1.8338 0.180755 -0.428888 -0.403645 2.123 3.398 -0.493151 0 0 0 
 1.007 1.511 2.05594 0 0 1 1.5 0 9.55336e-10 -0.916566 -0.523599 2.144 3.407 -0.497888 0 0 0 
 0.971 1.542 2.02976 0 0 0.9944 1.5236 1.785 0.178598 -0.348426 -0.337709 2.173 3.449 -0.501493 0 0 0 
 0.97 1.549 2.01492 0 0 0.993 1.5302 1.776 0.178872 -0.34125 -0.330785 2.213 3.453 -0.503125 0 0 0 
 0.942 1.568 2.00026 0 0 0.9923 1.5336 1.7715 0.165096 -0.446619 -0.453142 2.234 3.474 -0.507387 0 0 0 
 0.982 1.547 1.99154 0 0 0.9843 1.5798 1.708 0.209379 -0.391966 -0.325018 2.268 3.492 -0.510921 0 0 0 
 0.949 1.563 1.98176 0 0 0.9879 1.5568 1.7398 0.182715 -0.463039 -0.427964 2.308 3.521 -0.512067 0 0 0 
 0.964 1.585 1.95855 0 0 0.9863 1.5667 1.7262 0.18007 -0.339883 -0.327516 2.325 3.529 -0.514524 0 0 0 
 0.942 1.609 1.92434 0 0 0.983 1.5896 1.6943 0.176654 -0.444911 -0.425627 2.376 3.544 -0.519208 0 0 0 
 0.939 1.596 1.91387 0 0 0.983 1.5896 1.6943 0.184174 -0.473731 -0.433608 2.42 3.574 -0.523924 0 0 0 
 0.972 1.625 1.88717 0 0 0.9815 1.6026 1.6761 0.181408 -0.247604 -0.240911 2.459 3.593 -0.530745 0 0 0 
 0.931 1.636 1.86553 0 0 0.9808 1.609 1.6669 0.173622 -0.45986 -0.444877 2.499 3.611 -0.537827 0 0 0 
 0.93 1.647 1.85418 0 0 0.9787 1.6347 1.6305 0.181498 -0.503068 -0.46278 2.523 3.644 -0.544534 0 0 0 
 0.966 1.652 1.83045 0 0 0.9785 1.6379 1.6259 0.186127 -0.277075 -0.261804 2.555 3.65 -0.551571 0 0 0 
 0.94 1.653 1.81631 0 0 0.9778 1.6537 1.6032 0.191534 -0.448533 -0.398921 2.607 3.699 -0.558436 0 0 0 
 0.949 1.653 1.79868 0 0 0.9782 1.6442 1.6168 0.188418 -0.356608 -0.328344 2.627 3.706 -0.566594 0 0 0 
 0.957 1.708 1.77111 0 0 0.9778 1.6537 1.6032 0.163781 -0.248233 -0.266334 2.665 3.735 -0.57855 0 0 0 
 0.944 1.677 1.75331 0 0 0.9774 1.6726 1.576 0.191556 -0.382539 -0.345079 2.695 3.757 -0.588231 0 0 0 
 0.937 1.702 1.7355 0 0 0.978 1.7068 1.5265 0.195694 -0.466738 -0.405512 2.7 3.771 -0.602348 0 0 0 
 0.983 1.72 1.72207 0 0 0.9775 1.6695 1.5805 0.169214 -0.0812107 -0.0861735 2.739 3.786 -0.616887 0 0 0 
 0.942 1.745 1.70566 0 0 0.9783 1.7129 1.5176 0.175793 -0.399204 -0.388032 2.777 3.807 -0.625102 0 0 0 
 0.963 1.747 1.68507 0 0 0.979 1.7251 1.4998 0.183021 -0.285874 -0.274079 2.806 3.82 -0.635471 0 0 0 
 0.95 1.757 1.67093 0 0 0.9815 1.7524 1.4602 0.191855 -0.411645 -0.368562 2.856 3.855 -0.647362 0 0 0 
 0.954 1.793 1.66482 0 0 0.9808 1.7464 1.469 0.16805 -0.354958 -0.36332 2.877 3.858 -0.659262 0 0 0 
 0.957 1.787 1.64475 0 0 0.9821 1.7584 1.4515 0.179008 -0.352007 -0.340197 2.915 3.87 -0.679961 0 0 0 
 0.974 1.815 1.63358 0 0 0.9873 1.794 1.4001 0.182068 -0.330062 -0.315419 2.945 3.882 -0.692251 0 0 0 
 0.954 1.849 1.61787 0 0 0.991 1.8144 1.3707 0.173743 -0.485806 -0.466285 2.999 3.91 -0.702441 0 0 0 
 0.951 1.862 1.60042 0 0 0.9899 1.8086 1.3791 0.164304 -0.474097 -0.479038 3.027 3.912 -0.715422 0 0 0 
 0.976 1.879 1.58052 0 0 0.9947 1.8318 1.346 0.167219 -0.373173 -0.381967 3.054 3.933 -0.733246 0 0 0 
 0.988 1.866 1.56918 0 0 0.9988 1.8489 1.3217 0.18414 -0.337833 -0.318962 3.1 3.936 -0.750838 0 0 0 
 0.98 1.873 1.54562 0 0 1.0074 1.8799 1.2784 0.198114 -0.44693 -0.385725 3.14 3.965 -0.770581 0 0 0 
 0.994 1.877 1.5327 0 0 1.0033 1.8659 1.2979 0.188423 -0.316407 -0.293532 3.168 3.974 -0.791918 0 0 0 
 0.99 1.902 1.51647 0 0 1.0099 1.8882 1.2668 0.186881 -0.396226 -0.364576 3.209 3.967 -0.813171 0 0 0 
 1 1.916 1.48226 0 0 1.0074 1.8799 1.2784 0.175394 -0.291479 -0.290662 3.224 3.961 -0.83709 0 0 0 
 1.004 1.942 1.46551 0 0 1.0135 1.8992 1.2516 0.171401 -0.323711 -0.327694 3.265 3.989 -0.853936 0 0 0 
 1.007 1.953 1.45277 0 0 1.02 1.9184 1.2255 0.176023 -0.354968 -0.348198 3.306 4.013 -0.863542 0 0 0 
 1.008 1.972 1.43671 0 0 1.024 1.9292 1.2108 0.171861 -0.382224 -0.380786 3.346 4.018 -0.882017 0 0 0 
 1.015 1.973 1.41996 0 0 1.0291 1.9426 1.1929 0.178939 -0.36275 -0.349887 3.375 4.025 -0.909169 0 0 0 
 1.035 1.994 1.41001 0 0 1.0379 1.9638 1.1649 0.177001 -0.318928 -0.313626 3.401 4.027 -0.93288 0 0 0 
 1.021 2.006 1.38854 0 0 1.0334 1.9533 1.1788 0.1671 -0.367188 -0.376651 3.432 4.043 -0.950517 0 0 0 
 1.043 1.996 1.37441 0 0 1.0483 1.9873 1.1345 0.190017 -0.305009 -0.28127 3.474 4.05 -0.970269 0 0 0 
 1.054 2.006 1.36062 0 0 1.0507 1.9924 1.1279 0.186416 -0.255731 -0.242086 3.53 4.055 -0.993328 0 0 0 
 1.058 2.016 1.33653 0 0 1.0532 1.9976 1.1213 0.184255 -0.237146 -0.227653 3.568 4.052 -1.01932 0 0 0 
 1.068 2.043 1.32327 0 0 1.0594 2.0103 1.1052 0.175474 -0.242132 -0.243451 3.615 4.044 -1.04835 0 0 0 
 1.074 2.042 1.31175 0 0 1.0659 2.0229 1.0895 0.18302 -0.230046 -0.222504 3.651 4.041 -1.07224 0 0 0 
 1.078 2.057 1.29377 0 0 1.0711 2.0329 1.0771 0.180654 -0.24142 -0.236061 3.693 4.06 -1.09653 0 0 0 
 1.081 2.059 1.28365 0 0 1.0793 2.0478 1.059 0.188432 -0.25788 -0.241531 3.738 4.067 -1.12581 0 0 0 
 1.085 2.072 1.27667 0 0 1.0793 2.0478 1.059 0.180786 -0.251975 -0.245806 3.775 4.053 -1.15563 0 0 0 
 1.097 2.092 1.26288 0 0 1.0834 2.0551 1.0502 0.17248 -0.227979 -0.233576 3.828 4.049 -1.19091 0 0 0 
 1.081 2.107 1.24822 0 0 1.0934 2.0721 1.03 0.178728 -0.378712 -0.364376 3.871 4.045 -1.21679 0 0 0 
 1.1 2.112 1.23531 0 0 1.1021 2.0864 1.0132 0.181549 -0.308832 -0.297133 3.918 4.038 -1.24562 0 0 0 
 1.123 2.117 1.2278 0 0 1.1141 2.1052 0.9916 0.186126 -0.23601 -0.224399 3.954 4.015 -1.28562 0 0 0 
 1.12 2.147 1.21855 0 0 1.1248 2.1214 0.9734 0.181221 -0.351014 -0.33547 3.98 4.027 -1.31976 0 0 0 
 1.141 2.14 1.20302 0 0 1.1248 2.1214 0.9734 0.181075 -0.205929 -0.201916 4.006 4.032 -1.34304 0 0 0 
 1.149 2.144 1.19063 0 0 1.1358 2.1373 0.9558 0.187877 -0.202977 -0.19207 4.045 4.036 -1.36704 0 0 0 
 1.144 2.167 1.17928 0 0 1.1406 2.144 0.9485 0.1816 -0.290074 -0.279966 4.083 4.017 -1.38726 0 0 0 
 1.163 2.176 1.1559 0 0 1.1503 2.1574 0.9341 0.182086 -0.222694 -0.216686 4.115 4.013 -1.41095 0 0 0 
 1.179 2.169 1.14577 0 0 1.1519 2.1596 0.9318 0.183733 -0.115764 -0.11293 4.173 3.97 -1.43764 0 0 0 
 1.175 2.194 1.1367 0 0 1.1519 2.1596 0.9318 0.171792 -0.191213 -0.197731 4.207 3.96 -1.469 0 0 0 
 1.174 2.197 1.11994 0 0 1.1768 2.1919 0.898 0.193204 -0.272401 -0.248537 4.238 3.954 -1.5005 0 0 0 
 1.183 2.199 1.11401 0 0 1.1819 2.1983 0.8916 0.194412 -0.241319 -0.21982 4.277 3.958 -1.52939 0 0 0 
 1.19 2.218 1.11069 0 0 1.187 2.2046 0.8852 0.187187 -0.269109 -0.253222 4.321 3.938 -1.552 0 0 0 
 1.2 2.224 1.09883 0 0 1.1955 2.2149 0.8749 0.189069 -0.248734 -0.23252 4.377 3.911 -1.57711 0 0 0 
 1.22 2.236 1.0901 0 0 1.2058 2.2272 0.8629 0.186342 -0.202193 -0.192883 4.418 3.888 -1.60179 0 0 0 
 1.226 2.234 1.08172 0 0 1.2128 2.2352 0.8551 0.191736 -0.179514 -0.166957 4.449 3.858 -1.63043 0 0 0 
 1.225 2.258 1.06741 0 0 1.2163 2.2392 0.8513 0.183279 -0.249139 -0.239967 4.48 3.837 -1.65941 0 0 0 
 1.224 2.277 1.05677 0 0 1.2285 2.253 0.8382 0.184639 -0.335192 -0.315832 4.512 3.814 -1.68448 0 0 0 
 1.233 2.276 1.04944 0 0 1.2373 2.2627 0.8292 0.189873 -0.304009 -0.280598 4.549 3.786 -1.70711 0 0 0 
 1.241 2.302 1.0367 0 0 1.239 2.2646 0.8274 0.176569 -0.337223 -0.33112 4.584 3.772 -1.72517 0 0 0 
 1.241 2.296 1.02849 0 0 1.2461 2.2722 0.8204 0.185642 -0.328975 -0.308775 4.611 3.748 -1.74313 0 0 0 
 1.25 2.298 1.01645 0 0 1.2549 2.2816 0.8119 0.189424 -0.301436 -0.278969 4.646 3.722 -1.76572 0 0 0 
 1.261 2.301 1.00074 0 0 1.2549 2.2816 0.8119 0.185044 -0.241878 -0.231082 4.667 3.688 -1.78184 0 0 0 
 1.258 2.325 0.98294 0 0 1.2655 2.2927 0.8021 0.183967 -0.343851 -0.324541 4.701 3.667 -1.79673 0 0 0 
 1.284 2.318 0.969502 0 0 1.2726 2.3 0.7957 0.184541 -0.198703 -0.19144 4.726 3.636 -1.81396 0 0 0 
 1.301 2.323 0.95903 0 0 1.285 2.3126 0.7849 0.18655 -0.152355 -0.14596 4.742 3.615 -1.82676 0 0 0 
 1.309 2.346 0.939134 0 0 1.2956 2.3231 0.776 0.181938 -0.1987 -0.194108 4.773 3.583 -1.84166 0 0 0 
 1.328 2.339 0.926917 0 0 1.3044 2.3317 0.7689 0.18572 -0.0913202 -0.0882776 4.809 3.549 -1.85696 0 0 0 
 1.331 2.351 0.919761 0 0 1.3132 2.3402 0.762 0.186117 -0.131458 -0.126459 4.846 3.524 -1.86837 0 0 0 
 1.332 2.348 0.911559 0 0 1.3272 2.3534 0.7515 0.198158 -0.136128 -0.123029 4.867 3.512 -1.87876 0 0 0 
 1.342 2.361 0.90196 0 0 1.3272 2.3534 0.7515 0.188828 -0.127426 -0.120876 4.898 3.475 -1.89389 0 0 0 
 1.368 2.358 0.897073 0 0 1.3377 2.3631 0.7439 0.188901 -0.013754 -0.0131052 4.925 3.459 -1.9059 0 0 0 
 1.384 2.364 0.891139 0 0 1.3446 2.3694 0.7391 0.185718 0.0300024 0.0290705 4.951 3.417 -1.92594 0 0 0 
 1.377 2.368 0.882936 0 0 1.3583 2.3819 0.7299 0.196941 -0.0353522 -0.0323 4.977 3.388 -1.93696 0 0 0 
 1.398 2.39 0.877002 0 0 1.3583 2.3819 0.7299 0.179319 -0.0146264 -0.0146809 5.004 3.354 -1.95251 0 0 0 
 1.407 2.399 0.875431 0 0 1.3668 2.3894 0.7245 0.17831 -0.0224921 -0.0227015 5.022 3.345 -1.96297 0 0 0 
 1.419 2.402 0.876478 0 0 1.3902 2.4098 0.7106 0.189928 -0.0264216 -0.0250352 5.052 3.307 -1.97929 0 0 0 
 1.445 2.417 0.876478 0 0 1.3983 2.4168 0.7061 0.179571 0.021032 0.0210791 5.074 3.274 -1.99107 0 0 0 
 1.42 2.415 0.875431 0 0 1.4064 2.4237 0.7018 0.195699 -0.0997117 -0.091457 5.107 3.239 -2.00916 0 0 0 
 1.454 2.428 0.875955 0 0 1.4128 2.429 0.6986 0.181856 -0.00764929 -0.00757109 5.119 3.226 -2.02053 0 0 0 
 1.467 2.434 0.877002 0 0 1.4222 2.4369 0.6941 0.18122 0.00992462 0.00985747 5.145 3.176 -2.03164 0 0 0 
 1.478 2.432 0.87578 0 0 1.4435 2.4545 0.6851 0.193607 0.0253136 0.0235301 5.175 3.151 -2.04249 0 0 0 
 1.484 2.447 0.874733 0 0 1.4435 2.4545 0.6851 0.184576 -0.000629877 -0.000614262 5.192 3.12 -2.05687 0 0 0 
 1.489 2.457 0.879795 0 0 1.4733 2.4786 0.6764 0.199628 -0.0757482 -0.0681944 5.217 3.084 -2.07129 0 0 0 
 1.5 2.459 0.879969 0 0 1.465 2.472 0.6782 0.188703 -0.018461 -0.0176077 5.232 3.055 -2.08443 0 0 0 
 1.51 2.485 0.879445 0 0 1.4733 2.4786 0.6764 0.179184 -0.0835588 -0.0837429 5.249 3.012 -2.09894 0 0 0 
 1.529 2.492 0.879795 0 0 1.4902 2.4922 0.6744 0.181313 -0.0519064 -0.0514851 5.266 2.973 -2.10998 0 0 0 
 1.529 2.486 0.879445 0 0 1.5115 2.5092 0.6763 0.199695 -0.0617303 -0.0555848 5.288 2.961 -2.12404 0 0 0 
 1.558 2.503 0.876653 0 0 1.5202 2.5162 0.6779 0.187832 -0.00196234 -0.00188051 5.321 2.93 -2.13614 0 0 0 
 1.573 2.516 0.87421 0 0 1.5274 2.522 0.6795 0.181812 0.0115728 0.0114569 5.335 2.889 -2.14767 0 0 0 
 1.57 2.511 0.871417 0 0 1.5372 2.5299 0.6824 0.192547 0.00642095 0.00600247 5.345 2.862 -2.16241 0 0 0 
 1.576 2.521 0.872813 0 0 1.5418 2.5337 0.6841 0.189251 -0.00939876 -0.00893909 5.363 2.825 -2.17504 0 0 0 
 1.567 2.528 0.871243 0 0 1.5445 2.5359 0.6853 0.1915 -0.0766867 -0.0719573 5.382 2.788 -2.18962 0 0 0 
 1.594 2.538 0.869672 0 0 1.5481 2.5388 0.6868 0.179704 0.00609407 0.00610402 5.395 2.768 -2.20665 0 0 0 
 1.608 2.545 0.870196 0 0 1.5682 2.5555 0.6997 0.186838 0.0276965 0.0266765 5.413 2.741 -2.2248 0 0 0 
 1.617 2.543 0.86845 0 0 1.5837 2.5687 0.7154 0.196728 0.0722973 0.0660534 5.433 2.705 -2.2398 0 0 0 
 1.63 2.545 0.86653 0 0 1.5895 2.5738 0.723 0.195814 0.125942 0.115257 5.442 2.674 -2.25414 0 0 0 
 1.64 2.563 0.864436 0 0 1.5964 2.5799 0.733 0.189533 0.110687 0.104734 5.454 2.646 -2.2713 0 0 0 
 1.641 2.586 0.869497 0 0 1.5994 2.5826 0.7378 0.181094 0.0274445 0.0272719 5.461 2.613 -2.28994 0 0 0 
 1.645 2.593 0.870021 0 0 1.6122 2.5945 0.7594 0.18712 0.0290429 0.0279306 5.497 2.576 -2.30713 0 0 0 
 1.652 2.6 0.876478 0 0 1.6246 2.6065 0.7803 0.191801 0.0395639 0.0371127 5.492 2.544 -2.33131 0 0 0 
 1.681 2.616 0.881365 0 0 1.6297 2.6116 0.788 0.178311 0.113697 0.114273 5.503 2.505 -2.35139 0 0 0 
 1.7 2.607 0.884681 0 0 1.643 2.6253 0.8044 0.187318 0.235589 0.222632 5.518 2.47 -2.37183 0 0 0 
 1.696 2.591 0.887997 0 0 1.6498 2.6323 0.8102 0.202092 0.265906 0.232552 5.522 2.424 -2.39892 0 0 0 
 1.708 2.605 0.889394 0 0 1.6549 2.6377 0.8137 0.195747 0.271475 0.244635 5.542 2.402 -2.42843 0 0 0 
 1.715 2.627 0.895502 0 0 1.6615 2.6447 0.8172 0.188619 0.220613 0.207502 5.564 2.367 -2.45425 0 0 0 
 1.731 2.629 0.903007 0 0 1.6656 2.6491 0.8188 0.185922 0.278601 0.263457 5.564 2.322 -2.48504 0 0 0 
 1.746 2.65 0.912606 0 0 1.6714 2.6553 0.8205 0.175928 0.266065 0.265783 5.589 2.296 -2.51579 0 0 0 
 1.746 2.657 0.92203 0 0 1.6955 2.6812 0.8228 0.193139 0.206867 0.190458 5.598 2.252 -2.54873 0 0 0 
 1.749 2.668 0.928139 0 0 1.7037 2.69 0.8225 0.19381 0.168432 0.155173 5.607 2.218 -2.58243 0 0 0 
 1.772 2.675 0.935992 0 0 1.7143 2.7015 0.8218 0.192043 0.232504 0.214569 5.597 2.168 -2.61253 0 0 0 
 1.781 2.683 0.943672 0 0 1.7302 2.7186 0.8202 0.19872 0.217843 0.194819 5.6 2.139 -2.64674 0 0 0 
 1.782 2.681 0.953271 0 0 1.7258 2.7139 0.8207 0.195786 0.225385 0.20432 5.587 2.069 -2.68755 0 0 0 
 1.803 2.706 0.964266 0 0 1.7371 2.7259 0.8194 0.186369 0.220235 0.209585 5.59 2.025 -2.72679 0 0 0 
 1.831 2.7 0.978403 0 0 1.743 2.7322 0.8187 0.186269 0.348456 0.324802 5.585 1.971 -2.78612 0 0 0 
 1.8 2.702 0.98678 0 0 1.7687 2.7596 0.8155 0.215542 0.134154 0.111568 5.594 1.956 -2.83162 0 0 0 
 1.816 2.7 0.993936 0 0 1.7687 2.7596 0.8155 0.211846 0.206337 0.173556 5.596 1.92 -2.88122 0 0 0 
 1.806 2.735 1.00353 0 0 1.7554 2.7455 0.8172 0.18602 0.0751009 0.0725428 5.595 1.894 -2.92954 0 0 0 
 1.826 2.765 1.01296 0 0 1.7593 2.7496 0.8167 0.168059 0.0705207 0.0753881 5.608 1.843 -2.96898 0 0 0 
 1.839 2.788 1.02902 0 0 1.7858 2.7778 0.8135 0.174194 -0.000903605 -0.000933721 5.577 1.784 -3.00798 0 0 0 
