 1.885 0.263 2.25315 0 0 1.5886 0.2242 1.5864 0 0 0 0.607 0.522 0.895989 0 0 0 
 1.885 0.25 2.25333 0 0 1.5883 0.236 1.615 0.261021 0.433858 0.290712 0.618 0.787 1.25758 0 0 0 
 1.869 0.251 2.25333 0 0 1.5883 0.236 1.615 0.251825 0.39459 0.274904 0.634 0.786 1.25193 0 0 0 
 1.902 0.251 2.25333 0 0 1.5883 0.236 1.615 0.268689 0.476227 0.308826 0.615 0.781 1.23161 0 0 0 
 1.889 0.242 2.25507 0 0 1.5878 0.245 1.6357 0.272487 0.406324 0.26223 0.62 0.788 1.21648 0 0 0 
 1.888 0.233 2.2556 0 0 1.5872 0.254 1.6558 0.282619 0.371119 0.232106 0.64 0.853 1.16736 0 0 0 
 1.857 0.269 2.27445 0 0 1.5886 0.2242 1.5864 0.232574 0.414501 0.31043 0.638 0.894 1.13161 0 0 0 
 1.872 0.293 2.29277 0 0 1.5884 0.2331 1.608 0.237546 0.487847 0.354085 0.635 0.929 1.0865 0 0 0 
 1.893 0.36 2.31249 0 0 1.5853 0.2722 1.694 0.250777 0.650033 0.436551 0.603 0.912 1.0358 0 0 0 
 1.839 0.346 2.3453 0 0 1.5857 0.2692 1.6878 0.228351 0.456137 0.345162 0.59 0.941 0.966764 0 0 0 
 1.875 0.4 2.35822 0 0 1.5832 0.2876 1.724 0.239869 0.655888 0.457376 0.591 0.943 0.899408 0 0 0 
 1.843 0.357 2.36939 0 0 1.5801 0.3062 1.7577 0.249765 0.40761 0.285718 0.61 0.939 0.834332 0 0 0 
 1.819 0.398 2.39243 0 0 1.5741 0.3346 1.8041 0.240192 0.412613 0.299887 0.624 0.972 0.760096 0 0 0 
 1.837 0.431 2.40883 0 0 1.5741 0.3346 1.8041 0.238475 0.540599 0.387419 0.632 0.995 0.713453 0 0 0 
 1.788 0.421 2.42733 0 0 1.5769 0.3219 1.7841 0.207698 0.406128 0.338427 0.622 0.991 0.663756 0 0 0 
 1.797 0.446 2.45561 0 0 1.5693 0.3537 1.8324 0.222552 0.41557 0.32425 0.641 1.01 0.617591 0 0 0 
 1.762 0.461 2.48109 0 0 1.5629 0.3764 1.8628 0.210589 0.318335 0.265664 0.653 1.036 0.588366 0 0 0 
 1.736 0.479 2.50116 0 0 1.5589 0.3894 1.8791 0.196046 0.283608 0.254739 0.677 1.076 0.549099 0 0 0 
 1.724 0.455 2.51442 0 0 1.5524 0.4091 1.9019 0.20903 0.0952669 0.0818531 0.685 1.095 0.522414 0 0 0 
 1.737 0.475 2.5303 0 0 1.5478 0.4224 1.9163 0.218634 0.154458 0.126486 0.678 1.112 0.491408 0 0 0 
 1.714 0.502 2.54793 0 0 1.5513 0.4124 1.9056 0.187082 0.23068 0.218408 0.711 1.136 0.471367 0 0 0 
 1.703 0.478 2.55962 0 0 1.5513 0.4124 1.9056 0.184596 0.0900803 0.0876125 0.723 1.112 0.451711 0 0 0 
 1.72 0.472 2.56783 0 0 1.5441 0.4324 1.9265 0.201997 0.0484239 0.0431239 0.774 1.114 0.44894 0 0 0 
 1.689 0.482 2.57812 0 0 1.5535 0.4058 1.8982 0.165448 0.0985549 0.106815 0.782 1.15 0.450295 0 0 0 
 1.698 0.516 2.58423 0 0 1.5478 0.4224 1.9163 0.170708 0.213205 0.221134 0.771 1.158 0.454863 0 0 0 
 1.701 0.498 2.59086 0 0 1.5404 0.4424 1.9364 0.191212 0.0676067 0.0635568 0.759 1.155 0.460507 0 0 0 
 1.679 0.516 2.59785 0 0 1.5391 0.4458 1.9396 0.164889 0.101811 0.110687 0.793 1.138 0.466083 0 0 0 
 1.681 0.507 2.60099 0 0 1.5404 0.4424 1.9364 0.168549 0.0863911 0.0919998 0.823 1.183 0.477876 0 0 0 
 1.699 0.521 2.60395 0 0 1.5365 0.4525 1.9459 0.185603 0.136383 0.131502 0.792 1.185 0.509126 0 0 0 
 1.69 0.527 2.61163 0 0 1.5311 0.466 1.958 0.179967 0.121758 0.121184 0.84 1.204 0.539311 0 0 0 
 1.67 0.57 2.61565 0 0 1.5391 0.4458 1.9396 0.139244 0.375512 0.451917 0.87 1.23 0.56242 0 0 0 
 1.65 0.597 2.61879 0 0 1.5269 0.4762 1.9667 0.125349 0.405358 0.523599 0.893 1.217 0.583373 0 0 0 
 1.593 0.594 2.62647 0 0 1.5121 0.5104 1.9932 0.0996058 0.191219 0.33271 0.919 1.229 0.62183 0 0 0 
 1.583 0.598 2.63083 0 0 1.509 0.5173 1.9981 0.0907513 0.15715 0.302153 0.919 1.212 0.689287 0 0 0 
 1.583 0.579 2.63729 0 0 1.4944 0.5485 2.0185 0.109274 -0.0721961 -0.118368 0.933 1.197 0.76805 0 0 0 
 1.584 0.581 2.65509 0 0 1.4977 0.5416 2.0142 0.113579 0.104397 0.163964 0.956 1.235 0.83804 0 0 0 
 1.609 0.62 2.66277 0 0 1.5026 0.5311 2.0075 0.115641 0.415265 0.523599 0.968 1.266 0.941841 0 0 0 
 1.551 0.61 2.6687 0 0 1.5074 0.5208 2.0005 0.0739477 0.367107 0.523599 0.986 1.272 1.00346 0 0 0 
 1.557 0.605 2.67254 0 0 1.4876 0.5625 2.0267 0.103722 0.185481 0.311413 1.003 1.296 1.06854 0 0 0 
 1.546 0.607 2.67446 0 0 1.4807 0.5765 2.0345 0.0974748 0.0951962 0.174014 0.958 1.25 1.13907 0 0 0 
 1.553 0.628 2.679 0 0 1.4807 0.5765 2.0345 0.10145 0.219978 0.372119 0.967 1.29 1.18337 0 0 0 
 1.536 0.66 2.69035 0 0 1.4772 0.5836 2.0383 0.0848377 0.357317 0.523599 0.956 1.299 1.19536 0 0 0 
 1.548 0.659 2.70326 0 0 1.4664 0.6048 2.0488 0.111565 0.230489 0.356026 0.953 1.337 1.21195 0 0 0 
 1.521 0.644 2.70745 0 0 1.4627 0.6119 2.0521 0.107672 0.125857 0.207375 0.999 1.378 1.23927 0 0 0 
 1.5 0.648 2.71757 0 0 1.4533 0.6297 2.0599 0.106833 0.0716373 0.120118 1.026 1.41 1.23936 0 0 0 
 1.501 0.614 2.72473 0 0 1.4571 0.6225 2.0568 0.123134 -0.170508 -0.244275 1.036 1.445 1.24678 0 0 0 
 1.496 0.651 2.73188 0 0 1.4664 0.6048 2.0488 0.0966243 0.180447 0.324285 1.053 1.445 1.25031 0 0 0 
 1.5 0.635 2.74305 0 0 1.4645 0.6083 2.0504 0.109706 0.0168685 0.02767 1.052 1.465 1.24797 0 0 0 
 1.521 0.68 2.75021 0 0 1.4571 0.6225 2.0568 0.117117 0.282846 0.410068 1.076 1.485 1.24409 0 0 0 
 1.486 0.691 2.74602 0 0 1.4495 0.6368 2.0628 0.104098 0.248655 0.406064 1.067 1.505 1.23745 0 0 0 
 1.483 0.719 2.74445 0 0 1.4457 0.6439 2.0657 0.101788 0.391785 0.523599 1.079 1.53 1.23058 0 0 0 
 1.478 0.683 2.7441 0 0 1.4379 0.6583 2.0711 0.120928 0.0444639 0.0660874 1.083 1.551 1.21367 0 0 0 
 1.481 0.681 2.74969 0 0 1.424 0.6835 2.0796 0.138281 -0.0751467 -0.0975079 1.101 1.567 1.1829 0 0 0 
 1.472 0.668 2.75544 0 0 1.424 0.6835 2.0796 0.144813 -0.258415 -0.310796 1.092 1.609 1.15492 0 0 0 
 1.468 0.662 2.76871 0 0 1.4476 0.6404 2.0642 0.124829 -0.178983 -0.252575 1.102 1.635 1.11317 0 0 0 
 1.463 0.689 2.77953 0 0 1.4476 0.6404 2.0642 0.115265 -0.00577802 -0.00902278 1.122 1.651 1.04292 0 0 0 
 1.476 0.687 2.7804 0 0 1.4379 0.6583 2.0711 0.1352 -0.108505 -0.143467 1.134 1.674 0.987489 0 0 0 
 1.452 0.685 2.77115 0 0 1.426 0.6799 2.0785 0.140545 -0.314712 -0.383143 1.117 1.721 0.923972 0 0 0 
 1.393 0.666 2.75946 0 0 1.428 0.6763 2.0773 0.117446 -0.581492 -0.523599 1.095 1.754 0.873717 0 0 0 
 1.379 0.684 2.7537 0 0 1.428 0.6763 2.0773 0.102403 -0.431199 -0.523599 1.129 1.739 0.806444 0 0 0 
 1.393 0.692 2.74899 0 0 1.424 0.6835 2.0796 0.114252 -0.404652 -0.523599 1.13 1.76 0.725473 0 0 0 
 1.411 0.672 2.74061 0 0 1.4077 0.7124 2.0881 0.152859 -0.666563 -0.523599 1.099 1.801 0.641593 0 0 0 
 1.425 0.662 2.72979 0 0 1.422 0.6871 2.0808 0.148054 -0.569288 -0.523599 1.115 1.781 0.575753 0 0 0 
 1.428 0.703 2.71844 0 0 1.43 0.6727 2.0761 0.130861 -0.260784 -0.344412 1.097 1.8 0.514439 0 0 0 
 1.396 0.674 2.69593 0 0 1.42 0.6907 2.0819 0.136275 -0.556612 -0.523599 1.132 1.805 0.462918 0 0 0 
 1.392 0.697 2.67952 0 0 1.4159 0.6979 2.0841 0.13251 -0.432015 -0.523599 1.144 1.815 0.417932 0 0 0 
 1.391 0.711 2.65945 0 0 1.424 0.6835 2.0796 0.123976 -0.32222 -0.43758 1.157 1.851 0.379606 0 0 0 
 1.397 0.692 2.62769 0 0 1.4015 0.7233 2.091 0.159589 -0.504225 -0.517098 1.186 1.84 0.348249 0 0 0 
 1.398 0.72 2.61286 0 0 1.4056 0.716 2.0891 0.146712 -0.294 -0.346182 1.205 1.848 0.321334 0 0 0 
 1.394 0.733 2.59732 0 0 1.4139 0.7015 2.0851 0.134611 -0.175261 -0.230203 1.251 1.866 0.306321 0 0 0 
 1.39 0.75 2.57306 0 0 1.4015 0.7233 2.091 0.139849 -0.0988328 -0.126529 1.276 1.856 0.297383 0 0 0 
 1.413 0.757 2.55788 0 0 1.3804 0.7598 2.0991 0.172748 -0.0901839 -0.0936945 1.305 1.867 0.298109 0 0 0 
 1.387 0.728 2.5406 0 0 1.3973 0.7306 2.0928 0.154763 -0.227705 -0.258893 1.34 1.852 0.303311 0 0 0 
 1.387 0.771 2.51878 0 0 1.3889 0.7451 2.0961 0.149004 0.000149639 0.000180767 1.344 1.869 0.314944 0 0 0 
 1.376 0.775 2.5132 0 0 1.391 0.7415 2.0953 0.142299 -0.0144091 -0.0182246 1.37 1.88 0.349525 0 0 0 
 1.352 0.816 2.50953 0 0 1.3654 0.7854 2.1037 0.143732 0.0254067 0.0318069 1.373 1.901 0.379935 0 0 0 
 1.348 0.836 2.49679 0 0 1.3632 0.7891 2.1042 0.136049 0.158392 0.206571 1.382 1.893 0.419071 0 0 0 
 1.337 0.854 2.49191 0 0 1.3502 0.8111 2.1073 0.138443 0.185617 0.236807 1.403 1.895 0.451623 0 0 0 
 1.286 0.812 2.48999 0 0 1.3326 0.8406 2.1103 0.153095 -0.345085 -0.385436 1.423 1.893 0.494912 0 0 0 
 1.308 0.823 2.4858 0 0 1.3193 0.8627 2.1118 0.173607 -0.263634 -0.266824 1.437 1.905 0.534312 0 0 0 
 1.307 0.831 2.48946 0 0 1.3348 0.8369 2.11 0.156863 -0.224536 -0.25217 1.451 1.938 0.581371 0 0 0 
 1.305 0.911 2.49487 0 0 1.3348 0.8369 2.11 0.124724 0.28086 0.385095 1.453 1.945 0.613075 0 0 0 
 1.285 0.894 2.49749 0 0 1.3237 0.8553 2.1114 0.135235 0.0134455 0.0178943 1.473 1.958 0.633192 0 0 0 
 1.273 0.88 2.48597 0 0 1.2926 0.9071 2.113 0.169705 -0.258301 -0.267409 1.484 1.966 0.653322 0 0 0 
 1.257 0.893 2.47323 0 0 1.2948 0.9034 2.113 0.159063 -0.272765 -0.29939 1.512 1.992 0.672275 0 0 0 
 1.262 0.906 2.46608 0 0 1.2903 0.9109 2.113 0.162142 -0.20688 -0.225751 1.525 2.003 0.686387 0 0 0 
 1.269 0.896 2.46486 0 0 1.2926 0.9071 2.113 0.168442 -0.256563 -0.267592 1.538 2.018 0.696714 0 0 0 
 1.231 0.888 2.46416 0 0 1.2814 0.9257 2.1127 0.169134 -0.503945 -0.492281 1.55 2.024 0.710235 0 0 0 
 1.246 0.893 2.45543 0 0 1.2903 0.9109 2.113 0.165495 -0.388711 -0.399988 1.59 2.023 0.721684 0 0 0 
 1.23 0.93 2.44234 0 0 1.2836 0.922 2.1128 0.152703 -0.287367 -0.326605 1.61 2.04 0.7293 0 0 0 
 1.23 0.926 2.43187 0 0 1.2792 0.9294 2.1126 0.161041 -0.343118 -0.366212 1.625 2.055 0.757451 0 0 0 
 1.212 0.946 2.41634 0 0 1.2613 0.9591 2.1112 0.166442 -0.380231 -0.390127 1.629 2.074 0.777986 0 0 0 
 1.193 0.959 2.39225 0 0 1.2524 0.9739 2.11 0.165499 -0.418755 -0.427374 1.646 2.083 0.797598 0 0 0 
 1.19 0.962 2.37445 0 0 1.2502 0.9776 2.1097 0.168872 -0.45458 -0.4512 1.675 2.118 0.813815 0 0 0 
 1.188 0.988 2.35735 0 0 1.2391 0.9962 2.1078 0.169935 -0.367503 -0.371222 1.665 2.139 0.829504 0 0 0 
 1.185 1.002 2.34548 0 0 1.2347 1.0036 2.1069 0.169328 -0.344189 -0.350754 1.686 2.164 0.837038 0 0 0 
 1.176 0.985 2.32558 0 0 1.2237 1.0222 2.1043 0.188938 -0.491767 -0.438134 1.707 2.19 0.839195 0 0 0 
 1.165 1.015 2.31145 0 0 1.2347 1.0036 2.1069 0.159756 -0.386466 -0.410679 1.73 2.193 0.839896 0 0 0 
 1.141 1.039 2.28771 0 0 1.2259 1.0185 2.1049 0.151889 -0.413236 -0.455387 1.743 2.21 0.839658 0 0 0 
 1.132 1.035 2.26677 0 0 1.1998 1.063 2.0971 0.182456 -0.508669 -0.465104 1.765 2.213 0.840547 0 0 0 
 1.12 1.05 2.25036 0 0 1.1891 1.0815 2.0931 0.185176 -0.521806 -0.469408 1.779 2.23 0.84425 0 0 0 
 1.127 1.073 2.22942 0 0 1.1891 1.0815 2.0931 0.177529 -0.39481 -0.38077 1.786 2.252 0.846376 0 0 0 
 1.105 1.078 2.2076 0 0 1.1912 1.0778 2.094 0.167305 -0.472444 -0.470261 1.788 2.266 0.85643 0 0 0 
 1.089 1.115 2.19364 0 0 1.1785 1.1 2.0886 0.160047 -0.440901 -0.460338 1.819 2.287 0.860134 0 0 0 
 1.096 1.105 2.17846 0 0 1.1556 1.1406 2.077 0.195387 -0.452399 -0.39488 1.837 2.288 0.861202 0 0 0 
 1.107 1.122 2.14809 0 0 1.1618 1.1295 2.0804 0.183474 -0.304354 -0.290164 1.837 2.286 0.865593 0 0 0 
 1.114 1.172 2.13081 0 0 1.1597 1.1332 2.0793 0.163038 -0.0975984 -0.107338 1.83 2.327 0.876995 0 0 0 
 1.088 1.159 2.11318 0 0 1.1415 1.1663 2.0682 0.18593 -0.296752 -0.279754 1.859 2.357 0.884747 0 0 0 
 1.065 1.187 2.08264 0 0 1.1355 1.1773 2.0642 0.173854 -0.318951 -0.318953 1.875 2.376 0.882904 0 0 0 
 1.046 1.208 2.06763 0 0 1.1257 1.1956 2.0569 0.170985 -0.359895 -0.362159 1.896 2.389 0.882311 0 0 0 
 1.045 1.216 2.05506 0 0 1.1105 1.2248 2.0441 0.18641 -0.343532 -0.320297 1.92 2.398 0.881478 0 0 0 
 1.027 1.246 2.03971 0 0 1.1049 1.2358 2.0389 0.173931 -0.355532 -0.352565 1.932 2.406 0.881812 0 0 0 
 1.014 1.262 2.03011 0 0 1.0905 1.2648 2.024 0.181602 -0.383763 -0.363477 1.928 2.407 0.882411 0 0 0 
 1.026 1.27 2.01946 0 0 1.0905 1.2648 2.024 0.180534 -0.297116 -0.288 1.959 2.426 0.883207 0 0 0 
 1.016 1.298 1.99834 0 0 1.0767 1.2936 2.0072 0.182474 -0.277307 -0.267015 1.972 2.436 0.884054 0 0 0 
 1.021 1.308 1.98508 0 0 1.075 1.2972 2.005 0.180587 -0.214956 -0.211067 1.975 2.434 0.88555 0 0 0 
 1.025 1.313 1.97164 0 0 1.0652 1.3187 1.9911 0.193083 -0.182869 -0.168854 1.991 2.464 0.89014 0 0 0 
 1.045 1.317 1.94982 0 0 1.0589 1.333 1.9812 0.204617 -0.0543215 -0.04775 2.007 2.5 0.89533 0 0 0 
 1.076 1.312 1.93796 0 0 1.0589 1.333 1.9812 0.213863 0.112257 0.094203 2.008 2.514 0.90022 0 0 0 
 1.094 1.281 1.9226 0 0 1.07 1.308 1.9982 0.218139 0.172574 0.14145 2.002 2.504 0.900148 0 0 0 
 1.113 1.318 1.91248 0 0 1.0717 1.3044 2.0005 0.199827 0.361892 0.315122 2.024 2.544 0.875457 0 0 0 
 1.067 1.319 1.90148 0 0 1.087 1.272 2.0199 0.168032 0.124385 0.132464 2.037 2.549 0.858182 0 0 0 
 1.08 1.305 1.90148 0 0 1.0668 1.3152 1.9935 0.206863 0.161892 0.139948 2.074 2.564 0.848306 0 0 0 
 1.067 1.303 1.90619 0 0 1.0668 1.3152 1.9935 0.205513 0.0823382 0.0719919 2.077 2.566 0.846314 0 0 0 
 1.044 1.354 1.91492 0 0 1.0684 1.3116 1.9959 0.170688 0.0481393 0.0507221 2.086 2.582 0.846191 0 0 0 
 1.047 1.349 1.92993 0 0 1.0684 1.3116 1.9959 0.174086 0.0441755 0.0456446 2.065 2.564 0.846226 0 0 0 
 1.033 1.385 1.93743 0 0 1.0483 1.3579 1.9626 0.181454 0.0102602 0.0101777 2.07 2.612 0.847618 0 0 0 
 1.034 1.388 1.94773 0 0 1.0454 1.365 1.957 0.184653 0.00515608 0.00502611 2.089 2.63 0.847463 0 0 0 
 1.029 1.404 1.95541 0 0 1.0342 1.3931 1.9332 0.192565 -0.0222839 -0.0208268 2.108 2.637 0.843991 0 0 0 
 1.057 1.432 1.96047 0 0 1.0342 1.3931 1.9332 0.183962 0.189706 0.183531 2.116 2.638 0.835822 0 0 0 
 1.031 1.453 1.96606 0 0 1.0316 1.4002 1.9269 0.170996 0.0823575 0.0864778 2.136 2.649 0.829294 0 0 0 
 1.042 1.41 1.97112 0 0 1.0265 1.4141 1.9137 0.205234 0.012471 0.0109372 2.149 2.699 0.826839 0 0 0 
 1.047 1.404 1.97356 0 0 1.024 1.4211 1.907 0.213851 0.0117241 0.0098679 2.15 2.696 0.822057 0 0 0 
 1.042 1.434 1.97862 0 0 1.0356 1.3896 1.9363 0.177465 0.0955974 0.0966605 2.174 2.726 0.812256 0 0 0 
 1.041 1.5 1.98421 0 0 1.0303 1.4037 1.9236 0.15111 0.233798 0.271613 2.182 2.75 0.800174 0 0 0 
 1.04 1.458 1.98787 0 0 1.0115 1.4591 1.8666 0.205771 0.0143974 0.0125936 2.202 2.748 0.784958 0 0 0 
 1.019 1.466 1.99223 0 0 1.0147 1.4488 1.8781 0.190409 -0.0611655 -0.0577574 2.21 2.757 0.767789 0 0 0 
 0.999 1.475 1.9945 0 0 1.0115 1.4591 1.8666 0.18687 -0.170093 -0.162397 2.224 2.792 0.760379 0 0 0 
 1.026 1.523 2.00009 0 0 1.0181 1.4384 1.8892 0.155988 0.135724 0.155355 2.24 2.822 0.744042 0 0 0 
 1.005 1.48 2.00794 0 0 1.0009 1.4966 1.8208 0.202906 -0.294326 -0.255398 2.256 2.828 0.728642 0 0 0 
 0.967 1.529 2.00916 0 0 1.0036 1.4864 1.8338 0.164509 -0.332674 -0.349093 2.265 2.842 0.708858 0 0 0 
 0.951 1.55 2.00637 0 0 0.9992 1.5034 1.8119 0.160119 -0.365468 -0.389822 2.295 2.83 0.69389 0 0 0 
 0.946 1.584 2.00358 0 0 0.993 1.5302 1.776 0.155159 -0.379313 -0.414543 2.31 2.826 0.685541 0 0 0 
 0.968 1.581 2.00602 0 0 0.9852 1.5733 1.7171 0.183649 -0.390007 -0.365119 2.307 2.862 0.684803 0 0 0 
 0.967 1.557 1.99747 0 0 0.9805 1.6123 1.6624 0.216288 -0.546248 -0.426673 2.329 2.864 0.684845 0 0 0 
 0.95 1.606 1.9849 0 0 0.9834 1.5863 1.6989 0.174066 -0.451551 -0.436856 2.344 2.878 0.682314 0 0 0 
 0.959 1.662 1.96309 0 0 0.9879 1.5568 1.7398 0.131512 -0.16755 -0.225426 2.334 2.901 0.683528 0 0 0 
 0.942 1.651 1.94948 0 0 0.9785 1.6379 1.6259 0.17553 -0.527947 -0.49621 2.355 2.917 0.684279 0 0 0 
 0.954 1.677 1.93394 0 0 0.9777 1.6569 1.5986 0.173337 -0.458551 -0.444409 2.383 2.933 0.68155 0 0 0 
 0.949 1.641 1.902 0 0 0.9774 1.6851 1.5579 0.208836 -0.59424 -0.47335 2.402 2.952 0.677787 0 0 0 
 0.957 1.639 1.88769 0 0 0.9777 1.6569 1.5986 0.198601 -0.457814 -0.393315 2.397 2.962 0.675712 0 0 0 
 0.965 1.683 1.87722 0 0 0.9782 1.6442 1.6168 0.169274 -0.296221 -0.305153 2.412 2.978 0.670326 0 0 0 
 0.997 1.726 1.85017 0 0 0.9785 1.6379 1.6259 0.148416 0.00653052 0.00792008 2.442 2.98 0.663524 0 0 0 
 0.964 1.707 1.83184 0 0 0.9792 1.7282 1.4954 0.199083 -0.476909 -0.407106 2.45 2.992 0.65812 0 0 0 
 0.948 1.709 1.8116 0 0 0.9779 1.7037 1.531 0.185802 -0.470589 -0.427744 2.45 3.003 0.656798 0 0 0 
 0.945 1.737 1.77704 0 0 0.9778 1.7006 1.5355 0.170043 -0.417985 -0.416567 2.484 3.023 0.655009 0 0 0 
 0.973 1.689 1.76622 0 0 0.9781 1.7098 1.522 0.205603 -0.316617 -0.270401 2.497 3.034 0.651513 0 0 0 
 0.951 1.705 1.75907 0 0 0.979 1.7251 1.4998 0.20271 -0.458742 -0.386826 2.517 3.045 0.649604 0 0 0 
 0.955 1.743 1.74126 0 0 0.9777 1.6975 1.5399 0.16775 -0.315058 -0.326003 2.53 3.064 0.64856 0 0 0 
 0.943 1.783 1.72433 0 0 0.9805 1.7434 1.4734 0.168367 -0.466693 -0.462798 2.541 3.075 0.647968 0 0 0 
 0.912 1.774 1.70025 0 0 0.9811 1.7494 1.4646 0.177591 -0.645279 -0.523599 2.55 3.082 0.64675 0 0 0 
 0.894 1.755 1.68035 0 0 0.9849 1.7792 1.4214 0.206222 -0.792648 -0.523599 2.571 3.089 0.645534 0 0 0 
 0.912 1.784 1.66534 0 0 0.9832 1.7674 1.4385 0.184088 -0.653268 -0.523599 2.577 3.088 0.644385 0 0 0 
 0.92 1.815 1.6444 0 0 0.9821 1.7584 1.4515 0.162596 -0.565477 -0.523599 2.577 3.08 0.645016 0 0 0 
 0.938 1.813 1.62468 0 0 0.9853 1.7822 1.4171 0.177637 -0.501114 -0.469853 2.599 3.116 0.647165 0 0 0 
 0.923 1.811 1.60618 0 0 0.9947 1.8318 1.346 0.207063 -0.682827 -0.523599 2.616 3.138 0.647754 0 0 0 
 0.934 1.855 1.57284 0 0 0.9878 1.7969 1.3959 0.164546 -0.522824 -0.519521 2.646 3.16 0.648764 0 0 0 
 0.951 1.885 1.54387 0 0 0.9893 1.8057 1.3833 0.152716 -0.430618 -0.469672 2.655 3.168 0.647618 0 0 0 
 0.967 1.863 1.51665 0 0 1.0126 1.8965 1.2554 0.21568 -0.520487 -0.409791 2.666 3.168 0.647241 0 0 0 
 0.983 1.862 1.48488 0 0 1.0033 1.8659 1.2979 0.200206 -0.319434 -0.279668 2.668 3.186 0.646383 0 0 0 
 0.965 1.887 1.47005 0 0 0.9981 1.8461 1.3257 0.176941 -0.38247 -0.37106 2.683 3.201 0.646485 0 0 0 
 0.954 1.92 1.44125 0 0 1.0033 1.8659 1.2979 0.171997 -0.494609 -0.477647 2.706 3.215 0.645339 0 0 0 
 0.964 1.935 1.39884 0 0 1.0144 1.902 1.2478 0.185436 -0.491358 -0.445041 2.742 3.229 0.637748 0 0 0 
 0.96 1.942 1.39099 0 0 1.0144 1.902 1.2478 0.182562 -0.515576 -0.470297 2.745 3.237 0.636195 0 0 0 
 0.957 1.968 1.37633 0 0 1.0191 1.9157 1.2292 0.177401 -0.582944 -0.523599 2.75 3.252 0.634399 0 0 0 
 0.985 1.98 1.35556 0 0 1.022 1.9238 1.2181 0.171935 -0.442747 -0.434035 2.765 3.268 0.631252 0 0 0 
 0.987 1.989 1.33077 0 0 1.0291 1.9426 1.1929 0.179076 -0.461382 -0.43424 2.785 3.267 0.623744 0 0 0 
 0.975 1.977 1.31419 0 0 1.0367 1.9612 1.1683 0.200174 -0.522488 -0.439222 2.792 3.288 0.612438 0 0 0 
 0.993 1.988 1.29587 0 0 1.0401 1.9691 1.158 0.196335 -0.44234 -0.385271 2.803 3.297 0.601162 0 0 0 
 0.992 2.01 1.26114 0 0 1.0323 1.9506 1.1823 0.174953 -0.42498 -0.412193 2.82 3.315 0.589848 0 0 0 
 0.998 2.041 1.24159 0 0 1.0401 1.9691 1.158 0.169299 -0.47216 -0.465249 2.83 3.324 0.576939 0 0 0 
 1.019 2.045 1.22239 0 0 1.0532 1.9976 1.1213 0.180943 -0.398812 -0.377688 2.859 3.316 0.560383 0 0 0 
 1.037 2.03 1.19901 0 0 1.0633 2.0179 1.0957 0.198436 -0.280702 -0.249325 2.881 3.313 0.546117 0 0 0 
 1.055 1.999 1.1737 0 0 1.0607 2.0128 1.1021 0.208219 -0.078392 -0.0676646 2.918 3.328 0.547616 0 0 0 
 1.082 2.011 1.15939 0 0 1.0633 2.0179 1.0957 0.19897 0.0438243 0.0396253 2.945 3.34 0.550381 0 0 0 
 1.076 2.02 1.13077 0 0 1.0582 2.0078 1.1084 0.189086 0.0389065 0.03702 2.953 3.347 0.551628 0 0 0 
 1.092 2.027 1.11419 0 0 1.0659 2.0229 1.0895 0.191187 0.0986197 0.0925838 2.966 3.354 0.553876 0 0 0 
 1.109 2.003 1.10441 0 0 1.0672 2.0254 1.0864 0.201407 0.250839 0.220532 2.97 3.368 0.556985 0 0 0 
 1.115 2.005 1.10284 0 0 1.0646 2.0204 1.0926 0.195653 0.288019 0.259024 2.975 3.381 0.561671 0 0 0 
 1.116 2.038 1.10336 0 0 1.0685 2.0279 1.0833 0.182636 0.201192 0.195749 2.997 3.397 0.563331 0 0 0 
 1.112 2.058 1.10406 0 0 1.0698 2.0304 1.0802 0.174616 0.124541 0.127683 2.994 3.404 0.563264 0 0 0 
 1.12 2.065 1.11035 0 0 1.0934 2.0721 1.03 0.196267 0.066593 0.0609977 3.017 3.426 0.562346 0 0 0 
 1.124 2.07 1.11994 0 0 1.0934 2.0721 1.03 0.192608 0.065186 0.0608439 3.049 3.437 0.561445 0 0 0 
 1.133 2.107 1.13269 0 0 1.0992 2.0816 1.0188 0.176849 -0.00989813 -0.0100742 3.072 3.445 0.55806 0 0 0 
 1.151 2.137 1.14106 0 0 1.1021 2.0864 1.0132 0.159539 -0.002182 -0.00246184 3.093 3.457 0.552317 0 0 0 
 1.163 2.137 1.14927 0 0 1.1233 2.1191 0.976 0.1779 -0.0224823 -0.0227438 3.132 3.468 0.545478 0 0 0 
 1.169 2.144 1.15782 0 0 1.1422 2.1463 0.9461 0.190326 -0.0864144 -0.0815447 3.146 3.476 0.53334 0 0 0 
 1.174 2.151 1.16131 0 0 1.1471 2.1529 0.9389 0.189661 -0.0982424 -0.0929695 3.171 3.497 0.524865 0 0 0 
 1.186 2.15 1.16358 0 0 1.1536 2.1618 0.9295 0.193233 -0.059277 -0.0551616 3.182 3.506 0.507574 0 0 0 
 1.191 2.156 1.16759 0 0 1.1568 2.1661 0.9248 0.191562 -0.0627453 -0.0588901 3.199 3.513 0.488393 0 0 0 
 1.195 2.16 1.16794 0 0 1.1618 2.1727 0.918 0.192832 -0.070073 -0.065317 3.228 3.515 0.463946 0 0 0 
 1.218 2.161 1.16654 0 0 1.1668 2.1791 0.9112 0.191544 0.0314765 0.0295709 3.244 3.532 0.445238 0 0 0 
 1.212 2.149 1.16445 0 0 1.1718 2.1856 0.9046 0.20365 0.00709364 0.00626977 3.255 3.54 0.429062 0 0 0 
 1.216 2.152 1.16323 0 0 1.1802 2.1962 0.8937 0.208155 -0.0100501 -0.00869048 3.272 3.538 0.414018 0 0 0 
 1.255 2.18 1.16201 0 0 1.1701 2.1834 0.9068 0.176456 0.18227 0.183832 3.277 3.536 0.38895 0 0 0 
 1.243 2.208 1.15974 0 0 1.1836 2.2004 0.8895 0.174764 0.0043171 0.00444642 3.29 3.539 0.365376 0 0 0 
 1.246 2.226 1.15991 0 0 1.2041 2.2251 0.8649 0.180819 -0.102321 -0.101508 3.312 3.543 0.350215 0 0 0 
 1.251 2.237 1.15991 0 0 1.2145 2.2372 0.8532 0.181926 -0.141362 -0.138964 3.332 3.552 0.3376 0 0 0 
 1.275 2.24 1.16166 0 0 1.2232 2.2471 0.8437 0.181521 -0.055339 -0.0548202 3.339 3.56 0.3266 0 0 0 
 1.298 2.279 1.16829 0 0 1.232 2.2569 0.8346 0.161719 -0.0570911 -0.0634596 3.344 3.563 0.315841 0 0 0 
 1.304 2.292 1.16951 0 0 1.2691 2.2964 0.7988 0.180344 -0.20687 -0.203614 3.359 3.581 0.295233 0 0 0 
 1.31 2.3 1.16497 0 0 1.2779 2.3054 0.791 0.1812 -0.223199 -0.218192 3.378 3.589 0.272845 0 0 0 
 1.303 2.315 1.1634 0 0 1.2868 2.3143 0.7834 0.181288 -0.328636 -0.315408 3.389 3.595 0.249932 0 0 0 
 1.307 2.322 1.16096 0 0 1.2938 2.3213 0.7775 0.181754 -0.348189 -0.332061 3.412 3.606 0.219672 0 0 0 
 1.308 2.311 1.15433 0 0 1.2974 2.3248 0.7746 0.190315 -0.322573 -0.29612 3.454 3.625 0.191075 0 0 0 
 1.32 2.303 1.14455 0 0 1.3009 2.3283 0.7717 0.194679 -0.243143 -0.221133 3.471 3.629 0.159279 0 0 0 
 1.331 2.322 1.13024 0 0 1.2921 2.3196 0.7789 0.176385 -0.184645 -0.186245 3.482 3.636 0.131389 0 0 0 
 1.336 2.327 1.11802 0 0 1.3044 2.3317 0.7689 0.181909 -0.204092 -0.19927 3.488 3.636 0.0861597 0 0 0 
 1.343 2.357 1.10302 0 0 1.315 2.3418 0.7606 0.172738 -0.270051 -0.274309 3.504 3.649 0.0518632 0 0 0 
 1.357 2.353 1.08504 0 0 1.3325 2.3583 0.7477 0.184416 -0.228589 -0.219519 3.504 3.655 0.0160681 0 0 0 
 1.35 2.365 1.07561 0 0 1.3394 2.3647 0.7427 0.185732 -0.310791 -0.292557 3.535 3.645 -0.0254165 0 0 0 
 1.367 2.37 1.06689 0 0 1.3359 2.3615 0.7452 0.176266 -0.218378 -0.219415 3.574 3.64 -0.0622625 0 0 0 
 1.385 2.407 1.03931 0 0 1.36 2.3834 0.7288 0.170931 -0.2874 -0.293884 3.62 3.651 -0.134634 0 0 0 
 1.4 2.416 1.02779 0 0 1.3702 2.3924 0.7224 0.169683 -0.259781 -0.268902 3.627 3.644 -0.163181 0 0 0 
 1.405 2.423 1.0182 0 0 1.3852 2.4055 0.7134 0.175835 -0.292029 -0.290491 3.645 3.642 -0.190505 0 0 0 
 1.428 2.42 1.00423 0 0 1.3983 2.4168 0.7061 0.179976 -0.191977 -0.189694 3.663 3.648 -0.213381 0 0 0 
 1.437 2.423 0.995157 0 0 1.4048 2.4223 0.7026 0.180609 -0.166684 -0.164618 3.684 3.656 -0.235026 0 0 0 
 1.446 2.438 0.980672 0 0 1.4175 2.433 0.6963 0.179995 -0.191634 -0.189344 3.689 3.645 -0.259507 0 0 0 
 1.467 2.47 0.969851 0 0 1.4237 2.4382 0.6934 0.162497 -0.202251 -0.220397 3.697 3.645 -0.287696 0 0 0 
 1.478 2.493 0.961124 0 0 1.4375 2.4496 0.6874 0.158019 -0.256525 -0.284294 3.717 3.659 -0.305069 0 0 0 
 1.467 2.507 0.951875 0 0 1.465 2.472 0.6782 0.175676 -0.41497 -0.402026 3.736 3.664 -0.325855 0 0 0 
 1.492 2.504 0.939308 0 0 1.4838 2.4871 0.6748 0.182294 -0.312796 -0.299565 3.76 3.658 -0.354205 0 0 0 
 1.492 2.512 0.932327 0 0 1.4838 2.4871 0.6748 0.179016 -0.335043 -0.324943 3.766 3.645 -0.382315 0 0 0 
 1.488 2.529 0.923426 0 0 1.4976 2.4981 0.6746 0.183503 -0.430349 -0.39944 3.793 3.642 -0.410291 0 0 0 
 1.492 2.525 0.907544 0 0 1.5012 2.501 0.6749 0.187394 -0.386011 -0.355066 3.822 3.631 -0.429427 0 0 0 
 1.489 2.52 0.895677 0 0 1.507 2.5056 0.6757 0.195731 -0.374705 -0.331848 3.825 3.618 -0.450038 0 0 0 
 1.503 2.508 0.882412 0 0 1.507 2.5056 0.6757 0.196219 -0.254499 -0.229355 3.842 3.618 -0.466736 0 0 0 
 1.534 2.517 0.857106 0 0 1.5035 2.5028 0.6752 0.178632 -0.122071 -0.122391 3.876 3.614 -0.476746 0 0 0 
 1.542 2.56 0.841049 0 0 1.5059 2.5047 0.6755 0.159226 -0.248672 -0.274044 3.899 3.609 -0.489013 0 0 0 
 1.542 2.585 0.825342 0 0 1.5294 2.5237 0.6801 0.167263 -0.359321 -0.368973 3.948 3.59 -0.506895 0 0 0 
 1.585 2.584 0.801257 0 0 1.554 2.5437 0.6899 0.169274 -0.161004 -0.169562 3.957 3.58 -0.526871 0 0 0 
 1.618 2.567 0.792356 0 0 1.5667 2.5543 0.6984 0.172861 0.0596487 0.0620325 3.971 3.579 -0.546642 0 0 0 
 1.59 2.575 0.780314 0 0 1.592 2.5761 0.7266 0.200998 -0.0631739 -0.056514 3.985 3.573 -0.560393 0 0 0 
 1.609 2.571 0.76705 0 0 1.6018 2.5848 0.7416 0.202557 0.0572627 0.0508421 3.995 3.559 -0.575101 0 0 0 
 1.603 2.576 0.757451 0 0 1.5901 2.5744 0.7239 0.193766 0.00733216 0.00681113 3.996 3.54 -0.585261 0 0 0 
 1.621 2.585 0.753611 0 0 1.5994 2.5826 0.7378 0.18985 0.0585985 0.0555011 4.029 3.529 -0.592949 0 0 0 
 1.636 2.612 0.752215 0 0 1.5976 2.581 0.7349 0.171187 0.00210443 0.00221277 4.046 3.515 -0.594376 0 0 0 
 1.651 2.603 0.750993 0 0 1.6122 2.5945 0.7594 0.180177 0.130005 0.129155 4.061 3.51 -0.595972 0 0 0 
 1.673 2.629 0.751866 0 0 1.6331 2.6151 0.7928 0.177394 0.148394 0.149451 4.045 3.509 -0.59702 0 0 0 
 1.686 2.62 0.752913 0 0 1.636 2.618 0.7965 0.178167 0.244102 0.241789 4.069 3.509 -0.597117 0 0 0 
 1.69 2.639 0.753262 0 0 1.6595 2.6426 0.8163 0.188336 0.208321 0.196531 4.089 3.479 -0.596704 0 0 0 
 1.69 2.63 0.754833 0 0 1.6615 2.6447 0.8172 0.193822 0.244977 0.223699 4.1 3.471 -0.596265 0 0 0 
 1.719 2.64 0.757625 0 0 1.6714 2.6553 0.8205 0.186419 0.3274 0.306186 4.135 3.458 -0.595757 0 0 0 
 1.721 2.669 0.763385 0 0 1.6678 2.6514 0.8195 0.1704 0.20878 0.217067 4.156 3.45 -0.5944 0 0 0 
 1.731 2.675 0.772809 0 0 1.6861 2.6711 0.8226 0.179759 0.225845 0.222407 4.165 3.443 -0.593975 0 0 0 
 1.731 2.651 0.779267 0 0 1.7018 2.688 0.8226 0.203784 0.314183 0.270702 4.175 3.441 -0.593832 0 0 0 
 1.727 2.654 0.794974 0 0 1.7094 2.6962 0.8222 0.211032 0.266314 0.223363 4.187 3.436 -0.593737 0 0 0 
 1.76 2.659 0.8037 0 0 1.6964 2.6822 0.8228 0.18538 0.383577 0.356528 4.195 3.427 -0.594132 0 0 0 
 1.744 2.683 0.81295 0 0 1.6964 2.6822 0.8228 0.180963 0.212867 0.208652 4.204 3.401 -0.594409 0 0 0 
 1.776 2.713 0.829356 0 0 1.7143 2.7015 0.8218 0.171172 0.21852 0.225868 4.214 3.393 -0.594921 0 0 0 
 1.769 2.724 0.83913 0 0 1.7195 2.707 0.8213 0.173438 0.132858 0.137021 4.23 3.398 -0.594134 0 0 0 
 1.769 2.693 0.850997 0 0 1.7491 2.7388 0.8179 0.212959 0.216177 0.180726 4.227 3.389 -0.59411 0 0 0 
 1.759 2.717 0.867054 0 0 1.7516 2.7414 0.8176 0.207921 0.0668368 0.0577972 4.242 3.365 -0.594316 0 0 0 
 1.79 2.784 0.878049 0 0 1.7371 2.7259 0.8194 0.153743 -0.0447102 -0.0522985 4.262 3.359 -0.593664 0 0 0 
 1.771 2.744 0.886427 0 0 1.743 2.7322 0.8187 0.183848 0.0080421 0.00787362 4.29 3.346 -0.592283 0 0 0 
 1.817 2.733 0.897771 0 0 1.7903 2.7826 0.8129 0.212847 0.196221 0.164441 4.314 3.321 -0.590965 0 0 0 
 1.836 2.763 0.904752 0 0 1.7619 2.7524 0.8163 0.168233 0.211411 0.222455 4.336 3.301 -0.589836 0 0 0 
 1.841 2.797 0.90737 0 0 1.7771 2.7685 0.8145 0.163178 0.0942065 0.103546 4.373 3.28 -0.58789 0 0 0 
 1.852 2.811 0.908417 0 0 1.8012 2.794 0.8117 0.173074 0.0684315 0.0710499 4.383 3.253 -0.585861 0 0 0 
 1.859 2.808 0.911035 0 0 1.8227 2.8166 0.8094 0.1901 0.0846464 0.0799781 4.419 3.254 -0.583759 0 0 0 
 1.875 2.797 0.917842 0 0 1.8332 2.8277 0.8083 0.198761 0.175724 0.157814 4.434 3.249 -0.58059 0 0 0 
 1.904 2.82 0.928488 0 0 1.8368 2.8315 0.808 0.181211 0.222434 0.217454 4.455 3.258 -0.582939 0 0 0 
 1.936 2.806 0.930757 0 0 1.8368 2.8315 0.808 0.178223 0.417225 0.398805 4.459 3.255 -0.585514 0 0 0 
 1.896 2.8 0.936342 0 0 1.8536 2.849 0.8064 0.207508 0.212557 0.182331 4.459 3.243 -0.592438 0 0 0 
 1.895 2.84 0.942799 0 0 1.8734 2.8696 0.8046 0.204768 0.0458392 0.0402729 4.47 3.236 -0.609783 0 0 0 
 1.91 2.836 0.948908 0 0 1.8498 2.845 0.8067 0.182267 0.15967 0.156397 4.482 3.23 -0.627336 0 0 0 
 1.882 2.829 0.958681 0 0 1.8693 2.8654 0.805 0.210803 0.00767269 0.00655146 4.489 3.22 -0.647719 0 0 0 
 1.938 2.84 0.980148 0 0 1.8693 2.8654 0.805 0.187837 0.218442 0.206348 4.524 3.215 -0.668862 0 0 0 
 1.959 2.866 0.984337 0 0 1.8575 2.853 0.806 0.158888 0.266571 0.293284 4.522 3.187 -0.688413 0 0 0 
 1.966 2.872 0.992539 0 0 1.8901 2.8869 0.8033 0.180365 0.209717 0.206315 4.534 3.164 -0.708464 0 0 0 
 1.968 2.9 0.998124 0 0 1.9121 2.9097 0.8016 0.183462 0.0874738 0.0856132 4.551 3.15 -0.722899 0 0 0 
 1.934 2.908 1.00092 0 0 1.919 2.9168 0.8011 0.195484 -0.120433 -0.110443 4.563 3.134 -0.728953 0 0 0 
 1.929 2.932 1.00929 0 0 1.9355 2.9338 0.7999 0.198622 -0.256366 -0.22828 4.589 3.128 -0.733258 0 0 0 
 1.945 2.962 1.01802 0 0 1.9213 2.9192 0.8009 0.166745 -0.258219 -0.271844 4.608 3.102 -0.738886 0 0 0 
 1.961 2.976 1.02395 0 0 1.9307 2.9289 0.8003 0.162235 -0.243639 -0.264008 4.622 3.105 -0.748292 0 0 0 
 1.974 2.982 1.02518 0 0 1.9551 2.9541 0.7986 0.175168 -0.243433 -0.245118 4.617 3.094 -0.769501 0 0 0 
 2.004 2.99 1.01907 0 0 1.9679 2.9671 0.7978 0.172479 -0.135788 -0.140772 4.633 3.081 -0.788612 0 0 0 
 2.017 2.983 1.00301 0 0 1.9784 2.9779 0.7972 0.18101 -0.0536593 -0.0533094 4.659 3.061 -0.797035 0 0 0 
 2.038 2.993 0.993936 0 0 1.9972 2.9972 0.7961 0.184981 -0.00496956 -0.00483571 4.695 3.05 -0.805646 0 0 0 
 2.037 2.985 0.98329 0 0 2 3 0 0.104572 -0.698479 -0.523599 4.704 3.021 -0.820533 0 0 0 
 2.028 2.979 0.972294 0 0 2.014 3.0143 0.7953 0.209275 -0.016564 -0.0142459 4.765 2.978 -0.842029 0 0 0 
 2.039 3.004 0.966884 0 0 2.0112 3.0114 0.7954 0.19133 -0.0330076 -0.031043 4.771 2.967 -0.853886 0 0 0 
 2.041 3.049 0.962346 0 0 2.0028 3.0028 0.7958 0.162234 -0.158518 -0.174097 4.779 2.944 -0.88455 0 0 0 
 2.04 3.05 0.955016 0 0 2.0226 3.023 0.7949 0.178686 -0.188023 -0.187189 4.786 2.936 -0.905766 0 0 0 
 2.047 3.064 0.946813 0 0 2.0461 3.047 0.7939 0.189418 -0.224158 -0.209876 4.799 2.926 -0.923112 0 0 0 
 2.074 3.052 0.943323 0 0 2.0461 3.047 0.7939 0.185755 -0.0514858 -0.0498494 4.815 2.931 -0.937769 0 0 0 
 2.053 3.041 0.938959 0 0 2.0551 3.0561 0.7935 0.205685 -0.118905 -0.103683 4.815 2.912 -0.955338 0 0 0 
 2.087 3.084 0.930059 0 0 2.0612 3.0623 0.7933 0.178883 -0.10786 -0.10811 4.838 2.913 -0.973852 0 0 0 
 2.088 3.094 0.922903 0 0 2.0461 3.047 0.7939 0.161591 -0.115661 -0.128132 4.857 2.926 -0.988619 0 0 0 
 2.112 3.092 0.913304 0 0 2.086 3.0875 0.7924 0.187126 -0.0305567 -0.0293847 4.886 2.935 -1.02249 0 0 0 
 2.116 3.091 0.906323 0 0 2.0892 3.0907 0.7923 0.188887 -0.00499488 -0.00475985 4.9 2.923 -1.06201 0 0 0 
 2.127 3.103 0.902658 0 0 2.1019 3.1037 0.7919 0.189989 -0.00601595 -0.00569957 4.878 2.883 -1.11337 0 0 0 
 2.123 3.121 0.897945 0 0 2.1019 3.1037 0.7919 0.183242 -0.0852456 -0.0835427 4.875 2.871 -1.1555 0 0 0 
 2.13 3.112 0.893233 0 0 2.1148 3.1167 0.7916 0.195508 -0.0274239 -0.0252432 4.878 2.84 -1.17234 0 0 0 
 2.163 3.133 0.890964 0 0 2.1214 3.1233 0.7914 0.17937 0.0440454 0.0441714 4.89 2.815 -1.1809 0 0 0 
 2.152 3.155 0.887997 0 0 2.1214 3.1233 0.7914 0.173372 -0.086739 -0.089813 4.885 2.77 -1.18427 0 0 0 
 2.152 3.132 0.88695 0 0 2.1479 3.1502 0.7907 0.205786 -0.0227219 -0.0198721 4.896 2.751 -1.18381 0 0 0 
 2.168 3.142 0.885379 0 0 2.1512 3.1536 0.7906 0.198146 0.0120265 0.0109247 4.899 2.736 -1.18142 0 0 0 
 2.187 3.176 0.885379 0 0 2.1412 3.1434 0.7909 0.167375 -0.017293 -0.0185952 4.888 2.711 -1.17959 0 0 0 
 2.206 3.169 0.884856 0 0 2.1546 3.157 0.7906 0.174807 0.0861916 0.0885201 4.894 2.725 -1.17396 0 0 0 
 2.205 3.169 0.883634 0 0 2.1819 3.1845 0.79 0.197651 0.0556112 0.0506015 4.899 2.714 -1.15365 0 0 0 
 2.226 3.191 0.883634 0 0 2.1853 3.188 0.7899 0.182788 0.0694833 0.0683169 4.904 2.703 -1.1354 0 0 0 
 2.248 3.215 0.880842 0 0 2.2061 3.209 0.7895 0.180975 0.0662751 0.065823 4.919 2.671 -1.095 0 0 0 
 2.232 3.235 0.882936 0 0 2.2202 3.2231 0.7892 0.189354 -0.0956985 -0.0907214 4.925 2.658 -1.07444 0 0 0 
 2.236 3.238 0.885728 0 0 2.2308 3.2338 0.789 0.19523 -0.0997277 -0.09169 4.927 2.654 -1.06347 0 0 0 
 2.28 3.25 0.887474 0 0 2.2308 3.2338 0.789 0.173609 0.0563031 0.0583095 4.956 2.614 -1.04471 0 0 0 
 2.279 3.25 0.890266 0 0 2.2415 3.2446 0.7888 0.182773 0.0383278 0.0377284 4.957 2.607 -1.03106 0 0 0 
 2.272 3.255 0.891313 0 0 2.263 3.2662 0.7885 0.2007 -0.0333235 -0.0298777 4.98 2.6 -1.02381 0 0 0 
 2.272 3.273 0.888521 0 0 2.263 3.2662 0.7885 0.192578 -0.0958487 -0.0893499 4.997 2.583 -1.01518 0 0 0 
 2.274 3.262 0.886252 0 0 2.263 3.2662 0.7885 0.196848 -0.0440603 -0.0402676 5.012 2.577 -1.0176 0 0 0 
 2.294 3.277 0.887299 0 0 2.2666 3.2698 0.7884 0.185622 -0.012521 -0.0121412 5.023 2.554 -1.02011 0 0 0 
 2.304 3.281 0.888346 0 0 2.2666 3.2698 0.7884 0.180144 0.018013 0.0179967 5.027 2.547 -1.02249 0 0 0 
 2.317 3.285 0.888346 0 0 2.2847 3.288 0.7881 0.188514 0.0457679 0.043673 5.036 2.535 -1.02902 0 0 0 
 2.304 3.312 0.887648 0 0 2.2919 3.2954 0.788 0.187019 -0.118057 -0.113141 5.05 2.507 -1.04512 0 0 0 
 2.346 3.342 0.886252 0 0 2.3065 3.31 0.7878 0.169892 -0.0488742 -0.0517357 5.094 2.453 -1.08656 0 0 0 
 2.351 3.349 0.886078 0 0 2.336 3.3396 0.7874 0.189192 -0.0771247 -0.0732462 5.11 2.42 -1.12824 0 0 0 
 2.368 3.364 0.884332 0 0 2.3433 3.347 0.7873 0.182181 -0.0597083 -0.0589253 5.113 2.415 -1.13813 0 0 0 
 2.364 3.382 0.880667 0 0 2.347 3.3507 0.7873 0.178744 -0.145847 -0.145829 5.09 2.387 -1.22396 0 0 0 
 2.356 3.391 0.877002 0 0 2.3656 3.3693 0.787 0.193321 -0.223828 -0.205464 5.087 2.393 -1.26018 0 0 0 
 2.387 3.42 0.873512 0 0 2.373 3.3768 0.7869 0.174835 -0.199785 -0.202859 5.077 2.357 -1.28053 0 0 0 
 2.411 3.437 0.871068 0 0 2.373 3.3768 0.7869 0.158137 -0.155456 -0.175135 5.08 2.325 -1.29549 0 0 0 
 2.429 3.42 0.86845 0 0 2.4028 3.4066 0.7866 0.183431 -0.0248855 -0.0244152 5.127 2.33 -1.30098 0 0 0 
 2.423 3.418 0.858153 0 0 2.4215 3.4253 0.7864 0.202124 -0.0456354 -0.0406178 5.137 2.338 -1.30875 0 0 0 
 2.422 3.421 0.850648 0 0 2.4215 3.4253 0.7864 0.201274 -0.0528066 -0.0471901 5.181 2.349 -1.35465 0 0 0 
 2.463 3.457 0.843842 0 0 2.4177 3.4216 0.7864 0.166593 -0.0025544 -0.00275997 5.187 2.326 -1.40335 0 0 0 
 2.455 3.477 0.83529 0 0 2.4215 3.4253 0.7864 0.164267 -0.115636 -0.12604 5.214 2.29 -1.46993 0 0 0 
 2.457 3.48 0.832323 0 0 2.4588 3.4628 0.786 0.193158 -0.126878 -0.117688 5.225 2.288 -1.51584 0 0 0 
 2.48 3.483 0.829705 0 0 2.4626 3.4665 0.7859 0.185816 -0.0391971 -0.0379521 5.23 2.282 -1.55186 0 0 0 
 2.475 3.462 0.824993 0 0 2.4663 3.4702 0.7859 0.199935 0.0253413 0.0228106 5.228 2.264 -1.6123 0 0 0 
 2.501 3.464 0.819582 0 0 2.4663 3.4702 0.7859 0.188932 0.135576 0.128456 5.234 2.212 -1.81645 0 0 0 
 2.495 3.486 0.81487 0 0 2.4663 3.4702 0.7859 0.181696 0.026999 0.0267406 5.24 2.195 -1.87764 0 0 0 
 2.533 3.531 0.812601 0 0 2.4812 3.4852 0.7857 0.159654 0.00687002 0.00774538 5.167 2.129 -1.93399 0 0 0 
 2.562 3.52 0.81138 0 0 2.4887 3.4926 0.7857 0.159179 0.180735 0.2016 5.216 2.166 -1.99073 0 0 0 
 2.553 3.512 0.812601 0 0 2.5296 3.5335 0.7853 0.199942 0.152137 0.136117 5.238 2.137 -2.02224 0 0 0 
 2.552 3.522 0.815045 0 0 2.5407 3.5446 0.7852 0.205145 0.102043 0.089297 5.229 2.124 -2.06174 0 0 0 
