 0.6 0.502 0.895989 7.31113e-42 5.07172e-317 0.4959 0.6025 0.9138 0 0 0 1.884 0.25 4.69586e+257 0 5.07194e-317 4.13003e-27 
 0.61 0.498 0.895989 7.31113e-42 5.07172e-317 0.4959 0.6025 0.9138 0.211257 0.927332 0.523599 1.882 0.252 4.69586e+257 0 5.07194e-317 4.13003e-27 
 0.613 0.517 0.895988 7.31113e-42 5.07172e-317 0.4875 0.5915 0.9134 0.192667 0.907452 0.523599 1.881 0.257 4.69586e+257 0 5.07194e-317 4.13003e-27 
 0.602 0.504 0.922363 7.31113e-42 5.07172e-317 0.5002 0.608 0.9139 0.216935 0.830755 0.523599 1.896 0.253 4.69586e+257 0 5.07194e-317 4.13003e-27 
 0.6 0.544 0.997712 7.31113e-42 5.07172e-317 0.4875 0.5915 0.9134 0.189292 0.679002 0.523599 1.87 0.268 4.69586e+257 0 5.07194e-317 4.13003e-27 
 0.572 0.535 1.08057 7.31113e-42 5.07172e-317 0.5044 0.6135 0.9141 0.219734 0.420964 0.332072 1.87 0.26 4.69586e+257 0 5.07194e-317 4.13003e-27 
 0.578 0.51 1.14251 7.31113e-42 5.07172e-317 0.4917 0.597 0.9136 0.221757 0.446305 0.34756 1.873 0.252 4.69586e+257 0 5.07194e-317 4.13003e-27 
 0.577 0.528 1.18393 7.31113e-42 5.07172e-317 0.4832 0.586 0.9132 0.204957 0.37689 0.319647 1.892 0.254 4.69586e+257 0 5.07194e-317 4.13003e-27 
 0.529 0.592 1.22808 7.31113e-42 5.07172e-317 0.4917 0.597 0.9136 0.184892 -0.0742282 -0.0721387 1.879 0.251 4.69586e+257 0 5.07194e-317 4.13003e-27 
 0.497 0.616 1.25821 7.31113e-42 5.07172e-317 0.5044 0.6135 0.9141 0.188016 -0.37213 -0.342245 1.872 0.249 4.69586e+257 0 5.07194e-317 4.13003e-27 
 0.515 0.595 1.25327 7.31113e-42 5.07172e-317 0.5044 0.6135 0.9141 0.196387 -0.228768 -0.206685 1.883 0.229 4.69586e+257 0 5.07194e-317 4.13003e-27 
 0.539 0.649 1.24667 7.31113e-42 5.07172e-317 0.5002 0.608 0.9139 0.158585 -0.172269 -0.193096 1.882 0.235 4.69586e+257 0 5.07194e-317 4.13003e-27 
 0.534 0.653 1.23772 7.31113e-42 5.07172e-317 0.5346 0.6527 0.9152 0.189332 -0.301845 -0.279458 1.878 0.244 4.69586e+257 0 5.07194e-317 4.13003e-27 
 0.612 0.643 1.22145 7.31113e-42 5.07172e-317 0.5346 0.6527 0.9152 0.181291 0.199161 0.195224 1.864 0.247 4.69586e+257 0 5.07194e-317 4.13003e-27 
 0.652 0.642 1.20009 7.31113e-42 5.07172e-317 0.5564 0.681 0.9159 0.19529 0.376787 0.334256 1.874 0.241 4.69586e+257 0 5.07194e-317 4.13003e-27 
 0.654 0.657 1.2071 7.31113e-42 5.07172e-317 0.5564 0.681 0.9159 0.186502 0.34658 0.322798 1.891 0.245 4.69586e+257 0 5.07194e-317 4.13003e-27 
 0.647 0.685 1.21975 7.31113e-42 5.07172e-317 0.5829 0.7155 0.9166 0.195564 0.159212 0.145506 1.891 0.241 4.69586e+257 0 5.07194e-317 4.13003e-27 
 0.621 0.69 1.24621 7.31113e-42 5.07172e-317 0.5917 0.7271 0.9168 0.204343 -0.0532391 -0.0468626 1.887 0.249 4.69586e+257 0 5.07194e-317 4.13003e-27 
 0.656 0.738 1.25181 7.31113e-42 5.07172e-317 0.5917 0.7271 0.9168 0.171832 0.0532762 0.0557509 1.895 0.232 4.69586e+257 0 5.07194e-317 4.13003e-27 
 0.654 0.791 1.25244 7.31113e-42 5.07172e-317 0.5829 0.7155 0.9166 0.134416 -0.0232394 -0.0311104 1.895 0.253 4.69586e+257 0 5.07194e-317 4.13003e-27 
 0.632 0.799 1.25673 7.31113e-42 5.07172e-317 0.6459 0.7978 0.9179 0.191286 -0.380179 -0.34356 1.893 0.245 4.69586e+257 0 5.07194e-317 4.13003e-27 
 0.618 0.79 1.2558 7.31113e-42 5.07172e-317 0.6413 0.7918 0.9178 0.194876 -0.422677 -0.372214 1.885 0.25 4.69586e+257 0 5.07194e-317 4.13003e-27 
 0.634 0.788 1.25088 7.31113e-42 5.07172e-317 0.6322 0.78 0.9176 0.184815 -0.287024 -0.272588 1.869 0.251 4.69586e+257 0 5.07194e-317 4.13003e-27 
 0.617 0.774 1.22441 7.31113e-42 5.07172e-317 0.6368 0.7859 0.9177 0.201556 -0.343828 -0.297917 1.887 0.266 4.69586e+257 0 5.07194e-317 4.13003e-27 
 0.618 0.794 1.19556 7.31113e-42 5.07172e-317 0.6368 0.7859 0.9177 0.192471 -0.358962 -0.323882 1.889 0.242 4.69586e+257 0 5.07194e-317 4.13003e-27 
 0.64 0.855 1.1603 7.31113e-42 5.07172e-317 0.6322 0.78 0.9176 0.152687 -0.350466 -0.391799 1.888 0.233 4.69586e+257 0 5.07194e-317 4.13003e-27 
 0.639 0.896 1.11909 7.31113e-42 5.07172e-317 0.6734 0.8338 0.9182 0.173651 -0.492718 -0.472198 1.857 0.269 4.69586e+257 0 5.07194e-317 4.13003e-27 
 0.622 0.923 1.07701 7.31113e-42 5.07172e-317 0.6919 0.858 0.9184 0.186547 -0.645113 -0.523599 1.872 0.293 4.69586e+257 0 5.07194e-317 4.13003e-27 
 0.603 0.915 1.02247 7.31113e-42 5.07172e-317 0.6965 0.8641 0.9185 0.20505 -0.64562 -0.515611 1.893 0.36 4.69586e+257 0 5.07194e-317 4.13003e-27 
 0.587 0.945 0.953453 7.31113e-42 5.07172e-317 0.6872 0.8519 0.9184 0.193771 -0.729121 -0.523599 1.839 0.346 4.69586e+257 0 5.07194e-317 4.13003e-27 
 0.599 0.942 0.883588 7.31113e-42 5.07172e-317 0.6872 0.8519 0.9184 0.194028 -0.599821 -0.507785 1.875 0.402 4.69586e+257 0 5.07194e-317 4.13003e-27 
 0.613 0.943 0.803061 7.31113e-42 5.07172e-317 0.6965 0.8641 0.9185 0.199462 -0.43947 -0.377563 1.843 0.357 4.69586e+257 0 5.07194e-317 4.13003e-27 
 0.629 0.974 0.745448 7.31113e-42 5.07172e-317 0.7058 0.8763 0.9185 0.190363 -0.418043 -0.376435 1.827 0.382 4.69586e+257 0 5.07194e-317 4.13003e-27 
 0.621 0.996 0.699591 7.31113e-42 5.07172e-317 0.7245 0.9008 0.9186 0.204735 -0.439753 -0.368922 1.837 0.431 4.69586e+257 0 5.07194e-317 4.13003e-27 
 0.619 0.988 0.654466 7.31113e-42 5.07172e-317 0.7339 0.9131 0.9187 0.21649 -0.313894 -0.255292 1.806 0.418 4.69586e+257 0 5.07194e-317 4.13003e-27 
 0.641 1.018 0.610338 7.31113e-42 5.07172e-317 0.7292 0.9069 0.9187 0.190446 -0.325328 -0.298309 1.783 0.45 4.69586e+257 0 5.07194e-317 4.13003e-27 
 0.648 1.039 0.578852 7.31113e-42 5.07172e-317 0.7528 0.9378 0.9187 0.200597 -0.267489 -0.235567 1.762 0.461 4.69586e+257 0 5.07194e-317 4.13003e-27 
 0.686 1.083 0.543021 7.31113e-42 5.07172e-317 0.7528 0.9378 0.9187 0.166537 -0.304103 -0.317563 1.736 0.479 4.69586e+257 0 5.07194e-317 4.13003e-27 
 0.683 1.103 0.516267 7.31113e-42 5.07172e-317 0.7958 0.9941 0.9187 0.199785 -0.200927 -0.179089 1.722 0.481 4.69586e+257 0 5.07194e-317 4.13003e-27 
 0.695 1.124 0.484699 7.31113e-42 5.07172e-317 0.8054 1.0066 0.9187 0.197543 -0.216127 -0.194445 1.737 0.472 4.69586e+257 0 5.07194e-317 4.13003e-27 
 0.719 1.124 0.466639 7.31113e-42 5.07172e-317 0.8198 1.0256 0.9186 0.192487 -0.0319155 -0.0298361 1.716 0.496 4.69586e+257 0 5.07194e-317 4.13003e-27 
 0.728 1.113 0.452286 7.31113e-42 5.07172e-317 0.8198 1.0256 0.9186 0.188916 0.0761495 0.0724286 1.703 0.478 4.69586e+257 0 5.07194e-317 4.13003e-27 
 0.782 1.121 0.449424 7.31113e-42 5.07172e-317 0.8295 1.0383 0.9186 0.165561 0.236329 0.251498 1.72 0.472 4.69586e+257 0 5.07194e-317 4.13003e-27 
 0.784 1.148 0.452213 7.31113e-42 5.07172e-317 0.8538 1.0701 0.9184 0.178446 0.226976 0.225073 1.693 0.476 4.69586e+257 0 5.07194e-317 4.13003e-27 
 0.762 1.163 0.456936 7.31113e-42 5.07172e-317 0.8636 1.0829 0.9183 0.194622 0.123838 0.114037 1.7 0.517 4.69586e+257 0 5.07194e-317 4.13003e-27 
 0.765 1.154 0.461516 7.31113e-42 5.07172e-317 0.8636 1.0829 0.9183 0.196261 0.163491 0.148836 1.701 0.498 4.69586e+257 0 5.07194e-317 4.13003e-27 
 0.802 1.151 0.468754 7.31113e-42 5.07172e-317 0.8636 1.0829 0.9183 0.174243 0.353085 0.349755 1.68 0.509 4.69586e+257 0 5.07194e-317 4.13003e-27 
 0.827 1.188 0.48222 7.31113e-42 5.07172e-317 0.8636 1.0829 0.9183 0.151041 0.250688 0.290312 1.674 0.529 4.69586e+257 0 5.07194e-317 4.13003e-27 
 0.803 1.187 0.519894 7.31113e-42 5.07172e-317 0.9029 1.1343 0.9179 0.204086 0.224321 0.195325 1.699 0.521 4.69586e+257 0 5.07194e-317 4.13003e-27 
 0.847 1.211 0.543648 7.31113e-42 5.07172e-317 0.8931 1.1214 0.918 0.165251 0.2312 0.246705 1.69 0.527 4.69586e+257 0 5.07194e-317 4.13003e-27 
 0.88 1.223 0.567258 7.31113e-42 5.07172e-317 0.8931 1.1214 0.918 0.141538 0.390291 0.460723 1.67 0.57 4.69586e+257 0 5.07194e-317 4.13003e-27 
 0.908 1.222 0.590461 7.31113e-42 5.07172e-317 0.9376 1.1797 0.9174 0.16517 0.738184 0.523599 1.65 0.597 4.69586e+257 0 5.07194e-317 4.13003e-27 
 0.921 1.232 0.630384 7.31113e-42 5.07172e-317 0.9476 1.1927 0.9172 0.243871 0.878555 0.523599 1.593 0.594 4.69586e+257 0 5.07194e-317 4.13003e-27 
 0.922 1.212 0.706309 7.31113e-42 5.07172e-317 0.9476 1.1927 0.9172 0.268851 0.889164 0.523599 1.581 0.593 4.69586e+257 0 5.07194e-317 4.13003e-27 
 0.942 1.202 0.794628 7.31113e-42 5.07172e-317 0.9576 1.2057 0.917 0.237212 0.898496 0.523599 1.578 0.581 4.69586e+257 0 5.07194e-317 4.13003e-27 
 0.96 1.248 0.881228 7.31113e-42 5.07172e-317 0.9476 1.1927 0.9172 0.183509 0.704052 0.523599 1.587 0.58 4.69586e+257 0 5.07194e-317 4.13003e-27 
 0.97 1.262 0.962178 7.31113e-42 5.07172e-317 0.9776 1.2318 0.9166 0.211562 0.606551 0.476414 1.609 0.62 4.69586e+257 0 5.07194e-317 4.13003e-27 
 0.985 1.279 1.03201 7.31113e-42 5.07172e-317 0.9776 1.2318 0.9166 0.206434 0.627508 0.500657 1.551 0.61 4.69586e+257 0 5.07194e-317 4.13003e-27 
 0.996 1.297 1.09147 7.31113e-42 5.07172e-317 1.0027 1.2646 0.9161 0.219951 0.47616 0.371571 1.558 0.61 4.69586e+257 0 5.07194e-317 4.13003e-27 
 0.958 1.262 1.14907 7.31113e-42 5.07172e-317 1.0179 1.2843 0.9158 0.259237 0.264179 0.181415 1.546 0.607 4.69586e+257 0 5.07194e-317 4.13003e-27 
 0.967 1.293 1.18839 7.31113e-42 5.07172e-317 1.0179 1.2843 0.9158 0.240193 0.184137 0.137125 1.553 0.628 4.69586e+257 0 5.07194e-317 4.13003e-27 
 0.958 1.342 1.21195 7.31113e-42 5.07172e-317 0.9826 1.2384 0.9166 0.179968 0.0847015 0.0845146 1.552 0.653 4.69586e+257 0 5.07194e-317 4.13003e-27 
 0.955 1.337 1.23169 7.31113e-42 5.07172e-317 1.0229 1.2909 0.9157 0.22256 -0.0344601 -0.0278631 1.538 0.661 4.69586e+257 0 5.07194e-317 4.13003e-27 
 1.011 1.381 1.23802 7.31113e-42 5.07172e-317 1.0229 1.2909 0.9157 0.19572 0.11833 0.108399 1.515 0.642 4.69586e+257 0 5.07194e-317 4.13003e-27 
 1.033 1.414 1.23951 7.31113e-42 5.07172e-317 1.0636 1.3438 0.9147 0.213162 0.00862124 0.0072799 1.5 0.648 4.69586e+257 0 5.07194e-317 4.13003e-27 
 1.041 1.448 1.24778 7.31113e-42 5.07172e-317 1.0636 1.3438 0.9147 0.184866 -0.147992 -0.143111 1.501 0.614 4.69586e+257 0 5.07194e-317 4.13003e-27 
 1.046 1.445 1.24916 7.31113e-42 5.07172e-317 1.1044 1.3968 0.9136 0.22939 -0.166532 -0.129939 1.496 0.651 4.69586e+257 0 5.07194e-317 4.13003e-27 
 1.053 1.457 1.24772 7.31113e-42 5.07172e-317 1.1044 1.3968 0.9136 0.218066 -0.202085 -0.165287 1.5 0.635 4.69586e+257 0 5.07194e-317 4.13003e-27 
 1.076 1.491 1.24291 7.31113e-42 5.07172e-317 1.1147 1.4101 0.9133 0.206296 -0.13959 -0.1212 1.521 0.68 4.69586e+257 0 5.07194e-317 4.13003e-27 
 1.065 1.508 1.23622 7.31113e-42 5.07172e-317 1.1147 1.4101 0.9133 0.20273 -0.219889 -0.19281 1.486 0.691 4.69586e+257 0 5.07194e-317 4.13003e-27 
 1.076 1.539 1.2264 7.31113e-42 5.07172e-317 1.1404 1.4434 0.9125 0.207899 -0.302275 -0.25597 1.485 0.71 4.69586e+257 0 5.07194e-317 4.13003e-27 
 1.089 1.561 1.20522 7.31113e-42 5.07172e-317 1.1404 1.4434 0.9125 0.189783 -0.345054 -0.31628 1.478 0.683 4.69586e+257 0 5.07194e-317 4.13003e-27 
 1.101 1.573 1.17365 7.31113e-42 5.07172e-317 1.161 1.47 0.9118 0.200233 -0.363611 -0.315921 1.472 0.673 4.69586e+257 0 5.07194e-317 4.13003e-27 
 1.087 1.608 1.14094 7.31113e-42 5.07172e-317 1.1869 1.5034 0.9109 0.206406 -0.599987 -0.482059 1.472 0.668 4.69586e+257 0 5.07194e-317 4.13003e-27 
 1.113 1.63 1.09445 7.31113e-42 5.07172e-317 1.2024 1.5234 0.9103 0.205217 -0.536374 -0.439741 1.467 0.666 4.69586e+257 0 5.07194e-317 4.13003e-27 
 1.121 1.655 1.03021 7.31113e-42 5.07172e-317 1.2024 1.5234 0.9103 0.195459 -0.500225 -0.431685 1.463 0.687 4.69586e+257 0 5.07194e-317 4.13003e-27 
 1.136 1.676 0.969971 7.31113e-42 5.07172e-317 1.2336 1.5635 0.9091 0.211128 -0.480453 -0.388769 1.476 0.687 4.69586e+257 0 5.07194e-317 4.13003e-27 
 1.111 1.731 0.913518 7.31113e-42 5.07172e-317 1.2336 1.5635 0.9091 0.197312 -0.783082 -0.523599 1.441 0.68 4.69586e+257 0 5.07194e-317 4.13003e-27 
 1.098 1.748 0.863078 7.31113e-42 5.07172e-317 1.2492 1.5835 0.9085 0.215247 -0.837082 -0.523599 1.38 0.666 4.69586e+257 0 5.07194e-317 4.13003e-27 
 1.126 1.741 0.779762 7.31113e-42 5.07172e-317 1.2701 1.6103 0.9076 0.232196 -0.550177 -0.403141 1.379 0.684 4.69586e+257 0 5.07194e-317 4.13003e-27 
 1.129 1.783 0.689007 7.31113e-42 5.07172e-317 1.2805 1.6236 0.9072 0.226678 -0.616189 -0.455052 1.402 0.686 4.69586e+257 0 5.07194e-317 4.13003e-27 
 1.1 1.793 0.629645 7.31113e-42 5.07172e-317 1.2805 1.6236 0.9072 0.238519 -0.676187 -0.471845 1.414 0.667 4.69586e+257 0 5.07194e-317 4.13003e-27 
 1.112 1.782 0.562754 7.31113e-42 5.07172e-317 1.2962 1.6437 0.9065 0.250234 -0.462161 -0.320951 1.425 0.662 4.69586e+257 0 5.07194e-317 4.13003e-27 
 1.098 1.799 0.494595 7.31113e-42 5.07172e-317 1.2962 1.6437 0.9065 0.254552 -0.424698 -0.291746 1.42 0.699 4.69586e+257 0 5.07194e-317 4.13003e-27 
 1.133 1.801 0.448612 7.31113e-42 5.07172e-317 1.2962 1.6437 0.9065 0.236237 -0.338591 -0.252483 1.396 0.674 4.69586e+257 0 5.07194e-317 4.13003e-27 
 1.145 1.824 0.407044 7.31113e-42 5.07172e-317 1.2962 1.6437 0.9065 0.225542 -0.358015 -0.278309 1.392 0.697 4.69586e+257 0 5.07194e-317 4.13003e-27 
 1.161 1.849 0.372726 7.31113e-42 5.07172e-317 1.3276 1.6838 0.905 0.236561 -0.276841 -0.207613 1.391 0.711 4.69586e+257 0 5.07194e-317 4.13003e-27 
 1.195 1.833 0.340053 7.31113e-42 5.07172e-317 1.3434 1.7038 0.9043 0.231559 -0.0430728 -0.0334697 1.4 0.703 4.69586e+257 0 5.07194e-317 4.13003e-27 
 1.214 1.85 0.312915 7.31113e-42 5.07172e-317 1.3434 1.7038 0.9043 0.216986 -0.0755156 -0.062562 1.414 0.708 4.69586e+257 0 5.07194e-317 4.13003e-27 
 1.258 1.861 0.304148 7.31113e-42 5.07172e-317 1.3644 1.7305 0.9032 0.207843 0.0623219 0.0539209 1.394 0.733 4.69586e+257 0 5.07194e-317 4.13003e-27 
 1.284 1.858 0.297117 7.31113e-42 5.07172e-317 1.3854 1.7571 0.9022 0.210466 0.287018 0.240712 1.419 0.774 4.69586e+257 0 5.07194e-317 4.13003e-27 
 1.32 1.858 0.298722 7.31113e-42 5.07172e-317 1.3959 1.7704 0.9016 0.200321 0.362117 0.314579 1.386 0.757 4.69586e+257 0 5.07194e-317 4.13003e-27 
 1.346 1.859 0.304662 7.31113e-42 5.07172e-317 1.3959 1.7704 0.9016 0.186183 0.363006 0.337523 1.379 0.74 4.69586e+257 0 5.07194e-317 4.13003e-27 
 1.346 1.874 0.319718 7.31113e-42 5.07172e-317 1.4064 1.7837 0.901 0.194593 0.358795 0.320449 1.376 0.779 4.69586e+257 0 5.07194e-317 4.13003e-27 
 1.376 1.886 0.35611 7.31113e-42 5.07172e-317 1.4275 1.8102 0.8999 0.196198 0.38174 0.336875 1.367 0.781 4.69586e+257 0 5.07194e-317 4.13003e-27 
 1.383 1.899 0.391854 7.31113e-42 5.07172e-317 1.4275 1.8102 0.8999 0.194949 0.324787 0.291349 1.352 0.816 4.69586e+257 0 5.07194e-317 4.13003e-27 
 1.394 1.891 0.429555 7.31113e-42 5.07172e-317 1.4433 1.8301 0.899 0.210274 0.443929 0.36316 1.348 0.836 4.69586e+257 0 5.07194e-317 4.13003e-27 
 1.407 1.907 0.462589 7.31113e-42 5.07172e-317 1.4538 1.8434 0.8984 0.212325 0.385305 0.31572 1.32 0.854 4.69586e+257 0 5.07194e-317 4.13003e-27 
 1.433 1.896 0.507711 7.31113e-42 5.07172e-317 1.4538 1.8434 0.8984 0.206259 0.442124 0.368237 1.315 0.845 4.69586e+257 0 5.07194e-317 4.13003e-27 
 1.439 1.908 0.545653 7.31113e-42 5.07172e-317 1.4643 1.8566 0.8977 0.208064 0.335517 0.282499 1.299 0.828 4.69586e+257 0 5.07194e-317 4.13003e-27 
 1.458 1.94 0.589399 7.31113e-42 5.07172e-317 1.4696 1.8632 0.8974 0.192595 0.169976 0.157543 1.307 0.831 4.69586e+257 0 5.07194e-317 4.13003e-27 
 1.456 1.946 0.621744 7.31113e-42 5.07172e-317 1.4801 1.8764 0.8968 0.212676 0.222885 0.18645 1.305 0.911 4.69586e+257 0 5.07194e-317 4.13003e-27 
 1.475 1.96 0.637394 7.31113e-42 5.07172e-317 1.5012 1.9028 0.8955 0.21336 0.174629 0.146273 1.264 0.892 4.69586e+257 0 5.07194e-317 4.13003e-27 
 1.486 1.968 0.659052 7.31113e-42 5.07172e-317 1.5065 1.9093 0.8951 0.208192 0.13752 0.118343 1.273 0.88 4.69586e+257 0 5.07194e-317 4.13003e-27 
 1.515 1.994 0.675158 7.31113e-42 5.07172e-317 1.5275 1.9356 0.8938 0.20179 0.111702 0.0993119 1.276 0.882 4.69586e+257 0 5.07194e-317 4.13003e-27 
 1.528 2.005 0.688942 7.31113e-42 5.07172e-317 1.5275 1.9356 0.8938 0.198676 0.14041 0.126532 1.289 0.938 4.69586e+257 0 5.07194e-317 4.13003e-27 
 1.541 2.019 0.700301 7.31113e-42 5.07172e-317 1.5591 1.9749 0.8916 0.208993 0.100634 0.0864575 1.262 0.902 4.69586e+257 0 5.07194e-317 4.13003e-27 
 1.558 2.034 0.71347 7.31113e-42 5.07172e-317 1.5591 1.9749 0.8916 0.19211 0.0469366 0.0439496 1.231 0.888 4.69586e+257 0 5.07194e-317 4.13003e-27 
 1.593 2.021 0.724287 7.31113e-42 5.07172e-317 1.5855 2.0074 0.8898 0.20726 0.26122 0.223087 1.246 0.893 4.69586e+257 0 5.07194e-317 4.13003e-27 
 1.615 2.048 0.734479 7.31113e-42 5.07172e-317 1.596 2.0204 0.889 0.201411 0.25427 0.223445 1.258 0.956 4.69586e+257 0 5.07194e-317 4.13003e-27 
 1.625 2.066 0.762433 7.31113e-42 5.07172e-317 1.617 2.0463 0.8874 0.203288 0.16736 0.147117 1.216 0.928 4.69586e+257 0 5.07194e-317 4.13003e-27 
 1.634 2.077 0.786245 7.31113e-42 5.07172e-317 1.6275 2.0592 0.8866 0.205989 0.140345 0.122029 1.209 0.951 4.69586e+257 0 5.07194e-317 4.13003e-27 
 1.648 2.082 0.802679 7.31113e-42 5.07172e-317 1.6381 2.0721 0.8858 0.2076 0.157269 0.135525 1.191 0.96 4.69586e+257 0 5.07194e-317 4.13003e-27 
 1.68 2.129 0.816891 7.31113e-42 5.07172e-317 1.6381 2.0721 0.8858 0.170626 0.0741062 0.0780186 1.19 0.962 4.69586e+257 0 5.07194e-317 4.13003e-27 
 1.668 2.145 0.831671 7.31113e-42 5.07172e-317 1.6853 2.1297 0.8819 0.212994 -0.0300875 -0.0254213 1.186 0.992 4.69586e+257 0 5.07194e-317 4.13003e-27 
 1.692 2.168 0.838093 7.31113e-42 5.07172e-317 1.6853 2.1297 0.8819 0.192152 -0.0328718 -0.0307832 1.185 1.002 4.69586e+257 0 5.07194e-317 4.13003e-27 
 1.719 2.197 0.839702 7.31113e-42 5.07172e-317 1.7062 2.1551 0.8801 0.184049 -0.0400902 -0.0391882 1.166 0.98 4.69586e+257 0 5.07194e-317 4.13003e-27 
 1.73 2.199 0.839843 7.31113e-42 5.07172e-317 1.7324 2.1866 0.8778 0.204681 0.0107235 0.00943012 1.163 1.027 4.69586e+257 0 5.07194e-317 4.13003e-27 
 1.749 2.205 0.839676 7.31113e-42 5.07172e-317 1.7376 2.1929 0.8773 0.198006 0.0644049 0.0584814 1.138 1.027 4.69586e+257 0 5.07194e-317 4.13003e-27 
 1.763 2.226 0.840719 7.31113e-42 5.07172e-317 1.748 2.2055 0.8763 0.191916 0.0422062 0.039565 1.132 1.035 4.69586e+257 0 5.07194e-317 4.13003e-27 
 1.784 2.225 0.8445 7.31113e-42 5.07172e-317 1.7637 2.2242 0.8748 0.199093 0.133794 0.120379 1.126 1.06 4.69586e+257 0 5.07194e-317 4.13003e-27 
 1.774 2.241 0.847523 7.31113e-42 5.07172e-317 1.7637 2.2242 0.8748 0.195987 0.0268915 0.0246928 1.124 1.073 4.69586e+257 0 5.07194e-317 4.13003e-27 
 1.793 2.271 0.857024 7.31113e-42 5.07172e-317 1.7741 2.2367 0.8738 0.183203 -0.0184916 -0.0181664 1.105 1.078 4.69586e+257 0 5.07194e-317 4.13003e-27 
 1.828 2.291 0.860336 7.31113e-42 5.07172e-317 1.8001 2.2677 0.8712 0.184192 0.0553727 0.0540597 1.089 1.115 4.69586e+257 0 5.07194e-317 4.13003e-27 
 1.833 2.273 0.861528 7.31113e-42 5.07172e-317 1.8208 2.2923 0.8691 0.209359 0.140084 0.119863 1.112 1.095 4.69586e+257 0 5.07194e-317 4.13003e-27 
 1.827 2.284 0.866247 7.31113e-42 5.07172e-317 1.8156 2.2862 0.8696 0.202513 0.0703348 0.0624346 1.105 1.12 4.69586e+257 0 5.07194e-317 4.13003e-27 
 1.841 2.341 0.877712 7.31113e-42 5.07172e-317 1.8156 2.2862 0.8696 0.171737 -0.0942479 -0.0984634 1.114 1.172 4.69586e+257 0 5.07194e-317 4.13003e-27 
 1.863 2.364 0.885269 7.31113e-42 5.07172e-317 1.8519 2.3289 0.8657 0.183522 -0.098784 -0.0965866 1.08 1.155 4.69586e+257 0 5.07194e-317 4.13003e-27 
 1.884 2.38 0.88287 7.31113e-42 5.07172e-317 1.8519 2.3289 0.8657 0.16844 -0.0626791 -0.066881 1.068 1.188 4.69586e+257 0 5.07194e-317 4.13003e-27 
 1.908 2.388 0.88247 7.31113e-42 5.07172e-317 1.893 2.3771 0.861 0.192363 0.00487539 0.00456202 1.046 1.208 4.69586e+257 0 5.07194e-317 4.13003e-27 
 1.916 2.397 0.881411 7.31113e-42 5.07172e-317 1.9033 2.389 0.8598 0.194374 0.00476729 0.00441472 1.045 1.216 4.69586e+257 0 5.07194e-317 4.13003e-27 
 1.932 2.411 0.881808 7.31113e-42 5.07172e-317 1.9136 2.4009 0.8585 0.191059 0.0201893 0.0190184 1.026 1.241 4.69586e+257 0 5.07194e-317 4.13003e-27 
 1.934 2.42 0.882533 7.31113e-42 5.07172e-317 1.9136 2.4009 0.8585 0.186278 -0.00518553 -0.00501074 1.014 1.262 4.69586e+257 0 5.07194e-317 4.13003e-27 
 1.965 2.432 0.883367 7.31113e-42 5.07172e-317 1.934 2.4246 0.856 0.187579 0.0827634 0.079253 1.032 1.276 4.69586e+257 0 5.07194e-317 4.13003e-27 
 1.971 2.434 0.884456 7.31113e-42 5.07172e-317 1.934 2.4246 0.856 0.184471 0.101742 0.0989515 1.02 1.29 4.69586e+257 0 5.07194e-317 4.13003e-27 
 1.983 2.447 0.885964 7.31113e-42 5.07172e-317 1.9544 2.448 0.8533 0.192215 0.095942 0.0896044 1.021 1.31 4.69586e+257 0 5.07194e-317 4.13003e-27 
 1.993 2.478 0.891228 7.31113e-42 5.07172e-317 1.9646 2.4597 0.852 0.183009 0.0183163 0.0180132 1.024 1.315 4.69586e+257 0 5.07194e-317 4.13003e-27 
 2.003 2.501 0.897841 7.31113e-42 5.07172e-317 1.9848 2.4828 0.8492 0.186511 -0.0375756 -0.036248 1.044 1.315 4.69586e+257 0 5.07194e-317 4.13003e-27 
 2.006 2.512 0.900072 7.31113e-42 5.07172e-317 2 2.5 0 0.119152 -0.89041 -0.523599 1.09 1.333 4.69586e+257 0 5.07194e-317 4.13003e-27 
 2.003 2.523 0.898941 7.31113e-42 5.07172e-317 2.0101 2.5114 0.8456 0.198525 -0.132357 -0.119436 1.095 1.273 4.69586e+257 0 5.07194e-317 4.13003e-27 
 2.029 2.547 0.864583 7.31113e-42 5.07172e-317 2.0101 2.5114 0.8456 0.178336 -0.0725693 -0.0731159 1.103 1.297 4.69586e+257 0 5.07194e-317 4.13003e-27 
 2.036 2.539 0.855433 7.31113e-42 5.07172e-317 2.0352 2.5397 0.8418 0.201252 -0.00847041 -0.0075758 1.067 1.319 4.69586e+257 0 5.07194e-317 4.13003e-27 
 2.062 2.559 0.848918 7.31113e-42 5.07172e-317 2.0352 2.5397 0.8418 0.182601 0.0363414 0.0358084 1.095 1.349 4.69586e+257 0 5.07194e-317 4.13003e-27 
 2.073 2.571 0.846088 7.31113e-42 5.07172e-317 2.0553 2.5621 0.8388 0.190023 0.035291 0.0334171 1.064 1.309 4.69586e+257 0 5.07194e-317 4.13003e-27 
 2.087 2.568 0.84616 7.31113e-42 5.07172e-317 2.0652 2.5732 0.8372 0.194932 0.104886 0.0965503 1.053 1.363 4.69586e+257 0 5.07194e-317 4.13003e-27 
 2.07 2.575 0.846364 7.31113e-42 5.07172e-317 2.0702 2.5787 0.8364 0.202586 0.0023985 0.00213109 1.047 1.349 4.69586e+257 0 5.07194e-317 4.13003e-27 
 2.073 2.619 0.847571 7.31113e-42 5.07172e-317 2.0702 2.5787 0.8364 0.182295 -0.158048 -0.15481 1.027 1.394 4.69586e+257 0 5.07194e-317 4.13003e-27 
 2.09 2.626 0.847131 7.31113e-42 5.07172e-317 2.0901 2.6007 0.8332 0.189747 -0.114033 -0.107756 1.034 1.388 4.69586e+257 0 5.07194e-317 4.13003e-27 
 2.11 2.639 0.841976 7.31113e-42 5.07172e-317 2.0901 2.6007 0.8332 0.176209 -0.0737313 -0.0751757 1.029 1.404 4.69586e+257 0 5.07194e-317 4.13003e-27 
 2.121 2.635 0.834239 7.31113e-42 5.07172e-317 2.1199 2.6333 0.8282 0.199672 -0.00849746 -0.00766013 1.057 1.434 4.69586e+257 0 5.07194e-317 4.13003e-27 
 2.137 2.663 0.828815 7.31113e-42 5.07172e-317 2.1199 2.6333 0.8282 0.181094 -0.0450603 -0.0447583 1.031 1.453 4.69586e+257 0 5.07194e-317 4.13003e-27 
 2.15 2.698 0.826123 7.31113e-42 5.07172e-317 2.1445 2.66 0.8238 0.182014 -0.131232 -0.129058 1.042 1.41 4.69586e+257 0 5.07194e-317 4.13003e-27 
 2.149 2.696 0.821025 7.31113e-42 5.07172e-317 2.1642 2.6812 0.8203 0.200235 -0.122533 -0.109708 1.047 1.404 4.69586e+257 0 5.07194e-317 4.13003e-27 
 2.172 2.729 0.810124 7.31113e-42 5.07172e-317 2.1642 2.6812 0.8203 0.177306 -0.151373 -0.15248 1.062 1.474 4.69586e+257 0 5.07194e-317 4.13003e-27 
 2.176 2.746 0.797032 7.31113e-42 5.07172e-317 2.1642 2.6812 0.8203 0.168881 -0.195955 -0.205896 1.041 1.5 4.69586e+257 0 5.07194e-317 4.13003e-27 
 2.194 2.736 0.781724 7.31113e-42 5.07172e-317 2.2032 2.7228 0.8128 0.198693 -0.0566428 -0.0512689 1.047 1.485 4.69586e+257 0 5.07194e-317 4.13003e-27 
 2.206 2.77 0.762944 7.31113e-42 5.07172e-317 2.2032 2.7228 0.8128 0.179949 -0.134891 -0.134119 1.019 1.466 4.69586e+257 0 5.07194e-317 4.13003e-27 
 2.229 2.809 0.757279 7.31113e-42 5.07172e-317 2.2275 2.7484 0.808 0.1754 -0.199541 -0.201981 0.994 1.48 4.69586e+257 0 5.07194e-317 4.13003e-27 
 2.245 2.821 0.742488 7.31113e-42 5.07172e-317 2.2275 2.7484 0.808 0.163944 -0.178548 -0.193579 1.026 1.523 4.69586e+257 0 5.07194e-317 4.13003e-27 
 2.258 2.831 0.722294 7.31113e-42 5.07172e-317 2.2566 2.7786 0.802 0.178899 -0.138319 -0.138283 1.005 1.48 4.69586e+257 0 5.07194e-317 4.13003e-27 
 2.274 2.839 0.705416 7.31113e-42 5.07172e-317 2.2854 2.8083 0.7958 0.192829 -0.0779686 -0.0726532 0.956 1.524 4.69586e+257 0 5.07194e-317 4.13003e-27 
 2.297 2.831 0.691662 7.31113e-42 5.07172e-317 2.295 2.8181 0.7936 0.193283 0.0633073 0.0588884 0.951 1.55 4.69586e+257 0 5.07194e-317 4.13003e-27 
 2.3 2.841 0.683903 7.31113e-42 5.07172e-317 2.3046 2.8278 0.7915 0.19609 0.0436608 0.0400567 0.946 1.584 4.69586e+257 0 5.07194e-317 4.13003e-27 
 2.309 2.865 0.684399 7.31113e-42 5.07172e-317 2.3046 2.8278 0.7915 0.18322 -0.033605 -0.0330024 0.964 1.571 4.69586e+257 0 5.07194e-317 4.13003e-27 
 2.331 2.866 0.684649 7.31113e-42 5.07172e-317 2.3237 2.8471 0.787 0.188669 0.055774 0.0531611 0.967 1.557 4.69586e+257 0 5.07194e-317 4.13003e-27 
 2.339 2.878 0.682285 7.31113e-42 5.07172e-317 2.338 2.8614 0.7837 0.192416 0.04179 0.0390735 0.95 1.606 4.69586e+257 0 5.07194e-317 4.13003e-27 
 2.336 2.903 0.683544 7.31113e-42 5.07172e-317 2.3475 2.8709 0.7814 0.192624 -0.0777428 -0.0725204 0.959 1.662 4.69586e+257 0 5.07194e-317 4.13003e-27 
 2.357 2.919 0.684175 7.31113e-42 5.07172e-317 2.3475 2.8709 0.7814 0.177171 -0.0768964 -0.077966 0.95 1.671 4.69586e+257 0 5.07194e-317 4.13003e-27 
 2.385 2.935 0.681194 7.31113e-42 5.07172e-317 2.376 2.899 0.7743 0.181861 -0.0274378 -0.0271504 0.956 1.664 4.69586e+257 0 5.07194e-317 4.13003e-27 
 2.401 2.959 0.677336 7.31113e-42 5.07172e-317 2.376 2.899 0.7743 0.165846 -0.0786073 -0.0851097 0.949 1.641 4.69586e+257 0 5.07194e-317 4.13003e-27 
 2.397 2.963 0.675224 7.31113e-42 5.07172e-317 2.4184 2.9401 0.7633 0.200799 -0.0814688 -0.0729009 0.963 1.637 4.69586e+257 0 5.07194e-317 4.13003e-27 
 2.418 2.974 0.669196 7.31113e-42 5.07172e-317 2.4184 2.9401 0.7633 0.187114 -0.0521685 -0.0501431 0.972 1.694 4.69586e+257 0 5.07194e-317 4.13003e-27 
 2.444 2.982 0.662933 7.31113e-42 5.07172e-317 2.4184 2.9401 0.7633 0.172138 0.0095837 0.0100211 0.997 1.726 4.69586e+257 0 5.07194e-317 4.13003e-27 
 2.455 2.995 0.657463 7.31113e-42 5.07172e-317 2.4512 2.9712 0.7542 0.188806 0.0114537 0.010919 0.964 1.707 4.69586e+257 0 5.07194e-317 4.13003e-27 
 2.461 3.013 0.656324 7.31113e-42 5.07172e-317 2.4653 2.9843 0.7502 0.190948 -0.0431167 -0.0406223 0.948 1.709 4.69586e+257 0 5.07194e-317 4.13003e-27 
 2.486 3.025 0.654529 7.31113e-42 5.07172e-317 2.4792 2.9973 0.7462 0.186156 -0.00220087 -0.00212809 0.951 1.729 4.69586e+257 0 5.07194e-317 4.13003e-27 
 2.499 3.036 0.650872 7.31113e-42 5.07172e-317 2.4978 3.0145 0.7406 0.191021 0.00463361 0.00436624 0.973 1.689 4.69586e+257 0 5.07194e-317 4.13003e-27 
 2.519 3.047 0.64933 7.31113e-42 5.07172e-317 2.4978 3.0145 0.7406 0.177786 0.0249315 0.0252366 0.946 1.724 4.69586e+257 0 5.07194e-317 4.13003e-27 
 2.533 3.067 0.648092 7.31113e-42 5.07172e-317 2.5256 3.0397 0.732 0.186221 -0.00772131 -0.00746323 0.94 1.752 4.69586e+257 0 5.07194e-317 4.13003e-27 
 2.543 3.077 0.647692 7.31113e-42 5.07172e-317 2.5441 3.0562 0.7262 0.192576 -0.0128212 -0.0119833 0.943 1.783 4.69586e+257 0 5.07194e-317 4.13003e-27 
 2.554 3.086 0.64676 7.31113e-42 5.07172e-317 2.5533 3.0644 0.7232 0.191493 -0.0127078 -0.0119446 0.912 1.774 4.69586e+257 0 5.07194e-317 4.13003e-27 
 2.574 3.091 0.645222 7.31113e-42 5.07172e-317 2.5625 3.0725 0.7201 0.187543 0.037709 0.0361765 0.894 1.755 4.69586e+257 0 5.07194e-317 4.13003e-27 
 2.569 3.075 0.644557 7.31113e-42 5.07172e-317 2.5763 3.0845 0.7155 0.206272 0.0964935 0.0840054 0.911 1.794 4.69586e+257 0 5.07194e-317 4.13003e-27 
 2.578 3.082 0.645243 7.31113e-42 5.07172e-317 2.5763 3.0845 0.7155 0.199615 0.0953651 0.0857832 0.92 1.815 4.69586e+257 0 5.07194e-317 4.13003e-27 
 2.601 3.117 0.647638 7.31113e-42 5.07172e-317 2.5671 3.0765 0.7186 0.169393 0.0088121 0.00936362 0.938 1.813 4.69586e+257 0 5.07194e-317 4.13003e-27 
 2.614 3.143 0.64765 7.31113e-42 5.07172e-317 2.5763 3.0845 0.7155 0.161419 -0.0689283 -0.076712 0.923 1.811 4.69586e+257 0 5.07194e-317 4.13003e-27 
 2.648 3.162 0.648515 7.31113e-42 5.07172e-317 2.6266 3.1275 0.6978 0.177628 -0.0313845 -0.0317929 0.946 1.893 4.69586e+257 0 5.07194e-317 4.13003e-27 
 2.658 3.17 0.647994 7.31113e-42 5.07172e-317 2.6266 3.1275 0.6978 0.170143 -0.0337444 -0.0356841 0.951 1.885 4.69586e+257 0 5.07194e-317 4.13003e-27 
 2.668 3.17 0.646866 7.31113e-42 5.07172e-317 2.6674 3.1614 0.6825 0.196563 0.00206893 0.00189459 0.976 1.85 4.69586e+257 0 5.07194e-317 4.13003e-27 
 2.67 3.188 0.646312 7.31113e-42 5.07172e-317 2.672 3.165 0.6807 0.192808 -0.0755143 -0.0703817 0.977 1.86 4.69586e+257 0 5.07194e-317 4.13003e-27 
 2.685 3.203 0.6463 7.31113e-42 5.07172e-317 2.681 3.1724 0.6772 0.18739 -0.0947382 -0.0907521 0.965 1.887 4.69586e+257 0 5.07194e-317 4.13003e-27 
 2.708 3.217 0.644785 7.31113e-42 5.07172e-317 2.681 3.1724 0.6772 0.171697 -0.0802995 -0.0839848 0.954 1.922 4.69586e+257 0 5.07194e-317 4.13003e-27 
 2.735 3.224 0.639887 7.31113e-42 5.07172e-317 2.7171 3.201 0.6626 0.183531 -0.020386 -0.0199911 0.956 1.934 4.69586e+257 0 5.07194e-317 4.13003e-27 
 2.745 3.237 0.636155 7.31113e-42 5.07172e-317 2.7171 3.201 0.6626 0.174333 -0.0444374 -0.0458497 0.96 1.942 4.69586e+257 0 5.07194e-317 4.13003e-27 
 2.752 3.254 0.633755 7.31113e-42 5.07172e-317 2.7396 3.2184 0.6531 0.18193 -0.104798 -0.103318 0.957 1.968 4.69586e+257 0 5.07194e-317 4.13003e-27 
 2.768 3.269 0.630281 7.31113e-42 5.07172e-317 2.7665 3.2388 0.6413 0.189054 -0.125435 -0.118865 0.985 1.982 4.69586e+257 0 5.07194e-317 4.13003e-27 
 2.787 3.277 0.622041 7.31113e-42 5.07172e-317 2.7665 3.2388 0.6413 0.177313 -0.0923798 -0.0935064 0.987 1.989 4.69586e+257 0 5.07194e-317 4.13003e-27 
 2.794 3.29 0.61044 7.31113e-42 5.07172e-317 2.7977 3.2618 0.6271 0.192492 -0.128307 -0.119409 0.975 1.977 4.69586e+257 0 5.07194e-317 4.13003e-27 
 2.805 3.299 0.600038 7.31113e-42 5.07172e-317 2.7977 3.2618 0.6271 0.184327 -0.12651 -0.122917 0.993 1.989 4.69586e+257 0 5.07194e-317 4.13003e-27 
 2.822 3.317 0.5872 7.31113e-42 5.07172e-317 2.82 3.2778 0.6166 0.186535 -0.152345 -0.145962 0.992 2.011 4.69586e+257 0 5.07194e-317 4.13003e-27 
 2.832 3.326 0.573972 7.31113e-42 5.07172e-317 2.82 3.2778 0.6166 0.178941 -0.153986 -0.153676 0.998 2.041 4.69586e+257 0 5.07194e-317 4.13003e-27 
 2.876 3.313 0.557516 7.31113e-42 5.07172e-317 2.851 3.2995 0.6014 0.183232 0.0598819 0.0587581 1.015 2.034 4.69586e+257 0 5.07194e-317 4.13003e-27 
 2.893 3.316 0.546178 7.31113e-42 5.07172e-317 2.851 3.2995 0.6014 0.173747 0.108886 0.11233 1.038 2.031 4.69586e+257 0 5.07194e-317 4.13003e-27 
 2.92 3.329 0.547667 7.31113e-42 5.07172e-317 2.8864 3.3233 0.5832 0.181453 0.115036 0.113624 1.063 1.989 4.69586e+257 0 5.07194e-317 4.13003e-27 
 2.947 3.342 0.550388 7.31113e-42 5.07172e-317 2.8864 3.3233 0.5832 0.164097 0.133359 0.145253 1.058 2.015 4.69586e+257 0 5.07194e-317 4.13003e-27 
 2.956 3.348 0.551837 7.31113e-42 5.07172e-317 2.9391 3.3572 0.5545 0.194507 0.0999284 0.0922133 1.076 2.02 4.69586e+257 0 5.07194e-317 4.13003e-27 
 2.967 3.353 0.554878 7.31113e-42 5.07172e-317 2.9479 3.3626 0.5495 0.193573 0.0999889 0.0927112 1.073 2.021 4.69586e+257 0 5.07194e-317 4.13003e-27 
 2.972 3.369 0.557799 7.31113e-42 5.07172e-317 2.9566 3.3679 0.5445 0.192013 0.0272541 0.0255434 1.109 2.003 4.69586e+257 0 5.07194e-317 4.13003e-27 
 2.977 3.382 0.56184 7.31113e-42 5.07172e-317 2.9566 3.3679 0.5445 0.185483 -0.0257695 -0.0250024 1.116 2.006 4.69586e+257 0 5.07194e-317 4.13003e-27 
 2.999 3.398 0.563323 7.31113e-42 5.07172e-317 2.9785 3.381 0.5317 0.184467 -0.0558145 -0.054409 1.113 2.057 4.69586e+257 0 5.07194e-317 4.13003e-27 
 2.996 3.406 0.56282 7.31113e-42 5.07172e-317 2.9785 3.381 0.5317 0.183524 -0.104893 -0.102518 1.113 2.059 4.69586e+257 0 5.07194e-317 4.13003e-27 
 3.013 3.42 0.562097 7.31113e-42 5.07172e-317 3.0003 3.3937 0.5185 0.185464 -0.140296 -0.13533 1.12 2.066 4.69586e+257 0 5.07194e-317 4.13003e-27 
 3.051 3.439 0.560843 7.31113e-42 5.07172e-317 3.0221 3.406 0.505 0.175219 -0.138522 -0.141353 1.125 2.071 4.69586e+257 0 5.07194e-317 4.13003e-27 
 3.075 3.447 0.557222 7.31113e-42 5.07172e-317 3.0569 3.4248 0.4827 0.183675 -0.138583 -0.134984 1.134 2.109 4.69586e+257 0 5.07194e-317 4.13003e-27 
 3.096 3.459 0.551323 7.31113e-42 5.07172e-317 3.0785 3.4359 0.4682 0.183617 -0.15555 -0.15132 1.151 2.137 4.69586e+257 0 5.07194e-317 4.13003e-27 
 3.135 3.469 0.543128 7.31113e-42 5.07172e-317 3.0785 3.4359 0.4682 0.161141 -0.0800129 -0.0891401 1.164 2.138 4.69586e+257 0 5.07194e-317 4.13003e-27 
 3.148 3.48 0.531561 7.31113e-42 5.07172e-317 3.139 3.4651 0.4259 0.190017 -0.166464 -0.156401 1.169 2.144 4.69586e+257 0 5.07194e-317 4.13003e-27 
 3.174 3.498 0.522213 7.31113e-42 5.07172e-317 3.1519 3.4709 0.4165 0.179924 -0.193055 -0.190787 1.175 2.152 4.69586e+257 0 5.07194e-317 4.13003e-27 
 3.186 3.508 0.504096 7.31113e-42 5.07172e-317 3.182 3.4839 0.394 0.190214 -0.234856 -0.218691 1.187 2.151 4.69586e+257 0 5.07194e-317 4.13003e-27 
 3.202 3.515 0.48372 7.31113e-42 5.07172e-317 3.182 3.4839 0.394 0.180619 -0.209223 -0.205561 1.192 2.157 4.69586e+257 0 5.07194e-317 4.13003e-27 
 3.233 3.516 0.459168 7.31113e-42 5.07172e-317 3.2078 3.4943 0.3741 0.180515 -0.145018 -0.143609 1.195 2.16 4.69586e+257 0 5.07194e-317 4.13003e-27 
 3.254 3.531 0.440249 7.31113e-42 5.07172e-317 3.2078 3.4943 0.3741 0.166104 -0.157238 -0.168772 1.218 2.161 4.69586e+257 0 5.07194e-317 4.13003e-27 
 3.26 3.543 0.42649 7.31113e-42 5.07172e-317 3.2592 3.5134 0.3328 0.191967 -0.25942 -0.238614 1.213 2.149 4.69586e+257 0 5.07194e-317 4.13003e-27 
 3.279 3.543 0.409591 7.31113e-42 5.07172e-317 3.2592 3.5134 0.3328 0.182135 -0.200519 -0.195634 1.216 2.152 4.69586e+257 0 5.07194e-317 4.13003e-27 
 3.288 3.538 0.381051 7.31113e-42 5.07172e-317 3.2848 3.522 0.3114 0.194433 -0.156961 -0.1443 1.256 2.181 4.69586e+257 0 5.07194e-317 4.13003e-27 
 3.302 3.538 0.362013 7.31113e-42 5.07172e-317 3.2848 3.522 0.3114 0.187084 -0.108979 -0.104471 1.244 2.209 4.69586e+257 0 5.07194e-317 4.13003e-27 
 3.314 3.544 0.347191 7.31113e-42 5.07172e-317 3.3061 3.5287 0.2932 0.192414 -0.128505 -0.11964 1.242 2.227 4.69586e+257 0 5.07194e-317 4.13003e-27 
 3.337 3.551 0.335071 7.31113e-42 5.07172e-317 3.3061 3.5287 0.2932 0.178547 -0.112286 -0.11272 1.252 2.227 4.69586e+257 0 5.07194e-317 4.13003e-27 
 3.345 3.565 0.323047 7.31113e-42 5.07172e-317 3.3189 3.5325 0.2821 0.179576 -0.180268 -0.178765 1.287 2.254 4.69586e+257 0 5.07194e-317 4.13003e-27 
 3.345 3.568 0.310649 7.31113e-42 5.07172e-317 3.353 3.5419 0.252 0.199824 -0.221844 -0.197238 1.299 2.28 4.69586e+257 0 5.07194e-317 4.13003e-27 
 3.361 3.582 0.291086 7.31113e-42 5.07172e-317 3.353 3.5419 0.252 0.189206 -0.254913 -0.237916 1.306 2.294 4.69586e+257 0 5.07194e-317 4.13003e-27 
 3.38 3.59 0.26822 7.31113e-42 5.07172e-317 3.3701 3.5462 0.2366 0.188185 -0.26729 -0.250302 1.312 2.302 4.69586e+257 0 5.07194e-317 4.13003e-27 
 3.392 3.596 0.241998 7.31113e-42 5.07172e-317 3.3871 3.5502 0.2211 0.191494 -0.275202 -0.253135 1.304 2.316 4.69586e+257 0 5.07194e-317 4.13003e-27 
 3.423 3.613 0.214002 7.31113e-42 5.07172e-317 3.3871 3.5502 0.2211 0.172715 -0.313539 -0.315826 1.308 2.319 4.69586e+257 0 5.07194e-317 4.13003e-27 
 3.451 3.623 0.185247 7.31113e-42 5.07172e-317 3.4338 3.5597 0.1774 0.184583 -0.355134 -0.33339 1.306 2.303 4.69586e+257 0 5.07194e-317 4.13003e-27 
 3.474 3.632 0.152708 7.31113e-42 5.07172e-317 3.4338 3.5597 0.1774 0.171725 -0.362422 -0.363046 1.32 2.303 4.69586e+257 0 5.07194e-317 4.13003e-27 
 3.487 3.63 0.116725 7.31113e-42 5.07172e-317 3.4593 3.564 0.153 0.180537 -0.326885 -0.315057 1.332 2.323 4.69586e+257 0 5.07194e-317 4.13003e-27 
 3.488 3.647 0.0784933 7.31113e-42 5.07172e-317 3.4848 3.5677 0.1283 0.196169 -0.395425 -0.348061 1.337 2.328 4.69586e+257 0 5.07194e-317 4.13003e-27 
 3.498 3.648 0.0450657 7.31113e-42 5.07172e-317 3.4975 3.5693 0.1158 0.198918 -0.369023 -0.322285 1.353 2.348 4.69586e+257 0 5.07194e-317 4.13003e-27 
 3.518 3.657 0.00426119 7.31113e-42 5.07172e-317 3.4975 3.5693 0.1158 0.188597 -0.381561 -0.349241 1.361 2.343 4.69586e+257 0 5.07194e-317 4.13003e-27 
 3.54 3.645 -0.0337336 7.31113e-42 5.07172e-317 3.506 3.5703 0.1075 0.180931 -0.286604 -0.277759 1.354 2.375 4.69586e+257 0 5.07194e-317 4.13003e-27 
 3.582 3.649 -0.073274 7.31113e-42 5.07172e-317 3.5441 3.5737 0.0695 0.180491 -0.297012 -0.287971 1.368 2.371 4.69586e+257 0 5.07194e-317 4.13003e-27 
 3.592 3.649 -0.101704 7.31113e-42 5.07172e-317 3.5441 3.5737 0.0695 0.17503 -0.279481 -0.279874 1.382 2.375 4.69586e+257 0 5.07194e-317 4.13003e-27 
 3.62 3.651 -0.1319 7.31113e-42 5.07172e-317 3.595 3.5761 0.0182 0.190342 -0.280721 -0.259483 1.384 2.406 4.69586e+257 0 5.07194e-317 4.13003e-27 
 3.627 3.644 -0.160327 7.31113e-42 5.07172e-317 3.595 3.5761 0.0182 0.185648 -0.221241 -0.211308 1.4 2.408 4.69586e+257 0 5.07194e-317 4.13003e-27 
 3.645 3.642 -0.188 7.31113e-42 5.07172e-317 3.6205 3.5763 -0.0077 0.190691 -0.199324 -0.185975 1.404 2.422 4.69586e+257 0 5.07194e-317 4.13003e-27 
 3.663 3.648 -0.211156 7.31113e-42 5.07172e-317 3.6417 3.5759 -0.0294 0.194396 -0.228629 -0.208617 1.429 2.434 4.69586e+257 0 5.07194e-317 4.13003e-27 
 3.684 3.656 -0.232615 7.31113e-42 5.07172e-317 3.6417 3.5759 -0.0294 0.184111 -0.283149 -0.270063 1.431 2.431 4.69586e+257 0 5.07194e-317 4.13003e-27 
 3.689 3.645 -0.25679 7.31113e-42 5.07172e-317 3.6798 3.5741 -0.0684 0.202613 -0.193956 -0.170633 1.447 2.435 4.69586e+257 0 5.07194e-317 4.13003e-27 
 3.697 3.645 -0.28611 7.31113e-42 5.07172e-317 3.6841 3.5738 -0.0727 0.200719 -0.173377 -0.154245 1.463 2.455 4.69586e+257 0 5.07194e-317 4.13003e-27 
 3.717 3.659 -0.305069 7.31113e-42 5.07172e-317 3.6926 3.5732 -0.0814 0.19787 -0.259308 -0.231655 1.479 2.485 4.69586e+257 0 5.07194e-317 4.13003e-27 
 3.736 3.664 -0.323339 7.31113e-42 5.07172e-317 3.6926 3.5732 -0.0814 0.188818 -0.305058 -0.283006 1.466 2.505 4.69586e+257 0 5.07194e-317 4.13003e-27 
 3.76 3.658 -0.351399 7.31113e-42 5.07172e-317 3.7266 3.5699 -0.1161 0.19545 -0.276081 -0.248982 1.491 2.503 4.69586e+257 0 5.07194e-317 4.13003e-27 
 3.766 3.645 -0.382315 7.31113e-42 5.07172e-317 3.7478 3.5672 -0.1376 0.20197 -0.177524 -0.156913 1.49 2.51 4.69586e+257 0 5.07194e-317 4.13003e-27 
 3.793 3.642 -0.410291 7.31113e-42 5.07172e-317 3.7478 3.5672 -0.1376 0.186836 -0.198834 -0.189266 1.483 2.521 4.69586e+257 0 5.07194e-317 4.13003e-27 
 3.822 3.631 -0.427543 7.31113e-42 5.07172e-317 3.7818 3.562 -0.172 0.189666 -0.175566 -0.165102 1.478 2.531 4.69586e+257 0 5.07194e-317 4.13003e-27 
 3.824 3.619 -0.448321 7.31113e-42 5.07172e-317 3.7818 3.562 -0.172 0.185012 -0.0997006 -0.0966973 1.491 2.523 4.69586e+257 0 5.07194e-317 4.13003e-27 
 3.842 3.618 -0.465439 7.31113e-42 5.07172e-317 3.8116 3.5564 -0.2017 0.193771 -0.10383 -0.0961537 1.49 2.518 4.69586e+257 0 5.07194e-317 4.13003e-27 
 3.876 3.614 -0.475774 7.31113e-42 5.07172e-317 3.8287 3.5528 -0.2186 0.185924 -0.156682 -0.150542 1.54 2.512 4.69586e+257 0 5.07194e-317 4.13003e-27 
 3.899 3.609 -0.487372 7.31113e-42 5.07172e-317 3.8287 3.5528 -0.2186 0.172802 -0.18856 -0.193945 1.525 2.553 4.69586e+257 0 5.07194e-317 4.13003e-27 
 3.948 3.59 -0.505007 7.31113e-42 5.07172e-317 3.8585 3.5458 -0.2478 0.161111 -0.204539 -0.224662 1.539 2.578 4.69586e+257 0 5.07194e-317 4.13003e-27 
 3.957 3.58 -0.524689 7.31113e-42 5.07172e-317 3.8799 3.5402 -0.2685 0.166748 -0.150352 -0.160898 1.57 2.583 4.69586e+257 0 5.07194e-317 4.13003e-27 
 3.971 3.579 -0.545235 7.31113e-42 5.07172e-317 3.9398 3.522 -0.325 0.197343 -0.128269 -0.116466 1.608 2.56 4.69586e+257 0 5.07194e-317 4.13003e-27 
 3.985 3.573 -0.560393 7.31113e-42 5.07172e-317 3.9398 3.522 -0.325 0.188451 -0.128911 -0.122514 1.608 2.576 4.69586e+257 0 5.07194e-317 4.13003e-27 
 3.995 3.559 -0.573871 7.31113e-42 5.07172e-317 3.9613 3.5146 -0.3447 0.192523 -0.0675811 -0.0631012 1.617 2.563 4.69586e+257 0 5.07194e-317 4.13003e-27 
 3.996 3.54 -0.585923 7.31113e-42 5.07172e-317 3.9613 3.5146 -0.3447 0.185415 0.0314202 0.0304931 1.606 2.562 4.69586e+257 0 5.07194e-317 4.13003e-27 
 4.029 3.529 -0.592897 7.31113e-42 5.07172e-317 3.9828 3.5067 -0.3641 0.179653 -0.00675165 -0.00676459 1.617 2.582 4.69586e+257 0 5.07194e-317 4.13003e-27 
 4.046 3.515 -0.594039 7.31113e-42 5.07172e-317 3.9828 3.5067 -0.3641 0.166773 0.00354722 0.00382855 1.641 2.589 4.69586e+257 0 5.07194e-317 4.13003e-27 
 4.061 3.51 -0.595901 7.31113e-42 5.07172e-317 4.0345 3.4857 -0.4091 0.191648 0.00414655 0.00389452 1.659 2.615 4.69586e+257 0 5.07194e-317 4.13003e-27 
 4.045 3.509 -0.596933 7.31113e-42 5.07172e-317 4.0474 3.4801 -0.4198 0.207432 0.0665555 0.0576896 1.657 2.631 4.69586e+257 0 5.07194e-317 4.13003e-27 
 4.069 3.509 -0.597384 7.31113e-42 5.07172e-317 4.0474 3.4801 -0.4198 0.19593 -0.011236 -0.0103221 1.687 2.613 4.69586e+257 0 5.07194e-317 4.13003e-27 
 4.089 3.479 -0.596765 7.31113e-42 5.07172e-317 4.0561 3.4762 -0.4268 0.182028 0.0672187 0.0663721 1.693 2.647 4.69586e+257 0 5.07194e-317 4.13003e-27 
 4.1 3.471 -0.596559 7.31113e-42 5.07172e-317 4.0561 3.4762 -0.4268 0.174081 0.0690582 0.0712852 1.703 2.613 4.69586e+257 0 5.07194e-317 4.13003e-27 
 4.135 3.458 -0.595757 7.31113e-42 5.07172e-317 4.0949 3.4579 -0.4575 0.178677 0.0210455 0.0211982 1.715 2.624 4.69586e+257 0 5.07194e-317 4.13003e-27 
 4.156 3.45 -0.594364 7.31113e-42 5.07172e-317 4.1251 3.4426 -0.4803 0.186162 -0.010073 -0.00973929 1.718 2.667 4.69586e+257 0 5.07194e-317 4.13003e-27 
 4.165 3.443 -0.593998 7.31113e-42 5.07172e-317 4.1251 3.4426 -0.4803 0.179507 -0.00683033 -0.00684898 1.729 2.673 4.69586e+257 0 5.07194e-317 4.13003e-27 
 4.175 3.441 -0.593795 7.31113e-42 5.07172e-317 4.1553 3.4265 -0.5022 0.194399 -0.0316201 -0.0292697 1.729 2.668 4.69586e+257 0 5.07194e-317 4.13003e-27 
 4.187 3.436 -0.593688 7.31113e-42 5.07172e-317 4.1553 3.4265 -0.5022 0.186977 -0.0479365 -0.046115 1.728 2.65 4.69586e+257 0 5.07194e-317 4.13003e-27 
 4.195 3.427 -0.594191 7.31113e-42 5.07172e-317 4.1768 3.4145 -0.5173 0.194722 -0.0334919 -0.0309499 1.756 2.665 4.69586e+257 0 5.07194e-317 4.13003e-27 
 4.204 3.401 -0.594234 7.31113e-42 5.07172e-317 4.1768 3.4145 -0.5173 0.181792 0.0626016 0.0619054 1.744 2.682 4.69586e+257 0 5.07194e-317 4.13003e-27 
 4.214 3.393 -0.595258 7.31113e-42 5.07172e-317 4.2026 3.3996 -0.535 0.191949 0.06194 0.0580191 1.771 2.721 4.69586e+257 0 5.07194e-317 4.13003e-27 
 4.23 3.398 -0.59413 7.31113e-42 5.07172e-317 4.2155 3.3919 -0.5437 0.194732 -0.0202143 -0.0186829 1.766 2.716 4.69586e+257 0 5.07194e-317 4.13003e-27 
 4.227 3.389 -0.593851 7.31113e-42 5.07172e-317 4.224 3.3867 -0.5494 0.199094 0.0287499 0.0259867 1.757 2.698 4.69586e+257 0 5.07194e-317 4.13003e-27 
 4.242 3.365 -0.594312 7.31113e-42 5.07172e-317 4.224 3.3867 -0.5494 0.184019 0.0972399 0.094831 1.752 2.699 4.69586e+257 0 5.07194e-317 4.13003e-27 
 4.262 3.359 -0.593664 7.31113e-42 5.07172e-317 4.224 3.3867 -0.5494 0.172329 0.0604203 0.0630264 1.796 2.779 4.69586e+257 0 5.07194e-317 4.13003e-27 
 4.29 3.346 -0.592453 7.31113e-42 5.07172e-317 4.2624 3.3626 -0.5744 0.181156 0.010604 0.0105359 1.771 2.743 4.69586e+257 0 5.07194e-317 4.13003e-27 
 4.314 3.321 -0.590896 7.31113e-42 5.07172e-317 4.2624 3.3626 -0.5744 0.16138 0.0542963 0.060487 1.802 2.738 4.69586e+257 0 5.07194e-317 4.13003e-27 
 4.336 3.301 -0.590177 7.31113e-42 5.07172e-317 4.3175 3.3257 -0.6089 0.182962 0.0395204 0.038861 1.83 2.764 4.69586e+257 0 5.07194e-317 4.13003e-27 
 4.373 3.28 -0.58789 7.31113e-42 5.07172e-317 4.3175 3.3257 -0.6089 0.158136 0.0205803 0.0234215 1.835 2.776 4.69586e+257 0 5.07194e-317 4.13003e-27 
 4.383 3.253 -0.585861 7.31113e-42 5.07172e-317 4.376 3.2835 -0.6442 0.186465 0.0613217 0.0591265 1.835 2.802 4.69586e+257 0 5.07194e-317 4.13003e-27 
 4.419 3.254 -0.583759 7.31113e-42 5.07172e-317 4.376 3.2835 -0.6442 0.169139 -0.0630387 -0.0669862 1.86 2.802 4.69586e+257 0 5.07194e-317 4.13003e-27 
 4.434 3.249 -0.580329 7.31113e-42 5.07172e-317 4.4172 3.2518 -0.6685 0.190168 -0.138751 -0.130585 1.865 2.81 4.69586e+257 0 5.07194e-317 4.13003e-27 
 4.449 3.255 -0.582555 7.31113e-42 5.07172e-317 4.4172 3.2518 -0.6685 0.185031 -0.215313 -0.206473 1.899 2.804 4.69586e+257 0 5.07194e-317 4.13003e-27 
 4.459 3.255 -0.585129 7.31113e-42 5.07172e-317 4.4336 3.2388 -0.678 0.19244 -0.263649 -0.241781 1.927 2.809 4.69586e+257 0 5.07194e-317 4.13003e-27 
 4.459 3.243 -0.591673 7.31113e-42 5.07172e-317 4.4336 3.2388 -0.678 0.188516 -0.20009 -0.188776 1.908 2.817 4.69586e+257 0 5.07194e-317 4.13003e-27 
 4.47 3.236 -0.607977 7.31113e-42 5.07172e-317 4.4458 3.2289 -0.6851 0.190407 -0.201031 -0.187803 1.894 2.815 4.69586e+257 0 5.07194e-317 4.13003e-27 
 4.482 3.23 -0.627336 7.31113e-42 5.07172e-317 4.4458 3.2289 -0.6851 0.183174 -0.195915 -0.190194 1.91 2.836 4.69586e+257 0 5.07194e-317 4.13003e-27 
 4.489 3.22 -0.647719 7.31113e-42 5.07172e-317 4.4579 3.219 -0.6921 0.185853 -0.165087 -0.158546 1.911 2.85 4.69586e+257 0 5.07194e-317 4.13003e-27 
 4.524 3.215 -0.667176 7.31113e-42 5.07172e-317 4.474 3.2055 -0.7014 0.180981 -0.266045 -0.258675 1.909 2.843 4.69586e+257 0 5.07194e-317 4.13003e-27 
 4.522 3.187 -0.685527 7.31113e-42 5.07172e-317 4.474 3.2055 -0.7014 0.171511 -0.11489 -0.119997 1.958 2.865 4.69586e+257 0 5.07194e-317 4.13003e-27 
 4.534 3.164 -0.713268 7.31113e-42 5.07172e-317 4.4979 3.1851 -0.7153 0.175984 -0.0482249 -0.0492854 1.963 2.869 4.69586e+257 0 5.07194e-317 4.13003e-27 
 4.551 3.15 -0.722899 7.31113e-42 5.07172e-317 4.5295 3.1572 -0.7335 0.18781 -0.0637642 -0.0610367 1.967 2.899 4.69586e+257 0 5.07194e-317 4.13003e-27 
 4.563 3.134 -0.728275 7.31113e-42 5.07172e-317 4.5295 3.1572 -0.7335 0.176357 -0.0357498 -0.0364721 1.939 2.893 4.69586e+257 0 5.07194e-317 4.13003e-27 
 4.596 3.12 -0.735159 7.31113e-42 5.07172e-317 4.5451 3.1431 -0.7425 0.168972 -0.111266 -0.117977 1.936 2.91 4.69586e+257 0 5.07194e-317 4.13003e-27 
 4.614 3.108 -0.740464 7.31113e-42 5.07172e-317 4.5834 3.1071 -0.765 0.187288 -0.152773 -0.145787 1.929 2.932 4.69586e+257 0 5.07194e-317 4.13003e-27 
 4.616 3.117 -0.751826 7.31113e-42 5.07172e-317 4.5834 3.1071 -0.765 0.190353 -0.18707 -0.175085 1.946 2.962 4.69586e+257 0 5.07194e-317 4.13003e-27 
 4.617 3.094 -0.76756 7.31113e-42 5.07172e-317 4.5948 3.0962 -0.7717 0.189836 -0.0856438 -0.0810284 1.976 2.976 4.69586e+257 0 5.07194e-317 4.13003e-27 
 4.633 3.081 -0.788612 7.31113e-42 5.07172e-317 4.5948 3.0962 -0.7717 0.178 -0.0787284 -0.0794455 1.995 3.001 4.69586e+257 0 5.07194e-317 4.13003e-27 
 4.659 3.061 -0.797035 7.31113e-42 5.07172e-317 4.6061 3.0852 -0.7783 0.168359 -0.105471 -0.11229 2.012 2.997 4.69586e+257 0 5.07194e-317 4.13003e-27 
 4.695 3.05 -0.805646 7.31113e-42 5.07172e-317 4.6431 3.048 -0.8006 0.180355 -0.224595 -0.220507 2.024 2.993 4.69586e+257 0 5.07194e-317 4.13003e-27 
 4.704 3.021 -0.818204 7.31113e-42 5.07172e-317 4.6431 3.048 -0.8006 0.164321 -0.138245 -0.150294 2.05 2.991 4.69586e+257 0 5.07194e-317 4.13003e-27 
 4.762 2.981 -0.842029 7.31113e-42 5.07172e-317 4.6862 3.0024 -0.8274 0.161747 -0.241068 -0.262101 2.043 2.981 4.69586e+257 0 5.07194e-317 4.13003e-27 
 4.771 2.967 -0.855806 7.31113e-42 5.07172e-317 4.7312 2.9521 -0.8568 0.191893 -0.232794 -0.214992 2.032 2.999 4.69586e+257 0 5.07194e-317 4.13003e-27 
 4.779 2.944 -0.882242 7.31113e-42 5.07172e-317 4.7413 2.9404 -0.8636 0.187897 -0.163272 -0.155152 2.028 3.028 4.69586e+257 0 5.07194e-317 4.13003e-27 
 4.786 2.936 -0.905766 7.31113e-42 5.07172e-317 4.7546 2.9247 -0.8728 0.194046 -0.147076 -0.135592 2.041 3.051 4.69586e+257 0 5.07194e-317 4.13003e-27 
 4.799 2.926 -0.921603 7.31113e-42 5.07172e-317 4.7546 2.9247 -0.8728 0.18502 -0.158119 -0.152632 2.05 3.069 4.69586e+257 0 5.07194e-317 4.13003e-27 
 4.809 2.929 -0.936319 7.31113e-42 5.07172e-317 4.771 2.905 -0.8844 0.198411 -0.199918 -0.179416 2.074 3.047 4.69586e+257 0 5.07194e-317 4.13003e-27 
 4.815 2.912 -0.953195 7.31113e-42 5.07172e-317 4.771 2.905 -0.8844 0.188345 -0.156626 -0.148583 2.063 3.044 4.69586e+257 0 5.07194e-317 4.13003e-27 
 4.838 2.913 -0.973852 7.31113e-42 5.07172e-317 4.7838 2.8892 -0.8937 0.193931 -0.246839 -0.225221 2.08 3.076 4.69586e+257 0 5.07194e-317 4.13003e-27 
 4.857 2.926 -0.990999 7.31113e-42 5.07172e-317 4.7838 2.8892 -0.8937 0.195389 -0.357664 -0.318292 2.091 3.1 4.69586e+257 0 5.07194e-317 4.13003e-27 
 4.886 2.935 -1.01884 7.31113e-42 5.07172e-317 4.7934 2.8773 -0.9008 0.20216 -0.480264 -0.404086 2.102 3.091 4.69586e+257 0 5.07194e-317 4.13003e-27 
 4.9 2.923 -1.05725 7.31113e-42 5.07172e-317 4.8028 2.8654 -0.908 0.202415 -0.466158 -0.392976 2.123 3.099 4.69586e+257 0 5.07194e-317 4.13003e-27 
 4.878 2.883 -1.10859 7.31113e-42 5.07172e-317 4.8028 2.8654 -0.908 0.186552 -0.213468 -0.203129 2.134 3.099 4.69586e+257 0 5.07194e-317 4.13003e-27 
 4.875 2.871 -1.1555 7.31113e-42 5.07172e-317 4.8212 2.8414 -0.9224 0.198058 -0.0928297 -0.0841665 2.13 3.122 4.69586e+257 0 5.07194e-317 4.13003e-27 
 4.878 2.84 -1.17234 7.31113e-42 5.07172e-317 4.8212 2.8414 -0.9224 0.1802 -0.0271815 -0.0271446 2.13 3.112 4.69586e+257 0 5.07194e-317 4.13003e-27 
 4.89 2.815 -1.18011 7.31113e-42 5.07172e-317 4.8422 2.8133 -0.9396 0.184481 0.00426667 0.004163 2.164 3.134 4.69586e+257 0 5.07194e-317 4.13003e-27 
 4.885 2.77 -1.18422 7.31113e-42 5.07172e-317 4.8422 2.8133 -0.9396 0.160938 0.133376 0.148081 2.15 3.145 4.69586e+257 0 5.07194e-317 4.13003e-27 
 4.891 2.753 -1.18451 7.31113e-42 5.07172e-317 4.8765 2.7651 -0.9701 0.185561 0.186318 0.178804 2.148 3.146 4.69586e+257 0 5.07194e-317 4.13003e-27 
 4.899 2.736 -1.18142 7.31113e-42 5.07172e-317 4.8765 2.7651 -0.9701 0.174692 0.178457 0.181848 2.175 3.133 4.69586e+257 0 5.07194e-317 4.13003e-27 
 4.887 2.713 -1.17959 7.31113e-42 5.07172e-317 4.8981 2.7328 -0.9912 0.188579 0.313349 0.290624 2.163 3.177 4.69586e+257 0 5.07194e-317 4.13003e-27 
 4.894 2.725 -1.17478 7.31113e-42 5.07172e-317 4.8981 2.7328 -0.9912 0.193459 0.242718 0.222106 2.203 3.172 4.69586e+257 0 5.07194e-317 4.13003e-27 
 4.899 2.714 -1.1561 7.31113e-42 5.07172e-317 4.9008 2.7288 -0.9939 0.189983 0.224948 0.209986 2.205 3.181 4.69586e+257 0 5.07194e-317 4.13003e-27 
 4.904 2.703 -1.13373 7.31113e-42 5.07172e-317 4.906 2.7207 -0.9994 0.189433 0.20428 0.191723 2.216 3.172 4.69586e+257 0 5.07194e-317 4.13003e-27 
 4.914 2.68 -1.11162 7.31113e-42 5.07172e-317 4.9137 2.7086 -1.0076 0.183994 0.190007 0.183785 2.218 3.18 4.69586e+257 0 5.07194e-317 4.13003e-27 
 4.92 2.669 -1.091 7.31113e-42 5.07172e-317 4.9137 2.7086 -1.0076 0.177193 0.16992 0.170927 2.236 3.207 4.69586e+257 0 5.07194e-317 4.13003e-27 
 4.925 2.658 -1.07444 7.31113e-42 5.07172e-317 4.9337 2.6763 -1.0302 0.192964 0.144687 0.134156 2.228 3.225 4.69586e+257 0 5.07194e-317 4.13003e-27 
 4.93 2.648 -1.05657 7.31113e-42 5.07172e-317 4.9385 2.6683 -1.036 0.1922 0.124365 0.115948 2.226 3.231 4.69586e+257 0 5.07194e-317 4.13003e-27 
 4.956 2.614 -1.04183 7.31113e-42 5.07172e-317 4.9456 2.6562 -1.0448 0.175678 0.0704778 0.0720867 2.259 3.244 4.69586e+257 0 5.07194e-317 4.13003e-27 
 4.957 2.607 -1.03106 7.31113e-42 5.07172e-317 4.9456 2.6562 -1.0448 0.171947 0.0778783 0.0813458 2.278 3.248 4.69586e+257 0 5.07194e-317 4.13003e-27 
 4.98 2.6 -1.02306 7.31113e-42 5.07172e-317 4.966 2.62 -1.0722 0.185516 -0.064266 -0.0622745 2.286 3.243 4.69586e+257 0 5.07194e-317 4.13003e-27 
 4.997 2.583 -1.01518 7.31113e-42 5.07172e-317 4.9768 2.6 -1.0881 0.184857 -0.130273 -0.126176 2.274 3.272 4.69586e+257 0 5.07194e-317 4.13003e-27 
 5.012 2.577 -1.01729 7.31113e-42 5.07172e-317 4.9871 2.58 -1.1044 0.190353 -0.211878 -0.197735 2.262 3.282 4.69586e+257 0 5.07194e-317 4.13003e-27 
 5.02 2.558 -1.01964 7.31113e-42 5.07172e-317 4.993 2.5681 -1.1145 0.186032 -0.210561 -0.200983 2.28 3.259 4.69586e+257 0 5.07194e-317 4.13003e-27 
 5.027 2.547 -1.02249 7.31113e-42 5.07172e-317 4.993 2.5681 -1.1145 0.178494 -0.211035 -0.209687 2.306 3.276 4.69586e+257 0 5.07194e-317 4.13003e-27 
 5.035 2.537 -1.02776 7.31113e-42 5.07172e-317 5.0026 2.5483 -1.1318 0.183804 -0.245998 -0.236403 2.315 3.282 4.69586e+257 0 5.07194e-317 4.13003e-27 
 5.042 2.527 -1.04279 7.31113e-42 5.07172e-317 5.0081 2.5364 -1.1424 0.184663 -0.256372 -0.244884 2.299 3.313 4.69586e+257 0 5.07194e-317 4.13003e-27 
 5.078 2.465 -1.06924 7.31113e-42 5.07172e-317 5.0117 2.5285 -1.1496 0.148589 -0.263037 -0.30847 2.304 3.312 4.69586e+257 0 5.07194e-317 4.13003e-27 
 5.107 2.439 -1.0971 7.31113e-42 5.07172e-317 5.0433 2.4506 -1.2283 0.176684 -0.452338 -0.431822 2.34 3.341 4.69586e+257 0 5.07194e-317 4.13003e-27 
 5.11 2.42 -1.12824 7.31113e-42 5.07172e-317 5.0433 2.4506 -1.2283 0.167274 -0.397636 -0.404315 2.35 3.347 4.69586e+257 0 5.07194e-317 4.13003e-27 
 5.119 2.407 -1.17689 7.31113e-42 5.07172e-317 5.0537 2.42 -1.2635 0.179023 -0.424488 -0.403398 2.351 3.349 4.69586e+257 0 5.07194e-317 4.13003e-27 
 5.09 2.387 -1.21955 7.31113e-42 5.07172e-317 5.0583 2.4049 -1.282 0.18371 -0.209664 -0.202611 2.367 3.371 4.69586e+257 0 5.07194e-317 4.13003e-27 
 5.087 2.393 -1.26018 7.31113e-42 5.07172e-317 5.0627 2.3899 -1.3011 0.197493 -0.184526 -0.166623 2.355 3.39 4.69586e+257 0 5.07194e-317 4.13003e-27 
 5.077 2.357 -1.27855 7.31113e-42 5.07172e-317 5.0637 2.3861 -1.306 0.181403 -0.0567887 -0.0562898 2.382 3.407 4.69586e+257 0 5.07194e-317 4.13003e-27 
 5.08 2.325 -1.29549 7.31113e-42 5.07172e-317 5.0637 2.3861 -1.306 0.163012 -0.00633394 -0.00699391 2.405 3.441 4.69586e+257 0 5.07194e-317 4.13003e-27 
 5.127 2.33 -1.30129 7.31113e-42 5.07172e-317 5.078 2.3237 -1.3964 0.196198 -0.387035 -0.341195 2.423 3.415 4.69586e+257 0 5.07194e-317 4.13003e-27 
 5.137 2.338 -1.31274 7.31113e-42 5.07172e-317 5.078 2.3237 -1.3964 0.20024 -0.438424 -0.375418 2.433 3.407 4.69586e+257 0 5.07194e-317 4.13003e-27 
 5.181 2.349 -1.35465 7.31113e-42 5.07172e-317 5.0773 2.3273 -1.3907 0.203406 -0.631236 -0.509421 2.421 3.42 4.69586e+257 0 5.07194e-317 4.13003e-27 
 5.187 2.326 -1.40335 7.31113e-42 5.07172e-317 5.0773 2.3273 -1.3907 0.192539 -0.600002 -0.511194 2.444 3.456 4.69586e+257 0 5.07194e-317 4.13003e-27 
 5.214 2.29 -1.46993 7.31113e-42 5.07172e-317 5.0804 2.3093 -1.4198 0.186199 -0.688306 -0.523599 2.474 3.485 4.69586e+257 0 5.07194e-317 4.13003e-27 
 5.227 2.286 -1.5367 7.31113e-42 5.07172e-317 5.0804 2.3093 -1.4198 0.188261 -0.689006 -0.523599 2.456 3.487 4.69586e+257 0 5.07194e-317 4.13003e-27 
 5.236 2.276 -1.6123 7.31113e-42 5.07172e-317 5.0847 2.274 -1.4824 0.20944 -0.675348 -0.523599 2.457 3.48 4.69586e+257 0 5.07194e-317 4.13003e-27 
 5.226 2.259 -1.68577 7.31113e-42 5.07172e-317 5.0847 2.274 -1.4824 0.201513 -0.55963 -0.463556 2.459 3.468 4.69586e+257 0 5.07194e-317 4.13003e-27 
 5.234 2.212 -1.81645 7.31113e-42 5.07172e-317 5.0864 2.2499 -1.5298 0.196227 -0.527306 -0.450523 2.486 3.468 4.69586e+257 0 5.07194e-317 4.13003e-27 
 5.24 2.195 -1.87764 7.31113e-42 5.07172e-317 5.0867 2.2162 -1.6031 0.212625 -0.521325 -0.415624 2.493 3.485 4.69586e+257 0 5.07194e-317 4.13003e-27 
 5.167 2.129 -1.93399 7.31113e-42 5.07172e-317 5.0861 2.2031 -1.6343 0.169015 -0.26791 -0.277937 2.524 3.507 4.69586e+257 0 5.07194e-317 4.13003e-27 
 5.216 2.166 -1.98742 7.31113e-42 5.07172e-317 5.0791 2.1493 -1.7796 0.239873 -0.39285 -0.286674 2.535 3.518 4.69586e+257 0 5.07194e-317 4.13003e-27 
 5.238 2.137 -2.01833 7.31113e-42 5.07172e-317 5.0791 2.1493 -1.7796 0.232748 -0.515189 -0.379153 2.553 3.501 4.69586e+257 0 5.07194e-317 4.13003e-27 
