 0.77 0.633 0.138307 0 0 0.77 0.633 -6.88075 0 0 0 2.292 2.362 0 0 0 0 
 0.765 0.624 0.138306 0 0 0.765 0.624 -6.65175 7.16748e-05 1.09951e-13 6.13609e-10 2.292 2.355 0 0 0 0 
 0.773 0.63 0.138306 0 0 0.773 0.63 -6.90595 7.09747e-05 1.06525e-13 6.00357e-10 2.291 2.36 0 0 0 0 
 0.775 0.638 0.138307 0 0 0.775 0.638 -7.09751 7.05116e-05 1.03414e-13 5.86647e-10 2.287 2.358 0 0 0 0 
 0.776 0.641 0.138306 0 0 0.776 0.641 -7.16071 7.03717e-05 1.02342e-13 5.81725e-10 2.288 2.352 0 0 0 0 
 0.779 0.637 0.138307 0 0 0.779 0.637 -7.13114 7.04269e-05 1.03246e-13 5.86399e-10 2.293 2.354 0 0 0 0 
 0.777 0.632 0.138308 0 0 0.777 0.632 -7.0222 7.0678e-05 1.05068e-13 5.94629e-10 2.291 2.356 0 0 0 0 
 0.781 0.636 0.138307 0 0 0.781 0.636 -7.1884 7.02937e-05 1.02806e-13 5.85009e-10 2.289 2.356 0 0 0 0 
 0.777 0.633 0.138308 0 0 0.777 0.633 -7.03095 7.06585e-05 1.04836e-13 5.93478e-10 2.292 2.356 0 0 0 0 
 0.774 0.633 0.13831 0 0 0.774 0.633 -6.96572 7.0825e-05 1.05487e-13 5.95762e-10 2.292 2.361 0 0 0 0 
 0.769 0.633 0.13831 0 0 0.769 0.633 -6.85986 7.11072e-05 1.06542e-13 5.99334e-10 2.292 2.36 0 0 0 0 
 0.77 0.632 0.138308 0 0 0.77 0.632 -6.85986 7.1104e-05 1.06694e-13 6.00216e-10 2.293 2.361 0 0 0 0 
 0.77 0.631 0.138306 0 0 0.77 0.631 -6.8391 7.11578e-05 1.07053e-13 6.01779e-10 2.294 2.353 0 0 0 0 
 0.768 0.626 0.138305 0 0 0.768 0.626 -6.73301 7.14436e-05 1.08849e-13 6.09427e-10 2.293 2.35 0 0 0 0 
 0.763 0.632 0.138307 0 0 0.763 0.632 -6.69966 7.15531e-05 1.08298e-13 6.05411e-10 2.296 2.356 0 0 0 0 
 0.763 0.637 0.138306 0 0 0.763 0.637 -6.78195 7.13328e-05 1.06733e-13 5.98505e-10 2.294 2.354 0 0 0 0 
 0.764 0.633 0.138305 0 0 0.764 0.633 -6.76342 7.1376e-05 1.07499e-13 6.02437e-10 2.291 2.355 0 0 0 0 
 0.767 0.634 0.138304 0 0 0.767 0.634 -6.82678 7.12004e-05 1.06727e-13 5.99589e-10 2.293 2.362 0 0 0 0 
 0.765 0.636 0.138303 0 0 0.765 0.636 -6.8023 7.12728e-05 1.06682e-13 5.98725e-10 2.295 2.356 0 0 0 0 
 0.764 0.634 0.138302 0 0 0.764 0.634 -6.77764 7.13385e-05 1.07209e-13 6.01131e-10 2.291 2.356 0 0 0 0 
 0.763 0.637 0.138301 0 0 0.763 0.637 -6.78195 7.13328e-05 1.06733e-13 5.98507e-10 2.294 2.354 0 0 0 0 
 0.768 0.641 0.138301 0 0 0.768 0.641 -6.95075 7.08862e-05 1.04458e-13 5.89442e-10 2.293 2.355 0 0 0 0 
 0.761 0.64 0.138299 0 0 0.761 0.64 -6.81451 7.12523e-05 1.05949e-13 5.9478e-10 2.289 2.354 0 0 0 0 
 0.761 0.642 0.138299 0 0 0.761 0.642 -6.83109 7.1211e-05 1.05496e-13 5.92583e-10 2.291 2.356 0 0 0 0 
 0.757 0.646 0.1383 0 0 0.757 0.646 -6.80661 7.12893e-05 1.05151e-13 5.89996e-10 2.291 2.355 0 0 0 0 
 0.761 0.646 0.138299 0 0 0.761 0.646 -6.88313 7.10799e-05 1.04393e-13 5.87471e-10 2.292 2.356 0 0 0 0 
 0.764 0.646 0.1383 0 0 0.764 0.646 -6.93376 7.09444e-05 1.03896e-13 5.85789e-10 2.294 2.353 0 0 0 0 
 0.762 0.65 0.138301 0 0 0.762 0.65 -6.96364 7.08786e-05 1.03005e-13 5.81302e-10 2.292 2.349 0 0 0 0 
 0.763 0.637 0.138301 0 0 0.763 0.637 -6.80015 7.12833e-05 1.06542e-13 5.97848e-10 2.291 2.354 0 0 0 0 
 0.759 0.639 0.138303 0 0 0.759 0.639 -6.73567 7.14693e-05 1.06894e-13 5.98263e-10 2.293 2.355 0 0 0 0 
 0.759 0.643 0.138303 0 0 0.759 0.643 -6.81056 7.12708e-05 1.05549e-13 5.92384e-10 2.29 2.361 0 0 0 0 
 0.761 0.641 0.138302 0 0 0.761 0.641 -6.79231 7.13139e-05 1.06043e-13 5.94795e-10 2.295 2.354 0 0 0 0 
 0.759 0.645 0.138305 0 0 0.759 0.645 -6.8271 7.12296e-05 1.05097e-13 5.9019e-10 2.292 2.351 0 0 0 0 
 0.754 0.645 0.138305 0 0 0.754 0.645 -6.73782 7.14801e-05 1.05977e-13 5.93046e-10 2.29 2.352 0 0 0 0 
 0.762 0.644 0.138305 0 0 0.762 0.644 -6.85607 7.11462e-05 1.04967e-13 5.90146e-10 2.295 2.355 0 0 0 0 
 0.765 0.639 0.138305 0 0 0.765 0.639 -6.88919 7.1046e-05 1.05349e-13 5.93132e-10 2.288 2.355 0 0 0 0 
 0.767 0.643 0.138304 0 0 0.767 0.643 -6.94651 7.09021e-05 1.04213e-13 5.87926e-10 2.295 2.354 0 0 0 0 
 0.762 0.641 0.138305 0 0 0.762 0.641 -6.81882 7.12407e-05 1.05775e-13 5.93905e-10 2.294 2.357 0 0 0 0 
 0.76 0.639 0.138305 0 0 0.76 0.639 -6.77979 7.13465e-05 1.06441e-13 5.96755e-10 2.289 2.361 0 0 0 0 
 0.763 0.638 0.138305 0 0 0.763 0.638 -6.83293 7.11965e-05 1.06057e-13 5.95854e-10 2.288 2.362 0 0 0 0 
 0.758 0.634 0.138306 0 0 0.758 0.634 -6.68149 7.16152e-05 1.0815e-13 6.04061e-10 2.287 2.363 0 0 0 0 
 0.757 0.633 0.138306 0 0 0.757 0.633 -6.66552 7.16607e-05 1.08446e-13 6.05331e-10 2.284 2.364 0 0 0 0 
 0.763 0.628 0.138307 0 0 0.763 0.628 -6.70282 7.15391e-05 1.08826e-13 6.08486e-10 2.286 2.363 0 0 0 0 
 0.771 0.634 0.138307 0 0 0.771 0.634 -7.00039 7.07437e-05 1.04948e-13 5.93397e-10 2.279 2.359 0 0 0 0 
 0.77 0.633 0.138305 0 0 0.77 0.633 -6.93777 7.09019e-05 1.05735e-13 5.96514e-10 2.283 2.362 0 0 0 0 
 0.775 0.629 0.138304 0 0 0.775 0.629 -6.95278 7.0849e-05 1.06197e-13 5.99566e-10 2.288 2.361 0 0 0 0 
 0.776 0.635 0.138302 0 0 0.776 0.635 -7.07971 7.05462e-05 1.04032e-13 5.89864e-10 2.286 2.358 0 0 0 0 
 0.772 0.636 0.138304 0 0 0.772 0.636 -6.96789 7.08279e-05 1.05022e-13 5.93109e-10 2.292 2.357 0 0 0 0 
 0.768 0.641 0.138303 0 0 0.768 0.641 -6.93797 7.09189e-05 1.04593e-13 5.89928e-10 2.295 2.356 0 0 0 0 
 0.77 0.646 0.138304 0 0 0.77 0.646 -7.05716 7.06301e-05 1.02668e-13 5.8144e-10 2.295 2.355 0 0 0 0 
 0.77 0.646 0.138305 0 0 0.77 0.646 -7.05053 7.0646e-05 1.02737e-13 5.81703e-10 2.296 2.353 0 0 0 0 
 0.763 0.649 0.138306 0 0 0.763 0.649 -6.97008 7.08592e-05 1.03087e-13 5.81924e-10 2.292 2.356 0 0 0 0 
 0.762 0.653 0.138302 0 0 0.762 0.653 -7.00244 7.07875e-05 1.02183e-13 5.77406e-10 2.293 2.357 0 0 0 0 
 0.76 0.654 0.138303 0 0 0.76 0.654 -6.96153 7.08942e-05 1.02452e-13 5.78055e-10 2.295 2.355 0 0 0 0 
 0.754 0.653 0.138302 0 0 0.754 0.653 -6.82743 7.12493e-05 1.03929e-13 5.83469e-10 2.294 2.358 0 0 0 0 
 0.752 0.663 0.138302 0 0 0.752 0.663 -6.90659 7.10618e-05 1.01701e-13 5.72467e-10 2.298 2.361 0 0 0 0 
 0.742 0.664 0.138301 0 0 0.742 0.664 -6.74096 7.15181e-05 1.03188e-13 5.77127e-10 2.294 2.355 0 0 0 0 
 0.749 0.662 0.138301 0 0 0.749 0.662 -6.87925 7.11353e-05 1.0209e-13 5.7406e-10 2.29 2.359 0 0 0 0 
 0.749 0.665 0.138302 0 0 0.749 0.665 -6.87326 7.1156e-05 1.01743e-13 5.71945e-10 2.298 2.363 0 0 0 0 
 0.752 0.664 0.138303 0 0 0.752 0.664 -6.94031 7.09775e-05 1.0121e-13 5.70379e-10 2.295 2.362 0 0 0 0 
 0.749 0.659 0.138304 0 0 0.749 0.659 -6.81736 7.12935e-05 1.03151e-13 5.78741e-10 2.293 2.358 0 0 0 0 
 0.756 0.659 0.138306 0 0 0.756 0.659 -6.93182 7.09843e-05 1.0203e-13 5.74946e-10 2.298 2.365 0 0 0 0 
 0.75 0.662 0.138307 0 0 0.75 0.662 -6.87518 7.11444e-05 1.02144e-13 5.74292e-10 2.294 2.357 0 0 0 0 
 0.752 0.664 0.138305 0 0 0.752 0.664 -6.93396 7.09936e-05 1.01277e-13 5.70624e-10 2.296 2.358 0 0 0 0 
 0.75 0.661 0.138305 0 0 0.75 0.661 -6.8177 7.12941e-05 1.02886e-13 5.77246e-10 2.301 2.363 0 0 0 0 
 0.753 0.664 0.138305 0 0 0.753 0.664 -6.9873 7.08582e-05 1.00727e-13 5.68614e-10 2.291 2.363 0 0 0 0 
 0.747 0.657 0.138306 0 0 0.747 0.657 -6.76647 7.14306e-05 1.03937e-13 5.8203e-10 2.29 2.359 0 0 0 0 
 0.751 0.658 0.138306 0 0 0.751 0.658 -6.83172 7.12506e-05 1.03161e-13 5.79145e-10 2.295 2.357 0 0 0 0 
 0.755 0.661 0.138307 0 0 0.755 0.661 -6.99161 7.08391e-05 1.01115e-13 5.70959e-10 2.29 2.359 0 0 0 0 
 0.755 0.662 0.138306 0 0 0.755 0.662 -6.9873 7.08517e-05 1.01024e-13 5.70342e-10 2.293 2.354 0 0 0 0 
 0.751 0.662 0.138305 0 0 0.751 0.662 -6.88978 7.11049e-05 1.02003e-13 5.73814e-10 2.295 2.361 0 0 0 0 
 0.752 0.666 0.138306 0 0 0.752 0.666 -7.0089 7.08101e-05 1.00216e-13 5.66109e-10 2.289 2.356 0 0 0 0 
 0.757 0.669 0.138305 0 0 0.757 0.669 -7.15273 7.04715e-05 9.83538e-14 5.58262e-10 2.291 2.355 0 0 0 0 
 0.751 0.667 0.138308 0 0 0.751 0.667 -6.97656 7.08933e-05 1.00408e-13 5.66528e-10 2.293 2.359 0 0 0 0 
 0.754 0.668 0.138306 0 0 0.754 0.668 -7.07009 7.06639e-05 9.93235e-14 5.6223e-10 2.291 2.352 0 0 0 0 
 0.752 0.662 0.138305 0 0 0.752 0.662 -6.91703 7.10332e-05 1.01728e-13 5.72847e-10 2.294 2.36 0 0 0 0 
 0.75 0.659 0.138306 0 0 0.75 0.659 -6.83172 7.12537e-05 1.03012e-13 5.78282e-10 2.294 2.355 0 0 0 0 
