 2.325 1.373 -0.000193761 1.07196e+170 6.07727e+247 2.41 0.678 4.13003e-27 0 0 0 3.41 0.678 4.13003e-27 0 1.02714e+248 1.14448e+243 
 2.323 1.358 -0.000193356 1.07196e+170 6.07727e+247 2.425 0.687 4.13003e-27 0.223757 -2.15434 -0.523599 3.425 0.687 4.13003e-27 0 1.02714e+248 1.14448e+243 
 2.33 1.35 -0.000193887 1.07196e+170 6.07727e+247 2.443 0.696 4.13003e-27 0.230229 -2.13682 -0.523599 3.443 0.696 4.13003e-27 0 1.02714e+248 1.14448e+243 
 2.338 1.366 -0.000195152 1.07196e+170 6.07727e+247 2.464 0.708 4.13003e-27 0.242156 -2.12777 -0.523599 3.464 0.708 4.13003e-27 0 1.02714e+248 1.14448e+243 
 2.32 1.38 -0.00019554 1.07196e+170 6.07727e+247 2.49 0.713 4.13003e-27 0.28128 -2.09173 -0.523599 3.49 0.713 4.13003e-27 0 1.02714e+248 1.14448e+243 
 2.326 1.35 -0.000196377 1.07196e+170 6.07727e+247 2.51 0.712 4.13003e-27 0.287155 -2.05502 -0.523599 3.51 0.712 4.13003e-27 0 1.02714e+248 1.14448e+243 
 2.324 1.368 -0.00019657 1.07196e+170 6.07727e+247 2.532 0.725 4.13003e-27 0.308086 -2.03197 -0.523599 3.532 0.725 4.13003e-27 0 1.02714e+248 1.14448e+243 
 2.333 1.373 -0.000195626 1.07196e+170 6.07727e+247 2.562 0.731 4.13003e-27 0.325158 -2.00635 -0.523599 3.562 0.731 4.13003e-27 0 1.02714e+248 1.14448e+243 
 2.319 1.368 -0.000195398 1.07196e+170 6.07727e+247 2.581 0.749 4.13003e-27 0.347018 -1.94164 -0.523599 3.581 0.749 4.13003e-27 0 1.02714e+248 1.14448e+243 
 2.302 1.368 -0.00019478 1.07196e+170 6.07727e+247 2.587 0.768 4.13003e-27 0.361288 -1.88877 -0.523599 3.587 0.768 4.13003e-27 0 1.02714e+248 1.14448e+243 
 2.313 1.374 -0.000194787 1.07196e+170 6.07727e+247 2.605 0.79 4.13003e-27 0.36321 -1.8585 -0.523599 3.605 0.79 4.13003e-27 0 1.02714e+248 1.14448e+243 
 2.318 1.388 -0.000195399 1.07196e+170 6.07727e+247 2.615 0.813 4.13003e-27 0.365117 -1.83925 -0.523599 3.615 0.813 4.13003e-27 0 1.02714e+248 1.14448e+243 
 2.311 1.38 -0.000195243 1.07196e+170 6.07727e+247 2.636 0.83 4.13003e-27 0.381632 -1.76244 -0.523599 3.636 0.83 4.13003e-27 0 1.02714e+248 1.14448e+243 
 2.323 1.369 -0.000195103 1.07196e+170 6.07727e+247 2.641 0.841 4.13003e-27 0.370733 -1.73719 -0.523599 3.641 0.841 4.13003e-27 0 1.02714e+248 1.14448e+243 
 2.299 1.376 -0.000195035 1.07196e+170 6.07727e+247 2.657 0.845 4.13003e-27 0.4035 -1.6837 -0.523599 3.657 0.845 4.13003e-27 0 1.02714e+248 1.14448e+243 
 2.33 1.362 -0.00019441 1.07196e+170 6.07727e+247 2.676 0.859 4.13003e-27 0.387122 -1.65191 -0.523599 3.676 0.859 4.13003e-27 0 1.02714e+248 1.14448e+243 
 2.336 1.373 -0.000193287 1.07196e+170 6.07727e+247 2.689 0.86 4.13003e-27 0.395153 -1.65964 -0.523599 3.689 0.86 4.13003e-27 0 1.02714e+248 1.14448e+243 
 2.311 1.39 -0.000193889 1.07196e+170 6.07727e+247 2.709 0.865 4.13003e-27 0.434126 -1.61595 -0.523599 3.709 0.865 4.13003e-27 0 1.02714e+248 1.14448e+243 
 2.329 1.365 -0.000194441 1.07196e+170 6.07727e+247 2.724 0.873 4.13003e-27 0.423828 -1.5594 -0.523599 3.724 0.873 4.13003e-27 0 1.02714e+248 1.14448e+243 
 2.308 1.384 -0.000193866 1.07196e+170 6.07727e+247 2.732 0.884 4.13003e-27 0.449074 -1.53349 -0.523599 3.732 0.884 4.13003e-27 0 1.02714e+248 1.14448e+243 
 2.327 1.375 -0.000193897 1.07196e+170 6.07727e+247 2.744 0.914 4.13003e-27 0.434225 -1.46575 -0.523599 3.744 0.914 4.13003e-27 0 1.02714e+248 1.14448e+243 
 2.328 1.38 -0.000194887 1.07196e+170 6.07727e+247 2.757 0.945 4.13003e-27 0.437906 -1.39297 -0.520012 3.757 0.945 4.13003e-27 0 1.02714e+248 1.14448e+243 
 2.327 1.387 -0.000194695 1.07196e+170 6.07727e+247 2.778 0.962 4.13003e-27 0.453546 -1.34041 -0.488896 3.778 0.962 4.13003e-27 0 1.02714e+248 1.14448e+243 
 2.336 1.377 -0.000194466 1.07196e+170 6.07727e+247 2.802 0.975 4.13003e-27 0.460708 -1.26747 -0.459804 3.802 0.975 4.13003e-27 0 1.02714e+248 1.14448e+243 
 2.318 1.358 -0.000194621 1.07196e+170 6.07727e+247 2.813 0.988 4.13003e-27 0.477815 -1.15366 -0.409973 3.813 0.988 4.13003e-27 0 1.02714e+248 1.14448e+243 
 2.332 1.355 -0.000194143 1.07196e+170 6.07727e+247 2.825 1.004 4.13003e-27 0.472288 -1.10845 -0.399716 3.825 1.004 4.13003e-27 0 1.02714e+248 1.14448e+243 
 2.319 1.374 -0.00019305 1.07196e+170 6.07727e+247 2.848 1.009 4.13003e-27 0.505026 -1.10111 -0.373986 3.848 1.009 4.13003e-27 0 1.02714e+248 1.14448e+243 
 2.328 1.355 -0.000193809 1.07196e+170 6.07727e+247 2.868 1.012 4.13003e-27 0.509922 -1.03434 -0.350079 3.868 1.012 4.13003e-27 0 1.02714e+248 1.14448e+243 
 2.303 1.359 -0.000194109 1.07196e+170 6.07727e+247 2.899 1.035 4.13003e-27 0.553494 -0.929254 -0.293474 3.899 1.035 4.13003e-27 0 1.02714e+248 1.14448e+243 
 2.32 1.366 -0.000194713 1.07196e+170 6.07727e+247 2.928 1.042 4.13003e-27 0.563616 -0.91778 -0.285122 3.928 1.042 4.13003e-27 0 1.02714e+248 1.14448e+243 
 2.337 1.372 -0.000194013 1.07196e+170 6.07727e+247 2.937 1.047 4.13003e-27 0.55704 -0.927871 -0.2913 3.937 1.047 4.13003e-27 0 1.02714e+248 1.14448e+243 
 2.338 1.373 -0.000195479 1.07196e+170 6.07727e+247 2.949 1.062 4.13003e-27 0.563948 -0.882846 -0.274663 3.949 1.062 4.13003e-27 0 1.02714e+248 1.14448e+243 
 2.328 1.386 -0.000195302 1.07196e+170 6.07727e+247 2.959 1.072 4.13003e-27 0.581375 -0.872152 -0.263738 3.959 1.072 4.13003e-27 0 1.02714e+248 1.14448e+243 
 2.341 1.373 -0.000195493 1.07196e+170 6.07727e+247 2.963 1.097 4.13003e-27 0.567723 -0.784703 -0.243844 3.963 1.097 4.13003e-27 0 1.02714e+248 1.14448e+243 
 2.319 1.366 -0.000195938 1.07196e+170 6.07727e+247 2.956 1.127 4.13003e-27 0.575302 -0.676864 -0.208693 3.956 1.127 4.13003e-27 0 1.02714e+248 1.14448e+243 
 2.337 1.37 -0.000195941 1.07196e+170 6.07727e+247 2.961 1.15 4.13003e-27 0.56168 -0.635394 -0.200877 3.961 1.15 4.13003e-27 0 1.02714e+248 1.14448e+243 
 2.326 1.354 -0.000194095 1.07196e+170 6.07727e+247 2.976 1.174 4.13003e-27 0.579576 -0.510511 -0.157241 3.976 1.174 4.13003e-27 0 1.02714e+248 1.14448e+243 
 2.334 1.358 -0.000193541 1.07196e+170 6.07727e+247 2.979 1.198 4.13003e-27 0.573296 -0.458226 -0.142891 3.979 1.198 4.13003e-27 0 1.02714e+248 1.14448e+243 
 2.331 1.392 -0.000193218 1.07196e+170 6.07727e+247 2.988 1.213 4.13003e-27 0.585539 -0.503943 -0.153695 3.988 1.213 4.13003e-27 0 1.02714e+248 1.14448e+243 
 2.319 1.389 -0.000192774 1.07196e+170 6.07727e+247 2.994 1.237 4.13003e-27 0.598654 -0.42195 -0.126195 3.994 1.237 4.13003e-27 0 1.02714e+248 1.14448e+243 
 2.328 1.377 -0.00019141 1.07196e+170 6.07727e+247 3.011 1.247 4.13003e-27 0.603884 -0.359074 -0.106624 4.011 1.247 4.13003e-27 0 1.02714e+248 1.14448e+243 
 2.324 1.368 -0.000193089 1.07196e+170 6.07727e+247 3.027 1.257 4.13003e-27 0.620063 -0.300852 -0.0871143 4.027 1.257 4.13003e-27 0 1.02714e+248 1.14448e+243 
 2.293 1.37 -0.00019389 1.07196e+170 6.07727e+247 3.034 1.263 4.13003e-27 0.653021 -0.278811 -0.0767012 4.034 1.263 4.13003e-27 0 1.02714e+248 1.14448e+243 
 2.295 1.358 -0.000193919 1.07196e+170 6.07727e+247 3.046 1.285 4.13003e-27 0.660153 -0.188767 -0.0514244 4.046 1.285 4.13003e-27 0 1.02714e+248 1.14448e+243 
 2.303 1.358 -0.000194056 1.07196e+170 6.07727e+247 3.061 1.305 4.13003e-27 0.665622 -0.136145 -0.0368002 4.061 1.305 4.13003e-27 0 1.02714e+248 1.14448e+243 
 2.325 1.363 -0.000193671 1.07196e+170 6.07727e+247 3.076 1.327 4.13003e-27 0.659087 -0.0930995 -0.0254205 4.076 1.327 4.13003e-27 0 1.02714e+248 1.14448e+243 
 2.322 1.379 -0.000194802 1.07196e+170 6.07727e+247 3.097 1.352 4.13003e-27 0.679983 -0.0680493 -0.0180116 4.097 1.352 4.13003e-27 0 1.02714e+248 1.14448e+243 
 2.32 1.384 -0.000195737 1.07196e+170 6.07727e+247 3.104 1.354 4.13003e-27 0.687919 -0.0749584 -0.019611 4.104 1.354 4.13003e-27 0 1.02714e+248 1.14448e+243 
 2.313 1.373 -0.00019612 1.07196e+170 6.07727e+247 3.115 1.368 4.13003e-27 0.703482 -0.0119516 -0.00305806 4.115 1.368 4.13003e-27 0 1.02714e+248 1.14448e+243 
 2.33 1.359 -0.000195313 1.07196e+170 6.07727e+247 3.13 1.383 4.13003e-27 0.701864 0.0597189 0.0153143 4.13 1.383 4.13003e-27 0 1.02714e+248 1.14448e+243 
 2.309 1.366 -0.000195933 1.07196e+170 6.07727e+247 3.135 1.403 4.13003e-27 0.724858 0.0895323 0.0222294 4.135 1.403 4.13003e-27 0 1.02714e+248 1.14448e+243 
 2.324 1.37 0.00614695 1.07196e+170 6.07727e+247 3.151 1.421 4.13003e-27 0.726179 0.110446 0.0273697 4.151 1.421 4.13003e-27 0 1.02714e+248 1.14448e+243 
 2.365 1.364 0.0159814 1.07196e+170 6.07727e+247 3.166 1.451 4.13003e-27 0.705102 0.182558 0.0465701 4.166 1.451 4.13003e-27 0 1.02714e+248 1.14448e+243 
 2.407 1.365 0.0185199 1.07196e+170 6.07727e+247 3.189 1.469 4.13003e-27 0.68954 0.224026 0.058414 4.189 1.469 4.13003e-27 0 1.02714e+248 1.14448e+243 
 2.485 1.389 0.024326 1.07196e+170 6.07727e+247 3.22 1.499 4.13003e-27 0.649129 0.241551 0.0668809 4.22 1.499 4.13003e-27 0 1.02714e+248 1.14448e+243 
 2.591 1.37 0.0414104 1.07196e+170 6.07727e+247 3.22 1.51 4.13003e-27 0.560232 0.332965 0.106575 4.22 1.51 4.13003e-27 0 1.02714e+248 1.14448e+243 
 2.674 1.338 0.067178 1.07196e+170 6.07727e+247 3.245 1.537 4.13003e-27 0.519568 0.492532 0.169006 4.245 1.537 4.13003e-27 0 1.02714e+248 1.14448e+243 
 2.719 1.355 0.102932 1.07196e+170 6.07727e+247 3.251 1.536 4.13003e-27 0.485741 0.405014 0.148973 4.251 1.536 4.13003e-27 0 1.02714e+248 1.14448e+243 
 2.785 1.369 0.154681 1.07196e+170 6.07727e+247 3.257 1.556 4.13003e-27 0.43886 0.387567 0.157643 4.257 1.556 4.13003e-27 0 1.02714e+248 1.14448e+243 
 2.829 1.387 0.197136 1.07196e+170 6.07727e+247 3.285 1.568 4.13003e-27 0.426191 0.311384 0.130761 4.285 1.568 4.13003e-27 0 1.02714e+248 1.14448e+243 
 2.858 1.363 0.236781 1.07196e+170 6.07727e+247 3.291 1.589 4.13003e-27 0.420872 0.419403 0.177484 4.291 1.589 4.13003e-27 0 1.02714e+248 1.14448e+243 
 2.918 1.393 0.268465 1.07196e+170 6.07727e+247 3.298 1.634 4.13003e-27 0.384238 0.493264 0.227089 4.298 1.634 4.13003e-27 0 1.02714e+248 1.14448e+243 
 2.985 1.392 0.311495 1.07196e+170 6.07727e+247 3.3 1.673 4.13003e-27 0.350583 0.671632 0.332067 4.3 1.673 4.13003e-27 0 1.02714e+248 1.14448e+243 
 2.982 1.378 0.361725 1.07196e+170 6.07727e+247 3.285 1.703 4.13003e-27 0.364929 0.752174 0.355265 4.285 1.703 4.13003e-27 0 1.02714e+248 1.14448e+243 
 3.046 1.374 0.431026 1.07196e+170 6.07727e+247 3.281 1.722 4.13003e-27 0.334665 0.869537 0.437461 4.281 1.722 4.13003e-27 0 1.02714e+248 1.14448e+243 
 3.044 1.396 0.509089 1.07196e+170 6.07727e+247 3.287 1.75 4.13003e-27 0.352317 0.744352 0.363402 4.287 1.75 4.13003e-27 0 1.02714e+248 1.14448e+243 
 3.101 1.431 0.594877 1.07196e+170 6.07727e+247 3.287 1.747 4.13003e-27 0.301618 0.671614 0.381202 4.287 1.747 4.13003e-27 0 1.02714e+248 1.14448e+243 
 3.121 1.438 0.669936 1.07196e+170 6.07727e+247 3.284 1.769 4.13003e-27 0.303581 0.67258 0.379461 4.284 1.769 4.13003e-27 0 1.02714e+248 1.14448e+243 
 3.161 1.466 0.739677 1.07196e+170 6.07727e+247 3.292 1.789 4.13003e-27 0.286319 0.658513 0.392506 4.292 1.789 4.13003e-27 0 1.02714e+248 1.14448e+243 
 3.201 1.498 0.808638 1.07196e+170 6.07727e+247 3.32 1.814 4.13003e-27 0.280775 0.586262 0.359509 4.32 1.814 4.13003e-27 0 1.02714e+248 1.14448e+243 
 3.211 1.528 0.875908 1.07196e+170 6.07727e+247 3.334 1.827 4.13003e-27 0.275033 0.436844 0.278471 4.334 1.827 4.13003e-27 0 1.02714e+248 1.14448e+243 
 3.277 1.534 0.934786 1.07196e+170 6.07727e+247 3.364 1.834 4.13003e-27 0.26274 0.497249 0.328329 4.364 1.834 4.13003e-27 0 1.02714e+248 1.14448e+243 
 3.261 1.608 0.979382 1.07196e+170 6.07727e+247 3.362 1.87 4.13003e-27 0.242154 0.298193 0.218129 4.362 1.87 4.13003e-27 0 1.02714e+248 1.14448e+243 
 3.288 1.599 1.02934 1.07196e+170 6.07727e+247 3.375 1.889 4.13003e-27 0.260086 0.347254 0.235854 4.375 1.889 4.13003e-27 0 1.02714e+248 1.14448e+243 
 3.31 1.636 1.05924 1.07196e+170 6.07727e+247 3.382 1.918 4.13003e-27 0.24946 0.355532 0.251122 4.382 1.918 4.13003e-27 0 1.02714e+248 1.14448e+243 
 3.314 1.636 1.09457 1.07196e+170 6.07727e+247 3.387 1.949 4.13003e-27 0.276309 0.354083 0.2267 4.387 1.949 4.13003e-27 0 1.02714e+248 1.14448e+243 
 3.347 1.64 1.13035 1.07196e+170 6.07727e+247 3.402 1.967 4.13003e-27 0.283808 0.398196 0.247376 4.402 1.967 4.13003e-27 0 1.02714e+248 1.14448e+243 
 3.358 1.693 1.1661 1.07196e+170 6.07727e+247 3.416 1.987 4.13003e-27 0.259013 0.290362 0.199112 4.416 1.987 4.13003e-27 0 1.02714e+248 1.14448e+243 
 3.347 1.708 1.20614 1.07196e+170 6.07727e+247 3.424 2.011 4.13003e-27 0.273018 0.164141 0.107798 4.424 2.011 4.13003e-27 0 1.02714e+248 1.14448e+243 
 3.333 1.751 1.23405 1.07196e+170 6.07727e+247 3.42 2.043 4.13003e-27 0.267059 0.0660282 0.0444743 4.42 2.043 4.13003e-27 0 1.02714e+248 1.14448e+243 
 3.334 1.787 1.24709 1.07196e+170 6.07727e+247 3.413 2.065 4.13003e-27 0.253317 0.0637203 0.045247 4.413 2.065 4.13003e-27 0 1.02714e+248 1.14448e+243 
 3.324 1.797 1.25313 1.07196e+170 6.07727e+247 3.415 2.084 4.13003e-27 0.264084 0.0147724 0.0100685 4.415 2.084 4.13003e-27 0 1.02714e+248 1.14448e+243 
 3.343 1.836 1.26025 1.07196e+170 6.07727e+247 3.41 2.105 4.13003e-27 0.2428 0.0883175 0.0653811 4.41 2.105 4.13003e-27 0 1.02714e+248 1.14448e+243 
 3.346 1.85 1.26516 1.07196e+170 6.07727e+247 3.41 2.128 4.13003e-27 0.249698 0.107168 0.0771016 4.41 2.128 4.13003e-27 0 1.02714e+248 1.14448e+243 
 3.368 1.876 1.27416 1.07196e+170 6.07727e+247 3.4 2.157 4.13003e-27 0.245271 0.245783 0.178457 4.4 2.157 4.13003e-27 0 1.02714e+248 1.14448e+243 
 3.38 1.91 1.28889 1.07196e+170 6.07727e+247 3.376 2.18 4.13003e-27 0.229765 0.386197 0.293794 4.376 2.18 4.13003e-27 0 1.02714e+248 1.14448e+243 
 3.37 1.933 1.31633 1.07196e+170 6.07727e+247 3.366 2.196 4.13003e-27 0.224974 0.346095 0.270139 4.366 2.196 4.13003e-27 0 1.02714e+248 1.14448e+243 
 3.397 1.945 1.35571 1.07196e+170 6.07727e+247 3.368 2.226 4.13003e-27 0.239367 0.424063 0.308694 4.368 2.226 4.13003e-27 0 1.02714e+248 1.14448e+243 
 3.429 1.957 1.3904 1.07196e+170 6.07727e+247 3.367 2.249 4.13003e-27 0.248657 0.533644 0.36864 4.367 2.249 4.13003e-27 0 1.02714e+248 1.14448e+243 
 3.441 1.995 1.43566 1.07196e+170 6.07727e+247 3.384 2.294 4.13003e-27 0.257767 0.449262 0.303998 4.384 2.294 4.13003e-27 0 1.02714e+248 1.14448e+243 
 3.431 2.03 1.49038 1.07196e+170 6.07727e+247 3.385 2.31 4.13003e-27 0.243947 0.326253 0.236236 4.385 2.31 4.13003e-27 0 1.02714e+248 1.14448e+243 
 3.445 2.021 1.53158 1.07196e+170 6.07727e+247 3.386 2.317 4.13003e-27 0.259867 0.32737 0.222986 4.386 2.317 4.13003e-27 0 1.02714e+248 1.14448e+243 
 3.447 2.041 1.56357 1.07196e+170 6.07727e+247 3.399 2.331 4.13003e-27 0.255316 0.23469 0.163973 4.399 2.331 4.13003e-27 0 1.02714e+248 1.14448e+243 
 3.459 2.083 1.59548 1.07196e+170 6.07727e+247 3.401 2.347 4.13003e-27 0.234131 0.250434 0.190207 4.401 2.347 4.13003e-27 0 1.02714e+248 1.14448e+243 
 3.428 2.103 1.61834 1.07196e+170 6.07727e+247 3.422 2.37 4.13003e-27 0.234208 -0.0326459 -0.0250846 4.422 2.37 4.13003e-27 0 1.02714e+248 1.14448e+243 
 3.427 2.123 1.63592 1.07196e+170 6.07727e+247 3.431 2.396 4.13003e-27 0.238971 -0.105122 -0.0790162 4.431 2.396 4.13003e-27 0 1.02714e+248 1.14448e+243 
 3.456 2.161 1.63466 1.07196e+170 6.07727e+247 3.416 2.425 4.13003e-27 0.233613 0.112536 0.0864933 4.416 2.425 4.13003e-27 0 1.02714e+248 1.14448e+243 
 3.462 2.177 1.63491 1.07196e+170 6.07727e+247 3.413 2.447 4.13003e-27 0.239613 0.152426 0.114008 4.413 2.447 4.13003e-27 0 1.02714e+248 1.14448e+243 
 3.453 2.188 1.63899 1.07196e+170 6.07727e+247 3.425 2.476 4.13003e-27 0.253741 0.0391026 0.0277317 4.425 2.476 4.13003e-27 0 1.02714e+248 1.14448e+243 
 3.432 2.208 1.65133 1.07196e+170 6.07727e+247 3.43 2.481 4.13003e-27 0.239033 -0.0964601 -0.0725103 4.43 2.481 4.13003e-27 0 1.02714e+248 1.14448e+243 
 3.454 2.261 1.65531 1.07196e+170 6.07727e+247 3.436 2.511 4.13003e-27 0.219843 -0.0158526 -0.0129788 4.436 2.511 4.13003e-27 0 1.02714e+248 1.14448e+243 
 3.425 2.29 1.65426 1.07196e+170 6.07727e+247 3.44 2.535 4.13003e-27 0.213736 -0.178834 -0.149484 4.44 2.535 4.13003e-27 0 1.02714e+248 1.14448e+243 
 3.402 2.324 1.65398 1.07196e+170 6.07727e+247 3.446 2.556 4.13003e-27 0.201796 -0.32551 -0.282582 4.446 2.556 4.13003e-27 0 1.02714e+248 1.14448e+243 
 3.412 2.334 1.65069 1.07196e+170 6.07727e+247 3.455 2.569 4.13003e-27 0.204555 -0.316176 -0.271359 4.455 2.569 4.13003e-27 0 1.02714e+248 1.14448e+243 
 3.416 2.341 1.63612 1.07196e+170 6.07727e+247 3.444 2.592 4.13003e-27 0.219145 -0.22176 -0.180173 4.444 2.592 4.13003e-27 0 1.02714e+248 1.14448e+243 
 3.423 2.382 1.60447 1.07196e+170 6.07727e+247 3.438 2.635 4.13003e-27 0.221646 -0.117206 -0.0948981 4.438 2.635 4.13003e-27 0 1.02714e+248 1.14448e+243 
 3.42 2.419 1.58372 1.07196e+170 6.07727e+247 3.419 2.662 4.13003e-27 0.213144 -0.0108427 -0.00915644 4.419 2.662 4.13003e-27 0 1.02714e+248 1.14448e+243 
 3.43 2.429 1.57241 1.07196e+170 6.07727e+247 3.404 2.661 4.13003e-27 0.203899 0.131996 0.116002 4.404 2.661 4.13003e-27 0 1.02714e+248 1.14448e+243 
 3.411 2.47 1.57076 1.07196e+170 6.07727e+247 3.393 2.685 4.13003e-27 0.188772 0.0954244 0.0907402 4.393 2.685 4.13003e-27 0 1.02714e+248 1.14448e+243 
 3.432 2.486 1.57261 1.07196e+170 6.07727e+247 3.387 2.709 4.13003e-27 0.196791 0.232494 0.209535 4.387 2.709 4.13003e-27 0 1.02714e+248 1.14448e+243 
 3.444 2.483 1.57341 1.07196e+170 6.07727e+247 3.373 2.745 4.13003e-27 0.23255 0.342545 0.259176 4.373 2.745 4.13003e-27 0 1.02714e+248 1.14448e+243 
 3.46 2.487 1.58347 1.07196e+170 6.07727e+247 3.349 2.782 4.13003e-27 0.265562 0.490513 0.320976 4.349 2.782 4.13003e-27 0 1.02714e+248 1.14448e+243 
 3.478 2.488 1.61226 1.07196e+170 6.07727e+247 3.316 2.801 4.13003e-27 0.290403 0.648038 0.381948 4.316 2.801 4.13003e-27 0 1.02714e+248 1.14448e+243 
 3.479 2.547 1.66181 1.07196e+170 6.07727e+247 3.304 2.822 4.13003e-27 0.264913 0.678479 0.431968 4.304 2.822 4.13003e-27 0 1.02714e+248 1.14448e+243 
 3.437 2.576 1.72733 1.07196e+170 6.07727e+247 3.288 2.856 4.13003e-27 0.26816 0.471576 0.306562 4.288 2.856 4.13003e-27 0 1.02714e+248 1.14448e+243 
 3.445 2.594 1.79243 1.07196e+170 6.07727e+247 3.29 2.889 4.13003e-27 0.285818 0.382327 0.236281 4.29 2.889 4.13003e-27 0 1.02714e+248 1.14448e+243 
 3.409 2.616 1.84089 1.07196e+170 6.07727e+247 3.303 2.912 4.13003e-27 0.275291 0.104964 0.0685239 4.303 2.912 4.13003e-27 0 1.02714e+248 1.14448e+243 
 3.434 2.649 1.87058 1.07196e+170 6.07727e+247 3.298 2.933 4.13003e-27 0.274252 0.208775 0.136177 4.298 2.933 4.13003e-27 0 1.02714e+248 1.14448e+243 
 3.415 2.659 1.88012 1.07196e+170 6.07727e+247 3.304 2.947 4.13003e-27 0.270428 0.082492 0.0548526 4.304 2.947 4.13003e-27 0 1.02714e+248 1.14448e+243 
 3.382 2.722 1.9 1.07196e+170 6.07727e+247 3.303 2.963 4.13003e-27 0.22245 -0.0157086 -0.0127103 4.303 2.963 4.13003e-27 0 1.02714e+248 1.14448e+243 
 3.384 2.741 1.90606 1.07196e+170 6.07727e+247 3.301 2.998 4.13003e-27 0.23685 -0.0299711 -0.0227733 4.301 2.998 4.13003e-27 0 1.02714e+248 1.14448e+243 
 3.378 2.761 1.90633 1.07196e+170 6.07727e+247 3.309 3.031 4.13003e-27 0.243841 -0.113731 -0.0837581 4.309 3.031 4.13003e-27 0 1.02714e+248 1.14448e+243 
 3.358 2.795 1.90676 1.07196e+170 6.07727e+247 3.3 3.07 4.13003e-27 0.24516 -0.171443 -0.125217 4.3 3.07 4.13003e-27 0 1.02714e+248 1.14448e+243 
 3.35 2.809 1.90626 1.07196e+170 6.07727e+247 3.29 3.1 4.13003e-27 0.259109 -0.182272 -0.125952 4.29 3.1 4.13003e-27 0 1.02714e+248 1.14448e+243 
 3.33 2.847 1.90184 1.07196e+170 6.07727e+247 3.283 3.116 4.13003e-27 0.237497 -0.208021 -0.156373 4.283 3.116 4.13003e-27 0 1.02714e+248 1.14448e+243 
 3.351 2.89 1.89456 1.07196e+170 6.07727e+247 3.274 3.132 4.13003e-27 0.222738 -0.0198645 -0.0160516 4.274 3.132 4.13003e-27 0 1.02714e+248 1.14448e+243 
 3.339 2.897 1.88456 1.07196e+170 6.07727e+247 3.256 3.167 4.13003e-27 0.247748 -0.0208534 -0.0151498 4.256 3.167 4.13003e-27 0 1.02714e+248 1.14448e+243 
 3.331 2.91 1.88295 1.07196e+170 6.07727e+247 3.257 3.171 4.13003e-27 0.237856 -0.0471269 -0.0356486 4.257 3.171 4.13003e-27 0 1.02714e+248 1.14448e+243 
 3.341 2.951 1.8806 1.07196e+170 6.07727e+247 3.251 3.188 4.13003e-27 0.222153 0.0670609 0.0542829 4.251 3.188 4.13003e-27 0 1.02714e+248 1.14448e+243 
 3.354 2.969 1.87665 1.07196e+170 6.07727e+247 3.246 3.208 4.13003e-27 0.228941 0.152579 0.119391 4.246 3.208 4.13003e-27 0 1.02714e+248 1.14448e+243 
 3.341 2.994 1.8785 1.07196e+170 6.07727e+247 3.25 3.23 4.13003e-27 0.221585 0.0760481 0.0616978 4.25 3.23 4.13003e-27 0 1.02714e+248 1.14448e+243 
 3.341 3.023 1.88089 1.07196e+170 6.07727e+247 3.254 3.249 4.13003e-27 0.212173 0.0704646 0.0597086 4.254 3.249 4.13003e-27 0 1.02714e+248 1.14448e+243 
 3.313 3.038 1.88242 1.07196e+170 6.07727e+247 3.253 3.26 4.13003e-27 0.201552 -0.0567076 -0.0506007 4.253 3.26 4.13003e-27 0 1.02714e+248 1.14448e+243 
 3.291 3.048 1.88526 1.07196e+170 6.07727e+247 3.238 3.269 4.13003e-27 0.198904 -0.0933716 -0.0842972 4.238 3.269 4.13003e-27 0 1.02714e+248 1.14448e+243 
 3.311 3.079 1.88437 1.07196e+170 6.07727e+247 3.219 3.281 4.13003e-27 0.193795 0.132293 0.122263 4.219 3.281 4.13003e-27 0 1.02714e+248 1.14448e+243 
 3.299 3.115 1.88449 1.07196e+170 6.07727e+247 3.207 3.299 4.13003e-27 0.178971 0.165796 0.165229 4.207 3.299 4.13003e-27 0 1.02714e+248 1.14448e+243 
 3.3 3.132 1.88766 1.07196e+170 6.07727e+247 3.185 3.318 4.13003e-27 0.187961 0.271825 0.254661 4.185 3.318 4.13003e-27 0 1.02714e+248 1.14448e+243 
 3.275 3.15 1.89617 1.07196e+170 6.07727e+247 3.173 3.343 4.13003e-27 0.189703 0.184769 0.173554 4.173 3.343 4.13003e-27 0 1.02714e+248 1.14448e+243 
 3.295 3.141 1.9213 1.07196e+170 6.07727e+247 3.17 3.376 4.13003e-27 0.231951 0.179495 0.138402 4.17 3.376 4.13003e-27 0 1.02714e+248 1.14448e+243 
 3.282 3.156 1.93857 1.07196e+170 6.07727e+247 3.165 3.396 4.13003e-27 0.233611 0.11164 0.0858091 4.165 3.396 4.13003e-27 0 1.02714e+248 1.14448e+243 
 3.25 3.203 1.95549 1.07196e+170 6.07727e+247 3.153 3.408 4.13003e-27 0.198698 0.0675297 0.0610988 4.153 3.408 4.13003e-27 0 1.02714e+248 1.14448e+243 
 3.225 3.228 1.96624 1.07196e+170 6.07727e+247 3.15 3.427 4.13003e-27 0.186456 -0.0396398 -0.0382486 4.15 3.427 4.13003e-27 0 1.02714e+248 1.14448e+243 
 3.22 3.262 1.97011 1.07196e+170 6.07727e+247 3.138 3.446 4.13003e-27 0.176672 0.0217569 0.0221631 4.138 3.446 4.13003e-27 0 1.02714e+248 1.14448e+243 
 3.228 3.298 1.96989 1.07196e+170 6.07727e+247 3.133 3.473 4.13003e-27 0.174043 0.106401 0.109602 4.133 3.473 4.13003e-27 0 1.02714e+248 1.14448e+243 
 3.218 3.334 1.9716 1.07196e+170 6.07727e+247 3.114 3.48 4.13003e-27 0.154427 0.219084 0.25002 4.114 3.48 4.13003e-27 0 1.02714e+248 1.14448e+243 
 3.233 3.324 1.98002 1.07196e+170 6.07727e+247 3.099 3.493 4.13003e-27 0.184547 0.296738 0.281729 4.099 3.493 4.13003e-27 0 1.02714e+248 1.14448e+243 
 3.205 3.331 2.00398 1.07196e+170 6.07727e+247 3.093 3.512 4.13003e-27 0.185716 0.136816 0.131835 4.093 3.512 4.13003e-27 0 1.02714e+248 1.14448e+243 
 3.198 3.348 2.03388 1.07196e+170 6.07727e+247 3.072 3.528 4.13003e-27 0.191222 0.170395 0.15904 4.072 3.528 4.13003e-27 0 1.02714e+248 1.14448e+243 
 3.183 3.341 2.04609 1.07196e+170 6.07727e+247 3.052 3.533 4.13003e-27 0.202781 0.147702 0.130365 4.052 3.533 4.13003e-27 0 1.02714e+248 1.14448e+243 
 3.179 3.339 2.06244 1.07196e+170 6.07727e+247 3.036 3.558 4.13003e-27 0.228829 0.111588 0.0875527 4.036 3.558 4.13003e-27 0 1.02714e+248 1.14448e+243 
 3.156 3.362 2.07727 1.07196e+170 6.07727e+247 3.029 3.569 4.13003e-27 0.212877 0.0539323 0.0455714 4.029 3.569 4.13003e-27 0 1.02714e+248 1.14448e+243 
 3.177 3.399 2.08637 1.07196e+170 6.07727e+247 3.012 3.579 4.13003e-27 0.210357 0.27842 0.233881 4.012 3.579 4.13003e-27 0 1.02714e+248 1.14448e+243 
 3.16 3.455 2.09293 1.07196e+170 6.07727e+247 3.005 3.595 4.13003e-27 0.176671 0.348561 0.341236 4.005 3.595 4.13003e-27 0 1.02714e+248 1.14448e+243 
 3.152 3.455 2.12426 1.07196e+170 6.07727e+247 2.992 3.604 4.13003e-27 0.186862 0.306551 0.287134 3.992 3.604 4.13003e-27 0 1.02714e+248 1.14448e+243 
 3.127 3.454 2.15984 1.07196e+170 6.07727e+247 2.992 3.609 4.13003e-27 0.179231 0.14096 0.140631 3.992 3.609 4.13003e-27 0 1.02714e+248 1.14448e+243 
 3.102 3.484 2.18989 1.07196e+170 6.07727e+247 2.972 3.635 4.13003e-27 0.174235 0.0993785 0.102308 3.972 3.635 4.13003e-27 0 1.02714e+248 1.14448e+243 
 3.1 3.484 2.2022 1.07196e+170 6.07727e+247 2.965 3.648 4.13003e-27 0.186101 0.0648087 0.0626021 3.965 3.648 4.13003e-27 0 1.02714e+248 1.14448e+243 
 3.068 3.479 2.2116 1.07196e+170 6.07727e+247 2.935 3.662 4.13003e-27 0.198423 -0.0145259 -0.0131765 3.935 3.662 4.13003e-27 0 1.02714e+248 1.14448e+243 
 3.09 3.476 2.21797 1.07196e+170 6.07727e+247 2.925 3.696 4.13003e-27 0.241216 -0.0048642 -0.00362975 3.925 3.696 4.13003e-27 0 1.02714e+248 1.14448e+243 
 3.101 3.538 2.21897 1.07196e+170 6.07727e+247 2.917 3.722 4.13003e-27 0.226772 0.175724 0.138586 3.917 3.722 4.13003e-27 0 1.02714e+248 1.14448e+243 
 3.078 3.552 2.22039 1.07196e+170 6.07727e+247 2.89 3.733 4.13003e-27 0.227028 0.198446 0.15606 3.89 3.733 4.13003e-27 0 1.02714e+248 1.14448e+243 
 3.049 3.548 2.23793 1.07196e+170 6.07727e+247 2.884 3.746 4.13003e-27 0.226016 0.0352016 0.0280273 3.884 3.746 4.13003e-27 0 1.02714e+248 1.14448e+243 
 3.063 3.579 2.25766 1.07196e+170 6.07727e+247 2.877 3.775 4.13003e-27 0.23659 0.0947879 0.0719908 3.877 3.775 4.13003e-27 0 1.02714e+248 1.14448e+243 
 3.051 3.597 2.2609 1.07196e+170 6.07727e+247 2.875 3.793 4.13003e-27 0.230926 0.0536979 0.0418316 3.875 3.793 4.13003e-27 0 1.02714e+248 1.14448e+243 
 3.02 3.606 2.26935 1.07196e+170 6.07727e+247 2.855 3.807 4.13003e-27 0.228093 -0.0143564 -0.0113289 3.855 3.807 4.13003e-27 0 1.02714e+248 1.14448e+243 
 3.009 3.619 2.27528 1.07196e+170 6.07727e+247 2.843 3.827 4.13003e-27 0.233352 -0.0401598 -0.0309681 3.843 3.827 4.13003e-27 0 1.02714e+248 1.14448e+243 
 2.992 3.66 2.27595 1.07196e+170 6.07727e+247 2.822 3.834 4.13003e-27 0.213026 0.0844994 0.0712783 3.822 3.834 4.13003e-27 0 1.02714e+248 1.14448e+243 
 2.983 3.651 2.27797 1.07196e+170 6.07727e+247 2.818 3.825 4.13003e-27 0.210138 0.0631033 0.0540004 3.818 3.825 4.13003e-27 0 1.02714e+248 1.14448e+243 
 2.953 3.677 2.28345 1.07196e+170 6.07727e+247 2.796 3.839 4.13003e-27 0.197651 0.067078 0.0610117 3.796 3.839 4.13003e-27 0 1.02714e+248 1.14448e+243 
 2.933 3.701 2.28972 1.07196e+170 6.07727e+247 2.789 3.857 4.13003e-27 0.186174 0.0299587 0.0289572 3.789 3.857 4.13003e-27 0 1.02714e+248 1.14448e+243 
 2.938 3.703 2.29594 1.07196e+170 6.07727e+247 2.776 3.875 4.13003e-27 0.207186 0.0366925 0.0318671 3.776 3.875 4.13003e-27 0 1.02714e+248 1.14448e+243 
 2.89 3.73 2.29966 1.07196e+170 6.07727e+247 2.762 3.873 4.13003e-27 0.168342 0.00130877 0.0013994 3.762 3.873 4.13003e-27 0 1.02714e+248 1.14448e+243 
 2.862 3.748 2.30376 1.07196e+170 6.07727e+247 2.759 3.893 4.13003e-27 0.155229 -0.115532 -0.133175 3.759 3.893 4.13003e-27 0 1.02714e+248 1.14448e+243 
 2.833 3.743 2.30501 1.07196e+170 6.07727e+247 2.739 3.921 4.13003e-27 0.172591 -0.269771 -0.274262 3.739 3.921 4.13003e-27 0 1.02714e+248 1.14448e+243 
 2.845 3.74 2.30377 1.07196e+170 6.07727e+247 2.718 3.928 4.13003e-27 0.197642 -0.163588 -0.147898 3.718 3.928 4.13003e-27 0 1.02714e+248 1.14448e+243 
 2.852 3.767 2.29857 1.07196e+170 6.07727e+247 2.693 3.936 4.13003e-27 0.20348 0.0324839 0.0287275 3.693 3.936 4.13003e-27 0 1.02714e+248 1.14448e+243 
 2.823 3.804 2.29504 1.07196e+170 6.07727e+247 2.667 3.954 4.13003e-27 0.189385 0.0924181 0.0876135 3.667 3.954 4.13003e-27 0 1.02714e+248 1.14448e+243 
 2.784 3.808 2.29583 1.07196e+170 6.07727e+247 2.653 3.991 4.13003e-27 0.196651 -0.121687 -0.110926 3.653 3.991 4.13003e-27 0 1.02714e+248 1.14448e+243 
 2.764 3.838 2.29689 1.07196e+170 6.07727e+247 2.631 4.004 4.13003e-27 0.186405 -0.0573003 -0.0552749 3.631 4.004 4.13003e-27 0 1.02714e+248 1.14448e+243 
 2.791 3.858 2.29259 1.07196e+170 6.07727e+247 2.617 4.021 4.13003e-27 0.208452 0.117021 0.100707 3.617 4.021 4.13003e-27 0 1.02714e+248 1.14448e+243 
 2.761 3.855 2.29185 1.07196e+170 6.07727e+247 2.603 4.029 4.13003e-27 0.206139 0.0195261 0.0170484 3.603 4.029 4.13003e-27 0 1.02714e+248 1.14448e+243 
 2.735 3.854 2.29305 1.07196e+170 6.07727e+247 2.602 4.027 4.13003e-27 0.191101 -0.0768997 -0.0723062 3.602 4.027 4.13003e-27 0 1.02714e+248 1.14448e+243 
 2.735 3.888 2.29308 1.07196e+170 6.07727e+247 2.578 4.01 4.13003e-27 0.172147 0.202871 0.209027 3.578 4.01 4.13003e-27 0 1.02714e+248 1.14448e+243 
 2.69 3.913 2.29319 1.07196e+170 6.07727e+247 2.564 4.012 4.13003e-27 0.138758 0.169248 0.216124 3.564 4.012 4.13003e-27 0 1.02714e+248 1.14448e+243 
 2.706 3.938 2.29902 1.07196e+170 6.07727e+247 2.547 4.02 4.13003e-27 0.149038 0.364708 0.414904 3.547 4.02 4.13003e-27 0 1.02714e+248 1.14448e+243 
 2.669 3.941 2.31122 1.07196e+170 6.07727e+247 2.53 4.044 4.13003e-27 0.149621 0.18885 0.223402 3.53 4.044 4.13003e-27 0 1.02714e+248 1.14448e+243 
 2.671 3.971 2.34807 1.07196e+170 6.07727e+247 2.515 4.071 4.13003e-27 0.159515 0.229654 0.253569 3.515 4.071 4.13003e-27 0 1.02714e+248 1.14448e+243 
 2.703 4.012 2.36621 1.07196e+170 6.07727e+247 2.496 4.089 4.13003e-27 0.181589 0.479541 0.44373 3.496 4.089 4.13003e-27 0 1.02714e+248 1.14448e+243 
 2.704 4.042 2.39052 1.07196e+170 6.07727e+247 2.473 4.104 4.13003e-27 0.192277 0.585035 0.501061 3.473 4.104 4.13003e-27 0 1.02714e+248 1.14448e+243 
 2.709 4.056 2.43973 1.07196e+170 6.07727e+247 2.445 4.121 4.13003e-27 0.221341 0.59608 0.451371 3.445 4.121 4.13003e-27 0 1.02714e+248 1.14448e+243 
 2.69 4.069 2.49876 1.07196e+170 6.07727e+247 2.414 4.138 4.13003e-27 0.236292 0.530529 0.384071 3.414 4.138 4.13003e-27 0 1.02714e+248 1.14448e+243 
 2.651 4.05 2.55885 1.07196e+170 6.07727e+247 2.398 4.146 4.13003e-27 0.233449 0.287632 0.218245 3.398 4.146 4.13003e-27 0 1.02714e+248 1.14448e+243 
 2.639 4.025 2.6137 1.07196e+170 6.07727e+247 2.379 4.171 4.13003e-27 0.261533 0.0224661 0.015461 3.379 4.171 4.13003e-27 0 1.02714e+248 1.14448e+243 
 2.611 4.045 2.63405 1.07196e+170 6.07727e+247 2.367 4.182 4.13003e-27 0.245452 -0.00543747 -0.0039875 3.367 4.182 4.13003e-27 0 1.02714e+248 1.14448e+243 
 2.647 4.072 2.63525 1.07196e+170 6.07727e+247 2.356 4.186 4.13003e-27 0.272549 0.188397 0.123787 3.356 4.186 4.13003e-27 0 1.02714e+248 1.14448e+243 
 2.623 4.055 2.63562 1.07196e+170 6.07727e+247 2.341 4.198 4.13003e-27 0.27722 0.0523211 0.0339592 3.341 4.198 4.13003e-27 0 1.02714e+248 1.14448e+243 
 2.594 4.094 2.64728 1.07196e+170 6.07727e+247 2.318 4.21 4.13003e-27 0.261797 0.133659 0.0916403 3.318 4.21 4.13003e-27 0 1.02714e+248 1.14448e+243 
 2.568 4.127 2.65206 1.07196e+170 6.07727e+247 2.292 4.219 4.13003e-27 0.25279 0.228668 0.161407 3.292 4.219 4.13003e-27 0 1.02714e+248 1.14448e+243 
 2.537 4.112 2.66733 1.07196e+170 6.07727e+247 2.262 4.228 4.13003e-27 0.261309 0.103921 0.0714628 3.262 4.228 4.13003e-27 0 1.02714e+248 1.14448e+243 
 2.499 4.1 2.69098 1.07196e+170 6.07727e+247 2.221 4.223 4.13003e-27 0.266548 0.0476132 0.0321422 3.221 4.223 4.13003e-27 0 1.02714e+248 1.14448e+243 
 2.487 4.152 2.69816 1.07196e+170 6.07727e+247 2.211 4.24 4.13003e-27 0.252558 0.183389 0.129966 3.211 4.24 4.13003e-27 0 1.02714e+248 1.14448e+243 
 2.496 4.175 2.70392 1.07196e+170 6.07727e+247 2.196 4.264 4.13003e-27 0.272475 0.211566 0.138863 3.196 4.264 4.13003e-27 0 1.02714e+248 1.14448e+243 
 2.454 4.159 2.72317 1.07196e+170 6.07727e+247 2.178 4.28 4.13003e-27 0.264335 0.00730745 0.004976 3.178 4.28 4.13003e-27 0 1.02714e+248 1.14448e+243 
 2.373 4.154 2.74322 1.07196e+170 6.07727e+247 2.157 4.3 4.13003e-27 0.22567 -0.25092 -0.19753 3.157 4.3 4.13003e-27 0 1.02714e+248 1.14448e+243 
 2.341 4.153 2.74245 1.07196e+170 6.07727e+247 2.131 4.299 4.13003e-27 0.220986 -0.263655 -0.211542 3.131 4.299 4.13003e-27 0 1.02714e+248 1.14448e+243 
 2.308 4.143 2.73979 1.07196e+170 6.07727e+247 2.111 4.294 4.13003e-27 0.212913 -0.312945 -0.258643 3.111 4.294 4.13003e-27 0 1.02714e+248 1.14448e+243 
 2.331 4.149 2.73157 1.07196e+170 6.07727e+247 2.087 4.295 4.13003e-27 0.248015 -0.174009 -0.125624 3.087 4.295 4.13003e-27 0 1.02714e+248 1.14448e+243 
 2.332 4.178 2.70163 1.07196e+170 6.07727e+247 2.061 4.297 4.13003e-27 0.259557 0.0361158 0.0250407 3.061 4.297 4.13003e-27 0 1.02714e+248 1.14448e+243 
 2.297 4.181 2.68697 1.07196e+170 6.07727e+247 2.025 4.298 4.13003e-27 0.259519 0.0667174 0.0462416 3.025 4.298 4.13003e-27 0 1.02714e+248 1.14448e+243 
 2.267 4.216 2.68785 1.07196e+170 6.07727e+247 2.013 4.309 4.13003e-27 0.236409 0.134638 0.102156 3.013 4.309 4.13003e-27 0 1.02714e+248 1.14448e+243 
 2.274 4.232 2.6889 1.07196e+170 6.07727e+247 2.009 4.311 4.13003e-27 0.240375 0.215968 0.160335 3.009 4.311 4.13003e-27 0 1.02714e+248 1.14448e+243 
 2.206 4.248 2.69106 1.07196e+170 6.07727e+247 2.002 4.318 4.13003e-27 0.188201 0.136917 0.13021 3.002 4.318 4.13003e-27 0 1.02714e+248 1.14448e+243 
 2.18 4.267 2.69944 1.07196e+170 6.07727e+247 1.978 4.325 4.13003e-27 0.182582 0.182209 0.177737 2.978 4.325 4.13003e-27 0 1.02714e+248 1.14448e+243 
 2.135 4.242 2.70748 1.07196e+170 6.07727e+247 1.947 4.329 4.13003e-27 0.181706 0.000769642 0.000762417 2.947 4.329 4.13003e-27 0 1.02714e+248 1.14448e+243 
 2.092 4.226 2.72429 1.07196e+170 6.07727e+247 1.927 4.338 4.13003e-27 0.17287 -0.193744 -0.199064 2.927 4.338 4.13003e-27 0 1.02714e+248 1.14448e+243 
 2.035 4.238 2.72287 1.07196e+170 6.07727e+247 1.902 4.352 4.13003e-27 0.148791 -0.285527 -0.332586 2.902 4.352 4.13003e-27 0 1.02714e+248 1.14448e+243 
 2.046 4.31 2.72037 1.07196e+170 6.07727e+247 1.876 4.362 4.13003e-27 0.155029 0.124528 0.143592 2.876 4.362 4.13003e-27 0 1.02714e+248 1.14448e+243 
 2.02 4.311 2.71325 1.07196e+170 6.07727e+247 1.844 4.347 4.13003e-27 0.154543 0.227829 0.259379 2.844 4.347 4.13003e-27 0 1.02714e+248 1.14448e+243 
 1.997 4.29 2.71552 1.07196e+170 6.07727e+247 1.82 4.333 4.13003e-27 0.157667 0.190885 0.214569 2.82 4.333 4.13003e-27 0 1.02714e+248 1.14448e+243 
 2.016 4.282 2.72194 1.07196e+170 6.07727e+247 1.802 4.334 4.13003e-27 0.190902 0.209348 0.194888 2.802 4.334 4.13003e-27 0 1.02714e+248 1.14448e+243 
 1.992 4.306 2.73447 1.07196e+170 6.07727e+247 1.782 4.339 4.13003e-27 0.182219 0.282913 0.272515 2.782 4.339 4.13003e-27 0 1.02714e+248 1.14448e+243 
 2.045 4.352 2.75549 1.07196e+170 6.07727e+247 1.774 4.354 4.13003e-27 0.226138 0.4919 0.373193 2.774 4.354 4.13003e-27 0 1.02714e+248 1.14448e+243 
 2.074 4.372 2.78574 1.07196e+170 6.07727e+247 1.753 4.351 4.13003e-27 0.265867 0.598807 0.385162 2.753 4.351 4.13003e-27 0 1.02714e+248 1.14448e+243 
 2.003 4.396 2.83493 1.07196e+170 6.07727e+247 1.742 4.35 4.13003e-27 0.214114 0.612782 0.475693 2.742 4.35 4.13003e-27 0 1.02714e+248 1.14448e+243 
 2.009 4.44 2.89442 1.07196e+170 6.07727e+247 1.73 4.377 4.13003e-27 0.232385 0.624709 0.450672 2.73 4.377 4.13003e-27 0 1.02714e+248 1.14448e+243 
 2.008 4.439 2.95534 1.07196e+170 6.07727e+247 1.706 4.412 4.13003e-27 0.259289 0.382488 0.259537 2.706 4.412 4.13003e-27 0 1.02714e+248 1.14448e+243 
 1.88 4.365 3.01654 1.07196e+170 6.07727e+247 1.671 4.413 4.13003e-27 0.18741 -0.114523 -0.109554 2.671 4.413 4.13003e-27 0 1.02714e+248 1.14448e+243 
 1.777 4.309 3.0547 1.07196e+170 6.07727e+247 1.653 4.422 4.13003e-27 0.123637 -0.603397 -0.523599 2.653 4.422 4.13003e-27 0 1.02714e+248 1.14448e+243 
 1.772 4.34 3.05359 1.07196e+170 6.07727e+247 1.632 4.42 4.13003e-27 0.131397 -0.396233 -0.497298 2.632 4.42 4.13003e-27 0 1.02714e+248 1.14448e+243 
 1.777 4.369 3.03115 1.07196e+170 6.07727e+247 1.595 4.403 4.13003e-27 0.16207 -0.0765396 -0.0848036 2.595 4.403 4.13003e-27 0 1.02714e+248 1.14448e+243 
 1.775 4.353 2.99598 1.07196e+170 6.07727e+247 1.575 4.393 4.13003e-27 0.17873 -0.0570223 -0.0573646 2.575 4.393 4.13003e-27 0 1.02714e+248 1.14448e+243 
 1.774 4.341 2.99082 1.07196e+170 6.07727e+247 1.547 4.389 4.13003e-27 0.203278 -0.0689152 -0.060948 2.547 4.389 4.13003e-27 0 1.02714e+248 1.14448e+243 
 1.74 4.355 2.98493 1.07196e+170 6.07727e+247 1.524 4.393 4.13003e-27 0.192353 -0.020182 -0.0188836 2.524 4.393 4.13003e-27 0 1.02714e+248 1.14448e+243 
 1.764 4.378 2.9799 1.07196e+170 6.07727e+247 1.484 4.397 4.13003e-27 0.245435 0.125689 0.0919193 2.484 4.397 4.13003e-27 0 1.02714e+248 1.14448e+243 
 1.759 4.421 2.97699 1.07196e+170 6.07727e+247 1.456 4.403 4.13003e-27 0.261833 0.311743 0.211117 2.456 4.403 4.13003e-27 0 1.02714e+248 1.14448e+243 
 1.737 4.433 2.97934 1.07196e+170 6.07727e+247 1.44 4.414 4.13003e-27 0.256614 0.311487 0.21511 2.44 4.414 4.13003e-27 0 1.02714e+248 1.14448e+243 
 1.75 4.43 2.98752 1.07196e+170 6.07727e+247 1.428 4.423 4.13003e-27 0.279666 0.252738 0.161256 2.428 4.423 4.13003e-27 0 1.02714e+248 1.14448e+243 
 1.616 4.316 3.01126 1.07196e+170 6.07727e+247 1.394 4.424 4.13003e-27 0.208724 -0.397614 -0.330332 2.394 4.424 4.13003e-27 0 1.02714e+248 1.14448e+243 
 1.565 4.331 3.02882 1.07196e+170 6.07727e+247 1.377 4.413 4.13003e-27 0.174084 -0.327601 -0.326604 2.377 4.413 4.13003e-27 0 1.02714e+248 1.14448e+243 
 1.546 4.295 3.01841 1.07196e+170 6.07727e+247 1.351 4.384 4.13003e-27 0.18173 -0.34444 -0.32878 2.351 4.384 4.13003e-27 0 1.02714e+248 1.14448e+243 
 1.515 4.316 2.98987 1.07196e+170 6.07727e+247 1.316 4.391 4.13003e-27 0.183609 -0.235432 -0.226832 2.316 4.391 4.13003e-27 0 1.02714e+248 1.14448e+243 
 1.546 4.33 2.95513 1.07196e+170 6.07727e+247 1.284 4.401 4.13003e-27 0.237608 -0.102674 -0.0776247 2.284 4.401 4.13003e-27 0 1.02714e+248 1.14448e+243 
 1.524 4.383 2.93056 1.07196e+170 6.07727e+247 1.248 4.398 4.13003e-27 0.240436 0.207696 0.154254 2.248 4.398 4.13003e-27 0 1.02714e+248 1.14448e+243 
 1.548 4.355 2.92925 1.07196e+170 6.07727e+247 1.223 4.4 4.13003e-27 0.287273 0.108666 0.0679834 2.223 4.4 4.13003e-27 0 1.02714e+248 1.14448e+243 
 1.565 4.453 2.93211 1.07196e+170 6.07727e+247 1.198 4.4 4.13003e-27 0.312504 0.539433 0.301253 2.198 4.4 4.13003e-27 0 1.02714e+248 1.14448e+243 
 1.542 4.474 2.94031 1.07196e+170 6.07727e+247 1.172 4.39 4.13003e-27 0.314017 0.653095 0.358214 2.172 4.39 4.13003e-27 0 1.02714e+248 1.14448e+243 
 1.453 4.463 2.98682 1.07196e+170 6.07727e+247 1.165 4.386 4.13003e-27 0.246481 0.568509 0.393515 2.165 4.386 4.13003e-27 0 1.02714e+248 1.14448e+243 
 1.376 4.404 3.05318 1.07196e+170 6.07727e+247 1.14 4.394 4.13003e-27 0.205947 0.157997 0.137224 2.14 4.394 4.13003e-27 0 1.02714e+248 1.14448e+243 
 1.373 4.418 3.10918 1.07196e+170 6.07727e+247 1.125 4.386 4.13003e-27 0.217372 0.200928 0.164873 2.125 4.386 4.13003e-27 0 1.02714e+248 1.14448e+243 
 1.336 4.365 3.12082 1.07196e+170 6.07727e+247 1.105 4.384 4.13003e-27 0.203036 -0.073276 -0.064871 2.105 4.384 4.13003e-27 0 1.02714e+248 1.14448e+243 
 1.366 4.375 3.13585 1.07196e+170 6.07727e+247 1.063 4.394 4.13003e-27 0.266014 -0.079453 -0.0537106 2.063 4.394 4.13003e-27 0 1.02714e+248 1.14448e+243 
 1.428 4.443 3.13369 1.07196e+170 6.07727e+247 1.054 4.403 4.13003e-27 0.328571 0.177455 0.09691 2.054 4.403 4.13003e-27 0 1.02714e+248 1.14448e+243 
 1.339 4.387 3.13777 1.07196e+170 6.07727e+247 1.038 4.405 4.13003e-27 0.264221 -0.0778155 -0.0529621 2.038 4.405 4.13003e-27 0 1.02714e+248 1.14448e+243 
 1.262 4.35 -3.13575 1.07196e+170 6.07727e+247 1.025 4.404 4.13003e-27 0.20928 -0.281899 -0.237869 2.025 4.404 4.13003e-27 0 1.02714e+248 1.14448e+243 
 1.168 4.397 -3.13432 1.07196e+170 6.07727e+247 1.01 4.396 4.13003e-27 0.138593 -0.000870596 -0.0011307 2.01 4.396 4.13003e-27 0 1.02714e+248 1.14448e+243 
 1.137 4.456 -3.13921 1.07196e+170 6.07727e+247 0.993 4.389 4.13003e-27 0.129303 0.393551 0.501195 1.993 4.389 4.13003e-27 0 1.02714e+248 1.14448e+243 
 1.123 4.45 -3.13638 1.07196e+170 6.07727e+247 0.966 4.365 4.13003e-27 0.142512 0.483389 0.523599 1.966 4.365 4.13003e-27 0 1.02714e+248 1.14448e+243 
 1.144 4.421 -3.1202 1.07196e+170 6.07727e+247 0.954 4.35 4.13003e-27 0.170594 0.365521 0.368097 1.954 4.35 4.13003e-27 0 1.02714e+248 1.14448e+243 
 1.168 4.399 -3.07278 1.07196e+170 6.07727e+247 0.931 4.338 4.13003e-27 0.212151 0.225814 0.189298 1.931 4.338 4.13003e-27 0 1.02714e+248 1.14448e+243 
 1.135 4.328 -3.03655 1.07196e+170 6.07727e+247 0.888 4.324 4.13003e-27 0.21609 -0.110413 -0.0917147 1.888 4.324 4.13003e-27 0 1.02714e+248 1.14448e+243 
 1.102 4.368 -3.01625 1.07196e+170 6.07727e+247 0.846 4.294 4.13003e-27 0.231801 0.202518 0.155983 1.846 4.294 4.13003e-27 0 1.02714e+248 1.14448e+243 
 1.113 4.384 -3.01813 1.07196e+170 6.07727e+247 0.823 4.287 4.13003e-27 0.264712 0.278763 0.187332 1.823 4.287 4.13003e-27 0 1.02714e+248 1.14448e+243 
 1.055 4.374 -3.0003 1.07196e+170 6.07727e+247 0.802 4.296 4.13003e-27 0.23025 0.203968 0.158123 1.802 4.296 4.13003e-27 0 1.02714e+248 1.14448e+243 
 1.102 4.386 -2.97202 1.07196e+170 6.07727e+247 0.79 4.296 4.13003e-27 0.283684 0.160821 0.10169 1.79 4.296 4.13003e-27 0 1.02714e+248 1.14448e+243 
 1.09 4.404 -2.95156 1.07196e+170 6.07727e+247 0.769 4.285 4.13003e-27 0.29767 0.244529 0.146802 1.769 4.285 4.13003e-27 0 1.02714e+248 1.14448e+243 
 1.058 4.391 -2.937 1.07196e+170 6.07727e+247 0.774 4.28 4.13003e-27 0.26497 0.234793 0.158168 1.774 4.28 4.13003e-27 0 1.02714e+248 1.14448e+243 
 1.002 4.337 -2.91144 1.07196e+170 6.07727e+247 0.775 4.293 4.13003e-27 0.202712 -0.0461968 -0.0409979 1.775 4.293 4.13003e-27 0 1.02714e+248 1.14448e+243 
 0.949 4.408 -2.88843 1.07196e+170 6.07727e+247 0.776 4.306 4.13003e-27 0.171131 0.302797 0.308333 1.776 4.306 4.13003e-27 0 1.02714e+248 1.14448e+243 
 0.952 4.418 -2.88602 1.07196e+170 6.07727e+247 0.743 4.303 4.13003e-27 0.204751 0.299804 0.257702 1.743 4.303 4.13003e-27 0 1.02714e+248 1.14448e+243 
 0.966 4.401 -2.85657 1.07196e+170 6.07727e+247 0.695 4.284 4.13003e-27 0.257622 0.168478 0.117176 1.695 4.284 4.13003e-27 0 1.02714e+248 1.14448e+243 
 0.924 4.378 -2.82904 1.07196e+170 6.07727e+247 0.657 4.26 4.13003e-27 0.255135 0.141607 0.0995747 1.657 4.26 4.13003e-27 0 1.02714e+248 1.14448e+243 
 0.902 4.355 -2.81456 1.07196e+170 6.07727e+247 0.623 4.216 4.13003e-27 0.271775 0.191257 0.126001 1.623 4.216 4.13003e-27 0 1.02714e+248 1.14448e+243 
 0.875 4.341 -2.79993 1.07196e+170 6.07727e+247 0.584 4.194 4.13003e-27 0.284494 0.182583 0.115011 1.584 4.194 4.13003e-27 0 1.02714e+248 1.14448e+243 
 0.844 4.361 -2.78033 1.07196e+170 6.07727e+247 0.553 4.179 4.13003e-27 0.297293 0.293074 0.175618 1.553 4.179 4.13003e-27 0 1.02714e+248 1.14448e+243 
 0.824 4.35 -2.76128 1.07196e+170 6.07727e+247 0.55 4.168 4.13003e-27 0.284562 0.299063 0.186963 1.55 4.168 4.13003e-27 0 1.02714e+248 1.14448e+243 
 0.832 4.352 -2.73052 1.07196e+170 6.07727e+247 0.552 4.188 4.13003e-27 0.283325 0.1716 0.108591 1.552 4.188 4.13003e-27 0 1.02714e+248 1.14448e+243 
 0.805 4.412 -2.70054 1.07196e+170 6.07727e+247 0.547 4.197 4.13003e-27 0.288474 0.37153 0.227801 1.547 4.197 4.13003e-27 0 1.02714e+248 1.14448e+243 
 0.819 4.362 -2.68405 1.07196e+170 6.07727e+247 0.543 4.205 4.13003e-27 0.278198 0.08529 0.0551286 1.543 4.205 4.13003e-27 0 1.02714e+248 1.14448e+243 
 0.799 4.344 -2.64811 1.07196e+170 6.07727e+247 0.536 4.201 4.13003e-27 0.262585 0.00628778 0.00431021 1.536 4.201 4.13003e-27 0 1.02714e+248 1.14448e+243 
 0.769 4.313 -2.64286 1.07196e+170 6.07727e+247 0.5 4.177 4.13003e-27 0.264313 -0.0426311 -0.029024 1.5 4.177 4.13003e-27 0 1.02714e+248 1.14448e+243 
 0.748 4.337 -2.64189 1.07196e+170 6.07727e+247 0.488 4.152 4.13003e-27 0.278612 0.170067 0.109435 1.488 4.152 4.13003e-27 0 1.02714e+248 1.14448e+243 
 0.672 4.372 -2.64089 1.07196e+170 6.07727e+247 0.475 4.156 4.13003e-27 0.247082 0.449201 0.316261 1.475 4.156 4.13003e-27 0 1.02714e+248 1.14448e+243 
 0.701 4.323 -2.62628 1.07196e+170 6.07727e+247 0.431 4.139 4.13003e-27 0.285958 0.120206 0.0755215 1.431 4.139 4.13003e-27 0 1.02714e+248 1.14448e+243 
 0.685 4.285 -2.58461 1.07196e+170 6.07727e+247 0.389 4.125 4.13003e-27 0.294782 -0.0904325 -0.055164 1.389 4.125 4.13003e-27 0 1.02714e+248 1.14448e+243 
 0.631 4.3 -2.57768 1.07196e+170 6.07727e+247 0.355 4.111 4.13003e-27 0.29329 0.0536334 0.0329044 1.355 4.111 4.13003e-27 0 1.02714e+248 1.14448e+243 
 0.61 4.31 -2.57998 1.07196e+170 6.07727e+247 0.33 4.082 4.13003e-27 0.315242 0.185289 0.105406 1.33 4.082 4.13003e-27 0 1.02714e+248 1.14448e+243 
 0.566 4.239 -2.57672 1.07196e+170 6.07727e+247 0.331 4.055 4.13003e-27 0.26094 0.137539 0.0945928 1.331 4.055 4.13003e-27 0 1.02714e+248 1.14448e+243 
 0.562 4.237 -2.5611 1.07196e+170 6.07727e+247 0.326 4.038 4.13003e-27 0.269494 0.169043 0.11243 1.326 4.038 4.13003e-27 0 1.02714e+248 1.14448e+243 
 0.564 4.243 -2.54691 1.07196e+170 6.07727e+247 0.311 4.044 4.13003e-27 0.281868 0.103379 0.0659221 1.311 4.044 4.13003e-27 0 1.02714e+248 1.14448e+243 
 0.542 4.264 -2.53074 1.07196e+170 6.07727e+247 0.287 4.049 4.13003e-27 0.291808 0.131354 0.0808485 1.287 4.049 4.13003e-27 0 1.02714e+248 1.14448e+243 
 0.554 4.226 -2.52062 1.07196e+170 6.07727e+247 0.279 4.063 4.13003e-27 0.279731 -0.123243 -0.0791384 1.279 4.063 4.13003e-27 0 1.02714e+248 1.14448e+243 
 0.48 4.206 -2.51178 1.07196e+170 6.07727e+247 0.26 4.072 4.13003e-27 0.225418 -0.105415 -0.0839772 1.26 4.072 4.13003e-27 0 1.02714e+248 1.14448e+243 
 0.413 4.149 -2.51337 1.07196e+170 6.07727e+247 0.217 4.059 4.13003e-27 0.186521 -0.225214 -0.214012 1.217 4.059 4.13003e-27 0 1.02714e+248 1.14448e+243 
 0.383 4.126 -2.51508 1.07196e+170 6.07727e+247 0.198 4.045 4.13003e-27 0.17419 -0.233074 -0.236347 1.198 4.045 4.13003e-27 0 1.02714e+248 1.14448e+243 
 0.366 4.116 -2.52111 1.07196e+170 6.07727e+247 0.198 4.059 4.13003e-27 0.150584 -0.291513 -0.3353 1.198 4.059 4.13003e-27 0 1.02714e+248 1.14448e+243 
 0.34 4.081 -2.53597 1.07196e+170 6.07727e+247 0.198 4.059 4.13003e-27 0.115991 -0.380162 -0.523599 1.198 4.059 4.13003e-27 0 1.02714e+248 1.14448e+243 
 0.36 4.116 -2.56664 1.07196e+170 6.07727e+247 0.176 4.04 4.13003e-27 0.172474 -0.198037 -0.203809 1.176 4.04 4.13003e-27 0 1.02714e+248 1.14448e+243 
 0.342 4.081 -2.60465 1.07196e+170 6.07727e+247 0.16 4.003 4.13003e-27 0.172574 -0.14238 -0.14743 1.16 4.003 4.13003e-27 0 1.02714e+248 1.14448e+243 
 0.337 4.087 -2.62383 1.07196e+170 6.07727e+247 0.157 3.987 4.13003e-27 0.180609 -0.0118238 -0.0117834 1.157 3.987 4.13003e-27 0 1.02714e+248 1.14448e+243 
 0.319 4.064 -2.63448 1.07196e+170 6.07727e+247 0.149 3.968 4.13003e-27 0.171246 0.00743148 0.00781121 1.149 3.968 4.13003e-27 0 1.02714e+248 1.14448e+243 
 0.312 4.069 -2.63563 1.07196e+170 6.07727e+247 0.133 3.956 4.13003e-27 0.18546 0.0644709 0.0624915 1.133 3.956 4.13003e-27 0 1.02714e+248 1.14448e+243 
 0.274 4.087 -2.63619 1.07196e+170 6.07727e+247 0.111 3.961 4.13003e-27 0.179182 0.168938 0.168108 1.111 3.961 4.13003e-27 0 1.02714e+248 1.14448e+243 
 0.291 4.036 -2.63495 1.07196e+170 6.07727e+247 0.102 3.935 4.13003e-27 0.187951 -0.018045 -0.0172799 1.102 3.935 4.13003e-27 0 1.02714e+248 1.14448e+243 
 0.27 3.997 -2.63247 1.07196e+170 6.07727e+247 0.077 3.904 4.13003e-27 0.187675 -0.0683294 -0.0654416 1.077 3.904 4.13003e-27 0 1.02714e+248 1.14448e+243 
 0.202 3.947 -2.63271 1.07196e+170 6.07727e+247 0.059 3.891 4.13003e-27 0.133746 -0.122111 -0.162884 1.059 3.891 4.13003e-27 0 1.02714e+248 1.14448e+243 
 0.214 3.969 -2.6335 1.07196e+170 6.07727e+247 0.045 3.864 4.13003e-27 0.174374 0.0518137 0.0534346 1.045 3.864 4.13003e-27 0 1.02714e+248 1.14448e+243 
 0.193 3.978 -2.63556 1.07196e+170 6.07727e+247 0.028 3.853 4.13003e-27 0.180237 0.158009 0.15651 1.028 3.853 4.13003e-27 0 1.02714e+248 1.14448e+243 
 0.191 3.958 -2.63473 1.07196e+170 6.07727e+247 0.02 3.865 4.13003e-27 0.170736 -0.00933696 -0.00984327 1.02 3.865 4.13003e-27 0 1.02714e+248 1.14448e+243 
 0.115 4.008 -2.6339 1.07196e+170 6.07727e+247 0.013 3.856 4.13003e-27 0.147276 0.473815 0.523599 1.013 3.856 4.13003e-27 0 1.02714e+248 1.14448e+243 
 0.145 3.99 -2.63412 1.07196e+170 6.07727e+247 -0.009 3.846 4.13003e-27 0.180946 0.27377 0.26589 0.991 3.846 4.13003e-27 0 1.02714e+248 1.14448e+243 
 0.132 4.012 -2.6326 1.07196e+170 6.07727e+247 -0.014 3.845 4.13003e-27 0.186393 0.395706 0.365011 0.986 3.845 4.13003e-27 0 1.02714e+248 1.14448e+243 
 0.122 4.008 -2.6333 1.07196e+170 6.07727e+247 -0.015 3.839 4.13003e-27 0.180899 0.432963 0.406784 0.985 3.839 4.13003e-27 0 1.02714e+248 1.14448e+243 
 0.138 3.997 -2.63336 1.07196e+170 6.07727e+247 -0.05 3.84 4.13003e-27 0.212211 0.23139 0.193805 0.95 3.84 4.13003e-27 0 1.02714e+248 1.14448e+243 
 0.12 4.01 -2.63322 1.07196e+170 6.07727e+247 -0.049 3.811 4.13003e-27 0.218926 0.456018 0.358714 0.951 3.811 4.13003e-27 0 1.02714e+248 1.14448e+243 
 0.128 4.011 -2.6331 1.07196e+170 6.07727e+247 -0.072 3.8 4.13003e-27 0.247158 0.411782 0.291358 0.928 3.8 4.13003e-27 0 1.02714e+248 1.14448e+243 
 0.114 3.998 -2.63327 1.07196e+170 6.07727e+247 -0.109 3.779 4.13003e-27 0.267697 0.378304 0.249089 0.891 3.779 4.13003e-27 0 1.02714e+248 1.14448e+243 
 0.111 4.012 -2.63327 1.07196e+170 6.07727e+247 -0.131 3.771 4.13003e-27 0.292305 0.40577 0.244858 0.869 3.771 4.13003e-27 0 1.02714e+248 1.14448e+243 
 0.11 3.996 -2.6333 1.07196e+170 6.07727e+247 -0.151 3.717 4.13003e-27 0.325025 0.481887 0.260793 0.849 3.717 4.13003e-27 0 1.02714e+248 1.14448e+243 
 0.13 3.998 -2.63332 1.07196e+170 6.07727e+247 -0.16 3.706 4.13003e-27 0.352256 0.450278 0.226152 0.84 3.706 4.13003e-27 0 1.02714e+248 1.14448e+243 
 0.121 4.025 -2.63327 1.07196e+170 6.07727e+247 -0.162 3.707 4.13003e-27 0.3606 0.544289 0.265288 0.838 3.707 4.13003e-27 0 1.02714e+248 1.14448e+243 
 0.107 4.024 -2.63321 1.07196e+170 6.07727e+247 -0.158 3.712 4.13003e-27 0.344882 0.571747 0.289993 0.842 3.712 4.13003e-27 0 1.02714e+248 1.14448e+243 
 0.123 4.02 -2.63329 1.07196e+170 6.07727e+247 -0.161 3.713 4.13003e-27 0.355629 0.509785 0.252518 0.839 3.713 4.13003e-27 0 1.02714e+248 1.14448e+243 
 0.112 4.006 -2.63329 1.07196e+170 6.07727e+247 -0.162 3.717 4.13003e-27 0.339347 0.480267 0.249443 0.838 3.717 4.13003e-27 0 1.02714e+248 1.14448e+243 
 0.13 4.024 -2.6333 1.07196e+170 6.07727e+247 -0.157 3.716 4.13003e-27 0.358261 0.505399 0.24867 0.843 3.716 4.13003e-27 0 1.02714e+248 1.14448e+243 
 0.141 3.993 -2.63332 1.07196e+170 6.07727e+247 -0.152 3.721 4.13003e-27 0.344437 0.381007 0.196541 0.848 3.721 4.13003e-27 0 1.02714e+248 1.14448e+243 
 0.132 4.024 -2.63331 1.07196e+170 6.07727e+247 -0.15 3.717 4.13003e-27 0.354216 0.514724 0.255833 0.85 3.717 4.13003e-27 0 1.02714e+248 1.14448e+243 
 0.14 4.001 -2.63327 1.07196e+170 6.07727e+247 -0.155 3.721 4.13003e-27 0.349841 0.401269 0.2036 0.845 3.721 4.13003e-27 0 1.02714e+248 1.14448e+243 
 0.129 4.003 -2.63323 1.07196e+170 6.07727e+247 -0.154 3.723 4.13003e-27 0.341224 0.430121 0.223117 0.846 3.723 4.13003e-27 0 1.02714e+248 1.14448e+243 
 0.125 4.001 -2.63312 1.07196e+170 6.07727e+247 -0.159 3.72 4.13003e-27 0.342448 0.430629 0.2226 0.841 3.72 4.13003e-27 0 1.02714e+248 1.14448e+243 
 0.134 4.013 -2.6332 1.07196e+170 6.07727e+247 -0.156 3.725 4.13003e-27 0.350251 0.437872 0.221343 0.844 3.725 4.13003e-27 0 1.02714e+248 1.14448e+243 
 0.141 4.024 -2.63322 1.07196e+170 6.07727e+247 -0.15 3.733 4.13003e-27 0.352473 0.444662 0.223292 0.85 3.733 4.13003e-27 0 1.02714e+248 1.14448e+243 
 0.143 4.017 -2.63327 1.07196e+170 6.07727e+247 -0.147 3.735 4.13003e-27 0.347242 0.419455 0.2141 0.853 3.735 4.13003e-27 0 1.02714e+248 1.14448e+243 
 0.126 4.012 -2.63323 1.07196e+170 6.07727e+247 -0.142 3.733 4.13003e-27 0.330006 0.464096 0.247931 0.858 3.733 4.13003e-27 0 1.02714e+248 1.14448e+243 
 0.138 4.022 -2.63321 1.07196e+170 6.07727e+247 -0.144 3.733 4.13003e-27 0.345042 0.460403 0.235716 0.856 3.733 4.13003e-27 0 1.02714e+248 1.14448e+243 
 0.129 4.004 -2.63325 1.07196e+170 6.07727e+247 -0.141 3.73 4.13003e-27 0.328907 0.443317 0.238014 0.859 3.73 4.13003e-27 0 1.02714e+248 1.14448e+243 
 0.139 4.023 -2.63323 1.07196e+170 6.07727e+247 -0.142 3.734 4.13003e-27 0.344329 0.462876 0.237408 0.858 3.734 4.13003e-27 0 1.02714e+248 1.14448e+243 
 0.13 4 -2.63325 1.07196e+170 6.07727e+247 -0.143 3.733 4.13003e-27 0.327548 0.413494 0.223436 0.857 3.733 4.13003e-27 0 1.02714e+248 1.14448e+243 
 0.119 4.003 -2.63325 1.07196e+170 6.07727e+247 -0.141 3.728 4.13003e-27 0.322282 0.471711 0.257605 0.859 3.728 4.13003e-27 0 1.02714e+248 1.14448e+243 
 0.133 4.027 -2.63329 1.07196e+170 6.07727e+247 -0.136 3.726 4.13003e-27 0.341964 0.529202 0.27167 0.864 3.726 4.13003e-27 0 1.02714e+248 1.14448e+243 
 0.123 4.038 -2.6333 1.07196e+170 6.07727e+247 -0.133 3.723 4.13003e-27 0.340184 0.603665 0.309172 0.867 3.723 4.13003e-27 0 1.02714e+248 1.14448e+243 
 0.123 4.015 -2.63332 1.07196e+170 6.07727e+247 -0.147 3.723 4.13003e-27 0.33804 0.499505 0.259958 0.853 3.723 4.13003e-27 0 1.02714e+248 1.14448e+243 
 0.14 4.014 -2.63333 1.07196e+170 6.07727e+247 -0.142 3.719 4.13003e-27 0.348078 0.478869 0.242752 0.858 3.719 4.13003e-27 0 1.02714e+248 1.14448e+243 
 0.12 4.023 -2.63329 1.07196e+170 6.07727e+247 -0.141 3.72 4.13003e-27 0.337385 0.555463 0.288103 0.859 3.72 4.13003e-27 0 1.02714e+248 1.14448e+243 
 0.124 4.02 -2.63331 1.07196e+170 6.07727e+247 -0.141 3.727 4.13003e-27 0.335021 0.51515 0.27002 0.859 3.727 4.13003e-27 0 1.02714e+248 1.14448e+243 
 0.131 4.027 -2.63337 1.07196e+170 6.07727e+247 -0.133 3.722 4.13003e-27 0.340521 0.553904 0.284833 0.867 3.722 4.13003e-27 0 1.02714e+248 1.14448e+243 
 0.131 4.023 -2.63337 1.07196e+170 6.07727e+247 -0.14 3.727 4.13003e-27 0.340795 0.509242 0.262752 0.86 3.727 4.13003e-27 0 1.02714e+248 1.14448e+243 
 0.123 4.024 -2.63332 1.07196e+170 6.07727e+247 -0.14 3.725 4.13003e-27 0.33671 0.538422 0.280257 0.86 3.725 4.13003e-27 0 1.02714e+248 1.14448e+243 
 0.139 4.012 -2.6334 1.07196e+170 6.07727e+247 -0.135 3.724 4.13003e-27 0.33883 0.477375 0.248364 0.865 3.724 4.13003e-27 0 1.02714e+248 1.14448e+243 
 0.123 4.011 -2.63334 1.07196e+170 6.07727e+247 -0.137 3.73 4.13003e-27 0.325333 0.490783 0.265147 0.863 3.73 4.13003e-27 0 1.02714e+248 1.14448e+243 
 0.132 4.042 -2.6334 1.07196e+170 6.07727e+247 -0.136 3.729 4.13003e-27 0.347485 0.567369 0.285853 0.864 3.729 4.13003e-27 0 1.02714e+248 1.14448e+243 
 0.11 4.006 -2.63337 1.07196e+170 6.07727e+247 -0.135 3.727 4.13003e-27 0.313705 0.523322 0.291709 0.865 3.727 4.13003e-27 0 1.02714e+248 1.14448e+243 
 0.139 4.011 -2.63333 1.07196e+170 6.07727e+247 -0.143 3.732 4.13003e-27 0.34 0.429595 0.223628 0.857 3.732 4.13003e-27 0 1.02714e+248 1.14448e+243 
 0.128 4.025 -2.6334 1.07196e+170 6.07727e+247 -0.135 3.727 4.13003e-27 0.336186 0.535528 0.27924 0.865 3.727 4.13003e-27 0 1.02714e+248 1.14448e+243 
 0.115 4.016 -2.63331 1.07196e+170 6.07727e+247 -0.128 3.732 4.13003e-27 0.31489 0.544194 0.301588 0.872 3.732 4.13003e-27 0 1.02714e+248 1.14448e+243 
 0.123 4.003 -2.63331 1.07196e+170 6.07727e+247 -0.136 3.73 4.13003e-27 0.320552 0.467973 0.256972 0.864 3.73 4.13003e-27 0 1.02714e+248 1.14448e+243 
 0.151 4.01 -2.63331 1.07196e+170 6.07727e+247 -0.127 3.718 4.13003e-27 0.343712 0.479577 0.246062 0.873 3.718 4.13003e-27 0 1.02714e+248 1.14448e+243 
 0.136 4.012 -2.63331 1.07196e+170 6.07727e+247 -0.128 3.718 4.13003e-27 0.334832 0.52072 0.272944 0.872 3.718 4.13003e-27 0 1.02714e+248 1.14448e+243 
 0.14 4.022 -2.63323 1.07196e+170 6.07727e+247 -0.132 3.728 4.13003e-27 0.340486 0.500454 0.258642 0.868 3.728 4.13003e-27 0 1.02714e+248 1.14448e+243 
 0.13 4.012 -2.63319 1.07196e+170 6.07727e+247 -0.127 3.722 4.13003e-27 0.327846 0.526178 0.281235 0.873 3.722 4.13003e-27 0 1.02714e+248 1.14448e+243 
 0.125 4.027 -2.63322 1.07196e+170 6.07727e+247 -0.131 3.727 4.13003e-27 0.332328 0.559203 0.2941 0.869 3.727 4.13003e-27 0 1.02714e+248 1.14448e+243 
 0.115 3.994 -2.63313 1.07196e+170 6.07727e+247 -0.13 3.727 4.13003e-27 0.307564 0.484552 0.276326 0.87 3.727 4.13003e-27 0 1.02714e+248 1.14448e+243 
 0.111 4.015 -2.63314 1.07196e+170 6.07727e+247 -0.126 3.722 4.13003e-27 0.315411 0.587648 0.323574 0.874 3.722 4.13003e-27 0 1.02714e+248 1.14448e+243 
 0.14 4.014 -2.63316 1.07196e+170 6.07727e+247 -0.13 3.72 4.13003e-27 0.339076 0.505357 0.262099 0.87 3.72 4.13003e-27 0 1.02714e+248 1.14448e+243 
 0.14 4.017 -2.63316 1.07196e+170 6.07727e+247 -0.137 3.722 4.13003e-27 0.344543 0.490928 0.251065 0.863 3.722 4.13003e-27 0 1.02714e+248 1.14448e+243 
 0.126 4.015 -2.63309 1.07196e+170 6.07727e+247 -0.132 3.725 4.13003e-27 0.328557 0.523455 0.27928 0.868 3.725 4.13003e-27 0 1.02714e+248 1.14448e+243 
 0.137 4.012 -2.63305 1.07196e+170 6.07727e+247 -0.128 3.724 4.13003e-27 0.332473 0.499406 0.264063 0.872 3.724 4.13003e-27 0 1.02714e+248 1.14448e+243 
 0.147 4.008 -2.63302 1.07196e+170 6.07727e+247 -0.131 3.73 4.13003e-27 0.336653 0.435772 0.228912 0.869 3.73 4.13003e-27 0 1.02714e+248 1.14448e+243 
 0.132 4.032 -2.63297 1.07196e+170 6.07727e+247 -0.135 3.729 4.13003e-27 0.341617 0.539728 0.277072 0.865 3.729 4.13003e-27 0 1.02714e+248 1.14448e+243 
 0.136 4.006 -2.63293 1.07196e+170 6.07727e+247 -0.134 3.718 4.13003e-27 0.336023 0.486619 0.254997 0.866 3.718 4.13003e-27 0 1.02714e+248 1.14448e+243 
 0.137 4.014 -2.6329 1.07196e+170 6.07727e+247 -0.14 3.721 4.13003e-27 0.343539 0.484445 0.248579 0.86 3.721 4.13003e-27 0 1.02714e+248 1.14448e+243 
 0.152 4.037 -2.6329 1.07196e+170 6.07727e+247 -0.147 3.725 4.13003e-27 0.36883 0.487521 0.233582 0.853 3.725 4.13003e-27 0 1.02714e+248 1.14448e+243 
 0.135 4.01 -2.63295 1.07196e+170 6.07727e+247 -0.142 3.727 4.13003e-27 0.338461 0.453761 0.236791 0.858 3.727 4.13003e-27 0 1.02714e+248 1.14448e+243 
 0.139 4.012 -2.63296 1.07196e+170 6.07727e+247 -0.138 3.727 4.13003e-27 0.339472 0.459983 0.239229 0.862 3.727 4.13003e-27 0 1.02714e+248 1.14448e+243 
 0.132 4.022 -2.63295 1.07196e+170 6.07727e+247 -0.139 3.729 4.13003e-27 0.339286 0.499468 0.259028 0.861 3.729 4.13003e-27 0 1.02714e+248 1.14448e+243 
 0.129 4.011 -2.63298 1.07196e+170 6.07727e+247 -0.145 3.732 4.13003e-27 0.334299 0.448737 0.237074 0.855 3.732 4.13003e-27 0 1.02714e+248 1.14448e+243 
 0.126 4.014 -2.63292 1.07196e+170 6.07727e+247 -0.146 3.733 4.13003e-27 0.333887 0.459877 0.243022 0.854 3.733 4.13003e-27 0 1.02714e+248 1.14448e+243 
 0.112 4.032 -2.63285 1.07196e+170 6.07727e+247 -0.139 3.732 4.13003e-27 0.328862 0.571576 0.303201 0.861 3.732 4.13003e-27 0 1.02714e+248 1.14448e+243 
 0.132 4.012 -2.63291 1.07196e+170 6.07727e+247 -0.131 3.725 4.13003e-27 0.330556 0.501168 0.266417 0.869 3.725 4.13003e-27 0 1.02714e+248 1.14448e+243 
 0.143 4.01 -2.63293 1.07196e+170 6.07727e+247 -0.132 3.731 4.13003e-27 0.335016 0.446188 0.235291 0.868 3.731 4.13003e-27 0 1.02714e+248 1.14448e+243 
 0.128 4.014 -2.63288 1.07196e+170 6.07727e+247 -0.138 3.725 4.13003e-27 0.333704 0.4997 0.263281 0.862 3.725 4.13003e-27 0 1.02714e+248 1.14448e+243 
 0.119 3.999 -2.63289 1.07196e+170 6.07727e+247 -0.135 3.718 4.13003e-27 0.321118 0.505481 0.276106 0.865 3.718 4.13003e-27 0 1.02714e+248 1.14448e+243 
 0.141 4.012 -2.63287 1.07196e+170 6.07727e+247 -0.132 3.715 4.13003e-27 0.342756 0.506477 0.25996 0.868 3.715 4.13003e-27 0 1.02714e+248 1.14448e+243 
 0.132 4.009 -2.63275 1.07196e+170 6.07727e+247 -0.135 3.72 4.13003e-27 0.334421 0.496959 0.261366 0.865 3.72 4.13003e-27 0 1.02714e+248 1.14448e+243 
 0.121 4.013 -2.63267 1.07196e+170 6.07727e+247 -0.142 3.719 4.13003e-27 0.334172 0.522279 0.274235 0.858 3.719 4.13003e-27 0 1.02714e+248 1.14448e+243 
 0.129 4.016 -2.6327 1.07196e+170 6.07727e+247 -0.134 3.713 4.13003e-27 0.33883 0.549458 0.284003 0.866 3.713 4.13003e-27 0 1.02714e+248 1.14448e+243 
 0.122 4.027 -2.63276 1.07196e+170 6.07727e+247 -0.131 3.708 4.13003e-27 0.340268 0.622132 0.31794 0.869 3.708 4.13003e-27 0 1.02714e+248 1.14448e+243 
 0.132 4.02 -2.63278 1.07196e+170 6.07727e+247 -0.136 3.713 4.13003e-27 0.344408 0.548779 0.279314 0.864 3.713 4.13003e-27 0 1.02714e+248 1.14448e+243 
 0.14 4.02 -2.63284 1.07196e+170 6.07727e+247 -0.137 3.721 4.13003e-27 0.346611 0.502496 0.255261 0.863 3.721 4.13003e-27 0 1.02714e+248 1.14448e+243 
 0.124 4.008 -2.63284 1.07196e+170 6.07727e+247 -0.134 3.728 4.13003e-27 0.323438 0.491987 0.267251 0.866 3.728 4.13003e-27 0 1.02714e+248 1.14448e+243 
 0.13 4.018 -2.63283 1.07196e+170 6.07727e+247 -0.132 3.721 4.13003e-27 0.335007 0.534175 0.2795 0.868 3.721 4.13003e-27 0 1.02714e+248 1.14448e+243 
 0.134 4.016 -2.63282 1.07196e+170 6.07727e+247 -0.131 3.714 4.13003e-27 0.339705 0.541564 0.27945 0.869 3.714 4.13003e-27 0 1.02714e+248 1.14448e+243 
 0.13 4.025 -2.63291 1.07196e+170 6.07727e+247 -0.129 3.721 4.13003e-27 0.336536 0.562988 0.292484 0.871 3.721 4.13003e-27 0 1.02714e+248 1.14448e+243 
 0.134 4.018 -2.63286 1.07196e+170 6.07727e+247 -0.137 3.724 4.13003e-27 0.339804 0.502375 0.260088 0.863 3.724 4.13003e-27 0 1.02714e+248 1.14448e+243 
 0.131 4.025 -2.63287 1.07196e+170 6.07727e+247 -0.142 3.726 4.13003e-27 0.343783 0.512514 0.262169 0.858 3.726 4.13003e-27 0 1.02714e+248 1.14448e+243 
 0.137 4.022 -2.63294 1.07196e+170 6.07727e+247 -0.136 3.72 4.13003e-27 0.345323 0.521602 0.265469 0.864 3.72 4.13003e-27 0 1.02714e+248 1.14448e+243 
 0.125 4.016 -2.633 1.07196e+170 6.07727e+247 -0.132 3.716 4.13003e-27 0.333045 0.556282 0.292055 0.868 3.716 4.13003e-27 0 1.02714e+248 1.14448e+243 
 0.124 4.021 -2.63296 1.07196e+170 6.07727e+247 -0.135 3.719 4.13003e-27 0.335489 0.557091 0.290444 0.865 3.719 4.13003e-27 0 1.02714e+248 1.14448e+243 
 0.13 3.992 -2.63297 1.07196e+170 6.07727e+247 -0.133 3.723 4.13003e-27 0.321403 0.4445 0.243981 0.867 3.723 4.13003e-27 0 1.02714e+248 1.14448e+243 
 0.137 3.997 -2.63296 1.07196e+170 6.07727e+247 -0.135 3.731 4.13003e-27 0.326347 0.412299 0.223604 0.865 3.731 4.13003e-27 0 1.02714e+248 1.14448e+243 
 0.122 4.013 -2.633 1.07196e+170 6.07727e+247 -0.143 3.733 4.13003e-27 0.328394 0.47444 0.254416 0.857 3.733 4.13003e-27 0 1.02714e+248 1.14448e+243 
 0.126 4.025 -2.63302 1.07196e+170 6.07727e+247 -0.138 3.732 4.13003e-27 0.334336 0.517237 0.271589 0.862 3.732 4.13003e-27 0 1.02714e+248 1.14448e+243 
 0.148 4.007 -2.63311 1.07196e+170 6.07727e+247 -0.125 3.731 4.13003e-27 0.332066 0.441971 0.235143 0.875 3.731 4.13003e-27 0 1.02714e+248 1.14448e+243 
 0.132 4.021 -2.63308 1.07196e+170 6.07727e+247 -0.118 3.726 4.13003e-27 0.325535 0.559407 0.299982 0.882 3.726 4.13003e-27 0 1.02714e+248 1.14448e+243 
 0.125 4.017 -2.63312 1.07196e+170 6.07727e+247 -0.116 3.718 4.13003e-27 0.321351 0.595221 0.321814 0.884 3.718 4.13003e-27 0 1.02714e+248 1.14448e+243 
 0.117 4.029 -2.63316 1.07196e+170 6.07727e+247 -0.119 3.72 4.13003e-27 0.323184 0.638359 0.341602 0.881 3.72 4.13003e-27 0 1.02714e+248 1.14448e+243 
 0.126 4.01 -2.63318 1.07196e+170 6.07727e+247 -0.126 3.729 4.13003e-27 0.319685 0.511095 0.280203 0.874 3.729 4.13003e-27 0 1.02714e+248 1.14448e+243 
 0.15 4.007 -2.63317 1.07196e+170 6.07727e+247 -0.133 3.736 4.13003e-27 0.336736 0.40165 0.211489 0.867 3.736 4.13003e-27 0 1.02714e+248 1.14448e+243 
