 1.99 3.587 -2.15344 9.57005e-321 1.55716e+142 1.73564 2.96453 1.04113 0 0 0 0.764 3.201 -1.80953 0 3.65385e+180 9.02063e+227 
 1.985 3.608 -2.1534 9.57005e-321 1.55716e+142 1.73264 2.96653 2.55336 0.164982 0.135386 0.317165 0.761 3.203 -1.80953 0 3.65385e+180 9.02063e+227 
 1.971 3.588 -2.15334 9.57005e-321 1.55716e+142 1.73164 2.96553 -2.35582 0.159377 0.137083 0.331363 0.76 3.202 -1.80953 0 3.65385e+180 9.02063e+227 
 1.97 3.594 -2.14407 9.57005e-321 1.55716e+142 1.73664 2.97153 0.87617 0.158892 0.136234 0.330389 0.765 3.208 -1.80953 0 3.65385e+180 9.02063e+227 
 1.952 3.563 -2.13527 9.57005e-321 1.55716e+142 1.73764 2.97953 1.44639 0.148613 0.128433 0.332825 0.766 3.216 -1.80952 0 3.65385e+180 9.02063e+227 
 1.924 3.548 -2.12345 9.57005e-321 1.55716e+142 1.73964 2.98253 0.982472 0.141466 0.138761 0.373894 0.768 3.219 -1.80953 0 3.65385e+180 9.02063e+227 
 1.923 3.565 -2.11023 9.57005e-321 1.55716e+142 1.74264 2.98053 -0.587766 0.145415 0.14325 0.375363 0.771 3.217 -1.80953 0 3.65385e+180 9.02063e+227 
 1.929 3.554 -2.09653 9.57005e-321 1.55716e+142 1.74464 2.97753 -0.982524 0.144586 0.128146 0.340695 0.773 3.214 -1.80952 0 3.65385e+180 9.02063e+227 
 1.919 3.531 -2.08317 9.57005e-321 1.55716e+142 1.74564 2.97753 0.000262204 0.138737 0.119905 0.332842 0.774 3.214 -1.80952 0 3.65385e+180 9.02063e+227 
 1.889 3.531 -2.07053 9.57005e-321 1.55716e+142 1.75364 2.97353 -0.463601 0.135697 0.148443 0.412471 0.782 3.21 -1.80952 0 3.65385e+180 9.02063e+227 
 1.895 3.507 -2.05772 9.57005e-321 1.55716e+142 1.75164 2.97153 -2.35594 0.132161 0.12484 0.36126 0.78 3.208 -1.80953 0 3.65385e+180 9.02063e+227 
 1.889 3.508 -2.04357 9.57005e-321 1.55716e+142 1.75164 2.97653 1.57091 0.131017 0.120916 0.353642 0.78 3.213 -1.80953 0 3.65385e+180 9.02063e+227 
 1.882 3.493 -2.03131 9.57005e-321 1.55716e+142 1.74664 2.97953 2.60159 0.127146 0.108752 0.329648 0.775 3.216 -1.80953 0 3.65385e+180 9.02063e+227 
 1.851 3.532 -2.01926 9.57005e-321 1.55716e+142 1.74164 2.98053 2.94435 0.133255 0.141302 0.401157 0.77 3.217 -1.80953 0 3.65385e+180 9.02063e+227 
 1.836 3.514 -2.00732 9.57005e-321 1.55716e+142 1.74564 2.98253 0.463908 0.127295 0.144948 0.427396 0.774 3.219 -1.80953 0 3.65385e+180 9.02063e+227 
 1.833 3.493 -1.99292 9.57005e-321 1.55716e+142 1.74464 2.97253 -1.67046 0.125068 0.135176 0.408061 0.773 3.209 -1.80953 0 3.65385e+180 9.02063e+227 
 1.834 3.483 -1.97876 9.57005e-321 1.55716e+142 1.74564 2.96853 -1.32586 0.12411 0.125615 0.384681 0.774 3.205 -1.80953 0 3.65385e+180 9.02063e+227 
 1.804 3.478 -1.96586 9.57005e-321 1.55716e+142 1.74364 2.96953 2.67876 0.120622 0.143623 0.44449 0.772 3.206 -1.80953 0 3.65385e+180 9.02063e+227 
 1.801 3.465 -1.95193 9.57005e-321 1.55716e+142 1.73464 2.97152 2.92316 0.118118 0.125745 0.402571 0.763 3.208 -1.80953 0 3.65385e+180 9.02063e+227 
 1.804 3.459 -1.93835 9.57005e-321 1.55716e+142 1.73164 2.97552 2.2144 0.116672 0.109825 0.360109 0.76 3.212 -1.80953 0 3.65385e+180 9.02063e+227 
 1.781 3.453 -1.92622 9.57005e-321 1.55716e+142 1.73364 2.97253 -0.982225 0.114266 0.127368 0.419412 0.762 3.209 -1.80953 0 3.65385e+180 9.02063e+227 
 1.785 3.468 -1.91471 9.57005e-321 1.55716e+142 1.74064 2.96453 -0.851954 0.119667 0.131605 0.414427 0.769 3.201 -1.80953 0 3.65385e+180 9.02063e+227 
 1.784 3.44 -1.90144 9.57005e-321 1.55716e+142 1.73564 2.96752 2.60152 0.113119 0.111935 0.376891 0.764 3.204 -1.80953 0 3.65385e+180 9.02063e+227 
 1.784 3.424 -1.88858 9.57005e-321 1.55716e+142 1.73964 2.96853 0.245141 0.109166 0.104832 0.366741 0.768 3.205 -1.80953 0 3.65385e+180 9.02063e+227 
 1.776 3.413 -1.87757 9.57005e-321 1.55716e+142 1.74364 2.96852 -0.000100983 0.106005 0.108685 0.389193 0.772 3.205 -1.80953 0 3.65385e+180 9.02063e+227 
 1.752 3.406 -1.86697 9.57005e-321 1.55716e+142 1.73864 2.96552 -2.60118 0.104051 0.122012 0.43858 0.767 3.202 -1.80953 0 3.65385e+180 9.02063e+227 
 1.782 3.403 -1.85473 9.57005e-321 1.55716e+142 1.74164 2.96953 0.927535 0.104426 0.0872089 0.322397 0.77 3.206 -1.80953 0 3.65385e+180 9.02063e+227 
 1.736 3.394 -1.84403 9.57005e-321 1.55716e+142 1.73964 2.96753 -2.35667 0.100282 0.125655 0.464611 0.768 3.204 -1.80953 0 3.65385e+180 9.02063e+227 
 1.726 3.406 -1.83229 9.57005e-321 1.55716e+142 1.74364 2.96453 -0.643056 0.103345 0.138266 0.49138 0.772 3.201 -1.80952 0 3.65385e+180 9.02063e+227 
 1.726 3.389 -1.81837 9.57005e-321 1.55716e+142 1.74264 2.96953 1.76818 0.0985617 0.126327 0.473743 0.771 3.206 -1.80952 0 3.65385e+180 9.02063e+227 
 1.73 3.372 -1.80441 9.57005e-321 1.55716e+142 1.73364 2.96853 -3.03089 0.095773 0.103503 0.408025 0.762 3.205 -1.80953 0 3.65385e+180 9.02063e+227 
 1.733 3.344 -1.79352 9.57005e-321 1.55716e+142 1.73065 2.96959 2.80005 0.0893597 0.0867019 0.370208 0.759 3.206 -1.80946 0 3.65385e+180 9.02063e+227 
 1.709 3.338 -1.78426 9.57005e-321 1.55716e+142 1.73198 2.9681 -0.844903 0.087252 0.108938 0.46318 0.759 3.199 -1.8038 0 3.65385e+180 9.02063e+227 
 1.705 3.325 -1.77367 9.57005e-321 1.55716e+142 1.72862 2.96584 -2.5483 0.084884 0.103558 0.454001 0.755 3.194 -1.80098 0 3.65385e+180 9.02063e+227 
 1.725 3.319 -1.76283 9.57005e-321 1.55716e+142 1.72406 2.93708 -1.728 0.0916191 0.0773749 0.325775 0.749 3.159 -1.79458 0 3.65385e+180 9.02063e+227 
 1.727 3.323 -1.75384 9.57005e-321 1.55716e+142 1.71008 2.91315 -2.0995 0.0991328 0.0616693 0.243882 0.733 3.126 -1.78529 0 3.65385e+180 9.02063e+227 
 1.73 3.31 -1.74718 9.57005e-321 1.55716e+142 1.70055 2.88678 -1.91793 0.102935 0.0478962 0.184016 0.721 3.088 -1.77339 0 3.65385e+180 9.02063e+227 
 1.723 3.275 -1.74195 9.57005e-321 1.55716e+142 1.69425 2.8674 -1.88509 0.0992008 0.0437216 0.174502 0.712 3.055 -1.75952 0 3.65385e+180 9.02063e+227 
 1.696 3.297 -1.73743 9.57005e-321 1.55716e+142 1.70428 2.84191 -1.19576 0.109304 0.0875701 0.310125 0.718 3.007 -1.73664 0 3.65385e+180 9.02063e+227 
 1.713 3.29 -1.73155 9.57005e-321 1.55716e+142 1.70405 2.82526 -1.58474 0.112348 0.0683443 0.238691 0.714 2.966 -1.712 0 3.65385e+180 9.02063e+227 
 1.696 3.252 -1.72375 9.57005e-321 1.55716e+142 1.70271 2.79747 -1.61903 0.109466 0.0794426 0.282527 0.711 2.926 -1.69969 0 3.65385e+180 9.02063e+227 
 1.68 3.257 -1.71607 9.57005e-321 1.55716e+142 1.69716 2.77725 -1.83842 0.115364 0.0896339 0.301324 0.704 2.894 -1.68782 0 3.65385e+180 9.02063e+227 
 1.704 3.243 -1.70721 9.57005e-321 1.55716e+142 1.68885 2.76266 -2.08848 0.116635 0.0521303 0.176911 0.694 2.864 -1.67232 0 3.65385e+180 9.02063e+227 
 1.669 3.22 -1.70051 9.57005e-321 1.55716e+142 1.67723 2.75422 -2.51359 0.112511 0.0713 0.248257 0.681 2.841 -1.65769 0 3.65385e+180 9.02063e+227 
 1.657 3.232 -1.69383 9.57005e-321 1.55716e+142 1.67502 2.73609 -1.692 0.119657 0.081135 0.264854 0.677 2.799 -1.63375 0 3.65385e+180 9.02063e+227 
 1.661 3.243 -1.68608 9.57005e-321 1.55716e+142 1.6713 2.72149 -1.82056 0.126186 0.0716166 0.223235 0.672 2.759 -1.60831 0 3.65385e+180 9.02063e+227 
 1.668 3.22 -1.67805 9.57005e-321 1.55716e+142 1.67398 2.71993 -0.527618 0.1212 0.0611598 0.199172 0.674 2.727 -1.57786 0 3.65385e+180 9.02063e+227 
 1.658 3.171 -1.67139 9.57005e-321 1.55716e+142 1.66778 2.71894 -2.98319 0.109538 0.0577437 0.207817 0.668 2.698 -1.54985 0 3.65385e+180 9.02063e+227 
 1.65 3.179 -1.66526 9.57005e-321 1.55716e+142 1.66986 2.70581 -1.41402 0.114546 0.0669203 0.22957 0.671 2.658 -1.52297 0 3.65385e+180 9.02063e+227 
 1.636 3.167 -1.65884 9.57005e-321 1.55716e+142 1.67013 2.69768 -1.53687 0.113438 0.0783199 0.269452 0.673 2.622 -1.49505 0 3.65385e+180 9.02063e+227 
 1.646 3.156 -1.65116 9.57005e-321 1.55716e+142 1.66625 2.67838 -1.76949 0.115807 0.0607045 0.206681 0.671 2.581 -1.47326 0 3.65385e+180 9.02063e+227 
 1.631 3.157 -1.64423 9.57005e-321 1.55716e+142 1.65925 2.67001 -2.26731 0.118055 0.0660387 0.220129 0.666 2.554 -1.45452 0 3.65385e+180 9.02063e+227 
 1.624 3.14 -1.63801 9.57005e-321 1.55716e+142 1.66226 2.65821 -1.3207 0.116744 0.0730292 0.245185 0.672 2.519 -1.43114 0 3.65385e+180 9.02063e+227 
 1.648 3.118 -1.63072 9.57005e-321 1.55716e+142 1.67841 2.63733 -0.912571 0.11667 0.0612524 0.206994 0.692 2.473 -1.40572 0 3.65385e+180 9.02063e+227 
 1.656 3.126 -1.62412 9.57005e-321 1.55716e+142 1.6863 2.629 -0.812358 0.120734 0.0584031 0.191132 0.703 2.447 -1.38778 0 3.65385e+180 9.02063e+227 
 1.629 3.112 -1.61807 9.57005e-321 1.55716e+142 1.67591 2.61644 -2.26182 0.120316 0.0723565 0.23607 0.695 2.422 -1.37511 0 3.65385e+180 9.02063e+227 
 1.65 3.126 -1.61124 9.57005e-321 1.55716e+142 1.69161 2.60871 -0.457793 0.125752 0.0637982 0.200214 0.713 2.403 -1.36361 0 3.65385e+180 9.02063e+227 
 1.651 3.087 -1.60443 9.57005e-321 1.55716e+142 1.69337 2.59613 -1.43243 0.119397 0.0606934 0.200598 0.717 2.38 -1.35295 0 3.65385e+180 9.02063e+227 
 1.63 3.108 -1.59822 9.57005e-321 1.55716e+142 1.70064 2.56979 -1.30138 0.130928 0.0863576 0.257954 0.726 2.346 -1.34509 0 3.65385e+180 9.02063e+227 
 1.601 3.082 -1.5904 9.57005e-321 1.55716e+142 1.71014 2.5322 -1.3231 0.133902 0.120532 0.34561 0.737 2.302 -1.33851 0 3.65385e+180 9.02063e+227 
 1.611 3.08 -1.57986 9.57005e-321 1.55716e+142 1.71516 2.48831 -1.45694 0.144367 0.108237 0.29136 0.743 2.254 -1.33429 0 3.65385e+180 9.02063e+227 
 1.635 3.068 -1.568 9.57005e-321 1.55716e+142 1.71245 2.45623 -1.65501 0.149402 0.0742999 0.196363 0.741 2.219 -1.33128 0 3.65385e+180 9.02063e+227 
 1.63 3.052 -1.5587 9.57005e-321 1.55716e+142 1.7065 2.4321 -1.8127 0.151524 0.0674465 0.176202 0.737 2.187 -1.32318 0 3.65385e+180 9.02063e+227 
 1.635 3.008 -1.55177 9.57005e-321 1.55716e+142 1.70733 2.41172 -1.53023 0.145833 0.0601968 0.163635 0.743 2.147 -1.30288 0 3.65385e+180 9.02063e+227 
 1.625 2.972 -1.54535 9.57005e-321 1.55716e+142 1.70928 2.40245 -1.36289 0.139512 0.0696078 0.196988 0.753 2.11 -1.27401 0 3.65385e+180 9.02063e+227 
 1.624 2.97 -1.53868 9.57005e-321 1.55716e+142 1.71267 2.39425 -1.17878 0.141168 0.069784 0.195215 0.765 2.075 -1.24586 0 3.65385e+180 9.02063e+227 
 1.629 2.961 -1.53139 9.57005e-321 1.55716e+142 1.7247 2.39813 0.312322 0.138229 0.0734378 0.209396 0.788 2.048 -1.21308 0 3.65385e+180 9.02063e+227 
 1.621 2.947 -1.52423 9.57005e-321 1.55716e+142 1.73002 2.38202 -1.2517 0.139053 0.0824539 0.232883 0.801 2.012 -1.19176 0 3.65385e+180 9.02063e+227 
 1.632 2.923 -1.5162 9.57005e-321 1.55716e+142 1.7496 2.36476 -0.722671 0.137702 0.0869862 0.247498 0.827 1.979 -1.17476 0 3.65385e+180 9.02063e+227 
 1.622 2.932 -1.50742 9.57005e-321 1.55716e+142 1.76677 2.33541 -1.04138 0.147726 0.104854 0.276635 0.85 1.936 -1.15992 0 3.65385e+180 9.02063e+227 
 1.654 2.904 -1.49782 9.57005e-321 1.55716e+142 1.76356 2.3237 -1.83838 0.143216 0.0663972 0.183364 0.85 1.917 -1.15195 0 3.65385e+180 9.02063e+227 
 1.645 2.919 -1.48754 9.57005e-321 1.55716e+142 1.76851 2.28469 -1.44469 0.156796 0.068121 0.172064 0.859 1.869 -1.14209 0 3.65385e+180 9.02063e+227 
 1.62 2.884 -1.48157 9.57005e-321 1.55716e+142 1.76421 2.25809 -1.73094 0.155371 0.0852699 0.216098 0.86 1.831 -1.12953 0 3.65385e+180 9.02063e+227 
 1.632 2.849 -1.47357 9.57005e-321 1.55716e+142 1.76085 2.24936 -1.93786 0.148731 0.0687958 0.182952 0.867 1.801 -1.10587 0 3.65385e+180 9.02063e+227 
 1.611 2.872 -1.46574 9.57005e-321 1.55716e+142 1.77557 2.23891 -0.617213 0.157992 0.0939469 0.233514 0.895 1.765 -1.07707 0 3.65385e+180 9.02063e+227 
 1.608 2.827 -1.45739 9.57005e-321 1.55716e+142 1.78428 2.23801 -0.103205 0.14788 0.106585 0.28069 0.92 1.735 -1.04372 0 3.65385e+180 9.02063e+227 
 1.599 2.807 -1.44708 9.57005e-321 1.55716e+142 1.78651 2.23408 -1.05521 0.144632 0.113944 0.305279 0.933 1.713 -1.02268 0 3.65385e+180 9.02063e+227 
 1.583 2.807 -1.4359 9.57005e-321 1.55716e+142 1.78581 2.22265 -1.63173 0.148242 0.120078 0.313332 0.942 1.686 -1.00434 0 3.65385e+180 9.02063e+227 
 1.578 2.794 -1.42369 9.57005e-321 1.55716e+142 1.79293 2.21586 -0.760592 0.147561 0.125585 0.328122 0.959 1.664 -0.986198 0 3.65385e+180 9.02063e+227 
 1.593 2.8 -1.41086 9.57005e-321 1.55716e+142 1.80055 2.19979 -1.12836 0.15287 0.106467 0.271692 0.976 1.634 -0.969405 0 3.65385e+180 9.02063e+227 
 1.567 2.769 -1.39856 9.57005e-321 1.55716e+142 1.80327 2.17489 -1.46212 0.153043 0.127381 0.321386 0.99 1.593 -0.949742 0 3.65385e+180 9.02063e+227 
 1.575 2.745 -1.38712 9.57005e-321 1.55716e+142 1.80556 2.15992 -1.419 0.150915 0.11704 0.3008 1.004 1.562 -0.929893 0 3.65385e+180 9.02063e+227 
 1.576 2.734 -1.37409 9.57005e-321 1.55716e+142 1.80634 2.15652 -1.34361 0.149419 0.110737 0.288193 1.019 1.54 -0.906488 0 3.65385e+180 9.02063e+227 
 1.583 2.726 -1.36281 9.57005e-321 1.55716e+142 1.80499 2.15164 -1.84138 0.148483 0.0968108 0.255117 1.033 1.516 -0.881965 0 3.65385e+180 9.02063e+227 
 1.583 2.69 -1.35271 9.57005e-321 1.55716e+142 1.79474 2.14872 -2.86439 0.140262 0.0892434 0.249215 1.038 1.495 -0.858309 0 3.65385e+180 9.02063e+227 
 1.58 2.678 -1.34315 9.57005e-321 1.55716e+142 1.79568 2.15476 1.41637 0.136407 0.0922321 0.264142 1.054 1.484 -0.835568 0 3.65385e+180 9.02063e+227 
 1.568 2.66 -1.33418 9.57005e-321 1.55716e+142 1.79754 2.16107 1.28459 0.131701 0.107197 0.314754 1.07 1.475 -0.814723 0 3.65385e+180 9.02063e+227 
 1.565 2.68 -1.32436 9.57005e-321 1.55716e+142 1.80556 2.15252 -0.816777 0.139345 0.104287 0.290873 1.089 1.455 -0.798859 0 3.65385e+180 9.02063e+227 
 1.569 2.65 -1.31297 9.57005e-321 1.55716e+142 1.82718 2.13003 -0.805197 0.13902 0.116706 0.323966 1.119 1.424 -0.78692 0 3.65385e+180 9.02063e+227 
 1.579 2.635 -1.30069 9.57005e-321 1.55716e+142 1.85668 2.10648 -0.673828 0.142694 0.125358 0.337925 1.156 1.393 -0.776351 0 3.65385e+180 9.02063e+227 
 1.58 2.623 -1.29055 9.57005e-321 1.55716e+142 1.86998 2.07099 -1.21213 0.149326 0.123369 0.319172 1.176 1.351 -0.767006 0 3.65385e+180 9.02063e+227 
 1.59 2.608 -1.27797 9.57005e-321 1.55716e+142 1.89885 2.0508 -0.610366 0.152293 0.13133 0.33216 1.212 1.324 -0.757142 0 3.65385e+180 9.02063e+227 
 1.597 2.612 -1.26506 9.57005e-321 1.55716e+142 1.90044 2.0375 -1.45162 0.156221 0.112725 0.280992 1.224 1.301 -0.742918 0 3.65385e+180 9.02063e+227 
 1.588 2.577 -1.25199 9.57005e-321 1.55716e+142 1.91261 2.0253 -0.786532 0.153031 0.13162 0.331351 1.247 1.279 -0.728315 0 3.65385e+180 9.02063e+227 
 1.582 2.541 -1.23981 9.57005e-321 1.55716e+142 1.92449 2.00207 -1.09818 0.151982 0.144832 0.364179 1.27 1.246 -0.713502 0 3.65385e+180 9.02063e+227 
 1.572 2.54 -1.22526 9.57005e-321 1.55716e+142 1.95215 1.99125 -0.373004 0.158028 0.165313 0.396301 1.312 1.223 -0.694697 0 3.65385e+180 9.02063e+227 
 1.577 2.525 -1.20841 9.57005e-321 1.55716e+142 1.97605 1.97859 -0.487258 0.159873 0.171986 0.406359 1.351 1.198 -0.675193 0 3.65385e+180 9.02063e+227 
 1.6 2.503 -1.1912 9.57005e-321 1.55716e+142 1.98121 1.97336 -0.791279 0.155025 0.152765 0.375471 1.366 1.185 -0.662651 0 3.65385e+180 9.02063e+227 
 1.603 2.492 -1.17387 9.57005e-321 1.55716e+142 1.98224 1.96652 -1.42102 0.154469 0.142148 0.352703 1.375 1.172 -0.652585 0 3.65385e+180 9.02063e+227 
 1.613 2.467 -1.15832 9.57005e-321 1.55716e+142 1.99344 1.94866 -1.01074 0.153489 0.136731 0.342301 1.397 1.146 -0.63906 0 3.65385e+180 9.02063e+227 
 1.632 2.437 -1.14337 9.57005e-321 1.55716e+142 2.02287 1.91168 -0.898561 0.156567 0.133317 0.328276 1.436 1.102 -0.627188 0 3.65385e+180 9.02063e+227 
 1.628 2.422 -1.12914 9.57005e-321 1.55716e+142 2.03456 1.89217 -1.03121 0.159679 0.13558 0.327406 1.461 1.073 -0.610842 0 3.65385e+180 9.02063e+227 
 1.631 2.399 -1.11444 9.57005e-321 1.55716e+142 2.04404 1.88383 -0.721529 0.157674 0.13861 0.338133 1.489 1.052 -0.588406 0 3.65385e+180 9.02063e+227 
 1.647 2.387 -1.10001 9.57005e-321 1.55716e+142 2.05055 1.89103 0.835005 0.152885 0.131024 0.330249 1.519 1.044 -0.560433 0 3.65385e+180 9.02063e+227 
 1.655 2.365 -1.08533 9.57005e-321 1.55716e+142 2.04718 1.88947 -2.71089 0.147589 0.122749 0.321159 1.536 1.03 -0.536555 0 3.65385e+180 9.02063e+227 
 1.64 2.342 -1.07203 9.57005e-321 1.55716e+142 2.06371 1.88206 -0.421699 0.1485 0.148929 0.381503 1.569 1.013 -0.517499 0 3.65385e+180 9.02063e+227 
 1.655 2.34 -1.05878 9.57005e-321 1.55716e+142 2.07846 1.87701 -0.329422 0.149528 0.139206 0.35648 1.598 1 -0.501184 0 3.65385e+180 9.02063e+227 
 1.665 2.322 -1.04338 9.57005e-321 1.55716e+142 2.08727 1.85206 -1.23165 0.151274 0.125261 0.319846 1.618 0.969 -0.488463 0 3.65385e+180 9.02063e+227 
 1.655 2.295 -1.02928 9.57005e-321 1.55716e+142 2.10118 1.85782 0.393113 0.148054 0.153829 0.393884 1.641 0.97 -0.4782 0 3.65385e+180 9.02063e+227 
 1.638 2.291 -1.01538 9.57005e-321 1.55716e+142 2.12274 1.84116 -0.658211 0.156285 0.168537 0.407244 1.679 0.945 -0.459766 0 3.65385e+180 9.02063e+227 
 1.651 2.274 -0.998951 9.57005e-321 1.55716e+142 2.14854 1.83209 -0.337773 0.157062 0.172649 0.414252 1.717 0.93 -0.446198 0 3.65385e+180 9.02063e+227 
 1.645 2.239 -0.981286 9.57005e-321 1.55716e+142 2.17169 1.82959 -0.10781 0.155459 0.202572 0.48048 1.754 0.921 -0.430904 0 3.65385e+180 9.02063e+227 
 1.665 2.241 -0.962517 9.57005e-321 1.55716e+142 2.19621 1.81634 -0.495591 0.15991 0.185053 0.433523 1.789 0.903 -0.419396 0 3.65385e+180 9.02063e+227 
 1.632 2.232 -0.942016 9.57005e-321 1.55716e+142 2.21143 1.80433 -0.667919 0.168564 0.204355 0.45152 1.811 0.888 -0.411987 0 3.65385e+180 9.02063e+227 
 1.662 2.228 -0.922243 9.57005e-321 1.55716e+142 2.22759 1.78271 -0.928802 0.170638 0.170933 0.381101 1.835 0.863 -0.403446 0 3.65385e+180 9.02063e+227 
 1.683 2.223 -0.902171 9.57005e-321 1.55716e+142 2.24573 1.76951 -0.629282 0.172464 0.150563 0.335967 1.867 0.844 -0.388424 0 3.65385e+180 9.02063e+227 
 1.669 2.18 -0.885197 9.57005e-321 1.55716e+142 2.25064 1.76393 -0.849182 0.16917 0.176036 0.394422 1.888 0.832 -0.371096 0 3.65385e+180 9.02063e+227 
 1.655 2.166 -0.869575 9.57005e-321 1.55716e+142 2.26197 1.7578 -0.496022 0.172497 0.18758 0.410289 1.923 0.817 -0.345825 0 3.65385e+180 9.02063e+227 
 1.678 2.145 -0.850915 9.57005e-321 1.55716e+142 2.27239 1.76762 0.756307 0.165693 0.187721 0.425494 1.953 0.82 -0.325085 0 3.65385e+180 9.02063e+227 
 1.659 2.133 -0.831641 9.57005e-321 1.55716e+142 2.27605 1.78124 1.30793 0.1659 0.207165 0.463241 1.977 0.827 -0.3037 0 3.65385e+180 9.02063e+227 
 1.653 2.144 -0.81197 9.57005e-321 1.55716e+142 2.30192 1.77805 -0.122571 0.174762 0.203949 0.43674 2.012 0.821 -0.294148 0 3.65385e+180 9.02063e+227 
 1.673 2.125 -0.790059 9.57005e-321 1.55716e+142 2.34757 1.76336 -0.311393 0.179593 0.207253 0.432463 2.062 0.805 -0.289602 0 3.65385e+180 9.02063e+227 
 1.689 2.123 -0.768831 9.57005e-321 1.55716e+142 2.38968 1.74892 -0.330325 0.187324 0.198652 0.401185 2.106 0.79 -0.287627 0 3.65385e+180 9.02063e+227 
 1.676 2.088 -0.748177 9.57005e-321 1.55716e+142 2.41672 1.73508 -0.472976 0.192293 0.220654 0.43031 2.137 0.775 -0.283502 0 3.65385e+180 9.02063e+227 
 1.695 2.079 -0.727266 9.57005e-321 1.55716e+142 2.44296 1.71346 -0.689308 0.196644 0.20043 0.387128 2.168 0.752 -0.278548 0 3.65385e+180 9.02063e+227 
 1.762 2.056 -0.705309 9.57005e-321 1.55716e+142 2.45622 1.70146 -0.735327 0.185704 0.16479 0.341078 2.192 0.737 -0.267393 0 3.65385e+180 9.02063e+227 
 1.768 2.047 -0.68656 9.57005e-321 1.55716e+142 2.46649 1.70616 0.428649 0.185177 0.164084 0.340624 2.224 0.736 -0.244927 0 3.65385e+180 9.02063e+227 
 1.788 2.026 -0.669753 9.57005e-321 1.55716e+142 2.47726 1.70911 0.267873 0.180503 0.165789 0.352086 2.26 0.733 -0.219009 0 3.65385e+180 9.02063e+227 
 1.791 2 -0.653713 9.57005e-321 1.55716e+142 2.48366 1.70767 -0.22159 0.178281 0.175364 0.374852 2.288 0.727 -0.196934 0 3.65385e+180 9.02063e+227 
 1.802 1.971 -0.636213 9.57005e-321 1.55716e+142 2.4935 1.70894 0.128193 0.174548 0.18658 0.404046 2.315 0.725 -0.179465 0 3.65385e+180 9.02063e+227 
 1.802 1.961 -0.618092 9.57005e-321 1.55716e+142 2.51033 1.71174 0.164792 0.177002 0.192383 0.410108 2.348 0.725 -0.163048 0 3.65385e+180 9.02063e+227 
 1.829 1.952 -0.598818 9.57005e-321 1.55716e+142 2.53026 1.72065 0.420417 0.174033 0.190529 0.412759 2.38 0.732 -0.150827 0 3.65385e+180 9.02063e+227 
 1.823 1.952 -0.579248 9.57005e-321 1.55716e+142 2.54708 1.728 0.411827 0.178688 0.193237 0.408263 2.406 0.738 -0.141556 0 3.65385e+180 9.02063e+227 
 1.816 1.909 -0.560195 9.57005e-321 1.55716e+142 2.5793 1.72653 -0.0455541 0.18277 0.229694 0.465802 2.442 0.736 -0.13774 0 3.65385e+180 9.02063e+227 
 1.827 1.882 -0.539978 9.57005e-321 1.55716e+142 2.60523 1.71295 -0.482461 0.185449 0.232228 0.464367 2.471 0.722 -0.134638 0 3.65385e+180 9.02063e+227 
 1.835 1.891 -0.516299 9.57005e-321 1.55716e+142 2.63944 1.70346 -0.270718 0.194409 0.209922 0.407714 2.509 0.712 -0.130812 0 3.65385e+180 9.02063e+227 
 1.854 1.867 -0.493809 9.57005e-321 1.55716e+142 2.66751 1.69334 -0.345779 0.19597 0.208132 0.401721 2.544 0.701 -0.123828 0 3.65385e+180 9.02063e+227 
 1.873 1.866 -0.473235 9.57005e-321 1.55716e+142 2.6696 1.68575 -1.30186 0.193879 0.182359 0.359852 2.558 0.692 -0.111837 0 3.65385e+180 9.02063e+227 
 1.873 1.837 -0.452852 9.57005e-321 1.55716e+142 2.68377 1.69131 0.373619 0.19446 0.200827 0.391745 2.587 0.696 -0.0969225 0 3.65385e+180 9.02063e+227 
 1.9 1.848 -0.434485 9.57005e-321 1.55716e+142 2.71041 1.68276 -0.310366 0.19706 0.171231 0.334509 2.63 0.686 -0.0805 0 3.65385e+180 9.02063e+227 
 1.933 1.846 -0.415005 9.57005e-321 1.55716e+142 2.73457 1.67665 -0.247923 0.196184 0.151059 0.298775 2.666 0.679 -0.0686264 0 3.65385e+180 9.02063e+227 
 1.925 1.828 -0.397662 9.57005e-321 1.55716e+142 2.73755 1.67972 0.802121 0.197415 0.159357 0.31232 2.687 0.681 -0.0505683 0 3.65385e+180 9.02063e+227 
 1.946 1.812 -0.38189 9.57005e-321 1.55716e+142 2.73454 1.67944 -3.04731 0.191167 0.154853 0.313343 2.701 0.68 -0.0335466 0 3.65385e+180 9.02063e+227 
 1.967 1.809 -0.3663 9.57005e-321 1.55716e+142 2.73654 1.67781 -0.683183 0.187224 0.139947 0.290532 2.717 0.678 -0.019542 0 3.65385e+180 9.02063e+227 
 2.004 1.815 -0.351015 9.57005e-321 1.55716e+142 2.73495 1.676 -2.29197 0.179398 0.112182 0.245102 2.736 0.676 0.00105015 0 3.65385e+180 9.02063e+227 
 2.03 1.8 -0.337897 9.57005e-321 1.55716e+142 2.73561 1.6796 1.38843 0.172436 0.113148 0.256679 2.764 0.68 0.0283904 0 3.65385e+180 9.02063e+227 
 2.043 1.792 -0.327091 9.57005e-321 1.55716e+142 2.7313 1.68345 2.41279 0.167808 0.112232 0.261404 2.787 0.685 0.0557284 0 3.65385e+180 9.02063e+227 
 2.029 1.778 -0.315424 9.57005e-321 1.55716e+142 2.73519 1.68712 0.756805 0.171025 0.12502 0.284471 2.811 0.69 0.0758813 0 3.65385e+180 9.02063e+227 
 2.039 1.776 -0.304481 9.57005e-321 1.55716e+142 2.73913 1.69458 1.08526 0.169265 0.124989 0.287203 2.833 0.699 0.0940093 0 3.65385e+180 9.02063e+227 
 2.047 1.748 -0.291419 9.57005e-321 1.55716e+142 2.77035 1.6983 0.118346 0.173058 0.1502 0.334149 2.877 0.704 0.106853 0 3.65385e+180 9.02063e+227 
 2.052 1.741 -0.278107 9.57005e-321 1.55716e+142 2.80774 1.6931 -0.138075 0.181039 0.149139 0.318313 2.925 0.7 0.117532 0 3.65385e+180 9.02063e+227 
 2.059 1.723 -0.262498 9.57005e-321 1.55716e+142 2.83425 1.68968 -0.128422 0.185356 0.154836 0.322474 2.963 0.698 0.129106 0 3.65385e+180 9.02063e+227 
 2.113 1.7 -0.24738 9.57005e-321 1.55716e+142 2.84863 1.68452 -0.344177 0.175505 0.154073 0.337703 2.993 0.695 0.144876 0 3.65385e+180 9.02063e+227 
 2.131 1.692 -0.231188 9.57005e-321 1.55716e+142 2.87535 1.67802 -0.238896 0.178058 0.145831 0.316584 3.042 0.692 0.167431 0 3.65385e+180 9.02063e+227 
 2.145 1.683 -0.216193 9.57005e-321 1.55716e+142 2.88818 1.69262 0.850252 0.177186 0.157009 0.340633 3.079 0.711 0.192001 0 3.65385e+180 9.02063e+227 
 2.155 1.689 -0.20057 9.57005e-321 1.55716e+142 2.8957 1.68166 -0.969578 0.177841 0.130598 0.285705 3.115 0.706 0.221097 0 3.65385e+180 9.02063e+227 
 2.164 1.695 -0.184875 9.57005e-321 1.55716e+142 2.89919 1.69032 1.18831 0.176855 0.121731 0.268667 3.141 0.72 0.244235 0 3.65385e+180 9.02063e+227 
 2.193 1.678 -0.171838 9.57005e-321 1.55716e+142 2.91704 1.69026 -0.00359117 0.173904 0.127355 0.28496 3.182 0.726 0.268166 0 3.65385e+180 9.02063e+227 
 2.206 1.648 -0.159429 9.57005e-321 1.55716e+142 2.93935 1.68493 -0.234476 0.1757 0.142698 0.314112 3.223 0.726 0.287597 0 3.65385e+180 9.02063e+227 
 2.196 1.653 -0.145919 9.57005e-321 1.55716e+142 2.92902 1.69472 2.38298 0.175904 0.137993 0.30406 3.236 0.743 0.312015 0 3.65385e+180 9.02063e+227 
 2.197 1.666 -0.131312 9.57005e-321 1.55716e+142 2.94452 1.69781 0.197166 0.180114 0.119966 0.260374 3.275 0.754 0.336815 0 3.65385e+180 9.02063e+227 
 2.226 1.664 -0.118338 9.57005e-321 1.55716e+142 2.95526 1.70133 0.316505 0.175896 0.115089 0.25598 3.301 0.763 0.353025 0 3.65385e+180 9.02063e+227 
 2.247 1.637 -0.10631 9.57005e-321 1.55716e+142 2.96961 1.7018 0.0328515 0.17403 0.132193 0.294975 3.33 0.769 0.368683 0 3.65385e+180 9.02063e+227 
 2.267 1.634 -0.094475 9.57005e-321 1.55716e+142 2.98567 1.7063 0.27283 0.173288 0.131118 0.293896 3.36 0.779 0.383673 0 3.65385e+180 9.02063e+227 
 2.262 1.602 -0.0818189 9.57005e-321 1.55716e+142 2.99707 1.72084 0.906319 0.177038 0.165975 0.358774 3.387 0.8 0.40056 0 3.65385e+180 9.02063e+227 
 2.254 1.58 -0.0677938 9.57005e-321 1.55716e+142 3.00632 1.73401 0.958468 0.181466 0.188388 0.39359 3.412 0.82 0.417726 0 3.65385e+180 9.02063e+227 
 2.305 1.577 -0.0506164 9.57005e-321 1.55716e+142 3.03259 1.73763 0.136954 0.176134 0.183453 0.394752 3.448 0.828 0.428392 0 3.65385e+180 9.02063e+227 
 2.319 1.567 -0.031613 9.57005e-321 1.55716e+142 3.05801 1.74906 0.422589 0.179702 0.189639 0.399427 3.479 0.842 0.434538 0 3.65385e+180 9.02063e+227 
 2.342 1.575 -0.0134377 9.57005e-321 1.55716e+142 3.08537 1.77495 0.757773 0.181627 0.193137 0.402168 3.513 0.871 0.441871 0 3.65385e+180 9.02063e+227 
 2.345 1.591 0.00526664 9.57005e-321 1.55716e+142 3.11031 1.79058 0.559692 0.187765 0.178078 0.36259 3.545 0.89 0.44969 0 3.65385e+180 9.02063e+227 
 2.397 1.583 0.0238746 9.57005e-321 1.55716e+142 3.14347 1.79772 0.211956 0.184131 0.180436 0.373568 3.582 0.899 0.453961 0 3.65385e+180 9.02063e+227 
 2.434 1.57 0.0416 9.57005e-321 1.55716e+142 3.17303 1.79754 -0.00586403 0.183268 0.180518 0.375322 3.618 0.902 0.461145 0 3.65385e+180 9.02063e+227 
 2.445 1.563 0.0593608 9.57005e-321 1.55716e+142 3.18915 1.80857 0.599729 0.185634 0.183682 0.376876 3.644 0.918 0.472204 0 3.65385e+180 9.02063e+227 
 2.446 1.555 0.0779727 9.57005e-321 1.55716e+142 3.19383 1.83097 1.36501 0.188128 0.197073 0.396795 3.667 0.95 0.49289 0 3.65385e+180 9.02063e+227 
 2.475 1.505 0.0963819 9.57005e-321 1.55716e+142 3.2092 1.84314 0.669713 0.187742 0.240829 0.474078 3.702 0.973 0.515301 0 3.65385e+180 9.02063e+227 
 2.488 1.532 0.116649 9.57005e-321 1.55716e+142 3.23783 1.86593 0.672211 0.192432 0.219838 0.428634 3.738 1 0.523795 0 3.65385e+180 9.02063e+227 
 2.474 1.556 0.141189 9.57005e-321 1.55716e+142 3.25365 1.88856 0.960778 0.200723 0.194831 0.370344 3.763 1.028 0.534432 0 3.65385e+180 9.02063e+227 
 2.514 1.557 0.162267 9.57005e-321 1.55716e+142 3.28847 1.89227 0.106136 0.200541 0.18283 0.349687 3.805 1.036 0.542797 0 3.65385e+180 9.02063e+227 
 2.542 1.574 0.180641 9.57005e-321 1.55716e+142 3.32285 1.88824 -0.116687 0.201739 0.15004 0.289156 3.846 1.036 0.550548 0 3.65385e+180 9.02063e+227 
 2.56 1.551 0.197969 9.57005e-321 1.55716e+142 3.33803 1.88232 -0.371361 0.202589 0.15243 0.29234 3.877 1.04 0.569215 0 3.65385e+180 9.02063e+227 
 2.543 1.556 0.21322 9.57005e-321 1.55716e+142 3.33741 1.89706 1.61276 0.207559 0.14525 0.272935 3.901 1.071 0.598724 0 3.65385e+180 9.02063e+227 
 2.547 1.542 0.228416 9.57005e-321 1.55716e+142 3.32961 1.89265 -2.6277 0.20587 0.144936 0.274498 3.922 1.087 0.634019 0 3.65385e+180 9.02063e+227 
 2.565 1.526 0.24331 9.57005e-321 1.55716e+142 3.32537 1.89582 2.5001 0.202394 0.155919 0.298918 3.94 1.107 0.661912 0 3.65385e+180 9.02063e+227 
 2.622 1.539 0.257551 9.57005e-321 1.55716e+142 3.32173 1.89493 -2.90226 0.187761 0.151411 0.312024 3.955 1.121 0.685775 0 3.65385e+180 9.02063e+227 
 2.661 1.574 0.27239 9.57005e-321 1.55716e+142 3.3382 1.90425 0.514884 0.181168 0.125682 0.270683 3.989 1.145 0.708639 0 3.65385e+180 9.02063e+227 
 2.686 1.551 0.287063 9.57005e-321 1.55716e+142 3.36229 1.90199 -0.0932909 0.182912 0.133761 0.284575 4.026 1.154 0.725762 0 3.65385e+180 9.02063e+227 
 2.699 1.556 0.299467 9.57005e-321 1.55716e+142 3.37827 1.91815 0.790997 0.184835 0.133737 0.281722 4.054 1.181 0.741956 0 3.65385e+180 9.02063e+227 
 2.686 1.517 0.312618 9.57005e-321 1.55716e+142 3.38664 1.92366 0.582504 0.193758 0.154657 0.30905 4.082 1.205 0.768916 0 3.65385e+180 9.02063e+227 
 2.747 1.522 0.326457 9.57005e-321 1.55716e+142 3.38095 1.92511 2.89275 0.178706 0.165474 0.354717 4.094 1.224 0.793841 0 3.65385e+180 9.02063e+227 
 2.766 1.534 0.342275 9.57005e-321 1.55716e+142 3.38374 1.9347 1.28783 0.175388 0.158726 0.347324 4.104 1.241 0.804182 0 3.65385e+180 9.02063e+227 
 2.759 1.54 0.358514 9.57005e-321 1.55716e+142 3.38271 1.94706 1.65394 0.177886 0.150841 0.327008 4.114 1.265 0.820216 0 3.65385e+180 9.02063e+227 
 2.797 1.526 0.374182 9.57005e-321 1.55716e+142 3.40478 1.98377 1.02935 0.17973 0.188368 0.396969 4.158 1.326 0.852939 0 3.65385e+180 9.02063e+227 
 2.805 1.551 0.389754 9.57005e-321 1.55716e+142 3.41933 1.99031 0.42239 0.179987 0.159984 0.341607 4.179 1.34 0.862803 0 3.65385e+180 9.02063e+227 
 2.814 1.568 0.40808 9.57005e-321 1.55716e+142 3.43149 2.01279 1.07514 0.181891 0.150551 0.319721 4.195 1.367 0.868736 0 3.65385e+180 9.02063e+227 
 2.83 1.535 0.422507 9.57005e-321 1.55716e+142 3.44603 2.03249 0.934712 0.187691 0.183121 0.372082 4.214 1.392 0.875666 0 3.65385e+180 9.02063e+227 
 2.841 1.595 0.438662 9.57005e-321 1.55716e+142 3.48504 2.03946 0.176839 0.188623 0.117572 0.244346 4.258 1.405 0.883491 0 3.65385e+180 9.02063e+227 
 2.855 1.526 0.453282 9.57005e-321 1.55716e+142 3.49 2.05802 1.30995 0.196937 0.179192 0.349056 4.269 1.431 0.893075 0 3.65385e+180 9.02063e+227 
 2.866 1.561 0.46785 9.57005e-321 1.55716e+142 3.49031 2.06862 1.54141 0.192391 0.155105 0.31195 4.283 1.459 0.915212 0 3.65385e+180 9.02063e+227 
 2.871 1.583 0.486408 9.57005e-321 1.55716e+142 3.48984 2.09041 1.59241 0.191842 0.144275 0.29221 4.294 1.496 0.934266 0 3.65385e+180 9.02063e+227 
 2.899 1.589 0.502019 9.57005e-321 1.55716e+142 3.49801 2.10967 1.16959 0.189807 0.15284 0.311603 4.31 1.526 0.947559 0 3.65385e+180 9.02063e+227 
 2.937 1.59 0.51667 9.57005e-321 1.55716e+142 3.50808 2.11975 0.78595 0.185645 0.163364 0.338449 4.325 1.543 0.95605 0 3.65385e+180 9.02063e+227 
 2.985 1.601 0.532611 9.57005e-321 1.55716e+142 3.52941 2.13352 0.573143 0.181091 0.168215 0.355752 4.35 1.562 0.962441 0 3.65385e+180 9.02063e+227 
 3.029 1.605 0.548942 9.57005e-321 1.55716e+142 3.54309 2.16226 1.12665 0.178853 0.191582 0.404805 4.368 1.597 0.970046 0 3.65385e+180 9.02063e+227 
 3.038 1.644 0.566393 9.57005e-321 1.55716e+142 3.55673 2.18987 1.11183 0.178955 0.168844 0.360871 4.388 1.634 0.981383 0 3.65385e+180 9.02063e+227 
 3.02 1.664 0.585517 9.57005e-321 1.55716e+142 3.56611 2.21831 1.25211 0.186298 0.146577 0.304902 4.405 1.674 0.995233 0 3.65385e+180 9.02063e+227 
 3.049 1.64 0.600532 9.57005e-321 1.55716e+142 3.58726 2.24175 0.836874 0.192063 0.173772 0.347241 4.431 1.705 1.00422 0 3.65385e+180 9.02063e+227 
 3.082 1.662 0.616611 9.57005e-321 1.55716e+142 3.59345 2.25551 1.14791 0.186273 0.172168 0.354126 4.443 1.728 1.01513 0 3.65385e+180 9.02063e+227 
 3.079 1.679 0.634454 9.57005e-321 1.55716e+142 3.58732 2.27085 1.95099 0.186103 0.1604 0.331994 4.444 1.755 1.0288 0 3.65385e+180 9.02063e+227 
 3.1 1.658 0.651658 9.57005e-321 1.55716e+142 3.59152 2.28695 1.31552 0.189258 0.183322 0.369644 4.457 1.786 1.04611 0 3.65385e+180 9.02063e+227 
 3.137 1.681 0.668128 9.57005e-321 1.55716e+142 3.60155 2.31925 1.26986 0.186394 0.194421 0.395268 4.472 1.827 1.05612 0 3.65385e+180 9.02063e+227 
 3.133 1.715 0.687104 9.57005e-321 1.55716e+142 3.62276 2.33728 0.704589 0.189263 0.155014 0.316596 4.496 1.85 1.06182 0 3.65385e+180 9.02063e+227 
 3.144 1.729 0.706151 9.57005e-321 1.55716e+142 3.64083 2.37 1.0661 0.194252 0.149021 0.29774 4.517 1.888 1.06786 0 3.65385e+180 9.02063e+227 
 3.153 1.753 0.720595 9.57005e-321 1.55716e+142 3.64325 2.38272 1.38248 0.191688 0.135701 0.275946 4.525 1.911 1.07956 0 3.65385e+180 9.02063e+227 
 3.181 1.722 0.734775 9.57005e-321 1.55716e+142 3.6366 2.39117 2.238 0.192674 0.172477 0.343845 4.527 1.936 1.09823 0 3.65385e+180 9.02063e+227 
 3.213 1.699 0.74929 9.57005e-321 1.55716e+142 3.63424 2.39148 3.00949 0.191331 0.198775 0.39385 4.532 1.951 1.11466 0 3.65385e+180 9.02063e+227 
 3.241 1.723 0.768071 9.57005e-321 1.55716e+142 3.64543 2.39644 0.417046 0.185985 0.185732 0.380038 4.549 1.968 1.12803 0 3.65385e+180 9.02063e+227 
 3.24 1.743 0.786794 9.57005e-321 1.55716e+142 3.6537 2.41831 1.20944 0.188629 0.167342 0.340998 4.562 2 1.13921 0 3.65385e+180 9.02063e+227 
 3.262 1.751 0.804521 9.57005e-321 1.55716e+142 3.66673 2.42357 0.383413 0.187326 0.15951 0.32828 4.583 2.023 1.15866 0 3.65385e+180 9.02063e+227 
 3.248 1.762 0.820998 9.57005e-321 1.55716e+142 3.66086 2.43948 1.92424 0.190115 0.14498 0.296071 4.584 2.055 1.17616 0 3.65385e+180 9.02063e+227 
 3.28 1.778 0.836093 9.57005e-321 1.55716e+142 3.6662 2.44752 0.985507 0.184906 0.148844 0.311507 4.597 2.082 1.1966 0 3.65385e+180 9.02063e+227 
 3.288 1.784 0.850634 9.57005e-321 1.55716e+142 3.67564 2.46737 1.12661 0.188208 0.145265 0.29945 4.613 2.119 1.21497 0 3.65385e+180 9.02063e+227 
 3.336 1.793 0.865112 9.57005e-321 1.55716e+142 3.67836 2.47897 1.34077 0.182269 0.169658 0.356423 4.622 2.148 1.23347 0 3.65385e+180 9.02063e+227 
 3.369 1.79 0.880636 9.57005e-321 1.55716e+142 3.68852 2.48279 0.359373 0.18077 0.179579 0.378232 4.639 2.172 1.25478 0 3.65385e+180 9.02063e+227 
 3.363 1.782 0.898003 9.57005e-321 1.55716e+142 3.70861 2.5008 0.730939 0.190341 0.161184 0.326596 4.666 2.212 1.27783 0 3.65385e+180 9.02063e+227 
 3.365 1.798 0.915067 9.57005e-321 1.55716e+142 3.7181 2.50862 0.689219 0.190409 0.139383 0.284846 4.683 2.246 1.30506 0 3.65385e+180 9.02063e+227 
 3.364 1.781 0.930334 9.57005e-321 1.55716e+142 3.7238 2.51294 0.649177 0.196068 0.133876 0.26662 4.697 2.283 1.33878 0 3.65385e+180 9.02063e+227 
 3.4 1.8 0.94435 9.57005e-321 1.55716e+142 3.72397 2.51288 -0.315949 0.187722 0.141946 0.293712 4.705 2.319 1.37568 0 3.65385e+180 9.02063e+227 
 3.385 1.831 0.95803 9.57005e-321 1.55716e+142 3.72394 2.50636 -1.57692 0.182575 0.102652 0.221218 4.71 2.34 1.40366 0 3.65385e+180 9.02063e+227 
 3.418 1.855 0.971389 9.57005e-321 1.55716e+142 3.71979 2.48258 -1.74335 0.168164 0.0994432 0.23227 4.712 2.358 1.44589 0 3.65385e+180 9.02063e+227 
 3.431 1.87 0.981789 9.57005e-321 1.55716e+142 3.71725 2.4841 2.60286 0.163574 0.0986096 0.23662 4.713 2.392 1.47857 0 3.65385e+180 9.02063e+227 
 3.435 1.881 0.991457 9.57005e-321 1.55716e+142 3.71847 2.50123 1.49974 0.164686 0.0976594 0.232897 4.716 2.431 1.50051 0 3.65385e+180 9.02063e+227 
 3.436 1.874 1.00126 9.57005e-321 1.55716e+142 3.72128 2.52655 1.4603 0.171841 0.105132 0.240002 4.72 2.476 1.52023 0 3.65385e+180 9.02063e+227 
 3.47 1.893 1.01119 9.57005e-321 1.55716e+142 3.71253 2.53749 2.24516 0.165051 0.130064 0.305353 4.712 2.505 1.5383 0 3.65385e+180 9.02063e+227 
 3.47 1.886 1.02316 9.57005e-321 1.55716e+142 3.69612 2.55164 2.43004 0.167868 0.145324 0.333359 4.696 2.536 1.55516 0 3.65385e+180 9.02063e+227 
 3.498 1.897 1.03694 9.57005e-321 1.55716e+142 3.68501 2.57611 1.99691 0.166586 0.174787 0.397366 4.685 2.571 1.56569 0 3.65385e+180 9.02063e+227 
 3.516 1.914 1.05311 9.57005e-321 1.55716e+142 3.67701 2.60736 1.82164 0.167338 0.191925 0.430125 4.677 2.604 1.56744 0 3.65385e+180 9.02063e+227 
 3.542 1.922 1.07101 9.57005e-321 1.55716e+142 3.66901 2.63513 1.85123 0.168721 0.216499 0.474209 4.669 2.631 1.56667 0 3.65385e+180 9.02063e+227 
 3.545 1.929 1.09131 9.57005e-321 1.55716e+142 3.66502 2.66236 1.71623 0.173423 0.216108 0.462409 4.665 2.656 1.56444 0 3.65385e+180 9.02063e+227 
 3.564 1.945 1.11352 9.57005e-321 1.55716e+142 3.67006 2.69787 1.42984 0.177451 0.219452 0.459379 4.67 2.687 1.55993 0 3.65385e+180 9.02063e+227 
 3.574 1.952 1.13503 9.57005e-321 1.55716e+142 3.68013 2.74728 1.3697 0.18804 0.217262 0.432921 4.68 2.731 1.55451 0 3.65385e+180 9.02063e+227 
 3.555 1.961 1.15686 9.57005e-321 1.55716e+142 3.70823 2.79044 0.993704 0.20106 0.171771 0.32929 4.708 2.769 1.54935 0 3.65385e+180 9.02063e+227 
 3.574 1.983 1.17703 9.57005e-321 1.55716e+142 3.71717 2.81467 1.21713 0.201477 0.165969 0.3183 4.717 2.796 1.55213 0 3.65385e+180 9.02063e+227 
 3.582 1.988 1.19381 9.57005e-321 1.55716e+142 3.72007 2.84318 1.46944 0.207076 0.163844 0.306516 4.72 2.831 1.55862 0 3.65385e+180 9.02063e+227 
 3.614 1.994 1.2104 9.57005e-321 1.55716e+142 3.71809 2.8306 -1.72729 0.200741 0.175643 0.336666 4.718 2.844 1.58419 0 3.65385e+180 9.02063e+227 
 3.621 1.999 1.22664 9.57005e-321 1.55716e+142 3.71428 2.80036 -1.69599 0.192403 0.164972 0.3304 4.713 2.851 1.62146 0 3.65385e+180 9.02063e+227 
 3.627 2.014 1.24441 9.57005e-321 1.55716e+142 3.71259 2.79837 -2.27708 0.188548 0.155213 0.318098 4.709 2.883 1.65553 0 3.65385e+180 9.02063e+227 
 3.646 2.039 1.26056 9.57005e-321 1.55716e+142 3.7174 2.81505 1.28984 0.186196 0.154535 0.320535 4.711 2.928 1.68399 0 3.65385e+180 9.02063e+227 
 3.659 2.066 1.27653 9.57005e-321 1.55716e+142 3.72304 2.82982 1.20583 0.183396 0.147425 0.311105 4.714 2.964 1.70539 0 3.65385e+180 9.02063e+227 
 3.676 2.079 1.29212 9.57005e-321 1.55716e+142 3.74033 2.83745 0.415774 0.182651 0.13533 0.288122 4.728 2.994 1.72799 0 3.65385e+180 9.02063e+227 
 3.688 2.11 1.30689 9.57005e-321 1.55716e+142 3.74872 2.85157 1.03449 0.178883 0.125227 0.273026 4.731 3.039 1.75934 0 3.65385e+180 9.02063e+227 
 3.692 2.115 1.31983 9.57005e-321 1.55716e+142 3.75292 2.84381 -1.07516 0.176218 0.113924 0.253054 4.727 3.07 1.79896 0 3.65385e+180 9.02063e+227 
 3.672 2.157 1.33216 9.57005e-321 1.55716e+142 3.75755 2.83712 -0.965061 0.166255 0.0739422 0.176059 4.721 3.105 1.84198 0 3.65385e+180 9.02063e+227 
 3.699 2.148 1.34264 9.57005e-321 1.55716e+142 3.76429 2.83012 -0.804249 0.165853 0.0863946 0.205425 4.717 3.134 1.87956 0 3.65385e+180 9.02063e+227 
 3.697 2.162 1.35009 9.57005e-321 1.55716e+142 3.76249 2.84183 1.72341 0.165453 0.0809766 0.193324 4.705 3.176 1.91153 0 3.65385e+180 9.02063e+227 
 3.705 2.174 1.35881 9.57005e-321 1.55716e+142 3.76274 2.84221 0.99863 0.162459 0.0806617 0.196051 4.695 3.204 1.94098 0 3.65385e+180 9.02063e+227 
 3.699 2.189 1.36696 9.57005e-321 1.55716e+142 3.76128 2.84993 1.7577 0.161065 0.0699848 0.172086 4.685 3.233 1.96391 0 3.65385e+180 9.02063e+227 
 3.686 2.176 1.37529 9.57005e-321 1.55716e+142 3.75854 2.87859 1.66604 0.171633 0.0616362 0.142671 4.674 3.281 1.98495 0 3.65385e+180 9.02063e+227 
 3.717 2.238 1.38265 9.57005e-321 1.55716e+142 3.73061 2.88287 2.98935 0.155403 0.104001 0.261562 4.639 3.301 2.00218 0 3.65385e+180 9.02063e+227 
 3.756 2.209 1.39035 9.57005e-321 1.55716e+142 3.72023 2.90279 2.05139 0.165495 0.15176 0.351565 4.622 3.335 2.01774 0 3.65385e+180 9.02063e+227 
 3.754 2.209 1.40315 9.57005e-321 1.55716e+142 3.69865 2.93084 2.22658 0.172038 0.164237 0.364773 4.599 3.366 2.02102 0 3.65385e+180 9.02063e+227 
 3.738 2.252 1.41975 9.57005e-321 1.55716e+142 3.68138 2.97833 1.91956 0.173681 0.154712 0.342286 4.581 3.415 2.02269 0 3.65385e+180 9.02063e+227 
 3.753 2.291 1.43688 9.57005e-321 1.55716e+142 3.67469 3.0107 1.77473 0.172105 0.16299 0.362112 4.574 3.448 2.02339 0 3.65385e+180 9.02063e+227 
 3.757 2.304 1.45302 9.57005e-321 1.55716e+142 3.66039 3.03725 2.06465 0.175588 0.169709 0.368908 4.559 3.476 2.025 0 3.65385e+180 9.02063e+227 
 3.744 2.302 1.47014 9.57005e-321 1.55716e+142 3.64827 3.06642 1.96458 0.183818 0.158062 0.331277 4.545 3.509 2.02927 0 3.65385e+180 9.02063e+227 
 3.755 2.303 1.48726 9.57005e-321 1.55716e+142 3.62888 3.10317 2.05629 0.192732 0.173685 0.345972 4.523 3.551 2.03513 0 3.65385e+180 9.02063e+227 
 3.801 2.337 1.50399 9.57005e-321 1.55716e+142 3.61836 3.12428 2.03296 0.189835 0.212381 0.420778 4.509 3.579 2.04285 0 3.65385e+180 9.02063e+227 
 3.779 2.378 1.52366 9.57005e-321 1.55716e+142 3.60754 3.1452 2.04842 0.185901 0.189382 0.386945 4.494 3.608 2.05195 0 3.65385e+180 9.02063e+227 
 3.795 2.406 1.54515 9.57005e-321 1.55716e+142 3.58592 3.17717 2.1653 0.18788 0.207795 0.416515 4.466 3.652 2.06557 0 3.65385e+180 9.02063e+227 
 3.783 2.399 1.56513 9.57005e-321 1.55716e+142 3.57329 3.19855 2.10441 0.195722 0.191988 0.37391 4.447 3.685 2.07882 0 3.65385e+180 9.02063e+227 
 3.803 2.395 1.5865 9.57005e-321 1.55716e+142 3.55612 3.21548 2.36316 0.20222 0.206827 0.388338 4.423 3.714 2.09268 0 3.65385e+180 9.02063e+227 
 3.783 2.428 1.60649 9.57005e-321 1.55716e+142 3.54228 3.23593 2.16602 0.199997 0.188275 0.360133 4.403 3.745 2.10491 0 3.65385e+180 9.02063e+227 
 3.792 2.462 1.62701 9.57005e-321 1.55716e+142 3.52293 3.24949 2.53018 0.196552 0.20064 0.387656 4.378 3.768 2.1159 0 3.65385e+180 9.02063e+227 
 3.791 2.474 1.64699 9.57005e-321 1.55716e+142 3.51497 3.26726 1.9917 0.199044 0.191334 0.367079 4.365 3.794 2.12556 0 3.65385e+180 9.02063e+227 
 3.806 2.506 1.66758 9.57005e-321 1.55716e+142 3.50235 3.30126 1.92625 0.201312 0.199706 0.377753 4.348 3.835 2.13382 0 3.65385e+180 9.02063e+227 
 3.806 2.512 1.68702 9.57005e-321 1.55716e+142 3.50961 3.31946 1.19132 0.204863 0.177002 0.33275 4.349 3.863 2.14544 0 3.65385e+180 9.02063e+227 
 3.822 2.535 1.70722 9.57005e-321 1.55716e+142 3.51116 3.34348 1.5064 0.20651 0.174061 0.325179 4.342 3.9 2.16098 0 3.65385e+180 9.02063e+227 
 3.827 2.544 1.72548 9.57005e-321 1.55716e+142 3.53306 3.32705 -0.643751 0.200381 0.151265 0.293249 4.347 3.908 2.19069 0 3.65385e+180 9.02063e+227 
 3.836 2.559 1.74235 9.57005e-321 1.55716e+142 3.55516 3.31057 -0.640851 0.192798 0.134271 0.271685 4.348 3.92 2.22614 0 3.65385e+180 9.02063e+227 
 3.841 2.583 1.75725 9.57005e-321 1.55716e+142 3.56509 3.29744 -0.923193 0.184139 0.127561 0.270314 4.333 3.938 2.26603 0 3.65385e+180 9.02063e+227 
 3.834 2.593 1.77092 9.57005e-321 1.55716e+142 3.57817 3.27986 -0.931118 0.176885 0.106544 0.236427 4.324 3.946 2.29981 0 3.65385e+180 9.02063e+227 
 3.828 2.636 1.78344 9.57005e-321 1.55716e+142 3.57272 3.28424 2.46547 0.167979 0.106894 0.249247 4.308 3.962 2.31551 0 3.65385e+180 9.02063e+227 
 3.837 2.654 1.79436 9.57005e-321 1.55716e+142 3.54485 3.30594 2.47997 0.171304 0.132124 0.29925 4.253 4.012 2.35471 0 3.65385e+180 9.02063e+227 
 3.858 2.646 1.80703 9.57005e-321 1.55716e+142 3.49812 3.35284 2.35434 0.18891 0.167739 0.341277 4.194 4.071 2.37195 0 3.65385e+180 9.02063e+227 
 3.859 2.68 1.82209 9.57005e-321 1.55716e+142 3.44864 3.38974 2.50085 0.193629 0.198716 0.389534 4.135 4.117 2.38512 0 3.65385e+180 9.02063e+227 
 3.848 2.686 1.84119 9.57005e-321 1.55716e+142 3.42504 3.40098 2.69701 0.196629 0.193757 0.375459 4.102 4.137 2.39797 0 3.65385e+180 9.02063e+227 
 3.851 2.723 1.86244 9.57005e-321 1.55716e+142 3.41087 3.41366 2.41164 0.193298 0.200585 0.393437 4.082 4.155 2.40586 0 3.65385e+180 9.02063e+227 
 3.861 2.741 1.88308 9.57005e-321 1.55716e+142 3.39391 3.43013 2.3709 0.196135 0.208152 0.401453 4.06 4.176 2.41264 0 3.65385e+180 9.02063e+227 
 3.863 2.765 1.90439 9.57005e-321 1.55716e+142 3.37806 3.45293 2.1782 0.198444 0.207405 0.39598 4.036 4.206 2.42352 0 3.65385e+180 9.02063e+227 
