 1 1 -7.27967e-05 0 0 2.76777 2.76777 1.55741 0 0 0 1 1 0 0 0 0 
 1 1 -7.21072e-05 0 0 2.76777 2.76777 1.55741 1.32658 1.21717 0.351749 1 1 0 0 0 0 
 1 1 0.000116902 0 0 2.76777 2.76777 1.55741 1.32674 1.21694 0.351647 1 1 0 0 0 0 
 1 1 0.00799773 0 0 2.76777 2.76777 1.55741 1.33356 1.20716 0.347402 1 1 0 0 0 0 
 1 1 0.018528 0 0 2.76777 2.76777 1.55741 1.34254 1.19396 0.341772 1 1 0 0 0 0 
 1 1 0.0588282 0 0 2.76777 2.76777 1.55741 1.37567 1.14221 0.320657 1 1 0 0 0 0 
 1 1 0.137954 0 0 2.76777 2.76777 1.55741 1.43499 1.03525 0.280941 1 1 0 0 0 0 
 1 1 0.234679 0 0 2.76777 2.76777 1.55741 1.49745 0.896057 0.234935 1 1 0 0 0 0 
 1 1 0.333663 0 0 2.76777 2.76777 1.55741 1.55027 0.745642 0.190068 1 1 0 0 0 0 
 1 1 0.428776 0 0 2.76777 2.76777 1.55741 1.59076 0.595039 0.148522 1 1 0 0 0 0 
 1 1 0.515012 0 0 2.76777 2.76777 1.55741 1.619 0.454515 0.111827 1 1 0 0 0 0 
 1 1 0.589251 0 0 2.76777 2.76777 1.55741 1.63699 0.331268 0.0807697 1 1 0 0 0 0 
 1 1 0.64632 0 0 2.76777 2.76777 1.55741 1.64689 0.235488 0.0571336 1 1 0 0 0 0 
 1 1 0.682672 0 0 2.76777 2.76777 1.55741 1.65143 0.174141 0.0421546 1 1 0 0 0 0 
 1 1 0.702699 0 0 2.76777 2.76777 1.55741 1.65335 0.140261 0.0339209 1 1 0 0 0 0 
 1 1 0.719617 0 0 2.76777 2.76777 1.55741 1.65464 0.111604 0.026973 1 1 0 0 0 0 
 1 1 0.733703 0 0 2.76777 2.76777 1.55741 1.6555 0.0877257 0.0211931 1 1 0 0 0 0 
 1 1 0.745516 0 0 2.76777 2.76777 1.55741 1.65605 0.0676881 0.0163478 1 1 0 0 0 0 
 1 1 0.756349 0 0 2.76777 2.76777 1.55741 1.65644 0.0493084 0.0119065 1 1 0 0 0 0 
 1 1 0.764755 0 0 2.76777 2.76777 1.55741 1.65665 0.0350407 0.0084604 1 1 0 0 0 0 
 1 1 0.771346 0 0 2.76777 2.76777 1.55741 1.65677 0.0238533 0.00575891 1 1 0 0 0 0 
 1 1 0.775886 0 0 2.76777 2.76777 1.55741 1.65683 0.0161466 0.00389818 1 1 0 0 0 0 
 1 1 0.779285 0 0 2.76777 2.76777 1.55741 1.65685 0.0103769 0.00250521 1 1 0 0 0 0 
 1 1 0.783272 0 0 2.76777 2.76777 1.55741 1.65687 0.00360867 0.000871201 1 1 0 0 0 0 
 1 1 0.787275 0 0 2.76777 2.76777 1.55741 1.65687 -0.00318622 -0.000769213 1 1 0 0 0 0 
 1 1 0.792209 0 0 2.76777 2.76777 1.55741 1.65685 -0.0115617 -0.00279125 1 1 0 0 0 0 
 1 1 0.795594 0 0 2.76777 2.76777 1.55741 1.65682 -0.0173072 -0.00417839 1 1 0 0 0 0 
 1 1 0.797417 0 0 2.76777 2.76777 1.55741 1.6568 -0.0204018 -0.00492555 1 1 0 0 0 0 
 1 1 0.79734 0 0 2.76777 2.76777 1.55741 1.6568 -0.0202723 -0.00489429 1 1 0 0 0 0 
 1 1 0.796359 0 0 2.76777 2.76777 1.55741 1.65681 -0.0186064 -0.00449206 1 1 0 0 0 0 
 1 1 0.79613 0 0 2.76777 2.76777 1.55741 1.65681 -0.0182185 -0.00439842 1 1 0 0 0 0 
 1 1 0.795338 0 0 2.76777 2.76777 1.55741 1.65682 -0.0168733 -0.00407364 1 1 0 0 0 0 
 1 1 0.795425 0 0 2.76777 2.76777 1.55741 1.65682 -0.017021 -0.00410929 1 1 0 0 0 0 
 1 1 0.795715 0 0 2.76777 2.76777 1.55741 1.65682 -0.0175139 -0.0042283 1 1 0 0 0 0 
 1 1 0.795635 0 0 2.76777 2.76777 1.55741 1.65682 -0.0173773 -0.00419532 1 1 0 0 0 0 
 1 1 0.795249 0 0 2.76777 2.76777 1.55741 1.65682 -0.0167216 -0.00403701 1 1 0 0 0 0 
 1 1 0.793301 0 0 2.76777 2.76777 1.55741 1.65684 -0.0134149 -0.00323867 1 1 0 0 0 0 
 1 1 0.790803 0 0 2.76777 2.76777 1.55741 1.65686 -0.00917504 -0.00221504 1 1 0 0 0 0 
 1 1 0.789604 0 0 2.76777 2.76777 1.55741 1.65687 -0.00713914 -0.00172353 1 1 0 0 0 0 
 1 1 0.788065 0 0 2.76777 2.76777 1.55741 1.65687 -0.00452776 -0.00109309 1 1 0 0 0 0 
 1 1 0.788883 0 0 2.76777 2.76777 1.55741 1.65687 -0.00591504 -0.001428 1 1 0 0 0 0 
 1 1 0.789647 0 0 2.76777 2.76777 1.55741 1.65686 -0.00721205 -0.00174113 1 1 0 0 0 0 
 1 1 0.79008 0 0 2.76777 2.76777 1.55741 1.65686 -0.0079483 -0.00191888 1 1 0 0 0 0 
 1 1 0.79005 0 0 2.76777 2.76777 1.55741 1.65686 -0.00789747 -0.0019066 1 1 0 0 0 0 
 1 1 0.788516 0 0 2.76777 2.76777 1.55741 1.65687 -0.00529232 -0.00127767 1 1 0 0 0 0 
 1 1 0.78762 0 0 2.76777 2.76777 1.55741 1.65687 -0.00377158 -0.000910531 1 1 0 0 0 0 
 1 1 0.786576 0 0 2.76777 2.76777 1.55741 1.65687 -0.00199886 -0.000482561 1 1 0 0 0 0 
 1 1 0.785897 0 0 2.76777 2.76777 1.55741 1.65687 -0.000847516 -0.000204606 1 1 0 0 0 0 
 1 1 0.785542 0 0 2.76777 2.76777 1.55741 1.65687 -0.000243516 -5.87892e-05 1 1 0 0 0 0 
 1 1 0.785623 0 0 2.76777 2.76777 1.55741 1.65687 -0.000381086 -9.20012e-05 1 1 0 0 0 0 
 1 1 0.785873 0 0 2.76777 2.76777 1.55741 1.65687 -0.000805799 -0.000194535 1 1 0 0 0 0 
 1 1 0.785751 0 0 2.76777 2.76777 1.55741 1.65687 -0.000599418 -0.000144711 1 1 0 0 0 0 
 1 1 0.785473 0 0 2.76777 2.76777 1.55741 1.65687 -0.000127039 -3.06695e-05 1 1 0 0 0 0 
 1 1 0.784884 0 0 2.76777 2.76777 1.55741 1.65687 0.000873642 0.000210913 1 1 0 0 0 0 
 1 1 0.78406 0 0 2.76777 2.76777 1.55741 1.65687 0.00227107 0.000548278 1 1 0 0 0 0 
 1 1 0.784046 0 0 2.76777 2.76777 1.55741 1.65687 0.00229583 0.000554256 1 1 0 0 0 0 
 1 1 0.784471 0 0 2.76777 2.76777 1.55741 1.65687 0.00157421 0.000380043 1 1 0 0 0 0 
 1 1 0.784924 0 0 2.76777 2.76777 1.55741 1.65687 0.000805245 0.000194401 1 1 0 0 0 0 
 1 1 0.783696 0 0 2.76777 2.76777 1.55741 1.65687 0.00288887 0.000697426 1 1 0 0 0 0 
 1 1 0.783005 0 0 2.76777 2.76777 1.55741 1.65687 0.00406337 0.000980975 1 1 0 0 0 0 
 1 1 0.783129 0 0 2.76777 2.76777 1.55741 1.65687 0.00385291 0.000930166 1 1 0 0 0 0 
 1 1 0.783386 0 0 2.76777 2.76777 1.55741 1.65687 0.00341545 0.000824553 1 1 0 0 0 0 
 1 1 0.784821 0 0 2.76777 2.76777 1.55741 1.65687 0.000980584 0.000236731 1 1 0 0 0 0 
 1 1 0.786434 0 0 2.76777 2.76777 1.55741 1.65687 -0.00175865 -0.000424572 1 1 0 0 0 0 
 1 1 0.787151 0 0 2.76777 2.76777 1.55741 1.65687 -0.00297625 -0.000718521 1 1 0 0 0 0 
 1 1 0.788608 0 0 2.76777 2.76777 1.55741 1.65687 -0.0054483 -0.00131532 1 1 0 0 0 0 
 1 1 0.788319 0 0 2.76777 2.76777 1.55741 1.65687 -0.00495793 -0.00119694 1 1 0 0 0 0 
 1 1 0.787299 0 0 2.76777 2.76777 1.55741 1.65687 -0.00322704 -0.000779068 1 1 0 0 0 0 
 1 1 0.787154 0 0 2.76777 2.76777 1.55741 1.65687 -0.00298064 -0.000719582 1 1 0 0 0 0 
 1 1 0.787267 0 0 2.76777 2.76777 1.55741 1.65687 -0.0031722 -0.000765828 1 1 0 0 0 0 
 1 1 0.787229 0 0 2.76777 2.76777 1.55741 1.65687 -0.00310874 -0.000750509 1 1 0 0 0 0 
 1 1 0.787108 0 0 2.76777 2.76777 1.55741 1.65687 -0.00290341 -0.000700936 1 1 0 0 0 0 
 1 1 0.787223 0 0 2.76777 2.76777 1.55741 1.65687 -0.00309744 -0.000747781 1 1 0 0 0 0 
 1 1 0.787288 0 0 2.76777 2.76777 1.55741 1.65687 -0.00320774 -0.000774409 1 1 0 0 0 0 
 1 1 0.787277 0 0 2.76777 2.76777 1.55741 1.65687 -0.00318911 -0.00076991 1 1 0 0 0 0 
 1 1 0.787321 0 0 2.76777 2.76777 1.55741 1.65687 -0.00326463 -0.000788143 1 1 0 0 0 0 
 1 1 0.787335 0 0 2.76777 2.76777 1.55741 1.65687 -0.00328727 -0.000793607 1 1 0 0 0 0 
 1 1 0.787312 0 0 2.76777 2.76777 1.55741 1.65687 -0.00324815 -0.000784165 1 1 0 0 0 0 
 1 1 0.787287 0 0 2.76777 2.76777 1.55741 1.65687 -0.00320588 -0.000773958 1 1 0 0 0 0 
 1 1 0.787269 0 0 2.76777 2.76777 1.55741 1.65687 -0.00317652 -0.000766871 1 1 0 0 0 0 
 1 1 0.787313 0 0 2.76777 2.76777 1.55741 1.65687 -0.00325014 -0.000784646 1 1 0 0 0 0 
 1 1 0.787263 0 0 2.76777 2.76777 1.55741 1.65687 -0.00316639 -0.000764426 1 1 0 0 0 0 
 1 1 0.787245 0 0 2.76777 2.76777 1.55741 1.65687 -0.00313554 -0.000756979 1 1 0 0 0 0 
 1 1 0.78729 0 0 2.76777 2.76777 1.55741 1.65687 -0.0032114 -0.000775292 1 1 0 0 0 0 
 1 1 0.787212 0 0 2.76777 2.76777 1.55741 1.65687 -0.00307862 -0.000743237 1 1 0 0 0 0 
 1 1 0.787171 0 0 2.76777 2.76777 1.55741 1.65687 -0.00300901 -0.000726432 1 1 0 0 0 0 
 1 1 0.787177 0 0 2.76777 2.76777 1.55741 1.65687 -0.00301955 -0.000728977 1 1 0 0 0 0 
 1 1 0.787159 0 0 2.76777 2.76777 1.55741 1.65687 -0.00298864 -0.000721513 1 1 0 0 0 0 
 1 1 0.787128 0 0 2.76777 2.76777 1.55741 1.65687 -0.0029363 -0.000708878 1 1 0 0 0 0 
 1 1 0.787157 0 0 2.76777 2.76777 1.55741 1.65687 -0.00298519 -0.00072068 1 1 0 0 0 0 
 1 1 0.787127 0 0 2.76777 2.76777 1.55741 1.65687 -0.00293517 -0.000708605 1 1 0 0 0 0 
 1 1 0.787132 0 0 2.76777 2.76777 1.55741 1.65687 -0.00294257 -0.000710391 1 1 0 0 0 0 
 1 1 0.787131 0 0 2.76777 2.76777 1.55741 1.65687 -0.00294229 -0.000710324 1 1 0 0 0 0 
 1 1 0.787087 0 0 2.76777 2.76777 1.55741 1.65687 -0.00286755 -0.00069228 1 1 0 0 0 0 
 1 1 0.787105 0 0 2.76777 2.76777 1.55741 1.65687 -0.00289756 -0.000699524 1 1 0 0 0 0 
 1 1 0.787035 0 0 2.76777 2.76777 1.55741 1.65687 -0.00277915 -0.000670938 1 1 0 0 0 0 
 1 1 0.78708 0 0 2.76777 2.76777 1.55741 1.65687 -0.00285532 -0.000689327 1 1 0 0 0 0 
 1 1 0.787034 0 0 2.76777 2.76777 1.55741 1.65687 -0.00277619 -0.000670223 1 1 0 0 0 0 
 1 1 0.787031 0 0 2.76777 2.76777 1.55741 1.65687 -0.00277269 -0.00066938 1 1 0 0 0 0 
 1 1 0.787057 0 0 2.76777 2.76777 1.55741 1.65687 -0.00281601 -0.000679837 1 1 0 0 0 0 
