 2.275 0.341 0.0663079 9.57005e-321 1.55716e+142 1.95574 -0.261618 -0.13298 0 0 0 3.439 1.08 0.735299 0 1.97626e-323 6.69905e-317 
 2.269 0.338 0.0663097 9.57005e-321 1.55716e+142 1.94773 -0.258609 2.78216 1.07076e-09 -2.16131 -0.523599 3.431 1.083 0.735293 0 1.97626e-323 6.69905e-317 
 2.282 0.346 0.0663092 9.57005e-321 1.55716e+142 1.95069 -0.26556 -1.16876 5.67797e-10 -2.14329 -0.523599 3.434 1.076 0.73526 0 1.97626e-323 6.69905e-317 
 2.28 0.348 0.0663087 9.57005e-321 1.55716e+142 1.94463 -0.269499 -2.56485 -6.23585e-09 -2.13576 0.523599 3.428 1.072 0.735219 0 1.97626e-323 6.69905e-317 
 2.271 0.353 0.066308 9.57005e-321 1.55716e+142 1.94663 -0.269497 0.000938328 9.13215e-10 -2.14205 -0.523599 3.43 1.072 0.735218 0 1.97626e-323 6.69905e-317 
 2.285 0.338 0.066307 9.57005e-321 1.55716e+142 1.94961 -0.274475 -1.03138 3.74648e-10 -2.13897 -0.523599 3.433 1.067 0.735203 0 1.97626e-323 6.69905e-317 
 2.254 0.341 0.0663063 9.57005e-321 1.55716e+142 1.94859 -0.266448 1.69769 1.9685e-09 -2.16529 -0.523599 3.432 1.075 0.735185 0 1.97626e-323 6.69905e-317 
 2.275 0.361 0.0663071 9.57005e-321 1.55716e+142 1.95162 -0.26949 -0.786052 -6.02251e-09 -2.13753 0.523599 3.435 1.072 0.735213 0 1.97626e-323 6.69905e-317 
 2.308 0.336 0.0663069 9.57005e-321 1.55716e+142 1.95552 -0.268377 0.278051 -3.77573e-10 -2.1367 0.523599 3.439 1.073 0.735137 0 1.97626e-323 6.69905e-317 
 2.284 0.343 0.0663061 9.57005e-321 1.55716e+142 1.95156 -0.277419 -1.98374 5.14159e-10 -2.13655 -0.523599 3.435 1.064 0.735165 0 1.97626e-323 6.69905e-317 
 2.284 0.349 0.0663069 9.57005e-321 1.55716e+142 1.94852 -0.27637 2.80957 3.70368e-10 -2.13054 -0.523599 3.432 1.065 0.735132 0 1.97626e-323 6.69905e-317 
 2.297 0.336 0.0663066 9.57005e-321 1.55716e+142 1.94753 -0.271387 1.76588 -6.46325e-09 -2.1347 0.523599 3.431 1.07 0.735143 0 1.97626e-323 6.69905e-317 
 2.282 0.352 0.0663076 9.57005e-321 1.55716e+142 1.94653 -0.262391 1.68107 -6.23753e-09 -2.13767 0.523599 3.43 1.079 0.735146 0 1.97626e-323 6.69905e-317 
 2.285 0.35 0.0663072 9.57005e-321 1.55716e+142 1.9396 -0.274464 -2.09211 -7.30919e-11 -2.12135 0.523599 3.423 1.067 0.735195 0 1.97626e-323 6.69905e-317 
 2.292 0.383 0.0663066 9.57005e-321 1.55716e+142 1.94265 -0.270516 0.913594 -6.46087e-09 -2.0983 0.523599 3.426 1.071 0.73523 0 1.97626e-323 6.69905e-317 
 2.285 0.342 0.0663081 9.57005e-321 1.55716e+142 1.94868 -0.268548 0.315497 3.31114e-10 -2.13931 -0.523599 3.432 1.073 0.735252 0 1.97626e-323 6.69905e-317 
 2.295 0.347 0.066309 9.57005e-321 1.55716e+142 1.94972 -0.269593 -0.787369 -6.84809e-11 -2.12703 0.523599 3.433 1.072 0.735283 0 1.97626e-323 6.69905e-317 
 2.301 0.351 0.0663082 9.57005e-321 1.55716e+142 1.95 -0.273903 -1.50594 -6.48489e-09 -2.11785 0.523599 3.433 1.068 0.735491 0 1.97626e-323 6.69905e-317 
 2.286 0.347 0.0659201 9.57005e-321 1.55716e+142 1.98367 -0.301924 -0.694071 -5.58401e-09 -2.13904 0.523599 3.438 1.071 0.756613 0 1.97626e-323 6.69905e-317 
 2.301 0.355 -0.0280296 9.57005e-321 1.55716e+142 2.06525 -0.351904 -0.549656 3.45187e-08 -2.15055 -0.523599 3.446 1.095 0.80879 0 1.97626e-323 6.69905e-317 
 2.293 0.322 -0.21234 9.57005e-321 1.55716e+142 2.21001 -0.43306 -0.510957 0.215831 -2.194 -0.523599 3.459 1.129 0.896313 0 1.97626e-323 6.69905e-317 
 2.279 0.271 -0.415697 9.57005e-321 1.55716e+142 2.34394 -0.487234 -0.384383 0.441459 -1.86399 -0.523599 3.468 1.167 0.973959 0 1.97626e-323 6.69905e-317 
 2.309 0.273 -0.614433 9.57005e-321 1.55716e+142 2.46865 -0.532621 -0.349032 0.602273 -1.43283 -0.404602 3.478 1.194 1.04179 0 1.97626e-323 6.69905e-317 
 2.324 0.267 -0.790657 9.57005e-321 1.55716e+142 2.54318 -0.541221 -0.114883 0.680742 -1.00489 -0.25971 3.489 1.221 1.0782 0 1.97626e-323 6.69905e-317 
 2.331 0.213 -0.916238 9.57005e-321 1.55716e+142 2.59853 -0.51081 0.502398 0.660104 -0.585565 -0.158338 3.501 1.274 1.10265 0 1.97626e-323 6.69905e-317 
 2.333 0.151 -0.998815 9.57005e-321 1.55716e+142 2.61834 -0.491196 0.7805 0.612368 -0.295079 -0.0865193 3.502 1.303 1.11316 0 1.97626e-323 6.69905e-317 
 2.367 0.091 -1.0574 9.57005e-321 1.55716e+142 2.63576 -0.466369 0.958771 0.542139 -0.11908 -0.0395162 3.515 1.33 1.11562 0 1.97626e-323 6.69905e-317 
 2.429 0.051 -1.09059 9.57005e-321 1.55716e+142 2.64504 -0.433542 1.29538 0.46485 -0.10781 -0.0417223 3.528 1.361 1.11355 0 1.97626e-323 6.69905e-317 
 2.451 -0.018 -1.10045 9.57005e-321 1.55716e+142 2.64432 -0.396219 1.59012 0.372579 0.00353115 0.00170596 3.534 1.395 1.1098 0 1.97626e-323 6.69905e-317 
 2.498 -0.018 -1.11078 9.57005e-321 1.55716e+142 2.65361 -0.338702 1.41068 0.312663 -0.0125211 -0.00720829 3.57 1.439 1.09483 0 1.97626e-323 6.69905e-317 
 2.486 -0.063 -1.11381 9.57005e-321 1.55716e+142 2.61729 -0.287148 2.18451 0.22744 0.0933105 0.0737137 3.578 1.467 1.06974 0 1.97626e-323 6.69905e-317 
 2.491 -0.071 -1.11175 9.57005e-321 1.55716e+142 2.59949 -0.249063 2.00807 0.182378 0.0984478 0.0968598 3.589 1.489 1.05324 0 1.97626e-323 6.69905e-317 
 2.498 0.001 -1.11223 9.57005e-321 1.55716e+142 2.58036 -0.22078 2.16544 0.206741 -0.124634 -0.10809 3.603 1.498 1.03408 0 1.97626e-323 6.69905e-317 
 2.497 -0.001 -1.11217 9.57005e-321 1.55716e+142 2.56456 -0.19362 2.09771 0.178088 -0.133507 -0.134131 3.609 1.512 1.02134 0 1.97626e-323 6.69905e-317 
 2.486 -0.017 -1.11215 9.57005e-321 1.55716e+142 2.5546 -0.179864 2.19717 0.154804 -0.0598558 -0.0694861 3.61 1.519 1.01491 0 1.97626e-323 6.69905e-317 
 2.481 -0.032 -1.11212 9.57005e-321 1.55716e+142 2.57374 -0.140325 1.12008 0.122024 0.211433 0.302327 3.638 1.553 1.00968 0 1.97626e-323 6.69905e-317 
 2.477 -0.02 -1.11211 9.57005e-321 1.55716e+142 2.5958 -0.114577 0.862381 0.123241 0.386182 0.513558 3.666 1.575 1.00617 0 1.97626e-323 6.69905e-317 
 2.495 0.001 -1.1121 9.57005e-321 1.55716e+142 2.60722 -0.0862112 1.18796 0.114723 0.3766 0.523599 3.678 1.603 1.00583 0 1.97626e-323 6.69905e-317 
 2.484 -0.009 -1.11216 9.57005e-321 1.55716e+142 2.61523 -0.0591115 1.28362 0.0965953 0.596013 0.523599 3.683 1.632 1.00761 0 1.97626e-323 6.69905e-317 
 2.497 0.013 -1.11219 9.57005e-321 1.55716e+142 2.62667 -0.0474138 0.796344 0.103275 0.55273 0.523599 3.686 1.649 1.01259 0 1.97626e-323 6.69905e-317 
 2.468 -0.009 -1.11223 9.57005e-321 1.55716e+142 2.6457 -0.0323046 0.670961 0.101994 0.905005 0.523599 3.702 1.666 1.01438 0 1.97626e-323 6.69905e-317 
 2.47 0.021 -1.11223 9.57005e-321 1.55716e+142 2.66781 0.00306444 1.01215 0.109393 1.0066 0.523599 3.715 1.707 1.01973 0 1.97626e-323 6.69905e-317 
 2.481 0 -1.11215 9.57005e-321 1.55716e+142 2.68886 0.0261147 0.830795 0.0859948 1.2049 0.523599 3.723 1.738 1.02737 0 1.97626e-323 6.69905e-317 
 2.484 0.007 -1.11212 9.57005e-321 1.55716e+142 2.70706 0.0351879 0.462475 0.0934705 1.26598 0.523599 3.733 1.752 1.03215 0 1.97626e-323 6.69905e-317 
 2.484 -0.001 -1.10518 9.57005e-321 1.55716e+142 2.72331 0.0409231 0.339174 0.0954323 1.36271 0.523599 3.737 1.765 1.03928 0 1.97626e-323 6.69905e-317 
 2.456 -0.018 -1.01693 9.57005e-321 1.55716e+142 2.74852 0.0486266 0.296556 0.130825 1.51605 0.523599 3.741 1.785 1.05154 0 1.97626e-323 6.69905e-317 
 2.464 -0.008 -0.947027 9.57005e-321 1.55716e+142 2.7838 0.0754221 0.649561 0.155048 1.55998 0.523599 3.76 1.821 1.06089 0 1.97626e-323 6.69905e-317 
 2.481 -0.043 -0.848495 9.57005e-321 1.55716e+142 2.82403 0.0842617 0.216291 0.17357 1.63959 0.523599 3.78 1.841 1.07244 0 1.97626e-323 6.69905e-317 
 2.5 -0.016 -0.764592 9.57005e-321 1.55716e+142 2.84277 0.0872564 0.15848 0.202349 1.46958 0.523599 3.782 1.853 1.08194 0 1.97626e-323 6.69905e-317 
 2.457 -0.039 -0.650461 9.57005e-321 1.55716e+142 2.8776 0.1243 0.816151 0.269267 1.57322 0.523599 3.794 1.902 1.09483 0 1.97626e-323 6.69905e-317 
 2.47 0.028 -0.594141 9.57005e-321 1.55716e+142 2.91602 0.130441 0.158523 0.319394 1.31173 0.523599 3.803 1.923 1.11131 0 1.97626e-323 6.69905e-317 
 2.464 0.007 -0.493645 9.57005e-321 1.55716e+142 2.95504 0.134323 0.0991517 0.370889 1.25127 0.523599 3.815 1.94 1.12633 0 1.97626e-323 6.69905e-317 
 2.468 0.007 -0.392331 9.57005e-321 1.55716e+142 2.96766 0.130342 -0.305523 0.397689 1.08077 0.454949 3.802 1.948 1.14047 0 1.97626e-323 6.69905e-317 
 2.48 0.044 -0.280856 9.57005e-321 1.55716e+142 3.00536 0.132811 0.0654047 0.439931 0.784691 0.310664 3.805 1.966 1.15948 0 1.97626e-323 6.69905e-317 
 2.542 0.07 -0.177219 9.57005e-321 1.55716e+142 3.03465 0.144148 0.36928 0.423255 0.562811 0.23493 3.807 1.989 1.17432 0 1.97626e-323 6.69905e-317 
 2.613 0.094 -0.102826 9.57005e-321 1.55716e+142 3.05207 0.144731 0.0334853 0.382139 0.360666 0.168279 3.804 1.998 1.18536 0 1.97626e-323 6.69905e-317 
 2.64 0.11 -0.0471725 9.57005e-321 1.55716e+142 3.05484 0.153001 1.24812 0.363292 0.243758 0.120192 3.8 2.009 1.18901 0 1.97626e-323 6.69905e-317 
 2.677 0.123 -0.0150243 9.57005e-321 1.55716e+142 3.08173 0.188243 0.919021 0.356215 0.281102 0.141101 3.825 2.045 1.19003 0 1.97626e-323 6.69905e-317 
 2.736 0.147 0.00878492 9.57005e-321 1.55716e+142 3.08242 0.203371 1.52501 0.305578 0.228858 0.134 3.821 2.062 1.19255 0 1.97626e-323 6.69905e-317 
 2.756 0.174 0.037248 9.57005e-321 1.55716e+142 3.09783 0.22505 0.952797 0.301969 0.165453 0.0983066 3.828 2.087 1.19707 0 1.97626e-323 6.69905e-317 
 2.822 0.158 0.05833 9.57005e-321 1.55716e+142 3.0962 0.247345 1.64405 0.247382 0.347176 0.247436 3.822 2.111 1.19942 0 1.97626e-323 6.69905e-317 
 2.836 0.157 0.0744203 9.57005e-321 1.55716e+142 3.12066 0.28354 0.976484 0.262641 0.482928 0.319625 3.834 2.152 1.20609 0 1.97626e-323 6.69905e-317 
 2.86 0.142 0.113687 9.57005e-321 1.55716e+142 3.14086 0.314179 0.987875 0.271157 0.627191 0.394516 3.84 2.188 1.21368 0 1.97626e-323 6.69905e-317 
 2.894 0.127 0.164828 9.57005e-321 1.55716e+142 3.16327 0.361964 1.13235 0.283038 0.819675 0.480524 3.851 2.24 1.21976 0 1.97626e-323 6.69905e-317 
 2.905 0.093 0.228724 9.57005e-321 1.55716e+142 3.18729 0.400461 1.01289 0.325685 0.948099 0.48266 3.857 2.285 1.22934 0 1.97626e-323 6.69905e-317 
 2.978 0.179 0.310254 9.57005e-321 1.55716e+142 3.21733 0.424391 0.672623 0.277731 0.712482 0.432596 3.858 2.319 1.24471 0 1.97626e-323 6.69905e-317 
 2.998 0.194 0.401993 9.57005e-321 1.55716e+142 3.24363 0.438947 0.505594 0.290072 0.565113 0.337275 3.871 2.338 1.25172 0 1.97626e-323 6.69905e-317 
 3.014 0.132 0.471698 9.57005e-321 1.55716e+142 3.31069 0.448932 0.147802 0.366904 0.566979 0.271297 3.884 2.365 1.28006 0 1.97626e-323 6.69905e-317 
 3.04 0.148 0.526819 9.57005e-321 1.55716e+142 3.37617 0.443763 -0.0787853 0.388264 0.324225 0.149194 3.881 2.379 1.31562 0 1.97626e-323 6.69905e-317 
 3.032 0.172 0.575573 9.57005e-321 1.55716e+142 3.44593 0.452348 0.122432 0.438468 0.0343184 0.0140875 3.874 2.406 1.35509 0 1.97626e-323 6.69905e-317 
 3.08 0.207 0.603726 9.57005e-321 1.55716e+142 3.51219 0.450268 -0.0313792 0.43396 -0.157749 -0.0653386 3.87 2.418 1.39092 0 1.97626e-323 6.69905e-317 
 3.122 0.191 0.606828 9.57005e-321 1.55716e+142 3.54832 0.474122 0.583536 0.448839 -0.0360916 -0.014473 3.858 2.45 1.41533 0 1.97626e-323 6.69905e-317 
 3.168 0.237 0.606003 9.57005e-321 1.55716e+142 3.56817 0.472345 -0.0892379 0.406539 -0.125818 -0.0556498 3.831 2.455 1.439 0 1.97626e-323 6.69905e-317 
 3.184 0.264 0.60544 9.57005e-321 1.55716e+142 3.56115 0.474922 2.78985 0.377987 -0.157141 -0.0746925 3.805 2.46 1.44857 0 1.97626e-323 6.69905e-317 
 3.255 0.304 0.601846 9.57005e-321 1.55716e+142 3.5348 0.471461 -3.01102 0.28566 -0.090612 -0.0570345 3.783 2.456 1.44637 0 1.97626e-323 6.69905e-317 
 3.277 0.306 0.596784 9.57005e-321 1.55716e+142 3.51473 0.508007 2.07284 0.272604 0.152301 0.100227 3.775 2.491 1.44029 0 1.97626e-323 6.69905e-317 
 3.274 0.313 0.593052 9.57005e-321 1.55716e+142 3.44221 0.524748 2.91472 0.229638 0.398984 0.303104 3.743 2.502 1.41983 0 1.97626e-323 6.69905e-317 
 3.304 0.365 0.597517 9.57005e-321 1.55716e+142 3.37549 0.574759 2.49837 0.165752 0.724577 0.523599 3.752 2.539 1.38141 0 1.97626e-323 6.69905e-317 
 3.327 0.411 0.617165 9.57005e-321 1.55716e+142 3.29997 0.639533 2.43264 0.121819 1.15583 0.523599 3.768 2.584 1.33459 0 1.97626e-323 6.69905e-317 
 3.344 0.314 0.690661 9.57005e-321 1.55716e+142 3.25742 0.682489 2.35144 0.20283 1.5675 0.523599 3.791 2.61 1.30074 0 1.97626e-323 6.69905e-317 
 3.376 0.36 0.806839 9.57005e-321 1.55716e+142 3.25651 0.709729 1.60444 0.201569 1.53151 0.523599 3.819 2.629 1.2857 0 1.97626e-323 6.69905e-317 
 3.387 0.363 0.956198 9.57005e-321 1.55716e+142 3.28377 0.745359 0.91765 0.263744 1.31578 0.523599 3.845 2.665 1.28636 0 1.97626e-323 6.69905e-317 
 3.398 0.347 1.10955 9.57005e-321 1.55716e+142 3.36102 0.815402 0.736498 0.376099 0.899001 0.406318 3.887 2.745 1.30468 0 1.97626e-323 6.69905e-317 
 3.402 0.358 1.23943 9.57005e-321 1.55716e+142 3.48154 0.823911 0.070487 0.411342 0.275973 0.120182 3.884 2.783 1.36818 0 1.97626e-323 6.69905e-317 
 3.397 0.386 1.32098 9.57005e-321 1.55716e+142 3.6354 0.830261 0.0412429 0.434598 -0.421421 -0.172802 3.882 2.815 1.44718 0 1.97626e-323 6.69905e-317 
 3.402 0.379 1.33977 9.57005e-321 1.55716e+142 3.83237 0.822693 -0.0384039 0.497099 -0.979221 -0.340746 3.885 2.822 1.54448 0 1.97626e-323 6.69905e-317 
 3.411 0.477 1.32555 9.57005e-321 1.55716e+142 3.94348 0.852999 0.266282 0.488746 -1.28472 -0.441938 3.834 2.85 1.62556 0 1.97626e-323 6.69905e-317 
 3.45 0.569 1.24293 9.57005e-321 1.55716e+142 4.11632 0.885224 0.184323 0.528337 -1.46713 -0.463518 3.819 2.863 1.72001 0 1.97626e-323 6.69905e-317 
 3.468 0.593 1.11013 9.57005e-321 1.55716e+142 4.21088 0.943569 0.552848 0.630057 -1.27756 -0.34996 3.82 2.905 1.7675 0 1.97626e-323 6.69905e-317 
 3.47 0.633 0.96065 9.57005e-321 1.55716e+142 4.26178 0.98404 0.671794 0.697869 -1.06301 -0.267603 3.8 2.93 1.80379 0 1.97626e-323 6.69905e-317 
 3.502 0.709 0.842707 9.57005e-321 1.55716e+142 4.30491 1.03366 0.855158 0.715976 -0.904228 -0.223529 3.778 2.963 1.8374 0 1.97626e-323 6.69905e-317 
 3.537 0.75 0.725817 9.57005e-321 1.55716e+142 4.34569 1.06756 0.693535 0.736492 -0.699487 -0.169319 3.777 2.985 1.85912 0 1.97626e-323 6.69905e-317 
 3.568 0.825 0.629625 9.57005e-321 1.55716e+142 4.35071 1.08235 1.2435 0.703558 -0.615771 -0.156256 3.75 2.99 1.87586 0 1.97626e-323 6.69905e-317 
 3.619 0.828 0.552398 9.57005e-321 1.55716e+142 4.40418 1.11726 0.578537 0.726074 -0.396792 -0.0980528 3.758 3.01 1.89979 0 1.97626e-323 6.69905e-317 
 3.676 0.9 0.482005 9.57005e-321 1.55716e+142 4.43211 1.15942 0.985778 0.6968 -0.299061 -0.0771015 3.771 3.047 1.90769 0 1.97626e-323 6.69905e-317 
 3.696 0.95 0.44106 9.57005e-321 1.55716e+142 4.44914 1.16681 0.4089 0.682609 -0.315995 -0.0831338 3.751 3.041 1.92738 0 1.97626e-323 6.69905e-317 
 3.761 0.978 0.409427 9.57005e-321 1.55716e+142 4.52851 1.21696 0.563579 0.702881 -0.212859 -0.0544569 3.759 3.063 1.96574 0 1.97626e-323 6.69905e-317 
 3.823 0.995 0.377562 9.57005e-321 1.55716e+142 4.58723 1.29482 0.924628 0.720081 -0.00734945 -0.00183715 3.783 3.126 1.98462 0 1.97626e-323 6.69905e-317 
 3.898 1.015 0.357373 9.57005e-321 1.55716e+142 4.63107 1.37153 1.05155 0.713272 0.189115 0.0476886 3.777 3.18 2.01201 0 1.97626e-323 6.69905e-317 
 3.973 1.024 0.355096 9.57005e-321 1.55716e+142 4.72646 1.46608 0.780946 0.759909 0.352372 0.0832736 3.769 3.222 2.07001 0 1.97626e-323 6.69905e-317 
 4.065 1.116 0.359428 9.57005e-321 1.55716e+142 4.82439 1.571 0.819865 0.769722 0.362985 0.0846812 3.747 3.256 2.13968 0 1.97626e-323 6.69905e-317 
 4.148 1.152 0.379333 9.57005e-321 1.55716e+142 4.91676 1.67307 0.835272 0.804407 0.438541 0.097818 3.714 3.271 2.21602 0 1.97626e-323 6.69905e-317 
 4.233 1.13 0.411436 9.57005e-321 1.55716e+142 4.99514 1.76368 0.857632 0.850899 0.576438 0.121341 3.691 3.28 2.28111 0 1.97626e-323 6.69905e-317 
 4.265 1.146 0.457568 9.57005e-321 1.55716e+142 5.03833 1.83317 1.01464 0.889968 0.553304 0.111444 3.667 3.289 2.32632 0 1.97626e-323 6.69905e-317 
 4.366 1.182 0.514045 9.57005e-321 1.55716e+142 5.04599 1.86166 1.30843 0.826711 0.551425 0.11949 3.644 3.288 2.34759 0 1.97626e-323 6.69905e-317 
 4.483 1.278 0.5702 9.57005e-321 1.55716e+142 5.04057 1.88717 1.78011 0.711127 0.513565 0.129268 3.62 3.295 2.3607 0 1.97626e-323 6.69905e-317 
 4.529 1.28 0.627818 9.57005e-321 1.55716e+142 5.02555 1.89615 2.60278 0.680843 0.519313 0.136442 3.606 3.305 2.35998 0 1.97626e-323 6.69905e-317 
 4.587 1.328 0.682836 9.57005e-321 1.55716e+142 4.99817 1.90176 2.93949 0.607004 0.509061 0.149825 3.58 3.312 2.359 0 1.97626e-323 6.69905e-317 
 4.711 1.408 0.700325 9.57005e-321 1.55716e+142 4.98923 1.9218 1.99057 0.491954 0.67692 0.242791 3.575 3.336 2.3562 0 1.97626e-323 6.69905e-317 
 4.707 1.401 0.699768 9.57005e-321 1.55716e+142 4.95434 1.92506 3.04833 0.481273 0.773475 0.281599 3.555 3.354 2.34573 0 1.97626e-323 6.69905e-317 
 4.685 1.396 0.699037 9.57005e-321 1.55716e+142 4.92971 1.95373 2.28044 0.50219 0.834447 0.290623 3.541 3.393 2.33832 0 1.97626e-323 6.69905e-317 
 4.674 1.388 0.698768 9.57005e-321 1.55716e+142 4.90846 1.98387 2.18496 0.522243 0.914773 0.305427 3.529 3.432 2.33191 0 1.97626e-323 6.69905e-317 
 4.701 1.38 0.698729 9.57005e-321 1.55716e+142 4.88439 2.00666 2.38362 0.516445 1.07731 0.359195 3.502 3.452 2.33393 0 1.97626e-323 6.69905e-317 
 4.701 1.401 0.698815 9.57005e-321 1.55716e+142 4.87561 2.04154 1.81723 0.521517 1.11368 0.366973 3.484 3.478 2.34034 0 1.97626e-323 6.69905e-317 
 4.674 1.385 0.69884 9.57005e-321 1.55716e+142 4.87963 2.08425 1.47686 0.577605 1.10301 0.331081 3.473 3.506 2.35085 0 1.97626e-323 6.69905e-317 
 4.661 1.401 0.698923 9.57005e-321 1.55716e+142 4.86573 2.11402 2.00772 0.586607 1.11843 0.330595 3.42 3.496 2.37874 0 1.97626e-323 6.69905e-317 
 4.673 1.395 0.698806 9.57005e-321 1.55716e+142 4.88671 2.15556 1.10322 0.623744 1.14334 0.318698 3.406 3.5 2.40439 0 1.97626e-323 6.69905e-317 
 4.634 1.337 0.698744 9.57005e-321 1.55716e+142 4.86828 2.16284 2.76539 0.678885 1.15673 0.297589 3.381 3.5 2.4093 0 1.97626e-323 6.69905e-317 
 4.621 1.335 0.698742 9.57005e-321 1.55716e+142 4.86009 2.17986 2.01921 0.694347 1.16243 0.29269 3.371 3.515 2.41065 0 1.97626e-323 6.69905e-317 
 4.562 1.325 0.69906 9.57005e-321 1.55716e+142 4.85508 2.19473 1.89569 0.738949 1.07981 0.257203 3.367 3.531 2.4099 0 1.97626e-323 6.69905e-317 
 4.535 1.279 0.6988 9.57005e-321 1.55716e+142 4.81238 2.18095 -2.82934 0.752813 1.13457 0.264904 3.325 3.518 2.40937 0 1.97626e-323 6.69905e-317 
 4.52 1.247 0.69373 9.57005e-321 1.55716e+142 4.79596 2.20007 2.28016 0.785548 1.18301 0.264712 3.304 3.532 2.4128 0 1.97626e-323 6.69905e-317 
 4.517 1.239 0.689989 9.57005e-321 1.55716e+142 4.76143 2.22389 2.53766 0.790199 1.26396 0.280336 3.275 3.562 2.40866 0 1.97626e-323 6.69905e-317 
 4.512 1.217 0.692581 9.57005e-321 1.55716e+142 4.74808 2.2554 1.97151 0.823443 1.30289 0.277457 3.273 3.606 2.40022 0 1.97626e-323 6.69905e-317 
 4.511 1.198 0.722781 9.57005e-321 1.55716e+142 4.73315 2.28141 2.09195 0.858542 1.29287 0.2647 3.271 3.646 2.39069 0 1.97626e-323 6.69905e-317 
 4.505 1.184 0.808627 9.57005e-321 1.55716e+142 4.72584 2.32469 1.73823 0.928609 1.16177 0.2215 3.256 3.681 2.39634 0 1.97626e-323 6.69905e-317 
 4.505 1.186 0.923838 9.57005e-321 1.55716e+142 4.74649 2.37866 1.20536 1.01018 0.927805 0.163841 3.239 3.693 2.42454 0 1.97626e-323 6.69905e-317 
 4.489 1.177 1.04241 9.57005e-321 1.55716e+142 4.80227 2.47314 1.03741 1.14354 0.618161 0.0969973 3.222 3.699 2.48183 0 1.97626e-323 6.69905e-317 
 4.505 1.187 1.16135 9.57005e-321 1.55716e+142 4.84728 2.58169 1.17773 1.25031 0.363229 0.0522446 3.198 3.713 2.54036 0 1.97626e-323 6.69905e-317 
 4.479 1.193 1.28153 9.57005e-321 1.55716e+142 4.86988 2.67724 1.33858 1.34594 0.0689942 0.00922673 3.17 3.731 2.58667 0 1.97626e-323 6.69905e-317 
 4.465 1.162 1.40251 9.57005e-321 1.55716e+142 4.88757 2.75945 1.35881 1.44634 -0.197325 -0.0245526 3.145 3.741 2.62861 0 1.97626e-323 6.69905e-317 
 4.412 1.147 1.5231 9.57005e-321 1.55716e+142 4.88862 2.81966 1.55335 1.50457 -0.501727 -0.0599523 3.114 3.742 2.66228 0 1.97626e-323 6.69905e-317 
 4.407 1.153 1.62741 9.57005e-321 1.55716e+142 4.88457 2.88047 1.63732 1.52811 -0.709148 -0.0833389 3.083 3.749 2.69237 0 1.97626e-323 6.69905e-317 
 4.411 1.175 1.74126 9.57005e-321 1.55716e+142 4.85964 2.91796 2.15774 1.50381 -0.909856 -0.108478 3.046 3.761 2.70647 0 1.97626e-323 6.69905e-317 
 4.372 1.129 1.82297 9.57005e-321 1.55716e+142 4.83235 2.95018 2.2734 1.53701 -1.06937 -0.124586 3.009 3.772 2.71814 0 1.97626e-323 6.69905e-317 
 4.352 1.087 1.8215 9.57005e-321 1.55716e+142 4.82284 2.98446 1.84155 1.60236 -1.06019 -0.118537 2.994 3.794 2.72486 0 1.97626e-323 6.69905e-317 
 4.36 1.098 1.82167 9.57005e-321 1.55716e+142 4.82099 3.01019 1.64257 1.61524 -1.04752 -0.116208 2.987 3.808 2.73127 0 1.97626e-323 6.69905e-317 
 4.367 1.124 1.82821 9.57005e-321 1.55716e+142 4.82129 3.06778 1.56548 1.63939 -1.04751 -0.114511 2.971 3.827 2.75222 0 1.97626e-323 6.69905e-317 
 4.402 1.177 1.83123 9.57005e-321 1.55716e+142 4.79458 3.12188 2.02947 1.64205 -0.991753 -0.10829 2.923 3.827 2.78129 0 1.97626e-323 6.69905e-317 
 4.423 1.214 1.83136 9.57005e-321 1.55716e+142 4.80609 3.18902 1.40096 1.66831 -0.977334 -0.10506 2.915 3.84 2.81007 0 1.97626e-323 6.69905e-317 
 4.401 1.249 1.83218 9.57005e-321 1.55716e+142 4.77822 3.20629 2.58694 1.65312 -0.976049 -0.10588 2.876 3.824 2.82761 0 1.97626e-323 6.69905e-317 
 4.423 1.319 1.83304 9.57005e-321 1.55716e+142 4.73389 3.23919 2.50317 1.62514 -0.915152 -0.101017 2.821 3.823 2.84537 0 1.97626e-323 6.69905e-317 
 4.397 1.334 1.83374 9.57005e-321 1.55716e+142 4.70791 3.2435 2.97695 1.61571 -0.918108 -0.101928 2.791 3.814 2.85233 0 1.97626e-323 6.69905e-317 
 4.36 1.388 1.83366 9.57005e-321 1.55716e+142 4.69559 3.2511 2.58919 1.57441 -0.951223 -0.108326 2.78 3.826 2.85003 0 1.97626e-323 6.69905e-317 
 4.403 1.544 1.83469 9.57005e-321 1.55716e+142 4.65969 3.2468 -3.02249 1.44193 -0.888835 -0.110504 2.746 3.828 2.84674 0 1.97626e-323 6.69905e-317 
 4.369 1.572 1.83494 9.57005e-321 1.55716e+142 4.6246 3.25251 2.9802 1.42281 -0.891231 -0.112276 2.711 3.834 2.84659 0 1.97626e-323 6.69905e-317 
 4.362 1.596 1.84647 9.57005e-321 1.55716e+142 4.61302 3.26061 2.53149 1.4056 -0.911606 -0.116214 2.7 3.844 2.84559 0 1.97626e-323 6.69905e-317 
 4.317 1.672 1.9107 9.57005e-321 1.55716e+142 4.60073 3.28465 2.04353 1.33405 -1.08792 -0.145749 2.688 3.869 2.84509 0 1.97626e-323 6.69905e-317 
 4.327 1.734 1.97026 9.57005e-321 1.55716e+142 4.58542 3.31065 2.10278 1.28134 -1.17918 -0.164159 2.673 3.896 2.84457 0 1.97626e-323 6.69905e-317 
 4.285 1.771 1.9756 9.57005e-321 1.55716e+142 4.55297 3.3245 2.73829 1.25817 -1.20429 -0.170616 2.634 3.888 2.85597 0 1.97626e-323 6.69905e-317 
 4.316 1.825 1.97796 9.57005e-321 1.55716e+142 4.54022 3.39774 1.74321 1.27986 -1.1533 -0.160801 2.602 3.891 2.89239 0 1.97626e-323 6.69905e-317 
 4.286 1.842 2.01253 9.57005e-321 1.55716e+142 4.5252 3.46935 1.77758 1.30692 -1.23091 -0.167934 2.573 3.904 2.92252 0 1.97626e-323 6.69905e-317 
 4.289 1.945 2.0776 9.57005e-321 1.55716e+142 4.49362 3.49409 2.47683 1.21712 -1.3208 -0.192904 2.532 3.884 2.94538 0 1.97626e-323 6.69905e-317 
 4.261 1.982 2.1369 9.57005e-321 1.55716e+142 4.47143 3.53816 2.03733 1.18929 -1.43373 -0.213683 2.5 3.875 2.97237 0 1.97626e-323 6.69905e-317 
 4.23 1.977 2.19835 9.57005e-321 1.55716e+142 4.4714 3.57664 1.57168 1.17627 -1.56752 -0.235423 2.495 3.883 2.98781 0 1.97626e-323 6.69905e-317 
 4.229 2.035 2.26024 9.57005e-321 1.55716e+142 4.44235 3.6045 2.37726 1.11923 -1.64176 -0.258144 2.464 3.898 2.99431 0 1.97626e-323 6.69905e-317 
 4.158 2.059 2.30607 9.57005e-321 1.55716e+142 4.4122 3.64077 2.26417 1.07807 -1.74814 -0.28399 2.43 3.907 3.00808 0 1.97626e-323 6.69905e-317 
 4.147 2.193 2.30812 9.57005e-321 1.55716e+142 4.41197 3.71422 1.57397 1.02762 -1.76703 -0.300164 2.423 3.924 3.03651 0 1.97626e-323 6.69905e-317 
 4.11 2.208 2.31051 9.57005e-321 1.55716e+142 4.3872 3.76175 2.05124 1.04469 -1.77774 -0.29723 2.393 3.914 3.0654 0 1.97626e-323 6.69905e-317 
 4.061 2.192 2.31156 9.57005e-321 1.55716e+142 4.36038 3.82947 1.94787 1.09624 -1.78856 -0.285647 2.362 3.91 3.10132 0 1.97626e-323 6.69905e-317 
 3.989 2.205 2.31272 9.57005e-321 1.55716e+142 4.35486 3.89307 1.65739 1.10494 -1.83542 -0.290538 2.355 3.917 3.12963 0 1.97626e-323 6.69905e-317 
 3.978 2.256 2.31413 9.57005e-321 1.55716e+142 4.31972 3.93772 2.23764 1.10894 -1.82008 -0.287258 2.32 3.904 -3.12473 0 1.97626e-323 6.69905e-317 
 3.957 2.291 2.31516 9.57005e-321 1.55716e+142 4.28023 3.96708 2.50225 1.11147 -1.80797 -0.284834 2.282 3.883 -3.09954 0 1.97626e-323 6.69905e-317 
 3.947 2.34 2.31583 9.57005e-321 1.55716e+142 4.22684 3.98137 2.87994 1.10327 -1.77796 -0.282327 2.23 3.869 -3.08538 0 1.97626e-323 6.69905e-317 
 3.882 2.324 2.31677 9.57005e-321 1.55716e+142 4.19957 3.98204 3.11724 1.09915 -1.80784 -0.287834 2.203 3.865 -3.08304 0 1.97626e-323 6.69905e-317 
 3.834 2.35 2.31813 9.57005e-321 1.55716e+142 4.16533 3.96815 -2.75628 1.06311 -1.82533 -0.299742 2.169 3.847 -3.08098 0 1.97626e-323 6.69905e-317 
 3.807 2.39 2.32506 9.57005e-321 1.55716e+142 4.12492 3.95963 -2.9338 1.02713 -1.82989 -0.31032 2.129 3.832 -3.07773 0 1.97626e-323 6.69905e-317 
 3.792 2.418 2.32381 9.57005e-321 1.55716e+142 4.09696 3.929 -2.3107 0.990989 -1.82493 -0.320077 2.101 3.802 -3.07805 0 1.97626e-323 6.69905e-317 
 3.771 2.399 2.31403 9.57005e-321 1.55716e+142 4.07097 3.91183 -2.55768 1.0026 -1.80733 -0.313759 2.075 3.785 -3.07813 0 1.97626e-323 6.69905e-317 
 3.765 2.384 2.27008 9.57005e-321 1.55716e+142 4.04862 3.90531 -2.8578 1.05038 -1.72953 -0.288135 2.052 3.789 -3.08341 0 1.97626e-323 6.69905e-317 
 3.739 2.464 2.15909 9.57005e-321 1.55716e+142 4.05102 3.90495 -0.147833 1.05738 -1.59856 -0.265693 2.053 3.816 -3.0971 0 1.97626e-323 6.69905e-317 
 3.698 2.487 2.02505 9.57005e-321 1.55716e+142 4.04393 3.93687 1.78926 1.13553 -1.40738 -0.219499 2.046 3.846 -3.09614 0 1.97626e-323 6.69905e-317 
 3.691 2.584 1.89192 9.57005e-321 1.55716e+142 4.02757 3.96759 2.06027 1.14287 -1.16429 -0.181359 2.03 3.869 -3.09228 0 1.97626e-323 6.69905e-317 
 3.67 2.634 1.76861 9.57005e-321 1.55716e+142 4.01149 4.01828 1.878 1.18614 -0.928018 -0.139909 2.016 3.884 -3.0744 0 1.97626e-323 6.69905e-317 
 3.653 2.678 1.66303 9.57005e-321 1.55716e+142 3.93918 4.13988 2.10727 1.27869 -0.613043 -0.0860842 1.959 3.859 -3.00068 0 1.97626e-323 6.69905e-317 
 3.636 2.75 1.56815 9.57005e-321 1.55716e+142 3.85512 4.2044 2.48694 1.28289 -0.317088 -0.0444606 1.895 3.807 -2.94156 0 1.97626e-323 6.69905e-317 
 3.628 2.899 1.50424 9.57005e-321 1.55716e+142 3.80785 4.27181 2.18237 1.21317 -0.136952 -0.020317 1.868 3.785 -2.89572 0 1.97626e-323 6.69905e-317 
 3.628 2.966 1.47003 9.57005e-321 1.55716e+142 3.75835 4.25956 -2.89901 1.1404 0.000716733 0.000113129 1.822 3.759 -2.88862 0 1.97626e-323 6.69905e-317 
 3.644 3.06 1.45611 9.57005e-321 1.55716e+142 3.71078 4.24759 -2.89497 1.04241 0.123585 0.0213371 1.776 3.741 -2.88551 0 1.97626e-323 6.69905e-317 
 3.691 3.145 1.45393 9.57005e-321 1.55716e+142 3.68357 4.25306 2.94296 0.968055 0.258214 0.0479754 1.754 3.727 -2.87543 0 1.97626e-323 6.69905e-317 
 3.656 3.228 1.45606 9.57005e-321 1.55716e+142 3.66963 4.28237 2.01482 0.922389 0.211326 0.041216 1.748 3.728 -2.86073 0 1.97626e-323 6.69905e-317 
 3.7 3.301 1.46385 9.57005e-321 1.55716e+142 3.66698 4.32928 1.62731 0.8978 0.28732 0.0575412 1.757 3.736 -2.84042 0 1.97626e-323 6.69905e-317 
 3.689 3.421 1.47779 9.57005e-321 1.55716e+142 3.63333 4.38443 2.11857 0.841365 0.308186 0.0658375 1.74 3.74 -2.81352 0 1.97626e-323 6.69905e-317 
 3.727 3.515 1.50323 9.57005e-321 1.55716e+142 3.60438 4.43831 2.06383 0.808286 0.405047 0.0899577 1.731 3.738 -2.78385 0 1.97626e-323 6.69905e-317 
 3.743 3.614 1.53508 9.57005e-321 1.55716e+142 3.5472 4.49972 2.32061 0.781941 0.510518 0.116983 1.7 3.733 -2.74816 0 1.97626e-323 6.69905e-317 
 3.798 3.765 1.57807 9.57005e-321 1.55716e+142 3.49531 4.52797 2.64294 0.692981 0.728006 0.186891 1.668 3.715 -2.72299 0 1.97626e-323 6.69905e-317 
 3.727 3.781 1.6308 9.57005e-321 1.55716e+142 3.44776 4.56014 2.54689 0.710058 0.562138 0.141549 1.646 3.692 -2.69259 0 1.97626e-323 6.69905e-317 
 3.705 3.876 1.70163 9.57005e-321 1.55716e+142 3.40374 4.57158 2.8874 0.650791 0.539942 0.148245 1.62 3.667 -2.67226 0 1.97626e-323 6.69905e-317 
 3.732 3.954 1.75996 9.57005e-321 1.55716e+142 3.38194 4.57665 2.91295 0.608426 0.617848 0.180792 1.608 3.653 -2.66154 0 1.97626e-323 6.69905e-317 
 3.704 3.998 1.81675 9.57005e-321 1.55716e+142 3.34425 4.58715 2.86979 0.590104 0.574014 0.173335 1.579 3.647 -2.65221 0 1.97626e-323 6.69905e-317 
 3.71 4.045 1.88128 9.57005e-321 1.55716e+142 3.30877 4.59858 2.83008 0.582927 0.599604 0.183077 1.554 3.639 -2.64118 0 1.97626e-323 6.69905e-317 
 3.67 4.093 1.9413 9.57005e-321 1.55716e+142 3.26421 4.60676 2.96009 0.559946 0.55859 0.177671 1.528 3.614 -2.62217 0 1.97626e-323 6.69905e-317 
 3.675 4.124 2.00313 9.57005e-321 1.55716e+142 3.20029 4.62871 2.81081 0.590161 0.612311 0.184629 1.493 3.587 -2.59374 0 1.97626e-323 6.69905e-317 
 3.594 4.09 2.06098 9.57005e-321 1.55716e+142 3.1623 4.62979 3.1131 0.600557 0.351952 0.105099 1.475 3.556 -2.57484 0 1.97626e-323 6.69905e-317 
 3.587 4.218 2.12145 9.57005e-321 1.55716e+142 3.12002 4.6399 2.90677 0.53934 0.529673 0.174966 1.447 3.544 -2.56168 0 1.97626e-323 6.69905e-317 
 3.572 4.286 2.1562 9.57005e-321 1.55716e+142 3.078 4.64504 3.02005 0.51627 0.654568 0.224375 1.417 3.531 -2.5508 0 1.97626e-323 6.69905e-317 
 3.537 4.305 2.21313 9.57005e-321 1.55716e+142 3.02796 4.66678 2.73169 0.532838 0.574521 0.191698 1.388 3.522 -2.53218 0 1.97626e-323 6.69905e-317 
 3.516 4.39 2.28062 9.57005e-321 1.55716e+142 2.99162 4.70147 2.37944 0.518936 0.596816 0.204131 1.386 3.509 -2.50279 0 1.97626e-323 6.69905e-317 
 3.516 4.404 2.34097 9.57005e-321 1.55716e+142 2.9273 4.73867 2.61728 0.580655 0.536713 0.164868 1.361 3.495 -2.47051 0 1.97626e-323 6.69905e-317 
 3.433 4.419 2.40171 9.57005e-321 1.55716e+142 2.87369 4.76205 2.73034 0.569735 0.35725 0.112393 1.342 3.476 -2.44315 0 1.97626e-323 6.69905e-317 
 3.394 4.487 2.45326 9.57005e-321 1.55716e+142 2.80828 4.78509 2.80298 0.568841 0.409551 0.128877 1.312 3.458 -2.41605 0 1.97626e-323 6.69905e-317 
 3.365 4.571 2.48942 9.57005e-321 1.55716e+142 2.75015 4.79587 2.95813 0.559606 0.565117 0.179809 1.292 3.427 -2.38776 0 1.97626e-323 6.69905e-317 
 3.279 4.561 2.53081 9.57005e-321 1.55716e+142 2.68741 4.795 -3.12771 0.549432 0.436659 0.14209 1.268 3.386 -2.35987 0 1.97626e-323 6.69905e-317 
 3.131 4.542 2.58681 9.57005e-321 1.55716e+142 2.63776 4.80911 2.86479 0.491529 0.105543 0.0386311 1.252 3.367 -2.33627 0 1.97626e-323 6.69905e-317 
 3.191 4.594 2.63018 9.57005e-321 1.55716e+142 2.61065 4.81968 2.76984 0.543148 0.261301 0.0863799 1.252 3.352 -2.31764 0 1.97626e-323 6.69905e-317 
 3.19 4.696 2.64028 9.57005e-321 1.55716e+142 2.55729 4.81736 -3.09822 0.549636 0.581599 0.188213 1.218 3.332 -2.30453 0 1.97626e-323 6.69905e-317 
 3.135 4.728 2.66335 9.57005e-321 1.55716e+142 2.50637 4.80345 -2.87487 0.535152 0.664511 0.219896 1.184 3.303 -2.29319 0 1.97626e-323 6.69905e-317 
 3.08 4.685 2.66384 9.57005e-321 1.55716e+142 2.46769 4.81 2.97385 0.536342 0.512145 0.170216 1.182 3.278 -2.269 0 1.97626e-323 6.69905e-317 
 3.124 4.746 2.66458 9.57005e-321 1.55716e+142 2.42548 4.82367 2.82836 0.593454 0.696236 0.208117 1.176 3.262 -2.24559 0 1.97626e-323 6.69905e-317 
 3.146 4.756 2.6643 9.57005e-321 1.55716e+142 2.36627 4.82613 3.09995 0.658328 0.753642 0.203217 1.148 3.24 -2.22576 0 1.97626e-323 6.69905e-317 
 3.145 4.75 2.66441 9.57005e-321 1.55716e+142 2.34469 4.81889 -2.81785 0.674987 0.764714 0.201169 1.158 3.209 -2.20601 0 1.97626e-323 6.69905e-317 
 3.154 4.751 2.6645 9.57005e-321 1.55716e+142 2.2667 4.80099 -2.91595 0.741948 0.836386 0.200193 1.112 3.168 -2.18628 0 1.97626e-323 6.69905e-317 
 3.138 4.747 2.66999 9.57005e-321 1.55716e+142 2.25362 4.77878 -2.10312 0.736062 0.864294 0.208293 1.11 3.138 -2.1795 0 1.97626e-323 6.69905e-317 
 3.151 4.758 2.69657 9.57005e-321 1.55716e+142 2.19057 4.76689 -2.9552 0.799133 0.8764 0.194898 1.066 3.113 -2.16794 0 1.97626e-323 6.69905e-317 
 3.124 4.729 2.7006 9.57005e-321 1.55716e+142 2.14794 4.7544 -2.85672 0.816602 0.838184 0.182697 1.042 3.088 -2.15672 0 1.97626e-323 6.69905e-317 
 3.12 4.73 2.70004 9.57005e-321 1.55716e+142 2.10831 4.76839 2.80217 0.849093 0.820547 0.172225 1.057 3.067 -2.12428 0 1.97626e-323 6.69905e-317 
 3.111 4.7 2.6977 9.57005e-321 1.55716e+142 2.03695 4.78478 2.91584 0.911357 0.751179 0.147289 1.054 3.043 -2.08458 0 1.97626e-323 6.69905e-317 
 3.162 4.664 2.69379 9.57005e-321 1.55716e+142 2.0151 4.77075 -2.57086 0.97647 0.737427 0.135107 1.061 3.013 -2.06809 0 1.97626e-323 6.69905e-317 
 3.138 4.634 2.68557 9.57005e-321 1.55716e+142 1.9644 4.74977 -2.74919 0.999226 0.745099 0.133424 1.029 2.982 -2.05748 0 1.97626e-323 6.69905e-317 
 3.139 4.571 2.66723 9.57005e-321 1.55716e+142 1.94061 4.71477 -2.16767 1.02328 0.741647 0.129727 1.009 2.945 -2.05534 0 1.97626e-323 6.69905e-317 
 3.253 4.574 2.64807 9.57005e-321 1.55716e+142 1.89012 4.6879 -2.65257 1.14594 0.864746 0.135004 0.978 2.908 -2.04436 0 1.97626e-323 6.69905e-317 
 3.316 4.56 2.63151 9.57005e-321 1.55716e+142 1.80669 4.6602 -2.82098 1.25712 0.941241 0.133964 0.921 2.867 -2.02957 0 1.97626e-323 6.69905e-317 
 3.323 4.522 2.61584 9.57005e-321 1.55716e+142 1.75248 4.66443 3.06374 1.31344 0.927291 0.126403 0.922 2.845 -1.999 0 1.97626e-323 6.69905e-317 
 3.391 4.51 2.60136 9.57005e-321 1.55716e+142 1.6809 4.68278 2.89052 1.43007 0.941993 0.118016 0.958 2.818 -1.94062 0 1.97626e-323 6.69905e-317 
 3.435 4.547 2.59748 9.57005e-321 1.55716e+142 1.61454 4.685 3.10815 1.50737 1.00465 0.119397 0.981 2.788 -1.89312 0 1.97626e-323 6.69905e-317 
 3.433 4.536 2.59763 9.57005e-321 1.55716e+142 1.56108 4.67179 -2.89933 1.54826 1.01266 0.117192 0.964 2.763 -1.87396 0 1.97626e-323 6.69905e-317 
 3.46 4.554 2.59863 9.57005e-321 1.55716e+142 1.53482 4.65621 -2.60617 1.58203 1.05129 0.119048 0.979 2.735 -1.85241 0 1.97626e-323 6.69905e-317 
 3.428 4.53 2.59891 9.57005e-321 1.55716e+142 1.53869 4.63283 -1.40675 1.55342 1.0469 0.120718 0.985 2.711 -1.8513 0 1.97626e-323 6.69905e-317 
 3.438 4.507 2.59881 9.57005e-321 1.55716e+142 1.52135 4.60806 -2.18163 1.57491 1.05139 0.119592 0.965 2.687 -1.85269 0 1.97626e-323 6.69905e-317 
 3.45 4.517 2.59905 9.57005e-321 1.55716e+142 1.49872 4.57579 -2.18217 1.5911 1.09697 0.123469 0.938 2.656 -1.85497 0 1.97626e-323 6.69905e-317 
 3.436 4.51 2.59913 9.57005e-321 1.55716e+142 1.46902 4.53529 -2.20365 1.59457 1.13144 0.127032 0.91 2.615 -1.85408 0 1.97626e-323 6.69905e-317 
 3.452 4.554 2.59912 9.57005e-321 1.55716e+142 1.46525 4.50538 -1.69603 1.59058 1.20486 0.135514 0.91 2.584 -1.85212 0 1.97626e-323 6.69905e-317 
 3.442 4.542 2.59913 9.57005e-321 1.55716e+142 1.40417 4.48584 -2.83193 1.62973 1.21235 0.13311 0.894 2.552 -1.82873 0 1.97626e-323 6.69905e-317 
 3.469 4.549 2.59908 9.57005e-321 1.55716e+142 1.3474 4.47077 -2.88226 1.69132 1.23266 0.130442 0.902 2.521 -1.79538 0 1.97626e-323 6.69905e-317 
 3.454 4.559 2.59906 9.57005e-321 1.55716e+142 1.28917 4.45393 -2.86008 1.71903 1.25609 0.130775 0.927 2.487 -1.75289 0 1.97626e-323 6.69905e-317 
 3.442 4.538 2.59899 9.57005e-321 1.55716e+142 1.28788 4.43276 -1.63158 1.71032 1.25655 0.131481 0.965 2.459 -1.73295 0 1.97626e-323 6.69905e-317 
 3.426 4.54 2.59906 9.57005e-321 1.55716e+142 1.24777 4.39433 -2.37764 1.71921 1.29108 0.134361 0.941 2.418 -1.72479 0 1.97626e-323 6.69905e-317 
 3.424 4.526 2.59907 9.57005e-321 1.55716e+142 1.22883 4.33854 -1.89802 1.72203 1.32594 0.13772 0.917 2.363 -1.72735 0 1.97626e-323 6.69905e-317 
 3.426 4.529 2.59912 9.57005e-321 1.55716e+142 1.22732 4.29146 -1.60277 1.71206 1.36735 0.14278 0.915 2.316 -1.7276 0 1.97626e-323 6.69905e-317 
 3.446 4.542 2.59914 9.57005e-321 1.55716e+142 1.1814 4.25882 -2.52369 1.75339 1.39934 0.142678 0.898 2.279 -1.71297 0 1.97626e-323 6.69905e-317 
 3.45 4.532 2.5992 9.57005e-321 1.55716e+142 1.14545 4.24068 -2.67416 1.78343 1.40249 0.140618 0.915 2.254 -1.68628 0 1.97626e-323 6.69905e-317 
 3.453 4.564 2.59919 9.57005e-321 1.55716e+142 1.09693 4.23022 -2.92933 1.81398 1.43039 0.140995 0.945 2.236 -1.64684 0 1.97626e-323 6.69905e-317 
 3.436 4.534 2.59919 9.57005e-321 1.55716e+142 1.0365 4.203 -2.71831 1.84951 1.42469 0.137777 0.947 2.205 -1.61556 0 1.97626e-323 6.69905e-317 
 3.407 4.528 2.59919 9.57005e-321 1.55716e+142 0.99253 4.16926 -2.48711 1.85447 1.44347 0.139202 0.938 2.17 -1.59806 0 1.97626e-323 6.69905e-317 
 3.398 4.509 2.59917 9.57005e-321 1.55716e+142 0.970236 4.13371 -2.13092 1.86091 1.45408 0.139731 0.936 2.134 -1.58791 0 1.97626e-323 6.69905e-317 
 3.407 4.527 2.59914 9.57005e-321 1.55716e+142 0.927816 4.10091 -2.48341 1.8892 1.48433 0.140493 0.947 2.101 -1.5612 0 1.97626e-323 6.69905e-317 
 3.451 4.526 2.5991 9.57005e-321 1.55716e+142 0.917092 4.07173 -1.92299 1.92583 1.49759 0.13907 0.95 2.072 -1.55434 0 1.97626e-323 6.69905e-317 
 3.423 4.548 2.59903 9.57005e-321 1.55716e+142 0.923388 4.06375 -0.902778 1.8907 1.52101 0.143805 0.955 2.064 -1.55499 0 1.97626e-323 6.69905e-317 
 3.44 4.535 2.59901 9.57005e-321 1.55716e+142 0.938164 4.05875 -0.326513 1.8945 1.51557 0.143014 0.97 2.059 -1.55488 0 1.97626e-323 6.69905e-317 
 3.477 4.543 2.59898 9.57005e-321 1.55716e+142 0.93756 4.04875 -1.63114 1.91999 1.52311 0.141834 0.969 2.049 -1.55508 0 1.97626e-323 6.69905e-317 
 3.485 4.556 2.599 9.57005e-321 1.55716e+142 0.941579 4.05875 1.18868 1.92243 1.52456 0.141789 0.973 2.059 -1.55508 0 1.97626e-323 6.69905e-317 
