 0.47 4.332 -0.0809005 0 0 2.297 2.351 -0.530454 0 0 0 2.297 2.351 0 0 0 0 
 0.48 4.34 -0.0809977 0 0 2.299 2.346 -0.528281 1.46338 -1.17089 -0.309749 2.299 2.346 0 0 0 0 
 0.486 4.341 -0.0804029 0 0 2.298 2.343 -0.525391 1.45929 -1.17533 -0.311667 2.298 2.343 0 0 0 0 
 0.498 4.336 -0.0762415 0 0 2.297 2.344 -0.525391 1.44661 -1.18334 -0.316225 2.297 2.344 0 0 0 0 
 0.514 4.334 -0.0916596 0 0 2.295 2.346 -0.525391 1.44879 -1.16917 -0.312242 2.295 2.346 0 0 0 0 
 0.559 4.326 -0.145247 0 0 2.297 2.35 -0.529729 1.46606 -1.11195 -0.294561 2.297 2.35 0 0 0 0 
 0.629 4.328 -0.242322 0 0 2.299 2.348 -0.529729 1.50062 -1.00777 -0.262433 2.299 2.348 0 0 0 0 
 0.71 4.322 -0.351851 0 0 2.296 2.348 -0.527558 1.5218 -0.883445 -0.228167 2.296 2.348 0 0 0 0 
 0.802 4.319 -0.459501 0 0 2.297 2.351 -0.530454 1.52784 -0.76078 -0.196605 2.297 2.351 0 0 0 0 
 0.885 4.323 -0.557524 0 0 2.297 2.35 -0.529729 1.53028 -0.651161 -0.168591 2.297 2.35 0 0 0 0 
 0.977 4.314 -0.64742 0 0 2.301 2.352 -0.534084 1.51525 -0.550346 -0.144273 2.301 2.352 0 0 0 0 
 1.041 4.283 -0.7246 0 0 2.301 2.356 -0.536995 1.49186 -0.447326 -0.119368 2.301 2.356 0 0 0 0 
 1.108 4.245 -0.788493 0 0 2.3 2.358 -0.537724 1.45709 -0.366981 -0.100405 2.3 2.358 0 0 0 0 
 1.175 4.197 -0.84029 0 0 2.301 2.355 -0.536267 1.41604 -0.304645 -0.0858442 2.301 2.355 0 0 0 0 
 1.252 4.151 -0.881272 0 0 2.306 2.353 -0.538454 1.37032 -0.2664 -0.0776065 2.306 2.353 0 0 0 0 
 1.325 4.103 -0.914944 0 0 2.308 2.356 -0.542108 1.31999 -0.238958 -0.0722858 2.308 2.356 0 0 0 0 
 1.389 4.042 -0.943052 0 0 2.302 2.362 -0.542108 1.26051 -0.215672 -0.0683328 2.302 2.362 0 0 0 0 
 1.437 3.968 -0.967763 0 0 2.301 2.362 -0.541376 1.20408 -0.18077 -0.0599803 2.301 2.362 0 0 0 0 
 1.481 3.884 -0.990057 0 0 2.295 2.357 -0.533357 1.14384 -0.149268 -0.0521515 2.295 2.357 0 0 0 0 
 1.532 3.801 -1.00922 0 0 2.296 2.354 -0.531905 1.08249 -0.123329 -0.0455408 2.296 2.354 0 0 0 0 
 1.578 3.724 -1.02424 0 0 2.297 2.355 -0.533357 1.02354 -0.101473 -0.0396351 2.297 2.355 0 0 0 0 
 1.625 3.649 -1.03758 0 0 2.297 2.353 -0.531904 0.966594 -0.0874916 -0.0361903 2.297 2.353 0 0 0 0 
 1.664 3.574 -1.04981 0 0 2.295 2.355 -0.531905 0.909163 -0.0682123 -0.030002 2.295 2.355 0 0 0 0 
 1.708 3.489 -1.05957 0 0 2.295 2.352 -0.529729 0.847715 -0.0536416 -0.0253057 2.295 2.352 0 0 0 0 
 1.756 3.402 -1.06818 0 0 2.299 2.349 -0.530454 0.785019 -0.0402226 -0.0204922 2.299 2.349 0 0 0 0 
 1.808 3.321 -1.07449 0 0 2.299 2.348 -0.529729 0.722108 -0.042851 -0.0237321 2.299 2.348 0 0 0 0 
 1.854 3.237 -1.07842 0 0 2.3 2.357 -0.536995 0.653728 -0.0333073 -0.0203771 2.3 2.357 0 0 0 0 
 1.882 3.175 -1.08234 0 0 2.3 2.353 -0.534084 0.611104 -0.0251331 -0.0164495 2.3 2.353 0 0 0 0 
 1.92 3.12 -1.08409 0 0 2.305 2.352 -0.536995 0.569271 -0.0298373 -0.0209622 2.305 2.352 0 0 0 0 
 1.955 3.06 -1.08649 0 0 2.303 2.35 -0.534084 0.523885 -0.0373408 -0.028503 2.303 2.35 0 0 0 0 
 1.981 3.013 -1.08948 0 0 2.305 2.346 -0.53263 0.4913 -0.0369258 -0.0300547 2.305 2.346 0 0 0 0 
 2.002 2.96 -1.09359 0 0 2.302 2.355 -0.536995 0.447506 -0.020407 -0.0182386 2.302 2.355 0 0 0 0 
 2.027 2.903 -1.09688 0 0 2.302 2.358 -0.539184 0.40457 -0.00755881 -0.00747329 2.302 2.358 0 0 0 0 
 2.059 2.846 -1.09863 0 0 2.296 2.363 -0.538454 0.356533 -0.0169975 -0.0190675 2.296 2.363 0 0 0 0 
 2.079 2.788 -1.10052 0 0 2.295 2.362 -0.536995 0.31655 -0.00099485 -0.00125711 2.295 2.362 0 0 0 0 
 2.088 2.736 -1.10219 0 0 2.296 2.363 -0.538454 0.282864 0.0366146 0.0517308 2.296 2.363 0 0 0 0 
 2.108 2.692 -1.10675 0 0 2.292 2.358 -0.531905 0.252566 0.0332828 0.0526627 2.292 2.358 0 0 0 0 
 2.116 2.669 -1.10731 0 0 2.29 2.368 -0.537724 0.230072 0.0477337 0.0827992 2.29 2.368 0 0 0 0 
 2.116 2.665 -1.10688 0 0 2.286 2.361 -0.529729 0.230638 0.0362299 0.0627517 2.286 2.361 0 0 0 0 
 2.116 2.661 -1.10708 0 0 2.288 2.363 -0.53263 0.227701 0.0466591 0.0817827 2.288 2.363 0 0 0 0 
 2.114 2.659 -1.10714 0 0 2.287 2.354 -0.525391 0.232131 0.0414296 0.0712692 2.287 2.354 0 0 0 0 
 2.115 2.67 -1.10719 0 0 2.288 2.352 -0.524669 0.239806 0.0280989 0.0468351 2.288 2.352 0 0 0 0 
 2.111 2.677 -1.10726 0 0 2.289 2.348 -0.522507 0.247806 0.0269229 0.0434307 2.289 2.348 0 0 0 0 
 2.105 2.685 -1.10723 0 0 2.285 2.349 -0.520348 0.252544 0.0237949 0.0376705 2.285 2.349 0 0 0 0 
 2.1 2.685 -1.10732 0 0 2.29 2.35 -0.524669 0.254961 0.0445221 0.0697359 2.29 2.35 0 0 0 0 
 2.098 2.685 -1.10733 0 0 2.29 2.35 -0.524669 0.255566 0.0484397 0.0756707 2.29 2.35 0 0 0 0 
 2.091 2.684 -1.1073 0 0 2.289 2.354 -0.526835 0.254445 0.0652394 0.102202 2.289 2.354 0 0 0 0 
 2.094 2.687 -1.10732 0 0 2.289 2.349 -0.523227 0.258243 0.0512417 0.0792035 2.289 2.349 0 0 0 0 
 2.095 2.699 -1.10743 0 0 2.289 2.347 -0.521787 0.266199 0.035322 0.0530263 2.289 2.347 0 0 0 0 
 2.091 2.701 -1.10753 0 0 2.288 2.348 -0.521787 0.267692 0.0402115 0.0600141 2.288 2.348 0 0 0 0 
 2.09 2.698 -1.10751 0 0 2.283 2.347 -0.517476 0.265307 0.0344479 0.05189 2.283 2.347 0 0 0 0 
 2.081 2.704 -1.10753 0 0 2.287 2.352 -0.523948 0.269828 0.0585514 0.0865812 2.287 2.352 0 0 0 0 
 2.081 2.71 -1.10756 0 0 2.287 2.348 -0.521067 0.27572 0.0485743 0.0703528 2.287 2.348 0 0 0 0 
 2.089 2.709 -1.10746 0 0 2.289 2.351 -0.524669 0.271548 0.0409557 0.0602561 2.289 2.351 0 0 0 0 
 2.079 2.714 -1.10749 0 0 2.282 2.35 -0.518911 0.275994 0.0407905 0.0590492 2.282 2.35 0 0 0 0 
 2.079 2.714 -1.10757 0 0 2.287 2.347 -0.520348 0.279273 0.0474406 0.0678445 2.287 2.347 0 0 0 0 
 2.085 2.718 -1.10747 0 0 2.293 2.354 -0.529729 0.277505 0.05033 0.0724196 2.293 2.354 0 0 0 0 
 2.086 2.719 -1.10751 0 0 2.29 2.353 -0.526835 0.277475 0.0407463 0.0586712 2.29 2.353 0 0 0 0 
 2.09 2.713 -1.10754 0 0 2.287 2.351 -0.523227 0.273006 0.0312949 0.0458202 2.287 2.351 0 0 0 0 
 2.088 2.712 -1.10753 0 0 2.29 2.349 -0.523948 0.275101 0.0399036 0.0579553 2.29 2.349 0 0 0 0 
 2.084 2.715 -1.10756 0 0 2.288 2.345 -0.51963 0.279836 0.036848 0.0526223 2.288 2.345 0 0 0 0 
 2.085 2.714 -1.10756 0 0 2.281 2.348 -0.516759 0.27507 0.02546 0.0370064 2.281 2.348 0 0 0 0 
 2.081 2.716 -1.10758 0 0 2.284 2.352 -0.521787 0.275993 0.0408734 0.0591692 2.284 2.352 0 0 0 0 
 2.077 2.718 -1.10762 0 0 2.286 2.348 -0.520348 0.281344 0.0464327 0.06592 2.286 2.348 0 0 0 0 
 2.08 2.716 -1.10758 0 0 2.286 2.35 -0.521787 0.278078 0.044628 0.064107 2.286 2.35 0 0 0 0 
 2.083 2.72 -1.10762 0 0 2.289 2.349 -0.523227 0.281028 0.0397298 0.0564891 2.289 2.349 0 0 0 0 
 2.078 2.725 -1.10767 0 0 2.285 2.346 -0.518194 0.286052 0.0338506 0.0472996 2.285 2.346 0 0 0 0 
 2.076 2.725 -1.10766 0 0 2.288 2.35 -0.523227 0.285199 0.0472298 0.0661445 2.288 2.35 0 0 0 0 
