 0.746 0.663 0.138943 0 0 0.746 0.663 0.343565 0 0 0 2.295 2.352 0 0 0 0 
 0.752 0.659 0.138941 0 0 0.752 0.659 0.344943 7.06607e-05 1.01494e-13 5.74542e-10 2.298 2.35 0 0 0 0 
 0.753 0.661 0.138941 0 0 0.753 0.661 0.34448 7.06556e-05 1.01227e-13 5.73073e-10 2.296 2.35 0 0 0 0 
 0.759 0.661 0.138941 0 0 0.759 0.661 0.346017 7.06456e-05 1.01315e-13 5.7365e-10 2.295 2.351 0 0 0 0 
 0.751 0.662 0.138944 0 0 0.751 0.662 0.347247 7.0666e-05 1.01095e-13 5.72243e-10 2.297 2.358 0 0 0 0 
 0.749 0.659 0.138945 0 0 0.749 0.659 0.350007 7.06798e-05 1.01511e-13 5.74484e-10 2.301 2.363 0 0 0 0 
 0.752 0.654 0.138943 0 0 0.752 0.654 0.352164 7.06824e-05 1.02256e-13 5.7868e-10 2.302 2.362 0 0 0 0 
 0.751 0.653 0.138944 0 0 0.751 0.653 0.353393 7.06885e-05 1.02395e-13 5.79414e-10 2.302 2.364 0 0 0 0 
 0.757 0.661 0.138943 0 0 0.757 0.661 0.348631 7.06564e-05 1.01318e-13 5.73583e-10 2.303 2.36 0 0 0 0 
 0.757 0.659 0.138943 0 0 0.757 0.659 0.347865 7.06563e-05 1.01584e-13 5.75088e-10 2.299 2.355 0 0 0 0 
 0.756 0.656 0.138943 0 0 0.756 0.656 0.349559 7.06652e-05 1.02002e-13 5.77379e-10 2.299 2.356 0 0 0 0 
 0.76 0.661 0.138943 0 0 0.76 0.661 0.348485 7.06492e-05 1.01352e-13 5.73834e-10 2.298 2.357 0 0 0 0 
 0.761 0.661 0.138943 0 0 0.761 0.661 0.34833 7.06466e-05 1.01362e-13 5.73913e-10 2.3 2.357 0 0 0 0 
 0.755 0.654 0.138942 0 0 0.755 0.654 0.349399 7.06688e-05 1.02263e-13 5.7883e-10 2.302 2.355 0 0 0 0 
 0.758 0.65 0.138943 0 0 0.758 0.65 0.350177 7.06673e-05 1.02858e-13 5.82211e-10 2.3 2.351 0 0 0 0 
 0.758 0.649 0.138943 0 0 0.758 0.649 0.349723 7.0667e-05 1.02991e-13 5.82968e-10 2.294 2.347 0 0 0 0 
 0.76 0.653 0.138943 0 0 0.76 0.653 0.348482 7.0656e-05 1.0245e-13 5.79995e-10 2.301 2.35 0 0 0 0 
 0.759 0.656 0.138944 0 0 0.759 0.656 0.348941 7.06568e-05 1.02031e-13 5.77612e-10 2.303 2.355 0 0 0 0 
 0.762 0.655 0.138944 0 0 0.762 0.655 0.350489 7.06546e-05 1.0222e-13 5.78701e-10 2.302 2.356 0 0 0 0 
 0.761 0.658 0.138944 0 0 0.761 0.658 0.350182 7.06536e-05 1.01793e-13 5.76292e-10 2.3 2.358 0 0 0 0 
