 3.069 5.053 -2.94805 3.9315e-245 6.52168e-38 4.61158 2.01567 0.412066 0 0 0 3.34 1.22 0.559128 0 7.58885e-321 6.94976e-310 
 3.024 5.046 -2.92813 3.9315e-245 6.52168e-38 4.61017 2.05787 1.60407 -6.79069e-09 0.707952 -0.523599 3.358 1.232 0.583061 0 7.58885e-321 6.94976e-310 
 3.083 5.069 -2.8486 3.9315e-245 6.52168e-38 4.61554 2.13648 1.50258 -8.05141e-09 1.11007 -0.523599 3.389 1.273 0.613401 0 7.58885e-321 6.94976e-310 
 3.058 5.059 -2.75395 3.9315e-245 6.52168e-38 4.61996 2.22236 1.51935 4.03032e-09 1.38018 0.523599 3.424 1.317 0.647971 0 7.58885e-321 6.94976e-310 
 2.912 4.966 -2.65418 3.9315e-245 6.52168e-38 4.61887 2.2695 1.59399 7.45719e-08 1.48542 0.523599 3.44 1.342 0.666623 0 7.58885e-321 6.94976e-310 
 3.031 5.041 -2.54883 3.9315e-245 6.52168e-38 4.61458 2.29443 1.74108 0.482661 1.82117 0.523599 3.446 1.354 0.677637 0 7.58885e-321 6.94976e-310 
 3.016 5.085 -2.45918 3.9315e-245 6.52168e-38 4.60356 2.31454 2.07237 0.816142 1.94157 0.404588 3.444 1.363 0.687177 0 7.58885e-321 6.94976e-310 
 2.915 4.976 -2.41592 3.9315e-245 6.52168e-38 4.59944 2.33512 1.76839 0.789353 1.94229 0.416943 3.452 1.369 0.699817 0 7.58885e-321 6.94976e-310 
 2.853 4.908 -2.38275 3.9315e-245 6.52168e-38 4.60801 2.37769 1.37215 0.760323 1.9412 0.430778 3.473 1.397 0.712587 0 7.58885e-321 6.94976e-310 
 2.845 4.924 -2.35749 3.9315e-245 6.52168e-38 4.62258 2.43277 1.31223 0.795789 1.95436 0.41623 3.499 1.439 0.724167 0 7.58885e-321 6.94976e-310 
 2.872 4.887 -2.31265 3.9315e-245 6.52168e-38 4.64283 2.45811 0.896565 0.893377 1.98642 0.380704 3.524 1.459 0.728931 0 7.58885e-321 6.94976e-310 
 2.84 4.883 -2.24501 3.9315e-245 6.52168e-38 4.65872 2.46724 0.521516 1.05637 2.01279 0.330398 3.54 1.468 0.729045 0 7.58885e-321 6.94976e-310 
 2.9 4.91 -2.18212 3.9315e-245 6.52168e-38 4.66602 2.48736 1.22239 1.26645 2.02649 0.280433 3.551 1.484 0.732733 0 7.58885e-321 6.94976e-310 
 2.864 4.847 -2.15674 3.9315e-245 6.52168e-38 4.68162 2.53021 1.22164 1.21957 2.02906 0.290974 3.582 1.51 0.747952 0 7.58885e-321 6.94976e-310 
 2.831 4.847 -2.15833 3.9315e-245 6.52168e-38 4.67889 2.56624 1.64668 1.17015 2.0289 0.30252 3.604 1.52 0.771895 0 7.58885e-321 6.94976e-310 
 2.793 4.768 -2.15799 3.9315e-245 6.52168e-38 4.67724 2.59905 1.62084 1.05658 2.02678 0.332466 3.622 1.533 0.790493 0 7.58885e-321 6.94976e-310 
 2.79 4.737 -2.15775 3.9315e-245 6.52168e-38 4.65205 2.64505 2.07183 1.00119 2.02796 0.349621 3.628 1.549 0.819342 0 7.58885e-321 6.94976e-310 
 2.718 4.701 -2.15797 3.9315e-245 6.52168e-38 4.63091 2.7031 1.92012 0.891202 2.01619 0.386714 3.64 1.577 0.849174 0 7.58885e-321 6.94976e-310 
 2.64 4.658 -2.15812 3.9315e-245 6.52168e-38 4.60003 2.7582 2.08159 0.776942 1.9969 0.433313 3.642 1.604 0.878009 0 7.58885e-321 6.94976e-310 
 2.675 4.643 -2.15783 3.9315e-245 6.52168e-38 4.58232 2.79007 2.078 0.76422 2.00402 0.44101 3.65 1.615 0.90008 0 7.58885e-321 6.94976e-310 
 2.717 4.625 -2.15812 3.9315e-245 6.52168e-38 4.58925 2.83641 1.42236 0.724311 2.00447 0.462155 3.674 1.648 0.914525 0 7.58885e-321 6.94976e-310 
 2.621 4.599 -2.15901 3.9315e-245 6.52168e-38 4.58402 2.86948 1.72771 0.615906 1.96749 0.521838 3.682 1.671 0.925612 0 7.58885e-321 6.94976e-310 
 2.635 4.579 -2.15858 3.9315e-245 6.52168e-38 4.57936 2.93184 1.64534 0.550861 1.9559 0.523599 3.694 1.721 0.939439 0 7.58885e-321 6.94976e-310 
 2.612 4.556 -2.15839 3.9315e-245 6.52168e-38 4.57556 2.95123 1.76459 0.499813 1.93773 0.523599 3.699 1.734 0.946692 0 7.58885e-321 6.94976e-310 
 2.653 4.621 -2.15652 3.9315e-245 6.52168e-38 4.58312 2.97913 1.30619 0.560031 1.96194 0.523599 3.712 1.758 0.951154 0 7.58885e-321 6.94976e-310 
 2.612 4.603 -2.14609 3.9315e-245 6.52168e-38 4.58064 3.01724 1.63569 0.513401 1.94484 0.523599 3.721 1.788 0.960521 0 7.58885e-321 6.94976e-310 
 2.544 4.537 -2.10087 3.9315e-245 6.52168e-38 4.57576 3.05451 1.70105 0.504508 1.94357 0.523599 3.731 1.815 0.972578 0 7.58885e-321 6.94976e-310 
 2.506 4.506 -2.07071 3.9315e-245 6.52168e-38 4.58217 3.11066 1.45711 0.478964 1.93535 0.523599 3.751 1.862 0.983501 0 7.58885e-321 6.94976e-310 
 2.471 4.444 -2.07279 3.9315e-245 6.52168e-38 4.57195 3.12336 2.24841 0.384314 1.89491 0.523599 3.754 1.866 0.99405 0 7.58885e-321 6.94976e-310 
 2.469 4.409 -2.08213 3.9315e-245 6.52168e-38 4.58439 3.1326 0.638734 0.303902 1.85392 0.523599 3.773 1.871 0.999256 0 7.58885e-321 6.94976e-310 
 2.431 4.427 -2.14339 3.9315e-245 6.52168e-38 4.56896 3.16113 2.06661 0.0960441 1.71474 0.523599 3.779 1.886 1.01615 0 7.58885e-321 6.94976e-310 
 2.372 4.404 -2.24161 3.9315e-245 6.52168e-38 4.54662 3.2061 2.03187 2.17211e-10 1.44551 0.523599 3.795 1.908 1.04595 0 7.58885e-321 6.94976e-310 
 2.339 4.362 -2.3345 3.9315e-245 6.52168e-38 4.49747 3.23574 2.59897 -8.29978e-09 1.15364 -0.523599 3.779 1.919 1.0713 0 7.58885e-321 6.94976e-310 
 2.415 4.405 -2.42848 3.9315e-245 6.52168e-38 4.45665 3.27258 2.40743 -8.64333e-09 1.02876 -0.523599 3.768 1.94 1.09381 0 7.58885e-321 6.94976e-310 
 2.402 4.337 -2.52517 3.9315e-245 6.52168e-38 4.45243 3.31782 1.66372 -7.43418e-09 0.817572 -0.523599 3.776 1.979 1.10296 0 7.58885e-321 6.94976e-310 
 2.346 4.362 -2.62327 3.9315e-245 6.52168e-38 4.44147 3.32732 2.42804 -7.95311e-09 0.751797 -0.523599 3.768 1.987 1.10518 0 7.58885e-321 6.94976e-310 
 2.323 4.331 -2.71794 3.9315e-245 6.52168e-38 4.45069 3.3312 0.399177 -8.30111e-09 0.723255 -0.523599 3.777 1.991 1.10501 0 7.58885e-321 6.94976e-310 
 2.29 4.374 -2.75002 3.9315e-245 6.52168e-38 4.47509 3.3565 0.803379 -8.4232e-09 0.69651 -0.523599 3.802 2.016 1.10546 0 7.58885e-321 6.94976e-310 
 2.247 4.33 -2.75058 3.9315e-245 6.52168e-38 4.47752 3.38578 1.48807 -9.45573e-09 0.683652 -0.523599 3.811 2.042 1.11035 0 7.58885e-321 6.94976e-310 
 2.218 4.303 -2.75178 3.9315e-245 6.52168e-38 4.46506 3.41638 1.95762 -8.53846e-09 0.678242 -0.523599 3.812 2.066 1.12035 0 7.58885e-321 6.94976e-310 
 2.152 4.291 -2.75242 3.9315e-245 6.52168e-38 4.45411 3.46538 1.79064 -8.60744e-09 0.658574 -0.523599 3.82 2.106 1.13433 0 7.58885e-321 6.94976e-310 
 2.164 4.284 -2.75316 3.9315e-245 6.52168e-38 4.43336 3.52186 1.92275 -8.60666e-09 0.667524 -0.523599 3.82 2.153 1.14954 0 7.58885e-321 6.94976e-310 
 2.205 4.311 -2.75534 3.9315e-245 6.52168e-38 4.45589 3.60307 1.30019 -8.6154e-09 0.670729 -0.523599 3.852 2.23 1.15645 0 7.58885e-321 6.94976e-310 
 2.238 4.337 -2.75526 3.9315e-245 6.52168e-38 4.45473 3.65406 1.59353 -8.59825e-09 0.682023 -0.523599 3.86 2.277 1.16311 0 7.58885e-321 6.94976e-310 
 2.237 4.343 -2.75628 3.9315e-245 6.52168e-38 4.40983 3.65896 3.03294 -8.5642e-09 0.698594 -0.523599 3.841 2.271 1.18184 0 7.58885e-321 6.94976e-310 
 2.178 4.316 -2.75494 3.9315e-245 6.52168e-38 4.37251 3.714 2.16664 -8.61054e-09 0.684729 -0.523599 3.834 2.314 1.20359 0 7.58885e-321 6.94976e-310 
 2.198 4.337 -2.75538 3.9315e-245 6.52168e-38 4.34458 3.74115 2.37042 -9.48402e-09 0.703361 -0.523599 3.836 2.33 1.22489 0 7.58885e-321 6.94976e-310 
 2.226 4.338 -2.73159 3.9315e-245 6.52168e-38 4.33358 3.75989 2.1018 -8.52028e-09 0.728038 -0.523599 3.847 2.341 1.24044 0 7.58885e-321 6.94976e-310 
 2.172 4.306 -2.66185 3.9315e-245 6.52168e-38 4.32577 3.78585 1.86286 -8.48134e-09 0.731076 -0.523599 3.86 2.36 1.25506 0 7.58885e-321 6.94976e-310 
 2.191 4.291 -2.58833 3.9315e-245 6.52168e-38 4.28397 3.80675 2.67791 -8.31663e-09 0.776569 -0.523599 3.853 2.37 1.27937 0 7.58885e-321 6.94976e-310 
 2.197 4.298 -2.51477 3.9315e-245 6.52168e-38 4.22864 3.83031 2.73905 -8.09036e-09 0.81999 -0.523599 3.842 2.381 1.31009 0 7.58885e-321 6.94976e-310 
 2.187 4.294 -2.43763 3.9315e-245 6.52168e-38 4.17472 3.88526 2.34683 -7.87034e-09 0.858951 -0.523599 3.836 2.424 1.34302 0 7.58885e-321 6.94976e-310 
 2.212 4.33 -2.35528 3.9315e-245 6.52168e-38 4.15769 3.91844 2.04504 -9.07984e-09 0.919511 -0.523599 3.833 2.454 1.35261 0 7.58885e-321 6.94976e-310 
 2.211 4.313 -2.26883 3.9315e-245 6.52168e-38 4.12785 3.93572 2.61661 -8.90719e-09 1.00227 -0.523599 3.809 2.47 1.3566 0 7.58885e-321 6.94976e-310 
 2.135 4.286 -2.17553 3.9315e-245 6.52168e-38 4.10281 3.95145 2.58085 -6.50895e-09 1.07246 -0.523599 3.792 2.484 1.36208 0 7.58885e-321 6.94976e-310 
 2.175 4.299 -2.07462 3.9315e-245 6.52168e-38 4.07571 3.98389 2.2667 -4.98179e-09 1.30119 -0.523599 3.767 2.516 1.36351 0 7.58885e-321 6.94976e-310 
 2.195 4.315 -1.96589 3.9315e-245 6.52168e-38 4.06636 3.98754 2.76923 -6.47029e-09 1.54819 -0.523599 3.756 2.52 1.36239 0 7.58885e-321 6.94976e-310 
 2.161 4.269 -1.83594 3.9315e-245 6.52168e-38 4.08233 4.01983 1.11136 -4.98493e-10 1.69235 -0.523599 3.764 2.554 1.35695 0 7.58885e-321 6.94976e-310 
 2.161 4.25 -1.68348 3.9315e-245 6.52168e-38 4.11345 4.05669 0.869622 0.170985 1.88395 0.523599 3.781 2.594 1.34731 0 7.58885e-321 6.94976e-310 
 2.138 4.261 -1.51358 3.9315e-245 6.52168e-38 4.11953 4.05913 0.381887 0.552341 2.05948 0.523599 3.776 2.599 1.33973 0 7.58885e-321 6.94976e-310 
 2.115 4.251 -1.34 3.9315e-245 6.52168e-38 4.14701 4.09878 0.964643 0.846531 2.07792 0.416041 3.802 2.639 1.33871 0 7.58885e-321 6.94976e-310 
 2.089 4.197 -1.19832 3.9315e-245 6.52168e-38 4.16703 4.14672 1.17512 1.01851 2.04204 0.346342 3.826 2.686 1.34143 0 7.58885e-321 6.94976e-310 
 2.127 4.134 -1.09408 3.9315e-245 6.52168e-38 4.15904 4.19869 1.72338 1.07142 2.01213 0.32598 3.831 2.735 1.35032 0 7.58885e-321 6.94976e-310 
 2.151 4.106 -0.967212 3.9315e-245 6.52168e-38 4.09271 4.25192 2.46535 1.14 1.93901 0.297098 3.825 2.776 1.39136 0 7.58885e-321 6.94976e-310 
 2.168 4.005 -0.830263 3.9315e-245 6.52168e-38 4.06897 4.29107 2.11594 1.20007 1.86924 0.273352 3.865 2.805 1.43439 0 7.58885e-321 6.94976e-310 
 2.225 3.979 -0.691967 3.9315e-245 6.52168e-38 4.02969 4.3203 2.50183 1.2482 1.73386 0.245013 3.899 2.826 1.48356 0 7.58885e-321 6.94976e-310 
 2.31 3.908 -0.556279 3.9315e-245 6.52168e-38 3.90277 4.36688 2.7898 1.16148 1.66441 0.252439 3.884 2.867 1.55828 0 7.58885e-321 6.94976e-310 
 2.35 3.845 -0.424866 3.9315e-245 6.52168e-38 3.71996 4.37982 3.07095 1.0576 1.59105 0.264451 3.856 2.886 1.66161 0 7.58885e-321 6.94976e-310 
 2.408 3.83 -0.295174 3.9315e-245 6.52168e-38 3.54432 4.39593 3.05012 0.934349 1.50816 0.282758 3.828 2.923 1.76106 0 7.58885e-321 6.94976e-310 
 2.463 3.824 -0.167867 3.9315e-245 6.52168e-38 3.41811 4.39857 3.12068 0.840705 1.40723 0.292647 3.8 2.948 1.82823 0 7.58885e-321 6.94976e-310 
 2.5 3.785 -0.0434947 3.9315e-245 6.52168e-38 3.34805 4.39655 -3.11278 0.803651 1.32414 0.288315 3.796 2.965 1.87406 0 7.58885e-321 6.94976e-310 
 2.613 3.776 0.0774788 3.9315e-245 6.52168e-38 3.30867 4.42234 2.56186 0.728573 1.31184 0.31342 3.791 3.002 1.89817 0 7.58885e-321 6.94976e-310 
 2.646 3.749 0.201522 3.9315e-245 6.52168e-38 3.27515 4.41814 -3.0171 0.721415 1.2045 0.291946 3.792 3.01 1.92257 0 7.58885e-321 6.94976e-310 
 2.71 3.767 0.332998 3.9315e-245 6.52168e-38 3.22152 4.42355 3.04119 0.662857 1.11476 0.293946 3.784 3.033 1.95518 0 7.58885e-321 6.94976e-310 
 2.887 3.765 0.464636 3.9315e-245 6.52168e-38 3.16651 4.42292 -3.13024 0.538463 1.3019 0.410482 3.773 3.051 1.98704 0 7.58885e-321 6.94976e-310 
 2.961 3.774 0.595436 3.9315e-245 6.52168e-38 3.11743 4.42793 3.03996 0.496874 1.34326 0.452885 3.761 3.073 2.01423 0 7.58885e-321 6.94976e-310 
 3.089 3.808 0.738295 3.9315e-245 6.52168e-38 3.08463 4.44535 2.65343 0.44435 1.48111 0.523599 3.762 3.107 2.03933 0 7.58885e-321 6.94976e-310 
 3.212 3.898 0.889369 3.9315e-245 6.52168e-38 3.05382 4.47069 2.45325 0.38168 1.61688 0.523599 3.765 3.15 2.06476 0 7.58885e-321 6.94976e-310 
 3.272 3.929 1.0513 3.9315e-245 6.52168e-38 3.00055 4.48136 2.94398 0.387693 1.66649 0.523599 3.75 3.182 2.09397 0 7.58885e-321 6.94976e-310 
 3.299 3.903 1.22579 3.9315e-245 6.52168e-38 2.89422 4.46864 -3.02255 0.443233 1.698 0.523599 3.704 3.206 2.14106 0 7.58885e-321 6.94976e-310 
 3.308 3.876 1.40625 3.9315e-245 6.52168e-38 2.81959 4.46276 -3.06306 0.52749 1.56958 0.491721 3.687 3.239 2.18741 0 7.58885e-321 6.94976e-310 
 3.37 3.965 1.58484 3.9315e-245 6.52168e-38 2.77335 4.45876 -3.05522 0.532832 1.58401 0.491336 3.671 3.257 2.21234 0 7.58885e-321 6.94976e-310 
 3.339 3.997 1.74845 3.9315e-245 6.52168e-38 2.72343 4.45439 -3.05425 0.5639 1.40403 0.421334 3.649 3.274 2.23578 0 7.58885e-321 6.94976e-310 
 3.374 4.045 1.90886 3.9315e-245 6.52168e-38 2.69444 4.45081 -3.01881 0.5999 1.31203 0.375041 3.642 3.288 2.25455 0 7.58885e-321 6.94976e-310 
 3.355 4.111 2.05603 3.9315e-245 6.52168e-38 2.64891 4.4313 -2.73678 0.596818 1.24721 0.359786 3.614 3.283 2.26972 0 7.58885e-321 6.94976e-310 
 3.329 4.196 2.18976 3.9315e-245 6.52168e-38 2.6441 4.44798 1.85165 0.57543 1.12685 0.33889 3.619 3.308 2.2783 0 7.58885e-321 6.94976e-310 
 3.27 4.179 2.31859 3.9315e-245 6.52168e-38 2.60969 4.4582 2.85287 0.5975 0.804729 0.23784 3.589 3.322 2.28217 0 7.58885e-321 6.94976e-310 
 3.25 4.278 2.43424 3.9315e-245 6.52168e-38 2.5915 4.47196 2.49404 0.572257 0.792739 0.244368 3.578 3.342 2.28851 0 7.58885e-321 6.94976e-310 
 3.245 4.352 2.51956 3.9315e-245 6.52168e-38 2.56457 4.4804 2.83785 0.57511 0.821123 0.251554 3.554 3.353 2.29111 0 7.58885e-321 6.94976e-310 
 3.165 4.369 2.60373 3.9315e-245 6.52168e-38 2.54963 4.49857 2.259 0.534595 0.6116 0.203089 3.54 3.372 2.29194 0 7.58885e-321 6.94976e-310 
 3.096 4.384 2.68819 3.9315e-245 6.52168e-38 2.54624 4.54458 1.64445 0.49826 0.306865 0.110406 3.54 3.421 2.29496 0 7.58885e-321 6.94976e-310 
 3.078 4.455 2.75247 3.9315e-245 6.52168e-38 2.49991 4.55065 3.01127 0.506536 0.410403 0.144818 3.507 3.439 2.30688 0 7.58885e-321 6.94976e-310 
 3.085 4.494 2.78516 3.9315e-245 6.52168e-38 2.4438 4.54673 -3.07184 0.552387 0.512475 0.165468 3.484 3.466 2.33709 0 7.58885e-321 6.94976e-310 
 3.019 4.472 2.8277 3.9315e-245 6.52168e-38 2.37733 4.52363 -2.80705 0.556009 0.437081 0.140566 3.443 3.468 2.36093 0 7.58885e-321 6.94976e-310 
 2.937 4.529 2.87725 3.9315e-245 6.52168e-38 2.33227 4.50408 -2.73227 0.516803 0.560384 0.192756 3.416 3.467 2.37819 0 7.58885e-321 6.94976e-310 
 2.776 4.494 2.92313 3.9315e-245 6.52168e-38 2.30593 4.50172 -3.05231 0.407365 0.342584 0.150235 3.39 3.465 2.37852 0 7.58885e-321 6.94976e-310 
 2.743 4.536 2.98079 3.9315e-245 6.52168e-38 2.29476 4.51259 2.36955 0.388333 0.354754 0.162977 3.378 3.475 2.37771 0 7.58885e-321 6.94976e-310 
 2.775 4.575 3.01617 3.9315e-245 6.52168e-38 2.2891 4.5411 1.76685 0.422436 0.335123 0.141837 3.368 3.499 2.37354 0 7.58885e-321 6.94976e-310 
 2.841 4.719 3.05081 3.9315e-245 6.52168e-38 2.27815 4.56235 2.04658 0.493206 0.655733 0.234898 3.35 3.513 2.3668 0 7.58885e-321 6.94976e-310 
 2.658 4.525 3.08312 3.9315e-245 6.52168e-38 2.25459 4.5809 2.47481 0.356543 -0.127216 -0.0641367 3.319 3.524 2.35974 0 7.58885e-321 6.94976e-310 
 2.607 4.59 -3.13928 3.9315e-245 6.52168e-38 2.22142 4.60274 2.55932 0.338265 -0.0554513 -0.0294986 3.284 3.544 2.35801 0 7.58885e-321 6.94976e-310 
 2.506 4.559 3.13977 3.9315e-245 6.52168e-38 2.21353 4.64881 1.74046 0.260607 -0.412847 -0.27778 3.268 3.582 2.35038 0 7.58885e-321 6.94976e-310 
 2.53 4.624 3.13822 3.9315e-245 6.52168e-38 2.22246 4.70162 1.40322 0.27281 -0.347124 -0.225149 3.27 3.628 2.3439 0 7.58885e-321 6.94976e-310 
 2.502 4.601 3.11263 3.9315e-245 6.52168e-38 2.21919 4.73535 1.66755 0.25917 -0.58144 -0.383799 3.267 3.662 2.34415 0 7.58885e-321 6.94976e-310 
 2.436 4.581 3.07672 3.9315e-245 6.52168e-38 2.18097 4.73529 -3.13984 0.241545 -0.652055 -0.452315 3.243 3.676 2.35749 0 7.58885e-321 6.94976e-310 
 2.467 4.618 3.01654 3.9315e-245 6.52168e-38 2.12063 4.70097 -2.62448 0.311212 -0.166425 -0.0959617 3.236 3.698 2.40921 0 7.58885e-321 6.94976e-310 
 2.467 4.669 2.95109 3.9315e-245 6.52168e-38 2.05507 4.656 -2.5404 0.356039 0.357312 0.178717 3.228 3.721 2.46859 0 7.58885e-321 6.94976e-310 
 2.485 4.72 2.939 3.9315e-245 6.52168e-38 1.96739 4.58739 -2.47754 0.440559 0.794041 0.31371 3.194 3.724 2.52827 0 7.58885e-321 6.94976e-310 
 2.423 4.695 2.94898 3.9315e-245 6.52168e-38 1.87552 4.50977 -2.44016 0.467555 0.926277 0.342542 3.152 3.722 2.58866 0 7.58885e-321 6.94976e-310 
 2.399 4.743 3.00513 3.9315e-245 6.52168e-38 1.81971 4.45457 -2.36157 0.509614 1.09388 0.3687 3.132 3.728 2.63594 0 7.58885e-321 6.94976e-310 
 2.362 4.71 3.09552 3.9315e-245 6.52168e-38 1.75555 4.40858 -2.51974 0.550905 0.945998 0.299776 3.084 3.712 2.65865 0 7.58885e-321 6.94976e-310 
 2.226 4.672 -3.08065 3.9315e-245 6.52168e-38 1.72041 4.40874 3.13718 0.474681 0.750649 0.277313 3.055 3.724 2.66754 0 7.58885e-321 6.94976e-310 
 2.311 4.828 -2.98609 3.9315e-245 6.52168e-38 1.6937 4.4224 2.66893 0.615281 0.815486 0.234192 3.03 3.741 2.67005 0 7.58885e-321 6.94976e-310 
 2.406 5.004 -2.90645 3.9315e-245 6.52168e-38 1.67336 4.44368 2.33353 0.770724 0.83587 0.19279 3.009 3.761 2.66908 0 7.58885e-321 6.94976e-310 
 2.171 4.823 -2.83144 3.9315e-245 6.52168e-38 1.64969 4.45334 2.7542 0.545713 0.570908 0.18613 2.985 3.77 2.66859 0 7.58885e-321 6.94976e-310 
 2.095 4.773 -2.76253 3.9315e-245 6.52168e-38 1.63687 4.4738 2.13046 0.474442 0.356368 0.134389 2.975 3.796 2.67274 0 7.58885e-321 6.94976e-310 
 2.013 4.814 -2.7189 3.9315e-245 6.52168e-38 1.602 4.47604 3.07758 0.457177 0.469016 0.182604 2.948 3.814 2.68448 0 7.58885e-321 6.94976e-310 
 2.078 4.896 -2.69304 3.9315e-245 6.52168e-38 1.56461 4.44006 -2.37545 0.589351 0.527229 0.159656 2.93 3.819 2.71471 0 7.58885e-321 6.94976e-310 
 2.054 4.888 -2.64827 3.9315e-245 6.52168e-38 1.51642 4.39341 -2.37241 0.62967 0.4832 0.137261 2.9 3.814 2.74501 0 7.58885e-321 6.94976e-310 
 1.978 4.886 -2.60044 3.9315e-245 6.52168e-38 1.45672 4.35239 -2.53965 0.642541 0.496019 0.138069 2.856 3.812 2.77304 0 7.58885e-321 6.94976e-310 
 1.795 4.721 -2.55192 3.9315e-245 6.52168e-38 1.41831 4.34317 -2.90584 0.462703 0.349539 0.135148 2.823 3.817 2.78319 0 7.58885e-321 6.94976e-310 
 1.739 4.686 -2.50189 3.9315e-245 6.52168e-38 1.38807 4.33169 -2.77901 0.434511 0.260952 0.107683 2.797 3.817 2.79135 0 7.58885e-321 6.94976e-310 
 1.805 4.72 -2.46741 3.9315e-245 6.52168e-38 1.35752 4.3322 3.12487 0.519155 0.0731998 0.0253742 2.767 3.819 2.7924 0 7.58885e-321 6.94976e-310 
 1.751 4.76 -2.44645 3.9315e-245 6.52168e-38 1.3195 4.33238 3.137 0.531761 0.158446 0.0535824 2.73 3.822 2.79441 0 7.58885e-321 6.94976e-310 
 1.723 4.692 -2.43586 3.9315e-245 6.52168e-38 1.28073 4.33424 3.09359 0.49888 -0.0463858 -0.0167348 2.692 3.826 2.79592 0 7.58885e-321 6.94976e-310 
 1.64 4.671 -2.42216 3.9315e-245 6.52168e-38 1.26305 4.34513 2.58967 0.437065 -0.0114395 -0.00471121 2.674 3.836 2.79529 0 7.58885e-321 6.94976e-310 
 1.611 4.602 -2.42052 3.9315e-245 6.52168e-38 1.23595 4.35306 2.85669 0.392684 -0.225723 -0.103101 2.648 3.847 2.79746 0 7.58885e-321 6.94976e-310 
 1.503 4.568 -2.42054 3.9315e-245 6.52168e-38 1.21899 4.36659 2.46831 0.304346 -0.155856 -0.0919186 2.633 3.866 2.80134 0 7.58885e-321 6.94976e-310 
 1.464 4.534 -2.42378 3.9315e-245 6.52168e-38 1.16772 4.34459 -2.73626 0.306269 -0.223766 -0.130761 2.591 3.871 2.82037 0 7.58885e-321 6.94976e-310 
 1.48 4.57 -2.42866 3.9315e-245 6.52168e-38 1.13811 4.3294 -2.6678 0.365592 -0.161845 -0.0795165 2.572 3.889 2.8436 0 7.58885e-321 6.94976e-310 
 1.458 4.578 -2.44033 3.9315e-245 6.52168e-38 1.09058 4.28098 -2.34687 0.414361 -0.0364955 -0.0158525 2.539 3.891 2.87858 0 7.58885e-321 6.94976e-310 
 1.367 4.532 -2.45417 3.9315e-245 6.52168e-38 1.03785 4.21016 -2.21087 0.402887 0.146262 0.0652536 2.499 3.871 2.91351 0 7.58885e-321 6.94976e-310 
 1.328 4.487 -2.45685 3.9315e-245 6.52168e-38 1.0029 4.16302 -2.20874 0.401406 0.166594 0.0745663 2.474 3.87 2.94498 0 7.58885e-321 6.94976e-310 
 1.282 4.415 -2.45525 3.9315e-245 6.52168e-38 0.991148 4.16086 -2.95934 0.338686 0.0499375 0.0265338 2.465 3.882 2.9546 0 7.58885e-321 6.94976e-310 
 1.233 4.402 -2.44936 3.9315e-245 6.52168e-38 0.965562 4.14842 -2.6891 0.32282 0.102335 0.056999 2.444 3.895 2.97183 0 7.58885e-321 6.94976e-310 
 1.127 4.35 -2.44725 3.9315e-245 6.52168e-38 0.946266 4.1323 -2.44569 0.245373 0.246276 0.178734 2.43 3.912 2.99419 0 7.58885e-321 6.94976e-310 
 1.158 4.353 -2.43955 3.9315e-245 6.52168e-38 0.902163 4.07432 -2.22106 0.330181 0.195934 0.106411 2.392 3.9 3.02512 0 7.58885e-321 6.94976e-310 
 1.085 4.32 -2.42139 3.9315e-245 6.52168e-38 0.868819 4.02114 -2.13086 0.318408 0.343903 0.192017 2.364 3.901 3.06141 0 7.58885e-321 6.94976e-310 
 1.111 4.314 -2.40384 3.9315e-245 6.52168e-38 0.868087 3.9991 -1.604 0.345504 0.279297 0.144493 2.366 3.92 3.08883 0 7.58885e-321 6.94976e-310 
 1.102 4.289 -2.36985 3.9315e-245 6.52168e-38 0.839775 3.96623 -2.28173 0.363256 0.189112 0.0934357 2.339 3.918 3.10944 0 7.58885e-321 6.94976e-310 
 1.137 4.343 -2.3434 3.9315e-245 6.52168e-38 0.801021 3.89309 -2.05809 0.490101 0.23662 0.0866859 2.301 3.901 -3.13632 0 7.58885e-321 6.94976e-310 
 1.088 4.32 -2.32778 3.9315e-245 6.52168e-38 0.758219 3.81654 -2.08061 0.523222 0.325798 0.111616 2.257 3.877 -3.10127 0 7.58885e-321 6.94976e-310 
 1.052 4.256 -2.30565 3.9315e-245 6.52168e-38 0.715224 3.77736 -2.40255 0.511188 0.22238 0.0781453 2.213 3.859 -3.08714 0 7.58885e-321 6.94976e-310 
 1.063 4.277 -2.27558 3.9315e-245 6.52168e-38 0.672388 3.7584 -2.72495 0.568931 0.111523 0.0352694 2.17 3.843 -3.08516 0 7.58885e-321 6.94976e-310 
 0.983 4.236 -2.25475 3.9315e-245 6.52168e-38 0.640291 3.73812 -2.57814 0.529187 0.14966 0.0508622 2.138 3.821 -3.08631 0 7.58885e-321 6.94976e-310 
 0.954 4.23 -2.24321 3.9315e-245 6.52168e-38 0.625246 3.72194 -2.31994 0.529358 0.181049 0.0614854 2.123 3.804 -3.08686 0 7.58885e-321 6.94976e-310 
 0.917 4.211 -2.22678 3.9315e-245 6.52168e-38 0.59295 3.70653 -2.69632 0.524846 0.156496 0.05362 2.091 3.783 -3.09059 0 7.58885e-321 6.94976e-310 
 0.854 4.165 -2.21023 3.9315e-245 6.52168e-38 0.549417 3.70781 3.11216 0.481495 0.0928046 0.0346797 2.048 3.773 -3.09812 0 7.58885e-321 6.94976e-310 
 0.859 4.143 -2.19311 3.9315e-245 6.52168e-38 0.529475 3.75424 1.97653 0.44617 -0.141325 -0.0569536 2.029 3.792 -3.11641 0 7.58885e-321 6.94976e-310 
 0.812 4.112 -2.18594 3.9315e-245 6.52168e-38 0.532115 3.80242 1.51606 0.364465 -0.194433 -0.0957317 2.032 3.821 -3.1292 0 7.58885e-321 6.94976e-310 
 0.781 4.069 -2.18714 3.9315e-245 6.52168e-38 0.540112 3.84468 1.38377 0.28481 -0.297211 -0.185674 2.04 3.863 -3.12938 0 7.58885e-321 6.94976e-310 
 0.699 4.017 -2.19029 3.9315e-245 6.52168e-38 0.522409 3.84497 3.12498 0.213837 -0.221734 -0.184524 2.022 3.88 -3.11824 0 7.58885e-321 6.94976e-310 
 0.714 3.986 -2.20825 3.9315e-245 6.52168e-38 0.492842 3.75657 -1.89358 0.277986 -0.185474 -0.119525 1.988 3.877 -3.06122 0 7.58885e-321 6.94976e-310 
 0.622 3.901 -2.22471 3.9315e-245 6.52168e-38 0.443584 3.58534 -1.8509 0.316092 0.212549 0.120451 1.928 3.801 -2.99732 0 7.58885e-321 6.94976e-310 
 0.6 3.896 -2.23942 3.9315e-245 6.52168e-38 0.404 3.45882 -1.87402 0.412629 0.421399 0.181796 1.872 3.767 -2.93467 0 7.58885e-321 6.94976e-310 
 0.564 3.861 -2.2332 3.9315e-245 6.52168e-38 0.352927 3.40049 -2.28996 0.437292 0.404708 0.165072 1.814 3.74 -2.91327 0 7.58885e-321 6.94976e-310 
 0.538 3.862 -2.21145 3.9315e-245 6.52168e-38 0.311005 3.39348 -2.97599 0.451873 0.333157 0.13194 1.773 3.729 -2.91601 0 7.58885e-321 6.94976e-310 
 0.539 3.87 -2.17963 3.9315e-245 6.52168e-38 0.300845 3.38918 -2.74122 0.467624 0.264751 0.101559 1.763 3.724 -2.91649 0 7.58885e-321 6.94976e-310 
 0.555 3.853 -2.14613 3.9315e-245 6.52168e-38 0.285907 3.37008 -2.23448 0.48429 0.12032 0.0446906 1.745 3.718 -2.90752 0 7.58885e-321 6.94976e-310 
 0.578 3.835 -2.12233 3.9315e-245 6.52168e-38 0.287354 3.33508 -1.52948 0.507143 0.0454017 0.016113 1.74 3.709 -2.88965 0 7.58885e-321 6.94976e-310 
 0.53 3.823 -2.11225 3.9315e-245 6.52168e-38 0.298796 3.29928 -1.26141 0.499885 0.228158 0.0819718 1.738 3.722 -2.85591 0 7.58885e-321 6.94976e-310 
 0.481 3.78 -2.10504 3.9315e-245 6.52168e-38 0.300804 3.26546 -1.51149 0.472821 0.352229 0.133296 1.729 3.724 -2.83093 0 7.58885e-321 6.94976e-310 
 0.462 3.752 -2.07927 3.9315e-245 6.52168e-38 0.283546 3.22186 -1.94764 0.485891 0.330736 0.121914 1.697 3.724 -2.80024 0 7.58885e-321 6.94976e-310 
 0.353 3.649 -2.04551 3.9315e-245 6.52168e-38 0.273983 3.1697 -1.75215 0.413856 0.532091 0.227421 1.669 3.721 -2.76524 0 7.58885e-321 6.94976e-310 
 0.314 3.63 -2.00923 3.9315e-245 6.52168e-38 0.287847 3.10758 -1.35122 0.438569 0.67829 0.271513 1.662 3.709 -2.72904 0 7.58885e-321 6.94976e-310 
 0.285 3.582 -1.95209 3.9315e-245 6.52168e-38 0.288776 3.03463 -1.55805 0.459158 0.687916 0.263412 1.639 3.688 -2.69091 0 7.58885e-321 6.94976e-310 
 0.179 3.516 -1.88354 3.9315e-245 6.52168e-38 0.285853 2.97967 -1.62394 0.443428 0.894985 0.348473 1.616 3.673 -2.66109 0 7.58885e-321 6.94976e-310 
 0.229 3.485 -1.81813 3.9315e-245 6.52168e-38 0.262312 2.93711 -2.07607 0.468252 0.548672 0.207868 1.581 3.652 -2.64482 0 7.58885e-321 6.94976e-310 
 0.217 3.434 -1.71742 3.9315e-245 6.52168e-38 0.240934 2.89923 -2.08457 0.46456 0.33951 0.130797 1.552 3.628 -2.63426 0 7.58885e-321 6.94976e-310 
 0.192 3.401 -1.66806 3.9315e-245 6.52168e-38 0.219421 2.84994 -1.9823 0.480952 0.263611 0.0983401 1.519 3.599 -2.61872 0 7.58885e-321 6.94976e-310 
 0.136 3.363 -1.63141 3.9315e-245 6.52168e-38 0.223061 2.80042 -1.49742 0.492774 0.387128 0.140478 1.51 3.571 -2.60208 0 7.58885e-321 6.94976e-310 
 0.085 3.318 -1.60162 3.9315e-245 6.52168e-38 0.198381 2.76125 -2.13302 0.490698 0.418426 0.1523 1.481 3.539 -2.5965 0 7.58885e-321 6.94976e-310 
 0.101 3.243 -1.56502 3.9315e-245 6.52168e-38 0.15261 2.73395 -2.6038 0.447609 0.166824 0.0669855 1.432 3.517 -2.59236 0 7.58885e-321 6.94976e-310 
 0.065 3.214 -1.52524 3.9315e-245 6.52168e-38 0.14368 2.72673 -2.4613 0.431274 0.198043 0.0824692 1.418 3.518 -2.58592 0 7.58885e-321 6.94976e-310 
 -0.009 3.169 -1.51083 3.9315e-245 6.52168e-38 0.12574 2.70375 -2.23373 0.418667 0.380203 0.16203 1.39 3.511 -2.57333 0 7.58885e-321 6.94976e-310 
 0.066 3.115 -1.48982 3.9315e-245 6.52168e-38 0.127605 2.65024 -1.53597 0.410918 0.0862969 0.0377839 1.363 3.501 -2.53852 0 7.58885e-321 6.94976e-310 
 0.055 3.054 -1.45143 3.9315e-245 6.52168e-38 0.141872 2.57951 -1.37175 0.422645 0.105897 0.0450697 1.343 3.478 -2.49935 0 7.58885e-321 6.94976e-310 
 0.006 3.003 -1.44422 3.9315e-245 6.52168e-38 0.161839 2.5131 -1.27872 0.446599 0.317656 0.127337 1.326 3.459 -2.45927 0 7.58885e-321 6.94976e-310 
 0.042 2.944 -1.43283 3.9315e-245 6.52168e-38 0.177306 2.43736 -1.36934 0.457948 0.217112 0.0851316 1.301 3.431 -2.41754 0 7.58885e-321 6.94976e-310 
 0.023 2.883 -1.40218 3.9315e-245 6.52168e-38 0.175537 2.37354 -1.5985 0.46445 0.216861 0.0838485 1.274 3.395 -2.3925 0 7.58885e-321 6.94976e-310 
 0 2.854 -1.38142 3.9315e-245 6.52168e-38 0.185905 2.3219 -1.37267 0.491345 0.264943 0.0967565 1.258 3.371 -2.36703 0 7.58885e-321 6.94976e-310 
 0.026 2.8 -1.35895 3.9315e-245 6.52168e-38 0.209525 2.27127 -1.13428 0.488812 0.220345 0.0809626 1.259 3.343 -2.3457 0 7.58885e-321 6.94976e-310 
 -0.07 2.708 -1.33174 3.9315e-245 6.52168e-38 0.208281 2.23022 -1.60108 0.473348 0.515194 0.193463 1.239 3.32 -2.32835 0 7.58885e-321 6.94976e-310 
 -0.12 2.641 -1.3063 3.9315e-245 6.52168e-38 0.207086 2.19918 -1.60929 0.462781 0.66206 0.252034 1.226 3.3 -2.31757 0 7.58885e-321 6.94976e-310 
 -0.073 2.584 -1.25289 3.9315e-245 6.52168e-38 0.198044 2.16513 -1.83038 0.429153 0.443391 0.183871 1.206 3.276 -2.30766 0 7.58885e-321 6.94976e-310 
 0.014 2.568 -1.18837 3.9315e-245 6.52168e-38 0.177936 2.13169 -2.11211 0.408772 -0.0390201 -0.0171806 1.172 3.255 -2.29523 0 7.58885e-321 6.94976e-310 
 0.02 2.505 -1.14412 3.9315e-245 6.52168e-38 0.173447 2.09574 -1.69501 0.382854 -0.112349 -0.0527722 1.155 3.23 -2.28414 0 7.58885e-321 6.94976e-310 
 -0.099 2.458 -1.14079 3.9315e-245 6.52168e-38 0.191964 2.0508 -1.17989 0.434308 0.330323 0.136057 1.15 3.205 -2.26359 0 7.58885e-321 6.94976e-310 
 -0.002 2.458 -1.14145 3.9315e-245 6.52168e-38 0.231249 2.00197 -0.893364 0.449047 0.0761411 0.0305116 1.156 3.183 -2.23509 0 7.58885e-321 6.94976e-310 
 0.001 2.44 -1.127 3.9315e-245 6.52168e-38 0.209378 1.95752 -2.02801 0.460821 -0.0638392 -0.0249309 1.118 3.151 -2.2215 0 7.58885e-321 6.94976e-310 
 0.01 2.379 -1.1197 3.9315e-245 6.52168e-38 0.197693 1.93149 -1.99279 0.425297 -0.0928213 -0.0392649 1.101 3.129 -2.21706 0 7.58885e-321 6.94976e-310 
 0.047 2.338 -1.11936 3.9315e-245 6.52168e-38 0.203341 1.88646 -1.446 0.417403 -0.201862 -0.0868318 1.085 3.1 -2.1991 0 7.58885e-321 6.94976e-310 
 0.084 2.285 -1.12026 3.9315e-245 6.52168e-38 0.183409 1.85183 -2.09309 0.38388 -0.373124 -0.173203 1.046 3.079 -2.18347 0 7.58885e-321 6.94976e-310 
 0.114 2.281 -1.12505 3.9315e-245 6.52168e-38 0.215306 1.80902 -0.930473 0.416538 -0.400771 -0.171486 1.049 3.056 -2.16012 0 7.58885e-321 6.94976e-310 
 0.117 2.215 -1.15062 3.9315e-245 6.52168e-38 0.262191 1.74285 -0.954343 0.431389 -0.210703 -0.0876918 1.044 3.023 -2.11906 0 7.58885e-321 6.94976e-310 
 0.134 2.16 -1.18831 3.9315e-245 6.52168e-38 0.302529 1.69066 -0.91286 0.437238 -0.0655574 -0.0269818 1.052 2.99 -2.09399 0 7.58885e-321 6.94976e-310 
 0.159 2.146 -1.20782 3.9315e-245 6.52168e-38 0.32169 1.64246 -1.19236 0.463815 -0.0894209 -0.0346891 1.046 2.956 -2.07473 0 7.58885e-321 6.94976e-310 
 0.135 2.1 -1.21553 3.9315e-245 6.52168e-38 0.311284 1.61131 -1.89312 0.455684 -0.0159818 -0.00631289 1.028 2.929 -2.06896 0 7.58885e-321 6.94976e-310 
 0.122 2.051 -1.22495 3.9315e-245 6.52168e-38 0.297773 1.57595 -1.93585 0.444287 0.0149241 0.00604632 1.012 2.895 -2.06707 0 7.58885e-321 6.94976e-310 
 0.164 2.002 -1.22887 3.9315e-245 6.52168e-38 0.274115 1.54035 -2.15722 0.414864 -0.183764 -0.0795627 0.976 2.866 -2.05774 0 7.58885e-321 6.94976e-310 
 0.138 1.947 -1.22957 3.9315e-245 6.52168e-38 0.314507 1.49777 -0.811716 0.423229 0.0569117 0.0241999 0.998 2.833 -2.04391 0 7.58885e-321 6.94976e-310 
 0.151 1.907 -1.24105 3.9315e-245 6.52168e-38 0.352899 1.45207 -0.872042 0.435579 0.152571 0.0629654 1.011 2.8 -2.02499 0 7.58885e-321 6.94976e-310 
 0.138 1.874 -1.23925 3.9315e-245 6.52168e-38 0.354639 1.40703 -1.53219 0.450142 0.180427 0.0720233 0.996 2.763 -2.0126 0 7.58885e-321 6.94976e-310 
 0.176 1.837 -1.23651 3.9315e-245 6.52168e-38 0.359389 1.36679 -1.45328 0.442519 0.0655435 0.0266543 0.996 2.725 -2.0091 0 7.58885e-321 6.94976e-310 
 0.161 1.765 -1.23083 3.9315e-245 6.52168e-38 0.358058 1.33415 -1.61155 0.414595 0.151684 0.0657601 0.989 2.695 -2.00493 0 7.58885e-321 6.94976e-310 
 0.23 1.731 -1.22683 3.9315e-245 6.52168e-38 0.331201 1.31216 -2.45547 0.376649 -0.175617 -0.0837308 0.96 2.674 -2.00336 0 7.58885e-321 6.94976e-310 
 0.205 1.688 -1.21734 3.9315e-245 6.52168e-38 0.296915 1.27553 -2.32323 0.368634 -0.218646 -0.10636 0.92 2.64 -1.99917 0 7.58885e-321 6.94976e-310 
 0.184 1.656 -1.22072 3.9315e-245 6.52168e-38 0.337847 1.23173 -0.819235 0.395856 -0.00368685 -0.00167645 0.918 2.615 -1.96792 0 7.58885e-321 6.94976e-310 
 0.161 1.611 -1.22676 3.9315e-245 6.52168e-38 0.39354 1.17145 -0.825003 0.433578 0.247036 0.1022 0.901 2.583 -1.91591 0 7.58885e-321 6.94976e-310 
 0.135 1.515 -1.2269 3.9315e-245 6.52168e-38 0.444338 1.12436 -0.747516 0.423391 0.561604 0.234372 0.892 2.556 -1.87386 0 7.58885e-321 6.94976e-310 
 0.235 1.537 -1.2195 3.9315e-245 6.52168e-38 0.533459 1.08407 -0.424535 0.468416 0.411727 0.156915 0.914 2.535 -1.82729 0 7.58885e-321 6.94976e-310 
 0.296 1.537 -1.18253 3.9315e-245 6.52168e-38 0.600906 1.03021 -0.673891 0.515315 0.280885 0.0978003 0.924 2.495 -1.78789 0 7.58885e-321 6.94976e-310 
 0.287 1.447 -1.14125 3.9315e-245 6.52168e-38 0.627692 0.981423 -1.06868 0.500129 0.367119 0.131368 0.908 2.455 -1.75877 0 7.58885e-321 6.94976e-310 
 0.252 1.404 -1.11226 3.9315e-245 6.52168e-38 0.677219 0.934624 -0.757092 0.543478 0.516136 0.169308 0.931 2.413 -1.7408 0 7.58885e-321 6.94976e-310 
 0.262 1.352 -1.07445 3.9315e-245 6.52168e-38 0.73491 0.880683 -0.751821 0.571805 0.5479 0.170795 0.958 2.364 -1.72008 0 7.58885e-321 6.94976e-310 
 0.318 1.294 -1.0248 3.9315e-245 6.52168e-38 0.716011 0.840778 -2.0131 0.524504 0.321502 0.109889 0.933 2.325 -1.71596 0 7.58885e-321 6.94976e-310 
 0.286 1.24 -0.97162 3.9315e-245 6.52168e-38 0.685033 0.806774 -2.30966 0.513538 0.265594 0.0928256 0.902 2.291 -1.71595 0 7.58885e-321 6.94976e-310 
 0.255 1.181 -0.940056 3.9315e-245 6.52168e-38 0.688373 0.77168 -1.47591 0.517899 0.336049 0.11627 0.883 2.259 -1.70091 0 7.58885e-321 6.94976e-310 
 0.332 1.145 -0.913366 3.9315e-245 6.52168e-38 0.778347 0.737056 -0.367357 0.525908 0.318543 0.108597 0.913 2.231 -1.66069 0 7.58885e-321 6.94976e-310 
 0.399 1.07 -0.879107 3.9315e-245 6.52168e-38 0.865092 0.70508 -0.353169 0.51241 0.39296 0.137173 0.922 2.204 -1.60874 0 7.58885e-321 6.94976e-310 
 0.42 1.014 -0.846245 3.9315e-245 6.52168e-38 0.915667 0.673018 -0.565002 0.518819 0.447308 0.153962 0.923 2.173 -1.57568 0 7.58885e-321 6.94976e-310 
 0.459 0.954 -0.804286 3.9315e-245 6.52168e-38 0.967827 0.635381 -0.625051 0.517631 0.44916 0.154938 0.934 2.135 -1.54824 0 7.58885e-321 6.94976e-310 
 0.449 0.906 -0.759307 3.9315e-245 6.52168e-38 1.03118 0.599364 -0.516944 0.564979 0.51578 0.16287 0.947 2.097 -1.51465 0 7.58885e-321 6.94976e-310 
 0.474 0.861 -0.714561 3.9315e-245 6.52168e-38 1.04083 0.5681 -1.27133 0.55077 0.443474 0.143932 0.93 2.064 -1.49684 0 7.58885e-321 6.94976e-310 
 0.525 0.851 -0.664671 3.9315e-245 6.52168e-38 1.06904 0.544458 -0.697645 0.544199 0.281914 0.0929773 0.93 2.038 -1.47797 0 7.58885e-321 6.94976e-310 
 0.565 0.813 -0.621597 3.9315e-245 6.52168e-38 1.13647 0.526055 -0.266407 0.557067 0.292521 0.0942398 0.939 2.013 -1.43876 0 7.58885e-321 6.94976e-310 
 0.584 0.749 -0.59498 3.9315e-245 6.52168e-38 1.24429 0.517826 -0.0761821 0.602295 0.492955 0.146271 0.978 1.994 -1.39232 0 7.58885e-321 6.94976e-310 
 0.63 0.737 -0.56521 3.9315e-245 6.52168e-38 1.31419 0.506375 -0.162361 0.62324 0.46216 0.132694 1.009 1.975 -1.3659 0 7.58885e-321 6.94976e-310 
 0.667 0.681 -0.519661 3.9315e-245 6.52168e-38 1.32427 0.458155 -1.36471 0.602491 0.368191 0.10956 1.006 1.924 -1.35699 0 7.58885e-321 6.94976e-310 
 0.694 0.623 -0.473309 3.9315e-245 6.52168e-38 1.35008 0.418113 -0.998263 0.598022 0.325291 0.0975989 1.032 1.884 -1.35712 0 7.58885e-321 6.94976e-310 
 0.769 0.556 -0.436751 3.9315e-245 6.52168e-38 1.34033 0.371384 -1.7766 0.52435 0.228623 0.0783215 1.021 1.837 -1.35627 0 7.58885e-321 6.94976e-310 
 0.822 0.554 -0.405216 3.9315e-245 6.52168e-38 1.35085 0.325396 -1.34577 0.505366 -0.00508128 -0.00180984 1.018 1.788 -1.34703 0 7.58885e-321 6.94976e-310 
 0.889 0.551 -0.385515 3.9315e-245 6.52168e-38 1.40626 0.29765 -0.464279 0.504508 -0.127257 -0.0453721 1.043 1.753 -1.32619 0 7.58885e-321 6.94976e-310 
 0.904 0.468 -0.384086 3.9315e-245 6.52168e-38 1.45252 0.26357 -0.634897 0.513356 0.0500044 0.0175314 1.034 1.704 -1.28803 0 7.58885e-321 6.94976e-310 
 0.937 0.435 -0.383919 3.9315e-245 6.52168e-38 1.50507 0.221246 -0.678003 0.532308 0.044415 0.0150178 1.039 1.647 -1.25485 0 7.58885e-321 6.94976e-310 
 0.978 0.389 -0.380986 3.9315e-245 6.52168e-38 1.60435 0.244095 0.226209 0.560188 0.288047 0.0922927 1.063 1.643 -1.20156 0 7.58885e-321 6.94976e-310 
 0.998 0.371 -0.375221 3.9315e-245 6.52168e-38 1.70459 0.310222 0.583188 0.60763 0.553585 0.162543 1.08 1.674 -1.14132 0 7.58885e-321 6.94976e-310 
 1.04 0.371 -0.346764 3.9315e-245 6.52168e-38 1.79534 0.357232 0.477944 0.642963 0.636275 0.176279 1.109 1.691 -1.09555 0 7.58885e-321 6.94976e-310 
 1.115 0.354 -0.289196 3.9315e-245 6.52168e-38 1.86263 0.386895 0.415196 0.636328 0.643729 0.18012 1.143 1.703 -1.07042 0 7.58885e-321 6.94976e-310 
 1.221 0.338 -0.224981 3.9315e-245 6.52168e-38 1.89452 0.384744 -0.0673349 0.577883 0.556027 0.171491 1.177 1.702 -1.07202 0 7.58885e-321 6.94976e-310 
 1.271 0.301 -0.158605 3.9315e-245 6.52168e-38 1.90663 0.366016 -0.996691 0.549756 0.486004 0.157803 1.196 1.687 -1.07724 0 7.58885e-321 6.94976e-310 
 1.339 0.306 -0.102787 3.9315e-245 6.52168e-38 1.88049 0.325753 -2.14672 0.472621 0.248354 0.0943062 1.221 1.673 -1.11558 0 7.58885e-321 6.94976e-310 
 1.407 0.265 -0.0532938 3.9315e-245 6.52168e-38 1.82477 0.279379 -2.44751 0.3658 0.14236 0.0699372 1.236 1.659 -1.16744 0 7.58885e-321 6.94976e-310 
 1.479 0.276 -0.0277281 3.9315e-245 6.52168e-38 1.77572 0.242772 -2.50039 0.261287 -0.115983 -0.0797311 1.251 1.648 -1.21342 0 7.58885e-321 6.94976e-310 
 1.546 0.334 -0.0189384 3.9315e-245 6.52168e-38 1.7227 0.207451 -2.55393 0.165985 -0.671554 -0.523599 1.256 1.633 -1.25441 0 7.58885e-321 6.94976e-310 
 1.56 0.271 -0.0209815 3.9315e-245 6.52168e-38 1.68764 0.17135 -2.34164 0.119878 -0.579285 -0.523599 1.253 1.607 -1.27682 0 7.58885e-321 6.94976e-310 
 1.59 0.283 -0.0492135 3.9315e-245 6.52168e-38 1.66187 0.1298 -2.1259 0.0848258 -0.935594 -0.523599 1.253 1.573 -1.29472 0 7.58885e-321 6.94976e-310 
 1.591 0.259 -0.103047 3.9315e-245 6.52168e-38 1.66889 0.0979459 -1.35381 0.0978831 -0.929727 -0.523599 1.256 1.54 -1.29193 0 7.58885e-321 6.94976e-310 
 1.639 0.243 -0.189764 3.9315e-245 6.52168e-38 1.67064 0.0767358 -1.48854 0.0719931 -1.00315 -0.523599 1.255 1.518 -1.29003 0 7.58885e-321 6.94976e-310 
 1.595 0.229 -0.285454 3.9315e-245 6.52168e-38 1.67292 0.0466317 -1.49523 0.125373 -0.889964 -0.523599 1.244 1.484 -1.2808 0 7.58885e-321 6.94976e-310 
 1.591 0.216 -0.384592 3.9315e-245 6.52168e-38 1.72854 0.0103755 -0.577669 0.190269 -0.722238 -0.523599 1.253 1.433 -1.2482 0 7.58885e-321 6.94976e-310 
 1.584 0.2 -0.4747 3.9315e-245 6.52168e-38 1.82293 -0.00157285 -0.125913 0.269603 -0.319613 -0.210236 1.263 1.39 -1.18824 0 7.58885e-321 6.94976e-310 
 1.593 0.216 -0.546617 3.9315e-245 6.52168e-38 1.93531 0.0158161 0.153525 0.347796 0.0277046 0.0143373 1.286 1.368 -1.12312 0 7.58885e-321 6.94976e-310 
 1.627 0.168 -0.574481 3.9315e-245 6.52168e-38 2.02923 0.0398683 0.250702 0.362281 0.431793 0.211334 1.306 1.354 -1.06769 0 7.58885e-321 6.94976e-310 
 1.632 0.183 -0.57476 3.9315e-245 6.52168e-38 2.14017 0.0836112 0.375571 0.434808 0.664432 0.268421 1.33 1.346 -1.00022 0 7.58885e-321 6.94976e-310 
 1.64 0.13 -0.561065 3.9315e-245 6.52168e-38 2.22318 0.111778 0.327138 0.470337 0.94764 0.347913 1.348 1.33 -0.947824 0 7.58885e-321 6.94976e-310 
 1.661 0.108 -0.49948 3.9315e-245 6.52168e-38 2.30247 0.155675 0.50563 0.51127 1.04959 0.35396 1.373 1.333 -0.902508 0 7.58885e-321 6.94976e-310 
 1.725 0.063 -0.405754 3.9315e-245 6.52168e-38 2.36663 0.187469 0.460064 0.514994 1.09479 0.36546 1.403 1.337 -0.873146 0 7.58885e-321 6.94976e-310 
 1.777 0.016 -0.301743 3.9315e-245 6.52168e-38 2.42583 0.214712 0.431273 0.534637 1.10763 0.356941 1.434 1.34 -0.848353 0 7.58885e-321 6.94976e-310 
 1.849 0.045 -0.191379 3.9315e-245 6.52168e-38 2.45808 0.221054 0.194164 0.520821 0.86929 0.291855 1.467 1.347 -0.849016 0 7.58885e-321 6.94976e-310 
 1.914 0.043 -0.0851246 3.9315e-245 6.52168e-38 2.47175 0.210885 -0.639536 0.490039 0.682187 0.245524 1.482 1.338 -0.850196 0 7.58885e-321 6.94976e-310 
 1.945 0 0.00367482 3.9315e-245 6.52168e-38 2.47885 0.18154 -1.33362 0.47964 0.581675 0.21492 1.501 1.319 -0.860712 0 7.58885e-321 6.94976e-310 
 1.967 -0.053 0.0625276 3.9315e-245 6.52168e-38 2.47035 0.124469 -1.71858 0.45776 0.488607 0.189817 1.52 1.285 -0.884641 0 7.58885e-321 6.94976e-310 
 2.029 -0.039 0.11367 3.9315e-245 6.52168e-38 2.4363 0.0799673 -2.22396 0.368894 0.27808 0.134864 1.509 1.259 -0.904347 0 7.58885e-321 6.94976e-310 
 2.114 0.004 0.163775 3.9315e-245 6.52168e-38 2.43327 0.0492469 -1.66907 0.282797 -0.0331429 -0.0210923 1.525 1.243 -0.920386 0 7.58885e-321 6.94976e-310 
 2.174 -0.018 0.188973 3.9315e-245 6.52168e-38 2.47004 0.0322024 -0.434011 0.263344 -0.02916 -0.0199287 1.554 1.22 -0.913857 0 7.58885e-321 6.94976e-310 
 2.169 -0.03 0.188005 3.9315e-245 6.52168e-38 2.52332 0.0357247 0.0660231 0.316088 -0.00698712 -0.00397887 1.59 1.21 -0.899234 0 7.58885e-321 6.94976e-310 
 2.166 -0.049 0.189342 3.9315e-245 6.52168e-38 2.5514 0.0296194 -0.214079 0.344999 0.0188238 0.00982084 1.596 1.186 -0.880285 0 7.58885e-321 6.94976e-310 
 2.15 -0.043 0.190112 3.9315e-245 6.52168e-38 2.57077 0.0281142 -0.0775226 0.374258 -0.0371562 -0.0178684 1.604 1.175 -0.870406 0 7.58885e-321 6.94976e-310 
 2.191 -0.017 0.186105 3.9315e-245 6.52168e-38 2.62672 0.0441505 0.279168 0.385682 -0.0773696 -0.0360931 1.631 1.166 -0.844892 0 7.58885e-321 6.94976e-310 
 2.181 -0.006 0.192494 3.9315e-245 6.52168e-38 2.68549 0.0630072 0.310453 0.446219 -0.0989158 -0.0398804 1.655 1.153 -0.81345 0 7.58885e-321 6.94976e-310 
 2.167 -0.043 0.193194 3.9315e-245 6.52168e-38 2.73536 0.0770584 0.274644 0.509508 0.0273401 0.00965845 1.679 1.142 -0.789443 0 7.58885e-321 6.94976e-310 
 2.221 0.005 0.193096 3.9315e-245 6.52168e-38 2.79141 0.0944645 0.301112 0.506249 -0.0683419 -0.0242946 1.711 1.135 -0.7666 0 7.58885e-321 6.94976e-310 
 2.226 -0.027 0.193144 3.9315e-245 6.52168e-38 2.82487 0.0924364 -0.06054 0.535643 0.0068692 0.00230835 1.734 1.122 -0.756494 0 7.58885e-321 6.94976e-310 
 2.208 -0.071 0.193174 3.9315e-245 6.52168e-38 2.88235 0.104818 0.212184 0.610632 0.1186 0.0349463 1.779 1.121 -0.744296 0 7.58885e-321 6.94976e-310 
 2.251 -0.039 0.193224 3.9315e-245 6.52168e-38 2.92371 0.105186 0.00889383 0.603416 0.034246 0.0102153 1.81 1.11 -0.734042 0 7.58885e-321 6.94976e-310 
 2.231 -0.061 0.193236 3.9315e-245 6.52168e-38 2.93586 0.0763555 -1.17187 0.629901 -0.00150558 -0.000430234 1.822 1.081 -0.73389 0 7.58885e-321 6.94976e-310 
 2.196 -0.111 0.193226 3.9315e-245 6.52168e-38 2.96803 0.0712399 -0.157692 0.69552 0.0761822 0.0197133 1.848 1.069 -0.727726 0 7.58885e-321 6.94976e-310 
 2.16 -0.098 0.193207 3.9315e-245 6.52168e-38 3.01456 0.0807714 0.202062 0.765771 0.0261988 0.00615814 1.874 1.055 -0.706908 0 7.58885e-321 6.94976e-310 
 2.192 -0.08 0.193236 3.9315e-245 6.52168e-38 3.04526 0.0820989 0.0432158 0.761819 -0.0110544 -0.00261189 1.886 1.034 -0.687492 0 7.58885e-321 6.94976e-310 
 2.186 -0.082 0.193186 3.9315e-245 6.52168e-38 3.10234 0.107074 0.412425 0.820681 0.0209811 0.00460175 1.916 1.025 -0.658525 0 7.58885e-321 6.94976e-310 
 2.179 -0.037 0.193193 3.9315e-245 6.52168e-38 3.17145 0.140934 0.455584 0.884352 -0.0325836 -0.00663194 1.951 1.013 -0.620421 0 7.58885e-321 6.94976e-310 
 2.183 -0.091 0.193238 3.9315e-245 6.52168e-38 3.22184 0.176103 0.609329 0.940014 0.121664 0.0232928 1.975 1.01 -0.589483 0 7.58885e-321 6.94976e-310 
 2.18 -0.097 0.193225 3.9315e-245 6.52168e-38 3.27263 0.202478 0.47898 0.99231 0.155872 0.0282669 2.006 1.006 -0.565314 0 7.58885e-321 6.94976e-310 
 2.17 -0.09 0.193282 3.9315e-245 6.52168e-38 3.32157 0.221244 0.366173 1.04497 0.149328 0.0257166 2.042 1.004 -0.549003 0 7.58885e-321 6.94976e-310 
 2.176 -0.079 0.19329 3.9315e-245 6.52168e-38 3.37635 0.249355 0.474142 1.09002 0.156561 0.0258479 2.08 1.004 -0.527178 0 7.58885e-321 6.94976e-310 
 2.144 -0.107 0.193263 3.9315e-245 6.52168e-38 3.42389 0.264548 0.30928 1.16658 0.19102 0.0294653 2.116 0.999 -0.511671 0 7.58885e-321 6.94976e-310 
 2.172 -0.054 0.193207 3.9315e-245 6.52168e-38 3.47423 0.272517 0.157027 1.17677 0.112421 0.0171945 2.163 1.001 -0.507113 0 7.58885e-321 6.94976e-310 
 2.186 0 0.193249 3.9315e-245 6.52168e-38 3.52045 0.273998 0.0320169 1.19491 0.0198858 0.00299557 2.204 0.993 -0.499897 0 7.58885e-321 6.94976e-310 
 2.173 -0.037 0.193254 3.9315e-245 6.52168e-38 3.5838 0.294174 0.308315 1.27067 0.0806064 0.011418 2.264 1.007 -0.495211 0 7.58885e-321 6.94976e-310 
 2.161 -0.017 0.193243 3.9315e-245 6.52168e-38 3.61104 0.302958 0.311947 1.30231 0.0518264 0.00716313 2.286 1.006 -0.487813 0 7.58885e-321 6.94976e-310 
 2.19 -0.017 0.19326 3.9315e-245 6.52168e-38 3.66917 0.34389 0.613502 1.33478 0.0999409 0.0134766 2.341 1.041 -0.483341 0 7.58885e-321 6.94976e-310 
 2.167 -0.048 0.193294 3.9315e-245 6.52168e-38 3.71117 0.346889 0.0712835 1.39688 0.124368 0.0160246 2.383 1.044 -0.483342 0 7.58885e-321 6.94976e-310 
 2.141 -0.006 0.193272 3.9315e-245 6.52168e-38 3.73412 0.334907 -0.481209 1.42893 0.0383 0.00482456 2.415 1.049 -0.496171 0 7.58885e-321 6.94976e-310 
 2.188 -0.015 0.193324 3.9315e-245 6.52168e-38 3.73399 0.268517 -1.57274 1.37863 -0.0260189 -0.00339713 2.45 1.044 -0.543329 0 7.58885e-321 6.94976e-310 
 2.21 -0.006 0.19334 3.9315e-245 6.52168e-38 3.71635 0.195866 -1.80894 1.33186 -0.130453 -0.0176288 2.469 1.029 -0.588871 0 7.58885e-321 6.94976e-310 
 2.219 0.012 0.193373 3.9315e-245 6.52168e-38 3.75624 0.209268 0.324149 1.35793 -0.142896 -0.0189394 2.502 1.032 -0.580555 0 7.58885e-321 6.94976e-310 
 2.173 -0.053 0.193378 3.9315e-245 6.52168e-38 3.79385 0.214675 0.142805 1.44066 -0.0649331 -0.00811275 2.529 1.021 -0.567529 0 7.58885e-321 6.94976e-310 
 2.143 -0.059 0.193299 3.9315e-245 6.52168e-38 3.83869 0.228036 0.289574 1.50828 -0.0561947 -0.00670625 2.549 0.994 -0.535932 0 7.58885e-321 6.94976e-310 
 2.156 -0.061 0.193363 3.9315e-245 6.52168e-38 3.89247 0.275548 0.723632 1.55149 -0.00423291 -0.000491094 2.565 0.974 -0.484352 0 7.58885e-321 6.94976e-310 
 2.147 -0.098 0.193401 3.9315e-245 6.52168e-38 3.93944 0.311494 0.653205 1.61234 0.0688015 0.00768077 2.577 0.939 -0.431614 0 7.58885e-321 6.94976e-310 
 2.137 -0.109 0.193511 3.9315e-245 6.52168e-38 3.99759 0.395272 0.964005 1.68869 0.157361 0.0167717 2.595 0.927 -0.362363 0 7.58885e-321 6.94976e-310 
 2.143 -0.109 0.193504 3.9315e-245 6.52168e-38 4.05894 0.501233 1.04599 1.75774 0.254428 0.0260486 2.618 0.918 -0.28155 0 7.58885e-321 6.94976e-310 
 2.156 -0.062 0.193449 3.9315e-245 6.52168e-38 4.11934 0.631258 1.13593 1.81628 0.323818 0.0320806 2.647 0.918 -0.192345 0 7.58885e-321 6.94976e-310 
 2.157 -0.05 0.193466 3.9315e-245 6.52168e-38 4.15885 0.723832 1.16735 1.86754 0.389307 0.0375052 2.669 0.898 -0.116375 0 7.58885e-321 6.94976e-310 
 2.155 -0.048 0.193402 3.9315e-245 6.52168e-38 4.20289 0.817414 1.131 1.92852 0.458403 0.0427593 2.705 0.897 -0.0530822 0 7.58885e-321 6.94976e-310 
 2.156 -0.051 0.193386 3.9315e-245 6.52168e-38 4.23778 0.946583 1.30695 1.99092 0.562453 0.0508079 2.738 0.921 0.0170561 0 7.58885e-321 6.94976e-310 
 2.148 -0.068 0.193462 3.9315e-245 6.52168e-38 4.26833 1.06126 1.31044 2.0588 0.655875 0.05728 2.773 0.943 0.0789196 0 7.58885e-321 6.94976e-310 
 2.172 -0.049 0.193447 3.9315e-245 6.52168e-38 4.28745 1.18544 1.41807 2.08496 0.740224 0.0638187 2.802 0.977 0.139414 0 7.58885e-321 6.94976e-310 
 2.175 -0.031 0.193433 3.9315e-245 6.52168e-38 4.29489 1.22665 1.392 2.09539 0.755932 0.0648458 2.814 0.988 0.159779 0 7.58885e-321 6.94976e-310 
 2.184 -0.014 0.193432 3.9315e-245 6.52168e-38 4.29969 1.23974 1.21943 2.09081 0.754795 0.0648897 2.822 0.982 0.172682 0 7.58885e-321 6.94976e-310 
 2.177 -0.061 0.193388 3.9315e-245 6.52168e-38 4.29994 1.24306 1.49686 2.11161 0.78926 0.0671778 2.825 0.97 0.183059 0 7.58885e-321 6.94976e-310 
 2.17 -0.052 0.193311 3.9315e-245 6.52168e-38 4.3298 1.29333 1.03475 2.1538 0.803431 0.0670446 2.861 0.989 0.204306 0 7.58885e-321 6.94976e-310 
 2.156 -0.062 0.193253 3.9315e-245 6.52168e-38 4.36474 1.35961 1.08565 2.2164 0.836046 0.0677937 2.903 1.023 0.226335 0 7.58885e-321 6.94976e-310 
 2.162 -0.074 0.193251 3.9315e-245 6.52168e-38 4.41834 1.42227 0.863189 2.27759 0.865969 0.0683318 2.962 1.063 0.241864 0 7.58885e-321 6.94976e-310 
 2.183 -0.085 0.193245 3.9315e-245 6.52168e-38 4.45478 1.44347 0.526831 2.29993 0.880435 0.0687969 2.998 1.086 0.240627 0 7.58885e-321 6.94976e-310 
 2.167 -0.129 0.193224 3.9315e-245 6.52168e-38 4.48022 1.44568 0.0865946 2.34751 0.892621 0.0683368 3.023 1.09 0.239397 0 7.58885e-321 6.94976e-310 
 2.152 -0.129 0.193142 3.9315e-245 6.52168e-38 4.51567 1.45284 0.199378 2.39021 0.876688 0.0659251 3.058 1.099 0.238136 0 7.58885e-321 6.94976e-310 
 2.156 -0.117 0.193116 3.9315e-245 6.52168e-38 4.55164 1.47405 0.532865 2.41875 0.869661 0.0646288 3.095 1.116 0.241028 0 7.58885e-321 6.94976e-310 
 2.173 -0.169 0.193045 3.9315e-245 6.52168e-38 4.58357 1.50937 0.835665 2.45776 0.916621 0.0670303 3.129 1.143 0.24674 0 7.58885e-321 6.94976e-310 
 2.187 -0.119 0.192984 3.9315e-245 6.52168e-38 4.61232 1.52302 0.443343 2.45826 0.889237 0.0650204 3.161 1.144 0.25545 0 7.58885e-321 6.94976e-310 
 2.165 -0.099 0.193045 3.9315e-245 6.52168e-38 4.62339 1.57764 1.37087 2.49557 0.896746 0.0645904 3.179 1.173 0.273142 0 7.58885e-321 6.94976e-310 
 2.166 -0.061 0.193035 3.9315e-245 6.52168e-38 4.57749 1.58815 2.91653 2.44939 0.898883 0.0659609 3.146 1.14 0.303397 0 7.58885e-321 6.94976e-310 
 2.157 -0.037 0.192987 3.9315e-245 6.52168e-38 4.551 1.60804 2.49742 2.43406 0.90349 0.0667144 3.134 1.116 0.334214 0 7.58885e-321 6.94976e-310 
 2.192 -0.022 0.192991 3.9315e-245 6.52168e-38 4.53332 1.66886 1.85371 2.40629 0.952187 0.0711072 3.135 1.126 0.370311 0 7.58885e-321 6.94976e-310 
 2.182 -0.073 0.193061 3.9315e-245 6.52168e-38 4.52875 1.72606 1.65061 2.44523 1.01186 0.0743483 3.154 1.126 0.411559 0 7.58885e-321 6.94976e-310 
 2.18 -0.115 0.193036 3.9315e-245 6.52168e-38 4.53748 1.76289 1.33808 2.47926 1.0505 0.0761218 3.178 1.129 0.436308 0 7.58885e-321 6.94976e-310 
 2.171 -0.099 0.193089 3.9315e-245 6.52168e-38 4.54272 1.80864 1.45659 2.50025 1.06031 0.0761867 3.199 1.142 0.460532 0 7.58885e-321 6.94976e-310 
 2.179 -0.098 0.193081 3.9315e-245 6.52168e-38 4.55816 1.86422 1.29993 2.52399 1.08557 0.077264 3.229 1.169 0.481921 0 7.58885e-321 6.94976e-310 
 2.149 -0.078 0.193038 3.9315e-245 6.52168e-38 4.57383 1.89978 1.15585 2.56507 1.0751 0.0753008 3.254 1.187 0.495179 0 7.58885e-321 6.94976e-310 
 2.146 -0.054 0.193124 3.9315e-245 6.52168e-38 4.57324 1.90804 1.64217 2.56189 1.06594 0.0747545 3.259 1.185 0.502966 0 7.58885e-321 6.94976e-310 
 2.136 -0.074 0.19315 3.9315e-245 6.52168e-38 4.59056 1.93787 1.04466 2.59978 1.08015 0.0746468 3.288 1.194 0.518886 0 7.58885e-321 6.94976e-310 
 2.166 -0.203 0.193217 3.9315e-245 6.52168e-38 4.59431 1.9803 1.48269 2.63603 1.172 0.079859 3.309 1.207 0.541628 0 7.58885e-321 6.94976e-310 
 2.2 -0.144 0.193237 3.9315e-245 6.52168e-38 4.5955 2.03955 1.55063 2.61049 1.18514 0.0815375 3.334 1.228 0.571666 0 7.58885e-321 6.94976e-310 
 2.167 -0.105 0.193196 3.9315e-245 6.52168e-38 4.59316 2.07373 1.63917 2.63281 1.17082 0.0798762 3.355 1.227 0.599815 0 7.58885e-321 6.94976e-310 
 2.147 -0.054 0.19318 3.9315e-245 6.52168e-38 4.59179 2.12939 1.59545 2.64892 1.1656 0.0790399 3.373 1.255 0.622325 0 7.58885e-321 6.94976e-310 
 2.155 -0.04 0.193197 3.9315e-245 6.52168e-38 4.59307 2.21153 1.55514 2.66653 1.19858 0.0807326 3.398 1.305 0.648955 0 7.58885e-321 6.94976e-310 
 2.201 -0.071 0.193238 3.9315e-245 6.52168e-38 4.60671 2.25398 1.2601 2.66613 1.24265 0.0836998 3.429 1.325 0.667879 0 7.58885e-321 6.94976e-310 
 2.218 -0.07 0.193237 3.9315e-245 6.52168e-38 4.61064 2.29212 1.46808 2.66856 1.26315 0.0849966 3.441 1.353 0.676517 0 7.58885e-321 6.94976e-310 
 2.222 -0.065 0.193334 3.9315e-245 6.52168e-38 4.60909 2.31767 1.63141 2.67133 1.27349 0.0856007 3.448 1.368 0.685571 0 7.58885e-321 6.94976e-310 
 2.215 -0.058 0.193323 3.9315e-245 6.52168e-38 4.59803 2.33584 2.11762 2.67197 1.2796 0.0859887 3.447 1.374 0.696097 0 7.58885e-321 6.94976e-310 
 2.179 -0.106 0.193305 3.9315e-245 6.52168e-38 4.61187 2.36234 1.08955 2.73596 1.28968 0.0846459 3.468 1.392 0.703508 0 7.58885e-321 6.94976e-310 
 2.156 -0.129 0.193317 3.9315e-245 6.52168e-38 4.63254 2.40975 1.1596 2.79381 1.29994 0.0835577 3.495 1.432 0.710003 0 7.58885e-321 6.94976e-310 
 2.157 -0.083 0.193249 3.9315e-245 6.52168e-38 4.65108 2.44122 1.03848 2.80238 1.28804 0.082544 3.52 1.456 0.716588 0 7.58885e-321 6.94976e-310 
 2.165 -0.068 0.193281 3.9315e-245 6.52168e-38 4.67177 2.46673 0.889211 2.81584 1.28722 0.0820992 3.542 1.48 0.717917 0 7.58885e-321 6.94976e-310 
 2.161 -0.037 0.193269 3.9315e-245 6.52168e-38 4.67595 2.47194 0.894288 2.81342 1.2744 0.0813549 3.549 1.482 0.720765 0 7.58885e-321 6.94976e-310 
 2.166 -0.036 0.193262 3.9315e-245 6.52168e-38 4.67989 2.4945 1.39803 2.81991 1.28301 0.0817147 3.565 1.491 0.732867 0 7.58885e-321 6.94976e-310 
 2.196 -0.059 0.19324 3.9315e-245 6.52168e-38 4.68089 2.54666 1.55158 2.82299 1.32157 0.0840679 3.592 1.515 0.758414 0 7.58885e-321 6.94976e-310 
 2.19 -0.017 0.193222 3.9315e-245 6.52168e-38 4.66554 2.57277 2.10216 2.81031 1.31931 0.0843015 3.602 1.515 0.782675 0 7.58885e-321 6.94976e-310 
 2.164 -0.026 0.193253 3.9315e-245 6.52168e-38 4.6564 2.61419 1.7881 2.84059 1.33114 0.0841512 3.624 1.526 0.811699 0 7.58885e-321 6.94976e-310 
 2.147 -0.038 0.193217 3.9315e-245 6.52168e-38 4.63445 2.66663 1.96719 2.85873 1.35544 0.0851389 3.634 1.549 0.840667 0 7.58885e-321 6.94976e-310 
 2.189 -0.016 0.193282 3.9315e-245 6.52168e-38 4.59861 2.73638 2.04548 2.81506 1.39961 0.0892556 3.642 1.581 0.879238 0 7.58885e-321 6.94976e-310 
 2.171 -0.021 0.193277 3.9315e-245 6.52168e-38 4.58074 2.78411 1.929 2.83324 1.41653 0.0897525 3.651 1.607 0.902274 0 7.58885e-321 6.94976e-310 
 2.188 -0.025 0.193325 3.9315e-245 6.52168e-38 4.56551 2.81904 1.98181 2.82182 1.44018 0.0916101 3.655 1.627 0.918504 0 7.58885e-321 6.94976e-310 
 2.185 -0.045 0.193332 3.9315e-245 6.52168e-38 4.57235 2.85974 1.40435 2.85023 1.45497 0.0916284 3.672 1.66 0.927002 0 7.58885e-321 6.94976e-310 
 2.18 -0.07 0.193352 3.9315e-245 6.52168e-38 4.56189 2.8893 1.91081 2.86476 1.47276 0.0922747 3.669 1.684 0.933203 0 7.58885e-321 6.94976e-310 
 2.196 -0.046 0.193327 3.9315e-245 6.52168e-38 4.5751 2.93757 1.30389 2.87088 1.48068 0.0925713 3.688 1.728 0.938007 0 7.58885e-321 6.94976e-310 
 2.205 -0.034 0.193298 3.9315e-245 6.52168e-38 4.58488 2.957 1.10435 2.87399 1.48255 0.0925879 3.697 1.748 0.93736 0 7.58885e-321 6.94976e-310 
 2.221 -0.012 0.193315 3.9315e-245 6.52168e-38 4.59617 2.97752 1.06764 2.86988 1.48374 0.0927934 3.709 1.768 0.937945 0 7.58885e-321 6.94976e-310 
 2.219 -0.045 0.193383 3.9315e-245 6.52168e-38 4.60737 3.00802 1.21902 2.90189 1.49661 0.0925673 3.725 1.795 0.941909 0 7.58885e-321 6.94976e-310 
 2.19 -0.049 0.193425 3.9315e-245 6.52168e-38 4.61009 3.06001 1.51857 2.94554 1.50084 0.0914592 3.736 1.841 0.948721 0 7.58885e-321 6.94976e-310 
 2.225 -0.018 0.193376 3.9315e-245 6.52168e-38 4.6117 3.08768 1.51268 2.91861 1.51125 0.092935 3.747 1.862 0.956402 0 7.58885e-321 6.94976e-310 
 2.196 -0.046 0.19337 3.9315e-245 6.52168e-38 4.60119 3.08334 -2.74951 2.94093 1.51125 0.0922341 3.746 1.851 0.96414 0 7.58885e-321 6.94976e-310 
 2.235 0.021 0.193388 3.9315e-245 6.52168e-38 4.59885 3.10076 1.70399 2.89217 1.51211 0.0938327 3.753 1.862 0.971695 0 7.58885e-321 6.94976e-310 
 2.215 -0.024 0.19334 3.9315e-245 6.52168e-38 4.60771 3.13791 1.33662 2.94239 1.52383 0.0929513 3.786 1.883 0.991055 0 7.58885e-321 6.94976e-310 
 2.22 -0.018 0.193357 3.9315e-245 6.52168e-38 4.58451 3.16341 2.30897 2.92734 1.53803 0.0942918 3.795 1.888 1.01651 0 7.58885e-321 6.94976e-310 
 2.222 -0.027 0.193317 3.9315e-245 6.52168e-38 4.52902 3.21961 2.34982 2.90516 1.57264 0.097132 3.787 1.916 1.05333 0 7.58885e-321 6.94976e-310 
 2.252 0.009 0.193382 3.9315e-245 6.52168e-38 4.49175 3.28483 2.08992 2.86327 1.60096 0.100307 3.794 1.957 1.08697 0 7.58885e-321 6.94976e-310 
 2.203 -0.045 0.193404 3.9315e-245 6.52168e-38 4.46072 3.33068 2.16582 2.91098 1.61684 0.0996459 3.794 1.987 1.11021 0 7.58885e-321 6.94976e-310 
 2.216 -0.019 0.193359 3.9315e-245 6.52168e-38 4.45864 3.35115 1.6717 2.89737 1.62045 0.100333 3.801 2.003 1.11695 0 7.58885e-321 6.94976e-310 
 2.22 -0.028 0.193332 3.9315e-245 6.52168e-38 4.45824 3.35329 1.75742 2.89768 1.62419 0.100553 3.805 2.003 1.12021 0 7.58885e-321 6.94976e-310 
 2.218 -0.034 0.193284 3.9315e-245 6.52168e-38 4.46116 3.39048 1.4926 2.91595 1.6316 0.100379 3.823 2.033 1.13135 0 7.58885e-321 6.94976e-310 
 2.212 -0.038 0.193271 3.9315e-245 6.52168e-38 4.44443 3.44283 1.88004 2.92656 1.64605 0.100898 3.831 2.074 1.14949 0 7.58885e-321 6.94976e-310 
 2.2 -0.054 0.193315 3.9315e-245 6.52168e-38 4.43344 3.48605 1.81989 2.94728 1.65696 0.100853 3.841 2.108 1.16477 0 7.58885e-321 6.94976e-310 
 2.21 -0.066 0.193208 3.9315e-245 6.52168e-38 4.42196 3.52785 1.83881 2.94834 1.67321 0.101798 3.848 2.142 1.17815 0 7.58885e-321 6.94976e-310 
 2.207 -0.068 0.193293 3.9315e-245 6.52168e-38 4.38477 3.56162 2.40431 2.9338 1.68915 0.103267 3.835 2.166 1.19554 0 7.58885e-321 6.94976e-310 
 2.223 -0.09 0.193292 3.9315e-245 6.52168e-38 4.35981 3.61294 2.02339 2.9261 1.71268 0.104969 3.837 2.207 1.21478 0 7.58885e-321 6.94976e-310 
 2.223 -0.072 0.193292 3.9315e-245 6.52168e-38 4.36135 3.67387 1.54552 2.94146 1.71896 0.104805 3.852 2.263 1.22434 0 7.58885e-321 6.94976e-310 
 2.221 -0.062 0.193292 3.9315e-245 6.52168e-38 4.36389 3.72783 1.52384 2.95947 1.7244 0.104499 3.86 2.315 1.22821 0 7.58885e-321 6.94976e-310 
 2.216 -0.045 0.193293 3.9315e-245 6.52168e-38 4.33493 3.76173 2.27771 2.94621 1.73327 0.105502 3.845 2.344 1.23807 0 7.58885e-321 6.94976e-310 
 2.229 -0.016 0.193293 3.9315e-245 6.52168e-38 4.33004 3.77335 1.96955 2.92647 1.73549 0.106343 3.839 2.356 1.23729 0 7.58885e-321 6.94976e-310 
 2.204 -0.062 0.193292 3.9315e-245 6.52168e-38 4.32501 3.78436 1.9991 2.96081 1.73842 0.105295 3.834 2.367 1.23731 0 7.58885e-321 6.94976e-310 
 2.201 -0.084 0.19329 3.9315e-245 6.52168e-38 4.32331 3.78626 2.30141 2.96964 1.74145 0.105166 3.832 2.369 1.2371 0 7.58885e-321 6.94976e-310 
 2.201 -0.068 0.193289 3.9315e-245 6.52168e-38 4.31651 3.77519 -2.12225 2.95544 1.73941 0.105544 3.825 2.358 1.23696 0 7.58885e-321 6.94976e-310 
 2.187 -0.076 0.193289 3.9315e-245 6.52168e-38 4.31742 3.77822 1.27609 2.97078 1.73709 0.104864 3.826 2.361 1.23702 0 7.58885e-321 6.94976e-310 
 2.202 -0.083 0.193291 3.9315e-245 6.52168e-38 4.31644 3.77621 -2.02677 2.95984 1.74194 0.105541 3.825 2.359 1.23701 0 7.58885e-321 6.94976e-310 
 2.21 -0.084 0.193291 3.9315e-245 6.52168e-38 4.29936 3.74924 -2.13543 2.93163 1.74483 0.106724 3.808 2.332 1.23706 0 7.58885e-321 6.94976e-310 
 2.201 -0.067 0.193291 3.9315e-245 6.52168e-38 4.29733 3.75325 2.03859 2.93287 1.74117 0.106458 3.806 2.336 1.23708 0 7.58885e-321 6.94976e-310 
 2.211 -0.065 0.193292 3.9315e-245 6.52168e-38 4.30142 3.75522 0.449608 2.92821 1.74272 0.10672 3.81 2.338 1.23702 0 7.58885e-321 6.94976e-310 
 2.2 -0.082 0.193291 3.9315e-245 6.52168e-38 4.29942 3.75522 -3.14094 2.94084 1.74276 0.106267 3.808 2.338 1.23702 0 7.58885e-321 6.94976e-310 
 2.19 -0.083 0.193291 3.9315e-245 6.52168e-38 4.30637 3.75424 -0.14043 2.95418 1.73834 0.105525 3.815 2.337 1.23706 0 7.58885e-321 6.94976e-310 
 2.181 -0.105 0.193291 3.9315e-245 6.52168e-38 4.29834 3.74525 -2.29984 2.95919 1.73993 0.105443 3.807 2.328 1.23708 0 7.58885e-321 6.94976e-310 
 2.196 -0.072 0.193292 3.9315e-245 6.52168e-38 4.31028 3.75327 0.591551 2.94862 1.73718 0.105652 3.819 2.336 1.23712 0 7.58885e-321 6.94976e-310 
 2.19 -0.077 0.193292 3.9315e-245 6.52168e-38 4.31328 3.75627 0.784308 2.95832 1.73596 0.105235 3.822 2.339 1.23712 0 7.58885e-321 6.94976e-310 
 2.182 -0.084 0.193292 3.9315e-245 6.52168e-38 4.3144 3.75323 -1.21958 2.96677 1.73414 0.104828 3.823 2.336 1.23704 0 7.58885e-321 6.94976e-310 
 2.186 -0.107 0.193291 3.9315e-245 6.52168e-38 4.3164 3.75223 -0.463652 2.9724 1.7378 0.10485 3.825 2.335 1.23704 0 7.58885e-321 6.94976e-310 
 2.194 -0.068 0.193291 3.9315e-245 6.52168e-38 4.31236 3.74924 -2.50385 2.9492 1.73495 0.105497 3.821 2.332 1.23706 0 7.58885e-321 6.94976e-310 
 2.193 -0.067 0.193292 3.9315e-245 6.52168e-38 4.31346 3.7462 -1.2241 2.94953 1.73381 0.105416 3.822 2.329 1.23699 0 7.58885e-321 6.94976e-310 
 2.185 -0.056 0.19329 3.9315e-245 6.52168e-38 4.31743 3.75222 0.987142 2.95729 1.72992 0.104908 3.826 2.335 1.23701 0 7.58885e-321 6.94976e-310 
 2.184 -0.104 0.193289 3.9315e-245 6.52168e-38 4.31643 3.75321 2.35406 2.97334 1.73699 0.104769 3.825 2.336 1.23701 0 7.58885e-321 6.94976e-310 
 2.2 -0.054 0.193288 3.9315e-245 6.52168e-38 4.31545 3.75221 -2.34345 2.9433 1.73412 0.105657 3.824 2.335 1.237 0 7.58885e-321 6.94976e-310 
 2.19 -0.081 0.193288 3.9315e-245 6.52168e-38 4.30843 3.74621 -2.43524 2.95251 1.73637 0.105465 3.817 2.329 1.23701 0 7.58885e-321 6.94976e-310 
 2.206 -0.05 0.193289 3.9315e-245 6.52168e-38 4.31138 3.74523 -0.321506 2.93179 1.7352 0.106134 3.82 2.328 1.23705 0 7.58885e-321 6.94976e-310 
 2.197 -0.064 0.19329 3.9315e-245 6.52168e-38 4.31129 3.74026 -1.58854 2.94175 1.73415 0.105713 3.82 2.323 1.23711 0 7.58885e-321 6.94976e-310 
 2.216 -0.066 0.19329 3.9315e-245 6.52168e-38 4.31438 3.73923 -0.32208 2.92957 1.73849 0.106414 3.823 2.322 1.23705 0 7.58885e-321 6.94976e-310 
 2.201 -0.039 0.193291 3.9315e-245 6.52168e-38 4.3144 3.74423 1.56715 2.93416 1.7313 0.105813 3.823 2.327 1.23704 0 7.58885e-321 6.94976e-310 
 2.205 -0.074 0.19329 3.9315e-245 6.52168e-38 4.31239 3.74523 2.67837 2.94123 1.73813 0.105973 3.821 2.328 1.23704 0 7.58885e-321 6.94976e-310 
 2.208 -0.064 0.19329 3.9315e-245 6.52168e-38 4.31739 3.74823 0.540793 2.94051 1.73659 0.105906 3.826 2.331 1.23704 0 7.58885e-321 6.94976e-310 
 2.209 -0.047 0.193291 3.9315e-245 6.52168e-38 4.31531 3.74725 -2.70139 2.93221 1.7348 0.106095 3.824 2.33 1.23709 0 7.58885e-321 6.94976e-310 
 2.194 -0.101 0.193294 3.9315e-245 6.52168e-38 4.31034 3.74225 -2.35313 2.95613 1.7392 0.105507 3.819 2.325 1.23708 0 7.58885e-321 6.94976e-310 
 2.211 -0.044 0.193292 3.9315e-245 6.52168e-38 4.31438 3.75023 1.10182 2.92991 1.73558 0.106225 3.823 2.333 1.23705 0 7.58885e-321 6.94976e-310 
 2.204 -0.033 0.19329 3.9315e-245 6.52168e-38 4.31139 3.74523 -2.10965 2.92781 1.73217 0.106093 3.82 2.328 1.23704 0 7.58885e-321 6.94976e-310 
 2.202 -0.067 0.193291 3.9315e-245 6.52168e-38 4.30338 3.73523 -2.24625 2.93095 1.73727 0.106289 3.812 2.318 1.23705 0 7.58885e-321 6.94976e-310 
 2.219 -0.082 0.19329 3.9315e-245 6.52168e-38 4.30741 3.73722 0.45915 2.9263 1.74311 0.106812 3.816 2.32 1.23703 0 7.58885e-321 6.94976e-310 
 2.209 -0.082 0.193289 3.9315e-245 6.52168e-38 4.30442 3.73222 -2.10897 2.93018 1.74056 0.106517 3.813 2.315 1.23702 0 7.58885e-321 6.94976e-310 
 2.2 -0.078 0.19329 3.9315e-245 6.52168e-38 4.30739 3.73423 0.595319 2.93894 1.73712 0.105994 3.816 2.317 1.23704 0 7.58885e-321 6.94976e-310 
 2.211 -0.054 0.193289 3.9315e-245 6.52168e-38 4.30434 3.73325 -2.8309 2.91972 1.73724 0.106693 3.813 2.316 1.23708 0 7.58885e-321 6.94976e-310 
 2.19 -0.06 0.193291 3.9315e-245 6.52168e-38 4.30629 3.73826 1.20022 2.94136 1.73274 0.105643 3.815 2.321 1.23712 0 7.58885e-321 6.94976e-310 
 2.205 -0.073 0.193292 3.9315e-245 6.52168e-38 4.30533 3.74725 1.67718 2.93601 1.74012 0.106281 3.814 2.33 1.23709 0 7.58885e-321 6.94976e-310 
 2.193 -0.095 0.193292 3.9315e-245 6.52168e-38 4.30725 3.75028 1.00395 2.95514 1.74003 0.105592 3.816 2.333 1.23714 0 7.58885e-321 6.94976e-310 
 2.198 -0.083 0.193293 3.9315e-245 6.52168e-38 4.3103 3.74226 -1.20739 2.94707 1.73769 0.105738 3.819 2.325 1.2371 0 7.58885e-321 6.94976e-310 
 2.192 -0.093 0.193293 3.9315e-245 6.52168e-38 4.3073 3.73326 -1.89209 2.94976 1.73705 0.105604 3.816 2.316 1.2371 0 7.58885e-321 6.94976e-310 
 2.212 -0.068 0.193292 3.9315e-245 6.52168e-38 4.30934 3.74125 1.32165 2.93007 1.73934 0.106447 3.818 2.324 1.23708 0 7.58885e-321 6.94976e-310 
 2.19 -0.082 0.193292 3.9315e-245 6.52168e-38 4.31049 3.74119 -0.0457048 2.95283 1.73525 0.105386 3.819 2.324 1.23697 0 7.58885e-321 6.94976e-310 
 2.197 -0.07 0.193291 3.9315e-245 6.52168e-38 4.31549 3.74819 0.949973 2.94962 1.73505 0.105488 3.824 2.331 1.23697 0 7.58885e-321 6.94976e-310 
 2.206 -0.051 0.193292 3.9315e-245 6.52168e-38 4.31745 3.75021 0.800232 2.93853 1.73445 0.105847 3.826 2.333 1.237 0 7.58885e-321 6.94976e-310 
 2.21 -0.065 0.193293 3.9315e-245 6.52168e-38 4.31748 3.7522 1.55391 2.94065 1.7378 0.105974 3.826 2.335 1.23698 0 7.58885e-321 6.94976e-310 
 2.221 -0.042 0.193291 3.9315e-245 6.52168e-38 4.31841 3.75122 -0.811441 2.92488 1.73702 0.106493 3.827 2.334 1.23703 0 7.58885e-321 6.94976e-310 
 2.184 -0.081 0.193291 3.9315e-245 6.52168e-38 4.31144 3.74521 -2.43 2.95927 1.73385 0.105075 3.82 2.328 1.23701 0 7.58885e-321 6.94976e-310 
 2.212 -0.051 0.193293 3.9315e-245 6.52168e-38 4.31448 3.7442 -0.32198 2.92952 1.73595 0.106261 3.823 2.327 1.23698 0 7.58885e-321 6.94976e-310 
 2.217 -0.064 0.193292 3.9315e-245 6.52168e-38 4.31546 3.7452 0.803305 2.93094 1.73904 0.106398 3.824 2.328 1.23699 0 7.58885e-321 6.94976e-310 
 2.206 -0.078 0.193292 3.9315e-245 6.52168e-38 4.31139 3.74223 -2.51002 2.93999 1.73879 0.106058 3.82 2.325 1.23704 0 7.58885e-321 6.94976e-310 
 2.2 -0.058 0.193292 3.9315e-245 6.52168e-38 4.31439 3.74323 0.322262 2.94084 1.73368 0.105718 3.823 2.326 1.23704 0 7.58885e-321 6.94976e-310 
 2.203 -0.054 0.193292 3.9315e-245 6.52168e-38 4.31937 3.74324 0.00116124 2.94109 1.73257 0.105642 3.828 2.326 1.23706 0 7.58885e-321 6.94976e-310 
 2.207 -0.072 0.193292 3.9315e-245 6.52168e-38 4.31731 3.73826 -1.96337 2.94059 1.73606 0.105871 3.826 2.321 1.2371 0 7.58885e-321 6.94976e-310 
 2.191 -0.086 0.193293 3.9315e-245 6.52168e-38 4.31735 3.74824 1.56675 2.96105 1.73529 0.105099 3.826 2.331 1.23707 0 7.58885e-321 6.94976e-310 
 2.207 -0.065 0.193292 3.9315e-245 6.52168e-38 4.31643 3.74721 -2.30112 2.94054 1.73658 0.105904 3.825 2.33 1.23701 0 7.58885e-321 6.94976e-310 
 2.201 -0.082 0.193293 3.9315e-245 6.52168e-38 4.31051 3.74219 -2.43692 2.94453 1.73827 0.105864 3.819 2.325 1.23695 0 7.58885e-321 6.94976e-310 
 2.212 -0.066 0.193292 3.9315e-245 6.52168e-38 4.31048 3.7452 1.58107 2.93161 1.73932 0.10639 3.819 2.328 1.23698 0 7.58885e-321 6.94976e-310 
 2.19 -0.075 0.193291 3.9315e-245 6.52168e-38 4.31333 3.73825 -1.18151 2.9518 1.73306 0.105291 3.822 2.321 1.23708 0 7.58885e-321 6.94976e-310 
 2.179 -0.068 0.193292 3.9315e-245 6.52168e-38 4.30937 3.73324 -2.24 2.95339 1.72943 0.105016 3.818 2.316 1.23706 0 7.58885e-321 6.94976e-310 
 2.207 -0.078 0.19329 3.9315e-245 6.52168e-38 4.31028 3.73326 0.031393 2.9354 1.73806 0.106178 3.819 2.316 1.23712 0 7.58885e-321 6.94976e-310 
 2.222 -0.048 0.193293 3.9315e-245 6.52168e-38 4.31327 3.74127 1.21369 2.91877 1.73807 0.106779 3.822 2.324 1.23712 0 7.58885e-321 6.94976e-310 
 2.229 -0.049 0.193292 3.9315e-245 6.52168e-38 4.31531 3.74126 -0.00616279 2.91519 1.73953 0.106998 3.824 2.324 1.2371 0 7.58885e-321 6.94976e-310 
 2.225 -0.065 0.193294 3.9315e-245 6.52168e-38 4.31428 3.74327 2.04234 2.92342 1.74132 0.106808 3.823 2.326 1.23712 0 7.58885e-321 6.94976e-310 
 2.219 -0.074 0.193293 3.9315e-245 6.52168e-38 4.31118 3.7423 -2.84064 2.92832 1.7417 0.106654 3.82 2.325 1.23719 0 7.58885e-321 6.94976e-310 
 2.211 -0.051 0.193294 3.9315e-245 6.52168e-38 4.31625 3.74628 0.664569 2.93238 1.73552 0.106132 3.825 2.329 1.23714 0 7.58885e-321 6.94976e-310 
 2.221 -0.056 0.193294 3.9315e-245 6.52168e-38 4.31518 3.7443 -2.06954 2.92466 1.73889 0.106615 3.824 2.327 1.23719 0 7.58885e-321 6.94976e-310 
 2.215 -0.063 0.193294 3.9315e-245 6.52168e-38 4.30917 3.74231 -2.8207 2.92629 1.73961 0.1066 3.818 2.325 1.2372 0 7.58885e-321 6.94976e-310 
 2.202 -0.056 0.193292 3.9315e-245 6.52168e-38 4.31314 3.74631 0.789498 2.93865 1.73469 0.105857 3.822 2.329 1.23721 0 7.58885e-321 6.94976e-310 
 2.19 -0.079 0.193293 3.9315e-245 6.52168e-38 4.30815 3.73531 -1.99727 2.94808 1.73458 0.105514 3.817 2.318 1.23721 0 7.58885e-321 6.94976e-310 
 2.2 -0.058 0.193293 3.9315e-245 6.52168e-38 4.31515 3.74531 0.959871 2.94212 1.73378 0.105678 3.824 2.328 1.23721 0 7.58885e-321 6.94976e-310 
 2.186 -0.069 0.193293 3.9315e-245 6.52168e-38 4.31328 3.74327 -2.31163 2.95458 1.73187 0.105121 3.822 2.326 1.23712 0 7.58885e-321 6.94976e-310 
 2.194 -0.085 0.193294 3.9315e-245 6.52168e-38 4.31227 3.73927 -1.81806 2.95144 1.73598 0.10548 3.821 2.322 1.23713 0 7.58885e-321 6.94976e-310 
 2.205 -0.052 0.193293 3.9315e-245 6.52168e-38 4.31826 3.74727 0.928666 2.93931 1.73369 0.105773 3.827 2.33 1.23714 0 7.58885e-321 6.94976e-310 
 2.223 -0.035 0.193293 3.9315e-245 6.52168e-38 4.31923 3.74628 -0.792292 2.92005 1.73559 0.106581 3.828 2.329 1.23715 0 7.58885e-321 6.94976e-310 
 2.18 -0.091 0.193294 3.9315e-245 6.52168e-38 4.31514 3.74232 -2.3723 2.96765 1.73285 0.10472 3.824 2.325 1.23722 0 7.58885e-321 6.94976e-310 
 2.165 -0.111 0.193293 3.9315e-245 6.52168e-38 4.32515 3.75231 0.784385 2.99712 1.73063 0.103566 3.834 2.335 1.23721 0 7.58885e-321 6.94976e-310 
 2.212 -0.079 0.193294 3.9315e-245 6.52168e-38 4.32321 3.74829 -2.02093 2.94688 1.73827 0.10578 3.832 2.331 1.23717 0 7.58885e-321 6.94976e-310 
 2.218 -0.041 0.193293 3.9315e-245 6.52168e-38 4.32922 3.75629 0.925937 2.93707 1.73394 0.105868 3.838 2.339 1.23716 0 7.58885e-321 6.94976e-310 
 2.209 -0.08 0.193291 3.9315e-245 6.52168e-38 4.33013 3.75332 -1.27359 2.95664 1.73653 0.105329 3.839 2.336 1.23722 0 7.58885e-321 6.94976e-310 
 2.186 -0.11 0.193292 3.9315e-245 6.52168e-38 4.32825 3.75428 2.67026 2.98337 1.73543 0.104326 3.837 2.337 1.23714 0 7.58885e-321 6.94976e-310 
 2.183 -0.114 0.193293 3.9315e-245 6.52168e-38 4.32724 3.75728 1.89557 2.98723 1.73591 0.104221 3.836 2.34 1.23715 0 7.58885e-321 6.94976e-310 
 2.185 -0.108 0.193292 3.9315e-245 6.52168e-38 4.32618 3.7543 -1.91213 2.98188 1.73543 0.104378 3.835 2.337 1.23719 0 7.58885e-321 6.94976e-310 
 2.201 -0.075 0.193293 3.9315e-245 6.52168e-38 4.33021 3.76129 1.04826 2.96397 1.73484 0.104968 3.839 2.344 1.23717 0 7.58885e-321 6.94976e-310 
 2.187 -0.1 0.193293 3.9315e-245 6.52168e-38 4.32117 3.7503 -2.25916 2.97245 1.73555 0.104713 3.83 2.333 1.2372 0 7.58885e-321 6.94976e-310 
 2.196 -0.081 0.193292 3.9315e-245 6.52168e-38 4.31825 3.74828 -2.53569 2.9562 1.73566 0.105292 3.827 2.331 1.23714 0 7.58885e-321 6.94976e-310 
 2.21 -0.085 0.193293 3.9315e-245 6.52168e-38 4.31627 3.74627 -2.34921 2.94429 1.74013 0.105985 3.825 2.329 1.23713 0 7.58885e-321 6.94976e-310 
 2.221 -0.063 0.193294 3.9315e-245 6.52168e-38 4.31527 3.74727 2.35431 2.928 1.74029 0.10658 3.824 2.33 1.23712 0 7.58885e-321 6.94976e-310 
 2.226 -0.022 0.193294 3.9315e-245 6.52168e-38 4.31226 3.74627 -2.82333 2.90796 1.73635 0.107068 3.821 2.329 1.23714 0 7.58885e-321 6.94976e-310 
 2.24 -0.021 0.193295 3.9315e-245 6.52168e-38 4.31328 3.74827 1.09798 2.89809 1.73996 0.107651 3.822 2.331 1.23712 0 7.58885e-321 6.94976e-310 
 2.229 -0.048 0.193297 3.9315e-245 6.52168e-38 4.31533 3.74625 -0.777109 2.91652 1.74009 0.106984 3.824 2.329 1.23709 0 7.58885e-321 6.94976e-310 
 2.218 -0.038 0.193297 3.9315e-245 6.52168e-38 4.32332 3.74925 0.359137 2.92915 1.73404 0.106158 3.832 2.332 1.23709 0 7.58885e-321 6.94976e-310 
 2.197 -0.084 0.193298 3.9315e-245 6.52168e-38 4.3213 3.74726 -2.36309 2.95847 1.7354 0.105195 3.83 2.33 1.2371 0 7.58885e-321 6.94976e-310 
 2.167 -0.126 0.193297 3.9315e-245 6.52168e-38 4.32323 3.74629 -0.468475 2.99698 1.73293 0.103707 3.832 2.329 1.23716 0 7.58885e-321 6.94976e-310 
 2.176 -0.116 0.193295 3.9315e-245 6.52168e-38 4.32323 3.75028 1.56956 2.98795 1.73442 0.104107 3.832 2.333 1.23715 0 7.58885e-321 6.94976e-310 
 2.209 -0.067 0.193294 3.9315e-245 6.52168e-38 4.32114 3.75432 2.04969 2.94565 1.73717 0.105757 3.83 2.337 1.23722 0 7.58885e-321 6.94976e-310 
 2.18 -0.1 0.193294 3.9315e-245 6.52168e-38 4.3271 3.75733 0.468146 2.98491 1.73318 0.104138 3.836 2.34 1.23725 0 7.58885e-321 6.94976e-310 
 2.182 -0.094 0.193295 3.9315e-245 6.52168e-38 4.33005 3.75835 0.331131 2.98403 1.73221 0.104111 3.839 2.341 1.23728 0 7.58885e-321 6.94976e-310 
 2.169 -0.091 0.193294 3.9315e-245 6.52168e-38 4.32408 3.74633 -2.03208 2.98463 1.72819 0.103851 3.833 2.329 1.23726 0 7.58885e-321 6.94976e-310 
 2.205 -0.069 0.193294 3.9315e-245 6.52168e-38 4.32402 3.74436 -1.6013 2.94846 1.73421 0.105478 3.833 2.327 1.2373 0 7.58885e-321 6.94976e-310 
 2.18 -0.083 0.193292 3.9315e-245 6.52168e-38 4.32302 3.75036 1.73644 2.97385 1.73079 0.10438 3.832 2.333 1.2373 0 7.58885e-321 6.94976e-310 
 2.174 -0.094 0.193292 3.9315e-245 6.52168e-38 4.32802 3.76036 1.10718 2.98937 1.73094 0.103851 3.837 2.343 1.2373 0 7.58885e-321 6.94976e-310 
 2.17 -0.104 0.193292 3.9315e-245 6.52168e-38 4.32102 3.75636 -2.62223 2.98898 1.73259 0.103962 3.83 2.339 1.2373 0 7.58885e-321 6.94976e-310 
 2.187 -0.086 0.193292 3.9315e-245 6.52168e-38 4.32502 3.76136 0.89628 2.97451 1.73412 0.104556 3.834 2.344 1.2373 0 7.58885e-321 6.94976e-310 
 2.185 -0.113 0.193292 3.9315e-245 6.52168e-38 4.32202 3.75436 -1.97581 2.98026 1.73723 0.104541 3.831 2.337 1.2373 0 7.58885e-321 6.94976e-310 
 2.189 -0.083 0.193293 3.9315e-245 6.52168e-38 4.31601 3.75036 -2.55398 2.96128 1.73499 0.105072 3.825 2.333 1.23731 0 7.58885e-321 6.94976e-310 
 2.19 -0.087 0.193292 3.9315e-245 6.52168e-38 4.31802 3.74736 -0.982128 2.96239 1.73487 0.105026 3.827 2.33 1.2373 0 7.58885e-321 6.94976e-310 
 2.184 -0.074 0.193293 3.9315e-245 6.52168e-38 4.32402 3.74936 0.321681 2.96822 1.73012 0.104536 3.833 2.332 1.2373 0 7.58885e-321 6.94976e-310 
 2.185 -0.078 0.193292 3.9315e-245 6.52168e-38 4.32902 3.76036 1.14435 2.97627 1.73125 0.104323 3.838 2.343 1.2373 0 7.58885e-321 6.94976e-310 
 2.193 -0.065 0.193292 3.9315e-245 6.52168e-38 4.32601 3.75936 -2.82068 2.96304 1.73212 0.104837 3.835 2.342 1.23731 0 7.58885e-321 6.94976e-310 
 2.162 -0.084 0.193291 3.9315e-245 6.52168e-38 4.33001 3.76636 1.05175 2.99904 1.7267 0.103266 3.839 2.349 1.23731 0 7.58885e-321 6.94976e-310 
 2.17 -0.107 0.193293 3.9315e-245 6.52168e-38 4.32702 3.75936 -1.97476 2.99566 1.73189 0.103691 3.836 2.342 1.2373 0 7.58885e-321 6.94976e-310 
 2.171 -0.101 0.193292 3.9315e-245 6.52168e-38 4.32202 3.74836 -1.99772 2.98537 1.73101 0.103993 3.831 2.331 1.23731 0 7.58885e-321 6.94976e-310 
 2.19 -0.115 0.193292 3.9315e-245 6.52168e-38 4.32602 3.75436 0.982525 2.98013 1.73777 0.104578 3.835 2.337 1.2373 0 7.58885e-321 6.94976e-310 
 2.186 -0.108 0.193293 3.9315e-245 6.52168e-38 4.32502 3.75236 -2.03513 2.97955 1.73571 0.104476 3.834 2.335 1.2373 0 7.58885e-321 6.94976e-310 
 2.203 -0.101 0.193295 3.9315e-245 6.52168e-38 4.32502 3.75636 1.571 2.9652 1.73971 0.105217 3.834 2.339 1.23731 0 7.58885e-321 6.94976e-310 
 2.179 -0.109 0.193295 3.9315e-245 6.52168e-38 4.32001 3.74236 -1.91395 2.97818 1.73391 0.104416 3.829 2.325 1.23731 0 7.58885e-321 6.94976e-310 
 2.172 -0.085 0.193294 3.9315e-245 6.52168e-38 4.31401 3.74236 3.14131 2.97109 1.73018 0.104439 3.823 2.325 1.23731 0 7.58885e-321 6.94976e-310 
 2.191 -0.07 0.193294 3.9315e-245 6.52168e-38 4.31801 3.74436 0.463642 2.95506 1.73224 0.105126 3.827 2.327 1.23731 0 7.58885e-321 6.94976e-310 
 2.188 -0.09 0.193294 3.9315e-245 6.52168e-38 4.32201 3.75336 1.15241 2.97005 1.73459 0.10474 3.831 2.336 1.23731 0 7.58885e-321 6.94976e-310 
 2.204 -0.075 0.193294 3.9315e-245 6.52168e-38 4.31701 3.75736 2.46701 2.94995 1.73852 0.105686 3.826 2.34 1.23731 0 7.58885e-321 6.94976e-310 
 2.192 -0.069 0.193294 3.9315e-245 6.52168e-38 4.31501 3.74636 -1.75054 2.95224 1.73345 0.105298 3.824 2.329 1.23731 0 7.58885e-321 6.94976e-310 
 2.189 -0.083 0.193293 3.9315e-245 6.52168e-38 4.31401 3.74336 -1.89333 2.95741 1.73451 0.10518 3.823 2.326 1.23731 0 7.58885e-321 6.94976e-310 
 2.187 -0.094 0.193294 3.9315e-245 6.52168e-38 4.317 3.75436 1.30485 2.96854 1.73636 0.104899 3.826 2.337 1.23731 0 7.58885e-321 6.94976e-310 
 2.186 -0.08 0.193294 3.9315e-245 6.52168e-38 4.317 3.74336 -1.57076 2.96114 1.7325 0.104927 3.826 2.326 1.23731 0 7.58885e-321 6.94976e-310 
 2.186 -0.095 0.193294 3.9315e-245 6.52168e-38 4.313 3.74136 -2.67766 2.96226 1.73542 0.105064 3.822 2.324 1.23731 0 7.58885e-321 6.94976e-310 
 2.194 -0.093 0.193292 3.9315e-245 6.52168e-38 4.318 3.75236 1.14426 2.96284 1.7375 0.105168 3.827 2.335 1.23731 0 7.58885e-321 6.94976e-310 
 2.18 -0.101 0.19329 3.9315e-245 6.52168e-38 4.31901 3.75336 0.784051 2.97757 1.73487 0.104494 3.828 2.336 1.23731 0 7.58885e-321 6.94976e-310 
 2.187 -0.081 0.193291 3.9315e-245 6.52168e-38 4.31201 3.74236 -2.13728 2.95643 1.73408 0.105189 3.821 2.325 1.23731 0 7.58885e-321 6.94976e-310 
 2.204 -0.096 0.193292 3.9315e-245 6.52168e-38 4.31101 3.74036 -2.03452 2.94654 1.74066 0.105937 3.82 2.323 1.23731 0 7.58885e-321 6.94976e-310 
 2.197 -0.08 0.193291 3.9315e-245 6.52168e-38 4.31601 3.75036 1.10723 2.95401 1.73666 0.10543 3.825 2.333 1.23731 0 7.58885e-321 6.94976e-310 
 2.19 -0.077 0.19329 3.9315e-245 6.52168e-38 4.30901 3.72736 -1.86604 2.94549 1.73291 0.105505 3.818 2.31 1.23731 0 7.58885e-321 6.94976e-310 
 2.199 -0.104 0.193292 3.9315e-245 6.52168e-38 4.31101 3.73236 1.19051 2.95047 1.73935 0.105717 3.82 2.315 1.23731 0 7.58885e-321 6.94976e-310 
 2.188 -0.099 0.193292 3.9315e-245 6.52168e-38 4.31201 3.74236 1.47118 2.96154 1.73693 0.105179 3.821 2.325 1.23731 0 7.58885e-321 6.94976e-310 
 2.209 -0.09 0.193291 3.9315e-245 6.52168e-38 4.31501 3.75336 1.30476 2.94803 1.74191 0.105958 3.824 2.336 1.23731 0 7.58885e-321 6.94976e-310 
 2.194 -0.09 0.193292 3.9315e-245 6.52168e-38 4.31401 3.74436 -1.68166 2.9561 1.73697 0.105374 3.823 2.327 1.23731 0 7.58885e-321 6.94976e-310 
 2.193 -0.132 0.193291 3.9315e-245 6.52168e-38 4.311 3.73936 -2.11179 2.96661 1.74271 0.105348 3.82 2.322 1.23731 0 7.58885e-321 6.94976e-310 
 2.19 -0.094 0.193292 3.9315e-245 6.52168e-38 4.312 3.73536 -1.32563 2.95603 1.73573 0.105302 3.821 2.318 1.23731 0 7.58885e-321 6.94976e-310 
 2.186 -0.075 0.193292 3.9315e-245 6.52168e-38 4.321 3.74936 0.999756 2.9646 1.73159 0.104751 3.83 2.332 1.23732 0 7.58885e-321 6.94976e-310 
 2.193 -0.086 0.193292 3.9315e-245 6.52168e-38 4.321 3.74936 -0.333482 2.96271 1.73502 0.105024 3.83 2.332 1.23731 0 7.58885e-321 6.94976e-310 
 2.192 -0.106 0.193293 3.9315e-245 6.52168e-38 4.318 3.74736 -2.55361 2.96703 1.73811 0.105057 3.827 2.33 1.23731 0 7.58885e-321 6.94976e-310 
 2.202 -0.085 0.193293 3.9315e-245 6.52168e-38 4.32001 3.74236 -1.18968 2.95224 1.73649 0.105482 3.829 2.325 1.23731 0 7.58885e-321 6.94976e-310 
 2.179 -0.072 0.193292 3.9315e-245 6.52168e-38 4.32701 3.74336 0.141768 2.97187 1.72683 0.104212 3.836 2.326 1.23731 0 7.58885e-321 6.94976e-310 
 2.181 -0.098 0.193293 3.9315e-245 6.52168e-38 4.31701 3.73036 -2.22648 2.96671 1.7319 0.104696 3.826 2.313 1.23731 0 7.58885e-321 6.94976e-310 
 2.183 -0.103 0.193293 3.9315e-245 6.52168e-38 4.319 3.73536 1.19137 2.96998 1.73335 0.104668 3.828 2.318 1.23731 0 7.58885e-321 6.94976e-310 
 2.189 -0.089 0.193292 3.9315e-245 6.52168e-38 4.317 3.73736 2.35644 2.95977 1.73372 0.105049 3.826 2.32 1.23731 0 7.58885e-321 6.94976e-310 
 2.167 -0.099 0.193291 3.9315e-245 6.52168e-38 4.31301 3.74136 2.35602 2.97849 1.73102 0.104232 3.822 2.324 1.23731 0 7.58885e-321 6.94976e-310 
 2.173 -0.104 0.193292 3.9315e-245 6.52168e-38 4.313 3.73836 -1.57215 2.97443 1.73288 0.104485 3.822 2.321 1.23732 0 7.58885e-321 6.94976e-310 
 2.167 -0.114 0.193293 3.9315e-245 6.52168e-38 4.317 3.74436 0.982905 2.98753 1.73257 0.104011 3.826 2.327 1.23732 0 7.58885e-321 6.94976e-310 
 2.195 -0.085 0.193295 3.9315e-245 6.52168e-38 4.324 3.74836 0.518873 2.96285 1.73447 0.104986 3.833 2.331 1.23731 0 7.58885e-321 6.94976e-310 
 2.192 -0.087 0.193293 3.9315e-245 6.52168e-38 4.31801 3.74636 -2.81961 2.96049 1.73526 0.105116 3.827 2.329 1.23731 0 7.58885e-321 6.94976e-310 
 2.194 -0.104 0.193291 3.9315e-245 6.52168e-38 4.32401 3.74436 -0.321765 2.96854 1.73636 0.104899 3.833 2.327 1.23731 0 7.58885e-321 6.94976e-310 
 2.202 -0.071 0.19329 3.9315e-245 6.52168e-38 4.323 3.74436 3.14049 2.95066 1.73398 0.105387 3.832 2.327 1.23731 0 7.58885e-321 6.94976e-310 
 2.208 -0.087 0.19329 3.9315e-245 6.52168e-38 4.322 3.73936 -1.76852 2.94876 1.73741 0.105661 3.831 2.322 1.23731 0 7.58885e-321 6.94976e-310 
 2.212 -0.073 0.193291 3.9315e-245 6.52168e-38 4.323 3.73736 -1.10792 2.94117 1.7359 0.10584 3.832 2.32 1.23732 0 7.58885e-321 6.94976e-310 
 2.194 -0.1 0.193292 3.9315e-245 6.52168e-38 4.318 3.73336 -2.46711 2.95891 1.73579 0.105204 3.827 2.316 1.23732 0 7.58885e-321 6.94976e-310 
 2.204 -0.09 0.193293 3.9315e-245 6.52168e-38 4.323 3.73336 -6.06111e-06 2.95171 1.73566 0.105451 3.832 2.316 1.23732 0 7.58885e-321 6.94976e-310 
 2.21 -0.078 0.193293 3.9315e-245 6.52168e-38 4.318 3.72536 -2.12929 2.93652 1.73568 0.105993 3.827 2.308 1.23732 0 7.58885e-321 6.94976e-310 
 2.224 -0.075 0.193291 3.9315e-245 6.52168e-38 4.322 3.72536 -0.000150541 2.92768 1.73789 0.106445 3.831 2.308 1.23732 0 7.58885e-321 6.94976e-310 
 2.192 -0.11 0.19329 3.9315e-245 6.52168e-38 4.317 3.73136 2.26537 2.96231 1.73667 0.105137 3.826 2.314 1.23731 0 7.58885e-321 6.94976e-310 
 2.176 -0.088 0.193289 3.9315e-245 6.52168e-38 4.324 3.74236 1.00416 2.97677 1.72904 0.104173 3.833 2.325 1.23731 0 7.58885e-321 6.94976e-310 
 2.185 -0.084 0.19329 3.9315e-245 6.52168e-38 4.321 3.74836 2.0346 2.96801 1.73249 0.104686 3.83 2.331 1.23732 0 7.58885e-321 6.94976e-310 
 2.191 -0.061 0.19329 3.9315e-245 6.52168e-38 4.317 3.74336 -2.24534 2.95098 1.73106 0.105199 3.826 2.326 1.23731 0 7.58885e-321 6.94976e-310 
 2.174 -0.093 0.193292 3.9315e-245 6.52168e-38 4.32 3.74436 0.321929 2.9775 1.73059 0.10424 3.829 2.327 1.23731 0 7.58885e-321 6.94976e-310 
 2.174 -0.12 0.193292 3.9315e-245 6.52168e-38 4.317 3.74136 -2.35609 2.98301 1.73482 0.104302 3.826 2.324 1.23731 0 7.58885e-321 6.94976e-310 
 2.183 -0.083 0.193292 3.9315e-245 6.52168e-38 4.31501 3.74336 2.35568 2.96291 1.73267 0.104875 3.824 2.326 1.23731 0 7.58885e-321 6.94976e-310 
 2.206 -0.086 0.193293 3.9315e-245 6.52168e-38 4.31401 3.74136 -2.0335 2.94438 1.73912 0.10592 3.823 2.324 1.23731 0 7.58885e-321 6.94976e-310 
 2.178 -0.096 0.193294 3.9315e-245 6.52168e-38 4.31001 3.74636 2.2457 2.96815 1.73497 0.10483 3.819 2.329 1.23731 0 7.58885e-321 6.94976e-310 
 2.191 -0.104 0.193292 3.9315e-245 6.52168e-38 4.30901 3.73536 -1.66121 2.95616 1.73821 0.105447 3.818 2.318 1.23731 0 7.58885e-321 6.94976e-310 
 2.186 -0.104 0.193291 3.9315e-245 6.52168e-38 4.30201 3.72536 -2.18127 2.95132 1.73731 0.105564 3.811 2.308 1.23731 0 7.58885e-321 6.94976e-310 
 2.187 -0.073 0.193291 3.9315e-245 6.52168e-38 4.30701 3.72536 0.000202018 2.94431 1.73177 0.105478 3.816 2.308 1.23731 0 7.58885e-321 6.94976e-310 
 2.173 -0.071 0.193292 3.9315e-245 6.52168e-38 4.30901 3.73136 1.2484 2.95818 1.7281 0.104767 3.818 2.314 1.23731 0 7.58885e-321 6.94976e-310 
 2.175 -0.097 0.193294 3.9315e-245 6.52168e-38 4.31601 3.74336 1.04285 2.97457 1.73233 0.104447 3.825 2.326 1.23731 0 7.58885e-321 6.94976e-310 
 2.183 -0.131 0.193295 3.9315e-245 6.52168e-38 4.31001 3.74036 -2.67768 2.97371 1.74038 0.104959 3.819 2.323 1.23731 0 7.58885e-321 6.94976e-310 
 2.194 -0.097 0.193295 3.9315e-245 6.52168e-38 4.31301 3.73336 -1.16638 2.95401 1.73666 0.105429 3.822 2.316 1.23731 0 7.58885e-321 6.94976e-310 
 2.189 -0.166 0.193294 3.9315e-245 6.52168e-38 4.319 3.73736 0.588503 2.9865 1.74405 0.104731 3.828 2.32 1.23731 0 7.58885e-321 6.94976e-310 
 2.183 -0.109 0.193294 3.9315e-245 6.52168e-38 4.31801 3.74436 1.7125 2.97411 1.73576 0.104669 3.827 2.327 1.23731 0 7.58885e-321 6.94976e-310 
 2.189 -0.127 0.193294 3.9315e-245 6.52168e-38 4.32101 3.74036 -0.927127 2.97633 1.73853 0.104756 3.83 2.323 1.23731 0 7.58885e-321 6.94976e-310 
 2.188 -0.098 0.193295 3.9315e-245 6.52168e-38 4.314 3.73136 -2.23206 2.95918 1.73468 0.105127 3.823 2.314 1.23731 0 7.58885e-321 6.94976e-310 
 2.191 -0.103 0.193294 3.9315e-245 6.52168e-38 4.314 3.74536 1.5708 2.96304 1.73818 0.105202 3.823 2.328 1.23731 0 7.58885e-321 6.94976e-310 
 2.19 -0.085 0.193293 3.9315e-245 6.52168e-38 4.312 3.74236 -2.15863 2.95538 1.73545 0.105308 3.821 2.325 1.23731 0 7.58885e-321 6.94976e-310 
 2.182 -0.125 0.193294 3.9315e-245 6.52168e-38 4.314 3.73736 -1.19035 2.97469 1.73782 0.104771 3.823 2.32 1.23731 0 7.58885e-321 6.94976e-310 
 2.188 -0.092 0.193295 3.9315e-245 6.52168e-38 4.315 3.74336 1.40585 2.96193 1.73528 0.105067 3.824 2.326 1.23731 0 7.58885e-321 6.94976e-310 
 2.194 -0.136 0.193295 3.9315e-245 6.52168e-38 4.307 3.73536 -2.35642 2.96268 1.744 0.105564 3.816 2.318 1.23732 0 7.58885e-321 6.94976e-310 
 2.193 -0.096 0.193296 3.9315e-245 6.52168e-38 4.312 3.72836 -0.950589 2.95205 1.7358 0.105447 3.821 2.311 1.23732 0 7.58885e-321 6.94976e-310 
 2.191 -0.109 0.193295 3.9315e-245 6.52168e-38 4.315 3.73636 1.21211 2.96284 1.73749 0.105168 3.824 2.319 1.23732 0 7.58885e-321 6.94976e-310 
 2.196 -0.093 0.193296 3.9315e-245 6.52168e-38 4.312 3.72936 -1.97487 2.94904 1.7363 0.105584 3.821 2.312 1.23731 0 7.58885e-321 6.94976e-310 
 2.188 -0.117 0.193295 3.9315e-245 6.52168e-38 4.308 3.73136 2.678 2.96068 1.73896 0.105332 3.817 2.314 1.23731 0 7.58885e-321 6.94976e-310 
 2.186 -0.075 0.190785 3.9315e-245 6.52168e-38 4.312 3.73436 0.643682 2.94686 1.73508 0.105588 3.821 2.317 1.23731 0 7.58885e-321 6.94976e-310 
 2.193 -0.097 0.190679 3.9315e-245 6.52168e-38 4.32 3.74336 0.84412 2.95748 1.73941 0.105472 3.829 2.326 1.23731 0 7.58885e-321 6.94976e-310 
 2.211 -0.051 0.19088 3.9315e-245 6.52168e-38 4.317 3.74036 -2.35682 2.92549 1.73763 0.106508 3.826 2.323 1.23732 0 7.58885e-321 6.94976e-310 
 2.206 -0.092 0.190926 3.9315e-245 6.52168e-38 4.317 3.73136 -1.57094 2.93994 1.74085 0.106184 3.826 2.314 1.23732 0 7.58885e-321 6.94976e-310 
 2.188 -0.116 0.190844 3.9315e-245 6.52168e-38 4.316 3.73536 1.81494 2.96223 1.7405 0.10537 3.825 2.318 1.23731 0 7.58885e-321 6.94976e-310 
 2.189 -0.062 0.190837 3.9315e-245 6.52168e-38 4.313 3.72436 -1.83698 2.93792 1.73218 0.105731 3.822 2.307 1.23731 0 7.58885e-321 6.94976e-310 
 2.185 -0.124 0.190787 3.9315e-245 6.52168e-38 4.312 3.73236 1.69534 2.96293 1.74153 0.105407 3.821 2.315 1.23731 0 7.58885e-321 6.94976e-310 
 2.178 -0.108 0.190801 3.9315e-245 6.52168e-38 4.31 3.74336 1.75076 2.96527 1.73951 0.105203 3.819 2.326 1.23732 0 7.58885e-321 6.94976e-310 
 2.204 -0.099 0.190843 3.9315e-245 6.52168e-38 4.31401 3.73636 -1.05125 2.94286 1.74292 0.106204 3.823 2.319 1.23731 0 7.58885e-321 6.94976e-310 
 2.199 -0.122 0.19089 3.9315e-245 6.52168e-38 4.31701 3.74136 1.03011 2.95836 1.7447 0.10576 3.826 2.324 1.23731 0 7.58885e-321 6.94976e-310 
 2.191 -0.062 0.190848 3.9315e-245 6.52168e-38 4.31701 3.74036 -1.57001 2.94473 1.73398 0.105597 3.826 2.323 1.23731 0 7.58885e-321 6.94976e-310 
 2.173 -0.108 0.190866 3.9315e-245 6.52168e-38 4.31101 3.73736 -2.67786 2.9682 1.73701 0.10495 3.82 2.32 1.23731 0 7.58885e-321 6.94976e-310 
 2.175 -0.12 0.190833 3.9315e-245 6.52168e-38 4.31101 3.73936 1.56989 2.9711 1.73956 0.105001 3.82 2.322 1.23731 0 7.58885e-321 6.94976e-310 
 2.208 -0.084 0.190758 3.9315e-245 6.52168e-38 4.30601 3.73136 -2.12974 2.92672 1.74333 0.106811 3.815 2.314 1.23731 0 7.58885e-321 6.94976e-310 
 2.21 -0.079 0.190794 3.9315e-245 6.52168e-38 4.31001 3.73536 0.785168 2.92805 1.74262 0.106719 3.819 2.318 1.23731 0 7.58885e-321 6.94976e-310 
 2.21 -0.074 0.190766 3.9315e-245 6.52168e-38 4.30601 3.73836 2.49811 2.92419 1.74341 0.106908 3.815 2.321 1.23731 0 7.58885e-321 6.94976e-310 
 2.217 -0.062 0.190781 3.9315e-245 6.52168e-38 4.30801 3.74136 0.982234 2.91737 1.74343 0.107157 3.817 2.324 1.23731 0 7.58885e-321 6.94976e-310 
 2.206 -0.093 0.190768 3.9315e-245 6.52168e-38 4.31601 3.74536 0.463775 2.94366 1.74343 0.106207 3.825 2.328 1.23731 0 7.58885e-321 6.94976e-310 
 2.21 -0.068 0.190771 3.9315e-245 6.52168e-38 4.31701 3.74136 -1.32626 2.93189 1.7401 0.106428 3.826 2.324 1.23731 0 7.58885e-321 6.94976e-310 
 2.216 -0.069 0.190735 3.9315e-245 6.52168e-38 4.31101 3.73836 -2.67787 2.92171 1.74301 0.106973 3.82 2.321 1.23731 0 7.58885e-321 6.94976e-310 
 2.226 -0.088 0.190763 3.9315e-245 6.52168e-38 4.311 3.74036 1.57224 2.9207 1.74854 0.107346 3.82 2.323 1.23731 0 7.58885e-321 6.94976e-310 
 2.219 -0.07 0.190738 3.9315e-245 6.52168e-38 4.306 3.73536 -2.35634 2.91476 1.74482 0.107336 3.815 2.318 1.23731 0 7.58885e-321 6.94976e-310 
 2.225 -0.093 0.190789 3.9315e-245 6.52168e-38 4.30401 3.73636 2.67789 2.91636 1.7502 0.107606 3.813 2.319 1.23731 0 7.58885e-321 6.94976e-310 
 2.197 -0.068 0.190827 3.9315e-245 6.52168e-38 4.31401 3.74436 0.674461 2.94086 1.73783 0.105968 3.823 2.327 1.23731 0 7.58885e-321 6.94976e-310 
 2.189 -0.087 0.190917 3.9315e-245 6.52168e-38 4.31401 3.74036 -1.5718 2.95224 1.73777 0.105559 3.823 2.323 1.23731 0 7.58885e-321 6.94976e-310 
 2.195 -0.082 0.190844 3.9315e-245 6.52168e-38 4.314 3.74136 1.57156 2.94605 1.73886 0.105845 3.823 2.324 1.23731 0 7.58885e-321 6.94976e-310 
 2.206 -0.07 0.190898 3.9315e-245 6.52168e-38 4.31401 3.74236 1.56653 2.93394 1.7401 0.106354 3.823 2.325 1.23731 0 7.58885e-321 6.94976e-310 
 2.187 -0.099 0.190914 3.9315e-245 6.52168e-38 4.30501 3.73036 -2.2144 2.94738 1.73989 0.10586 3.814 2.313 1.23731 0 7.58885e-321 6.94976e-310 
 2.17 -0.111 0.19082 3.9315e-245 6.52168e-38 4.30401 3.73236 2.03391 2.9643 1.73783 0.105137 3.813 2.315 1.23731 0 7.58885e-321 6.94976e-310 
 2.18 -0.088 0.190803 3.9315e-245 6.52168e-38 4.30101 3.73136 -2.81924 2.94623 1.73781 0.105776 3.81 2.314 1.23731 0 7.58885e-321 6.94976e-310 
 2.205 -0.094 0.19084 3.9315e-245 6.52168e-38 4.31002 3.73236 0.110462 2.936 1.74295 0.106453 3.819 2.315 1.23731 0 7.58885e-321 6.94976e-310 
 2.212 -0.093 0.190879 3.9315e-245 6.52168e-38 4.31001 3.72636 -1.5712 2.9283 1.74374 0.106778 3.819 2.309 1.23731 0 7.58885e-321 6.94976e-310 
 2.192 -0.15 0.1909 3.9315e-245 6.52168e-38 4.32401 3.74036 0.785402 2.97817 1.74483 0.105069 3.833 2.323 1.23731 0 7.58885e-321 6.94976e-310 
 2.183 -0.097 0.190962 3.9315e-245 6.52168e-38 4.32001 3.73636 -2.35599 2.96374 1.73543 0.105012 3.829 2.319 1.23731 0 7.58885e-321 6.94976e-310 
 2.189 -0.085 0.190961 3.9315e-245 6.52168e-38 4.31301 3.73036 -2.43316 2.94766 1.73624 0.10563 3.822 2.313 1.23731 0 7.58885e-321 6.94976e-310 
 2.209 -0.098 0.190947 3.9315e-245 6.52168e-38 4.31101 3.73236 2.35636 2.93518 1.74416 0.106555 3.82 2.315 1.23731 0 7.58885e-321 6.94976e-310 
 2.198 -0.079 0.190905 3.9315e-245 6.52168e-38 4.31201 3.73136 -0.785516 2.93803 1.73823 0.106093 3.821 2.314 1.23731 0 7.58885e-321 6.94976e-310 
 2.199 -0.108 0.190894 3.9315e-245 6.52168e-38 4.31401 3.73536 1.10804 2.94951 1.74268 0.105952 3.823 2.318 1.23731 0 7.58885e-321 6.94976e-310 
 2.197 -0.108 0.190816 3.9315e-245 6.52168e-38 4.31601 3.73836 0.981643 2.95346 1.74216 0.105781 3.825 2.321 1.23731 0 7.58885e-321 6.94976e-310 
 2.194 -0.106 0.190786 3.9315e-245 6.52168e-38 4.31501 3.73836 3.14032 2.95431 1.7414 0.105704 3.824 2.321 1.23731 0 7.58885e-321 6.94976e-310 
 2.199 -0.126 0.190837 3.9315e-245 6.52168e-38 4.306 3.72636 -2.21451 2.94599 1.74608 0.106283 3.815 2.309 1.23731 0 7.58885e-321 6.94976e-310 
 2.189 -0.105 0.190802 3.9315e-245 6.52168e-38 4.29801 3.72636 -3.1415 2.94068 1.74266 0.106267 3.807 2.309 1.23731 0 7.58885e-321 6.94976e-310 
 2.181 -0.087 0.190767 3.9315e-245 6.52168e-38 4.31101 3.73436 0.551662 2.95387 1.73579 0.105382 3.82 2.317 1.23731 0 7.58885e-321 6.94976e-310 
 2.164 -0.117 0.190734 3.9315e-245 6.52168e-38 4.31501 3.72936 -0.896017 2.97845 1.73394 0.104408 3.824 2.312 1.23731 0 7.58885e-321 6.94976e-310 
 2.184 -0.118 0.190763 3.9315e-245 6.52168e-38 4.30501 3.72636 -2.85015 2.95425 1.74143 0.105708 3.814 2.309 1.23731 0 7.58885e-321 6.94976e-310 
 2.2 -0.096 0.190771 3.9315e-245 6.52168e-38 4.301 3.73336 2.09062 2.93365 1.74451 0.106632 3.81 2.316 1.23732 0 7.58885e-321 6.94976e-310 
 2.176 -0.158 0.190746 3.9315e-245 6.52168e-38 4.309 3.73236 -0.124393 2.97858 1.74478 0.105051 3.818 2.315 1.23732 0 7.58885e-321 6.94976e-310 
 2.184 -0.114 0.190723 3.9315e-245 6.52168e-38 4.314 3.73736 0.785668 2.96351 1.74014 0.105303 3.823 2.32 1.23732 0 7.58885e-321 6.94976e-310 
 2.182 -0.101 0.190735 3.9315e-245 6.52168e-38 4.309 3.73336 -2.46642 2.95566 1.73849 0.105481 3.818 2.316 1.23732 0 7.58885e-321 6.94976e-310 
