 0.578 0.383 1.2348 4.74303e-322 7.69844e+218 0.4292 0.5163 0.9104 0 0 0 1.934 0.371 6.96411e+252 0 6.93193e-310 5.69658e-321 
 0.588 0.377 1.23481 4.74303e-322 7.69844e+218 0.4211 0.5059 0.9099 0.265466 1.18444 0.523599 1.931 0.376 6.96411e+252 0 6.93193e-310 5.69658e-321 
 0.578 0.388 1.23629 4.74303e-322 7.69844e+218 0.4252 0.5111 0.9102 0.261399 1.06567 0.523599 1.966 0.388 6.96411e+252 0 6.93193e-310 5.69658e-321 
 0.621 0.429 1.30168 4.74303e-322 7.69844e+218 0.4211 0.5059 0.9099 0.228057 1.25231 0.523599 1.961 0.378 6.96411e+252 0 6.93193e-310 5.69658e-321 
 0.62 0.445 1.40733 4.74303e-322 7.69844e+218 0.4333 0.5216 0.9107 0.238386 1.07179 0.523599 1.934 0.378 6.96411e+252 0 6.93193e-310 5.69658e-321 
 0.577 0.477 1.53529 4.74303e-322 7.69844e+218 0.4623 0.5589 0.9122 0.24005 0.457348 0.33037 1.937 0.392 6.96411e+252 0 6.93193e-310 5.69658e-321 
 0.597 0.496 1.63927 4.74303e-322 7.69844e+218 0.4748 0.5751 0.9128 0.240773 0.419435 0.303856 1.905 0.42 6.96411e+252 0 6.93193e-310 5.69658e-321 
 0.628 0.509 1.67991 4.74303e-322 7.69844e+218 0.4623 0.5589 0.9122 0.225318 0.634447 0.469106 1.932 0.437 6.96411e+252 0 6.93193e-310 5.69658e-321 
 0.597 0.502 1.72109 4.74303e-322 7.69844e+218 0.4875 0.5915 0.9134 0.242993 0.181848 0.1339 1.932 0.44 6.96411e+252 0 6.93193e-310 5.69658e-321 
 0.58 0.565 1.76935 4.74303e-322 7.69844e+218 0.4917 0.597 0.9136 0.187678 0.0805605 0.0771114 1.931 0.444 6.96411e+252 0 6.93193e-310 5.69658e-321 
 0.569 0.58 1.78315 4.74303e-322 7.69844e+218 0.4917 0.597 0.9136 0.17511 0.119834 0.122562 1.869 0.497 6.96411e+252 0 6.93193e-310 5.69658e-321 
 0.601 0.634 1.79184 4.74303e-322 7.69844e+218 0.5044 0.6135 0.9141 0.156952 0.407724 0.43739 1.837 0.517 6.96411e+252 0 6.93193e-310 5.69658e-321 
 0.549 0.61 1.80378 4.74303e-322 7.69844e+218 0.5259 0.6414 0.9149 0.178569 -0.177206 -0.176762 1.806 0.521 6.96411e+252 0 6.93193e-310 5.69658e-321 
 0.57 0.636 1.84207 4.74303e-322 7.69844e+218 0.5433 0.664 0.9155 0.17717 -0.12925 -0.130568 1.794 0.544 6.96411e+252 0 6.93193e-310 5.69658e-321 
 0.538 0.619 1.83452 4.74303e-322 7.69844e+218 0.5302 0.647 0.9151 0.172481 -0.195753 -0.201514 1.752 0.566 6.96411e+252 0 6.93193e-310 5.69658e-321 
 0.543 0.626 1.832 4.74303e-322 7.69844e+218 0.5433 0.664 0.9155 0.181144 -0.233755 -0.228231 1.743 0.573 6.96411e+252 0 6.93193e-310 5.69658e-321 
 0.473 0.619 1.82824 4.74303e-322 7.69844e+218 0.5216 0.6358 0.9148 0.147715 -0.611783 -0.523599 1.735 0.581 6.96411e+252 0 6.93193e-310 5.69658e-321 
 0.446 0.641 1.81704 4.74303e-322 7.69844e+218 0.5259 0.6414 0.9149 0.130441 -0.824646 -0.523599 1.727 0.588 6.96411e+252 0 6.93193e-310 5.69658e-321 
 0.419 0.648 1.75269 4.74303e-322 7.69844e+218 0.4832 0.586 0.9132 0.0842619 -0.65006 -0.523599 1.73 0.581 6.96411e+252 0 6.93193e-310 5.69658e-321 
 0.413 0.673 1.6702 4.74303e-322 7.69844e+218 0.5002 0.608 0.9139 0.093524 -0.789808 -0.523599 1.723 0.587 6.96411e+252 0 6.93193e-310 5.69658e-321 
 0.452 0.692 1.60317 4.74303e-322 7.69844e+218 0.479 0.5806 0.913 0.0620841 -0.175274 -0.470164 1.716 0.593 6.96411e+252 0 6.93193e-310 5.69658e-321 
 0.452 0.71 1.52295 4.74303e-322 7.69844e+218 0.5044 0.6135 0.9141 0.0837173 -0.353878 -0.523599 1.71 0.598 6.96411e+252 0 6.93193e-310 5.69658e-321 
 0.484 0.756 1.51012 4.74303e-322 7.69844e+218 0.5346 0.6527 0.9152 0.0801688 -0.28557 -0.523599 1.721 0.628 6.96411e+252 0 6.93193e-310 5.69658e-321 
 0.489 0.782 1.47583 4.74303e-322 7.69844e+218 0.5433 0.664 0.9155 0.0716478 -0.292579 -0.523599 1.716 0.635 6.96411e+252 0 6.93193e-310 5.69658e-321 
 0.455 0.759 1.44656 4.74303e-322 7.69844e+218 0.5784 0.7097 0.9165 0.142791 -0.845917 -0.523599 1.736 0.68 6.96411e+252 0 6.93193e-310 5.69658e-321 
 0.438 0.761 1.40354 4.74303e-322 7.69844e+218 0.5784 0.7097 0.9165 0.15042 -0.907009 -0.523599 1.71 0.681 6.96411e+252 0 6.93193e-310 5.69658e-321 
 0.416 0.789 1.31362 4.74303e-322 7.69844e+218 0.5476 0.6696 0.9156 0.105303 -0.992906 -0.523599 1.706 0.689 6.96411e+252 0 6.93193e-310 5.69658e-321 
 0.455 0.805 1.21872 4.74303e-322 7.69844e+218 0.5476 0.6696 0.9156 0.0786212 -0.373943 -0.523599 1.607 0.684 6.96411e+252 0 6.93193e-310 5.69658e-321 
 0.416 0.813 1.11739 4.74303e-322 7.69844e+218 0.5608 0.6868 0.916 0.118046 -0.748444 -0.523599 1.597 0.69 6.96411e+252 0 6.93193e-310 5.69658e-321 
 0.414 0.847 1.08391 4.74303e-322 7.69844e+218 0.5829 0.7155 0.9166 0.130979 -0.866499 -0.523599 1.588 0.696 6.96411e+252 0 6.93193e-310 5.69658e-321 
 0.403 0.81 1.00483 4.74303e-322 7.69844e+218 0.574 0.704 0.9164 0.153605 -0.729663 -0.523599 1.579 0.702 6.96411e+252 0 6.93193e-310 5.69658e-321 
 0.388 0.811 0.915301 4.74303e-322 7.69844e+218 0.574 0.704 0.9164 0.169323 -0.747089 -0.523599 1.57 0.707 6.96411e+252 0 6.93193e-310 5.69658e-321 
 0.434 0.824 0.839757 4.74303e-322 7.69844e+218 0.5608 0.6868 0.916 0.109523 -0.482421 -0.523599 1.562 0.713 6.96411e+252 0 6.93193e-310 5.69658e-321 
 0.465 0.868 0.761235 4.74303e-322 7.69844e+218 0.5652 0.6925 0.9162 0.0667847 -0.472069 -0.523599 1.546 0.724 6.96411e+252 0 6.93193e-310 5.69658e-321 
 0.483 0.883 0.711453 4.74303e-322 7.69844e+218 0.5784 0.7097 0.9165 0.0591345 -0.361913 -0.523599 1.53 0.735 6.96411e+252 0 6.93193e-310 5.69658e-321 
 0.451 0.868 0.665885 4.74303e-322 7.69844e+218 0.6141 0.7564 0.9173 0.142231 -0.25479 -0.311923 1.526 0.733 6.96411e+252 0 6.93193e-310 5.69658e-321 
 0.415 0.842 0.632405 4.74303e-322 7.69844e+218 0.6277 0.774 0.9176 0.20093 -0.185063 -0.164291 1.518 0.738 6.96411e+252 0 6.93193e-310 5.69658e-321 
 0.42 0.875 0.608697 4.74303e-322 7.69844e+218 0.6007 0.7388 0.917 0.146561 -0.474441 -0.523599 1.51 0.743 6.96411e+252 0 6.93193e-310 5.69658e-321 
 0.449 0.895 0.585707 4.74303e-322 7.69844e+218 0.5873 0.7213 0.9167 0.0935042 -0.543623 -0.523599 1.503 0.747 6.96411e+252 0 6.93193e-310 5.69658e-321 
 0.47 0.924 0.536005 4.74303e-322 7.69844e+218 0.6007 0.7388 0.917 0.0840131 -0.563973 -0.523599 1.512 0.757 6.96411e+252 0 6.93193e-310 5.69658e-321 
 0.516 0.952 0.476841 4.74303e-322 7.69844e+218 0.6322 0.78 0.9176 0.0680214 -0.303929 -0.523599 1.506 0.762 6.96411e+252 0 6.93193e-310 5.69658e-321 
 0.507 0.954 0.420195 4.74303e-322 7.69844e+218 0.6459 0.7978 0.9179 0.0853521 -0.217014 -0.429208 1.486 0.778 6.96411e+252 0 6.93193e-310 5.69658e-321 
 0.505 0.973 0.39588 4.74303e-322 7.69844e+218 0.6688 0.8278 0.9182 0.108375 -0.135242 -0.220956 1.48 0.782 6.96411e+252 0 6.93193e-310 5.69658e-321 
 0.508 0.99 0.373583 4.74303e-322 7.69844e+218 0.678 0.8398 0.9183 0.110542 -0.147243 -0.235319 1.474 0.787 6.96411e+252 0 6.93193e-310 5.69658e-321 
 0.476 0.957 0.360862 4.74303e-322 7.69844e+218 0.6826 0.8459 0.9183 0.151326 0.0250703 0.0298119 1.468 0.792 6.96411e+252 0 6.93193e-310 5.69658e-321 
 0.463 0.923 0.345919 4.74303e-322 7.69844e+218 0.6872 0.8519 0.9184 0.174207 0.251225 0.253973 1.462 0.796 6.96411e+252 0 6.93193e-310 5.69658e-321 
 0.505 0.95 0.346479 4.74303e-322 7.69844e+218 0.6596 0.8157 0.9181 0.0921431 -0.0410912 -0.0800993 1.457 0.8 6.96411e+252 0 6.93193e-310 5.69658e-321 
 0.512 0.916 0.348931 4.74303e-322 7.69844e+218 0.6322 0.78 0.9176 0.0580191 -0.0544273 -0.167279 1.452 0.804 6.96411e+252 0 6.93193e-310 5.69658e-321 
 0.538 0.962 0.347073 4.74303e-322 7.69844e+218 0.678 0.8398 0.9183 0.076193 0.172886 0.387753 1.447 0.808 6.96411e+252 0 6.93193e-310 5.69658e-321 
 0.536 0.977 0.347652 4.74303e-322 7.69844e+218 0.6504 0.8038 0.9179 0.0392658 -0.184941 -0.523599 1.418 0.794 6.96411e+252 0 6.93193e-310 5.69658e-321 
 0.562 1.002 0.352107 4.74303e-322 7.69844e+218 0.6872 0.8519 0.9184 0.0536173 0.13894 0.43644 1.411 0.796 6.96411e+252 0 6.93193e-310 5.69658e-321 
 0.521 0.958 0.349144 4.74303e-322 7.69844e+218 0.6872 0.8519 0.9184 0.0990506 0.31117 0.514646 1.406 0.799 6.96411e+252 0 6.93193e-310 5.69658e-321 
 0.494 0.921 0.353427 4.74303e-322 7.69844e+218 0.7105 0.8824 0.9186 0.162988 0.638203 0.523599 1.4 0.801 6.96411e+252 0 6.93193e-310 5.69658e-321 
 0.508 0.913 0.367623 4.74303e-322 7.69844e+218 0.6688 0.8278 0.9182 0.0973496 0.41347 0.523599 1.394 0.803 6.96411e+252 0 6.93193e-310 5.69658e-321 
 0.529 0.922 0.420514 4.74303e-322 7.69844e+218 0.6596 0.8157 0.9181 0.066994 0.361108 0.523599 1.389 0.806 6.96411e+252 0 6.93193e-310 5.69658e-321 
 0.568 0.98 0.459268 4.74303e-322 7.69844e+218 0.6504 0.8038 0.9179 0.00609001 0.0284209 0.523599 1.384 0.808 6.96411e+252 0 6.93193e-310 5.69658e-321 
 0.587 0.993 0.48835 4.74303e-322 7.69844e+218 0.6642 0.8217 0.9181 0.00646623 0.210331 0.523599 1.379 0.81 6.96411e+252 0 6.93193e-310 5.69658e-321 
 0.598 0.993 0.488697 4.74303e-322 7.69844e+218 0.7105 0.8824 0.9186 0.0652192 0.696784 0.523599 1.374 0.812 6.96411e+252 0 6.93193e-310 5.69658e-321 
 0.595 1.006 0.514002 4.74303e-322 7.69844e+218 0.7198 0.8946 0.9186 0.0785342 0.655201 0.523599 1.37 0.814 6.96411e+252 0 6.93193e-310 5.69658e-321 
 0.621 1.025 0.587453 4.74303e-322 7.69844e+218 0.7245 0.9008 0.9186 0.0681196 0.744245 0.523599 1.365 0.816 6.96411e+252 0 6.93193e-310 5.69658e-321 
 0.588 0.993 0.654471 4.74303e-322 7.69844e+218 0.7245 0.9008 0.9186 0.100966 0.636672 0.523599 1.379 0.847 6.96411e+252 0 6.93193e-310 5.69658e-321 
 0.538 0.948 0.729333 4.74303e-322 7.69844e+218 0.7434 0.9254 0.9187 0.186374 0.515247 0.461746 1.376 0.851 6.96411e+252 0 6.93193e-310 5.69658e-321 
 0.556 0.948 0.788652 4.74303e-322 7.69844e+218 0.7105 0.8824 0.9186 0.128425 0.546127 0.523599 1.373 0.854 6.96411e+252 0 6.93193e-310 5.69658e-321 
 0.588 0.952 0.83783 4.74303e-322 7.69844e+218 0.6688 0.8278 0.9182 0.0458815 0.74017 0.523599 1.368 0.867 6.96411e+252 0 6.93193e-310 5.69658e-321 
 0.594 0.989 0.894858 4.74303e-322 7.69844e+218 0.6965 0.8641 0.9185 0.0681673 0.642755 0.523599 1.365 0.87 6.96411e+252 0 6.93193e-310 5.69658e-321 
 0.592 0.999 0.973182 4.74303e-322 7.69844e+218 0.7058 0.8763 0.9185 0.0808964 0.58035 0.523599 1.362 0.874 6.96411e+252 0 6.93193e-310 5.69658e-321 
 0.587 0.967 1.03677 4.74303e-322 7.69844e+218 0.7198 0.8946 0.9186 0.1255 0.606571 0.523599 1.359 0.877 6.96411e+252 0 6.93193e-310 5.69658e-321 
 0.575 0.956 1.0958 4.74303e-322 7.69844e+218 0.7245 0.9008 0.9186 0.144054 0.482436 0.523599 1.356 0.88 6.96411e+252 0 6.93193e-310 5.69658e-321 
 0.592 0.965 1.1551 4.74303e-322 7.69844e+218 0.6965 0.8641 0.9185 0.0945548 0.709053 0.523599 1.354 0.883 6.96411e+252 0 6.93193e-310 5.69658e-321 
 0.585 1.011 1.20304 4.74303e-322 7.69844e+218 0.7058 0.8763 0.9185 0.0798677 0.47646 0.523599 1.351 0.886 6.96411e+252 0 6.93193e-310 5.69658e-321 
 0.61 1.07 1.27393 4.74303e-322 7.69844e+218 0.7058 0.8763 0.9185 0.0387036 0.593917 0.523599 1.349 0.889 6.96411e+252 0 6.93193e-310 5.69658e-321 
 0.631 1.076 1.31955 4.74303e-322 7.69844e+218 0.7292 0.9069 0.9187 0.0665688 0.637122 0.523599 1.347 0.892 6.96411e+252 0 6.93193e-310 5.69658e-321 
 0.64 1.071 1.38038 4.74303e-322 7.69844e+218 0.7671 0.9565 0.9187 0.120967 0.421577 0.523599 1.345 0.895 6.96411e+252 0 6.93193e-310 5.69658e-321 
 0.634 1.067 1.43892 4.74303e-322 7.69844e+218 0.791 0.9878 0.9187 0.153871 0.143548 0.166372 1.342 0.898 6.96411e+252 0 6.93193e-310 5.69658e-321 
 0.624 1.072 1.47632 4.74303e-322 7.69844e+218 0.7671 0.9565 0.9187 0.117133 0.230965 0.341057 1.341 0.899 6.96411e+252 0 6.93193e-310 5.69658e-321 
 0.61 1.091 1.48973 4.74303e-322 7.69844e+218 0.7671 0.9565 0.9187 0.102268 0.0912935 0.159323 1.338 0.903 6.96411e+252 0 6.93193e-310 5.69658e-321 
 0.64 1.123 1.51029 4.74303e-322 7.69844e+218 0.7718 0.9627 0.9187 0.0879452 0.288196 0.523599 1.336 0.905 6.96411e+252 0 6.93193e-310 5.69658e-321 
 0.635 1.117 1.51789 4.74303e-322 7.69844e+218 0.7766 0.969 0.9187 0.0968222 0.20161 0.358603 1.335 0.907 6.96411e+252 0 6.93193e-310 5.69658e-321 
 0.662 1.142 1.5428 4.74303e-322 7.69844e+218 0.8006 1.0003 0.9187 0.111621 0.176595 0.277434 1.333 0.909 6.96411e+252 0 6.93193e-310 5.69658e-321 
 0.687 1.131 1.56304 4.74303e-322 7.69844e+218 0.7958 0.9941 0.9187 0.115792 0.418476 0.523599 1.331 0.911 6.96411e+252 0 6.93193e-310 5.69658e-321 
 0.678 1.108 1.58253 4.74303e-322 7.69844e+218 0.8295 1.0383 0.9186 0.169045 -0.00148925 -0.00158576 1.329 0.914 6.96411e+252 0 6.93193e-310 5.69658e-321 
 0.689 1.126 1.62179 4.74303e-322 7.69844e+218 0.8295 1.0383 0.9186 0.155813 0.0422063 0.0487195 1.328 0.916 6.96411e+252 0 6.93193e-310 5.69658e-321 
 0.714 1.188 1.62302 4.74303e-322 7.69844e+218 0.8054 1.0066 0.9187 0.0915171 0.505733 0.523599 1.326 0.918 6.96411e+252 0 6.93193e-310 5.69658e-321 
 0.723 1.184 1.62855 4.74303e-322 7.69844e+218 0.8247 1.0319 0.9186 0.117146 0.353557 0.497651 1.325 0.919 6.96411e+252 0 6.93193e-310 5.69658e-321 
 0.703 1.181 1.67693 4.74303e-322 7.69844e+218 0.8685 1.0893 0.9182 0.16286 -0.302684 -0.322836 1.323 0.921 6.96411e+252 0 6.93193e-310 5.69658e-321 
 0.706 1.163 1.70796 4.74303e-322 7.69844e+218 0.8538 1.0701 0.9184 0.15495 -0.161644 -0.185614 1.322 0.923 6.96411e+252 0 6.93193e-310 5.69658e-321 
 0.706 1.224 1.6991 4.74303e-322 7.69844e+218 0.8538 1.0701 0.9184 0.114273 -0.124375 -0.193461 1.321 0.925 6.96411e+252 0 6.93193e-310 5.69658e-321 
 0.647 1.242 1.69567 4.74303e-322 7.69844e+218 0.849 1.0637 0.9184 0.0857425 -0.518678 -0.523599 1.319 0.926 6.96411e+252 0 6.93193e-310 5.69658e-321 
 0.638 1.234 1.69303 4.74303e-322 7.69844e+218 0.8685 1.0893 0.9182 0.114914 -0.787293 -0.523599 1.318 0.928 6.96411e+252 0 6.93193e-310 5.69658e-321 
 0.651 1.261 1.65653 4.74303e-322 7.69844e+218 0.8587 1.0765 0.9183 0.0896561 -0.577857 -0.523599 1.317 0.929 6.96411e+252 0 6.93193e-310 5.69658e-321 
 0.633 1.255 1.58124 4.74303e-322 7.69844e+218 0.8587 1.0765 0.9183 0.10207 -0.687119 -0.523599 1.316 0.931 6.96411e+252 0 6.93193e-310 5.69658e-321 
 0.63 1.278 1.52531 4.74303e-322 7.69844e+218 0.8685 1.0893 0.9182 0.107648 -0.794392 -0.523599 1.315 0.932 6.96411e+252 0 6.93193e-310 5.69658e-321 
 0.586 1.246 1.45021 4.74303e-322 7.69844e+218 0.8587 1.0765 0.9183 0.12946 -0.963327 -0.523599 1.314 0.933 6.96411e+252 0 6.93193e-310 5.69658e-321 
 0.584 1.256 1.36596 4.74303e-322 7.69844e+218 0.8636 1.0829 0.9183 0.143034 -0.9656 -0.523599 1.313 0.935 6.96411e+252 0 6.93193e-310 5.69658e-321 
 0.574 1.245 1.26589 4.74303e-322 7.69844e+218 0.8441 1.0574 0.9185 0.135013 -0.866597 -0.523599 1.312 0.936 6.96411e+252 0 6.93193e-310 5.69658e-321 
 0.578 1.245 1.16483 4.74303e-322 7.69844e+218 0.8441 1.0574 0.9185 0.14514 -0.773992 -0.523599 1.311 0.937 6.96411e+252 0 6.93193e-310 5.69658e-321 
 0.522 1.228 1.07378 4.74303e-322 7.69844e+218 0.8441 1.0574 0.9185 0.188647 -0.971137 -0.523599 1.31 0.938 6.96411e+252 0 6.93193e-310 5.69658e-321 
 0.486 1.229 0.990286 4.74303e-322 7.69844e+218 0.8247 1.0319 0.9186 0.187914 -1.09044 -0.523599 1.309 0.939 6.96411e+252 0 6.93193e-310 5.69658e-321 
 0.476 1.26 0.887551 4.74303e-322 7.69844e+218 0.8102 1.013 0.9187 0.173968 -1.17951 -0.523599 1.308 0.94 6.96411e+252 0 6.93193e-310 5.69658e-321 
 0.527 1.313 0.770231 4.74303e-322 7.69844e+218 0.791 0.9878 0.9187 0.10849 -1.18956 -0.523599 1.307 0.941 6.96411e+252 0 6.93193e-310 5.69658e-321 
 0.535 1.382 0.644012 4.74303e-322 7.69844e+218 0.8102 1.013 0.9187 0.132374 -1.26291 -0.523599 1.306 0.942 6.96411e+252 0 6.93193e-310 5.69658e-321 
 0.542 1.446 0.520062 4.74303e-322 7.69844e+218 0.8587 1.0765 0.9183 0.198128 -1.1309 -0.523599 1.305 0.943 6.96411e+252 0 6.93193e-310 5.69658e-321 
 0.562 1.478 0.393972 4.74303e-322 7.69844e+218 0.8881 1.115 0.918 0.227848 -0.919991 -0.523599 1.305 0.944 6.96411e+252 0 6.93193e-310 5.69658e-321 
 0.593 1.457 0.279991 4.74303e-322 7.69844e+218 0.9326 1.1732 0.9174 0.255477 -0.360856 -0.248971 1.304 0.945 6.96411e+252 0 6.93193e-310 5.69658e-321 
 0.629 1.462 0.19962 4.74303e-322 7.69844e+218 0.9376 1.1797 0.9174 0.230347 -0.196931 -0.152689 1.303 0.946 6.96411e+252 0 6.93193e-310 5.69658e-321 
 0.649 1.49 0.169504 4.74303e-322 7.69844e+218 0.9476 1.1927 0.9172 0.225894 -0.19935 -0.157532 1.303 0.947 6.96411e+252 0 6.93193e-310 5.69658e-321 
 0.685 1.522 0.14952 4.74303e-322 7.69844e+218 0.9576 1.2057 0.917 0.209912 -0.223647 -0.189477 1.302 0.948 6.96411e+252 0 6.93193e-310 5.69658e-321 
 0.699 1.51 0.128149 4.74303e-322 7.69844e+218 0.9876 1.2449 0.9165 0.228829 0.12224 0.0958606 1.301 0.949 6.96411e+252 0 6.93193e-310 5.69658e-321 
 0.707 1.493 0.110599 4.74303e-322 7.69844e+218 1.0128 1.2778 0.9159 0.249495 0.443116 0.309421 1.301 0.949 6.96411e+252 0 6.93193e-310 5.69658e-321 
 0.717 1.453 0.114961 4.74303e-322 7.69844e+218 1.0027 1.2646 0.9161 0.230832 0.60244 0.439176 1.3 0.95 6.96411e+252 0 6.93193e-310 5.69658e-321 
 0.725 1.464 0.126487 4.74303e-322 7.69844e+218 1.0078 1.2712 0.916 0.232186 0.579355 0.422138 1.299 0.951 6.96411e+252 0 6.93193e-310 5.69658e-321 
 0.766 1.479 0.180849 4.74303e-322 7.69844e+218 0.9876 1.2449 0.9165 0.182792 0.347598 0.329788 1.299 0.951 6.96411e+252 0 6.93193e-310 5.69658e-321 
