 0.323 4.986 -0.210187 0 0 1.65917 3.92567 -1.01647 0 0 0 2.465 2.335 0 0 0 0 
 0.321 4.98 -0.210187 0 0 1.65917 3.92217 -1.01028 1.05497 -0.735255 -0.271875 2.467 2.334 0 0 0 0 
 0.312 4.98 -0.210102 0 0 1.65467 3.92117 -1.00644 1.05791 -0.733824 -0.270654 2.467 2.332 0 0 0 0 
 0.329 4.988 -0.211458 0 0 1.66716 3.92366 -1.02014 1.05691 -0.738101 -0.2724 2.475 2.329 0 0 0 0 
 0.379 4.975 -0.217919 0 0 1.69617 3.91766 -1.03529 1.04466 -0.733903 -0.273946 2.483 2.33 0 0 0 0 
 0.444 4.965 -0.24568 0 0 1.72817 3.91317 -1.06974 1.03226 -0.704765 -0.266595 2.482 2.331 0 0 0 0 
 0.539 4.937 -0.307519 0 0 1.76917 3.91466 -1.09575 1.00987 -0.616704 -0.23958 2.469 2.362 0 0 0 0 
 0.605 4.908 -0.387193 0 0 1.80317 3.90917 -1.10145 1.00267 -0.492448 -0.193985 2.471 2.38 0 0 0 0 
 0.627 4.916 -0.461461 0 0 1.81817 3.91266 -1.12084 1.01351 -0.383067 -0.150049 2.479 2.379 0 0 0 0 
 0.711 4.887 -0.52073 0 0 1.86617 3.89667 -1.15526 0.997074 -0.301251 -0.120271 2.491 2.376 0 0 0 0 
 0.785 4.847 -0.563049 0 0 1.90017 3.87367 -1.19212 0.973523 -0.246633 -0.100992 2.485 2.37 0 0 0 0 
 0.869 4.79 -0.593254 0 0 1.93817 3.84767 -1.21306 0.939484 -0.204719 -0.0869424 2.477 2.375 0 0 0 0 
 0.972 4.746 -0.618668 0 0 1.97566 3.83166 -1.28902 0.895632 -0.188518 -0.0839963 2.449 2.387 0 0 0 0 
 1.063 4.689 -0.640271 0 0 2.04767 3.77767 -1.32844 0.885947 -0.166591 -0.0750736 2.502 2.336 0 0 0 0 
 1.132 4.639 -0.661134 0 0 2.10966 3.73166 -1.33547 0.881835 -0.135941 -0.0615848 2.557 2.294 0 0 0 0 
 1.205 4.589 -0.678998 0 0 2.17417 3.69267 -1.32657 0.873622 -0.105089 -0.0480795 2.613 2.266 0 0 0 0 
 1.275 4.526 -0.694176 0 0 2.22416 3.65517 -1.30641 0.853062 -0.0747579 -0.0350396 2.643 2.254 0 0 0 0 
 1.339 4.462 -0.703796 0 0 2.26517 3.63067 -1.25399 0.824618 -0.0425795 -0.0206512 2.661 2.269 0 0 0 0 
 1.47 4.326 -0.716336 0 0 2.33717 3.58417 -1.15097 0.756299 0.0130163 0.00688409 2.674 2.312 0 0 0 0 
 1.527 4.26 -0.720743 0 0 2.37017 3.55817 -1.09868 0.726894 0.0393856 0.02167 2.683 2.326 0 0 0 0 
 1.581 4.197 -0.722619 0 0 2.39767 3.53417 -1.0539 0.696695 0.0596973 0.0342612 2.684 2.341 0 0 0 0 
 1.647 4.116 -0.723652 0 0 2.43116 3.49617 -1.01013 0.661787 0.0786923 0.0475277 2.685 2.346 0 0 0 0 
 1.702 4.056 -0.72388 0 0 2.46917 3.45517 -0.995591 0.645042 0.0846723 0.0524584 2.706 2.324 0 0 0 0 
 1.771 3.997 -0.722327 0 0 2.51767 3.41066 -0.999747 0.628508 0.07985 0.0507751 2.734 2.294 0 0 0 0 
 1.843 3.934 -0.718853 0 0 2.57267 3.37417 -0.964345 0.60866 0.0897029 0.0588829 2.772 2.284 0 0 0 0 
 1.973 3.803 -0.705401 0 0 2.63717 3.30917 -0.919607 0.547686 0.0880602 0.064226 2.771 2.285 0 0 0 0 
 2.056 3.73 -0.696765 0 0 2.67216 3.28017 -0.895019 0.504827 0.0849941 0.0672436 2.758 2.3 0 0 0 0 
 2.134 3.659 -0.690791 0 0 2.71267 3.24816 -0.859477 0.469428 0.0910387 0.0774191 2.761 2.307 0 0 0 0 
 2.226 3.587 -0.683374 0 0 2.78117 3.21216 -0.800716 0.442658 0.107727 0.0970399 2.806 2.307 0 0 0 0 
 2.359 3.463 -0.66232 0 0 2.85517 3.15617 -0.711516 0.384936 0.120871 0.124947 2.821 2.319 0 0 0 0 
 2.408 3.415 -0.652121 0 0 2.88517 3.13766 -0.656905 0.363599 0.135411 0.14788 2.832 2.33 0 0 0 0 
 2.436 3.413 -0.639538 0 0 2.89867 3.13917 -0.672259 0.354821 0.111556 0.125103 2.831 2.335 0 0 0 0 
 2.431 3.433 -0.626546 0 0 2.90867 3.14517 -0.687942 0.368619 0.0914206 0.0988798 2.856 2.327 0 0 0 0 
 2.427 3.452 -0.615965 0 0 2.90867 3.15466 -0.709851 0.37459 0.0689192 0.0734618 2.86 2.327 0 0 0 0 
 2.418 3.463 -0.607734 0 0 2.91917 3.15167 -0.715756 0.390629 0.0582059 0.0595318 2.89 2.31 0 0 0 0 
 2.425 3.462 -0.601079 0 0 2.93467 3.14667 -0.711963 0.396879 0.0532541 0.0536214 2.914 2.301 0 0 0 0 
 2.442 3.454 -0.595101 0 0 2.96317 3.13467 -0.702994 0.404777 0.0519704 0.0513121 2.954 2.285 0 0 0 0 
 2.457 3.455 -0.58908 0 0 2.98567 3.14067 -0.676213 0.407211 0.0605204 0.0593789 2.984 2.296 0 0 0 0 
 2.472 3.455 -0.58334 0 0 2.99166 3.14466 -0.680009 0.400846 0.0512541 0.0511014 2.981 2.304 0 0 0 0 
 2.502 3.441 -0.576923 0 0 3.00817 3.14266 -0.668691 0.389109 0.0496441 0.0509894 2.984 2.314 0 0 0 0 
 2.529 3.421 -0.570662 0 0 3.03617 3.14267 -0.611463 0.382738 0.0762645 0.0795361 3.013 2.334 0 0 0 0 
 2.559 3.401 -0.564611 0 0 3.05617 3.13117 -0.60317 0.37426 0.0737459 0.0786552 3.023 2.331 0 0 0 0 
 2.636 3.365 -0.54872 0 0 3.12766 3.11067 -0.568973 0.366163 0.0770941 0.08402 3.089 2.326 0 0 0 0 
 2.676 3.351 -0.54132 0 0 3.18217 3.09017 -0.566359 0.376775 0.0719943 0.0762838 3.158 2.299 0 0 0 0 
 2.713 3.33 -0.533776 0 0 3.21617 3.07666 -0.550833 0.372718 0.0735571 0.0787779 3.189 2.293 0 0 0 0 
 2.786 3.279 -0.518835 0 0 3.27317 3.04367 -0.524519 0.357924 0.0733556 0.0817961 3.23 2.278 0 0 0 0 
 2.858 3.25 -0.504382 0 0 3.31317 3.03216 -0.518813 0.333995 0.0592069 0.0707889 3.238 2.284 0 0 0 0 
 2.909 3.224 -0.490696 0 0 3.33967 3.03517 -0.468916 0.310927 0.0755066 0.0968335 3.24 2.316 0 0 0 0 
 2.974 3.194 -0.477023 0 0 3.38567 3.02367 -0.439122 0.294431 0.0796092 0.107734 3.267 2.323 0 0 0 0 
 2.999 3.179 -0.4689 0 0 3.41017 3.01116 -0.432485 0.293561 0.0762977 0.103589 3.291 2.313 0 0 0 0 
 3.06 3.152 -0.452723 0 0 3.49116 2.99116 -0.391346 0.303897 0.0919041 0.120382 3.392 2.3 0 0 0 0 
 3.098 3.136 -0.435296 0 0 3.52217 2.98166 -0.380812 0.298271 0.0818598 0.109341 3.416 2.297 0 0 0 0 
 3.204 3.087 -0.398113 0 0 3.56017 2.98917 -0.281814 0.24311 0.10691 0.174122 3.386 2.361 0 0 0 0 
 3.218 3.074 -0.398678 0 0 3.58166 2.97166 -0.289069 0.248812 0.103975 0.165624 3.415 2.339 0 0 0 0 
 3.224 3.06 -0.396106 0 0 3.60466 2.95417 -0.285419 0.260213 0.107882 0.164341 3.455 2.318 0 0 0 0 
 3.261 3.076 -0.391924 0 0 3.65116 2.96717 -0.286413 0.26691 0.105401 0.156663 3.511 2.328 0 0 0 0 
 3.292 3.069 -0.37713 0 0 3.69767 2.94717 -0.309702 0.279906 0.077493 0.110292 3.573 2.295 0 0 0 0 
 3.328 3.062 -0.361267 0 0 3.72967 2.94967 -0.287201 0.275556 0.0795269 0.114933 3.601 2.307 0 0 0 0 
 3.356 3.056 -0.353605 0 0 3.76916 2.93017 -0.314344 0.285863 0.0533544 0.074519 3.652 2.274 0 0 0 0 
 3.417 3.039 -0.340869 0 0 3.79867 2.92867 -0.29742 0.262932 0.0516026 0.0783426 3.65 2.288 0 0 0 0 
 3.484 3.009 -0.33304 0 0 3.83317 2.91967 -0.261586 0.238198 0.0667219 0.111579 3.652 2.3 0 0 0 0 
 3.501 3.01 -0.329617 0 0 3.82516 2.94167 -0.213982 0.218213 0.0923407 0.167678 3.619 2.343 0 0 0 0 
 3.53 3.004 -0.32202 0 0 3.84316 2.93817 -0.213377 0.210923 0.0847288 0.15932 3.626 2.342 0 0 0 0 
 3.576 3.015 -0.302964 0 0 3.87417 2.93667 -0.26894 0.204133 0.0330452 0.0646618 3.642 2.328 0 0 0 0 
 3.605 2.99 -0.292238 0 0 3.90567 2.91567 -0.252399 0.205052 0.0359136 0.0699432 3.676 2.311 0 0 0 0 
 3.63 2.987 -0.28909 0 0 3.94017 2.91216 -0.246068 0.211219 0.0385779 0.072928 3.72 2.307 0 0 0 0 
 3.684 3.001 -0.276805 0 0 3.99617 2.90817 -0.306479 0.215829 -0.0091801 -0.017012 3.778 2.285 0 0 0 0 
 3.71 2.981 -0.270359 0 0 4.04767 2.88766 -0.283675 0.232179 0.000538318 0.000927418 3.855 2.264 0 0 0 0 
 3.75 2.963 -0.267173 0 0 4.09767 2.86267 -0.296885 0.2398 -0.0111843 -0.0186539 3.915 2.232 0 0 0 0 
 3.762 2.961 -0.26589 0 0 4.12267 2.85067 -0.315836 0.249868 -0.0259118 -0.0414569 3.953 2.21 0 0 0 0 
 3.772 2.962 -0.267394 0 0 4.14167 2.84417 -0.330015 0.256965 -0.035149 -0.0546595 3.981 2.196 0 0 0 0 
 3.832 2.931 -0.267813 0 0 4.17067 2.84267 -0.266913 0.231944 0.0100205 0.0172792 3.979 2.224 0 0 0 0 
 3.872 2.915 -0.267128 0 0 4.19817 2.84917 -0.204632 0.220104 0.0517238 0.0937236 3.994 2.253 0 0 0 0 
 3.92 2.894 -0.265981 0 0 4.24966 2.83567 -0.178823 0.221123 0.0694392 0.124958 4.049 2.247 0 0 0 0 
 3.934 2.87 -0.262121 0 0 4.28266 2.81317 -0.164466 0.233158 0.0800189 0.136426 4.101 2.226 0 0 0 0 
 3.975 2.871 -0.255327 0 0 4.30916 2.82267 -0.145661 0.222621 0.0858853 0.153109 4.113 2.244 0 0 0 0 
 4.094 2.878 -0.240954 0 0 4.37067 2.82917 -0.178369 0.185847 0.044151 0.0947418 4.117 2.25 0 0 0 0 
 4.151 2.878 -0.230249 0 0 4.41317 2.84367 -0.131721 0.174483 0.0634326 0.144406 4.145 2.279 0 0 0 0 
 4.121 2.9 -0.228013 0 0 4.41367 2.85617 -0.150909 0.195607 0.05511 0.112222 4.176 2.282 0 0 0 0 
 4.14 2.883 -0.22322 0 0 4.44416 2.84216 -0.135065 0.202707 0.0641531 0.125923 4.218 2.271 0 0 0 0 
 4.159 2.846 -0.212493 0 0 4.47366 2.80667 -0.125661 0.209487 0.0646183 0.122764 4.258 2.237 0 0 0 0 
 4.201 2.824 -0.205858 0 0 4.50417 2.79367 -0.100396 0.200972 0.0753927 0.148945 4.277 2.233 0 0 0 0 
 4.276 2.779 -0.18313 0 0 4.56767 2.76867 -0.0354494 0.191642 0.101309 0.208385 4.329 2.228 0 0 0 0 
 4.299 2.773 -0.169645 0 0 4.58316 2.76667 -0.0222969 0.186645 0.0989557 0.208977 4.337 2.23 0 0 0 0 
 4.365 2.796 -0.156388 0 0 4.63266 2.79216 -0.0143286 0.175884 0.0909035 0.203863 4.37 2.258 0 0 0 0 
 4.384 2.817 -0.141285 0 0 4.65616 2.82467 0.0281709 0.178242 0.109826 0.241649 4.398 2.302 0 0 0 0 
 4.436 2.783 -0.125011 0 0 4.74517 2.80017 0.0555776 0.202421 0.129555 0.250627 4.524 2.287 0 0 0 0 
 4.464 2.791 -0.119697 0 0 4.78217 2.78766 -0.0104821 0.209828 0.0802509 0.151807 4.57 2.254 0 0 0 0 
 4.509 2.803 -0.115822 0 0 4.80416 2.81167 0.029365 0.193968 0.100507 0.204372 4.569 2.29 0 0 0 0 
 4.509 2.78 -0.0985016 0 0 4.81666 2.80167 0.0705343 0.201974 0.120855 0.234928 4.594 2.293 0 0 0 0 
 4.595 2.768 -0.0758182 0 0 4.87116 2.79866 0.111498 0.181436 0.122744 0.264275 4.617 2.299 0 0 0 0 
 4.637 2.775 -0.0430092 0 0 4.90267 2.79017 0.0571454 0.175601 0.0637685 0.144249 4.638 2.275 0 0 0 0 
 4.668 2.753 -0.0339854 0 0 4.93167 2.77566 0.0861736 0.174312 0.0759525 0.172557 4.665 2.268 0 0 0 0 
 4.742 2.744 -0.0267669 0 0 5.00117 2.75266 0.0334469 0.17159 0.0375942 0.0874138 4.73 2.231 0 0 0 0 
 4.809 2.723 -0.0224557 0 0 5.05767 2.73467 0.0469452 0.164642 0.0418674 0.101369 4.776 2.216 0 0 0 0 
 4.826 2.735 -0.0153955 0 0 5.08767 2.74666 0.0446097 0.173323 0.0377516 0.0869049 4.819 2.228 0 0 0 0 
 4.828 2.737 -0.0114275 0 0 5.08217 2.77817 0.163393 0.168476 0.106498 0.24766 4.806 2.289 0 0 0 0 
 4.839 2.755 -0.00514019 0 0 5.07317 2.81467 0.26046 0.155665 0.148993 0.365639 4.777 2.344 0 0 0 0 
 4.938 2.737 0.0364074 0 0 5.13167 2.81917 0.451697 0.131303 0.188269 0.520738 4.795 2.371 0 0 0 0 
 4.943 2.754 0.0526859 0 0 5.14266 2.82467 0.369475 0.135283 0.150118 0.417737 4.812 2.365 0 0 0 0 
 4.984 2.789 0.0793631 0 0 5.17917 2.82067 0.163686 0.130651 0.0404653 0.12326 4.844 2.322 0 0 0 0 
 4.995 2.808 0.0932768 0 0 5.21116 2.82117 0.0609777 0.143462 -0.0174382 -0.0485826 4.897 2.304 0 0 0 0 
 5.002 2.85 0.0952827 0 0 5.23766 2.82366 -0.112215 0.154252 -0.119279 -0.299976 4.943 2.267 0 0 0 0 
 5.006 2.866 0.0945811 0 0 5.25067 2.83216 -0.139179 0.159897 -0.138423 -0.333358 4.965 2.268 0 0 0 0 
 5.012 2.85 0.0887679 0 0 5.26916 2.81967 -0.118509 0.168491 -0.128083 -0.295188 4.996 2.259 0 0 0 0 
 5.034 2.87 0.0682524 0 0 5.26817 2.84866 -0.0913636 0.154122 -0.0914085 -0.232931 4.972 2.297 0 0 0 0 
 5.073 2.841 0.056129 0 0 5.28016 2.83667 -0.0209283 0.136969 -0.0398481 -0.11585 4.957 2.302 0 0 0 0 
 5.104 2.839 0.0447927 0 0 5.31516 2.83467 -0.0205318 0.139716 -0.0343457 -0.0980152 4.996 2.3 0 0 0 0 
 5.098 2.848 0.0379174 0 0 5.33917 2.80767 -0.168828 0.15915 -0.120652 -0.294427 5.05 2.237 0 0 0 0 
 5.176 2.842 0.00868504 0 0 5.39367 2.81217 -0.137933 0.144267 -0.0786447 -0.214693 5.081 2.252 0 0 0 0 
 5.186 2.855 -0.00092771 0 0 5.42267 2.85867 0.0154874 0.15685 0.00950844 0.0242437 5.129 2.332 0 0 0 0 
 5.177 2.847 -0.00202204 0 0 5.44366 2.83516 -0.0444104 0.176771 -0.0270778 -0.0611958 5.18 2.293 0 0 0 0 
 5.24 2.819 -0.00139241 0 0 5.49217 2.81467 -0.0171927 0.167129 -0.00964743 -0.0230857 5.214 2.28 0 0 0 0 
 5.277 2.827 -0.00221132 0 0 5.51467 2.84066 0.0575604 0.157529 0.034708 0.0879041 5.222 2.324 0 0 0 0 
 5.397 2.801 -0.000624923 0 0 5.57316 2.82667 0.146727 0.116869 0.0657153 0.221238 5.219 2.322 0 0 0 0 
 5.402 2.811 0.00350158 0 0 5.61166 2.78517 -0.123848 0.139026 -0.0662275 -0.18829 5.291 2.229 0 0 0 0 
 5.379 2.844 0.00145216 0 0 5.60517 2.80567 -0.171142 0.150129 -0.0952534 -0.248543 5.301 2.237 0 0 0 0 
 5.389 2.85 -0.000528247 0 0 5.61717 2.82066 -0.129282 0.151384 -0.0718961 -0.187734 5.315 2.261 0 0 0 0 
 5.427 2.835 -0.00452883 0 0 5.64017 2.85217 0.080699 0.141283 0.0450935 0.126982 5.323 2.339 0 0 0 0 
 5.468 2.851 -0.00845812 0 0 5.68517 2.86317 0.056076 0.143889 0.0347325 0.096255 5.372 2.345 0 0 0 0 
 5.499 2.786 -0.00953846 0 0 5.72016 2.80567 0.0891509 0.146534 0.0538608 0.145981 5.411 2.295 0 0 0 0 
 5.498 2.817 -0.00852126 0 0 5.71367 2.84016 0.107827 0.142912 0.0620745 0.172025 5.399 2.333 0 0 0 0 
 5.514 2.804 -0.00809351 0 0 5.71267 2.83917 0.178879 0.131726 0.0923272 0.273344 5.381 2.344 0 0 0 0 
 5.568 2.756 -0.00671542 0 0 5.73966 2.81317 0.345883 0.114161 0.148943 0.480989 5.381 2.34 0 0 0 0 
 5.62 2.71 -0.00678146 0 0 5.76616 2.79067 0.61569 0.0977922 0.211725 0.523599 5.382 2.341 0 0 0 0 
 5.613 2.725 -0.00660059 0 0 5.76217 2.79467 0.50424 0.0995141 0.182988 0.523599 5.381 2.334 0 0 0 0 
 5.568 2.773 -0.00663557 0 0 5.74167 2.79767 0.142989 0.115112 0.0659385 0.225239 5.385 2.292 0 0 0 0 
 5.553 2.77 -0.00682401 0 0 5.74966 2.78716 0.0875028 0.130323 0.0465494 0.141913 5.416 2.274 0 0 0 0 
 5.548 2.763 -0.00690787 0 0 5.73517 2.80017 0.201219 0.12415 0.0973013 0.303793 5.392 2.307 0 0 0 0 
 5.542 2.768 -0.00695293 0 0 5.73267 2.80167 0.178425 0.126436 0.0883318 0.272501 5.393 2.305 0 0 0 0 
 5.537 2.788 -0.00668893 0 0 5.72017 2.82117 0.183071 0.121467 0.0872556 0.279802 5.373 2.324 0 0 0 0 
 5.54 2.768 -0.00732844 0 0 5.72567 2.80517 0.20289 0.123146 0.0975718 0.306916 5.381 2.312 0 0 0 0 
 5.561 2.746 -0.0073568 0 0 5.73817 2.79717 0.297105 0.117686 0.133559 0.426136 5.385 2.318 0 0 0 0 
 5.559 2.76 -0.00719008 0 0 5.75067 2.80067 0.215409 0.127161 0.106037 0.321945 5.412 2.311 0 0 0 0 
 5.545 2.765 -0.00724832 0 0 5.73617 2.80167 0.194185 0.126788 0.0960142 0.294128 5.397 2.308 0 0 0 0 
 5.527 2.756 -0.0071931 0 0 5.71716 2.79717 0.219916 0.126173 0.107378 0.328111 5.377 2.308 0 0 0 0 
 5.534 2.76 -0.00714389 0 0 5.74467 2.78017 0.0960142 0.139607 0.0539868 0.153466 5.425 2.27 0 0 0 0 
 5.521 2.769 -0.00708006 0 0 5.71967 2.80067 0.160753 0.131718 0.0830425 0.247031 5.388 2.302 0 0 0 0 
 5.512 2.781 -0.00707649 0 0 5.70517 2.81916 0.200189 0.128132 0.0996119 0.301488 5.368 2.327 0 0 0 0 
 5.546 2.73 -0.00705813 0 0 5.71567 2.82417 0.620014 0.113729 0.243165 0.523599 5.355 2.388 0 0 0 0 
 5.549 2.863 -0.00698544 0 0 5.71666 2.89367 0.184962 0.111169 0.0816237 0.28566 5.354 2.394 0 0 0 0 
 5.544 2.92 -0.00696747 0 0 5.71567 2.90517 -0.0866344 0.113872 -0.0348837 -0.121929 5.357 2.36 0 0 0 0 
 5.532 2.923 -0.00701661 0 0 5.70666 2.90567 -0.0995743 0.115886 -0.0411177 -0.140983 5.351 2.358 0 0 0 0 
 5.54 2.869 -0.00705365 0 0 5.71366 2.85717 -0.0682536 0.11517 -0.0271017 -0.0938509 5.357 2.315 0 0 0 0 
 5.541 2.806 -0.00704053 0 0 5.71716 2.81867 0.0720175 0.116728 0.0354629 0.12093 5.363 2.301 0 0 0 0 
 5.529 2.788 -0.00700439 0 0 5.71166 2.80817 0.110844 0.121052 0.0544461 0.178006 5.364 2.298 0 0 0 0 
 5.52 2.78 -0.00699925 0 0 5.71217 2.81467 0.182375 0.127437 0.09081 0.277671 5.374 2.319 0 0 0 0 
 5.523 2.773 -0.00694985 0 0 5.71416 2.80667 0.177948 0.126767 0.088309 0.271756 5.375 2.31 0 0 0 0 
 5.517 2.783 -0.00694084 0 0 5.70917 2.80967 0.139659 0.127379 0.070624 0.218244 5.371 2.306 0 0 0 0 
 5.52 2.776 -0.00696539 0 0 5.70917 2.81067 0.185332 0.12545 0.0909245 0.282179 5.368 2.315 0 0 0 0 
 5.528 2.756 -0.00703028 0 0 5.70917 2.80817 0.296172 0.120362 0.135658 0.423547 5.36 2.33 0 0 0 0 
 5.533 2.751 -0.00700782 0 0 5.70967 2.80667 0.325947 0.117438 0.14486 0.458355 5.356 2.332 0 0 0 0 
 5.533 2.755 -0.00698366 0 0 5.71317 2.80117 0.261996 0.119614 0.120504 0.383069 5.363 2.317 0 0 0 0 
 5.54 2.747 -0.00684436 0 0 5.71517 2.79467 0.279037 0.116325 0.124571 0.404709 5.36 2.312 0 0 0 0 
 5.537 2.733 -0.00675285 0 0 5.71667 2.78967 0.326284 0.119451 0.147038 0.457532 5.366 2.316 0 0 0 0 
 5.539 2.742 -0.00676579 0 0 5.71767 2.79417 0.30056 0.118714 0.135719 0.428908 5.366 2.316 0 0 0 0 
 5.543 2.748 -0.00678728 0 0 5.72167 2.79967 0.297513 0.118705 0.134462 0.425425 5.37 2.321 0 0 0 0 
 5.544 2.742 -0.00671465 0 0 5.72317 2.79367 0.296634 0.119039 0.134392 0.424176 5.372 2.315 0 0 0 0 
 5.536 2.757 -0.00671667 0 0 5.71766 2.80167 0.250942 0.120595 0.116486 0.368702 5.369 2.316 0 0 0 0 
 5.536 2.755 -0.00678418 0 0 5.71617 2.80067 0.259033 0.119613 0.119144 0.379155 5.366 2.316 0 0 0 0 
 5.535 2.749 -0.00674791 0 0 5.71617 2.79717 0.272309 0.120311 0.125399 0.395004 5.367 2.315 0 0 0 0 
 5.536 2.759 -0.00674846 0 0 5.71466 2.80467 0.261305 0.11862 0.119222 0.382255 5.363 2.32 0 0 0 0 
 5.532 2.759 -0.00673116 0 0 5.71217 2.80717 0.273895 0.119648 0.125458 0.397136 5.362 2.325 0 0 0 0 
 5.528 2.762 -0.00675833 0 0 5.71166 2.80717 0.25099 0.121926 0.117649 0.368351 5.365 2.322 0 0 0 0 
 5.533 2.764 -0.00670588 0 0 5.71567 2.80366 0.220625 0.121199 0.103758 0.329923 5.368 2.313 0 0 0 0 
 5.53 2.759 -0.00676627 0 0 5.71417 2.79517 0.198937 0.122155 0.0948473 0.301135 5.368 2.301 0 0 0 0 
 5.53 2.755 -0.00677205 0 0 5.71317 2.80017 0.251703 0.121594 0.117686 0.369374 5.366 2.315 0 0 0 0 
 5.534 2.758 -0.00680102 0 0 5.71267 2.80116 0.24641 0.118586 0.1129 0.363862 5.361 2.314 0 0 0 0 
 5.535 2.759 -0.0068855 0 0 5.71416 2.79767 0.21922 0.118864 0.101484 0.329094 5.363 2.306 0 0 0 0 
 5.533 2.757 -0.00686582 0 0 5.71366 2.79767 0.228966 0.11988 0.106473 0.341357 5.364 2.308 0 0 0 0 
 5.539 2.756 -0.00684824 0 0 5.71767 2.79417 0.216922 0.118528 0.100222 0.326143 5.366 2.302 0 0 0 0 
 5.536 2.761 -0.00697394 0 0 5.71967 2.80167 0.225099 0.121866 0.106362 0.335883 5.373 2.312 0 0 0 0 
 5.521 2.781 -0.00701351 0 0 5.71116 2.80416 0.122422 0.126034 0.0618841 0.193936 5.371 2.297 0 0 0 0 
 5.525 2.765 -0.00699368 0 0 5.71517 2.79617 0.165367 0.126083 0.0820652 0.254698 5.375 2.297 0 0 0 0 
 5.526 2.767 -0.00704679 0 0 5.71016 2.80566 0.213088 0.122174 0.101307 0.320265 5.364 2.314 0 0 0 0 
 5.532 2.76 -0.00696533 0 0 5.71317 2.80467 0.251663 0.120257 0.116632 0.370067 5.364 2.319 0 0 0 0 
 5.537 2.751 -0.00702812 0 0 5.71767 2.79716 0.261239 0.119944 0.120493 0.382085 5.368 2.313 0 0 0 0 
 5.535 2.749 -0.00700122 0 0 5.71917 2.79467 0.253166 0.122257 0.118996 0.371274 5.373 2.31 0 0 0 0 
 5.536 2.752 -0.00703197 0 0 5.72016 2.78867 0.20176 0.122154 0.0962375 0.305284 5.374 2.295 0 0 0 0 
 5.548 2.741 -0.00711924 0 0 5.72416 2.78566 0.259117 0.11694 0.117003 0.380692 5.37 2.3 0 0 0 0 
 5.54 2.747 -0.00701257 0 0 5.71917 2.79216 0.257565 0.118937 0.118043 0.37791 5.368 2.307 0 0 0 0 
 5.529 2.762 -0.00692311 0 0 5.71416 2.79067 0.156057 0.122753 0.0758907 0.242432 5.369 2.289 0 0 0 0 
 5.531 2.773 -0.00703477 0 0 5.71417 2.80117 0.154992 0.121422 0.0747419 0.241419 5.367 2.299 0 0 0 0 
 5.527 2.77 -0.00706528 0 0 5.71366 2.79517 0.135637 0.123724 0.0670532 0.21348 5.37 2.29 0 0 0 0 
