 2.302 1.224 -0.019612 9.57005e-321 1.55716e+142 2.60198 1.20179 0.432686 0 0 0 2.558 0.403 -0.0549964 0 9.30237e+242 9.30237e+242 
 2.332 1.203 -0.0196128 9.57005e-321 1.55716e+142 2.61582 1.20186 0.00522844 0.112667 0.0134498 0.0214844 2.601 0.402 -0.0185198 0 9.30237e+242 9.30237e+242 
 2.342 1.226 -0.0192629 9.57005e-321 1.55716e+142 2.62751 1.1939 -0.597635 0.113664 -0.0804277 -0.126685 2.64 0.394 0.0156134 0 9.30237e+242 9.30237e+242 
 2.329 1.22 -0.0198523 9.57005e-321 1.55716e+142 2.64214 1.1929 -0.0681076 0.124563 -0.0609048 -0.0877841 2.684 0.394 0.0523444 0 9.30237e+242 9.30237e+242 
 2.326 1.193 -0.0206681 9.57005e-321 1.55716e+142 2.6367 1.20754 1.9269 0.123259 0.0614226 0.0894586 2.711 0.411 0.0930104 0 9.30237e+242 9.30237e+242 
 2.348 1.194 -0.0211373 9.57005e-321 1.55716e+142 2.62974 1.20604 -2.92971 0.111768 0.0547946 0.0880178 2.735 0.413 0.131961 0 9.30237e+242 9.30237e+242 
 2.365 1.203 -0.0207823 9.57005e-321 1.55716e+142 2.64642 1.20876 0.161444 0.111673 0.0353637 0.0569394 2.774 0.419 0.160157 0 9.30237e+242 9.30237e+242 
 2.369 1.221 -0.0201538 9.57005e-321 1.55716e+142 2.66436 1.22288 0.666717 0.117231 0.0234286 0.0359573 2.814 0.437 0.188153 0 9.30237e+242 9.30237e+242 
 2.386 1.23 -0.0194621 9.57005e-321 1.55716e+142 2.68672 1.23095 0.346426 0.119364 0.0202024 0.0304557 2.851 0.448 0.206825 0 9.30237e+242 9.30237e+242 
 2.388 1.237 -0.0196509 9.57005e-321 1.55716e+142 2.70775 1.23957 0.38887 0.12691 0.0256343 0.0363417 2.883 0.459 0.22085 0 9.30237e+242 9.30237e+242 
 2.38 1.224 -0.0193081 9.57005e-321 1.55716e+142 2.73336 1.23492 -0.179487 0.140214 0.0491233 0.0629789 2.92 0.457 0.235472 0 9.30237e+242 9.30237e+242 
 2.398 1.235 -0.0182786 9.57005e-321 1.55716e+142 2.75598 1.24711 0.493934 0.142052 0.0513037 0.0649178 2.954 0.472 0.25012 0 9.30237e+242 9.30237e+242 
 2.44 1.217 -0.0171232 9.57005e-321 1.55716e+142 2.77037 1.27239 1.05353 0.131206 0.173622 0.233833 2.986 0.502 0.272913 0 9.30237e+242 9.30237e+242 
 2.479 1.257 -0.0119253 9.57005e-321 1.55716e+142 2.77977 1.27675 0.434517 0.119372 0.0692731 0.104079 3.008 0.51 0.289312 0 9.30237e+242 9.30237e+242 
 2.499 1.256 -0.00400504 9.57005e-321 1.55716e+142 2.80952 1.27987 0.104256 0.123318 0.0735521 0.10695 3.044 0.515 0.297466 0 9.30237e+242 9.30237e+242 
 2.511 1.274 0.00106761 9.57005e-321 1.55716e+142 2.85078 1.27708 -0.067352 0.134899 0.00766796 0.0102312 3.091 0.514 0.304979 0 9.30237e+242 9.30237e+242 
 2.493 1.267 0.00561749 9.57005e-321 1.55716e+142 2.87113 1.27598 -0.0542053 0.150146 0.0183524 0.0219979 3.121 0.516 0.317648 0 9.30237e+242 9.30237e+242 
 2.5 1.257 0.00706207 9.57005e-321 1.55716e+142 2.8825 1.2646 -0.786002 0.151877 0.0130323 0.0154442 3.151 0.511 0.342267 0 9.30237e+242 9.30237e+242 
 2.546 1.283 0.00911364 9.57005e-321 1.55716e+142 2.88865 1.27067 0.779114 0.136013 -0.0433967 -0.0573681 3.181 0.526 0.374103 0 9.30237e+242 9.30237e+242 
 2.543 1.265 0.0103474 9.57005e-321 1.55716e+142 2.87746 1.27828 2.54456 0.132841 0.0278692 0.0377449 3.195 0.544 0.408171 0 9.30237e+242 9.30237e+242 
 2.572 1.223 0.0110633 9.57005e-321 1.55716e+142 2.87199 1.28915 2.03664 0.119867 0.185536 0.271722 3.212 0.565 0.438976 0 9.30237e+242 9.30237e+242 
 2.571 1.233 0.016558 9.57005e-321 1.55716e+142 2.89894 1.30939 0.644022 0.131276 0.201494 0.269556 3.253 0.592 0.458465 0 9.30237e+242 9.30237e+242 
 2.571 1.237 0.0344098 9.57005e-321 1.55716e+142 2.93904 1.32545 0.380893 0.147881 0.203302 0.242585 3.299 0.611 0.466704 0 9.30237e+242 9.30237e+242 
 2.611 1.246 0.0540841 9.57005e-321 1.55716e+142 2.97339 1.35359 0.686545 0.146836 0.236228 0.281872 3.337 0.641 0.471828 0 9.30237e+242 9.30237e+242 
 2.599 1.25 0.0752898 9.57005e-321 1.55716e+142 3.00374 1.36772 0.435614 0.164548 0.220324 0.236504 3.371 0.657 0.476951 0 9.30237e+242 9.30237e+242 
 2.618 1.251 0.0981158 9.57005e-321 1.55716e+142 3.01906 1.38223 0.7582 0.164446 0.23132 0.247987 3.393 0.675 0.486373 0 9.30237e+242 9.30237e+242 
 2.613 1.262 0.119388 9.57005e-321 1.55716e+142 3.02649 1.39253 0.946405 0.169836 0.200229 0.20911 3.411 0.691 0.501383 0 9.30237e+242 9.30237e+242 
 2.629 1.286 0.142857 9.57005e-321 1.55716e+142 3.04174 1.39723 0.29872 0.168756 0.128781 0.136507 3.434 0.7 0.512465 0 9.30237e+242 9.30237e+242 
 2.646 1.271 0.160913 9.57005e-321 1.55716e+142 3.074 1.4094 0.360631 0.177002 0.165731 0.166969 3.473 0.716 0.522151 0 9.30237e+242 9.30237e+242 
 2.661 1.252 0.173532 9.57005e-321 1.55716e+142 3.09843 1.4274 0.634937 0.184019 0.230485 0.221744 3.506 0.739 0.534555 0 9.30237e+242 9.30237e+242 
 2.682 1.246 0.192125 9.57005e-321 1.55716e+142 3.11252 1.43734 0.614956 0.183388 0.250562 0.241147 3.535 0.758 0.556366 0 9.30237e+242 9.30237e+242 
 2.722 1.231 0.216292 9.57005e-321 1.55716e+142 3.12301 1.45205 0.951024 0.176038 0.314264 0.310916 3.557 0.78 0.573391 0 9.30237e+242 9.30237e+242 
 2.704 1.232 0.243497 9.57005e-321 1.55716e+142 3.11983 1.4757 1.70462 0.185366 0.319316 0.300671 3.565 0.811 0.590123 0 9.30237e+242 9.30237e+242 
 2.747 1.233 0.275676 9.57005e-321 1.55716e+142 3.13997 1.48937 0.596257 0.179775 0.333313 0.322107 3.593 0.83 0.601994 0 9.30237e+242 9.30237e+242 
 2.741 1.265 0.308538 9.57005e-321 1.55716e+142 3.1618 1.51587 0.881799 0.190617 0.257391 0.238431 3.617 0.858 0.605289 0 9.30237e+242 9.30237e+242 
 2.78 1.248 0.341523 9.57005e-321 1.55716e+142 3.18549 1.53366 0.643982 0.191382 0.30654 0.280696 3.641 0.876 0.605757 0 9.30237e+242 9.30237e+242 
 2.811 1.247 0.36714 9.57005e-321 1.55716e+142 3.22133 1.54615 0.335519 0.196329 0.298447 0.267087 3.679 0.89 0.609051 0 9.30237e+242 9.30237e+242 
 2.82 1.293 0.39847 9.57005e-321 1.55716e+142 3.25189 1.56815 0.623806 0.201113 0.192898 0.170962 3.711 0.913 0.611242 0 9.30237e+242 9.30237e+242 
 2.845 1.294 0.425054 9.57005e-321 1.55716e+142 3.27165 1.60301 1.05527 0.20593 0.23242 0.200427 3.738 0.953 0.622344 0 9.30237e+242 9.30237e+242 
 2.86 1.293 0.444299 9.57005e-321 1.55716e+142 3.27714 1.61536 1.15199 0.205692 0.245994 0.212033 3.758 0.976 0.644843 0 9.30237e+242 9.30237e+242 
 2.887 1.296 0.468231 9.57005e-321 1.55716e+142 3.29005 1.62473 0.628033 0.202851 0.247624 0.216293 3.777 0.99 0.654399 0 9.30237e+242 9.30237e+242 
 2.898 1.329 0.49313 9.57005e-321 1.55716e+142 3.30055 1.62233 -0.225347 0.196343 0.154828 0.140999 3.797 0.995 0.669461 0 9.30237e+242 9.30237e+242 
 2.911 1.289 0.515595 9.57005e-321 1.55716e+142 3.31825 1.62985 0.402082 0.208226 0.209472 0.179136 3.824 1.01 0.684373 0 9.30237e+242 9.30237e+242 
 2.934 1.318 0.530734 9.57005e-321 1.55716e+142 3.32581 1.63879 0.868329 0.199201 0.176958 0.158559 3.846 1.031 0.707889 0 9.30237e+242 9.30237e+242 
 2.929 1.332 0.551861 9.57005e-321 1.55716e+142 3.34395 1.63375 -0.271031 0.203238 0.0881098 0.0778777 3.879 1.039 0.732603 0 9.30237e+242 9.30237e+242 
 2.978 1.325 0.565568 9.57005e-321 1.55716e+142 3.35527 1.64315 0.693118 0.194572 0.152584 0.140231 3.904 1.061 0.755851 0 9.30237e+242 9.30237e+242 
 2.983 1.342 0.574855 9.57005e-321 1.55716e+142 3.34588 1.64224 -3.04502 0.186018 0.129384 0.12455 3.914 1.079 0.789711 0 9.30237e+242 9.30237e+242 
 2.995 1.374 0.589791 9.57005e-321 1.55716e+142 3.34052 1.64209 -3.11439 0.173296 0.0757695 0.078539 3.927 1.098 0.822872 0 9.30237e+242 9.30237e+242 
 2.991 1.396 0.600466 9.57005e-321 1.55716e+142 3.34568 1.64965 0.971355 0.173089 0.0219891 0.0228631 3.947 1.122 0.850555 0 9.30237e+242 9.30237e+242 
 3.016 1.433 0.605992 9.57005e-321 1.55716e+142 3.34795 1.66778 1.4464 0.161413 0.0100576 0.0112153 3.962 1.155 0.875031 0 9.30237e+242 9.30237e+242 
 3.016 1.443 0.608785 9.57005e-321 1.55716e+142 3.36277 1.68959 0.973777 0.168925 0.00998831 0.0106428 3.986 1.188 0.893124 0 9.30237e+242 9.30237e+242 
 3.06 1.418 0.610837 9.57005e-321 1.55716e+142 3.37297 1.70202 0.8837 0.166755 0.134219 0.143878 4.003 1.209 0.906799 0 9.30237e+242 9.30237e+242 
 3.067 1.431 0.614692 9.57005e-321 1.55716e+142 3.38405 1.71835 0.974934 0.168904 0.130143 0.137813 4.02 1.233 0.91891 0 9.30237e+242 9.30237e+242 
 3.077 1.442 0.627355 9.57005e-321 1.55716e+142 3.3983 1.73672 0.911081 0.172213 0.123984 0.128872 4.04 1.259 0.93085 0 9.30237e+242 9.30237e+242 
 3.079 1.432 0.639583 9.57005e-321 1.55716e+142 3.4007 1.75173 1.41222 0.178658 0.156354 0.156244 4.049 1.283 0.944798 0 9.30237e+242 9.30237e+242 
 3.109 1.444 0.653341 9.57005e-321 1.55716e+142 3.4023 1.78132 1.5167 0.174686 0.219304 0.222243 4.058 1.323 0.960757 0 9.30237e+242 9.30237e+242 
 3.147 1.48 0.668506 9.57005e-321 1.55716e+142 3.41247 1.81086 1.23934 0.165077 0.240278 0.25624 4.074 1.361 0.973605 0 9.30237e+242 9.30237e+242 
 3.155 1.476 0.692036 9.57005e-321 1.55716e+142 3.43975 1.83984 0.815533 0.180188 0.2363 0.231809 4.104 1.394 0.979668 0 9.30237e+242 9.30237e+242 
 3.167 1.478 0.719114 9.57005e-321 1.55716e+142 3.46736 1.86775 0.790982 0.192525 0.219866 0.202738 4.133 1.424 0.982803 0 9.30237e+242 9.30237e+242 
 3.162 1.505 0.742426 9.57005e-321 1.55716e+142 3.49267 1.8871 0.652653 0.19961 0.131071 0.117649 4.164 1.452 0.995742 0 9.30237e+242 9.30237e+242 
 3.21 1.557 0.762505 9.57005e-321 1.55716e+142 3.51719 1.92234 0.962832 0.18864 0.121971 0.115863 4.196 1.499 1.01317 0 9.30237e+242 9.30237e+242 
 3.23 1.541 0.774814 9.57005e-321 1.55716e+142 3.52121 1.9302 1.09821 0.191246 0.172609 0.161051 4.211 1.525 1.03968 0 9.30237e+242 9.30237e+242 
 3.232 1.557 0.787702 9.57005e-321 1.55716e+142 3.52558 1.93353 0.651544 0.188497 0.13505 0.128254 4.226 1.547 1.06653 0 9.30237e+242 9.30237e+242 
 3.238 1.573 0.804925 9.57005e-321 1.55716e+142 3.52784 1.92645 -1.26179 0.181034 0.0869525 0.0862411 4.24 1.562 1.09779 0 9.30237e+242 9.30237e+242 
 3.242 1.58 0.815628 9.57005e-321 1.55716e+142 3.53308 1.93361 0.939049 0.181523 0.0731883 0.0724471 4.256 1.591 1.12823 0 9.30237e+242 9.30237e+242 
 3.259 1.57 0.824553 9.57005e-321 1.55716e+142 3.52694 1.95606 1.83748 0.185179 0.154923 0.149467 4.261 1.638 1.16193 0 9.30237e+242 9.30237e+242 
 3.258 1.595 0.832689 9.57005e-321 1.55716e+142 3.53119 1.96703 1.20186 0.182474 0.115588 0.113531 4.274 1.67 1.1904 0 9.30237e+242 9.30237e+242 
 3.285 1.631 0.849499 9.57005e-321 1.55716e+142 3.52724 2.00335 1.67902 0.174939 0.15699 0.160149 4.275 1.719 1.20741 0 9.30237e+242 9.30237e+242 
 3.299 1.631 0.860367 9.57005e-321 1.55716e+142 3.54111 2.02625 1.0261 0.182194 0.177553 0.173649 4.293 1.753 1.22222 0 9.30237e+242 9.30237e+242 
 3.324 1.643 0.877181 9.57005e-321 1.55716e+142 3.54667 2.05544 1.38258 0.183276 0.219862 0.212666 4.301 1.789 1.23126 0 9.30237e+242 9.30237e+242 
 3.322 1.632 0.896298 9.57005e-321 1.55716e+142 3.55163 2.07167 1.27422 0.194137 0.218312 0.199717 4.309 1.814 1.24286 0 9.30237e+242 9.30237e+242 
 3.331 1.647 0.916092 9.57005e-321 1.55716e+142 3.57259 2.08946 0.703737 0.198317 0.176251 0.158628 4.334 1.844 1.25895 0 9.30237e+242 9.30237e+242 
 3.32 1.666 0.939126 9.57005e-321 1.55716e+142 3.5791 2.11337 1.30483 0.204365 0.122537 0.107512 4.344 1.879 1.27347 0 9.30237e+242 9.30237e+242 
 3.308 1.709 0.954793 9.57005e-321 1.55716e+142 3.57841 2.1359 1.60167 0.200424 0.058614 0.0525926 4.349 1.921 1.29882 0 9.30237e+242 9.30237e+242 
 3.331 1.737 0.964718 9.57005e-321 1.55716e+142 3.58653 2.1486 1.00137 0.192154 0.0567702 0.0531293 4.362 1.952 1.3225 0 9.30237e+242 9.30237e+242 
 3.317 1.758 0.970103 9.57005e-321 1.55716e+142 3.61201 2.15616 0.288321 0.196634 -0.0419246 -0.0383591 4.391 1.974 1.34108 0 9.30237e+242 9.30237e+242 
 3.341 1.762 0.974003 9.57005e-321 1.55716e+142 3.62451 2.16862 0.783671 0.196786 -0.0137025 -0.012533 4.405 1.993 1.34947 0 9.30237e+242 9.30237e+242 
 3.344 1.781 0.973359 9.57005e-321 1.55716e+142 3.61882 2.18904 1.8425 0.195311 0.00531435 0.00489771 4.407 2.052 1.39865 0 9.30237e+242 9.30237e+242 
 3.343 1.797 0.974346 9.57005e-321 1.55716e+142 3.61738 2.20645 1.65329 0.195678 0.00684835 0.00629957 4.41 2.098 1.43482 0 9.30237e+242 9.30237e+242 
 3.362 1.808 0.975242 9.57005e-321 1.55716e+142 3.60554 2.21413 2.56641 0.187785 0.0617583 0.059129 4.401 2.129 1.46419 0 9.30237e+242 9.30237e+242 
 3.369 1.821 0.976816 9.57005e-321 1.55716e+142 3.60064 2.20197 -1.95399 0.17686 0.0519581 0.0528315 4.398 2.137 1.48949 0 9.30237e+242 9.30237e+242 
 3.394 1.847 0.981088 9.57005e-321 1.55716e+142 3.599 2.2485 1.60615 0.178021 0.128616 0.12932 4.397 2.192 1.50012 0 9.30237e+242 9.30237e+242 
 3.412 1.853 0.986442 9.57005e-321 1.55716e+142 3.60245 2.30021 1.50405 0.19055 0.204033 0.190401 4.401 2.252 1.51049 0 9.30237e+242 9.30237e+242 
 3.426 1.845 0.999624 9.57005e-321 1.55716e+142 3.59906 2.32119 1.73113 0.197375 0.253037 0.226792 4.398 2.28 1.51928 0 9.30237e+242 9.30237e+242 
 3.433 1.866 1.02184 9.57005e-321 1.55716e+142 3.59476 2.35584 1.69435 0.200702 0.262899 0.231553 4.394 2.321 1.52724 0 9.30237e+242 9.30237e+242 
 3.416 1.899 1.05093 9.57005e-321 1.55716e+142 3.58448 2.40263 1.78706 0.207751 0.227553 0.19466 4.384 2.375 1.53625 0 9.30237e+242 9.30237e+242 
 3.418 1.887 1.07435 9.57005e-321 1.55716e+142 3.5863 2.42388 1.48524 0.220264 0.226217 0.182801 4.386 2.402 1.54344 0 9.30237e+242 9.30237e+242 
 3.409 1.938 1.0967 9.57005e-321 1.55716e+142 3.57918 2.44687 1.87122 0.211184 0.175607 0.148573 4.379 2.43 1.54971 0 9.30237e+242 9.30237e+242 
 3.429 1.923 1.11863 9.57005e-321 1.55716e+142 3.58505 2.48523 1.41881 0.228798 0.215072 0.167614 4.385 2.476 1.55926 0 9.30237e+242 9.30237e+242 
 3.444 1.928 1.1384 9.57005e-321 1.55716e+142 3.58501 2.51562 1.57211 0.23645 0.235188 0.177163 4.385 2.511 1.56502 0 9.30237e+242 9.30237e+242 
 3.433 1.944 1.16065 9.57005e-321 1.55716e+142 3.56602 2.54101 2.21318 0.239535 0.228745 0.170228 4.366 2.546 1.57703 0 9.30237e+242 9.30237e+242 
 3.475 1.978 1.18226 9.57005e-321 1.55716e+142 3.55713 2.56433 1.93467 0.229599 0.295814 0.227883 4.357 2.579 1.58913 0 9.30237e+242 9.30237e+242 
 3.482 1.978 1.20943 9.57005e-321 1.55716e+142 3.57525 2.57397 0.488614 0.235689 0.246087 0.185774 4.375 2.594 1.59584 0 9.30237e+242 9.30237e+242 
 3.491 2.043 1.23878 9.57005e-321 1.55716e+142 3.58135 2.59845 1.32676 0.220972 0.200668 0.162028 4.381 2.622 1.60024 0 9.30237e+242 9.30237e+242 
 3.511 2.07 1.26224 9.57005e-321 1.55716e+142 3.58191 2.61283 1.53157 0.214731 0.208293 0.17286 4.381 2.651 1.61853 0 9.30237e+242 9.30237e+242 
 3.529 2.091 1.28238 9.57005e-321 1.55716e+142 3.5718 2.62536 2.24991 0.209338 0.241343 0.204615 4.37 2.679 1.6379 0 9.30237e+242 9.30237e+242 
 3.518 2.081 1.30412 9.57005e-321 1.55716e+142 3.55653 2.64691 2.18712 0.22186 0.233725 0.187401 4.353 2.722 1.6648 0 9.30237e+242 9.30237e+242 
 3.523 2.112 1.32813 9.57005e-321 1.55716e+142 3.53391 2.67847 2.19264 0.220728 0.262457 0.210848 4.329 2.767 1.68169 0 9.30237e+242 9.30237e+242 
 3.527 2.14 1.34968 9.57005e-321 1.55716e+142 3.51264 2.71814 2.0629 0.224406 0.290161 0.228672 4.307 2.813 1.68965 0 9.30237e+242 9.30237e+242 
 3.536 2.14 1.37636 9.57005e-321 1.55716e+142 3.49891 2.74696 2.01563 0.23555 0.304816 0.22885 4.293 2.844 1.6924 0 9.30237e+242 9.30237e+242 
 3.53 2.163 1.4097 9.57005e-321 1.55716e+142 3.48596 2.78251 1.91999 0.241634 0.278455 0.204528 4.28 2.88 1.69296 0 9.30237e+242 9.30237e+242 
 3.522 2.205 1.43758 9.57005e-321 1.55716e+142 3.48195 2.81658 1.68792 0.23975 0.237977 0.176803 4.276 2.914 1.69287 0 9.30237e+242 9.30237e+242 
 3.509 2.222 1.46448 9.57005e-321 1.55716e+142 3.48325 2.86016 1.54097 0.251539 0.177511 0.126349 4.277 2.96 1.69592 0 9.30237e+242 9.30237e+242 
 3.539 2.253 1.48793 9.57005e-321 1.55716e+142 3.48351 2.90811 1.56536 0.258308 0.20354 0.140896 4.277 3.01 1.6985 0 9.30237e+242 9.30237e+242 
 3.567 2.306 1.50554 9.57005e-321 1.55716e+142 3.49209 2.93954 1.30448 0.250125 0.221157 0.15783 4.284 3.053 1.71311 0 9.30237e+242 9.30237e+242 
 3.571 2.308 1.52632 9.57005e-321 1.55716e+142 3.48244 2.96349 1.95376 0.259494 0.217556 0.149779 4.27 3.104 1.74734 0 9.30237e+242 9.30237e+242 
 3.563 2.288 1.54869 9.57005e-321 1.55716e+142 3.46003 2.97056 2.83635 0.271057 0.210598 0.13895 4.241 3.144 1.78934 0 9.30237e+242 9.30237e+242 
 3.535 2.335 1.57001 9.57005e-321 1.55716e+142 3.45864 2.96328 -1.75945 0.249884 0.147202 0.10564 4.232 3.168 1.82958 0 9.30237e+242 9.30237e+242 
 3.545 2.363 1.5901 9.57005e-321 1.55716e+142 3.47374 2.98512 0.965909 0.247773 0.114383 0.0829054 4.24 3.215 1.86226 0 9.30237e+242 9.30237e+242 
 3.523 2.41 1.60385 9.57005e-321 1.55716e+142 3.47657 2.98149 -0.909644 0.227437 0.0568418 0.0449558 4.236 3.233 1.89061 0 9.30237e+242 9.30237e+242 
 3.558 2.439 1.61434 9.57005e-321 1.55716e+142 3.48288 2.96026 -1.28178 0.2083 0.115037 0.0990825 4.232 3.241 1.92936 0 9.30237e+242 9.30237e+242 
 3.546 2.47 1.62051 9.57005e-321 1.55716e+142 3.47172 2.95449 -2.66483 0.19382 0.115555 0.106906 4.209 3.265 1.9694 0 9.30237e+242 9.30237e+242 
 3.548 2.488 1.63224 9.57005e-321 1.55716e+142 3.45844 2.95817 2.87146 0.188854 0.141774 0.134314 4.185 3.293 2.00263 0 9.30237e+242 9.30237e+242 
 3.544 2.492 1.64438 9.57005e-321 1.55716e+142 3.45631 2.95659 -2.50121 0.186787 0.125787 0.120627 4.175 3.308 2.02558 0 9.30237e+242 9.30237e+242 
 3.556 2.522 1.65832 9.57005e-321 1.55716e+142 3.43913 3.0009 1.9407 0.193993 0.171439 0.157751 4.153 3.362 2.0391 0 9.30237e+242 9.30237e+242 
 3.555 2.562 1.67123 9.57005e-321 1.55716e+142 3.43647 3.02444 1.68319 0.18789 0.167998 0.159575 4.146 3.394 2.05099 0 9.30237e+242 9.30237e+242 
 3.565 2.566 1.68873 9.57005e-321 1.55716e+142 3.41054 3.04287 2.52375 0.196125 0.221468 0.200527 4.115 3.422 2.06453 0 9.30237e+242 9.30237e+242 
 3.538 2.587 1.70637 9.57005e-321 1.55716e+142 3.3954 3.05339 2.5343 0.191709 0.181241 0.168558 4.093 3.445 2.08233 0 9.30237e+242 9.30237e+242 
 3.545 2.588 1.72808 9.57005e-321 1.55716e+142 3.38333 3.0673 2.28561 0.198672 0.191302 0.171618 4.074 3.471 2.09974 0 9.30237e+242 9.30237e+242 
 3.523 2.63 1.74563 9.57005e-321 1.55716e+142 3.36358 3.10112 2.0994 0.195737 0.171553 0.15647 4.05 3.512 2.11017 0 9.30237e+242 9.30237e+242 
 3.506 2.661 1.76421 9.57005e-321 1.55716e+142 3.35505 3.11774 2.04488 0.189823 0.140911 0.132832 4.037 3.536 2.12096 0 9.30237e+242 9.30237e+242 
 3.492 2.659 1.78031 9.57005e-321 1.55716e+142 3.35544 3.13567 1.54926 0.196494 0.0787729 0.0720358 4.033 3.561 2.13136 0 9.30237e+242 9.30237e+242 
 3.503 2.663 1.79384 9.57005e-321 1.55716e+142 3.35236 3.13978 2.21385 0.19799 0.0943079 0.0855294 4.021 3.579 2.152 0 9.30237e+242 9.30237e+242 
 3.501 2.674 1.80152 9.57005e-321 1.55716e+142 3.33811 3.13828 -3.03672 0.194493 0.120538 0.111097 3.997 3.592 2.17384 0 9.30237e+242 9.30237e+242 
 3.525 2.706 1.81194 9.57005e-321 1.55716e+142 3.31929 3.13384 -2.90974 0.185385 0.230248 0.219943 3.968 3.602 2.19593 0 9.30237e+242 9.30237e+242 
 3.539 2.735 1.82659 9.57005e-321 1.55716e+142 3.30979 3.15096 2.07737 0.184134 0.275204 0.262803 3.952 3.628 2.20968 0 9.30237e+242 9.30237e+242 
 3.502 2.745 1.85169 9.57005e-321 1.55716e+142 3.2913 3.18128 2.1185 0.190256 0.189616 0.177507 3.933 3.659 2.21074 0 9.30237e+242 9.30237e+242 
 3.506 2.781 1.87899 9.57005e-321 1.55716e+142 3.26841 3.20713 2.2955 0.190737 0.225153 0.209366 3.91 3.685 2.21097 0 9.30237e+242 9.30237e+242 
 3.498 2.82 1.89737 9.57005e-321 1.55716e+142 3.24487 3.21384 2.86383 0.181617 0.270276 0.261725 3.884 3.695 2.21611 0 9.30237e+242 9.30237e+242 
 3.509 2.852 1.92151 9.57005e-321 1.55716e+142 3.23211 3.23257 2.16893 0.181324 0.307501 0.296272 3.868 3.718 2.22281 0 9.30237e+242 9.30237e+242 
 3.482 2.877 1.9506 9.57005e-321 1.55716e+142 3.21728 3.24515 2.43787 0.175925 0.265836 0.265569 3.849 3.736 2.23135 0 9.30237e+242 9.30237e+242 
 3.498 2.887 1.98113 9.57005e-321 1.55716e+142 3.21786 3.2578 1.52515 0.180549 0.260829 0.254402 3.843 3.757 2.24464 0 9.30237e+242 9.30237e+242 
 3.483 2.924 2.00771 9.57005e-321 1.55716e+142 3.18813 3.26327 2.95961 0.173142 0.302462 0.304653 3.808 3.769 2.25513 0 9.30237e+242 9.30237e+242 
 3.472 2.909 2.03498 9.57005e-321 1.55716e+142 3.17064 3.27639 2.49791 0.185078 0.247696 0.236396 3.784 3.79 2.26791 0 9.30237e+242 9.30237e+242 
 3.461 2.929 2.06489 9.57005e-321 1.55716e+142 3.14933 3.31321 2.09567 0.193789 0.211687 0.194148 3.76 3.83 2.27312 0 9.30237e+242 9.30237e+242 
 3.459 2.957 2.08845 9.57005e-321 1.55716e+142 3.13227 3.34258 2.09683 0.198034 0.210788 0.189299 3.739 3.864 2.28072 0 9.30237e+242 9.30237e+242 
 3.456 2.966 2.10903 9.57005e-321 1.55716e+142 3.12309 3.36175 2.01756 0.2033 0.184807 0.162189 3.723 3.891 2.29369 0 9.30237e+242 9.30237e+242 
 3.423 2.994 2.12972 9.57005e-321 1.55716e+142 3.12493 3.36946 1.33623 0.189413 0.125438 0.118644 3.711 3.914 2.31947 0 9.30237e+242 9.30237e+242 
 3.418 3.01 2.14726 9.57005e-321 1.55716e+142 3.12285 3.36981 2.97477 0.183896 0.122361 0.1192 3.693 3.931 2.34827 0 9.30237e+242 9.30237e+242 
 3.427 3.043 2.15868 9.57005e-321 1.55716e+142 3.12435 3.38167 1.445 0.178935 0.154981 0.154658 3.675 3.962 2.38243 0 9.30237e+242 9.30237e+242 
 3.421 3.032 2.17182 9.57005e-321 1.55716e+142 3.11024 3.3889 2.66826 0.186921 0.128532 0.123146 3.646 3.983 2.40779 0 9.30237e+242 9.30237e+242 
 3.403 3.05 2.18646 9.57005e-321 1.55716e+142 3.10528 3.40011 1.98699 0.181902 0.0981405 0.0968109 3.623 4.01 2.43776 0 9.30237e+242 9.30237e+242 
 3.388 3.109 2.19882 9.57005e-321 1.55716e+142 3.08948 3.39573 -2.87114 0.162317 0.186967 0.204439 3.586 4.023 2.47203 0 9.30237e+242 9.30237e+242 
 3.347 3.073 2.21008 9.57005e-321 1.55716e+142 3.0758 3.39665 3.07403 0.16742 0.0619525 0.0665094 3.554 4.038 2.5009 0 9.30237e+242 9.30237e+242 
 3.336 3.083 2.2294 9.57005e-321 1.55716e+142 3.05813 3.4105 2.4768 0.170382 0.0482763 0.0509574 3.521 4.063 2.5246 0 9.30237e+242 9.30237e+242 
 3.355 3.108 2.2343 9.57005e-321 1.55716e+142 3.04634 3.42701 2.19104 0.175475 0.114565 0.116982 3.497 4.088 2.54319 0 9.30237e+242 9.30237e+242 
 3.334 3.141 2.2399 9.57005e-321 1.55716e+142 3.03045 3.44891 2.19835 0.170869 0.117357 0.123004 3.469 4.118 2.5614 0 9.30237e+242 9.30237e+242 
 3.333 3.166 2.25253 9.57005e-321 1.55716e+142 3.01909 3.45754 2.49191 0.168783 0.150462 0.159105 3.443 4.136 2.58313 0 9.30237e+242 9.30237e+242 
 3.288 3.149 2.26427 9.57005e-321 1.55716e+142 3.01752 3.45137 -1.82107 0.160984 0.0380069 0.0424708 3.423 4.141 2.61006 0 9.30237e+242 9.30237e+242 
 3.311 3.207 2.27952 9.57005e-321 1.55716e+142 2.9997 3.451 -3.12073 0.154644 0.203391 0.232461 3.387 4.151 2.63622 0 9.30237e+242 9.30237e+242 
 3.301 3.195 2.28634 9.57005e-321 1.55716e+142 2.99438 3.45655 2.33486 0.158619 0.155204 0.174337 3.366 4.165 2.65849 0 9.30237e+242 9.30237e+242 
 3.294 3.208 2.3074 9.57005e-321 1.55716e+142 2.97733 3.47492 2.31912 0.163279 0.141188 0.154408 3.338 4.189 2.67389 0 9.30237e+242 9.30237e+242 
 3.286 3.181 2.32192 9.57005e-321 1.55716e+142 2.95553 3.48486 2.71383 0.177833 0.0832501 0.0840659 3.306 4.204 2.68812 0 9.30237e+242 9.30237e+242 
 3.254 3.194 2.33525 9.57005e-321 1.55716e+142 2.94055 3.50165 2.29893 0.174308 0.0328012 0.0338594 3.278 4.227 2.70615 0 9.30237e+242 9.30237e+242 
 3.23 3.228 2.34197 9.57005e-321 1.55716e+142 2.92852 3.51376 2.35301 0.164806 0.0433591 0.0473212 3.253 4.245 2.72396 0 9.30237e+242 9.30237e+242 
 3.25 3.258 2.34556 9.57005e-321 1.55716e+142 2.90105 3.51182 -3.07103 0.16946 0.179325 0.188224 3.207 4.251 2.74915 0 9.30237e+242 9.30237e+242 
 3.212 3.27 2.35389 9.57005e-321 1.55716e+142 2.87805 3.52001 2.79949 0.164267 0.153477 0.166618 3.167 4.266 2.77205 0 9.30237e+242 9.30237e+242 
 3.22 3.279 2.37226 9.57005e-321 1.55716e+142 2.85269 3.51387 -2.90397 0.170407 0.215687 0.224006 3.128 4.265 2.79027 0 9.30237e+242 9.30237e+242 
 3.218 3.297 2.38898 9.57005e-321 1.55716e+142 2.8297 3.50127 -2.64025 0.169358 0.288642 0.297665 3.095 4.256 2.80357 0 9.30237e+242 9.30237e+242 
 3.186 3.295 2.41306 9.57005e-321 1.55716e+142 2.80884 3.51783 2.47075 0.17137 0.210188 0.217287 3.07 4.274 2.80905 0 9.30237e+242 9.30237e+242 
 3.171 3.287 2.44154 9.57005e-321 1.55716e+142 2.76891 3.54681 2.51387 0.1889 0.14136 0.133894 3.03 4.303 2.80914 0 9.30237e+242 9.30237e+242 
 3.166 3.304 2.46065 9.57005e-321 1.55716e+142 2.74318 3.55468 2.84445 0.193573 0.164472 0.151764 3.001 4.312 2.81346 0 9.30237e+242 9.30237e+242 
 3.136 3.319 2.47396 9.57005e-321 1.55716e+142 2.71918 3.56534 2.72385 0.190909 0.150286 0.140761 2.97 4.325 2.82269 0 9.30237e+242 9.30237e+242 
 3.143 3.33 2.49066 9.57005e-321 1.55716e+142 2.69031 3.58313 2.5893 0.20436 0.162041 0.141768 2.928 4.347 2.83993 0 9.30237e+242 9.30237e+242 
 3.139 3.333 2.5056 9.57005e-321 1.55716e+142 2.67841 3.59401 2.40058 0.209029 0.139256 0.119347 2.899 4.363 2.86224 0 9.30237e+242 9.30237e+242 
 3.148 3.376 2.52141 9.57005e-321 1.55716e+142 2.65951 3.58627 -2.75287 0.207504 0.246739 0.210854 2.859 4.361 2.88957 0 9.30237e+242 9.30237e+242 
 3.122 3.378 2.5358 9.57005e-321 1.55716e+142 2.6475 3.57271 -2.29564 0.200016 0.247033 0.218754 2.824 4.353 2.91914 0 9.30237e+242 9.30237e+242 
 3.08 3.365 2.56164 9.57005e-321 1.55716e+142 2.62376 3.56262 -2.73988 0.195198 0.193765 0.176813 2.786 4.346 2.93737 0 9.30237e+242 9.30237e+242 
 3.073 3.38 2.58502 9.57005e-321 1.55716e+142 2.61177 3.55162 -2.39876 0.192396 0.225747 0.208143 2.764 4.337 2.95014 0 9.30237e+242 9.30237e+242 
 3.079 3.414 2.60435 9.57005e-321 1.55716e+142 2.5772 3.54954 -3.08144 0.200533 0.312654 0.273602 2.729 4.335 2.95068 0 9.30237e+242 9.30237e+242 
 3.058 3.423 2.62929 9.57005e-321 1.55716e+142 2.5418 3.55661 2.94427 0.206338 0.298697 0.254901 2.694 4.342 2.95018 0 9.30237e+242 9.30237e+242 
 3.029 3.425 2.66111 9.57005e-321 1.55716e+142 2.51479 3.567 2.77433 0.208234 0.243912 0.207797 2.669 4.352 2.94761 0 9.30237e+242 9.30237e+242 
 3.01 3.437 2.69008 9.57005e-321 1.55716e+142 2.48429 3.5781 2.79259 0.213186 0.220253 0.183867 2.639 4.363 2.94698 0 9.30237e+242 9.30237e+242 
 2.987 3.445 2.71425 9.57005e-321 1.55716e+142 2.44721 3.58412 2.98075 0.218759 0.205202 0.167267 2.602 4.369 2.94687 0 9.30237e+242 9.30237e+242 
 2.924 3.456 2.73566 9.57005e-321 1.55716e+142 2.42006 3.58337 -3.11396 0.204404 0.181934 0.158863 2.571 4.369 2.95178 0 9.30237e+242 9.30237e+242 
 2.907 3.49 2.75583 9.57005e-321 1.55716e+142 2.38973 3.58786 2.99457 0.205885 0.228951 0.197555 2.538 4.374 2.95518 0 9.30237e+242 9.30237e+242 
 2.891 3.495 2.77463 9.57005e-321 1.55716e+142 2.35016 3.59649 2.92675 0.215762 0.211841 0.174923 2.491 4.384 2.96463 0 9.30237e+242 9.30237e+242 
 2.9 3.498 2.79822 9.57005e-321 1.55716e+142 2.32125 3.60027 3.01188 0.230854 0.200173 0.154829 2.449 4.39 2.98122 0 9.30237e+242 9.30237e+242 
 2.891 3.473 2.81952 9.57005e-321 1.55716e+142 2.2943 3.60128 3.10385 0.241212 0.13241 0.098489 2.402 4.394 3.00655 0 9.30237e+242 9.30237e+242 
 2.868 3.524 2.839 9.57005e-321 1.55716e+142 2.27608 3.59818 -2.97304 0.234039 0.212057 0.16167 2.367 4.393 3.0277 0 9.30237e+242 9.30237e+242 
 2.831 3.51 2.85254 9.57005e-321 1.55716e+142 2.26886 3.59417 -2.63404 0.223995 0.165593 0.132291 2.34 4.391 3.05255 0 9.30237e+242 9.30237e+242 
 2.826 3.532 2.87462 9.57005e-321 1.55716e+142 2.25375 3.58564 -2.62789 0.225613 0.204973 0.162098 2.305 4.384 3.07749 0 9.30237e+242 9.30237e+242 
 2.8 3.486 2.8921 9.57005e-321 1.55716e+142 2.24384 3.5844 -3.01631 0.223764 0.0876897 0.0704228 2.269 4.384 3.11014 0 9.30237e+242 9.30237e+242 
 2.753 3.513 2.90982 9.57005e-321 1.55716e+142 2.22841 3.58104 -2.92729 0.209175 0.118891 0.101954 2.236 4.381 3.1321 0 9.30237e+242 9.30237e+242 
 2.74 3.547 2.91891 9.57005e-321 1.55716e+142 2.20659 3.5801 -3.09868 0.210112 0.186173 0.158159 2.194 4.38 -3.12586 0 9.30237e+242 9.30237e+242 
 2.726 3.582 2.93252 9.57005e-321 1.55716e+142 2.18171 3.58455 2.96449 0.212696 0.237674 0.19849 2.152 4.384 -3.10445 0 9.30237e+242 9.30237e+242 
 2.694 3.556 2.9529 9.57005e-321 1.55716e+142 2.16771 3.56942 -2.31739 0.206908 0.188181 0.162269 2.12 4.368 -3.08192 0 9.30237e+242 9.30237e+242 
 2.7 3.55 2.97621 9.57005e-321 1.55716e+142 2.14065 3.56162 -2.86072 0.220372 0.169799 0.137813 2.076 4.359 -3.06069 0 9.30237e+242 9.30237e+242 
 2.663 3.571 2.99387 9.57005e-321 1.55716e+142 2.10892 3.55571 -2.95745 0.217519 0.20513 0.168145 2.032 4.352 -3.0453 0 9.30237e+242 9.30237e+242 
 2.628 3.582 3.01112 9.57005e-321 1.55716e+142 2.08918 3.55555 -3.13352 0.211576 0.20842 0.175491 2.004 4.351 -3.03492 0 9.30237e+242 9.30237e+242 
 2.612 3.566 3.03156 9.57005e-321 1.55716e+142 2.0672 3.54805 -2.81288 0.214746 0.166659 0.138795 1.969 4.342 -3.01854 0 9.30237e+242 9.30237e+242 
 2.596 3.55 3.05127 9.57005e-321 1.55716e+142 2.05642 3.55337 2.68282 0.213651 0.097848 0.0822503 1.941 4.345 -2.99681 0 9.30237e+242 9.30237e+242 
 2.589 3.563 3.06593 9.57005e-321 1.55716e+142 2.05875 3.54543 -1.28528 0.209688 0.12591 0.107665 1.924 4.334 -2.97234 0 9.30237e+242 9.30237e+242 
 2.568 3.54 3.07535 9.57005e-321 1.55716e+142 2.04942 3.54346 -2.93357 0.205612 0.0685263 0.0599186 1.898 4.329 -2.95117 0 9.30237e+242 9.30237e+242 
 2.541 3.536 3.08821 9.57005e-321 1.55716e+142 2.01679 3.53779 -2.96964 0.207923 0.057669 0.0498829 1.849 4.32 -2.93029 0 9.30237e+242 9.30237e+242 
 2.491 3.55 3.095 9.57005e-321 1.55716e+142 1.97555 3.51958 -2.72564 0.204132 0.121148 0.106423 1.791 4.298 -2.90881 0 9.30237e+242 9.30237e+242 
 2.466 3.545 3.10217 9.57005e-321 1.55716e+142 1.95063 3.4988 -2.44643 0.204137 0.147912 0.129691 1.753 4.274 -2.89197 0 9.30237e+242 9.30237e+242 
 2.446 3.569 3.11594 9.57005e-321 1.55716e+142 1.93405 3.48207 -2.35183 0.20323 0.222365 0.194459 1.724 4.254 -2.87592 0 9.30237e+242 9.30237e+242 
 2.433 3.558 3.13209 9.57005e-321 1.55716e+142 1.92822 3.46391 -1.88134 0.200956 0.221502 0.195859 1.708 4.233 -2.86271 0 9.30237e+242 9.30237e+242 
 2.407 3.532 -3.12489 9.57005e-321 1.55716e+142 1.92334 3.48128 1.84475 0.192504 0.0988001 0.0921211 1.695 4.248 -2.85214 0 9.30237e+242 9.30237e+242 
 2.401 3.522 -3.10338 9.57005e-321 1.55716e+142 1.89843 3.47751 -2.99141 0.200114 0.0571033 0.0513187 1.666 4.243 -2.8468 0 9.30237e+242 9.30237e+242 
 2.394 3.536 -3.09624 9.57005e-321 1.55716e+142 1.88022 3.45355 -2.22072 0.205573 0.130886 0.114106 1.638 4.216 -2.83399 0 9.30237e+242 9.30237e+242 
 2.364 3.53 -3.08883 9.57005e-321 1.55716e+142 1.86951 3.44158 -2.30077 0.198265 0.141218 0.127512 1.612 4.199 -2.81387 0 9.30237e+242 9.30237e+242 
 2.373 3.536 -3.07458 9.57005e-321 1.55716e+142 1.82545 3.42568 -2.79523 0.220306 0.154743 0.125765 1.559 4.18 -2.80204 0 9.30237e+242 9.30237e+242 
 2.347 3.533 -3.05983 9.57005e-321 1.55716e+142 1.80046 3.4171 -2.81118 0.220459 0.149356 0.121346 1.53 4.17 -2.79672 0 9.30237e+242 9.30237e+242 
 2.299 3.525 -3.04447 9.57005e-321 1.55716e+142 1.78398 3.40974 -2.72152 0.20833 0.142148 0.122206 1.509 4.161 -2.79072 0 9.30237e+242 9.30237e+242 
 2.289 3.542 -3.02996 9.57005e-321 1.55716e+142 1.7899 3.40483 -0.691515 0.203587 0.179641 0.157513 1.504 4.152 -2.77613 0 9.30237e+242 9.30237e+242 
 2.252 3.53 -3.01506 9.57005e-321 1.55716e+142 1.80684 3.39132 -0.673552 0.182929 0.194066 0.188687 1.507 4.133 -2.75741 0 9.30237e+242 9.30237e+242 
 2.256 3.49 -2.99647 9.57005e-321 1.55716e+142 1.79399 3.3765 -2.28527 0.188214 0.106923 0.101903 1.484 4.114 -2.74368 0 9.30237e+242 9.30237e+242 
 2.22 3.515 -2.97928 9.57005e-321 1.55716e+142 1.7697 3.36822 -2.8131 0.186355 0.170076 0.162822 1.458 4.105 -2.74137 0 9.30237e+242 9.30237e+242 
 2.21 3.531 -2.96781 9.57005e-321 1.55716e+142 1.74675 3.35782 -2.71607 0.193823 0.207754 0.190596 1.436 4.095 -2.74266 0 9.30237e+242 9.30237e+242 
 2.196 3.541 -2.94986 9.57005e-321 1.55716e+142 1.70805 3.34379 -2.79389 0.206027 0.221573 0.191217 1.395 4.08 -2.73954 0 9.30237e+242 9.30237e+242 
 2.162 3.467 -2.92878 9.57005e-321 1.55716e+142 1.64734 3.31292 -2.67109 0.212794 0.0907649 0.0766265 1.334 4.049 -2.73914 0 9.30237e+242 9.30237e+242 
 2.152 3.462 -2.91015 9.57005e-321 1.55716e+142 1.62253 3.2899 -2.3936 0.22046 0.0972494 0.0792355 1.3 4.022 -2.72662 0 9.30237e+242 9.30237e+242 
 2.127 3.496 -2.90252 9.57005e-321 1.55716e+142 1.60411 3.28574 -2.91946 0.222025 0.168535 0.135793 1.273 4.014 -2.71487 0 9.30237e+242 9.30237e+242 
 2.156 3.477 -2.89123 9.57005e-321 1.55716e+142 1.5973 3.29183 2.41183 0.233252 0.0829894 0.0639553 1.251 4.013 -2.69392 0 9.30237e+242 9.30237e+242 
 2.14 3.458 -2.87402 9.57005e-321 1.55716e+142 1.59084 3.29404 2.81316 0.227491 0.0267215 0.02114 1.226 4.006 -2.66805 0 9.30237e+242 9.30237e+242 
 2.118 3.453 -2.86841 9.57005e-321 1.55716e+142 1.58969 3.29989 1.76402 0.218369 0.0104316 0.00859852 1.199 3.998 -2.63138 0 9.30237e+242 9.30237e+242 
 2.089 3.479 -2.86558 9.57005e-321 1.55716e+142 1.60314 3.29336 -0.452054 0.205876 0.102366 0.089262 1.186 3.976 -2.59308 0 9.30237e+242 9.30237e+242 
 2.068 3.49 -2.86302 9.57005e-321 1.55716e+142 1.59117 3.29332 -3.13853 0.203794 0.129229 0.113649 1.152 3.962 -2.56047 0 9.30237e+242 9.30237e+242 
 2.039 3.497 -2.8526 9.57005e-321 1.55716e+142 1.58387 3.27429 -1.93715 0.199062 0.189198 0.16944 1.127 3.931 -2.53377 0 9.30237e+242 9.30237e+242 
 2.014 3.486 -2.83828 9.57005e-321 1.55716e+142 1.56136 3.26134 -2.61963 0.198733 0.179186 0.160892 1.089 3.907 -2.50997 0 9.30237e+242 9.30237e+242 
 2.004 3.467 -2.8186 9.57005e-321 1.55716e+142 1.54428 3.24023 -2.25115 0.202101 0.154797 0.137006 1.06 3.877 -2.49139 0 9.30237e+242 9.30237e+242 
 1.96 3.482 -2.80135 9.57005e-321 1.55716e+142 1.54481 3.21116 -1.55269 0.192581 0.268137 0.245562 1.049 3.839 -2.47316 0 9.30237e+242 9.30237e+242 
 1.959 3.455 -2.78442 9.57005e-321 1.55716e+142 1.52233 3.21544 2.95347 0.196165 0.163878 0.149256 1.015 3.834 -2.45466 0 9.30237e+242 9.30237e+242 
 1.941 3.434 -2.75687 9.57005e-321 1.55716e+142 1.50264 3.20505 -2.65572 0.195644 0.109347 0.100266 0.985 3.815 -2.43788 0 9.30237e+242 9.30237e+242 
 1.924 3.422 -2.74362 9.57005e-321 1.55716e+142 1.49392 3.19368 -2.22541 0.192717 0.101407 0.0944334 0.964 3.793 -2.41757 0 9.30237e+242 9.30237e+242 
 1.91 3.4 -2.73278 9.57005e-321 1.55716e+142 1.49853 3.19272 -0.205798 0.182682 0.0638279 0.0628082 0.951 3.776 -2.3878 0 9.30237e+242 9.30237e+242 
 1.875 3.411 -2.72397 9.57005e-321 1.55716e+142 1.50758 3.19722 0.461716 0.167983 0.116707 0.12441 0.945 3.766 -2.36167 0 9.30237e+242 9.30237e+242 
 1.842 3.404 -2.71602 9.57005e-321 1.55716e+142 1.49924 3.186 -2.20975 0.160024 0.147323 0.164222 0.925 3.743 -2.34096 0 9.30237e+242 9.30237e+242 
 1.855 3.392 -2.70333 9.57005e-321 1.55716e+142 1.48332 3.17452 -2.51668 0.170417 0.0978786 0.103016 0.9 3.722 -2.32452 0 9.30237e+242 9.30237e+242 
 1.839 3.393 -2.68915 9.57005e-321 1.55716e+142 1.47259 3.16546 -2.44071 0.170532 0.110931 0.11656 0.881 3.704 -2.30929 0 9.30237e+242 9.30237e+242 
 1.801 3.393 -2.67955 9.57005e-321 1.55716e+142 1.44231 3.16094 -2.99342 0.168781 0.120017 0.127302 0.844 3.692 -2.29672 0 9.30237e+242 9.30237e+242 
 1.833 3.381 -2.66818 9.57005e-321 1.55716e+142 1.43712 3.13787 -1.79222 0.184022 0.0856271 0.0835606 0.831 3.66 -2.2819 0 9.30237e+242 9.30237e+242 
 1.818 3.368 -2.65619 9.57005e-321 1.55716e+142 1.40266 3.12296 -2.73316 0.191287 0.053469 0.0502718 0.788 3.635 -2.26536 0 9.30237e+242 9.30237e+242 
 1.822 3.32 -2.6497 9.57005e-321 1.55716e+142 1.39018 3.0962 -2.00751 0.193081 -0.0154832 -0.0144332 0.772 3.604 -2.25848 0 9.30237e+242 9.30237e+242 
 1.761 3.36 -2.6461 9.57005e-321 1.55716e+142 1.39826 3.08386 -0.990777 0.179319 0.170269 0.16928 0.766 3.574 -2.23024 0 9.30237e+242 9.30237e+242 
 1.721 3.35 -2.64184 9.57005e-321 1.55716e+142 1.39599 3.08846 2.03027 0.163591 0.187971 0.20395 0.749 3.559 -2.1996 0 9.30237e+242 9.30237e+242 
 1.715 3.344 -2.62443 9.57005e-321 1.55716e+142 1.39792 3.06788 -1.47691 0.164354 0.211208 0.227316 0.74 3.523 -2.17597 0 9.30237e+242 9.30237e+242 
 1.697 3.344 -2.60552 9.57005e-321 1.55716e+142 1.38691 3.04364 -1.99742 0.16779 0.249777 0.261804 0.721 3.487 -2.1582 0 9.30237e+242 9.30237e+242 
 1.681 3.337 -2.58403 9.57005e-321 1.55716e+142 1.37061 3.02588 -2.31316 0.170952 0.246969 0.254405 0.698 3.459 -2.1429 0 9.30237e+242 9.30237e+242 
 1.635 3.331 -2.5587 9.57005e-321 1.55716e+142 1.3609 2.9992 -1.91997 0.165032 0.316928 0.332814 0.683 3.424 -2.13058 0 9.30237e+242 9.30237e+242 
 1.638 3.32 -2.53364 9.57005e-321 1.55716e+142 1.33928 2.98056 -2.43003 0.175507 0.262928 0.263393 0.655 3.395 -2.11537 0 9.30237e+242 9.30237e+242 
 1.65 3.334 -2.50269 9.57005e-321 1.55716e+142 1.31804 2.96322 -2.45699 0.194529 0.228099 0.20801 0.628 3.368 -2.10131 0 9.30237e+242 9.30237e+242 
 1.612 3.274 -2.47799 9.57005e-321 1.55716e+142 1.31286 2.93265 -1.73856 0.177759 0.205272 0.204941 0.614 3.322 -2.07909 0 9.30237e+242 9.30237e+242 
 1.584 3.287 -2.45586 9.57005e-321 1.55716e+142 1.31535 2.92511 -1.25158 0.174761 0.268309 0.269623 0.606 3.295 -2.05145 0 9.30237e+242 9.30237e+242 
 1.606 3.24 -2.43375 9.57005e-321 1.55716e+142 1.29782 2.90578 -2.30755 0.179523 0.129521 0.129142 0.582 3.263 -2.03368 0 9.30237e+242 9.30237e+242 
 1.576 3.226 -2.41162 9.57005e-321 1.55716e+142 1.29033 2.89806 -2.34037 0.171638 0.133835 0.139445 0.569 3.244 -2.01798 0 9.30237e+242 9.30237e+242 
 1.547 3.256 -2.39947 9.57005e-321 1.55716e+142 1.27342 2.88403 -2.44952 0.180661 0.214189 0.210252 0.546 3.217 -2.00007 0 9.30237e+242 9.30237e+242 
 1.548 3.221 -2.38438 9.57005e-321 1.55716e+142 1.2709 2.86888 -1.73565 0.176416 0.160056 0.161879 0.536 3.185 -1.97702 0 9.30237e+242 9.30237e+242 
 1.51 3.212 -2.36307 9.57005e-321 1.55716e+142 1.27569 2.85867 -1.13149 0.165532 0.219784 0.234594 0.533 3.156 -1.95159 0 9.30237e+242 9.30237e+242 
 1.481 3.205 -2.34512 9.57005e-321 1.55716e+142 1.27487 2.84559 -1.63371 0.160388 0.266408 0.290525 0.526 3.127 -1.93025 0 9.30237e+242 9.30237e+242 
 1.456 3.195 -2.32068 9.57005e-321 1.55716e+142 1.26532 2.83653 -2.38276 0.156928 0.271627 0.302031 0.511 3.103 -1.91038 0 9.30237e+242 9.30237e+242 
 1.454 3.176 -2.29332 9.57005e-321 1.55716e+142 1.25168 2.82723 -2.54289 0.15766 0.204786 0.229678 0.493 3.081 -1.89359 0 9.30237e+242 9.30237e+242 
 1.421 3.167 -2.26778 9.57005e-321 1.55716e+142 1.24818 2.80393 -1.72005 0.155668 0.26193 0.29409 0.486 3.047 -1.87951 0 9.30237e+242 9.30237e+242 
 1.447 3.156 -2.2464 9.57005e-321 1.55716e+142 1.25397 2.7725 -1.38857 0.167567 0.2237 0.235827 0.487 3 -1.85915 0 9.30237e+242 9.30237e+242 
 1.451 3.131 -2.22088 9.57005e-321 1.55716e+142 1.24039 2.74635 -2.0499 0.17261 0.161124 0.166468 0.47 2.962 -1.84373 0 9.30237e+242 9.30237e+242 
 1.456 3.117 -2.19952 9.57005e-321 1.55716e+142 1.22233 2.73042 -2.4187 0.178836 0.0931061 0.0934394 0.45 2.939 -1.83457 0 9.30237e+242 9.30237e+242 
 1.426 3.099 -2.18488 9.57005e-321 1.55716e+142 1.22897 2.69738 -1.37258 0.175895 0.172031 0.17426 0.453 2.892 -1.81653 0 9.30237e+242 9.30237e+242 
 1.417 3.088 -2.17527 9.57005e-321 1.55716e+142 1.23215 2.66988 -1.45574 0.179032 0.206503 0.20471 0.452 2.847 -1.79405 0 9.30237e+242 9.30237e+242 
 1.424 3.073 -2.15592 9.57005e-321 1.55716e+142 1.22989 2.64145 -1.64985 0.185969 0.180719 0.173166 0.447 2.806 -1.77796 0 9.30237e+242 9.30237e+242 
 1.427 3.038 -2.13625 9.57005e-321 1.55716e+142 1.22719 2.60672 -1.64863 0.18746 0.146767 0.140004 0.443 2.765 -1.76996 0 9.30237e+242 9.30237e+242 
 1.421 3.021 -2.11917 9.57005e-321 1.55716e+142 1.23136 2.57163 -1.45251 0.192004 0.167669 0.15591 0.446 2.724 -1.76243 0 9.30237e+242 9.30237e+242 
 1.374 3.01 -2.10441 9.57005e-321 1.55716e+142 1.24059 2.52713 -1.3662 0.193629 0.298484 0.270666 0.454 2.673 -1.75416 0 9.30237e+242 9.30237e+242 
 1.345 3.016 -2.08534 9.57005e-321 1.55716e+142 1.24389 2.49975 -1.45089 0.200732 0.367555 0.318381 0.457 2.644 -1.7521 0 9.30237e+242 9.30237e+242 
 1.356 3.004 -2.0534 9.57005e-321 1.55716e+142 1.22403 2.49054 -2.70739 0.206237 0.266302 0.22837 0.437 2.634 -1.75109 0 9.30237e+242 9.30237e+242 
 1.354 2.987 -2.01714 9.57005e-321 1.55716e+142 1.21037 2.4574 -1.96181 0.215155 0.211742 0.175325 0.423 2.599 -1.74874 0 9.30237e+242 9.30237e+242 
 1.342 2.958 -1.99212 9.57005e-321 1.55716e+142 1.21395 2.41367 -1.48906 0.218987 0.223052 0.181327 0.426 2.552 -1.74458 0 9.30237e+242 9.30237e+242 
 1.314 2.935 -1.97193 9.57005e-321 1.55716e+142 1.21612 2.38253 -1.50111 0.218492 0.264543 0.214582 0.427 2.514 -1.73588 0 9.30237e+242 9.30237e+242 
 1.324 2.888 -1.94908 9.57005e-321 1.55716e+142 1.21952 2.35622 -1.44233 0.212408 0.214199 0.179563 0.429 2.479 -1.72488 0 9.30237e+242 9.30237e+242 
 1.334 2.875 -1.92357 9.57005e-321 1.55716e+142 1.21765 2.33778 -1.67215 0.21663 0.162993 0.134614 0.425 2.446 -1.70648 0 9.30237e+242 9.30237e+242 
 1.327 2.854 -1.90341 9.57005e-321 1.55716e+142 1.22114 2.31633 -1.4095 0.215997 0.161375 0.13368 0.427 2.413 -1.69193 0 9.30237e+242 9.30237e+242 
 1.333 2.833 -1.88715 9.57005e-321 1.55716e+142 1.22472 2.28734 -1.44791 0.219654 0.141304 0.115281 0.429 2.37 -1.67431 0 9.30237e+242 9.30237e+242 
 1.309 2.839 -1.87134 9.57005e-321 1.55716e+142 1.22582 2.25171 -1.53995 0.233241 0.190378 0.145878 0.429 2.323 -1.66003 0 9.30237e+242 9.30237e+242 
 1.302 2.788 -1.85629 9.57005e-321 1.55716e+142 1.22968 2.2231 -1.43666 0.223984 0.186501 0.14877 0.432 2.284 -1.647 0 9.30237e+242 9.30237e+242 
 1.302 2.765 -1.83585 9.57005e-321 1.55716e+142 1.23054 2.21168 -1.49555 0.219947 0.160315 0.130453 0.432 2.26 -1.63124 0 9.30237e+242 9.30237e+242 
 1.328 2.767 -1.81828 9.57005e-321 1.55716e+142 1.2302 2.20829 -1.66992 0.22472 0.0875686 0.0700275 0.431 2.244 -1.61544 0 9.30237e+242 9.30237e+242 
 1.322 2.755 -1.80451 9.57005e-321 1.55716e+142 1.21871 2.19129 -2.1653 0.227291 0.0621266 0.0491607 0.419 2.213 -1.59794 0 9.30237e+242 9.30237e+242 
 1.303 2.725 -1.79625 9.57005e-321 1.55716e+142 1.21998 2.16393 -1.52435 0.224655 0.0926922 0.0741316 0.42 2.17 -1.57838 0 9.30237e+242 9.30237e+242 
 1.304 2.669 -1.78883 9.57005e-321 1.55716e+142 1.22086 2.13111 -1.54398 0.215745 0.0754833 0.062894 0.421 2.116 -1.55191 0 9.30237e+242 9.30237e+242 
 1.301 2.674 -1.77981 9.57005e-321 1.55716e+142 1.22713 2.10827 -1.30269 0.225976 0.0935715 0.0743964 0.428 2.071 -1.52419 0 9.30237e+242 9.30237e+242 
 1.268 2.653 -1.77153 9.57005e-321 1.55716e+142 1.22669 2.10378 -1.66947 0.217363 0.146975 0.121116 0.429 2.043 -1.49474 0 9.30237e+242 9.30237e+242 
 1.278 2.631 -1.76071 9.57005e-321 1.55716e+142 1.23811 2.10034 -0.292727 0.210219 0.133068 0.11345 0.443 2.012 -1.46014 0 9.30237e+242 9.30237e+242 
 1.271 2.599 -1.74548 9.57005e-321 1.55716e+142 1.24127 2.08996 -1.27535 0.201401 0.132974 0.118289 0.449 1.979 -1.43165 0 9.30237e+242 9.30237e+242 
 1.277 2.593 -1.73218 9.57005e-321 1.55716e+142 1.2525 2.05917 -1.22088 0.211091 0.13399 0.113762 0.463 1.93 -1.40862 0 9.30237e+242 9.30237e+242 
 1.271 2.56 -1.71913 9.57005e-321 1.55716e+142 1.23907 2.05124 -2.60823 0.201817 0.0979592 0.0871482 0.452 1.908 -1.39077 0 9.30237e+242 9.30237e+242 
 1.274 2.516 -1.70697 9.57005e-321 1.55716e+142 1.24143 2.04208 -1.31915 0.188267 0.0754059 0.0719703 0.457 1.885 -1.37316 0 9.30237e+242 9.30237e+242 
 1.283 2.495 -1.69808 9.57005e-321 1.55716e+142 1.27281 2.02558 -0.484035 0.185615 0.117292 0.113257 0.493 1.847 -1.34568 0 9.30237e+242 9.30237e+242 
 1.271 2.463 -1.6896 9.57005e-321 1.55716e+142 1.29588 2.01889 -0.282336 0.174519 0.189788 0.193304 0.521 1.82 -1.31955 0 9.30237e+242 9.30237e+242 
 1.277 2.452 -1.67531 9.57005e-321 1.55716e+142 1.31809 1.96874 -1.15387 0.189922 0.21233 0.198586 0.545 1.763 -1.3107 0 9.30237e+242 9.30237e+242 
 1.267 2.444 -1.65569 9.57005e-321 1.55716e+142 1.3382 1.92834 -1.109 0.202811 0.25467 0.222291 0.565 1.723 -1.31121 0 9.30237e+242 9.30237e+242 
 1.255 2.436 -1.63366 9.57005e-321 1.55716e+142 1.34689 1.90648 -1.19219 0.208941 0.271586 0.229834 0.574 1.7 -1.30974 0 9.30237e+242 9.30237e+242 
 1.255 2.418 -1.60782 9.57005e-321 1.55716e+142 1.36056 1.87574 -1.15259 0.214995 0.267466 0.220296 0.588 1.668 -1.30812 0 9.30237e+242 9.30237e+242 
 1.274 2.381 -1.5806 9.57005e-321 1.55716e+142 1.38537 1.83744 -0.995942 0.216569 0.247657 0.203003 0.613 1.629 -1.30721 0 9.30237e+242 9.30237e+242 
 1.275 2.401 -1.55449 9.57005e-321 1.55716e+142 1.38632 1.81229 -1.53305 0.235282 0.203571 0.154499 0.615 1.6 -1.30221 0 9.30237e+242 9.30237e+242 
 1.282 2.345 -1.53109 9.57005e-321 1.55716e+142 1.39615 1.79089 -1.14008 0.222359 0.192387 0.154496 0.625 1.578 -1.30144 0 9.30237e+242 9.30237e+242 
 1.27 2.303 -1.51087 9.57005e-321 1.55716e+142 1.41199 1.76858 -0.953413 0.216239 0.23337 0.191871 0.643 1.548 -1.29145 0 9.30237e+242 9.30237e+242 
 1.273 2.274 -1.49185 9.57005e-321 1.55716e+142 1.42365 1.74958 -1.02037 0.213334 0.233691 0.194679 0.657 1.521 -1.28103 0 9.30237e+242 9.30237e+242 
 1.275 2.268 -1.46761 9.57005e-321 1.55716e+142 1.42949 1.71993 -1.37638 0.223575 0.202211 0.161384 0.666 1.481 -1.26751 0 9.30237e+242 9.30237e+242 
 1.294 2.255 -1.44417 9.57005e-321 1.55716e+142 1.43669 1.6907 -1.3293 0.229816 0.143659 0.112048 0.676 1.443 -1.25599 0 9.30237e+242 9.30237e+242 
 1.27 2.207 -1.42481 9.57005e-321 1.55716e+142 0.337101 2.3534 2.5992 3.66382e-08 -1.34923 -0.523599 0.663 1.408 -1.23883 0 9.30237e+242 9.30237e+242 
 1.262 2.205 -1.41346 9.57005e-321 1.55716e+142 0.312438 2.31103 -2.09792 4.7133e-08 -1.34039 -0.523599 0.667 1.376 -1.20835 0 9.30237e+242 9.30237e+242 
 1.288 2.194 -1.46325 9.57005e-321 1.55716e+142 0.291383 2.26742 -2.02052 1.35368e-07 -1.31223 -0.523599 0.687 1.349 -1.16406 0 9.30237e+242 9.30237e+242 
 1.282 2.184 -1.59351 9.57005e-321 1.55716e+142 0.282643 2.21977 -1.75224 0.0473728 -1.31594 -0.523599 0.719 1.32 -1.11925 0 9.30237e+242 9.30237e+242 
 1.271 2.169 -1.71078 9.57005e-321 1.55716e+142 0.273143 2.17474 -1.77871 0.105009 -1.30077 -0.523599 0.743 1.292 -1.08167 0 9.30237e+242 9.30237e+242 
 1.273 2.152 -1.85735 9.57005e-321 1.55716e+142 0.264206 2.14944 -1.91033 0.163452 -1.2484 -0.523599 0.76 1.281 -1.05205 0 9.30237e+242 9.30237e+242 
 1.273 2.159 -1.98874 9.57005e-321 1.55716e+142 0.260122 2.12026 -1.70986 0.22077 -1.16084 -0.523599 0.775 1.263 -1.02993 0 9.30237e+242 9.30237e+242 
 1.224 2.157 -2.11467 9.57005e-321 1.55716e+142 0.264812 2.0916 -1.40859 0.253835 -1.05902 -0.523599 0.789 1.24 -1.01904 0 9.30237e+242 9.30237e+242 
 1.231 2.19 -2.22041 9.57005e-321 1.55716e+142 0.28257 2.06121 -1.04196 0.294114 -0.907686 -0.507064 0.817 1.216 -1.00696 0 9.30237e+242 9.30237e+242 
 1.194 2.159 -2.32911 9.57005e-321 1.55716e+142 0.292387 2.03342 -1.23129 0.301331 -0.79828 -0.444958 0.842 1.198 -0.988895 0 9.30237e+242 9.30237e+242 
 1.218 2.127 -2.422 9.57005e-321 1.55716e+142 0.301617 1.99891 -1.30946 0.321979 -0.697989 -0.372035 0.861 1.17 -0.977154 0 9.30237e+242 9.30237e+242 
 1.201 2.089 -2.51345 9.57005e-321 1.55716e+142 0.323376 1.96971 -0.930323 0.320311 -0.60034 -0.325373 0.886 1.143 -0.97324 0 9.30237e+242 9.30237e+242 
 1.195 2.063 -2.58535 9.57005e-321 1.55716e+142 0.342167 1.94652 -0.889867 0.319577 -0.516107 -0.282898 0.908 1.122 -0.969353 0 9.30237e+242 9.30237e+242 
 1.18 2.049 -2.64251 9.57005e-321 1.55716e+142 0.347892 1.91078 -1.41195 0.321139 -0.413523 -0.22776 0.922 1.092 -0.959282 0 9.30237e+242 9.30237e+242 
 1.135 2.024 -2.69526 9.57005e-321 1.55716e+142 0.347287 1.87339 -1.58699 0.310646 -0.319186 -0.182882 0.929 1.06 -0.949963 0 9.30237e+242 9.30237e+242 
 1.112 2.008 -2.73573 9.57005e-321 1.55716e+142 0.338914 1.82643 -1.74722 0.311719 -0.217951 -0.125196 0.937 1.025 -0.929686 0 9.30237e+242 9.30237e+242 
 1.078 1.971 -2.76853 9.57005e-321 1.55716e+142 0.323866 1.79729 -2.04739 0.304809 -0.18229 -0.107235 0.943 1.012 -0.903157 0 9.30237e+242 9.30237e+242 
 1.058 1.974 -2.78662 9.57005e-321 1.55716e+142 0.302089 1.76562 -2.17317 0.310453 -0.107147 -0.0620437 0.943 0.998 -0.875112 0 9.30237e+242 9.30237e+242 
 1.002 1.987 -2.80537 9.57005e-321 1.55716e+142 0.309561 1.72656 -1.38177 0.293648 0.0291798 0.0178847 0.976 0.981 -0.841374 0 9.30237e+242 9.30237e+242 
 0.968 1.985 -2.81222 9.57005e-321 1.55716e+142 0.305506 1.68842 -1.67674 0.287279 0.113189 0.0708023 0.998 0.967 -0.805855 0 9.30237e+242 9.30237e+242 
 0.956 1.964 -2.81135 9.57005e-321 1.55716e+142 0.299175 1.66037 -1.79274 0.286162 0.127005 0.0797187 1.01 0.957 -0.780126 0 9.30237e+242 9.30237e+242 
 0.927 1.974 -2.8102 9.57005e-321 1.55716e+142 0.310392 1.62111 -1.29251 0.278361 0.231696 0.148718 1.036 0.933 -0.758878 0 9.30237e+242 9.30237e+242 
 0.899 1.965 -2.80676 9.57005e-321 1.55716e+142 0.328578 1.57234 -1.21386 0.267637 0.327219 0.216619 1.067 0.898 -0.740069 0 9.30237e+242 9.30237e+242 
 0.89 1.927 -2.79472 9.57005e-321 1.55716e+142 0.334841 1.54077 -1.37497 0.261735 0.317578 0.215027 1.081 0.875 -0.728522 0 9.30237e+242 9.30237e+242 
 0.823 1.956 -2.76579 9.57005e-321 1.55716e+142 0.36921 1.48782 -0.995017 0.241543 0.508358 0.362127 1.131 0.84 -0.704724 0 9.30237e+242 9.30237e+242 
 0.816 1.946 -2.7355 9.57005e-321 1.55716e+142 0.388492 1.459 -0.981124 0.238485 0.529682 0.380321 1.161 0.824 -0.688015 0 9.30237e+242 9.30237e+242 
 0.808 1.921 -2.68283 9.57005e-321 1.55716e+142 0.408374 1.41897 -1.10985 0.236513 0.523565 0.379181 1.193 0.799 -0.668704 0 9.30237e+242 9.30237e+242 
 0.769 1.925 -2.6296 9.57005e-321 1.55716e+142 0.419422 1.38254 -1.2764 0.233799 0.577098 0.418106 1.216 0.778 -0.649182 0 9.30237e+242 9.30237e+242 
 0.737 1.901 -2.57618 9.57005e-321 1.55716e+142 0.430174 1.36079 -1.11158 0.224802 0.575764 0.431979 1.237 0.77 -0.632037 0 9.30237e+242 9.30237e+242 
 0.729 1.881 -2.51182 9.57005e-321 1.55716e+142 0.442323 1.3191 -1.28727 0.230011 0.555411 0.410015 1.259 0.742 -0.615167 0 9.30237e+242 9.30237e+242 
 0.726 1.866 -2.45355 9.57005e-321 1.55716e+142 0.465902 1.28706 -0.936332 0.232188 0.54615 0.40051 1.293 0.725 -0.596871 0 9.30237e+242 9.30237e+242 
 0.703 1.849 -2.39796 9.57005e-321 1.55716e+142 0.495312 1.2612 -0.721137 0.2257 0.574682 0.429751 1.331 0.712 -0.581411 0 9.30237e+242 9.30237e+242 
 0.652 1.816 -2.34224 9.57005e-321 1.55716e+142 0.516211 1.24024 -0.786825 0.209422 0.625842 0.493519 1.359 0.702 -0.568353 0 9.30237e+242 9.30237e+242 
 0.653 1.768 -2.29004 9.57005e-321 1.55716e+142 0.545446 1.20711 -0.847862 0.203021 0.609707 0.495576 1.394 0.678 -0.55755 0 9.30237e+242 9.30237e+242 
 0.633 1.755 -2.22801 9.57005e-321 1.55716e+142 0.562132 1.17249 -1.12167 0.208068 0.620666 0.49276 1.416 0.652 -0.547424 0 9.30237e+242 9.30237e+242 
 0.601 1.75 -2.16039 9.57005e-321 1.55716e+142 0.590342 1.14618 -0.750478 0.210682 0.663681 0.515822 1.451 0.637 -0.534236 0 9.30237e+242 9.30237e+242 
 0.619 1.738 -2.10381 9.57005e-321 1.55716e+142 0.612452 1.12885 -0.66496 0.217385 0.610543 0.468073 1.482 0.635 -0.516509 0 9.30237e+242 9.30237e+242 
 0.593 1.702 -2.03149 9.57005e-321 1.55716e+142 0.638556 1.10985 -0.629202 0.210483 0.623834 0.490077 1.517 0.632 -0.498201 0 9.30237e+242 9.30237e+242 
 0.613 1.757 -1.96998 9.57005e-321 1.55716e+142 0.665864 1.09912 -0.37437 0.23979 0.571385 0.405182 1.549 0.63 -0.488291 0 9.30237e+242 9.30237e+242 
 0.617 1.754 -1.91319 9.57005e-321 1.55716e+142 0.699841 1.08629 -0.361033 0.245731 0.557682 0.387818 1.585 0.621 -0.48396 0 9.30237e+242 9.30237e+242 
 0.621 1.695 -1.84915 9.57005e-321 1.55716e+142 0.723917 1.07543 -0.423593 0.231209 0.525136 0.388092 1.609 0.61 -0.484123 0 9.30237e+242 9.30237e+242 
 0.61 1.673 -1.79379 9.57005e-321 1.55716e+142 0.754295 1.06425 -0.352757 0.229254 0.539229 0.400496 1.64 0.6 -0.482786 0 9.30237e+242 9.30237e+242 
 0.57 1.64 -1.7408 9.57005e-321 1.55716e+142 0.784681 1.04898 -0.465514 0.224805 0.61017 0.454454 1.67 0.584 -0.483617 0 9.30237e+242 9.30237e+242 
 0.557 1.654 -1.69171 9.57005e-321 1.55716e+142 0.814323 1.0273 -0.631564 0.243121 0.609 0.423591 1.7 0.563 -0.482846 0 9.30237e+242 9.30237e+242 
 0.565 1.621 -1.6306 9.57005e-321 1.55716e+142 0.838907 1.00051 -0.828356 0.24682 0.569419 0.393596 1.725 0.537 -0.48195 0 9.30237e+242 9.30237e+242 
 0.581 1.59 -1.57172 9.57005e-321 1.55716e+142 0.872 0.987906 -0.363853 0.245541 0.540353 0.377156 1.761 0.53 -0.475639 0 9.30237e+242 9.30237e+242 
 0.615 1.547 -1.51529 9.57005e-321 1.55716e+142 0.886086 0.959205 -1.11454 0.243484 0.451513 0.32216 1.783 0.517 -0.458056 0 9.30237e+242 9.30237e+242 
 0.609 1.491 -1.46343 9.57005e-321 1.55716e+142 0.902826 0.914756 -1.21062 0.244185 0.436939 0.311596 1.81 0.494 -0.434278 0 9.30237e+242 9.30237e+242 
 0.614 1.464 -1.41883 9.57005e-321 1.55716e+142 0.920267 0.875879 -1.1491 0.252766 0.396425 0.275143 1.839 0.481 -0.405936 0 9.30237e+242 9.30237e+242 
 0.633 1.415 -1.37544 9.57005e-321 1.55716e+142 0.940187 0.839494 -1.06989 0.250646 0.356067 0.250343 1.871 0.474 -0.374164 0 9.30237e+242 9.30237e+242 
 0.629 1.405 -1.33616 9.57005e-321 1.55716e+142 0.967326 0.805313 -0.899733 0.265498 0.340117 0.226628 1.908 0.466 -0.346186 0 9.30237e+242 9.30237e+242 
 0.655 1.37 -1.30057 9.57005e-321 1.55716e+142 0.996144 0.78471 -0.620676 0.262363 0.313489 0.211849 1.945 0.469 -0.321205 0 9.30237e+242 9.30237e+242 
 0.636 1.37 -1.2668 9.57005e-321 1.55716e+142 1.03563 0.766174 -0.438846 0.27913 0.344356 0.218516 1.992 0.474 -0.296499 0 9.30237e+242 9.30237e+242 
 0.648 1.36 -1.23516 9.57005e-321 1.55716e+142 1.053 0.743544 -0.916336 0.286326 0.302608 0.18799 2.014 0.467 -0.280195 0 9.30237e+242 9.30237e+242 
 0.651 1.332 -1.20158 9.57005e-321 1.55716e+142 1.08658 0.737993 -0.163796 0.284959 0.324257 0.202029 2.05 0.47 -0.27131 0 9.30237e+242 9.30237e+242 
 0.651 1.277 -1.17104 9.57005e-321 1.55716e+142 1.11565 0.714249 -0.684808 0.280732 0.356479 0.224707 2.082 0.457 -0.260174 0 9.30237e+242 9.30237e+242 
 0.667 1.244 -1.13737 9.57005e-321 1.55716e+142 1.14452 0.693108 -0.632077 0.281036 0.344739 0.217314 2.113 0.444 -0.251759 0 9.30237e+242 9.30237e+242 
 0.679 1.206 -1.10198 9.57005e-321 1.55716e+142 1.18598 0.676024 -0.390888 0.281881 0.361449 0.226837 2.156 0.433 -0.245482 0 9.30237e+242 9.30237e+242 
 0.699 1.193 -1.06797 9.57005e-321 1.55716e+142 1.21053 0.652814 -0.757351 0.288268 0.31468 0.19402 2.184 0.424 -0.230859 0 9.30237e+242 9.30237e+242 
 0.688 1.167 -1.03222 9.57005e-321 1.55716e+142 1.23492 0.631454 -0.719372 0.296495 0.317965 0.190689 2.214 0.428 -0.204884 0 9.30237e+242 9.30237e+242 
 0.699 1.15 -1.00141 9.57005e-321 1.55716e+142 1.26633 0.608979 -0.621004 0.304659 0.297094 0.17376 2.25 0.429 -0.180965 0 9.30237e+242 9.30237e+242 
 0.697 1.147 -0.970483 9.57005e-321 1.55716e+142 1.29274 0.571188 -0.960879 0.324004 0.251756 0.138961 2.279 0.406 -0.165948 0 9.30237e+242 9.30237e+242 
 0.753 1.121 -0.941671 9.57005e-321 1.55716e+142 1.33173 0.52506 -0.86902 0.327371 0.176873 0.0969461 2.319 0.366 -0.159738 0 9.30237e+242 9.30237e+242 
 0.728 1.111 -0.918821 9.57005e-321 1.55716e+142 1.36215 0.503138 -0.624418 0.34569 0.193328 0.100327 2.352 0.361 -0.142621 0 9.30237e+242 9.30237e+242 
 0.757 1.07 -0.90137 9.57005e-321 1.55716e+142 1.38378 0.483321 -0.741858 0.338061 0.186278 0.0988603 2.378 0.376 -0.107528 0 9.30237e+242 9.30237e+242 
 0.782 1.059 -0.881844 9.57005e-321 1.55716e+142 1.42326 0.453225 -0.651253 0.348217 0.156362 0.0806511 2.421 0.386 -0.0672755 0 9.30237e+242 9.30237e+242 
 0.791 1.01 -0.863074 9.57005e-321 1.55716e+142 1.42687 0.432589 -1.39793 0.339016 0.157413 0.0833844 2.426 0.391 -0.0416013 0 9.30237e+242 9.30237e+242 
 0.808 0.989 -0.847745 9.57005e-321 1.55716e+142 1.43332 0.431214 -0.209984 0.330932 0.149233 0.0809928 2.433 0.406 -0.0252168 0 9.30237e+242 9.30237e+242 
 0.845 0.96 -0.831643 9.57005e-321 1.55716e+142 1.43301 0.41833 -1.59437 0.316514 0.108875 0.0618375 2.433 0.413 -0.00532994 0 9.30237e+242 9.30237e+242 
 0.842 0.929 -0.816706 9.57005e-321 1.55716e+142 1.46902 0.395942 -0.556304 0.325225 0.140088 0.0773789 2.469 0.402 0.00605799 0 9.30237e+242 9.30237e+242 
 0.887 0.898 -0.80511 9.57005e-321 1.55716e+142 1.50212 0.396474 0.0160649 0.313395 0.150915 0.0864627 2.502 0.412 0.0155267 0 9.30237e+242 9.30237e+242 
 0.911 0.894 -0.789967 9.57005e-321 1.55716e+142 1.52755 0.384919 -0.426534 0.316273 0.12445 0.0707103 2.527 0.418 0.0330869 0 9.30237e+242 9.30237e+242 
 0.941 0.858 -0.775992 9.57005e-321 1.55716e+142 1.56499 0.376451 -0.222402 0.311301 0.14791 0.0853166 2.564 0.421 0.0445636 0 9.30237e+242 9.30237e+242 
 0.958 0.82 -0.762887 9.57005e-321 1.55716e+142 1.60539 0.370246 -0.152416 0.310169 0.193764 0.111977 2.604 0.423 0.052779 0 9.30237e+242 9.30237e+242 
 0.977 0.786 -0.747258 9.57005e-321 1.55716e+142 1.65382 0.356655 -0.273588 0.314339 0.226459 0.128957 2.652 0.417 0.0603818 0 9.30237e+242 9.30237e+242 
 0.986 0.811 -0.726871 9.57005e-321 1.55716e+142 1.6857 0.350551 -0.189174 0.32998 0.180947 0.0983855 2.683 0.424 0.073515 0 9.30237e+242 9.30237e+242 
 1.012 0.781 -0.704099 9.57005e-321 1.55716e+142 1.69544 0.344099 -0.58502 0.319872 0.168803 0.0947056 2.692 0.427 0.0829961 0 9.30237e+242 9.30237e+242 
 1.021 0.776 -0.687027 9.57005e-321 1.55716e+142 1.73609 0.326782 -0.402712 0.333311 0.157714 0.084966 2.73 0.437 0.110442 0 9.30237e+242 9.30237e+242 
 1.068 0.734 -0.670531 9.57005e-321 1.55716e+142 1.77817 0.316454 -0.240719 0.324745 0.173559 0.0959053 2.77 0.444 0.127895 0 9.30237e+242 9.30237e+242 
 1.099 0.721 -0.654612 9.57005e-321 1.55716e+142 1.81832 0.306704 -0.238217 0.327448 0.164972 0.0904388 2.808 0.45 0.143791 0 9.30237e+242 9.30237e+242 
 1.163 0.654 -0.6369 9.57005e-321 1.55716e+142 1.85238 0.302109 -0.134062 0.304212 0.204871 0.120632 2.84 0.459 0.157541 0 9.30237e+242 9.30237e+242 
 1.186 0.608 -0.619442 9.57005e-321 1.55716e+142 1.8898 0.307564 0.14474 0.298598 0.267448 0.159847 2.875 0.479 0.172287 0 9.30237e+242 9.30237e+242 
 1.211 0.596 -0.595863 9.57005e-321 1.55716e+142 1.94297 0.294277 -0.244897 0.309472 0.254516 0.146968 2.925 0.483 0.189861 0 9.30237e+242 9.30237e+242 
 1.209 0.582 -0.568467 9.57005e-321 1.55716e+142 1.97668 0.303576 0.26913 0.318414 0.274292 0.153833 2.957 0.501 0.19873 0 9.30237e+242 9.30237e+242 
 1.23 0.607 -0.543197 9.57005e-321 1.55716e+142 2.02298 0.319853 0.338084 0.330116 0.24414 0.132342 3 0.533 0.214794 0 9.30237e+242 9.30237e+242 
 1.279 0.591 -0.515718 9.57005e-321 1.55716e+142 2.0673 0.314163 -0.127704 0.327844 0.22205 0.121316 3.041 0.542 0.229856 0 9.30237e+242 9.30237e+242 
 1.296 0.58 -0.492086 9.57005e-321 1.55716e+142 2.09945 0.299306 -0.432877 0.334867 0.194898 0.104382 3.072 0.532 0.234847 0 9.30237e+242 9.30237e+242 
 1.33 0.544 -0.470787 9.57005e-321 1.55716e+142 2.13328 0.289776 -0.274567 0.331188 0.205127 0.111027 3.104 0.53 0.242597 0 9.30237e+242 9.30237e+242 
 1.344 0.545 -0.452096 9.57005e-321 1.55716e+142 2.16398 0.280171 -0.303246 0.339648 0.174723 0.0923328 3.128 0.546 0.269064 0 9.30237e+242 9.30237e+242 
 1.397 0.53 -0.43213 9.57005e-321 1.55716e+142 2.19572 0.257298 -0.624441 0.333765 0.12901 0.069463 3.151 0.553 0.30019 0 9.30237e+242 9.30237e+242 
 1.408 0.517 -0.41576 9.57005e-321 1.55716e+142 2.22798 0.239825 -0.496396 0.34262 0.112467 0.0590176 3.175 0.561 0.32697 0 9.30237e+242 9.30237e+242 
 1.449 0.512 -0.402856 9.57005e-321 1.55716e+142 2.2606 0.22045 -0.535976 0.341951 0.072658 0.0382279 3.199 0.566 0.352825 0 9.30237e+242 9.30237e+242 
 1.473 0.489 -0.392431 9.57005e-321 1.55716e+142 2.28978 0.219548 -0.0308902 0.340777 0.0924201 0.048778 3.221 0.584 0.373044 0 9.30237e+242 9.30237e+242 
 1.531 0.474 -0.38453 9.57005e-321 1.55716e+142 2.33804 0.215506 -0.0835603 0.335752 0.0933484 0.0500033 3.262 0.598 0.392494 0 9.30237e+242 9.30237e+242 
 1.51 0.474 -0.374609 9.57005e-321 1.55716e+142 2.38093 0.215267 -0.00557129 0.35973 0.107601 0.0537891 3.298 0.614 0.410135 0 9.30237e+242 9.30237e+242 
 1.533 0.471 -0.364938 9.57005e-321 1.55716e+142 2.44065 0.228166 0.212749 0.371553 0.129692 0.0627472 3.351 0.642 0.426661 0 9.30237e+242 9.30237e+242 
 1.591 0.459 -0.353517 9.57005e-321 1.55716e+142 2.47569 0.240919 0.349048 0.360085 0.140097 0.0699179 3.378 0.672 0.445691 0 9.30237e+242 9.30237e+242 
 1.642 0.461 -0.339797 9.57005e-321 1.55716e+142 2.50467 0.240602 -0.0109347 0.352446 0.112371 0.0573266 3.4 0.686 0.461619 0 9.30237e+242 9.30237e+242 
 1.695 0.462 -0.325793 9.57005e-321 1.55716e+142 2.5399 0.231352 -0.256746 0.347259 0.0743332 0.0385111 3.428 0.691 0.477599 0 9.30237e+242 9.30237e+242 
 1.69 0.426 -0.315059 9.57005e-321 1.55716e+142 2.56858 0.242411 0.367966 0.354786 0.136632 0.0692092 3.452 0.711 0.487693 0 9.30237e+242 9.30237e+242 
 1.702 0.432 -0.306133 9.57005e-321 1.55716e+142 2.60466 0.251686 0.251654 0.363854 0.136525 0.0674372 3.479 0.737 0.506722 0 9.30237e+242 9.30237e+242 
 1.775 0.401 -0.292683 9.57005e-321 1.55716e+142 2.64577 0.254836 0.0764742 0.348488 0.158213 0.0815389 3.514 0.751 0.519174 0 9.30237e+242 9.30237e+242 
 1.779 0.374 -0.278837 9.57005e-321 1.55716e+142 2.68065 0.25098 -0.110107 0.358564 0.179268 0.0897512 3.542 0.759 0.532885 0 9.30237e+242 9.30237e+242 
 1.86 0.347 -0.26237 9.57005e-321 1.55716e+142 2.72357 0.261156 0.232813 0.341166 0.204091 0.107266 3.576 0.784 0.550184 0 9.30237e+242 9.30237e+242 
 1.874 0.358 -0.243321 9.57005e-321 1.55716e+142 2.75368 0.276463 0.470358 0.347809 0.188755 0.0973766 3.595 0.817 0.571075 0 9.30237e+242 9.30237e+242 
 1.909 0.386 -0.223277 9.57005e-321 1.55716e+142 2.78378 0.282563 0.199918 0.348287 0.132247 0.0682411 3.614 0.84 0.591296 0 9.30237e+242 9.30237e+242 
 1.952 0.391 -0.205862 9.57005e-321 1.55716e+142 2.79769 0.295864 0.763115 0.336773 0.117462 0.0626994 3.622 0.862 0.601811 0 9.30237e+242 9.30237e+242 
 2.009 0.37 -0.193211 9.57005e-321 1.55716e+142 2.82555 0.294004 -0.0666634 0.324374 0.12546 0.0695075 3.643 0.87 0.613823 0 9.30237e+242 9.30237e+242 
 2.064 0.361 -0.182074 9.57005e-321 1.55716e+142 2.86747 0.299482 0.129964 0.318606 0.131867 0.0743621 3.681 0.881 0.620593 0 9.30237e+242 9.30237e+242 
 2.074 0.336 -0.169078 9.57005e-321 1.55716e+142 2.89166 0.309038 0.37614 0.322587 0.16989 0.0945144 3.702 0.895 0.626067 0 9.30237e+242 9.30237e+242 
 2.081 0.339 -0.155169 9.57005e-321 1.55716e+142 2.9177 0.319734 0.389703 0.330138 0.165141 0.0897971 3.719 0.918 0.641336 0 9.30237e+242 9.30237e+242 
 2.088 0.346 -0.137469 9.57005e-321 1.55716e+142 2.94712 0.341734 0.642086 0.338888 0.165745 0.087809 3.737 0.955 0.660189 0 9.30237e+242 9.30237e+242 
 2.127 0.342 -0.120858 9.57005e-321 1.55716e+142 2.99166 0.338644 -0.069268 0.341558 0.146416 0.0770083 3.772 0.964 0.675587 0 9.30237e+242 9.30237e+242 
 2.181 0.308 -0.104535 9.57005e-321 1.55716e+142 3.01417 0.358603 0.725351 0.328068 0.206186 0.112648 3.788 0.992 0.685935 0 9.30237e+242 9.30237e+242 
 2.207 0.283 -0.0881596 9.57005e-321 1.55716e+142 3.04988 0.350111 -0.233478 0.33223 0.209292 0.112911 3.815 0.994 0.69957 0 9.30237e+242 9.30237e+242 
 2.225 0.281 -0.0669896 9.57005e-321 1.55716e+142 3.0758 0.361662 0.419272 0.336042 0.201799 0.107675 3.832 1.016 0.713306 0 9.30237e+242 9.30237e+242 
 2.256 0.317 -0.0456493 9.57005e-321 1.55716e+142 3.12915 0.36213 0.00875569 0.345907 0.121868 0.0633319 3.868 1.036 0.739435 0 9.30237e+242 9.30237e+242 
 2.315 0.289 -0.0265954 9.57005e-321 1.55716e+142 3.17113 0.385065 0.50006 0.339623 0.173024 0.0914467 3.895 1.075 0.761399 0 9.30237e+242 9.30237e+242 
 2.361 0.296 -0.0143085 9.57005e-321 1.55716e+142 3.19512 0.386663 0.0664844 0.331269 0.153241 0.0830743 3.902 1.094 0.785724 0 9.30237e+242 9.30237e+242 
 2.366 0.248 0.00239182 9.57005e-321 1.55716e+142 3.22168 0.399495 0.450075 0.341216 0.215949 0.11343 3.912 1.123 0.808867 0 9.30237e+242 9.30237e+242 
 2.376 0.238 0.0181769 9.57005e-321 1.55716e+142 3.25307 0.407869 0.260706 0.350778 0.216412 0.110598 3.931 1.143 0.825859 0 9.30237e+242 9.30237e+242 
 2.419 0.279 0.0391504 9.57005e-321 1.55716e+142 3.27606 0.433394 0.837676 0.343285 0.173999 0.0909837 3.948 1.174 0.833972 0 9.30237e+242 9.30237e+242 
 2.434 0.28 0.0604308 9.57005e-321 1.55716e+142 3.29904 0.446233 0.509537 0.347564 0.162004 0.083704 3.963 1.194 0.844693 0 9.30237e+242 9.30237e+242 
 2.496 0.302 0.0774144 9.57005e-321 1.55716e+142 3.31004 0.478945 1.24632 0.328464 0.170676 0.0932603 3.968 1.232 0.852692 0 9.30237e+242 9.30237e+242 
 2.528 0.27 0.0935023 9.57005e-321 1.55716e+142 3.34171 0.491175 0.368586 0.33114 0.214583 0.116118 3.993 1.25 0.861507 0 9.30237e+242 9.30237e+242 
 2.561 0.274 0.111763 9.57005e-321 1.55716e+142 3.36096 0.517954 0.947362 0.327896 0.229791 0.125482 4.012 1.277 0.861846 0 9.30237e+242 9.30237e+242 
 2.592 0.271 0.134379 9.57005e-321 1.55716e+142 3.38274 0.521579 0.164935 0.325721 0.215181 0.118358 4.031 1.283 0.865502 0 9.30237e+242 9.30237e+242 
 2.646 0.269 0.158137 9.57005e-321 1.55716e+142 3.40933 0.553542 0.877006 0.318731 0.247323 0.138775 4.054 1.318 0.8702 0 9.30237e+242 9.30237e+242 
 2.686 0.307 0.179751 9.57005e-321 1.55716e+142 3.42964 0.583143 0.969359 0.311354 0.218701 0.125768 4.063 1.357 0.884908 0 9.30237e+242 9.30237e+242 
 2.713 0.323 0.204727 9.57005e-321 1.55716e+142 3.45575 0.604386 0.682913 0.312461 0.195964 0.112414 4.077 1.388 0.900463 0 9.30237e+242 9.30237e+242 
 2.739 0.341 0.226099 9.57005e-321 1.55716e+142 3.49165 0.623743 0.494496 0.317118 0.166158 0.094035 4.107 1.412 0.907972 0 9.30237e+242 9.30237e+242 
 2.757 0.351 0.24432 9.57005e-321 1.55716e+142 3.51875 0.648793 0.746247 0.322746 0.16023 0.0891258 4.129 1.441 0.914416 0 9.30237e+242 9.30237e+242 
 2.775 0.316 0.260264 9.57005e-321 1.55716e+142 3.55678 0.651669 0.0754743 0.335157 0.181618 0.0972323 4.155 1.453 0.929516 0 9.30237e+242 9.30237e+242 
 2.833 0.334 0.276499 9.57005e-321 1.55716e+142 3.60177 0.669973 0.38636 0.330839 0.169349 0.0918783 4.184 1.483 0.949332 0 9.30237e+242 9.30237e+242 
 2.851 0.363 0.295211 9.57005e-321 1.55716e+142 3.64997 0.68051 0.215252 0.340463 0.104021 0.0549398 4.207 1.511 0.979986 0 9.30237e+242 9.30237e+242 
 2.893 0.348 0.31107 9.57005e-321 1.55716e+142 3.706 0.685056 0.0809557 0.348547 0.102696 0.0529855 4.228 1.538 1.0216 0 9.30237e+242 9.30237e+242 
 2.885 0.375 0.320936 9.57005e-321 1.55716e+142 3.75219 0.68917 0.088828 0.366086 0.0334235 0.0164324 4.242 1.561 1.05893 0 9.30237e+242 9.30237e+242 
 2.898 0.365 0.330361 9.57005e-321 1.55716e+142 3.80499 0.703985 0.273519 0.384309 0.034236 0.0160338 4.257 1.596 1.10178 0 9.30237e+242 9.30237e+242 
 2.969 0.368 0.335087 9.57005e-321 1.55716e+142 3.85325 0.733522 0.549297 0.379416 0.0713226 0.0338235 4.269 1.643 1.14203 0 9.30237e+242 9.30237e+242 
 3.017 0.388 0.340302 9.57005e-321 1.55716e+142 3.90317 0.753767 0.385264 0.380244 0.0641223 0.0303449 4.285 1.678 1.17902 0 9.30237e+242 9.30237e+242 
 3.015 0.428 0.347176 9.57005e-321 1.55716e+142 3.94194 0.7953 0.819762 0.395713 0.0376903 0.0171427 4.3 1.729 1.20461 0 9.30237e+242 9.30237e+242 
 3.086 0.431 0.353928 9.57005e-321 1.55716e+142 3.97359 0.810929 0.458783 0.382947 0.0633287 0.0297581 4.309 1.753 1.22875 0 9.30237e+242 9.30237e+242 
 3.2 0.456 0.359441 9.57005e-321 1.55716e+142 3.99755 0.838727 0.859406 0.350208 0.110258 0.0566099 4.312 1.788 1.25091 0 9.30237e+242 9.30237e+242 
 3.229 0.458 0.366059 9.57005e-321 1.55716e+142 4.0255 0.860348 0.658303 0.35293 0.127419 0.0648943 4.32 1.816 1.27187 0 9.30237e+242 9.30237e+242 
 3.294 0.458 0.376706 9.57005e-321 1.55716e+142 4.05293 0.887728 0.784428 0.343816 0.173291 0.0904765 4.332 1.848 1.28798 0 9.30237e+242 9.30237e+242 
 3.332 0.486 0.391243 9.57005e-321 1.55716e+142 4.05746 0.916352 1.41402 0.332324 0.180158 0.0972727 4.321 1.881 1.30411 0 9.30237e+242 9.30237e+242 
 3.325 0.496 0.409265 9.57005e-321 1.55716e+142 4.07647 0.94815 1.03192 0.345944 0.165692 0.0859997 4.328 1.916 1.31654 0 9.30237e+242 9.30237e+242 
 3.374 0.532 0.42667 9.57005e-321 1.55716e+142 4.08309 0.991203 1.41831 0.332694 0.184946 0.0997309 4.327 1.961 1.3244 0 9.30237e+242 9.30237e+242 
 3.346 0.534 0.444242 9.57005e-321 1.55716e+142 4.10147 1.02011 1.00443 0.354528 0.15967 0.0808903 4.341 1.991 1.32891 0 9.30237e+242 9.30237e+242 
 3.369 0.515 0.462287 9.57005e-321 1.55716e+142 4.11969 1.05332 1.06907 0.363304 0.199902 0.09872 4.356 2.025 1.33223 0 9.30237e+242 9.30237e+242 
 3.384 0.526 0.478656 9.57005e-321 1.55716e+142 4.13431 1.0815 1.09219 0.367213 0.198419 0.0969558 4.363 2.055 1.34006 0 9.30237e+242 9.30237e+242 
 3.456 0.561 0.498596 9.57005e-321 1.55716e+142 4.16504 1.12438 0.948948 0.355597 0.216048 0.108929 4.38 2.101 1.35414 0 9.30237e+242 9.30237e+242 
 3.48 0.578 0.517907 9.57005e-321 1.55716e+142 4.18935 1.15553 0.908035 0.359509 0.206846 0.103196 4.386 2.136 1.37286 0 9.30237e+242 9.30237e+242 
 3.524 0.603 0.539215 9.57005e-321 1.55716e+142 4.21615 1.17823 0.702818 0.354184 0.192891 0.0977171 4.39 2.163 1.39606 0 9.30237e+242 9.30237e+242 
 3.506 0.625 0.559354 9.57005e-321 1.55716e+142 4.23104 1.20461 1.05698 0.366733 0.144092 0.0706057 4.383 2.193 1.41825 0 9.30237e+242 9.30237e+242 
 3.53 0.644 0.577133 9.57005e-321 1.55716e+142 4.23975 1.23305 1.27377 0.364386 0.144811 0.0714121 4.374 2.224 1.43613 0 9.30237e+242 9.30237e+242 
 3.571 0.612 0.592326 9.57005e-321 1.55716e+142 4.25128 1.26668 1.24046 0.370672 0.217323 0.105144 4.375 2.259 1.44676 0 9.30237e+242 9.30237e+242 
