 0.761 0.659 0.138947 0 0 0.761 0.659 0.352807 0 0 0 2.301 2.365 0 0 0 0 
 0.758 0.659 0.138945 0 0 0.758 0.659 0.346325 7.06503e-05 1.01579e-13 5.75111e-10 2.304 2.353 0 0 0 0 
 0.758 0.657 0.138946 0 0 0.758 0.657 0.348319 7.06568e-05 1.01875e-13 5.7673e-10 2.309 2.357 0 0 0 0 
 0.76 0.656 0.138946 0 0 0.76 0.656 0.350618 7.06586e-05 1.0206e-13 5.77763e-10 2.314 2.362 0 0 0 0 
 0.76 0.659 0.138946 0 0 0.76 0.659 0.349399 7.06531e-05 1.01635e-13 5.75405e-10 2.307 2.36 0 0 0 0 
 0.762 0.657 0.138948 0 0 0.762 0.657 0.352485 7.06577e-05 1.01966e-13 5.77237e-10 2.307 2.364 0 0 0 0 
 0.76 0.658 0.138947 0 0 0.76 0.658 0.354337 7.06658e-05 1.01824e-13 5.76371e-10 2.305 2.369 0 0 0 0 
 0.765 0.657 0.138947 0 0 0.765 0.657 0.356523 7.06606e-05 1.02044e-13 5.77655e-10 2.305 2.371 0 0 0 0 
 0.762 0.661 0.138948 0 0 0.762 0.661 0.354495 7.06591e-05 1.01439e-13 5.74243e-10 2.306 2.372 0 0 0 0 
 0.761 0.655 0.138947 0 0 0.761 0.655 0.35479 7.06673e-05 1.02253e-13 5.78785e-10 2.309 2.368 0 0 0 0 
 0.76 0.654 0.138947 0 0 0.76 0.654 0.356789 7.06752e-05 1.024e-13 5.79551e-10 2.31 2.372 0 0 0 0 
 0.76 0.662 0.138947 0 0 0.76 0.662 0.349551 7.06509e-05 1.01226e-13 5.73107e-10 2.309 2.364 0 0 0 0 
 0.763 0.659 0.138946 0 0 0.763 0.659 0.3491 7.06456e-05 1.01668e-13 5.7565e-10 2.303 2.357 0 0 0 0 
 0.758 0.659 0.138946 0 0 0.758 0.659 0.349861 7.06588e-05 1.01617e-13 5.75252e-10 2.305 2.361 0 0 0 0 
 0.765 0.661 0.138946 0 0 0.765 0.661 0.351559 7.06452e-05 1.01443e-13 5.74382e-10 2.31 2.366 0 0 0 0 
 0.764 0.664 0.138947 0 0 0.764 0.664 0.349714 7.06405e-05 1.01002e-13 5.71922e-10 2.306 2.364 0 0 0 0 
 0.763 0.658 0.138944 0 0 0.763 0.658 0.353893 7.06579e-05 1.01855e-13 5.76611e-10 2.302 2.366 0 0 0 0 
 0.765 0.655 0.138944 0 0 0.765 0.655 0.357147 7.06639e-05 1.02325e-13 5.79222e-10 2.304 2.37 0 0 0 0 
 0.768 0.654 0.138944 0 0 0.768 0.654 0.357001 7.06576e-05 1.02496e-13 5.80243e-10 2.305 2.368 0 0 0 0 
 0.765 0.656 0.138945 0 0 0.765 0.656 0.356682 7.06619e-05 1.02183e-13 5.78432e-10 2.304 2.37 0 0 0 0 
 0.767 0.659 0.138942 0 0 0.767 0.659 0.355764 7.06525e-05 1.01785e-13 5.76258e-10 2.303 2.37 0 0 0 0 
 0.766 0.661 0.138943 0 0 0.766 0.661 0.352658 7.06456e-05 1.01467e-13 5.74512e-10 2.304 2.366 0 0 0 0 
