 0 0 0.7867 0 0 0 0 0.7867 0 0 0 1.5 0 0.7898 0 0 0 
 0 0 0.7867 0 0 0 0 0.7867 0.196789 0.0180792 0.0165353 1.5 0 0.7898 0 0 0 
 0 0 0.7867 0 0 0 0 0.7867 0.196789 0.0180792 0.0165353 1.5 0 0.7898 0 0 0 
 0.00833516 0.00836294 0.787785 0.196789 0 0 0 0.7867 0.1844 0.0181537 0.0177186 1.5 0 0.7898 0 0 0 
 0.0216831 0.0217938 0.789597 0.1844 0 0.0022 0.0022 0.7893 0.167732 0.0213851 0.0229453 1.5 0 0.7898 0 0 0 
 0.0290014 0.0291793 0.790816 0.167732 0 0.016 0.0163 0.8037 0.177154 0.0386899 0.0392912 1.5 0 0.7898 0 0 0 
 0.0337188 0.0339501 0.791671 0.167732 0 0.028 0.0288 0.8143 0.187951 0.0522037 0.0499538 1.5 0 0.7898 0 0 0 
 0.0384321 0.038725 0.792526 0.167732 0 0.0304 0.0314 0.8163 0.184542 0.0552348 0.0538233 1.5 0 0.7898 0 0 0 
 0.0489236 0.0494004 0.796763 0.184542 0 0.0353 0.0366 0.8201 0.176187 0.0584248 0.0596184 1.5 0 0.7898 0 0 0 
 0.058993 0.0597353 0.80131 0.176187 0 0.0454 0.0475 0.8273 0.176341 0.0665849 0.0678621 1.5 0 0.7898 0 0 0 
 0.0663413 0.067339 0.804978 0.176341 0 0.0454 0.0475 0.8273 0.165247 0.0648859 0.0705615 1.5 0 0.7898 0 0 0 
 0.0757927 0.0772063 0.810237 0.165247 0 0.0636 0.0675 0.8385 0.178755 0.0789906 0.0793734 1.5 0 0.7898 0 0 0 
 0.0803459 0.0819978 0.812833 0.165247 0 0.0636 0.0675 0.8385 0.171825 0.077721 0.0812394 1.5 0 0.7898 0 0 0 
 0.0851621 0.0870936 0.815967 0.171825 0 0.0771 0.0826 0.8456 0.185332 0.0871616 0.0844525 1.5 0 0.7898 0 0 0 
 0.0949251 0.0975234 0.822562 0.185332 0 0.0798 0.0857 0.8469 0.174602 0.0858569 0.0882812 1.5 0 0.7898 0 0 0 
 0.099964 0.102961 0.826049 0.185332 0 0.0798 0.0857 0.8469 0.166838 0.0841014 0.0904885 1.5 0 0.7898 0 0 0 
 0.114099 0.118427 0.836352 0.174602 0 0.0995 0.1081 0.8556 0.175641 0.092077 0.0940834 1.5 0 0.7898 0 0 0 
 0.118567 0.123384 0.839716 0.166838 0 0.1023 0.1114 0.8568 0.173115 0.092509 0.0958933 1.5 0 0.7898 0 0 0 
 0.125439 0.131073 0.845089 0.173115 0 0.1023 0.1114 0.8568 0.162328 0.0899055 0.0993648 1.5 0 0.7898 0 0 0 
 0.134459 0.141296 0.852438 0.162328 0 0.1228 0.1352 0.8643 0.180462 0.0970144 0.0964656 1.5 0 0.7898 0 0 0 
 0.141093 0.148914 0.857974 0.180462 0 0.1288 0.1422 0.8663 0.179415 0.0967706 0.0967829 1.5 0 0.7898 0 0 0 
 0.148158 0.157119 0.863795 0.180462 0 0.1379 0.1529 0.8691 0.182589 0.097484 0.0958074 1.5 0 0.7898 0 0 0 
 0.157545 0.168172 0.87157 0.182589 0 0.141 0.1566 0.87 0.172427 0.0949466 0.0987942 1.5 0 0.7898 0 0 0 
 0.166654 0.179066 0.879268 0.172427 0 0.1503 0.1676 0.8727 0.17247 0.0941766 0.0979737 1.5 0 0.7898 0 0 0 
 0.177601 0.192391 0.888716 0.17247 0 0.1597 0.1788 0.8752 0.169573 0.0921583 0.0975145 1.5 0 0.7898 0 0 0 
 0.186197 0.203036 0.896169 0.169573 0 0.1724 0.1941 0.8784 0.175836 0.0913468 0.0932389 1.5 0 0.7898 0 0 0 
 0.194718 0.213752 0.903526 0.175836 0 0.1789 0.2019 0.8799 0.172056 0.0887512 0.0925833 1.5 0 0.7898 0 0 0 
 0.205549 0.227603 0.912661 0.175836 0 0.1887 0.2137 0.882 0.169586 0.0853648 0.09036 1.5 0 0.7898 0 0 0 
 0.211865 0.235803 0.91797 0.169586 0 0.1986 0.2258 0.8841 0.174964 0.0834791 0.0856716 1.5 0 0.7898 0 0 0 
 0.220208 0.246772 0.924724 0.174964 0 0.2052 0.234 0.8854 0.171504 0.0812737 0.0850941 1.5 0 0.7898 0 0 0 
 0.228566 0.257914 0.931358 0.171504 0 0.2154 0.2464 0.8873 0.173612 0.0775473 0.080228 1.5 0 0.7898 0 0 0 
 0.234693 0.266181 0.936234 0.171504 0 0.2256 0.2589 0.8892 0.179589 0.0742236 0.0742568 1.5 0 0.7898 0 0 0 
 0.245083 0.280388 0.943856 0.179589 0 0.2291 0.2632 0.8897 0.16706 0.07123 0.0765972 1.5 0 0.7898 0 0 0 
 0.253193 0.291634 0.949674 0.16706 0 0.2395 0.276 0.8914 0.169723 0.0669947 0.0709321 1.5 0 0.7898 0 0 0 
 0.26297 0.305377 0.956543 0.169723 0 0.25 0.2891 0.8931 0.169608 0.0625878 0.066325 1.5 0 0.7898 0 0 0 
 0.272711 0.319267 0.962978 0.169608 0 0.2606 0.3023 0.8946 0.169552 0.0576082 0.0610819 1.5 0 0.7898 0 0 0 
 0.282361 0.333211 0.968938 0.169552 0 0.2714 0.3157 0.8961 0.169819 0.0520282 0.0550915 1.5 0 0.7898 0 0 0 
 0.290028 0.344414 0.973324 0.169819 0 0.2822 0.3293 0.8975 0.173761 0.0470095 0.048659 1.5 0 0.7898 0 0 0 
 0.299685 0.358669 0.978225 0.173761 0 0.2895 0.3385 0.8984 0.168159 0.0435784 0.0466131 1.5 0 0.7898 0 0 0 
 0.309176 0.372821 0.98272 0.168159 0 0.3043 0.3571 0.9001 0.175186 0.0358163 0.0367839 1.5 0 0.7898 0 0 0 
 0.316859 0.384374 0.985741 0.175186 0 0.308 0.3617 0.9005 0.167031 0.0341765 0.0368134 1.5 0 0.7898 0 0 0 
 0.324407 0.395794 0.988541 0.167031 0 0.3193 0.3759 0.9017 0.171735 0.0279915 0.0293302 1.5 0 0.7898 0 0 0 
 0.333729 0.409992 0.991587 0.171735 0 0.3306 0.3903 0.9029 0.173252 0.022657 0.0235352 1.5 0 0.7898 0 0 0 
 0.343163 0.424451 0.994066 0.173252 0 0.3382 0.4 0.9036 0.168324 0.0196107 0.0209679 1.5 0 0.7898 0 0 0 
 0.350553 0.435826 0.995696 0.168324 0 0.3459 0.4097 0.9043 0.167264 0.0156934 0.0168868 1.5 0 0.7898 0 0 0 
 0.359663 0.449904 0.997422 0.167264 0 0.3575 0.4245 0.9053 0.169596 0.00991264 0.0105203 1.5 0 0.7898 0 0 0 
