 0.768 0.665 0.138943 0 0 0.768 0.665 -7.23688 0 0 0 2.306 2.367 0 0 0 0 
 0.771 0.662 0.138943 0 0 0.771 0.662 -7.26502 7.01991e-05 9.8241e-14 5.59785e-10 2.305 2.369 0 0 0 0 
 0.766 0.663 0.138943 0 0 0.766 0.663 -7.15918 7.04341e-05 9.91591e-14 5.63131e-10 2.306 2.368 0 0 0 0 
 0.765 0.663 0.138943 0 0 0.765 0.663 -7.15021 7.04554e-05 9.92417e-14 5.6343e-10 2.304 2.366 0 0 0 0 
 0.764 0.666 0.138944 0 0 0.764 0.666 -7.16133 7.04381e-05 9.87038e-14 5.60514e-10 2.306 2.366 0 0 0 0 
 0.762 0.666 0.138942 0 0 0.762 0.666 -7.12987 7.05112e-05 9.90112e-14 5.61676e-10 2.304 2.37 0 0 0 0 
 0.763 0.667 0.138942 0 0 0.763 0.667 -7.14771 7.04718e-05 9.86992e-14 5.60219e-10 2.307 2.371 0 0 0 0 
 0.765 0.665 0.138944 0 0 0.765 0.665 -7.19566 7.03591e-05 9.84906e-14 5.59931e-10 2.302 2.365 0 0 0 0 
 0.765 0.658 0.138944 0 0 0.765 0.658 -7.05899 7.06563e-05 1.00885e-13 5.71133e-10 2.306 2.367 0 0 0 0 
 0.767 0.656 0.138945 0 0 0.767 0.656 -7.08555 7.05869e-05 1.00904e-13 5.718e-10 2.304 2.368 0 0 0 0 
 0.766 0.661 0.138946 0 0 0.766 0.661 -7.12772 7.05009e-05 9.97631e-14 5.66025e-10 2.306 2.367 0 0 0 0 
 0.769 0.66 0.138946 0 0 0.769 0.66 -7.18661 7.03636e-05 9.93157e-14 5.64586e-10 2.305 2.366 0 0 0 0 
 0.768 0.663 0.138947 0 0 0.768 0.663 -7.20473 7.03318e-05 9.87031e-14 5.61357e-10 2.306 2.366 0 0 0 0 
 0.762 0.664 0.138945 0 0 0.762 0.664 -7.09868 7.05789e-05 9.96117e-14 5.64541e-10 2.304 2.364 0 0 0 0 
 0.759 0.662 0.138945 0 0 0.759 0.662 -7.00236 7.08091e-05 1.00863e-13 5.69771e-10 2.304 2.367 0 0 0 0 
 0.763 0.659 0.138946 0 0 0.763 0.659 -7.0371 7.07134e-05 1.00955e-13 5.71065e-10 2.305 2.368 0 0 0 0 
 0.77 0.663 0.138945 0 0 0.77 0.663 -7.26502 7.02024e-05 9.80926e-14 5.58913e-10 2.304 2.366 0 0 0 0 
 0.766 0.663 0.138945 0 0 0.766 0.663 -7.15918 7.04341e-05 9.9159e-14 5.6313e-10 2.306 2.369 0 0 0 0 
 0.764 0.662 0.138946 0 0 0.764 0.662 -7.08533 7.06035e-05 1.00049e-13 5.66821e-10 2.308 2.372 0 0 0 0 
 0.767 0.662 0.138946 0 0 0.767 0.662 -7.16601 7.04156e-05 9.92354e-14 5.63712e-10 2.306 2.369 0 0 0 0 
 0.762 0.663 0.138945 0 0 0.762 0.663 -7.06329 7.066e-05 1.0012e-13 5.66773e-10 2.307 2.368 0 0 0 0 
