 2.287 1.412 -0.0212457 1.17569e+214 2.42461e+232 2.39609 1.295 -0.0020901 0 0 0 2.394 0.295 -0.0020901 0 32.502 32.502 
 2.279 1.42 -0.0212462 1.17569e+214 2.42461e+232 2.39609 1.3 -0.00208902 0.113942 -0.705936 -0.523599 2.394 0.3 -0.00208902 0 32.502 32.502 
 2.276 1.417 -0.0212466 1.17569e+214 2.42461e+232 2.39109 1.301 -0.00208926 0.111569 -0.685943 -0.523599 2.389 0.301 -0.00208926 0 32.502 32.502 
 2.293 1.404 -0.0212472 1.17569e+214 2.42461e+232 2.39509 1.318 -0.00209129 0.0959497 -0.525286 -0.523599 2.393 0.318 -0.00209129 0 32.502 32.502 
 2.291 1.404 -0.0212471 1.17569e+214 2.42461e+232 2.39909 1.321 -0.00209023 0.100761 -0.501483 -0.523599 2.397 0.321 -0.00209023 0 32.502 32.502 
 2.272 1.405 -0.0212489 1.17569e+214 2.42461e+232 2.39809 1.322 -0.00208929 0.116364 -0.484711 -0.523599 2.396 0.322 -0.00208929 0 32.502 32.502 
 2.259 1.423 -0.0212483 1.17569e+214 2.42461e+232 2.39809 1.316 -0.00208807 0.130834 -0.60797 -0.523599 2.396 0.316 -0.00208807 0 32.502 32.502 
 2.277 1.406 -0.0212494 1.17569e+214 2.42461e+232 2.39209 1.308 -0.00208841 0.108828 -0.582916 -0.523599 2.39 0.308 -0.00208841 0 32.502 32.502 
 2.268 1.431 -0.0212485 1.17569e+214 2.42461e+232 2.39009 1.302 -0.00208867 0.119756 -0.749277 -0.523599 2.388 0.302 -0.00208867 0 32.502 32.502 
 2.268 1.419 -0.0212483 1.17569e+214 2.42461e+232 2.38809 1.298 -0.00208665 0.11668 -0.707788 -0.523599 2.386 0.298 -0.00208665 0 32.502 32.502 
 2.271 1.42 -0.0212477 1.17569e+214 2.42461e+232 2.38509 1.305 -0.00208579 0.110546 -0.681506 -0.523599 2.383 0.305 -0.00208579 0 32.502 32.502 
 2.258 1.421 -0.0212481 1.17569e+214 2.42461e+232 2.39109 1.306 -0.00208826 0.12688 -0.658938 -0.523599 2.389 0.306 -0.00208826 0 32.502 32.502 
 2.261 1.408 -0.0212472 1.17569e+214 2.42461e+232 2.39509 1.312 -0.00208754 0.124965 -0.551679 -0.523599 2.393 0.312 -0.00208754 0 32.502 32.502 
 2.272 1.416 -0.0212475 1.17569e+214 2.42461e+232 2.39709 1.319 -0.00208819 0.117324 -0.566623 -0.523599 2.395 0.319 -0.00208819 0 32.502 32.502 
 2.277 1.427 -0.0212472 1.17569e+214 2.42461e+232 2.39309 1.32 -0.00209078 0.111017 -0.633665 -0.523599 2.391 0.32 -0.00209078 0 32.502 32.502 
 2.266 1.422 -0.0212471 1.17569e+214 2.42461e+232 2.38809 1.31 -0.00208952 0.116951 -0.655095 -0.523599 2.386 0.31 -0.00208952 0 32.502 32.502 
 2.266 1.429 -0.0212467 1.17569e+214 2.42461e+232 2.39609 1.299 -0.00208932 0.126777 -0.744375 -0.523599 2.394 0.299 -0.00208932 0 32.502 32.502 
 2.262 1.396 -0.0212459 1.17569e+214 2.42461e+232 2.39509 1.304 -0.00208945 0.123568 -0.52995 -0.523599 2.393 0.304 -0.00208945 0 32.502 32.502 
 2.261 1.394 -0.0212461 1.17569e+214 2.42461e+232 2.39909 1.309 -0.00208985 0.127013 -0.485259 -0.523599 2.397 0.309 -0.00208985 0 32.502 32.502 
 2.251 1.409 -0.0212458 1.17569e+214 2.42461e+232 2.40309 1.311 -0.00208683 0.140795 -0.544709 -0.523599 2.401 0.311 -0.00208683 0 32.502 32.502 
 2.272 1.411 -0.0212462 1.17569e+214 2.42461e+232 2.39909 1.314 -0.00208712 0.119051 -0.564549 -0.523599 2.397 0.314 -0.00208712 0 32.502 32.502 
 2.26 1.404 -0.0212446 1.17569e+214 2.42461e+232 2.39709 1.31 -0.00208932 0.127292 -0.537352 -0.523599 2.395 0.31 -0.00208932 0 32.502 32.502 
 2.27 1.417 -0.0212447 1.17569e+214 2.42461e+232 2.40109 1.31 -0.00208616 0.123936 -0.616802 -0.523599 2.399 0.31 -0.00208616 0 32.502 32.502 
 2.258 1.405 -0.0212437 1.17569e+214 2.42461e+232 2.40808 1.318 -0.00208495 0.137655 -0.48561 -0.523599 2.406 0.318 -0.00208495 0 32.502 32.502 
 2.257 1.43 -0.0212444 1.17569e+214 2.42461e+232 2.40209 1.319 -0.00208604 0.136594 -0.623309 -0.523599 2.4 0.319 -0.00208604 0 32.502 32.502 
 2.269 1.41 -0.0344647 1.17569e+214 2.42461e+232 2.39509 1.33 -0.00208544 0.116711 -0.456479 -0.523599 2.393 0.33 -0.00208544 0 32.502 32.502 
 2.273 1.414 -0.091733 1.17569e+214 2.42461e+232 2.38108 1.332 -0.00208342 0.104475 -0.443641 -0.523599 2.379 0.332 -0.00208342 0 32.502 32.502 
 2.297 1.419 -0.136742 1.17569e+214 2.42461e+232 2.37808 1.32 -0.00208427 0.0875773 -0.553603 -0.523599 2.376 0.32 -0.00208427 0 32.502 32.502 
 2.322 1.447 -0.185367 1.17569e+214 2.42461e+232 2.38006 1.318 -0.0020578 0.0803449 -0.742153 -0.523599 2.378 0.318 -0.0020578 0 32.502 32.502 
 2.321 1.437 -0.24356 1.17569e+214 2.42461e+232 2.35713 1.32689 0.0148735 0.0611115 -0.653638 -0.523599 2.372 0.327 0.0148735 0 32.502 32.502 
 2.331 1.441 -0.316423 1.17569e+214 2.42461e+232 2.32953 1.33357 0.0534935 0.0361961 -0.71327 -0.523599 2.383 0.335 0.0534935 0 32.502 32.502 
 2.337 1.416 -0.383145 1.17569e+214 2.42461e+232 2.3093 1.33122 0.097857 0.0117104 -0.649458 -0.523599 2.407 0.336 0.097857 0 32.502 32.502 
 2.358 1.441 -0.454539 1.17569e+214 2.42461e+232 2.27486 1.31783 0.135552 6.04509e-06 -1.06487 -0.523599 2.41 0.327 0.135552 0 32.502 32.502 
 2.357 1.444 -0.521294 1.17569e+214 2.42461e+232 2.25672 1.33057 0.170104 3.13577e-07 -1.09124 -0.523599 2.426 0.345 0.170104 0 32.502 32.502 
 2.354 1.459 -0.624504 1.17569e+214 2.42461e+232 2.25825 1.33025 0.199064 0.0176178 -1.11737 -0.523599 2.456 0.35 0.199064 0 32.502 32.502 
 2.357 1.457 -0.737445 1.17569e+214 2.42461e+232 2.26505 1.33018 0.21869 0.0332449 -1.06074 -0.523599 2.482 0.354 0.21869 0 32.502 32.502 
 2.343 1.466 -0.850606 1.17569e+214 2.42461e+232 2.26928 1.33931 0.235897 0.0549403 -0.920951 -0.523599 2.503 0.367 0.235897 0 32.502 32.502 
 2.349 1.458 -0.948662 1.17569e+214 2.42461e+232 2.29209 1.34605 0.245363 0.0597982 -0.740922 -0.523599 2.535 0.376 0.245363 0 32.502 32.502 
 2.373 1.465 -1.04535 1.17569e+214 2.42461e+232 2.33665 1.36118 0.248914 0.0678594 -0.551642 -0.523599 2.583 0.392 0.248914 0 32.502 32.502 
 2.359 1.448 -1.11981 1.17569e+214 2.42461e+232 2.36945 1.37413 0.249115 0.0626989 -0.153451 -0.414956 2.616 0.405 0.249115 0 32.502 32.502 
 2.357 1.442 -1.17997 1.17569e+214 2.42461e+232 2.38475 1.37321 0.248804 0.0650659 -0.00365582 -0.0101132 2.631 0.404 0.248804 0 32.502 32.502 
 2.333 1.431 -1.19395 1.17569e+214 2.42461e+232 2.40814 1.38981 0.246347 0.0600768 0.368827 0.523599 2.652 0.42 0.246347 0 32.502 32.502 
 2.343 1.434 -1.19347 1.17569e+214 2.42461e+232 2.44862 1.39968 0.242753 0.0674439 0.565162 0.523599 2.689 0.429 0.242753 0 32.502 32.502 
 2.343 1.439 -1.18629 1.17569e+214 2.42461e+232 2.47398 1.41347 0.23518 0.0727624 0.725962 0.523599 2.707 0.441 0.23518 0 32.502 32.502 
 2.338 1.439 -1.14775 1.17569e+214 2.42461e+232 2.53174 1.43256 0.216959 0.0948957 1.05776 0.523599 2.747 0.456 0.216959 0 32.502 32.502 
 2.339 1.405 -1.07291 1.17569e+214 2.42461e+232 2.58026 1.43285 0.195994 0.110907 1.29423 0.523599 2.775 0.452 0.195994 0 32.502 32.502 
 2.37 1.421 -0.968224 1.17569e+214 2.42461e+232 2.64284 1.44189 0.174034 0.152423 1.26239 0.523599 2.816 0.457 0.174034 0 32.502 32.502 
 2.373 1.425 -0.839069 1.17569e+214 2.42461e+232 2.6883 1.45065 0.157347 0.200891 1.23117 0.523599 2.845 0.463 0.157347 0 32.502 32.502 
 2.374 1.414 -0.712166 1.17569e+214 2.42461e+232 2.70515 1.46156 0.151424 0.224309 1.18815 0.523599 2.856 0.473 0.151424 0 32.502 32.502 
 2.394 1.423 -0.589992 1.17569e+214 2.42461e+232 2.73153 1.47207 0.148008 0.247347 1.04634 0.523599 2.879 0.483 0.148008 0 32.502 32.502 
 2.398 1.375 -0.471503 1.17569e+214 2.42461e+232 2.75445 1.4702 0.147075 0.268758 1.08357 0.523599 2.901 0.481 0.147075 0 32.502 32.502 
 2.432 1.384 -0.366123 1.17569e+214 2.42461e+232 2.77648 1.4665 0.145032 0.274933 0.884274 0.523599 2.921 0.477 0.145032 0 32.502 32.502 
 2.416 1.345 -0.259782 1.17569e+214 2.42461e+232 2.7975 1.47565 0.144001 0.31562 0.92037 0.483363 2.941 0.486 0.144001 0 32.502 32.502 
 2.479 1.354 -0.170442 1.17569e+214 2.42461e+232 2.83158 1.48037 0.145939 0.301178 0.782286 0.437341 2.977 0.491 0.145939 0 32.502 32.502 
 2.517 1.337 -0.0810187 1.17569e+214 2.42461e+232 2.85985 1.47781 0.149709 0.302413 0.714438 0.402076 3.009 0.489 0.149709 0 32.502 32.502 
 2.523 1.329 0.00113256 1.17569e+214 2.42461e+232 2.89387 1.50205 0.154751 0.338014 0.691784 0.352964 3.048 0.514 0.154751 0 32.502 32.502 
 2.542 1.346 0.0726955 1.17569e+214 2.42461e+232 2.91537 1.51534 0.171468 0.345822 0.563957 0.285519 3.086 0.53 0.171468 0 32.502 32.502 
 2.577 1.382 0.141428 1.17569e+214 2.42461e+232 2.92261 1.52323 0.183416 0.321237 0.379648 0.209605 3.105 0.54 0.183416 0 32.502 32.502 
 2.606 1.329 0.197794 1.17569e+214 2.42461e+232 2.93761 1.53532 0.193595 0.328864 0.56109 0.297963 3.13 0.554 0.193595 0 32.502 32.502 
 2.659 1.306 0.237925 1.17569e+214 2.42461e+232 2.92472 1.49091 0.205731 0.271313 0.529342 0.337733 3.129 0.512 0.205731 0 32.502 32.502 
 2.701 1.342 0.295388 1.17569e+214 2.42461e+232 2.89739 1.43014 0.214242 0.187733 0.144096 0.137291 3.11 0.453 0.214242 0 32.502 32.502 
 2.75 1.36 0.342289 1.17569e+214 2.42461e+232 2.84223 1.41379 0.254506 0.0923161 0.12547 0.239932 3.094 0.446 0.254506 0 32.502 32.502 
 2.795 1.351 0.350868 1.17569e+214 2.42461e+232 2.79976 1.39768 0.321763 0.0194436 0.30737 0.523599 3.116 0.449 0.321763 0 32.502 32.502 
 2.805 1.382 0.365109 1.17569e+214 2.42461e+232 2.76116 1.38887 0.387466 5.37517e-08 0.189188 0.523599 3.139 0.463 0.387466 0 32.502 32.502 
 2.823 1.403 0.396232 1.17569e+214 2.42461e+232 2.72483 1.38879 0.446894 1.53957e-08 0.257968 0.523599 3.157 0.487 0.446894 0 32.502 32.502 
 2.808 1.416 0.416069 1.17569e+214 2.42461e+232 2.69276 1.39978 0.497506 1.19248e-08 0.348001 0.523599 3.17 0.521 0.497506 0 32.502 32.502 
 2.812 1.428 0.442746 1.17569e+214 2.42461e+232 2.68125 1.40532 0.521007 9.26682e-09 0.411236 0.523599 3.179 0.538 0.521007 0 32.502 32.502 
 2.799 1.417 0.479134 1.17569e+214 2.42461e+232 2.68302 1.41771 0.528206 1.48322e-08 0.563687 0.523599 3.187 0.554 0.528206 0 32.502 32.502 
 2.827 1.394 0.522612 1.17569e+214 2.42461e+232 2.70253 1.44101 0.527614 2.5729e-08 0.946423 0.523599 3.206 0.577 0.527614 0 32.502 32.502 
 2.827 1.386 0.580586 1.17569e+214 2.42461e+232 2.73938 1.4455 0.526632 7.70242e-08 0.79233 0.523599 3.242 0.581 0.526632 0 32.502 32.502 
 2.813 1.406 0.66799 1.17569e+214 2.42461e+232 2.76356 1.44777 0.52411 1.0124e-07 0.488237 0.523599 3.264 0.582 0.52411 0 32.502 32.502 
 2.809 1.405 0.747594 1.17569e+214 2.42461e+232 2.78322 1.47373 0.522188 0.0280685 0.484525 0.523599 3.282 0.607 0.522188 0 32.502 32.502 
 2.806 1.404 0.79463 1.17569e+214 2.42461e+232 2.80603 1.4912 0.521252 0.057389 0.413269 0.523599 3.304 0.624 0.521252 0 32.502 32.502 
 2.805 1.401 0.841146 1.17569e+214 2.42461e+232 2.82333 1.51108 0.51746 0.0852048 0.383701 0.523599 3.318 0.642 0.51746 0 32.502 32.502 
 2.806 1.385 0.880808 1.17569e+214 2.42461e+232 2.84937 1.53892 0.501371 0.131012 0.379862 0.481014 3.33 0.662 0.501371 0 32.502 32.502 
 2.801 1.379 0.918655 1.17569e+214 2.42461e+232 2.88359 1.56209 0.484099 0.172826 0.247928 0.252699 3.349 0.677 0.484099 0 32.502 32.502 
 2.767 1.366 0.955215 1.17569e+214 2.42461e+232 2.91805 1.57906 0.462231 0.229089 -0.00146697 -0.00115263 3.364 0.684 0.462231 0 32.502 32.502 
 2.783 1.401 0.977849 1.17569e+214 2.42461e+232 2.95555 1.59409 0.443888 0.225687 -0.174072 -0.137952 3.385 0.691 0.443888 0 32.502 32.502 
 2.78 1.41 0.978328 1.17569e+214 2.42461e+232 2.99576 1.61217 0.427107 0.254969 -0.30945 -0.215083 3.41 0.702 0.427107 0 32.502 32.502 
 2.814 1.391 0.976842 1.17569e+214 2.42461e+232 3.03364 1.62627 0.419559 0.280051 -0.225871 -0.144169 3.441 0.713 0.419559 0 32.502 32.502 
 2.816 1.42 0.968379 1.17569e+214 2.42461e+232 3.06262 1.62915 0.417389 0.277164 -0.380697 -0.242377 3.468 0.715 0.417389 0 32.502 32.502 
 2.859 1.445 0.949542 1.17569e+214 2.42461e+232 3.08206 1.63634 0.416909 0.252816 -0.328919 -0.230038 3.487 0.722 0.416909 0 32.502 32.502 
 2.87 1.487 0.907925 1.17569e+214 2.42461e+232 3.1016 1.6248 0.420706 0.22531 -0.480768 -0.366712 3.51 0.712 0.420706 0 32.502 32.502 
 2.873 1.519 0.87064 1.17569e+214 2.42461e+232 3.12966 1.62867 0.428318 0.226844 -0.613145 -0.452813 3.545 0.719 0.428318 0 32.502 32.502 
 2.902 1.556 0.82125 1.17569e+214 2.42461e+232 3.13116 1.63058 0.456539 0.192469 -0.608241 -0.517189 3.572 0.733 0.456539 0 32.502 32.502 
 2.914 1.547 0.759511 1.17569e+214 2.42461e+232 3.0982 1.63038 0.500425 0.170127 -0.362871 -0.366576 3.578 0.753 0.500425 0 32.502 32.502 
 2.92 1.567 0.697068 1.17569e+214 2.42461e+232 3.07928 1.62636 0.540682 0.14256 -0.327142 -0.391712 3.594 0.769 0.540682 0 32.502 32.502 
 2.92 1.575 0.657595 1.17569e+214 2.42461e+232 3.05503 1.62304 0.571592 0.120797 -0.267813 -0.379702 3.596 0.782 0.571592 0 32.502 32.502 
 2.935 1.598 0.624257 1.17569e+214 2.42461e+232 3.03906 1.63013 0.600358 0.0913821 -0.221374 -0.411194 3.604 0.805 0.600358 0 32.502 32.502 
 2.959 1.576 0.597514 1.17569e+214 2.42461e+232 3.03505 1.62794 0.619901 0.0807752 0.00101069 0.00225221 3.616 0.814 0.619901 0 32.502 32.502 
 2.984 1.554 0.5758 1.17569e+214 2.42461e+232 3.05278 1.63987 0.625152 0.0924509 0.219819 0.404395 3.638 0.829 0.625152 0 32.502 32.502 
 2.999 1.553 0.574152 1.17569e+214 2.42461e+232 3.07573 1.64694 0.630156 0.102207 0.23208 0.388003 3.665 0.839 0.630156 0 32.502 32.502 
 3.005 1.572 0.577676 1.17569e+214 2.42461e+232 3.08895 1.65569 0.637329 0.102176 0.151545 0.260888 3.684 0.852 0.637329 0 32.502 32.502 
 3.01 1.592 0.584044 1.17569e+214 2.42461e+232 3.09104 1.66153 0.645948 0.0930575 0.0846711 0.162337 3.693 0.863 0.645948 0 32.502 32.502 
 3.014 1.623 0.593214 1.17569e+214 2.42461e+232 3.10045 1.68232 0.66435 0.0919631 0.00544095 0.0106492 3.717 0.895 0.66435 0 32.502 32.502 
 3.028 1.635 0.597725 1.17569e+214 2.42461e+232 3.11155 1.68826 0.675708 0.0868783 -0.0192399 -0.0398414 3.737 0.908 0.675708 0 32.502 32.502 
 3.025 1.594 0.59859 1.17569e+214 2.42461e+232 3.11389 1.71051 0.681693 0.123389 0.276344 0.383204 3.744 0.934 0.681693 0 32.502 32.502 
 3.038 1.594 0.60337 1.17569e+214 2.42461e+232 3.12888 1.72593 0.692059 0.13338 0.334814 0.424384 3.767 0.956 0.692059 0 32.502 32.502 
 3.066 1.598 0.631889 1.17569e+214 2.42461e+232 3.14097 1.73518 0.693238 0.126982 0.393837 0.509171 3.78 0.966 0.693238 0 32.502 32.502 
 3.052 1.636 0.667093 1.17569e+214 2.42461e+232 3.15 1.74638 0.694498 0.127874 0.15505 0.214885 3.79 0.978 0.694498 0 32.502 32.502 
 3.056 1.626 0.705065 1.17569e+214 2.42461e+232 3.159 1.75971 0.6971 0.145583 0.201474 0.244136 3.801 0.993 0.6971 0 32.502 32.502 
 3.063 1.674 0.720933 1.17569e+214 2.42461e+232 3.16211 1.78396 0.698265 0.129161 0.101922 0.141096 3.805 1.018 0.698265 0 32.502 32.502 
 3.054 1.706 0.741428 1.17569e+214 2.42461e+232 3.1861 1.79511 0.699584 0.138593 -0.136866 -0.175919 3.83 1.03 0.699584 0 32.502 32.502 
 3.082 1.71 0.745066 1.17569e+214 2.42461e+232 3.21034 1.79931 0.699268 0.136156 -0.125082 -0.163877 3.854 1.034 0.699268 0 32.502 32.502 
 3.075 1.712 0.743487 1.17569e+214 2.42461e+232 3.22465 1.81173 0.700175 0.15631 -0.156992 -0.178853 3.869 1.047 0.700175 0 32.502 32.502 
 3.061 1.717 0.740131 1.17569e+214 2.42461e+232 3.23676 1.82728 0.703962 0.179869 -0.199707 -0.197254 3.884 1.065 0.703962 0 32.502 32.502 
 3.08 1.723 0.733554 1.17569e+214 2.42461e+232 3.25973 1.81039 0.714541 0.170241 -0.303288 -0.310315 3.915 1.055 0.714541 0 32.502 32.502 
 3.095 1.713 0.716296 1.17569e+214 2.42461e+232 3.26362 1.80972 0.730683 0.16811 -0.20785 -0.218983 3.931 1.065 0.730683 0 32.502 32.502 
 3.112 1.741 0.686053 1.17569e+214 2.42461e+232 3.27657 1.79844 0.763469 0.145833 -0.342555 -0.400017 3.968 1.076 0.763469 0 32.502 32.502 
 3.125 1.768 0.663929 1.17569e+214 2.42461e+232 3.25196 1.78794 0.803855 0.101152 -0.38968 -0.523599 3.972 1.094 0.803855 0 32.502 32.502 
 3.111 1.766 0.627732 1.17569e+214 2.42461e+232 3.22931 1.78652 0.850616 0.0964941 -0.332901 -0.523599 3.981 1.127 0.850616 0 32.502 32.502 
 3.128 1.779 0.590656 1.17569e+214 2.42461e+232 3.20043 1.78003 0.889201 0.054452 -0.269588 -0.523599 3.977 1.15 0.889201 0 32.502 32.502 
 3.153 1.798 0.557959 1.17569e+214 2.42461e+232 3.17614 1.7841 0.917136 0.0112395 -0.178185 -0.523599 3.97 1.176 0.917136 0 32.502 32.502 
 3.171 1.802 0.531163 1.17569e+214 2.42461e+232 3.17773 1.7973 0.924415 0.00305057 -0.0561754 -0.523599 3.976 1.195 0.924415 0 32.502 32.502 
 3.16 1.807 0.516646 1.17569e+214 2.42461e+232 3.19603 1.8247 0.923911 0.0351577 -0.0170847 -0.0872478 3.994 1.222 0.923911 0 32.502 32.502 
 3.163 1.811 0.51274 1.17569e+214 2.42461e+232 3.21332 1.83941 0.921777 0.0506877 0.000453344 0.0016099 4.01 1.235 0.921777 0 32.502 32.502 
 3.159 1.784 0.510218 1.17569e+214 2.42461e+232 3.23439 1.86012 0.918359 0.0909324 0.188867 0.357772 4.029 1.253 0.918359 0 32.502 32.502 
 3.164 1.788 0.509792 1.17569e+214 2.42461e+232 3.2562 1.87718 0.91703 0.109491 0.20217 0.320876 4.05 1.269 0.91703 0 32.502 32.502 
 3.163 1.787 0.513791 1.17569e+214 2.42461e+232 3.27707 1.88401 0.917248 0.129479 0.16842 0.229993 4.071 1.276 0.917248 0 32.502 32.502 
 3.18 1.809 0.51789 1.17569e+214 2.42461e+232 3.27557 1.90936 0.918065 0.117469 0.24163 0.354605 4.07 1.302 0.918065 0 32.502 32.502 
 3.201 1.812 0.52782 1.17569e+214 2.42461e+232 3.28156 1.9164 0.923043 0.10882 0.305251 0.467573 4.079 1.313 0.923043 0 32.502 32.502 
 3.227 1.808 0.551127 1.17569e+214 2.42461e+232 3.28457 1.92843 0.928005 0.101906 0.450057 0.523599 4.085 1.329 0.928005 0 32.502 32.502 
 3.195 1.817 0.583273 1.17569e+214 2.42461e+232 3.29781 1.95138 0.934307 0.142121 0.320491 0.385591 4.102 1.357 0.934307 0 32.502 32.502 
 3.234 1.838 0.627893 1.17569e+214 2.42461e+232 3.3115 1.96312 0.9433 0.121515 0.334431 0.459954 4.121 1.376 0.9433 0 32.502 32.502 
 3.224 1.867 0.659299 1.17569e+214 2.42461e+232 3.32426 1.98622 0.950565 0.134258 0.192695 0.25282 4.138 1.405 0.950565 0 32.502 32.502 
 3.218 1.877 0.691581 1.17569e+214 2.42461e+232 3.32674 1.99156 0.963609 0.137781 0.110218 0.143008 4.148 1.421 0.963609 0 32.502 32.502 
 3.242 1.881 0.708439 1.17569e+214 2.42461e+232 3.32885 2.00503 0.977579 0.129554 0.223088 0.300563 4.158 1.446 0.977579 0 32.502 32.502 
 3.263 1.86 0.718208 1.17569e+214 2.42461e+232 3.3335 2.03097 0.990859 0.149414 0.466921 0.51239 4.17 1.483 0.990859 0 32.502 32.502 
 3.265 1.873 0.746314 1.17569e+214 2.42461e+232 3.33688 2.02429 1.0012 0.138832 0.361332 0.438114 4.179 1.485 1.0012 0 32.502 32.502 
 3.255 1.893 0.793626 1.17569e+214 2.42461e+232 3.36399 2.03675 1.00658 0.157256 0.129925 0.147633 4.209 1.502 1.00658 0 32.502 32.502 
 3.273 1.935 0.825248 1.17569e+214 2.42461e+232 3.35164 2.03395 1.02049 0.110619 0.0574898 0.0932762 4.204 1.511 1.02049 0 32.502 32.502 
 3.279 1.937 0.835784 1.17569e+214 2.42461e+232 3.34983 2.03301 1.04949 0.10423 0.0737044 0.126603 4.217 1.535 1.04949 0 32.502 32.502 
 3.284 1.948 0.84208 1.17569e+214 2.42461e+232 3.34753 2.0188 1.07265 0.0834393 -0.00161689 -0.00348803 4.226 1.541 1.07265 0 32.502 32.502 
 3.309 1.949 0.848909 1.17569e+214 2.42461e+232 3.34866 2.02395 1.08722 0.0726182 0.130588 0.313047 4.234 1.559 1.08722 0 32.502 32.502 
 3.307 1.952 0.849763 1.17569e+214 2.42461e+232 3.34418 2.02342 1.11027 0.0688581 0.127959 0.322794 4.24 1.579 1.11027 0 32.502 32.502 
 3.315 1.967 0.863119 1.17569e+214 2.42461e+232 3.35536 2.02718 1.13053 0.0631799 0.0568975 0.160704 4.26 1.601 1.13053 0 32.502 32.502 
 3.326 1.988 0.874672 1.17569e+214 2.42461e+232 3.36939 2.02706 1.14718 0.0507492 -0.0568535 -0.198983 4.281 1.616 1.14718 0 32.502 32.502 
 3.352 1.982 0.879306 1.17569e+214 2.42461e+232 3.38844 2.02594 1.16697 0.0500719 -0.000315075 -0.00113264 4.308 1.633 1.16697 0 32.502 32.502 
 3.343 1.964 0.878391 1.17569e+214 2.42461e+232 3.36894 2.04288 1.1973 0.0684595 0.202261 0.488764 4.3 1.678 1.1973 0 32.502 32.502 
 3.329 1.966 0.87957 1.17569e+214 2.42461e+232 3.34013 2.03144 1.2372 0.0512834 0.227833 0.523599 4.285 1.704 1.2372 0 32.502 32.502 
 3.323 1.983 0.899866 1.17569e+214 2.42461e+232 3.33706 2.03515 1.2628 0.0438479 0.149411 0.523599 4.29 1.732 1.2628 0 32.502 32.502 
 3.335 1.979 0.922165 1.17569e+214 2.42461e+232 3.34818 2.05637 1.26571 0.0620433 0.244035 0.523599 4.302 1.756 1.26571 0 32.502 32.502 
 3.332 1.999 0.937682 1.17569e+214 2.42461e+232 3.35485 2.08534 1.26679 0.0736925 0.215222 0.483993 4.309 1.786 1.26679 0 32.502 32.502 
 3.353 1.993 0.962615 1.17569e+214 2.42461e+232 3.35958 2.11624 1.27109 0.094933 0.409782 0.523599 4.315 1.821 1.27109 0 32.502 32.502 
 3.362 1.991 0.984584 1.17569e+214 2.42461e+232 3.36111 2.12172 1.27268 0.0987378 0.4565 0.523599 4.317 1.828 1.27268 0 32.502 32.502 
 3.351 1.993 1.02744 1.17569e+214 2.42461e+232 3.37677 2.14262 1.27383 0.126003 0.329028 0.439385 4.333 1.85 1.27383 0 32.502 32.502 
 3.334 2.006 1.07477 1.17569e+214 2.42461e+232 3.37947 2.15433 1.27831 0.134012 0.179792 0.236954 4.337 1.866 1.27831 0 32.502 32.502 
 3.331 2.024 1.10344 1.17569e+214 2.42461e+232 3.38808 2.18829 1.2867 0.151537 0.131039 0.154412 4.348 1.908 1.2867 0 32.502 32.502 
 3.336 2.023 1.1205 1.17569e+214 2.42461e+232 3.38904 2.21564 1.29777 0.173149 0.196783 0.201785 4.352 1.946 1.29777 0 32.502 32.502 
 3.343 2.042 1.13496 1.17569e+214 2.42461e+232 3.40137 2.2219 1.30787 0.164983 0.127661 0.138391 4.367 1.962 1.30787 0 32.502 32.502 
 3.377 2.07 1.15553 1.17569e+214 2.42461e+232 3.3989 2.22756 1.31754 0.13541 0.25474 0.326506 4.367 1.977 1.31754 0 32.502 32.502 
 3.383 2.072 1.16828 1.17569e+214 2.42461e+232 3.38599 2.23594 1.33363 0.135736 0.358798 0.444104 4.358 2.001 1.33363 0 32.502 32.502 
 3.381 2.091 1.1964 1.17569e+214 2.42461e+232 3.39537 2.23143 1.34957 0.120202 0.22893 0.330262 4.371 2.012 1.34957 0 32.502 32.502 
 3.418 2.107 1.23319 1.17569e+214 2.42461e+232 3.40363 2.25254 1.35765 0.118785 0.372273 0.513621 4.381 2.041 1.35765 0 32.502 32.502 
 3.41 2.132 1.25939 1.17569e+214 2.42461e+232 3.39629 2.27342 1.369 0.116501 0.341559 0.485581 4.376 2.073 1.369 0 32.502 32.502 
 3.418 2.125 1.29672 1.17569e+214 2.42461e+232 3.406 2.28589 1.38076 0.134943 0.322346 0.406079 4.388 2.097 1.38076 0 32.502 32.502 
 3.411 2.147 1.3312 1.17569e+214 2.42461e+232 3.40757 2.29329 1.3885 0.124877 0.227298 0.31661 4.391 2.112 1.3885 0 32.502 32.502 
 3.423 2.136 1.36293 1.17569e+214 2.42461e+232 3.40044 2.29034 1.40063 0.130253 0.318344 0.414447 4.386 2.121 1.40063 0 32.502 32.502 
 3.424 2.16 1.38739 1.17569e+214 2.42461e+232 3.38325 2.30506 1.41409 0.121479 0.398606 0.523599 4.371 2.149 1.41409 0 32.502 32.502 
 3.454 2.183 1.42033 1.17569e+214 2.42461e+232 3.36642 2.31972 1.4195 0.114566 0.644542 0.523599 4.355 2.169 1.4195 0 32.502 32.502 
 3.438 2.181 1.46292 1.17569e+214 2.42461e+232 3.37021 2.3363 1.42093 0.133518 0.491254 0.523599 4.359 2.187 1.42093 0 32.502 32.502 
 3.428 2.187 1.52862 1.17569e+214 2.42461e+232 3.37847 2.34401 1.41921 0.137758 0.326468 0.403206 4.367 2.193 1.41921 0 32.502 32.502 
 3.433 2.209 1.57567 1.17569e+214 2.42461e+232 3.39918 2.3726 1.41456 0.144328 0.190173 0.232873 4.387 2.217 1.41456 0 32.502 32.502 
 3.451 2.221 1.6079 1.17569e+214 2.42461e+232 3.41309 2.41424 1.40884 0.17118 0.168172 0.175027 4.4 2.253 1.40884 0 32.502 32.502 
 3.43 2.206 1.62489 1.17569e+214 2.42461e+232 3.40982 2.43659 1.41053 0.202952 0.0396873 0.0351845 4.397 2.277 1.41053 0 32.502 32.502 
 3.446 2.223 1.64308 1.17569e+214 2.42461e+232 3.40557 2.45005 1.41208 0.20152 0.123794 0.110127 4.393 2.292 1.41208 0 32.502 32.502 
 3.422 2.268 1.64994 1.17569e+214 2.42461e+232 3.41462 2.47204 1.41817 0.178966 -0.0473961 -0.0476338 4.403 2.32 1.41817 0 32.502 32.502 
 3.417 2.274 1.66217 1.17569e+214 2.42461e+232 3.43109 2.51149 1.42175 0.20702 -0.182719 -0.157554 4.42 2.363 1.42175 0 32.502 32.502 
 3.407 2.289 1.66023 1.17569e+214 2.42461e+232 3.44326 2.52779 1.43458 0.207585 -0.293251 -0.249005 4.434 2.392 1.43458 0 32.502 32.502 
 3.386 2.343 1.6573 1.17569e+214 2.42461e+232 3.45382 2.53376 1.46283 0.165752 -0.462113 -0.465117 4.448 2.426 1.46283 0 32.502 32.502 
 3.392 2.38 1.64867 1.17569e+214 2.42461e+232 3.4689 2.52667 1.50908 0.127991 -0.51936 -0.523599 4.467 2.465 1.50908 0 32.502 32.502 
 3.395 2.384 1.60697 1.17569e+214 2.42461e+232 3.46406 2.49615 1.55965 0.0997587 -0.455708 -0.523599 4.464 2.485 1.55965 0 32.502 32.502 
 3.39 2.38 1.55652 1.17569e+214 2.42461e+232 3.44814 2.4452 1.61862 0.0603456 -0.38532 -0.523599 4.447 2.493 1.61862 0 32.502 32.502 
 3.408 2.398 1.50952 1.17569e+214 2.42461e+232 3.442 2.41615 1.67081 0.0185967 -0.239753 -0.523599 4.437 2.516 1.67081 0 32.502 32.502 
 3.414 2.406 1.47129 1.17569e+214 2.42461e+232 3.43718 2.42078 1.70644 0.0153017 -0.158934 -0.523599 4.428 2.556 1.70644 0 32.502 32.502 
 3.399 2.418 1.44899 1.17569e+214 2.42461e+232 3.42542 2.4129 1.72855 9.40532e-07 -0.203572 -0.523599 4.413 2.57 1.72855 0 32.502 32.502 
 3.396 2.415 1.43226 1.17569e+214 2.42461e+232 3.40989 2.41406 1.74359 0.00103289 -0.104925 -0.523599 4.395 2.586 1.74359 0 32.502 32.502 
 3.395 2.396 1.41122 1.17569e+214 2.42461e+232 3.42443 2.41845 1.75234 0.0240705 -0.184493 -0.523599 4.408 2.599 1.75234 0 32.502 32.502 
 3.399 2.405 1.39915 1.17569e+214 2.42461e+232 3.43433 2.43304 1.75174 0.0302433 -0.214687 -0.523599 4.418 2.613 1.75174 0 32.502 32.502 
 3.4 2.422 1.37885 1.17569e+214 2.42461e+232 3.4057 2.45303 1.75378 0.0276736 0.00236999 0.0154141 4.389 2.635 1.75378 0 32.502 32.502 
 3.398 2.42 1.36411 1.17569e+214 2.42461e+232 3.38868 2.4738 1.75911 0.0448194 0.140453 0.513584 4.371 2.661 1.75911 0 32.502 32.502 
 3.417 2.433 1.36455 1.17569e+214 2.42461e+232 3.37781 2.49912 1.7598 0.0517686 0.355555 0.523599 4.36 2.687 1.7598 0 32.502 32.502 
 3.403 2.426 1.36762 1.17569e+214 2.42461e+232 3.37148 2.52885 1.75804 0.0846678 0.332453 0.523599 4.354 2.715 1.75804 0 32.502 32.502 
 3.41 2.435 1.37937 1.17569e+214 2.42461e+232 3.37415 2.56299 1.75078 0.106625 0.367381 0.523599 4.358 2.742 1.75078 0 32.502 32.502 
 3.397 2.447 1.40846 1.17569e+214 2.42461e+232 3.36234 2.61519 1.73433 0.143033 0.353401 0.418469 4.349 2.778 1.73433 0 32.502 32.502 
 3.374 2.469 1.44444 1.17569e+214 2.42461e+232 3.34946 2.65805 1.72232 0.163186 0.267356 0.286774 4.338 2.809 1.72232 0 32.502 32.502 
 3.379 2.475 1.47809 1.17569e+214 2.42461e+232 3.32742 2.69103 1.71527 0.187391 0.377555 0.347911 4.317 2.835 1.71527 0 32.502 32.502 
 3.389 2.471 1.50437 1.17569e+214 2.42461e+232 3.31318 2.72785 1.70636 0.224909 0.456637 0.350378 4.304 2.863 1.70636 0 32.502 32.502 
 3.419 2.473 1.54435 1.17569e+214 2.42461e+232 3.30513 2.78377 1.69031 0.27692 0.546075 0.34108 4.298 2.903 1.69031 0 32.502 32.502 
 3.444 2.504 1.59105 1.17569e+214 2.42461e+232 3.30636 2.82659 1.67439 0.293243 0.56957 0.336333 4.301 2.93 1.67439 0 32.502 32.502 
 3.435 2.537 1.64402 1.17569e+214 2.42461e+232 3.30532 2.8591 1.66383 0.295242 0.459694 0.273251 4.301 2.952 1.66383 0 32.502 32.502 
 3.406 2.554 1.70265 1.17569e+214 2.42461e+232 3.29628 2.89057 1.66336 0.307194 0.275924 0.16029 4.292 2.983 1.66336 0 32.502 32.502 
 3.395 2.596 1.74732 1.17569e+214 2.42461e+232 3.29246 2.90267 1.66527 0.281661 0.210682 0.133835 4.288 2.997 1.66527 0 32.502 32.502 
 3.39 2.624 1.77245 1.17569e+214 2.42461e+232 3.28773 2.91989 1.66806 0.273057 0.185979 0.121989 4.283 3.017 1.66806 0 32.502 32.502 
 3.402 2.667 1.79307 1.17569e+214 2.42461e+232 3.27607 2.94038 1.67158 0.260183 0.290303 0.198201 4.271 3.041 1.67158 0 32.502 32.502 
 3.38 2.67 1.8113 1.17569e+214 2.42461e+232 3.28806 2.94803 1.68098 0.256333 0.108007 0.075699 4.282 3.058 1.68098 0 32.502 32.502 
 3.337 2.704 1.83856 1.17569e+214 2.42461e+232 3.28526 2.96171 1.69138 0.230176 -0.0897856 -0.0700983 4.278 3.082 1.69138 0 32.502 32.502 
 3.344 2.723 1.84691 1.17569e+214 2.42461e+232 3.27395 2.97841 1.71893 0.232298 -0.0109287 -0.00846812 4.263 3.126 1.71893 0 32.502 32.502 
 3.374 2.754 1.84587 1.17569e+214 2.42461e+232 3.25961 2.99002 1.7477 0.22761 0.226514 0.177254 4.244 3.166 1.7477 0 32.502 32.502 
 3.375 2.777 1.84614 1.17569e+214 2.42461e+232 3.26292 2.9934 1.77072 0.210706 0.249005 0.209593 4.243 3.192 1.77072 0 32.502 32.502 
 3.328 2.824 1.8631 1.17569e+214 2.42461e+232 3.27753 2.97588 1.79273 0.140345 0.0265267 0.0340088 4.253 3.196 1.79273 0 32.502 32.502 
 3.345 2.843 1.88824 1.17569e+214 2.42461e+232 3.28294 2.95513 1.81611 0.110822 0.147175 0.234642 4.253 3.198 1.81611 0 32.502 32.502 
 3.341 2.867 1.89039 1.17569e+214 2.42461e+232 3.29669 2.93254 1.84987 0.0671285 0.143431 0.36716 4.258 3.208 1.84987 0 32.502 32.502 
 3.351 2.873 1.90352 1.17569e+214 2.42461e+232 3.30321 2.9051 1.8922 0.0412445 0.242931 0.523599 4.252 3.221 1.8922 0 32.502 32.502 
 3.317 2.862 1.92118 1.17569e+214 2.42461e+232 3.31128 2.89361 1.92558 0.0277907 -0.0394121 -0.249934 4.249 3.241 1.92558 0 32.502 32.502 
 3.311 2.865 1.94083 1.17569e+214 2.42461e+232 3.3107 2.88733 1.9624 0.018401 -0.0570844 -0.509273 4.235 3.269 1.9624 0 32.502 32.502 
 3.293 2.867 1.93777 1.17569e+214 2.42461e+232 3.31439 2.85894 1.99441 1.52646e-07 -0.135673 -0.523599 4.226 3.27 1.99441 0 32.502 32.502 
 3.322 2.85 1.93663 1.17569e+214 2.42461e+232 3.30447 2.85921 2.0206 0.0131914 0.0966429 0.523599 4.205 3.294 2.0206 0 32.502 32.502 
 3.303 2.881 1.93575 1.17569e+214 2.42461e+232 3.31013 2.86368 2.03792 1.18673e-07 -0.00387859 -0.523599 4.203 3.314 2.03792 0 32.502 32.502 
 3.322 2.866 1.93737 1.17569e+214 2.42461e+232 3.30999 2.86134 2.05292 0.000127552 0.0975209 0.523599 4.196 3.325 2.05292 0 32.502 32.502 
 3.319 2.87 1.93662 1.17569e+214 2.42461e+232 3.29693 2.87331 2.06768 0.00995431 0.144361 0.523599 4.176 3.35 2.06768 0 32.502 32.502 
 3.294 2.867 1.93973 1.17569e+214 2.42461e+232 3.28978 2.89134 2.08594 0.0212652 -0.0352499 -0.289965 4.16 3.384 2.08594 0 32.502 32.502 
 3.308 2.865 1.95011 1.17569e+214 2.42461e+232 3.28048 2.90286 2.09341 0.0398874 0.0812116 0.351283 4.147 3.402 2.09341 0 32.502 32.502 
 3.312 2.86 1.94977 1.17569e+214 2.42461e+232 3.27415 2.90184 2.10268 0.0466761 0.136659 0.485018 4.136 3.409 2.10268 0 32.502 32.502 
 3.302 2.867 1.95789 1.17569e+214 2.42461e+232 3.27889 2.90487 2.11196 0.038448 0.0501171 0.230462 4.136 3.42 2.11196 0 32.502 32.502 
 3.306 2.865 1.96862 1.17569e+214 2.42461e+232 3.26529 2.92325 2.11853 0.0611015 0.101107 0.289485 4.119 3.444 2.11853 0 32.502 32.502 
 3.303 2.882 1.97339 1.17569e+214 2.42461e+232 3.25949 2.93043 2.12654 0.0543713 0.144059 0.445013 4.109 3.458 2.12654 0 32.502 32.502 
 3.33 2.877 1.98514 1.17569e+214 2.42461e+232 3.25767 2.93875 2.13441 0.076358 0.27084 0.523599 4.103 3.473 2.13441 0 32.502 32.502 
 3.327 2.905 1.99998 1.17569e+214 2.42461e+232 3.24924 2.96115 2.14105 0.0747904 0.310805 0.523599 4.091 3.501 2.14105 0 32.502 32.502 
 3.306 2.912 2.02578 1.17569e+214 2.42461e+232 3.24305 2.97267 2.15356 0.072716 0.197325 0.454369 4.078 3.523 2.15356 0 32.502 32.502 
 3.293 2.909 2.05683 1.17569e+214 2.42461e+232 3.24687 2.97852 2.16939 0.0728706 0.0549435 0.134894 4.073 3.542 2.16939 0 32.502 32.502 
 3.295 2.915 2.07329 1.17569e+214 2.42461e+232 3.23353 2.98461 2.18632 0.0797791 0.132646 0.290797 4.05 3.562 2.18632 0 32.502 32.502 
 3.3 2.945 2.078 1.17569e+214 2.42461e+232 3.22434 2.98027 2.20649 0.0610629 0.330082 0.523599 4.029 3.574 2.20649 0 32.502 32.502 
 3.315 2.933 2.09788 1.17569e+214 2.42461e+232 3.20722 2.97705 2.21798 0.0845059 0.455818 0.523599 4.005 3.58 2.21798 0 32.502 32.502 
 3.319 2.936 2.13229 1.17569e+214 2.42461e+232 3.20396 2.98014 2.22416 0.0902961 0.468929 0.523599 3.998 3.588 2.22416 0 32.502 32.502 
 3.293 2.942 2.17816 1.17569e+214 2.42461e+232 3.1931 2.99926 2.22274 0.0929511 0.312968 0.523599 3.988 3.606 2.22274 0 32.502 32.502 
 3.299 2.94 2.22463 1.17569e+214 2.42461e+232 3.17575 3.00872 2.22217 0.115682 0.339997 0.486601 3.971 3.615 2.22217 0 32.502 32.502 
 3.296 2.96 2.25436 1.17569e+214 2.42461e+232 3.15933 3.02127 2.22148 0.120342 0.403912 0.523599 3.955 3.627 2.22148 0 32.502 32.502 
 3.299 2.959 2.28952 1.17569e+214 2.42461e+232 3.14833 3.02458 2.21983 0.133448 0.411115 0.506314 3.945 3.629 2.21983 0 32.502 32.502 
 3.297 2.969 2.33042 1.17569e+214 2.42461e+232 3.13169 3.04608 2.21544 0.151617 0.378019 0.421844 3.931 3.647 2.21544 0 32.502 32.502 
 3.301 2.957 2.37082 1.17569e+214 2.42461e+232 3.11685 3.07893 2.20566 0.191331 0.215078 0.199645 3.922 3.672 2.20566 0 32.502 32.502 
 3.275 2.974 2.40851 1.17569e+214 2.42461e+232 3.10457 3.11616 2.19672 0.194568 0.0440649 0.0407432 3.915 3.702 2.19672 0 32.502 32.502 
 3.257 2.981 2.42229 1.17569e+214 2.42461e+232 3.07779 3.13443 2.19023 0.206923 0.0136043 0.0118337 3.892 3.715 2.19023 0 32.502 32.502 
 3.233 3.014 2.42578 1.17569e+214 2.42461e+232 3.05787 3.15192 2.19208 0.195371 0.0568383 0.0523188 3.871 3.734 2.19208 0 32.502 32.502 
 3.172 3.021 2.42931 1.17569e+214 2.42461e+232 3.04604 3.17869 2.19237 0.174829 -0.201205 -0.204267 3.859 3.761 2.19237 0 32.502 32.502 
 3.166 3.054 2.43312 1.17569e+214 2.42461e+232 3.04014 3.20515 2.19426 0.170742 -0.180129 -0.187661 3.852 3.789 2.19426 0 32.502 32.502 
 3.186 3.08 2.43152 1.17569e+214 2.42461e+232 3.03281 3.21545 2.19883 0.179346 -0.0153799 -0.0154348 3.842 3.803 2.19883 0 32.502 32.502 
 3.169 3.097 2.42835 1.17569e+214 2.42461e+232 3.03014 3.22216 2.21786 0.163949 -0.0210824 -0.0231423 3.828 3.825 2.21786 0 32.502 32.502 
 3.128 3.098 2.42841 1.17569e+214 2.42461e+232 3.03503 3.22768 2.24378 0.136971 -0.217487 -0.278388 3.817 3.851 2.24378 0 32.502 32.502 
 3.11 3.117 2.42754 1.17569e+214 2.42461e+232 3.03235 3.19601 2.27573 0.0969168 -0.0559107 -0.10347 3.794 3.844 2.27573 0 32.502 32.502 
 3.096 3.124 2.41971 1.17569e+214 2.42461e+232 3.02888 3.17384 2.30387 0.0731162 0.0458683 0.112444 3.772 3.843 2.30387 0 32.502 32.502 
 3.098 3.119 2.41672 1.17569e+214 2.42461e+232 3.02852 3.17307 2.32257 0.0770901 0.036685 0.0854484 3.759 3.856 2.32257 0 32.502 32.502 
 3.093 3.12 2.41821 1.17569e+214 2.42461e+232 3.02985 3.18952 2.32743 0.0819653 -0.0669739 -0.146031 3.757 3.876 2.32743 0 32.502 32.502 
 3.079 3.128 2.41935 1.17569e+214 2.42461e+232 3.02149 3.20368 2.33273 0.0819829 -0.121878 -0.261467 3.745 3.894 2.33273 0 32.502 32.502 
 3.089 3.128 2.41575 1.17569e+214 2.42461e+232 3.02369 3.20812 2.35024 0.0896842 -0.10606 -0.209737 3.735 3.911 2.35024 0 32.502 32.502 
 3.083 3.154 2.40512 1.17569e+214 2.42461e+232 3.02233 3.21461 2.37085 0.0751432 -0.0273125 -0.0653321 3.719 3.932 2.37085 0 32.502 32.502 
 3.08 3.167 2.39619 1.17569e+214 2.42461e+232 3.02381 3.2199 2.3922 0.0676905 -0.00503731 -0.0133942 3.705 3.952 2.3922 0 32.502 32.502 
 3.075 3.17 2.39436 1.17569e+214 2.42461e+232 3.01836 3.20095 2.41592 0.0550813 0.107919 0.33905 3.682 3.949 2.41592 0 32.502 32.502 
 3.078 3.155 2.39592 1.17569e+214 2.42461e+232 3.01097 3.18684 2.44053 0.062509 0.14878 0.404768 3.656 3.951 2.44053 0 32.502 32.502 
 3.08 3.164 2.39735 1.17569e+214 2.42461e+232 3.00408 3.21125 2.45239 0.0772619 0.109264 0.249263 3.64 3.983 2.45239 0 32.502 32.502 
 3.064 3.182 2.39982 1.17569e+214 2.42461e+232 3.00002 3.22365 2.45491 0.0661725 0.0837756 0.224057 3.634 3.997 2.45491 0 32.502 32.502 
 3.05 3.183 2.40148 1.17569e+214 2.42461e+232 2.98585 3.2193 2.46498 0.0632267 0.110766 0.305469 3.612 3.999 2.46498 0 32.502 32.502 
 3.032 3.178 2.40363 1.17569e+214 2.42461e+232 2.98499 3.22305 2.47665 0.057095 -0.0115667 -0.0364496 3.602 4.01 2.47665 0 32.502 32.502 
 3.022 3.189 2.40705 1.17569e+214 2.42461e+232 2.98109 3.21799 2.48817 0.0436998 0.0412235 0.168196 3.589 4.012 2.48817 0 32.502 32.502 
 3.029 3.188 2.40736 1.17569e+214 2.42461e+232 2.96639 3.21996 2.49983 0.0597952 0.123431 0.355753 3.565 4.021 2.49983 0 32.502 32.502 
 3.029 3.177 2.40988 1.17569e+214 2.42461e+232 2.9495 3.21016 2.5062 0.071907 0.188121 0.440107 3.543 4.015 2.5062 0 32.502 32.502 
 3.062 3.175 2.42136 1.17569e+214 2.42461e+232 2.93028 3.22459 2.50717 0.117155 0.300365 0.432366 3.523 4.03 2.50717 0 32.502 32.502 
 3.026 3.19 2.44074 1.17569e+214 2.42461e+232 2.91504 3.24877 2.50686 0.108113 0.164466 0.267271 3.508 4.054 2.50686 0 32.502 32.502 
 3.008 3.221 2.4658 1.17569e+214 2.42461e+232 2.89259 3.2671 2.50631 0.105165 0.224737 0.367211 3.486 4.072 2.50631 0 32.502 32.502 
 2.993 3.236 2.48194 1.17569e+214 2.42461e+232 2.87953 3.28815 2.50622 0.107227 0.175214 0.286063 3.473 4.093 2.50622 0 32.502 32.502 
 2.997 3.224 2.50421 1.17569e+214 2.42461e+232 2.87109 3.30973 2.50693 0.133527 0.0354916 0.0478076 3.464 4.115 2.50693 0 32.502 32.502 
 2.982 3.214 2.52048 1.17569e+214 2.42461e+232 2.85181 3.32701 2.51154 0.150714 -0.0918903 -0.109309 3.441 4.135 2.51154 0 32.502 32.502 
 2.966 3.249 2.51988 1.17569e+214 2.42461e+232 2.8271 3.32219 2.52666 0.13672 0.125172 0.163329 3.404 4.139 2.52666 0 32.502 32.502 
 2.98 3.248 2.51886 1.17569e+214 2.42461e+232 2.82499 3.32715 2.55322 0.151359 0.148447 0.174736 3.38 4.159 2.55322 0 32.502 32.502 
 2.966 3.248 2.52529 1.17569e+214 2.42461e+232 2.83061 3.33094 2.57188 0.139032 0.0615772 0.0795535 3.37 4.173 2.57188 0 32.502 32.502 
 2.949 3.241 2.53967 1.17569e+214 2.42461e+232 2.82668 3.32909 2.58851 0.132192 -0.0197755 -0.0269209 3.352 4.18 2.58851 0 32.502 32.502 
 2.925 3.22 2.5422 1.17569e+214 2.42461e+232 2.82162 3.3371 2.61177 0.13376 -0.225364 -0.294455 3.327 4.2 2.61177 0 32.502 32.502 
 2.913 3.258 2.54179 1.17569e+214 2.42461e+232 2.82405 3.32946 2.63529 0.0998351 -0.0550811 -0.0989852 3.309 4.204 2.63529 0 32.502 32.502 
 2.951 3.293 2.53971 1.17569e+214 2.42461e+232 2.81478 3.32633 2.65658 0.116668 0.30095 0.434695 3.281 4.211 2.65658 0 32.502 32.502 
 2.939 3.278 2.5389 1.17569e+214 2.42461e+232 2.81815 3.3279 2.67499 0.112639 0.167698 0.261833 3.268 4.221 2.67499 0 32.502 32.502 
 2.924 3.264 2.54714 1.17569e+214 2.42461e+232 2.80302 3.33053 2.68935 0.120705 0.076229 0.11319 3.24 4.23 2.68935 0 32.502 32.502 
 2.896 3.288 2.56186 1.17569e+214 2.42461e+232 2.79632 3.33765 2.70299 0.0971222 0.0824091 0.151561 3.221 4.243 2.70299 0 32.502 32.502 
 2.905 3.287 2.56797 1.17569e+214 2.42461e+232 2.78269 3.34841 2.71551 0.11949 0.0894248 0.133904 3.196 4.259 2.71551 0 32.502 32.502 
 2.884 3.298 2.57623 1.17569e+214 2.42461e+232 2.77084 3.35099 2.72881 0.108881 0.0979203 0.160489 3.172 4.267 2.72881 0 32.502 32.502 
 2.882 3.292 2.58544 1.17569e+214 2.42461e+232 2.7633 3.36679 2.74454 0.12306 -0.00515358 -0.00753802 3.15 4.289 2.74454 0 32.502 32.502 
 2.86 3.294 2.59516 1.17569e+214 2.42461e+232 2.76428 3.36526 2.76181 0.1043 -0.0693251 -0.119075 3.135 4.294 2.76181 0 32.502 32.502 
 2.827 3.312 2.59425 1.17569e+214 2.42461e+232 2.76382 3.35794 2.7849 0.0683252 -0.0423505 -0.111111 3.113 4.295 2.7849 0 32.502 32.502 
 2.828 3.298 2.59326 1.17569e+214 2.42461e+232 2.7578 3.35939 2.8072 0.080793 -0.102836 -0.225222 3.086 4.304 2.8072 0 32.502 32.502 
 2.815 3.298 2.59328 1.17569e+214 2.42461e+232 2.74177 3.35667 2.8251 0.0817426 -0.077283 -0.168565 3.053 4.307 2.8251 0 32.502 32.502 
 2.797 3.322 2.59176 1.17569e+214 2.42461e+232 2.73844 3.3513 2.83946 0.0572447 0.0382696 0.119759 3.036 4.306 2.83946 0 32.502 32.502 
 2.789 3.333 2.59106 1.17569e+214 2.42461e+232 2.72258 3.3504 2.84589 0.057933 0.135327 0.398024 3.014 4.307 2.84589 0 32.502 32.502 
 2.779 3.336 2.59181 1.17569e+214 2.42461e+232 2.72027 3.34729 2.84973 0.0494392 0.145445 0.487 3.008 4.305 2.84973 0 32.502 32.502 
 2.777 3.344 2.594 1.17569e+214 2.42461e+232 2.70994 3.34179 2.85148 0.0502414 0.253374 0.523599 2.996 4.3 2.85148 0 32.502 32.502 
 2.792 3.324 2.59995 1.17569e+214 2.42461e+232 2.69006 3.35346 2.85264 0.0904646 0.174433 0.334065 2.975 4.312 2.85264 0 32.502 32.502 
 2.786 3.32 2.62346 1.17569e+214 2.42461e+232 2.66601 3.37447 2.8526 0.115192 0.0737794 0.114782 2.951 4.333 2.8526 0 32.502 32.502 
 2.763 3.316 2.64046 1.17569e+214 2.42461e+232 2.65068 3.38427 2.85329 0.115202 -0.0360564 -0.0562776 2.935 4.343 2.85329 0 32.502 32.502 
 2.774 3.319 2.64462 1.17569e+214 2.42461e+232 2.65079 3.37935 2.85653 0.120264 0.0343522 0.0513699 2.932 4.339 2.85653 0 32.502 32.502 
 2.784 3.333 2.64334 1.17569e+214 2.42461e+232 2.64186 3.3776 2.86286 0.128746 0.170631 0.234183 2.917 4.339 2.86286 0 32.502 32.502 
 2.773 3.354 2.64771 1.17569e+214 2.42461e+232 2.62006 3.37301 2.87242 0.128028 0.330511 0.434994 2.886 4.337 2.87242 0 32.502 32.502 
 2.742 3.349 2.66472 1.17569e+214 2.42461e+232 2.59591 3.36515 2.87951 0.122167 0.316055 0.435813 2.855 4.331 2.87951 0 32.502 32.502 
 2.724 3.371 2.69693 1.17569e+214 2.42461e+232 2.57574 3.36386 2.88451 0.117945 0.423327 0.523599 2.83 4.331 2.88451 0 32.502 32.502 
 2.72 3.367 2.72896 1.17569e+214 2.42461e+232 2.54415 3.36828 2.88286 0.144746 0.397492 0.459081 2.8 4.335 2.88286 0 32.502 32.502 
 2.72 3.384 2.76955 1.17569e+214 2.42461e+232 2.52497 3.3586 2.88164 0.156665 0.527805 0.523599 2.782 4.325 2.88164 0 32.502 32.502 
 2.694 3.415 2.81043 1.17569e+214 2.42461e+232 2.49877 3.36572 2.8773 0.155192 0.614063 0.523599 2.76 4.331 2.8773 0 32.502 32.502 
 2.704 3.417 2.86384 1.17569e+214 2.42461e+232 2.46767 3.38808 2.86474 0.197169 0.479783 0.412833 2.741 4.35 2.86474 0 32.502 32.502 
 2.694 3.393 2.92389 1.17569e+214 2.42461e+232 2.44289 3.42533 2.85664 0.221466 0.113084 0.0916538 2.724 4.385 2.85664 0 32.502 32.502 
 2.679 3.369 2.97094 1.17569e+214 2.42461e+232 2.42652 3.45002 2.85417 0.231032 -0.181069 -0.140149 2.71 4.409 2.85417 0 32.502 32.502 
 2.646 3.369 2.97755 1.17569e+214 2.42461e+232 2.40157 3.44754 2.85944 0.223521 -0.18655 -0.149113 2.68 4.408 2.85944 0 32.502 32.502 
 2.638 3.384 2.97517 1.17569e+214 2.42461e+232 2.4127 3.44432 2.89067 0.203927 -0.11416 -0.100426 2.661 4.413 2.89067 0 32.502 32.502 
 2.636 3.409 2.97002 1.17569e+214 2.42461e+232 2.41548 3.43663 2.92846 0.194789 0.0546547 0.0504622 2.627 4.414 2.92846 0 32.502 32.502 
 2.585 3.401 2.96542 1.17569e+214 2.42461e+232 2.42558 3.42469 2.96424 0.141329 0.0268044 0.0341256 2.602 4.409 2.96424 0 32.502 32.502 
 2.561 3.413 2.96671 1.17569e+214 2.42461e+232 2.41849 3.41364 2.99556 0.123576 0.144854 0.207943 2.564 4.403 2.99556 0 32.502 32.502 
 2.527 3.4 2.96763 1.17569e+214 2.42461e+232 2.41475 3.40938 3.02004 0.0984703 0.06415 0.116731 2.536 4.402 3.02004 0 32.502 32.502 
 2.501 3.401 2.96829 1.17569e+214 2.42461e+232 2.38955 3.40701 3.03192 0.0973244 0.0838851 0.153917 2.499 4.401 3.03192 0 32.502 32.502 
 2.505 3.389 2.96928 1.17569e+214 2.42461e+232 2.37867 3.40275 3.04411 0.11128 0.0498485 0.0804578 2.476 4.398 3.04411 0 32.502 32.502 
 2.485 3.403 2.97304 1.17569e+214 2.42461e+232 2.36533 3.40776 3.05482 0.10434 0.0956942 0.163609 2.452 4.404 3.05482 0 32.502 32.502 
 2.48 3.422 2.97567 1.17569e+214 2.42461e+232 2.35895 3.41421 3.06146 0.104112 0.172175 0.289321 2.439 4.411 3.06146 0 32.502 32.502 
 2.477 3.422 2.98134 1.17569e+214 2.42461e+232 2.35554 3.41242 3.07207 0.1044 0.179313 0.299839 2.425 4.41 3.07207 0 32.502 32.502 
 2.459 3.417 2.9976 1.17569e+214 2.42461e+232 2.33754 3.40743 3.08811 0.10472 0.167154 0.27978 2.391 4.406 3.08811 0 32.502 32.502 
 2.459 3.403 3.0152 1.17569e+214 2.42461e+232 2.31812 3.40368 3.1047 0.122856 0.10259 0.149191 2.355 4.403 3.1047 0 32.502 32.502 
 2.455 3.395 3.03154 1.17569e+214 2.42461e+232 2.2967 3.39832 3.11629 0.13846 0.0821122 0.106344 2.322 4.398 3.11629 0 32.502 32.502 
 2.463 3.418 3.0413 1.17569e+214 2.42461e+232 2.27087 3.41218 3.12246 0.167541 0.137978 0.147167 2.29 4.412 3.12246 0 32.502 32.502 
 2.466 3.444 3.04901 1.17569e+214 2.42461e+232 2.25734 3.40408 3.12893 0.181023 0.316552 0.304945 2.27 4.404 3.12893 0 32.502 32.502 
 2.447 3.43 3.06339 1.17569e+214 2.42461e+232 2.24777 3.40303 -3.13383 0.173436 0.231229 0.235527 2.24 4.403 -3.13383 0 32.502 32.502 
 2.419 3.447 3.09535 1.17569e+214 2.42461e+232 2.24587 3.40731 -3.11672 0.151485 0.270392 0.310873 2.221 4.407 -3.11672 0 32.502 32.502 
 2.412 3.453 3.11929 1.17569e+214 2.42461e+232 2.23282 3.40687 -3.09976 0.157752 0.280933 0.310206 2.191 4.406 -3.09976 0 32.502 32.502 
 2.4 3.46 -3.1333 1.17569e+214 2.42461e+232 2.2314 3.41083 -3.08116 0.149651 0.272031 0.316219 2.171 4.409 -3.08116 0 32.502 32.502 
 2.385 3.474 -3.10533 1.17569e+214 2.42461e+232 2.23119 3.40547 -3.05831 0.139496 0.364542 0.43968 2.148 4.402 -3.05831 0 32.502 32.502 
 2.39 3.458 -3.07811 1.17569e+214 2.42461e+232 2.23296 3.41085 -3.03342 0.140958 0.214951 0.267891 2.125 4.405 -3.03342 0 32.502 32.502 
 2.373 3.466 -3.04508 1.17569e+214 2.42461e+232 2.21934 3.40689 -3.01592 0.140369 0.255263 0.31634 2.094 4.399 -3.01592 0 32.502 32.502 
 2.233 3.357 -3.02536 1.17569e+214 2.42461e+232 2.20966 3.40837 -2.99744 0.0174642 -0.391972 -0.523599 2.066 4.398 -2.99744 0 32.502 32.502 
 2.265 3.413 -3.00465 1.17569e+214 2.42461e+232 2.21741 3.40595 -2.98049 0.042201 0.003416 0.0145692 2.057 4.393 -2.98049 0 32.502 32.502 
 2.278 3.446 -3.01348 1.17569e+214 2.42461e+232 2.22157 3.40826 -2.96104 0.0540109 0.20678 0.523599 2.042 4.392 -2.96104 0 32.502 32.502 
 2.279 3.455 -3.01215 1.17569e+214 2.42461e+232 2.24 3.408 -2.94126 0.0405925 0.291248 0.523599 2.041 4.388 -2.94126 0 32.502 32.502 
 2.284 3.47 -3.00896 1.17569e+214 2.42461e+232 2.24314 3.40564 -2.92373 0.0456033 0.404173 0.523599 2.027 4.382 -2.92373 0 32.502 32.502 
 2.28 3.447 -2.99502 1.17569e+214 2.42461e+232 2.2429 3.39055 -2.91065 0.0414013 0.35227 0.523599 2.014 4.364 -2.91065 0 32.502 32.502 
 2.269 3.407 -2.95379 1.17569e+214 2.42461e+232 2.23229 3.38383 -2.9051 0.0356246 0.112748 0.517827 1.998 4.356 -2.9051 0 32.502 32.502 
 2.284 3.411 -2.91956 1.17569e+214 2.42461e+232 2.1959 3.37498 -2.90447 0.0825111 0.102076 0.219108 1.961 4.347 -2.90447 0 32.502 32.502 
 2.279 3.423 -2.9113 1.17569e+214 2.42461e+232 2.14756 3.36414 -2.9038 0.124521 0.16335 0.231882 1.912 4.336 -2.9038 0 32.502 32.502 
 2.258 3.416 -2.9001 1.17569e+214 2.42461e+232 2.09293 3.32123 -2.90342 0.162132 0.292072 0.313563 1.857 4.293 -2.90342 0 32.502 32.502 
 2.24 3.385 -2.88225 1.17569e+214 2.42461e+232 2.05039 3.2901 -2.90397 0.183171 0.230515 0.222765 1.815 4.262 -2.90397 0 32.502 32.502 
 2.211 3.384 -2.85224 1.17569e+214 2.42461e+232 2.01133 3.27995 -2.91329 0.194935 0.223681 0.20368 1.785 4.254 -2.91329 0 32.502 32.502 
 2.202 3.358 -2.83035 1.17569e+214 2.42461e+232 1.95953 3.2657 -2.94275 0.227355 0.0671529 0.0531159 1.762 4.246 -2.94275 0 32.502 32.502 
 2.201 3.339 -2.809 1.17569e+214 2.42461e+232 1.93169 3.2585 -2.97107 0.246402 -0.0564548 -0.0412176 1.762 4.244 -2.97107 0 32.502 32.502 
 2.202 3.338 -2.80399 1.17569e+214 2.42461e+232 1.91431 3.27729 -2.98464 0.256463 -0.177837 -0.124174 1.758 4.265 -2.98464 0 32.502 32.502 
 2.125 3.317 -2.80527 1.17569e+214 2.42461e+232 1.91186 3.29984 -2.9942 0.183138 -0.289306 -0.277037 1.765 4.289 -2.9942 0 32.502 32.502 
 2.091 3.302 -2.8081 1.17569e+214 2.42461e+232 1.90004 3.28447 -2.98997 0.164568 -0.254403 -0.271394 1.749 4.273 -2.98997 0 32.502 32.502 
 2.054 3.304 -2.81756 1.17569e+214 2.42461e+232 1.88854 3.3003 -2.97832 0.140133 -0.285048 -0.350983 1.726 4.287 -2.97832 0 32.502 32.502 
 2.055 3.288 -2.83953 1.17569e+214 2.42461e+232 1.88443 3.28523 -2.96118 0.145006 -0.276289 -0.330395 1.705 4.269 -2.96118 0 32.502 32.502 
 2.045 3.282 -2.86803 1.17569e+214 2.42461e+232 1.86535 3.2731 -2.93579 0.154805 -0.225529 -0.256461 1.661 4.252 -2.93579 0 32.502 32.502 
 2.032 3.226 -2.89469 1.17569e+214 2.42461e+232 1.82917 3.22499 -2.91755 0.174118 -0.264208 -0.26663 1.607 4.2 -2.91755 0 32.502 32.502 
 2.019 3.252 -2.91733 1.17569e+214 2.42461e+232 1.79335 3.18285 -2.90504 0.206627 0.0883728 0.076833 1.559 4.155 -2.90504 0 32.502 32.502 
 1.97 3.241 -2.94193 1.17569e+214 2.42461e+232 1.74954 3.16618 -2.90793 0.203036 0.152746 0.134597 1.518 4.139 -2.90793 0 32.502 32.502 
 1.912 3.222 -2.93936 1.17569e+214 2.42461e+232 1.71752 3.15762 -2.91924 0.17879 0.129596 0.12974 1.497 4.133 -2.91924 0 32.502 32.502 
 1.899 3.227 -2.9369 1.17569e+214 2.42461e+232 1.70644 3.17518 -2.93059 0.174695 0.0631229 0.0649484 1.497 4.153 -2.93059 0 32.502 32.502 
 1.919 3.248 -2.93145 1.17569e+214 2.42461e+232 1.71465 3.19001 -2.9314 0.186031 0.0750414 0.0724812 1.506 4.168 -2.9314 0 32.502 32.502 
 1.904 3.255 -2.92889 1.17569e+214 2.42461e+232 1.74678 3.21656 -2.9241 0.14193 0.0254017 0.032204 1.531 4.193 -2.9241 0 32.502 32.502 
 1.928 3.28 -2.92551 1.17569e+214 2.42461e+232 1.79512 3.23827 -2.90323 0.121795 0.0738027 0.108643 1.559 4.21 -2.90323 0 32.502 32.502 
 1.948 3.269 -2.92389 1.17569e+214 2.42461e+232 1.81009 3.23658 -2.86291 0.12426 0.0111868 0.0162035 1.535 4.198 -2.86291 0 32.502 32.502 
 1.913 3.236 -2.9204 1.17569e+214 2.42461e+232 1.81368 3.22748 -2.82569 0.0867648 -0.0867703 -0.178104 1.503 4.178 -2.82569 0 32.502 32.502 
 1.894 3.24 -2.91917 1.17569e+214 2.42461e+232 1.79799 3.23372 -2.80318 0.0835211 -0.0974543 -0.207019 1.466 4.177 -2.80318 0 32.502 32.502 
 1.916 3.264 -2.92121 1.17569e+214 2.42461e+232 1.76028 3.21913 -2.79012 0.141946 0.056411 0.0714124 1.416 4.158 -2.79012 0 32.502 32.502 
 1.891 3.281 -2.92151 1.17569e+214 2.42461e+232 1.74026 3.19915 -2.77305 0.146083 0.269289 0.32038 1.38 4.132 -2.77305 0 32.502 32.502 
 1.882 3.273 -2.91882 1.17569e+214 2.42461e+232 1.73528 3.16178 -2.74717 0.150617 0.430718 0.475373 1.351 4.085 -2.74717 0 32.502 32.502 
 1.849 3.231 -2.90495 1.17569e+214 2.42461e+232 1.74748 3.1309 -2.72409 0.110755 0.449011 0.523599 1.342 4.045 -2.72409 0 32.502 32.502 
 1.82 3.224 -2.86207 1.17569e+214 2.42461e+232 1.7369 3.12453 -2.72254 0.0977563 0.455035 0.523599 1.33 4.038 -2.72254 0 32.502 32.502 
 1.795 3.231 -2.81709 1.17569e+214 2.42461e+232 1.71188 3.12007 -2.72366 0.104304 0.485692 0.523599 1.306 4.034 -2.72366 0 32.502 32.502 
 1.805 3.235 -2.77318 1.17569e+214 2.42461e+232 1.70118 3.11776 -2.72442 0.125343 0.427814 0.523599 1.296 4.032 -2.72442 0 32.502 32.502 
 1.802 3.249 -2.7267 1.17569e+214 2.42461e+232 1.67863 3.13496 -2.72393 0.141231 0.31586 0.382716 1.273 4.049 -2.72393 0 32.502 32.502 
 1.773 3.229 -2.68523 1.17569e+214 2.42461e+232 1.68784 3.13929 -2.71821 0.102986 0.267703 0.437634 1.277 4.051 -2.71821 0 32.502 32.502 
 1.74 3.237 -2.65344 1.17569e+214 2.42461e+232 1.67713 3.15887 -2.70249 0.0819609 0.256192 0.512496 1.252 4.064 -2.70249 0 32.502 32.502 
 1.768 3.216 -2.62707 1.17569e+214 2.42461e+232 1.69175 3.18538 -2.6695 0.0715275 -0.0720165 -0.179285 1.237 4.076 -2.6695 0 32.502 32.502 
 1.786 3.202 -2.60942 1.17569e+214 2.42461e+232 1.72675 3.19846 -2.63322 0.0469181 -0.187329 -0.523599 1.24 4.072 -2.63322 0 32.502 32.502 
 1.761 3.212 -2.61291 1.17569e+214 2.42461e+232 1.75396 3.20811 -2.58658 0.00705718 -0.00143576 -0.0366041 1.227 4.058 -2.58658 0 32.502 32.502 
 1.734 3.215 -2.61441 1.17569e+214 2.42461e+232 1.76283 3.21943 -2.54378 7.92717e-08 0.0883697 0.523599 1.2 4.046 -2.54378 0 32.502 32.502 
 1.731 3.211 -2.61369 1.17569e+214 2.42461e+232 1.76155 3.20608 -2.51481 2.73789e-08 0.160455 0.523599 1.175 4.016 -2.51481 0 32.502 32.502 
 1.708 3.221 -2.61227 1.17569e+214 2.42461e+232 1.76096 3.18704 -2.4881 8.91565e-08 0.456541 0.523599 1.153 3.981 -2.4881 0 32.502 32.502 
 1.722 3.216 -2.60545 1.17569e+214 2.42461e+232 1.77894 3.17413 -2.46526 1.00084e-07 0.524409 0.523599 1.153 3.954 -2.46526 0 32.502 32.502 
 1.731 3.203 -2.55964 1.17569e+214 2.42461e+232 1.77331 3.17075 -2.45318 1.581e-07 0.39621 0.523599 1.138 3.943 -2.45318 0 32.502 32.502 
 1.735 3.224 -2.50594 1.17569e+214 2.42461e+232 1.74424 3.15786 -2.45457 0.0306516 0.41765 0.523599 1.11 3.931 -2.45457 0 32.502 32.502 
 1.759 3.216 -2.46516 1.17569e+214 2.42461e+232 1.73406 3.13672 -2.4548 0.0621767 0.310743 0.523599 1.1 3.91 -2.4548 0 32.502 32.502 
 1.734 3.233 -2.42392 1.17569e+214 2.42461e+232 1.71361 3.11617 -2.45408 0.0847793 0.478413 0.523599 1.079 3.889 -2.45408 0 32.502 32.502 
 1.742 3.238 -2.3919 1.17569e+214 2.42461e+232 1.69329 3.09872 -2.45321 0.117627 0.414784 0.523599 1.058 3.871 -2.45321 0 32.502 32.502 
 1.729 3.239 -2.34267 1.17569e+214 2.42461e+232 1.68089 3.07822 -2.45244 0.134324 0.453404 0.523599 1.045 3.85 -2.45244 0 32.502 32.502 
 1.689 3.259 -2.3018 1.17569e+214 2.42461e+232 1.66416 3.07344 -2.45209 0.142603 0.602427 0.523599 1.028 3.845 -2.45209 0 32.502 32.502 
 1.69 3.249 -2.25674 1.17569e+214 2.42461e+232 1.65187 3.07886 -2.44986 0.140503 0.451582 0.523599 1.014 3.849 -2.44986 0 32.502 32.502 
 1.687 3.198 -2.20069 1.17569e+214 2.42461e+232 1.63652 3.08023 -2.44772 0.110111 0.175778 0.27981 0.997 3.849 -2.44772 0 32.502 32.502 
 1.686 3.177 -2.1561 1.17569e+214 2.42461e+232 1.62329 3.08591 -2.43888 0.0969927 -0.012293 -0.0228094 0.977 3.849 -2.43888 0 32.502 32.502 
 1.673 3.146 -2.14231 1.17569e+214 2.42461e+232 1.61957 3.08323 -2.42002 0.0717449 -0.0727854 -0.18062 0.959 3.834 -2.42002 0 32.502 32.502 
 1.665 3.139 -2.14298 1.17569e+214 2.42461e+232 1.64318 3.09457 -2.38536 0.0431507 0.0399591 0.165168 0.957 3.822 -2.38536 0 32.502 32.502 
 1.673 3.155 -2.1429 1.17569e+214 2.42461e+232 1.65247 3.08926 -2.35427 0.0584875 0.124457 0.365789 0.944 3.795 -2.35427 0 32.502 32.502 
 1.674 3.144 -2.14153 1.17569e+214 2.42461e+232 1.65579 3.07793 -2.33376 0.0577101 0.138482 0.407726 0.933 3.769 -2.33376 0 32.502 32.502 
 1.654 3.164 -2.13133 1.17569e+214 2.42461e+232 1.64531 3.09096 -2.32135 0.0590573 0.213255 0.523599 0.914 3.773 -2.32135 0 32.502 32.502 
 1.648 3.128 -2.11722 1.17569e+214 2.42461e+232 1.61506 3.08918 -2.31288 0.044158 -0.0555966 -0.222862 0.878 3.765 -2.31288 0 32.502 32.502 
 1.653 3.14 -2.10033 1.17569e+214 2.42461e+232 1.6077 3.09396 -2.29701 0.0551186 -0.108265 -0.339843 0.86 3.758 -2.29701 0 32.502 32.502 
 1.657 3.098 -2.10366 1.17569e+214 2.42461e+232 1.63294 3.0921 -2.26127 0.0154364 -0.13039 -0.523599 0.862 3.729 -2.26127 0 32.502 32.502 
 1.636 3.126 -2.10478 1.17569e+214 2.42461e+232 1.62251 3.11637 -2.2201 0.0133323 -0.0496135 -0.523599 0.826 3.721 -2.2201 0 32.502 32.502 
 1.658 3.106 -2.10706 1.17569e+214 2.42461e+232 1.62454 3.12032 -2.19651 0.0052863 -0.269872 -0.523599 0.814 3.706 -2.19651 0 32.502 32.502 
 1.65 3.106 -2.1094 1.17569e+214 2.42461e+232 1.62878 3.10595 -2.16645 0.00986089 -0.135192 -0.523599 0.801 3.667 -2.16645 0 32.502 32.502 
 1.655 3.111 -2.12413 1.17569e+214 2.42461e+232 1.63017 3.09835 -2.13845 0.0210589 -0.10545 -0.523599 0.787 3.636 -2.13845 0 32.502 32.502 
 1.652 3.12 -2.13692 1.17569e+214 2.42461e+232 1.62511 3.11455 -2.11584 0.0170119 -0.145043 -0.523599 0.77 3.633 -2.11584 0 32.502 32.502 
 1.656 3.119 -2.1467 1.17569e+214 2.42461e+232 1.61586 3.10756 -2.10069 0.0281958 -0.196998 -0.523599 0.753 3.613 -2.10069 0 32.502 32.502 
 1.634 3.128 -2.16364 1.17569e+214 2.42461e+232 1.62406 3.07683 -2.08423 0.0424168 0.142389 0.523599 0.753 3.568 -2.08423 0 32.502 32.502 
 1.657 3.121 -2.18451 1.17569e+214 2.42461e+232 1.62605 3.06543 -2.06983 0.0555213 0.0457748 0.147327 0.748 3.544 -2.06983 0 32.502 32.502 
 1.648 3.119 -2.18242 1.17569e+214 2.42461e+232 1.60717 3.02433 -2.06538 0.0888596 0.13408 0.265204 0.727 3.499 -2.06538 0 32.502 32.502 
 1.647 3.117 -2.18152 1.17569e+214 2.42461e+232 1.59147 3.00904 -2.06685 0.105693 0.101874 0.171786 0.712 3.485 -2.06685 0 32.502 32.502 
 1.637 3.122 -2.17766 1.17569e+214 2.42461e+232 1.58258 3.00225 -2.06661 0.113879 0.14407 0.223903 0.703 3.478 -2.06661 0 32.502 32.502 
 1.607 3.123 -2.17668 1.17569e+214 2.42461e+232 1.57529 2.97572 -2.06722 0.124207 0.345069 0.463704 0.696 3.452 -2.06722 0 32.502 32.502 
 1.59 3.102 -2.16776 1.17569e+214 2.42461e+232 1.56131 2.95576 -2.06718 0.122469 0.350203 0.475351 0.682 3.432 -2.06718 0 32.502 32.502 
 1.6 3.088 -2.13664 1.17569e+214 2.42461e+232 1.55365 2.93238 -2.06646 0.13826 0.257886 0.323915 0.674 3.408 -2.06646 0 32.502 32.502 
 1.597 3.075 -2.10335 1.17569e+214 2.42461e+232 1.53006 2.90129 -2.06771 0.161644 0.170165 0.187269 0.651 3.378 -2.06771 0 32.502 32.502 
 1.601 3.072 -2.07833 1.17569e+214 2.42461e+232 1.52988 2.86596 -2.06808 0.189084 0.200994 0.189053 0.651 3.343 -2.06808 0 32.502 32.502 
 1.592 3.064 -2.06156 1.17569e+214 2.42461e+232 1.52365 2.84253 -2.06857 0.200673 0.228239 0.201936 0.645 3.32 -2.06857 0 32.502 32.502 
 1.585 3.012 -2.04149 1.17569e+214 2.42461e+232 1.48361 2.82898 -2.0749 0.183443 -0.0394255 -0.0386663 0.608 3.312 -2.0749 0 32.502 32.502 
 1.558 3.023 -2.02463 1.17569e+214 2.42461e+232 1.45876 2.8153 -2.08484 0.201908 0.0096688 0.00861946 0.588 3.307 -2.08484 0 32.502 32.502 
 1.542 3.036 -2.02631 1.17569e+214 2.42461e+232 1.44521 2.79787 -2.08189 0.225099 0.0883914 0.0705647 0.573 3.287 -2.08189 0 32.502 32.502 
 1.552 2.964 -2.02426 1.17569e+214 2.42461e+232 1.43461 2.7888 -2.07282 0.183729 -0.15386 -0.149611 0.558 3.27 -2.07282 0 32.502 32.502 
 1.555 2.941 -2.01808 1.17569e+214 2.42461e+232 1.43865 2.79648 -2.04938 0.159527 -0.237059 -0.261363 0.551 3.257 -2.04938 0 32.502 32.502 
 1.54 2.91 -2.02065 1.17569e+214 2.42461e+232 1.45005 2.79146 -2.01478 0.1285 -0.174887 -0.240247 0.547 3.221 -2.01478 0 32.502 32.502 
 1.525 2.863 -2.02546 1.17569e+214 2.42461e+232 1.45212 2.79482 -1.98578 0.0827006 -0.230119 -0.464336 0.537 3.198 -1.98578 0 32.502 32.502 
 1.557 2.875 -2.03178 1.17569e+214 2.42461e+232 1.45659 2.80262 -1.96425 0.0983277 -0.361941 -0.523599 0.533 3.186 -1.96425 0 32.502 32.502 
 1.538 2.882 -2.05164 1.17569e+214 2.42461e+232 1.46518 2.79745 -1.94394 0.0957419 -0.160915 -0.293776 0.534 3.162 -1.94394 0 32.502 32.502 
 1.524 2.863 -2.08354 1.17569e+214 2.42461e+232 1.47005 2.79012 -1.93038 0.0790143 -0.0735702 -0.166055 0.534 3.142 -1.93038 0 32.502 32.502 
 1.497 2.878 -2.09768 1.17569e+214 2.42461e+232 1.44353 2.78053 -1.92034 0.0974938 0.0176125 0.0325059 0.504 3.123 -1.92034 0 32.502 32.502 
 1.491 2.874 -2.10303 1.17569e+214 2.42461e+232 1.43556 2.77414 -1.91437 0.10016 0.0181855 0.03267 0.494 3.111 -1.91437 0 32.502 32.502 
 1.525 2.89 -2.10294 1.17569e+214 2.42461e+232 1.45216 2.76922 -1.89102 0.12371 -0.00888787 -0.0129313 0.503 3.084 -1.89102 0 32.502 32.502 
 1.495 2.878 -2.10344 1.17569e+214 2.42461e+232 1.4608 2.75497 -1.86924 0.108937 0.203395 0.324216 0.505 3.049 -1.86924 0 32.502 32.502 
 1.493 2.869 -2.10415 1.17569e+214 2.42461e+232 1.45858 2.73082 -1.86312 0.120806 0.244454 0.349299 0.501 3.019 -1.86312 0 32.502 32.502 
 1.5 2.849 -2.10134 1.17569e+214 2.42461e+232 1.46102 2.70229 -1.86159 0.129361 0.2405 0.32293 0.503 2.989 -1.86159 0 32.502 32.502 
 1.486 2.824 -2.09431 1.17569e+214 2.42461e+232 1.44966 2.68609 -1.86284 0.121625 0.225253 0.321779 0.492 2.974 -1.86284 0 32.502 32.502 
 1.453 2.807 -2.0795 1.17569e+214 2.42461e+232 1.43027 2.67079 -1.86419 0.115491 0.282485 0.414734 0.473 2.96 -1.86419 0 32.502 32.502 
 1.472 2.818 -2.05667 1.17569e+214 2.42461e+232 1.41615 2.6634 -1.86461 0.143121 0.131726 0.164178 0.459 2.953 -1.86461 0 32.502 32.502 
 1.466 2.772 -2.03075 1.17569e+214 2.42461e+232 1.40471 2.65025 -1.86267 0.119559 -0.00531582 -0.00800299 0.447 2.938 -1.86267 0 32.502 32.502 
 1.462 2.767 -2.01956 1.17569e+214 2.42461e+232 1.40496 2.61945 -1.85829 0.138416 0.0735721 0.0953846 0.446 2.903 -1.85829 0 32.502 32.502 
 1.44 2.753 -2.01835 1.17569e+214 2.42461e+232 1.42473 2.60113 -1.84094 0.127636 0.308351 0.41019 0.461 2.868 -1.84094 0 32.502 32.502 
 1.448 2.737 -2.01175 1.17569e+214 2.42461e+232 1.41875 2.59698 -1.82144 0.122749 0.199909 0.285159 0.45 2.845 -1.82144 0 32.502 32.502 
 1.415 2.733 -1.98272 1.17569e+214 2.42461e+232 1.41148 2.57784 -1.81848 0.128187 0.348862 0.455511 0.442 2.823 -1.81848 0 32.502 32.502 
 1.449 2.721 -1.96398 1.17569e+214 2.42461e+232 1.4184 2.54948 -1.81473 0.150118 0.213219 0.250301 0.448 2.791 -1.81473 0 32.502 32.502 
 1.432 2.715 -1.93274 1.17569e+214 2.42461e+232 1.43252 2.51605 -1.81002 0.16603 0.390567 0.40054 0.461 2.753 -1.81002 0 32.502 32.502 
 1.43 2.683 -1.91238 1.17569e+214 2.42461e+232 1.43413 2.48944 -1.81168 0.161593 0.381696 0.402019 0.463 2.728 -1.81168 0 32.502 32.502 
 1.425 2.676 -1.8734 1.17569e+214 2.42461e+232 1.42178 2.47605 -1.81312 0.170151 0.309339 0.316261 0.451 2.716 -1.81312 0 32.502 32.502 
 1.44 2.704 -1.83473 1.17569e+214 2.42461e+232 1.4097 2.46071 -1.81758 0.213577 0.173073 0.144843 0.44 2.705 -1.81758 0 32.502 32.502 
 1.425 2.639 -1.80665 1.17569e+214 2.42461e+232 1.40452 2.43019 -1.82638 0.182769 0.154685 0.151179 0.437 2.683 -1.82638 0 32.502 32.502 
 1.448 2.636 -1.79133 1.17569e+214 2.42461e+232 1.40064 2.40268 -1.82587 0.208796 0.0246598 0.0212557 0.433 2.655 -1.82587 0 32.502 32.502 
 1.427 2.57 -1.77833 1.17569e+214 2.42461e+232 1.39965 2.38072 -1.82583 0.167494 0.0675272 0.0724419 0.432 2.633 -1.82583 0 32.502 32.502 
 1.393 2.59 -1.77661 1.17569e+214 2.42461e+232 1.40169 2.36084 -1.82571 0.196924 0.288147 0.257534 0.434 2.613 -1.82571 0 32.502 32.502 
 1.413 2.583 -1.76873 1.17569e+214 2.42461e+232 1.39907 2.3403 -1.82419 0.211759 0.172846 0.14588 0.431 2.591 -1.82419 0 32.502 32.502 
 1.416 2.541 -1.73925 1.17569e+214 2.42461e+232 1.37723 2.33594 -1.82354 0.183034 -0.0205798 -0.0202359 0.409 2.586 -1.82354 0 32.502 32.502 
 1.423 2.507 -1.72815 1.17569e+214 2.42461e+232 1.35145 2.32578 -1.82267 0.167895 -0.232654 -0.24444 0.383 2.575 -1.82267 0 32.502 32.502 
 1.41 2.518 -1.72916 1.17569e+214 2.42461e+232 1.33636 2.31839 -1.81071 0.184067 -0.220204 -0.2121 0.365 2.556 -1.81071 0 32.502 32.502 
 1.405 2.498 -1.73288 1.17569e+214 2.42461e+232 1.33019 2.31193 -1.77019 0.172792 -0.238851 -0.243862 0.35 2.51 -1.77019 0 32.502 32.502 
 1.401 2.474 -1.73886 1.17569e+214 2.42461e+232 1.33254 2.31605 -1.72233 0.147687 -0.234891 -0.278827 0.344 2.467 -1.72233 0 32.502 32.502 
 1.395 2.439 -1.75496 1.17569e+214 2.42461e+232 1.34193 2.34043 -1.67154 0.0943311 -0.216159 -0.39121 0.347 2.441 -1.67154 0 32.502 32.502 
 1.414 2.432 -1.77887 1.17569e+214 2.42461e+232 1.36178 2.36564 -1.62018 0.067446 -0.249159 -0.523599 0.363 2.415 -1.62018 0 32.502 32.502 
 1.404 2.406 -1.79999 1.17569e+214 2.42461e+232 1.376 2.39088 -1.56991 0.018956 -0.174149 -0.523599 0.376 2.39 -1.56991 0 32.502 32.502 
 1.381 2.403 -1.82434 1.17569e+214 2.42461e+232 1.36947 2.40353 -1.53826 0.00219255 -0.0851604 -0.523599 0.37 2.371 -1.53826 0 32.502 32.502 
 1.38 2.384 -1.83869 1.17569e+214 2.42461e+232 1.35992 2.39646 -1.52432 3.88322e-07 -0.174838 -0.523599 0.361 2.35 -1.52432 0 32.502 32.502 
 1.378 2.406 -1.84594 1.17569e+214 2.42461e+232 1.38384 2.38172 -1.50503 0.0192252 0.0892724 0.523599 0.386 2.316 -1.50503 0 32.502 32.502 
 1.375 2.391 -1.85916 1.17569e+214 2.42461e+232 1.39572 2.37444 -1.47823 0.00926237 0.182746 0.523599 0.4 2.282 -1.47823 0 32.502 32.502 
 1.369 2.386 -1.85536 1.17569e+214 2.42461e+232 1.3954 2.36766 -1.46494 0.00971482 0.226425 0.523599 0.401 2.262 -1.46494 0 32.502 32.502 
 1.37 2.388 -1.85243 1.17569e+214 2.42461e+232 1.39643 2.36141 -1.46519 0.0168384 0.240191 0.523599 0.402 2.256 -1.46519 0 32.502 32.502 
 1.37 2.381 -1.84546 1.17569e+214 2.42461e+232 1.40443 2.33535 -1.46525 0.0319876 0.323874 0.523599 0.41 2.23 -1.46525 0 32.502 32.502 
 1.372 2.39 -1.82457 1.17569e+214 2.42461e+232 1.41438 2.29883 -1.46477 0.071045 0.421461 0.523599 0.42 2.193 -1.46477 0 32.502 32.502 
 1.373 2.387 -1.79244 1.17569e+214 2.42461e+232 1.41737 2.261 -1.46459 0.102677 0.440382 0.523599 0.423 2.155 -1.46459 0 32.502 32.502 
 1.374 2.392 -1.75087 1.17569e+214 2.42461e+232 1.42851 2.24367 -1.46594 0.123611 0.47749 0.523599 0.434 2.139 -1.46594 0 32.502 32.502 
 1.369 2.391 -1.70689 1.17569e+214 2.42461e+232 1.44164 2.22545 -1.46717 0.140787 0.542886 0.523599 0.447 2.122 -1.46717 0 32.502 32.502 
 1.371 2.366 -1.65842 1.17569e+214 2.42461e+232 1.44493 2.20661 -1.47001 0.13841 0.506528 0.523599 0.45 2.106 -1.47001 0 32.502 32.502 
 1.388 2.36 -1.60442 1.17569e+214 2.42461e+232 1.45166 2.17211 -1.47755 0.165751 0.385326 0.39631 0.456 2.079 -1.47755 0 32.502 32.502 
 1.403 2.357 -1.55593 1.17569e+214 2.42461e+232 1.45188 2.1319 -1.49182 0.199222 0.236284 0.210328 0.455 2.053 -1.49182 0 32.502 32.502 
 1.387 2.35 -1.51905 1.17569e+214 2.42461e+232 1.44869 2.1059 -1.50284 0.217913 0.245541 0.200106 0.451 2.038 -1.50284 0 32.502 32.502 
 1.381 2.336 -1.49703 1.17569e+214 2.42461e+232 1.46995 2.08199 -1.50676 0.230512 0.342229 0.261135 0.472 2.018 -1.50676 0 32.502 32.502 
 1.373 2.32 -1.47183 1.17569e+214 2.42461e+232 1.486 2.05628 -1.50747 0.243774 0.411695 0.295114 0.488 1.993 -1.50747 0 32.502 32.502 
 1.404 2.271 -1.4353 1.17569e+214 2.42461e+232 1.50031 2.02514 -1.51263 0.227132 0.30631 0.238141 0.502 1.967 -1.51263 0 32.502 32.502 
 1.457 2.243 -1.39321 1.17569e+214 2.42461e+232 1.4961 1.98633 -1.52846 0.227685 -0.0338088 -0.0267217 0.497 1.944 -1.52846 0 32.502 32.502 
 1.439 2.23 -1.3707 1.17569e+214 2.42461e+232 1.48658 1.94481 -1.54198 0.253512 -0.0473112 -0.0335796 0.487 1.916 -1.54198 0 32.502 32.502 
 1.441 2.197 -1.37246 1.17569e+214 2.42461e+232 1.48365 1.93029 -1.5445 0.236789 -0.0520802 -0.0395691 0.484 1.904 -1.5445 0 32.502 32.502 
 1.411 2.165 -1.3724 1.17569e+214 2.42461e+232 1.46171 1.91617 -1.54663 0.222751 0.00333395 0.00269408 0.462 1.892 -1.54663 0 32.502 32.502 
 1.425 2.121 -1.37223 1.17569e+214 2.42461e+232 1.4705 1.89665 -1.53914 0.200791 0.00180679 0.0016197 0.471 1.865 -1.53914 0 32.502 32.502 
 1.417 2.118 -1.3717 1.17569e+214 2.42461e+232 1.49625 1.87507 -1.51169 0.223097 0.14735 0.11833 0.498 1.816 -1.51169 0 32.502 32.502 
 1.418 2.113 -1.37123 1.17569e+214 2.42461e+232 1.51294 1.86198 -1.4807 0.233301 0.211116 0.161465 0.517 1.772 -1.4807 0 32.502 32.502 
 1.458 2.108 -1.36602 1.17569e+214 2.42461e+232 1.5242 1.84458 -1.46301 0.238107 0.0544302 0.041124 0.53 1.737 -1.46301 0 32.502 32.502 
 1.429 2.07 -1.34968 1.17569e+214 2.42461e+232 1.52406 1.8276 -1.45293 0.226564 0.195431 0.154036 0.531 1.71 -1.45293 0 32.502 32.502 
 1.416 2.034 -1.34054 1.17569e+214 2.42461e+232 1.52129 1.83571 -1.4387 0.192269 0.300669 0.274383 0.53 1.704 -1.4387 0 32.502 32.502 
 1.421 1.999 -1.31952 1.17569e+214 2.42461e+232 1.52371 1.84082 -1.42041 0.158977 0.336117 0.363641 0.535 1.691 -1.42041 0 32.502 32.502 
 1.418 1.976 -1.28752 1.17569e+214 2.42461e+232 1.53583 1.84308 -1.39075 0.144421 0.435381 0.497173 0.552 1.664 -1.39075 0 32.502 32.502 
 1.401 1.927 -1.25278 1.17569e+214 2.42461e+232 1.52233 1.86972 -1.35746 0.0875813 0.617567 0.523599 0.545 1.658 -1.35746 0 32.502 32.502 
 1.426 1.913 -1.20673 1.17569e+214 2.42461e+232 1.51145 1.8826 -1.34427 0.055184 0.468321 0.523599 0.537 1.658 -1.34427 0 32.502 32.502 
 1.412 1.913 -1.14517 1.17569e+214 2.42461e+232 1.48326 1.90706 -1.32219 0.0336178 0.441496 0.523599 0.514 1.661 -1.32219 0 32.502 32.502 
 1.429 1.881 -1.09901 1.17569e+214 2.42461e+232 1.4813 1.91751 -1.29168 2.16081e-07 0.480103 0.523599 0.52 1.642 -1.29168 0 32.502 32.502 
 1.423 1.86 -1.05336 1.17569e+214 2.42461e+232 1.48354 1.94063 -1.25178 7.45932e-08 0.753283 0.523599 0.534 1.627 -1.25178 0 32.502 32.502 
 1.423 1.835 -1.00416 1.17569e+214 2.42461e+232 1.49176 1.9413 -1.21611 5.97244e-08 0.943314 0.523599 0.554 1.594 -1.21611 0 32.502 32.502 
 1.424 1.835 -0.927984 1.17569e+214 2.42461e+232 1.50663 1.9095 -1.1934 0.00120922 0.815772 0.523599 0.577 1.541 -1.1934 0 32.502 32.502 
 1.389 1.86 -0.8311 1.17569e+214 2.42461e+232 1.51956 1.89746 -1.17726 0.0636194 0.800125 0.523599 0.596 1.514 -1.17726 0 32.502 32.502 
 1.41 1.87 -0.746783 1.17569e+214 2.42461e+232 1.53961 1.88415 -1.16456 0.0818133 0.631025 0.523599 0.621 1.489 -1.16456 0 32.502 32.502 
 1.406 1.838 -0.668619 1.17569e+214 2.42461e+232 1.54779 1.86694 -1.15498 0.0902671 0.695579 0.523599 0.633 1.463 -1.15498 0 32.502 32.502 
 1.399 1.833 -0.605661 1.17569e+214 2.42461e+232 1.5433 1.85751 -1.14888 0.0989144 0.63475 0.523599 0.631 1.448 -1.14888 0 32.502 32.502 
 1.407 1.867 -0.535314 1.17569e+214 2.42461e+232 1.55899 1.84163 -1.14326 0.128022 0.330222 0.434679 0.649 1.427 -1.14326 0 32.502 32.502 
 1.432 1.867 -0.473855 1.17569e+214 2.42461e+232 1.55649 1.84361 -1.12784 0.107398 0.222389 0.356775 0.653 1.415 -1.12784 0 32.502 32.502 
 1.46 1.899 -0.443051 1.17569e+214 2.42461e+232 1.56096 1.84112 -1.11284 0.101827 -0.0563737 -0.099324 0.664 1.399 -1.11284 0 32.502 32.502 
 1.456 1.885 -0.430356 1.17569e+214 2.42461e+232 1.56354 1.8339 -1.09853 0.10443 -0.00979179 -0.0168759 0.673 1.379 -1.09853 0 32.502 32.502 
 1.467 1.819 -0.431697 1.17569e+214 2.42461e+232 1.56862 1.81541 -1.08783 0.0833713 0.253822 0.501312 0.683 1.351 -1.08783 0 32.502 32.502 
 1.479 1.827 -0.430448 1.17569e+214 2.42461e+232 1.57028 1.79345 -1.07646 0.0850877 0.0490664 0.103428 0.69 1.319 -1.07646 0 32.502 32.502 
 1.487 1.877 -0.409587 1.17569e+214 2.42461e+232 1.5766 1.79143 -1.06051 0.103233 -0.266405 -0.434856 0.704 1.303 -1.06051 0 32.502 32.502 
 1.505 1.85 -0.408048 1.17569e+214 2.42461e+232 1.57698 1.79764 -1.03719 0.0764537 -0.127944 -0.292582 0.716 1.289 -1.03719 0 32.502 32.502 
 1.494 1.853 -0.4123 1.17569e+214 2.42461e+232 1.56138 1.80439 -1.01291 0.0714583 -0.116174 -0.284689 0.713 1.275 -1.01291 0 32.502 32.502 
 1.501 1.829 -0.416124 1.17569e+214 2.42461e+232 1.55949 1.80992 -0.994502 0.0537186 0.0424305 0.141229 0.721 1.265 -0.994502 0 32.502 32.502 
 1.517 1.822 -0.418136 1.17569e+214 2.42461e+232 1.5664 1.82001 -0.969139 0.0405657 0.128089 0.516831 0.742 1.254 -0.969139 0 32.502 32.502 
 1.516 1.823 -0.41583 1.17569e+214 2.42461e+232 1.57721 1.81297 -0.949643 0.0528497 0.106743 0.3487 0.764 1.231 -0.949643 0 32.502 32.502 
 1.504 1.835 -0.415059 1.17569e+214 2.42461e+232 1.59286 1.81147 -0.935434 0.079793 0.0932436 0.20732 0.788 1.218 -0.935434 0 32.502 32.502 
 1.518 1.838 -0.412057 1.17569e+214 2.42461e+232 1.6055 1.80365 -0.931477 0.082405 0.0231613 0.0505488 0.803 1.207 -0.931477 0 32.502 32.502 
 1.57 1.849 -0.40987 1.17569e+214 2.42461e+232 1.6149 1.78145 -0.930476 0.0611815 -0.296901 -0.523599 0.813 1.184 -0.930476 0 32.502 32.502 
 1.591 1.862 -0.409929 1.17569e+214 2.42461e+232 1.62175 1.77666 -0.930217 0.0578231 -0.445991 -0.523599 0.82 1.179 -0.930217 0 32.502 32.502 
 1.561 1.893 -0.414887 1.17569e+214 2.42461e+232 1.63268 1.75075 -0.930103 0.114571 -0.610572 -0.523599 0.831 1.153 -0.930103 0 32.502 32.502 
 1.579 1.87 -0.448467 1.17569e+214 2.42461e+232 1.6457 1.72507 -0.928461 0.114627 -0.612828 -0.523599 0.845 1.126 -0.928461 0 32.502 32.502 
 1.566 1.843 -0.511308 1.17569e+214 2.42461e+232 1.64378 1.71727 -0.92195 0.116841 -0.43242 -0.523599 0.847 1.113 -0.92195 0 32.502 32.502 
 1.553 1.833 -0.573438 1.17569e+214 2.42461e+232 1.65321 1.70584 -0.911151 0.136099 -0.306317 -0.384916 0.863 1.093 -0.911151 0 32.502 32.502 
 1.552 1.809 -0.614445 1.17569e+214 2.42461e+232 1.63577 1.68582 -0.895901 0.124117 -0.312784 -0.425855 0.855 1.061 -0.895901 0 32.502 32.502 
 1.554 1.783 -0.644965 1.17569e+214 2.42461e+232 1.60499 1.67805 -0.871022 0.093052 -0.337229 -0.523599 0.84 1.034 -0.871022 0 32.502 32.502 
 1.598 1.796 -0.677373 1.17569e+214 2.42461e+232 1.59092 1.68848 -0.835936 0.0600136 -0.590382 -0.523599 0.849 1.018 -0.835936 0 32.502 32.502 
 1.633 1.8 -0.713679 1.17569e+214 2.42461e+232 1.56461 1.71461 -0.783277 0.0132738 -0.789231 -0.523599 0.859 1.006 -0.783277 0 32.502 32.502 
 1.653 1.801 -0.775687 1.17569e+214 2.42461e+232 1.53353 1.76137 -0.728203 5.04323e-08 -0.935565 -0.523599 0.868 1.015 -0.728203 0 32.502 32.502 
 1.643 1.776 -0.854103 1.17569e+214 2.42461e+232 1.52647 1.78002 -0.680876 2.89653e-09 -0.793046 -0.523599 0.897 1.003 -0.680876 0 32.502 32.502 
 1.653 1.787 -0.948388 1.17569e+214 2.42461e+232 1.55016 1.77934 -0.651225 4.66836e-08 -0.752168 -0.523599 0.944 0.984 -0.651225 0 32.502 32.502 
 1.643 1.783 -1.02983 1.17569e+214 2.42461e+232 1.57741 1.78063 -0.634052 2.21209e-08 -0.472116 -0.523599 0.985 0.975 -0.634052 0 32.502 32.502 
 1.652 1.783 -1.1015 1.17569e+214 2.42461e+232 1.6 1.77486 -0.628582 5.71798e-08 -0.393381 -0.523599 1.012 0.966 -0.628582 0 32.502 32.502 
 1.651 1.778 -1.14662 1.17569e+214 2.42461e+232 1.61852 1.77675 -0.630469 2.07901e-07 -0.23598 -0.523599 1.029 0.969 -0.630469 0 32.502 32.502 
 1.657 1.768 -1.18495 1.17569e+214 2.42461e+232 1.63708 1.74841 -0.636121 0.00990258 -0.191846 -0.523599 1.043 0.944 -0.636121 0 32.502 32.502 
 1.642 1.771 -1.20565 1.17569e+214 2.42461e+232 1.65911 1.69322 -0.661262 0.069191 -0.0784609 -0.20135 1.045 0.904 -0.661262 0 32.502 32.502 
 1.622 1.762 -1.22411 1.17569e+214 2.42461e+232 1.68691 1.66104 -0.684011 0.103118 0.166683 0.283141 1.055 0.886 -0.684011 0 32.502 32.502 
 1.633 1.782 -1.23059 1.17569e+214 2.42461e+232 1.69439 1.65728 -0.682059 0.121274 0.0979168 0.144322 1.064 0.881 -0.682059 0 32.502 32.502 
 1.632 1.77 -1.22775 1.17569e+214 2.42461e+232 1.69651 1.65161 -0.678356 0.117124 0.127069 0.192858 1.069 0.873 -0.678356 0 32.502 32.502 
 1.652 1.761 -1.22533 1.17569e+214 2.42461e+232 1.71614 1.64311 -0.672754 0.116628 0.124136 0.189293 1.093 0.861 -0.672754 0 32.502 32.502 
 1.651 1.796 -1.22103 1.17569e+214 2.42461e+232 1.74603 1.64316 -0.66623 0.155343 0.208033 0.23654 1.128 0.857 -0.66623 0 32.502 32.502 
 1.663 1.784 -1.21533 1.17569e+214 2.42461e+232 1.77275 1.64282 -0.657011 0.151375 0.304913 0.347832 1.162 0.851 -0.657011 0 32.502 32.502 
 1.639 1.742 -1.19957 1.17569e+214 2.42461e+232 1.79789 1.64072 -0.65718 0.141029 0.637314 0.523599 1.187 0.849 -0.65718 0 32.502 32.502 
 1.661 1.707 -1.16915 1.17569e+214 2.42461e+232 1.80316 1.61674 -0.658783 0.127467 0.563095 0.523599 1.191 0.826 -0.658783 0 32.502 32.502 
 1.661 1.696 -1.10883 1.17569e+214 2.42461e+232 1.82699 1.59919 -0.666179 0.147722 0.597012 0.523599 1.209 0.813 -0.666179 0 32.502 32.502 
 1.689 1.682 -1.05113 1.17569e+214 2.42461e+232 1.85242 1.57068 -0.67823 0.160427 0.480485 0.494442 1.225 0.792 -0.67823 0 32.502 32.502 
 1.683 1.674 -0.992787 1.17569e+214 2.42461e+232 1.86008 1.54872 -0.682939 0.180576 0.427427 0.402772 1.229 0.773 -0.682939 0 32.502 32.502 
 1.724 1.7 -0.94577 1.17569e+214 2.42461e+232 1.87154 1.53753 -0.684832 0.19164 0.129545 0.121081 1.239 0.763 -0.684832 0 32.502 32.502 
 1.687 1.641 -0.903242 1.17569e+214 2.42461e+232 1.89742 1.53245 -0.683377 0.194409 0.510037 0.441189 1.266 0.757 -0.683377 0 32.502 32.502 
 1.697 1.607 -0.891952 1.17569e+214 2.42461e+232 1.91485 1.52933 -0.678787 0.181324 0.640665 0.523599 1.287 0.751 -0.678787 0 32.502 32.502 
 1.757 1.65 -0.840294 1.17569e+214 2.42461e+232 1.9448 1.51618 -0.677443 0.198775 0.262654 0.233507 1.318 0.737 -0.677443 0 32.502 32.502 
 1.758 1.598 -0.776649 1.17569e+214 2.42461e+232 1.95528 1.4984 -0.675488 0.187234 0.355994 0.329745 1.33 0.718 -0.675488 0 32.502 32.502 
 1.805 1.6 -0.749983 1.17569e+214 2.42461e+232 1.97415 1.4813 -0.674049 0.180004 0.153187 0.152002 1.35 0.7 -0.674049 0 32.502 32.502 
 1.813 1.592 -0.713375 1.17569e+214 2.42461e+232 1.97898 1.46962 -0.668712 0.180482 0.0865258 0.0860817 1.359 0.685 -0.668712 0 32.502 32.502 
 1.81 1.576 -0.700135 1.17569e+214 2.42461e+232 1.98661 1.47193 -0.656835 0.177974 0.184841 0.184812 1.376 0.68 -0.656835 0 32.502 32.502 
 1.822 1.555 -0.691375 1.17569e+214 2.42461e+232 1.98444 1.47166 -0.639056 0.157317 0.221092 0.247773 1.388 0.669 -0.639056 0 32.502 32.502 
 1.842 1.558 -0.671239 1.17569e+214 2.42461e+232 1.98436 1.47707 -0.617941 0.142327 0.145581 0.182077 1.405 0.662 -0.617941 0 32.502 32.502 
 1.863 1.561 -0.649312 1.17569e+214 2.42461e+232 2.00093 1.47482 -0.599138 0.142208 0.0854103 0.10769 1.437 0.649 -0.599138 0 32.502 32.502 
 1.87 1.564 -0.635915 1.17569e+214 2.42461e+232 2.02191 1.47556 -0.583457 0.153498 0.108023 0.126002 1.471 0.641 -0.583457 0 32.502 32.502 
 1.886 1.54 -0.627527 1.17569e+214 2.42461e+232 2.03468 1.47423 -0.571242 0.14017 0.19767 0.248588 1.494 0.633 -0.571242 0 32.502 32.502 
 1.886 1.547 -0.616078 1.17569e+214 2.42461e+232 2.06292 1.46699 -0.567972 0.168021 0.203325 0.214471 1.525 0.624 -0.567972 0 32.502 32.502 
 1.877 1.542 -0.595454 1.17569e+214 2.42461e+232 2.08424 1.46233 -0.563614 0.191128 0.264788 0.244387 1.55 0.617 -0.563614 0 32.502 32.502 
 1.875 1.513 -0.575024 1.17569e+214 2.42461e+232 2.09875 1.44401 -0.564208 0.19987 0.330107 0.288968 1.564 0.599 -0.564208 0 32.502 32.502 
 1.855 1.46 -0.547772 1.17569e+214 2.42461e+232 2.11389 1.42256 -0.563191 0.216615 0.513477 0.403295 1.58 0.577 -0.563191 0 32.502 32.502 
 1.855 1.471 -0.513293 1.17569e+214 2.42461e+232 2.12717 1.42364 -0.56116 0.232795 0.448683 0.333935 1.595 0.577 -0.56116 0 32.502 32.502 
 1.931 1.444 -0.46139 1.17569e+214 2.42461e+232 2.13703 1.42593 -0.549224 0.172224 0.410882 0.40562 1.615 0.573 -0.549224 0 32.502 32.502 
 1.976 1.471 -0.41617 1.17569e+214 2.42461e+232 2.15109 1.4363 -0.532969 0.153712 0.220805 0.253026 1.643 0.575 -0.532969 0 32.502 32.502 
 2.019 1.459 -0.375108 1.17569e+214 2.42461e+232 2.1673 1.43727 -0.525106 0.128775 0.20237 0.275668 1.666 0.572 -0.525106 0 32.502 32.502 
 2.03 1.42 -0.354008 1.17569e+214 2.42461e+232 2.18521 1.43548 -0.522687 0.126011 0.405819 0.523599 1.686 0.569 -0.522687 0 32.502 32.502 
 2.037 1.427 -0.333495 1.17569e+214 2.42461e+232 2.21362 1.42324 -0.523164 0.149286 0.309007 0.356649 1.714 0.557 -0.523164 0 32.502 32.502 
 2.047 1.437 -0.294692 1.17569e+214 2.42461e+232 2.24234 1.39341 -0.522835 0.175194 0.0816653 0.0837096 1.743 0.527 -0.522835 0 32.502 32.502 
 2.042 1.448 -0.264223 1.17569e+214 2.42461e+232 2.25445 1.37034 -0.522961 0.197884 -0.101478 -0.0920466 1.755 0.504 -0.522961 0 32.502 32.502 
 2.057 1.433 -0.257005 1.17569e+214 2.42461e+232 2.2763 1.36115 -0.519332 0.202166 -0.0710584 -0.0631833 1.78 0.493 -0.519332 0 32.502 32.502 
 2.073 1.404 -0.258414 1.17569e+214 2.42461e+232 2.28377 1.37203 -0.496974 0.186205 0.122194 0.117577 1.807 0.493 -0.496974 0 32.502 32.502 
 2.069 1.396 -0.259183 1.17569e+214 2.42461e+232 2.2682 1.37693 -0.464751 0.173805 0.177688 0.181985 1.82 0.483 -0.464751 0 32.502 32.502 
 2.09 1.376 -0.25624 1.17569e+214 2.42461e+232 2.26864 1.37247 -0.442992 0.15344 0.236806 0.270964 1.84 0.469 -0.442992 0 32.502 32.502 
 2.137 1.384 -0.240691 1.17569e+214 2.42461e+232 2.25531 1.37718 -0.41732 0.10253 0.134688 0.23219 1.85 0.463 -0.41732 0 32.502 32.502 
 2.129 1.383 -0.217912 1.17569e+214 2.42461e+232 2.24458 1.37967 -0.395838 0.0999409 0.136375 0.240852 1.859 0.457 -0.395838 0 32.502 32.502 
 2.127 1.363 -0.205833 1.17569e+214 2.42461e+232 2.24316 1.40169 -0.357738 0.09542 0.388188 0.523599 1.893 0.465 -0.357738 0 32.502 32.502 
 2.144 1.353 -0.189585 1.17569e+214 2.42461e+232 2.24328 1.4253 -0.329198 0.0792795 0.579216 0.523599 1.92 0.479 -0.329198 0 32.502 32.502 
 2.173 1.373 -0.149603 1.17569e+214 2.42461e+232 2.25606 1.42806 -0.317361 0.0681051 0.442831 0.523599 1.944 0.478 -0.317361 0 32.502 32.502 
 2.194 1.379 -0.093704 1.17569e+214 2.42461e+232 2.27832 1.41398 -0.317632 0.0720921 0.282016 0.523599 1.966 0.464 -0.317632 0 32.502 32.502 
 2.182 1.384 -0.0499535 1.17569e+214 2.42461e+232 2.30552 1.40791 -0.317842 0.107771 0.185601 0.300598 1.993 0.458 -0.317842 0 32.502 32.502 
 2.198 1.376 -0.0232873 1.17569e+214 2.42461e+232 2.32395 1.40643 -0.316189 0.11057 0.204844 0.321875 2.013 0.456 -0.316189 0 32.502 32.502 
 2.21 1.351 -0.00494407 1.17569e+214 2.42461e+232 2.34302 1.40273 -0.315215 0.118262 0.316459 0.448872 2.033 0.452 -0.315215 0 32.502 32.502 
 2.22 1.364 0.0180663 1.17569e+214 2.42461e+232 2.3779 1.38642 -0.312988 0.139079 0.113873 0.146324 2.07 0.435 -0.312988 0 32.502 32.502 
 2.224 1.353 0.0500905 1.17569e+214 2.42461e+232 2.38742 1.36954 -0.309329 0.143934 0.0480885 0.060066 2.083 0.417 -0.309329 0 32.502 32.502 
 2.235 1.377 0.0602854 1.17569e+214 2.42461e+232 2.40326 1.37834 -0.296588 0.147439 -0.0504359 -0.0614965 2.111 0.422 -0.296588 0 32.502 32.502 
 2.262 1.388 0.0645541 1.17569e+214 2.42461e+232 2.39353 1.38143 -0.274978 0.114907 -0.0917074 -0.142682 2.122 0.419 -0.274978 0 32.502 32.502 
 2.307 1.4 0.0630066 1.17569e+214 2.42461e+232 2.38315 1.38143 -0.255935 0.066039 -0.156109 -0.402295 2.13 0.414 -0.255935 0 32.502 32.502 
 2.306 1.423 0.0618495 1.17569e+214 2.42461e+232 2.39992 1.38477 -0.238164 0.0815286 -0.285054 -0.523599 2.164 0.413 -0.238164 0 32.502 32.502 
 2.316 1.386 0.0597309 1.17569e+214 2.42461e+232 2.40609 1.38603 -0.214732 0.0789 -0.0349199 -0.0794972 2.193 0.409 -0.214732 0 32.502 32.502 
 2.317 1.413 0.0542402 1.17569e+214 2.42461e+232 2.40814 1.38537 -0.198444 0.0792749 -0.212077 -0.448768 2.211 0.405 -0.198444 0 32.502 32.502 
 2.344 1.421 0.0525573 1.17569e+214 2.42461e+232 2.40821 1.37226 -0.18323 0.0560306 -0.353706 -0.523599 2.226 0.389 -0.18323 0 32.502 32.502 
 2.34 1.43 0.0334542 1.17569e+214 2.42461e+232 2.40425 1.35357 -0.170067 0.0586597 -0.528242 -0.523599 2.235 0.368 -0.170067 0 32.502 32.502 
 2.348 1.441 0.000514416 1.17569e+214 2.42461e+232 2.39825 1.33654 -0.137688 0.0521657 -0.705775 -0.523599 2.261 0.346 -0.137688 0 32.502 32.502 
 2.353 1.445 -0.0567531 1.17569e+214 2.42461e+232 2.38369 1.35302 -0.0998534 0.0377155 -0.627576 -0.523599 2.284 0.358 -0.0998534 0 32.502 32.502 
 2.334 1.443 -0.129596 1.17569e+214 2.42461e+232 2.37576 1.35986 -0.0477772 0.0502332 -0.526559 -0.523599 2.328 0.361 -0.0477772 0 32.502 32.502 
 2.339 1.46 -0.194053 1.17569e+214 2.42461e+232 2.36503 1.36896 -0.00903 0.0432403 -0.582487 -0.523599 2.356 0.369 -0.00903 0 32.502 32.502 
 2.336 1.481 -0.247004 1.17569e+214 2.42461e+232 2.3522 1.3868 0.0198055 0.0398503 -0.606833 -0.523599 2.372 0.387 0.0198055 0 32.502 32.502 
 2.369 1.472 -0.30744 1.17569e+214 2.42461e+232 2.34575 1.40615 0.0412641 0.00211582 -0.52128 -0.523599 2.387 0.407 0.0412641 0 32.502 32.502 
 2.377 1.47 -0.369812 1.17569e+214 2.42461e+232 2.37884 1.42398 0.0451798 0.0175492 -0.308773 -0.523599 2.424 0.425 0.0451798 0 32.502 32.502 
 2.353 1.459 -0.422193 1.17569e+214 2.42461e+232 2.39842 1.42805 0.0435908 0.0475397 -0.0667022 -0.247382 2.442 0.429 0.0435908 0 32.502 32.502 
 2.349 1.465 -0.451067 1.17569e+214 2.42461e+232 2.42572 1.4153 0.0372881 0.0796584 -0.0735901 -0.16478 2.463 0.416 0.0372881 0 32.502 32.502 
 2.348 1.479 -0.456737 1.17569e+214 2.42461e+232 2.44378 1.41066 0.0262272 0.102086 -0.119334 -0.207385 2.47 0.411 0.0262272 0 32.502 32.502 
 2.349 1.436 -0.464984 1.17569e+214 2.42461e+232 2.47171 1.39488 0.015294 0.1126 0.11189 0.176993 2.487 0.395 0.015294 0 32.502 32.502 
 2.347 1.41 -0.47559 1.17569e+214 2.42461e+232 2.50528 1.39791 0.0137234 0.130724 0.363664 0.464244 2.519 0.398 0.0137234 0 32.502 32.502 
 2.391 1.456 -0.472656 1.17569e+214 2.42461e+232 2.51607 1.38989 0.014929 0.124081 -0.0115306 -0.0167255 2.531 0.39 0.014929 0 32.502 32.502 
 2.413 1.475 -0.463228 1.17569e+214 2.42461e+232 2.53277 1.39783 0.0182288 0.124389 -0.0929023 -0.133635 2.551 0.398 0.0182288 0 32.502 32.502 
 2.403 1.425 -0.464441 1.17569e+214 2.42461e+232 2.55494 1.40166 0.0260643 0.129759 0.279062 0.369346 2.581 0.402 0.0260643 0 32.502 32.502 
 2.418 1.41 -0.46432 1.17569e+214 2.42461e+232 2.57966 1.41134 0.0363452 0.129734 0.433669 0.523599 2.616 0.412 0.0363452 0 32.502 32.502 
 2.426 1.437 -0.441652 1.17569e+214 2.42461e+232 2.5967 1.41378 0.0493168 0.14575 0.298024 0.352671 2.646 0.415 0.0493168 0 32.502 32.502 
 2.417 1.443 -0.401816 1.17569e+214 2.42461e+232 2.62901 1.40738 0.0570161 0.184821 0.26711 0.254502 2.686 0.409 0.0570161 0 32.502 32.502 
 2.42 1.401 -0.371929 1.17569e+214 2.42461e+232 2.64881 1.41887 0.0652393 0.186926 0.526198 0.468994 2.714 0.421 0.0652393 0 32.502 32.502 
 2.461 1.396 -0.339984 1.17569e+214 2.42461e+232 2.65475 1.43193 0.0783273 0.155572 0.550406 0.523599 2.733 0.435 0.0783273 0 32.502 32.502 
 2.486 1.375 -0.286512 1.17569e+214 2.42461e+232 2.66526 1.42878 0.0918647 0.143962 0.583447 0.523599 2.757 0.433 0.0918647 0 32.502 32.502 
 2.499 1.383 -0.23102 1.17569e+214 2.42461e+232 2.68385 1.44497 0.100318 0.151796 0.577208 0.523599 2.784 0.45 0.100318 0 32.502 32.502 
 2.515 1.38 -0.171873 1.17569e+214 2.42461e+232 2.70287 1.45724 0.107339 0.1578 0.601149 0.523599 2.81 0.463 0.107339 0 32.502 32.502 
 2.532 1.379 -0.114102 1.17569e+214 2.42461e+232 2.73943 1.45298 0.109794 0.178812 0.519988 0.482227 2.849 0.459 0.109794 0 32.502 32.502 
 2.588 1.414 -0.0539202 1.17569e+214 2.42461e+232 2.75709 1.4636 0.113154 0.147883 0.334656 0.386815 2.87 0.47 0.113154 0 32.502 32.502 
 2.609 1.404 -0.00267558 1.17569e+214 2.42461e+232 2.78013 1.46691 0.119155 0.152415 0.358306 0.400307 2.899 0.474 0.119155 0 32.502 32.502 
 2.6 1.366 0.032077 1.17569e+214 2.42461e+232 2.80024 1.46306 0.126092 0.182982 0.481872 0.442648 2.926 0.471 0.126092 0 32.502 32.502 
 2.573 1.347 0.0692144 1.17569e+214 2.42461e+232 2.78939 1.4539 0.135019 0.200484 0.472132 0.400933 2.924 0.463 0.135019 0 32.502 32.502 
 2.569 1.36 0.117477 1.17569e+214 2.42461e+232 2.79904 1.44354 0.151535 0.210689 0.284293 0.238269 2.95 0.455 0.151535 0 32.502 32.502 
 2.608 1.37 0.164261 1.17569e+214 2.42461e+232 2.80534 1.45733 0.171502 0.184956 0.286947 0.27232 2.976 0.472 0.171502 0 32.502 32.502 
 2.629 1.38 0.192856 1.17569e+214 2.42461e+232 2.81489 1.49277 0.20147 0.18223 0.400733 0.376906 3.015 0.513 0.20147 0 32.502 32.502 
 2.684 1.37 0.222473 1.17569e+214 2.42461e+232 2.82465 1.52297 0.224227 0.158278 0.654188 0.523599 3.047 0.548 0.224227 0 32.502 32.502 
 2.698 1.384 0.265011 1.17569e+214 2.42461e+232 2.84515 1.54262 0.225758 0.168701 0.622642 0.523599 3.069 0.568 0.225758 0 32.502 32.502 
 2.714 1.385 0.328439 1.17569e+214 2.42461e+232 2.84685 1.52101 0.224017 0.153277 0.483207 0.516144 3.069 0.546 0.224017 0 32.502 32.502 
 2.716 1.393 0.390927 1.17569e+214 2.42461e+232 2.83697 1.48017 0.218769 0.128008 0.204901 0.280525 3.054 0.504 0.218769 0 32.502 32.502 
 2.723 1.374 0.436872 1.17569e+214 2.42461e+232 2.82991 1.43437 0.217809 0.107435 0.0585802 0.097834 3.046 0.458 0.217809 0 32.502 32.502 
 2.741 1.374 0.456086 1.17569e+214 2.42461e+232 2.82439 1.41252 0.230653 0.0805504 -0.0139818 -0.031234 3.053 0.439 0.230653 0 32.502 32.502 
 2.729 1.394 0.461211 1.17569e+214 2.42461e+232 2.80222 1.40248 0.271086 0.0612928 -0.168712 -0.46001 3.07 0.439 0.271086 0 32.502 32.502 
 2.755 1.379 0.462576 1.17569e+214 2.42461e+232 2.77531 1.39513 0.332799 0.0222812 0.0390563 0.305633 3.102 0.45 0.332799 0 32.502 32.502 
 2.763 1.385 0.462478 1.17569e+214 2.42461e+232 2.75528 1.39045 0.393821 5.38655e-07 0.0639172 0.523599 3.139 0.467 0.393821 0 32.502 32.502 
 2.777 1.408 0.462233 1.17569e+214 2.42461e+232 2.74413 1.40994 0.446561 7.55048e-08 0.13614 0.523599 3.176 0.508 0.446561 0 32.502 32.502 
 2.765 1.4 0.462299 1.17569e+214 2.42461e+232 2.71784 1.41444 0.494011 6.05981e-08 0.287074 0.523599 3.192 0.534 0.494011 0 32.502 32.502 
 2.784 1.394 0.462237 1.17569e+214 2.42461e+232 2.70375 1.42345 0.514673 3.56633e-08 0.555332 0.523599 3.196 0.553 0.514673 0 32.502 32.502 
 2.777 1.394 0.462283 1.17569e+214 2.42461e+232 2.69796 1.43142 0.5248 4.12618e-08 0.601195 0.523599 3.199 0.566 0.5248 0 32.502 32.502 
 2.762 1.404 0.462271 1.17569e+214 2.42461e+232 2.70832 1.44705 0.525546 9.21845e-08 0.506623 0.523599 3.21 0.582 0.525546 0 32.502 32.502 
 2.776 1.409 0.462261 1.17569e+214 2.42461e+232 2.74789 1.44947 0.530667 2.01475e-07 0.372252 0.523599 3.254 0.587 0.530667 0 32.502 32.502 
 2.77 1.407 0.462278 1.17569e+214 2.42461e+232 2.76824 1.45267 0.530265 0.0179013 0.30436 0.523599 3.274 0.59 0.530265 0 32.502 32.502 
 2.763 1.395 0.462248 1.17569e+214 2.42461e+232 2.77326 1.45869 0.530237 0.0351289 0.370385 0.523599 3.279 0.596 0.530237 0 32.502 32.502 
 2.768 1.398 0.462252 1.17569e+214 2.42461e+232 2.77622 1.45866 0.530291 0.032206 0.359736 0.523599 3.282 0.596 0.530291 0 32.502 32.502 
 2.761 1.401 0.462277 1.17569e+214 2.42461e+232 2.77425 1.45968 0.53025 0.0350682 0.329667 0.523599 3.28 0.597 0.53025 0 32.502 32.502 
 2.76 1.396 0.46229 1.17569e+214 2.42461e+232 2.76932 1.46372 0.530167 0.0363078 0.397683 0.523599 3.275 0.601 0.530167 0 32.502 32.502 
 2.769 1.39 0.462275 1.17569e+214 2.42461e+232 2.77033 1.46273 0.530154 0.0327718 0.456531 0.523599 3.276 0.6 0.530154 0 32.502 32.502 
 2.753 1.4 0.462286 1.17569e+214 2.42461e+232 2.76037 1.46475 0.530109 0.0334738 0.387229 0.523599 3.266 0.602 0.530109 0 32.502 32.502 
 2.766 1.408 0.462314 1.17569e+214 2.42461e+232 2.76039 1.46776 0.530093 0.0215036 0.40527 0.523599 3.266 0.605 0.530093 0 32.502 32.502 
 2.771 1.4 0.462297 1.17569e+214 2.42461e+232 2.75944 1.46879 0.530027 0.0214245 0.481863 0.523599 3.265 0.606 0.530027 0 32.502 32.502 
 2.766 1.396 0.462228 1.17569e+214 2.42461e+232 2.76345 1.4688 0.530014 0.0299547 0.471454 0.523599 3.269 0.606 0.530014 0 32.502 32.502 
 2.787 1.413 0.462193 1.17569e+214 2.42461e+232 2.75647 1.46781 0.530001 0.000771767 0.470081 0.523599 3.262 0.605 0.530001 0 32.502 32.502 
 2.75 1.402 0.46219 1.17569e+214 2.42461e+232 2.75047 1.45881 0.529993 0.0246517 0.364824 0.523599 3.256 0.596 0.529993 0 32.502 32.502 
 2.774 1.395 0.462225 1.17569e+214 2.42461e+232 2.74847 1.45381 0.53 0.00636222 0.475306 0.523599 3.254 0.591 0.53 0 32.502 32.502 
 2.79 1.4 0.462189 1.17569e+214 2.42461e+232 2.74851 1.45283 0.529951 9.78527e-08 0.506544 0.523599 3.254 0.59 0.529951 0 32.502 32.502 
 2.773 1.381 0.462178 1.17569e+214 2.42461e+232 2.74851 1.45183 0.529947 0.0129904 0.543755 0.523599 3.254 0.589 0.529947 0 32.502 32.502 
 2.784 1.397 0.462243 1.17569e+214 2.42461e+232 2.75448 1.44982 0.529979 0.000574261 0.453746 0.523599 3.26 0.587 0.529979 0 32.502 32.502 
 2.781 1.402 0.462216 1.17569e+214 2.42461e+232 2.75847 1.45281 0.529999 0.00476059 0.414244 0.523599 3.264 0.59 0.529999 0 32.502 32.502 
 2.776 1.393 0.462205 1.17569e+214 2.42461e+232 2.76246 1.4538 0.530006 0.0161343 0.44147 0.523599 3.268 0.591 0.530006 0 32.502 32.502 
 2.774 1.406 0.462225 1.17569e+214 2.42461e+232 2.77045 1.4578 0.530018 0.0193434 0.348947 0.523599 3.276 0.595 0.530018 0 32.502 32.502 
 2.78 1.406 0.462223 1.17569e+214 2.42461e+232 2.77345 1.4578 0.530016 0.0171035 0.360061 0.523599 3.279 0.595 0.530016 0 32.502 32.502 
 2.792 1.41 0.462277 1.17569e+214 2.42461e+232 2.7685 1.44883 0.529958 6.55837e-07 0.342425 0.523599 3.274 0.586 0.529958 0 32.502 32.502 
 2.78 1.411 0.46225 1.17569e+214 2.42461e+232 2.76645 1.44779 0.530024 0.00502708 0.291578 0.523599 3.272 0.585 0.530024 0 32.502 32.502 
