 2.384 1.281 0.215988 9.57005e-321 1.55716e+142 2.92713 1.32136 0.424033 0 0 0 3.03 0.528 0.128951 0 9.30237e+242 9.30237e+242 
 2.38 1.277 0.215986 9.57005e-321 1.55716e+142 2.9285 1.32161 0.183089 0.216985 -0.157631 -0.130025 3.057 0.532 0.161327 0 9.30237e+242 9.30237e+242 
 2.374 1.277 0.214241 9.57005e-321 1.55716e+142 2.93198 1.31303 -1.18489 0.220118 -0.175772 -0.142759 3.086 0.528 0.193731 0 9.30237e+242 9.30237e+242 
 2.368 1.268 0.205742 9.57005e-321 1.55716e+142 2.925 1.31349 3.0769 0.220584 -0.145927 -0.11852 3.105 0.534 0.226945 0 9.30237e+242 9.30237e+242 
 2.4 1.261 0.196253 9.57005e-321 1.55716e+142 2.92683 1.30544 -1.34671 0.208905 -0.129601 -0.111208 3.135 0.533 0.26324 0 9.30237e+242 9.30237e+242 
 2.421 1.271 0.183719 9.57005e-321 1.55716e+142 2.93741 1.30914 0.336152 0.204637 -0.12637 -0.110701 3.171 0.544 0.296304 0 9.30237e+242 9.30237e+242 
 2.447 1.281 0.170737 9.57005e-321 1.55716e+142 2.93909 1.32129 1.43301 0.195429 -0.100748 -0.092529 3.197 0.564 0.328244 0 9.30237e+242 9.30237e+242 
 2.442 1.281 0.157491 9.57005e-321 1.55716e+142 2.93902 1.3339 1.57647 0.198239 -0.0584838 -0.0530532 3.223 0.586 0.362883 0 9.30237e+242 9.30237e+242 
 2.479 1.276 0.148091 9.57005e-321 1.55716e+142 2.94202 1.35881 1.45121 0.18668 0.0321518 0.0309914 3.244 0.618 0.387072 0 9.30237e+242 9.30237e+242 
 2.527 1.292 0.143471 9.57005e-321 1.55716e+142 2.94516 1.37344 1.35928 0.168976 0.0522766 0.0556297 3.26 0.638 0.404493 0 9.30237e+242 9.30237e+242 
 2.532 1.261 0.143685 9.57005e-321 1.55716e+142 2.96814 1.39758 0.809761 0.179668 0.175461 0.174008 3.285 0.663 0.407233 0 9.30237e+242 9.30237e+242 
 2.538 1.292 0.145084 9.57005e-321 1.55716e+142 3.01116 1.43258 0.683111 0.194426 0.162398 0.149231 3.328 0.698 0.407212 0 9.30237e+242 9.30237e+242 
 2.566 1.307 0.148162 9.57005e-321 1.55716e+142 3.04297 1.4605 0.720313 0.196916 0.185236 0.167732 3.36 0.726 0.407468 0 9.30237e+242 9.30237e+242 
 2.568 1.252 0.154176 9.57005e-321 1.55716e+142 3.08647 1.481 0.440414 0.219246 0.306977 0.246886 3.4 0.745 0.402715 0 9.30237e+242 9.30237e+242 
 2.595 1.253 0.164103 9.57005e-321 1.55716e+142 3.10695 1.49489 0.596017 0.21832 0.324874 0.261708 3.416 0.757 0.396631 0 9.30237e+242 9.30237e+242 
 2.613 1.279 0.194071 9.57005e-321 1.55716e+142 3.13526 1.50244 0.26052 0.221787 0.247245 0.198031 3.443 0.764 0.39486 0 9.30237e+242 9.30237e+242 
 2.641 1.271 0.22444 9.57005e-321 1.55716e+142 3.17242 1.49651 -0.158299 0.226505 0.209173 0.16472 3.48 0.758 0.39464 0 9.30237e+242 9.30237e+242 
 2.668 1.293 0.24716 9.57005e-321 1.55716e+142 3.19729 1.50546 0.345303 0.224896 0.158823 0.126439 3.505 0.767 0.394809 0 9.30237e+242 9.30237e+242 
 2.674 1.289 0.266097 9.57005e-321 1.55716e+142 3.22153 1.5186 0.496981 0.234203 0.156152 0.119441 3.536 0.783 0.40399 0 9.30237e+242 9.30237e+242 
 2.703 1.256 0.28097 9.57005e-321 1.55716e+142 3.23396 1.53538 0.933247 0.234521 0.242532 0.184042 3.567 0.808 0.429374 0 9.30237e+242 9.30237e+242 
 2.697 1.239 0.29751 9.57005e-321 1.55716e+142 3.24043 1.56364 1.34553 0.245895 0.290151 0.209286 3.6 0.849 0.466157 0 9.30237e+242 9.30237e+242 
 2.704 1.248 0.322919 9.57005e-321 1.55716e+142 3.23973 1.57592 1.62829 0.244622 0.272292 0.197742 3.618 0.871 0.492511 0 9.30237e+242 9.30237e+242 
 2.739 1.234 0.352068 9.57005e-321 1.55716e+142 3.25072 1.57909 0.281078 0.239733 0.288976 0.213662 3.645 0.883 0.515358 0 9.30237e+242 9.30237e+242 
 2.797 1.23 0.379772 9.57005e-321 1.55716e+142 3.25613 1.58162 0.437576 0.223158 0.322558 0.254534 3.665 0.894 0.536453 0 9.30237e+242 9.30237e+242 
 2.83 1.25 0.411102 9.57005e-321 1.55716e+142 3.26734 1.58861 0.557395 0.214526 0.288852 0.237779 3.691 0.91 0.558105 0 9.30237e+242 9.30237e+242 
 2.804 1.252 0.443812 9.57005e-321 1.55716e+142 3.27111 1.59955 1.23834 0.227833 0.231948 0.18124 3.712 0.932 0.583692 0 9.30237e+242 9.30237e+242 
 2.846 1.24 0.471777 9.57005e-321 1.55716e+142 3.27157 1.61292 1.53687 0.219477 0.290677 0.234025 3.731 0.958 0.611738 0 9.30237e+242 9.30237e+242 
 2.861 1.253 0.495213 9.57005e-321 1.55716e+142 3.27293 1.62293 1.43552 0.215189 0.275987 0.226881 3.749 0.98 0.637376 0 9.30237e+242 9.30237e+242 
 2.901 1.249 0.524994 9.57005e-321 1.55716e+142 3.27686 1.63111 1.12305 0.207009 0.310127 0.263398 3.762 0.995 0.651557 0 9.30237e+242 9.30237e+242 
 2.951 1.255 0.553491 9.57005e-321 1.55716e+142 3.29033 1.64773 0.889667 0.198831 0.347669 0.304926 3.785 1.019 0.666629 0 9.30237e+242 9.30237e+242 
 2.958 1.264 0.586157 9.57005e-321 1.55716e+142 3.33162 1.66799 0.45626 0.213803 0.277555 0.229553 3.831 1.043 0.674145 0 9.30237e+242 9.30237e+242 
 2.926 1.285 0.620036 9.57005e-321 1.55716e+142 3.36221 1.67682 0.280889 0.231698 0.132965 0.102932 3.868 1.057 0.684438 0 9.30237e+242 9.30237e+242 
 2.952 1.313 0.643143 9.57005e-321 1.55716e+142 3.36721 1.68283 0.876991 0.220159 0.0991933 0.0809226 3.885 1.073 0.703957 0 9.30237e+242 9.30237e+242 
 2.985 1.302 0.653909 9.57005e-321 1.55716e+142 3.36634 1.69129 1.67367 0.21471 0.165302 0.137702 3.903 1.098 0.735329 0 9.30237e+242 9.30237e+242 
 3 1.307 0.665024 9.57005e-321 1.55716e+142 3.36195 1.71404 1.76124 0.213643 0.208332 0.173755 3.915 1.136 0.763306 0 9.30237e+242 9.30237e+242 
 3.024 1.324 0.683028 9.57005e-321 1.55716e+142 3.3558 1.7341 1.86804 0.206027 0.239069 0.205907 3.928 1.175 0.796973 0 9.30237e+242 9.30237e+242 
 3.09 1.35 0.704831 9.57005e-321 1.55716e+142 3.37255 1.75658 0.930527 0.191573 0.291289 0.26715 3.952 1.205 0.810037 0 9.30237e+242 9.30237e+242 
 3.076 1.365 0.729993 9.57005e-321 1.55716e+142 3.385 1.79269 1.23874 0.205819 0.247798 0.213413 3.97 1.247 0.820148 0 9.30237e+242 9.30237e+242 
 3.061 1.365 0.759023 9.57005e-321 1.55716e+142 3.39663 1.81913 1.15663 0.221605 0.206161 0.165916 3.984 1.276 0.824514 0 9.30237e+242 9.30237e+242 
 3.096 1.413 0.782347 9.57005e-321 1.55716e+142 3.41851 1.84583 0.884249 0.212527 0.172114 0.144753 4.008 1.305 0.828417 0 9.30237e+242 9.30237e+242 
 3.1 1.396 0.802198 9.57005e-321 1.55716e+142 3.42933 1.87045 1.15656 0.227047 0.191478 0.150651 4.021 1.332 0.832448 0 9.30237e+242 9.30237e+242 
 3.146 1.4 0.818963 9.57005e-321 1.55716e+142 3.43572 1.88657 1.19344 0.220937 0.252375 0.202787 4.03 1.351 0.837315 0 9.30237e+242 9.30237e+242 
 3.158 1.424 0.839392 9.57005e-321 1.55716e+142 3.44491 1.90043 0.985483 0.217826 0.221662 0.181161 4.042 1.368 0.842575 0 9.30237e+242 9.30237e+242 
 3.19 1.425 0.863761 9.57005e-321 1.55716e+142 3.45902 1.93204 1.15094 0.223778 0.258462 0.204979 4.06 1.404 0.849916 0 9.30237e+242 9.30237e+242 
 3.201 1.429 0.886571 9.57005e-321 1.55716e+142 3.47008 1.94752 0.950469 0.228264 0.243522 0.189722 4.075 1.424 0.857407 0 9.30237e+242 9.30237e+242 
 3.182 1.451 0.912893 9.57005e-321 1.55716e+142 3.4832 1.97901 1.17591 0.239583 0.167171 0.124942 4.092 1.46 0.864846 0 9.30237e+242 9.30237e+242 
 3.221 1.471 0.933766 9.57005e-321 1.55716e+142 3.5019 2.00851 1.00615 0.238611 0.186152 0.139515 4.117 1.497 0.877089 0 9.30237e+242 9.30237e+242 
 3.245 1.477 0.950444 9.57005e-321 1.55716e+142 3.53078 2.01884 0.343251 0.241551 0.162083 0.120199 4.153 1.516 0.891112 0 9.30237e+242 9.30237e+242 
 3.245 1.493 0.968831 9.57005e-321 1.55716e+142 3.54874 2.03215 0.637902 0.244955 0.107094 0.0785336 4.181 1.542 0.911342 0 9.30237e+242 9.30237e+242 
 3.267 1.525 0.983966 9.57005e-321 1.55716e+142 3.5529 2.04012 1.08994 0.233334 0.0954823 0.0735249 4.198 1.567 0.938001 0 9.30237e+242 9.30237e+242 
 3.278 1.548 0.994408 9.57005e-321 1.55716e+142 3.55754 2.04043 0.0661025 0.224498 0.0708861 0.0567746 4.218 1.589 0.971229 0 9.30237e+242 9.30237e+242 
 3.315 1.563 1.00378 9.57005e-321 1.55716e+142 3.57285 2.05428 0.735361 0.219695 0.0981716 0.0802611 4.246 1.622 0.999946 0 9.30237e+242 9.30237e+242 
 3.337 1.564 1.01205 9.57005e-321 1.55716e+142 3.55921 2.0629 2.57813 0.215232 0.162989 0.135474 4.248 1.656 1.03722 0 9.30237e+242 9.30237e+242 
 3.337 1.587 1.0232 9.57005e-321 1.55716e+142 3.56354 2.06727 0.789567 0.209912 0.1237 0.105678 4.269 1.69 1.07971 0 9.30237e+242 9.30237e+242 
 3.361 1.601 1.04001 9.57005e-321 1.55716e+142 3.56156 2.08791 1.66678 0.207515 0.161638 0.139299 4.28 1.736 1.11533 0 9.30237e+242 9.30237e+242 
 3.373 1.63 1.05226 9.57005e-321 1.55716e+142 3.56691 2.10429 1.25479 0.202119 0.149264 0.132154 4.296 1.775 1.14657 0 9.30237e+242 9.30237e+242 
 3.374 1.655 1.06852 9.57005e-321 1.55716e+142 3.57126 2.13442 1.42753 0.204841 0.128624 0.112548 4.309 1.825 1.17367 0 9.30237e+242 9.30237e+242 
 3.37 1.679 1.08296 9.57005e-321 1.55716e+142 3.56589 2.14723 1.96758 0.200864 0.104586 0.0934494 4.311 1.856 1.1982 0 9.30237e+242 9.30237e+242 
 3.387 1.689 1.09472 9.57005e-321 1.55716e+142 3.56767 2.1605 1.43762 0.199538 0.125519 0.112748 4.318 1.883 1.21656 0 9.30237e+242 9.30237e+242 
 3.385 1.694 1.10499 9.57005e-321 1.55716e+142 3.55492 2.17029 2.48694 0.199609 0.14034 0.125884 4.31 1.906 1.23411 0 9.30237e+242 9.30237e+242 
 3.407 1.7 1.11756 9.57005e-321 1.55716e+142 3.54342 2.17807 2.54618 0.195073 0.198344 0.181015 4.303 1.927 1.25156 0 9.30237e+242 9.30237e+242 
 3.415 1.715 1.13421 9.57005e-321 1.55716e+142 3.55176 2.18201 0.440465 0.191501 0.170522 0.158929 4.313 1.936 1.25822 0 9.30237e+242 9.30237e+242 
 3.433 1.732 1.15395 9.57005e-321 1.55716e+142 3.55387 2.20121 1.46176 0.190375 0.184831 0.173012 4.316 1.958 1.26189 0 9.30237e+242 9.30237e+242 
 3.435 1.771 1.17128 9.57005e-321 1.55716e+142 3.56588 2.2551 1.35145 0.197704 0.153932 0.139241 4.329 2.015 1.26598 0 9.30237e+242 9.30237e+242 
 3.453 1.791 1.18907 9.57005e-321 1.55716e+142 3.58316 2.28557 1.05491 0.201848 0.142272 0.126198 4.348 2.051 1.27321 0 9.30237e+242 9.30237e+242 
 3.477 1.801 1.20376 9.57005e-321 1.55716e+142 3.57872 2.31044 1.74774 0.203993 0.195149 0.170524 4.346 2.084 1.28382 0 9.30237e+242 9.30237e+242 
 3.489 1.813 1.21878 9.57005e-321 1.55716e+142 3.56544 2.33704 2.03366 0.206848 0.238955 0.205018 4.336 2.122 1.29865 0 9.30237e+242 9.30237e+242 
 3.498 1.812 1.24064 9.57005e-321 1.55716e+142 3.57523 2.37319 1.3063 0.221745 0.22746 0.182582 4.349 2.17 1.314 0 9.30237e+242 9.30237e+242 
 3.494 1.818 1.26474 9.57005e-321 1.55716e+142 3.57201 2.40451 1.6735 0.232249 0.206824 0.158943 4.348 2.21 1.3252 0 9.30237e+242 9.30237e+242 
 3.5 1.845 1.28714 9.57005e-321 1.55716e+142 3.56082 2.42756 2.02258 0.229736 0.213167 0.16549 4.339 2.242 1.33671 0 9.30237e+242 9.30237e+242 
 3.521 1.876 1.30836 9.57005e-321 1.55716e+142 3.56027 2.44655 1.59944 0.22386 0.228391 0.18162 4.341 2.272 1.35084 0 9.30237e+242 9.30237e+242 
 3.507 1.893 1.32996 9.57005e-321 1.55716e+142 3.55714 2.48172 1.65963 0.232446 0.185501 0.142671 4.34 2.317 1.36341 0 9.30237e+242 9.30237e+242 
 3.509 1.913 1.35287 9.57005e-321 1.55716e+142 3.55064 2.5144 1.76724 0.237359 0.177954 0.13414 4.335 2.357 1.37275 0 9.30237e+242 9.30237e+242 
 3.543 1.952 1.37099 9.57005e-321 1.55716e+142 3.55454 2.53481 1.38203 0.228625 0.213365 0.166432 4.34 2.383 1.37987 0 9.30237e+242 9.30237e+242 
 3.562 1.958 1.38984 9.57005e-321 1.55716e+142 3.56378 2.56586 1.28136 0.238479 0.213097 0.159476 4.35 2.418 1.3849 0 9.30237e+242 9.30237e+242 
 3.563 1.976 1.41176 9.57005e-321 1.55716e+142 3.573 2.60302 1.32776 0.247071 0.172604 0.125092 4.361 2.465 1.3974 0 9.30237e+242 9.30237e+242 
 3.571 1.978 1.43223 9.57005e-321 1.55716e+142 3.56813 2.61253 2.04343 0.250003 0.173002 0.123921 4.359 2.492 1.41955 0 9.30237e+242 9.30237e+242 
 3.564 2.011 1.44897 9.57005e-321 1.55716e+142 3.55185 2.64244 2.06942 0.248882 0.17042 0.122635 4.345 2.538 1.43987 0 9.30237e+242 9.30237e+242 
 3.595 2.034 1.46641 9.57005e-321 1.55716e+142 3.54048 2.66553 2.02844 0.248263 0.229926 0.165186 4.336 2.581 1.46494 0 9.30237e+242 9.30237e+242 
 3.587 2.075 1.4847 9.57005e-321 1.55716e+142 3.53836 2.68621 1.67302 0.240939 0.198573 0.147275 4.335 2.613 1.47916 0 9.30237e+242 9.30237e+242 
 3.616 2.094 1.50833 9.57005e-321 1.55716e+142 3.53434 2.69909 1.87341 0.238913 0.235418 0.175541 4.332 2.638 1.49436 0 9.30237e+242 9.30237e+242 
 3.616 2.124 1.52792 9.57005e-321 1.55716e+142 3.53232 2.71285 1.7165 0.233145 0.219173 0.167625 4.331 2.667 1.51345 0 9.30237e+242 9.30237e+242 
 3.614 2.144 1.55167 9.57005e-321 1.55716e+142 3.52953 2.73205 1.71504 0.233551 0.192769 0.14749 4.329 2.703 1.53448 0 9.30237e+242 9.30237e+242 
 3.634 2.161 1.5727 9.57005e-321 1.55716e+142 3.5201 2.75395 1.97706 0.236556 0.224465 0.169168 4.32 2.741 1.55461 0 9.30237e+242 9.30237e+242 
 3.628 2.194 1.59228 9.57005e-321 1.55716e+142 3.495 2.77607 2.41919 0.233395 0.24197 0.184491 4.295 2.777 1.57195 0 9.30237e+242 9.30237e+242 
 3.615 2.203 1.61571 9.57005e-321 1.55716e+142 3.48614 2.80716 1.84857 0.24276 0.198558 0.146175 4.286 2.822 1.58935 0 9.30237e+242 9.30237e+242 
 3.637 2.224 1.63892 9.57005e-321 1.55716e+142 3.49719 2.84544 1.2897 0.250683 0.185273 0.132256 4.297 2.863 1.59274 0 9.30237e+242 9.30237e+242 
 3.615 2.262 1.65828 9.57005e-321 1.55716e+142 3.48949 2.87915 1.79562 0.248839 0.136718 0.0985756 4.289 2.907 1.60562 0 9.30237e+242 9.30237e+242 
 3.618 2.285 1.67628 9.57005e-321 1.55716e+142 3.46612 2.89862 2.44679 0.249209 0.165733 0.119139 4.265 2.941 1.6238 0 9.30237e+242 9.30237e+242 
 3.651 2.31 1.69036 9.57005e-321 1.55716e+142 3.45003 2.91604 2.31646 0.249701 0.242395 0.172987 4.248 2.973 1.64205 0 9.30237e+242 9.30237e+242 
 3.658 2.35 1.71018 9.57005e-321 1.55716e+142 3.43941 2.94423 1.93118 0.24713 0.25692 0.184991 4.236 3.018 1.66314 0 9.30237e+242 9.30237e+242 
 3.659 2.367 1.73605 9.57005e-321 1.55716e+142 3.43756 2.98969 1.6114 0.259354 0.214682 0.147908 4.233 3.075 1.67764 0 9.30237e+242 9.30237e+242 
 3.67 2.37 1.76184 9.57005e-321 1.55716e+142 3.4289 3.027 1.79884 0.275194 0.197374 0.128389 4.223 3.124 1.69235 0 9.30237e+242 9.30237e+242 
 3.662 2.389 1.78249 9.57005e-321 1.55716e+142 3.41556 3.04928 2.11037 0.277612 0.179036 0.115567 4.207 3.166 1.71723 0 9.30237e+242 9.30237e+242 
 3.611 2.425 1.80224 9.57005e-321 1.55716e+142 3.42582 3.04434 -0.448027 0.256309 0.0718188 0.050394 4.213 3.187 1.75008 0 9.30237e+242 9.30237e+242 
 3.643 2.457 1.81752 9.57005e-321 1.55716e+142 3.42991 3.04709 0.591312 0.248155 0.120545 0.0872157 4.211 3.22 1.78866 0 9.30237e+242 9.30237e+242 
 3.658 2.475 1.82518 9.57005e-321 1.55716e+142 3.42762 3.0356 -1.76762 0.238978 0.162337 0.12167 4.2 3.244 1.83433 0 9.30237e+242 9.30237e+242 
 3.653 2.492 1.83822 9.57005e-321 1.55716e+142 3.42813 3.00596 -1.55357 0.220966 0.170382 0.137913 4.19 3.25 1.88079 0 9.30237e+242 9.30237e+242 
 3.653 2.515 1.85566 9.57005e-321 1.55716e+142 3.41457 3.00285 -2.91596 0.213237 0.197487 0.165186 4.169 3.269 1.90995 0 9.30237e+242 9.30237e+242 
 3.617 2.573 1.87357 9.57005e-321 1.55716e+142 3.41808 3.00846 1.01225 0.188919 0.140606 0.133175 4.165 3.295 1.93711 0 9.30237e+242 9.30237e+242 
 3.617 2.586 1.89153 9.57005e-321 1.55716e+142 3.40523 3.03837 1.97646 0.197268 0.13293 0.120705 4.147 3.338 1.9547 0 9.30237e+242 9.30237e+242 
 3.589 2.62 1.90443 9.57005e-321 1.55716e+142 3.37707 3.06803 2.33026 0.195891 0.122526 0.112114 4.115 3.377 1.96732 0 9.30237e+242 9.30237e+242 
 3.586 2.611 1.91713 9.57005e-321 1.55716e+142 3.37206 3.08483 1.86044 0.20593 0.0894953 0.0780673 4.103 3.41 1.98937 0 9.30237e+242 9.30237e+242 
 3.594 2.663 1.92855 9.57005e-321 1.55716e+142 3.36482 3.08806 2.72312 0.190351 0.153361 0.144017 4.089 3.428 2.00968 0 9.30237e+242 9.30237e+242 
 3.612 2.661 1.93981 9.57005e-321 1.55716e+142 3.35454 3.10412 2.13993 0.201553 0.179932 0.159329 4.073 3.456 2.02623 0 9.30237e+242 9.30237e+242 
 3.594 2.654 1.95656 9.57005e-321 1.55716e+142 3.32525 3.1208 2.62394 0.212339 0.158735 0.133757 4.036 3.488 2.04767 0 9.30237e+242 9.30237e+242 
 3.595 2.686 1.97474 9.57005e-321 1.55716e+142 3.31514 3.14361 1.98788 0.211272 0.168152 0.142295 4.02 3.522 2.06347 0 9.30237e+242 9.30237e+242 
 3.601 2.719 1.99009 9.57005e-321 1.55716e+142 3.31165 3.15416 1.89101 0.20527 0.192705 0.1674 4.013 3.539 2.07265 0 9.30237e+242 9.30237e+242 
 3.58 2.716 2.00731 9.57005e-321 1.55716e+142 3.29097 3.15362 -3.11527 0.206508 0.16961 0.146775 3.987 3.548 2.08631 0 9.30237e+242 9.30237e+242 
 3.548 2.75 2.02691 9.57005e-321 1.55716e+142 3.27868 3.15099 -2.93143 0.190434 0.151778 0.14249 3.968 3.557 2.10308 0 9.30237e+242 9.30237e+242 
 3.554 2.782 2.0433 9.57005e-321 1.55716e+142 3.25133 3.1552 2.98912 0.187591 0.233338 0.220264 3.936 3.569 2.11444 0 9.30237e+242 9.30237e+242 
 3.527 2.819 2.06021 9.57005e-321 1.55716e+142 3.22778 3.17581 2.42268 0.1818 0.230128 0.224025 3.911 3.592 2.11793 0 9.30237e+242 9.30237e+242 
 3.536 2.86 2.0855 9.57005e-321 1.55716e+142 3.21903 3.19704 1.96169 0.179636 0.26401 0.25862 3.903 3.612 2.11612 0 9.30237e+242 9.30237e+242 
 3.525 2.845 2.1087 9.57005e-321 1.55716e+142 3.19204 3.23135 2.2375 0.200178 0.197923 0.176128 3.878 3.643 2.1113 0 9.30237e+242 9.30237e+242 
 3.562 2.883 2.13483 9.57005e-321 1.55716e+142 3.16635 3.25817 2.33455 0.211463 0.287909 0.240334 3.854 3.667 2.10719 0 9.30237e+242 9.30237e+242 
 3.552 2.894 2.15541 9.57005e-321 1.55716e+142 3.14929 3.28796 2.09091 0.2199 0.248525 0.200692 3.838 3.695 2.10459 0 9.30237e+242 9.30237e+242 
 3.543 2.932 2.184 9.57005e-321 1.55716e+142 3.13189 3.31595 2.12704 0.219761 0.242125 0.195778 3.82 3.724 2.10605 0 9.30237e+242 9.30237e+242 
 3.541 2.948 2.20818 9.57005e-321 1.55716e+142 3.13264 3.34001 1.53958 0.222344 0.198243 0.159132 3.819 3.751 2.11033 0 9.30237e+242 9.30237e+242 
 3.542 2.998 2.23128 9.57005e-321 1.55716e+142 3.12163 3.35242 2.29658 0.214679 0.244648 0.202321 3.804 3.77 2.11996 0 9.30237e+242 9.30237e+242 
 3.561 2.985 2.25209 9.57005e-321 1.55716e+142 3.11609 3.36072 2.15987 0.22813 0.222979 0.174154 3.786 3.798 2.1491 0 9.30237e+242 9.30237e+242 
 3.545 3.021 2.27592 9.57005e-321 1.55716e+142 3.09884 3.37067 2.61821 0.221644 0.236295 0.189594 3.758 3.824 2.17324 0 9.30237e+242 9.30237e+242 
 3.523 3.008 2.29885 9.57005e-321 1.55716e+142 3.08807 3.36876 -2.96574 0.22244 0.176901 0.142183 3.736 3.838 2.19759 0 9.30237e+242 9.30237e+242 
 3.509 3.024 2.32115 9.57005e-321 1.55716e+142 3.08215 3.37632 2.235 0.218328 0.152718 0.125249 3.714 3.867 2.2311 0 9.30237e+242 9.30237e+242 
 3.497 3.076 2.33789 9.57005e-321 1.55716e+142 3.07405 3.38015 2.69993 0.204285 0.207087 0.180484 3.693 3.887 2.25695 0 9.30237e+242 9.30237e+242 
 3.501 3.084 2.35377 9.57005e-321 1.55716e+142 3.0693 3.38938 2.0455 0.207586 0.19873 0.170644 3.675 3.912 2.2827 0 9.30237e+242 9.30237e+242 
 3.449 3.102 2.37483 9.57005e-321 1.55716e+142 3.05731 3.40047 2.39502 0.194513 0.13062 0.12029 3.648 3.94 2.31096 0 9.30237e+242 9.30237e+242 
 3.454 3.14 2.3923 9.57005e-321 1.55716e+142 3.04183 3.3989 -3.04012 0.190626 0.211599 0.197207 3.615 3.957 2.34288 0 9.30237e+242 9.30237e+242 
 3.452 3.167 2.40747 9.57005e-321 1.55716e+142 3.03334 3.40937 2.25187 0.18885 0.234377 0.219785 3.592 3.982 2.36854 0 9.30237e+242 9.30237e+242 
 3.425 3.142 2.42988 9.57005e-321 1.55716e+142 3.01271 3.42444 2.51091 0.197478 0.12615 0.114483 3.561 4.007 2.38649 0 9.30237e+242 9.30237e+242 
 3.401 3.153 2.45108 9.57005e-321 1.55716e+142 2.99619 3.42194 -2.99147 0.192152 0.117109 0.109266 3.532 4.016 2.4077 0 9.30237e+242 9.30237e+242 
 3.404 3.19 2.46237 9.57005e-321 1.55716e+142 2.98418 3.41921 -2.91828 0.187564 0.200353 0.189955 3.509 4.023 2.42605 0 9.30237e+242 9.30237e+242 
 3.394 3.209 2.47544 9.57005e-321 1.55716e+142 2.97883 3.4398 1.82503 0.186769 0.17691 0.168874 3.495 4.051 2.44029 0 9.30237e+242 9.30237e+242 
 3.357 3.217 2.49668 9.57005e-321 1.55716e+142 2.95932 3.46155 2.30187 0.184724 0.103755 0.100759 3.468 4.079 2.45249 0 9.30237e+242 9.30237e+242 
 3.339 3.244 2.51165 9.57005e-321 1.55716e+142 2.94376 3.4651 2.91747 0.178804 0.131342 0.131458 3.442 4.091 2.46928 0 9.30237e+242 9.30237e+242 
 3.334 3.273 2.52222 9.57005e-321 1.55716e+142 2.92779 3.48966 2.14722 0.181602 0.142591 0.140403 3.406 4.131 2.50089 0 9.30237e+242 9.30237e+242 
 3.325 3.293 2.53632 9.57005e-321 1.55716e+142 2.90901 3.48518 -2.90725 0.17985 0.189549 0.187479 3.37 4.139 2.52747 0 9.30237e+242 9.30237e+242 
 3.319 3.277 2.55191 9.57005e-321 1.55716e+142 2.90006 3.48948 2.69331 0.185459 0.133624 0.128971 3.344 4.155 2.55332 0 9.30237e+242 9.30237e+242 
 3.296 3.289 2.57077 9.57005e-321 1.55716e+142 2.88691 3.49091 3.03283 0.180242 0.123421 0.122637 3.313 4.168 2.57991 0 9.30237e+242 9.30237e+242 
 3.288 3.294 2.58396 9.57005e-321 1.55716e+142 2.85869 3.49764 2.90766 0.187694 0.127977 0.12212 3.268 4.185 2.6045 0 9.30237e+242 9.30237e+242 
 3.261 3.332 2.59615 9.57005e-321 1.55716e+142 2.84175 3.50746 2.61623 0.178895 0.163408 0.162959 3.237 4.203 2.62484 0 9.30237e+242 9.30237e+242 
 3.239 3.336 2.60992 9.57005e-321 1.55716e+142 2.82826 3.52195 2.32032 0.178219 0.116535 0.117161 3.21 4.225 2.64416 0 9.30237e+242 9.30237e+242 
 3.228 3.357 2.62524 9.57005e-321 1.55716e+142 2.80522 3.52811 2.88041 0.179866 0.144694 0.143803 3.176 4.237 2.65969 0 9.30237e+242 9.30237e+242 
 3.215 3.346 2.63791 9.57005e-321 1.55716e+142 2.79297 3.52609 -2.97841 0.181463 0.110519 0.109192 3.148 4.243 2.68178 0 9.30237e+242 9.30237e+242 
 3.207 3.334 2.65119 9.57005e-321 1.55716e+142 2.7744 3.52166 -2.90735 0.186741 0.0902866 0.0868087 3.114 4.246 2.70318 0 9.30237e+242 9.30237e+242 
 3.225 3.367 2.66125 9.57005e-321 1.55716e+142 2.75005 3.52841 2.87099 0.197388 0.173479 0.156896 3.076 4.259 2.72195 0 9.30237e+242 9.30237e+242 
 3.182 3.373 2.67077 9.57005e-321 1.55716e+142 2.72482 3.52756 -3.10788 0.190065 0.162327 0.152537 3.042 4.262 2.73392 0 9.30237e+242 9.30237e+242 
 3.18 3.383 2.68844 9.57005e-321 1.55716e+142 2.70585 3.53157 2.93358 0.19559 0.169294 0.154557 3.016 4.269 2.74347 0 9.30237e+242 9.30237e+242 
 3.171 3.397 2.70458 9.57005e-321 1.55716e+142 2.68604 3.53441 2.99918 0.198149 0.183018 0.164748 2.991 4.274 2.75049 0 9.30237e+242 9.30237e+242 
 3.15 3.424 2.72108 9.57005e-321 1.55716e+142 2.66421 3.5407 2.86092 0.195778 0.209353 0.190155 2.965 4.282 2.75614 0 9.30237e+242 9.30237e+242 
 3.149 3.453 2.7398 9.57005e-321 1.55716e+142 2.6418 3.55446 2.59113 0.202111 0.234043 0.205496 2.937 4.298 2.76365 0 9.30237e+242 9.30237e+242 
 3.122 3.45 2.76114 9.57005e-321 1.55716e+142 2.61035 3.5555 3.10838 0.204945 0.203651 0.176992 2.898 4.302 2.7738 0 9.30237e+242 9.30237e+242 
 3.109 3.46 2.78442 9.57005e-321 1.55716e+142 2.5793 3.56974 2.71155 0.212872 0.177771 0.149203 2.857 4.32 2.78709 0 9.30237e+242 9.30237e+242 
 3.111 3.5 2.80384 9.57005e-321 1.55716e+142 2.54936 3.56874 -3.10813 0.220713 0.253705 0.204027 2.816 4.323 2.80179 0 9.30237e+242 9.30237e+242 
 3.083 3.477 2.82303 9.57005e-321 1.55716e+142 2.52015 3.56234 -2.92591 0.223618 0.198116 0.15814 2.774 4.321 2.8187 0 9.30237e+242 9.30237e+242 
 3.07 3.515 2.84894 9.57005e-321 1.55716e+142 2.49521 3.54969 -2.67233 0.223996 0.274014 0.216736 2.741 4.311 2.8293 0 9.30237e+242 9.30237e+242 
 3.046 3.521 2.86859 9.57005e-321 1.55716e+142 2.46732 3.54043 -2.82098 0.224943 0.282638 0.222425 2.706 4.304 2.83863 0 9.30237e+242 9.30237e+242 
 3.007 3.533 2.89763 9.57005e-321 1.55716e+142 2.4244 3.5611 2.69292 0.22825 0.231945 0.180914 2.662 4.325 2.84004 0 9.30237e+242 9.30237e+242 
 2.993 3.534 2.92603 9.57005e-321 1.55716e+142 2.40159 3.58173 2.40628 0.233956 0.160956 0.123208 2.638 4.346 2.8416 0 9.30237e+242 9.30237e+242 
 2.97 3.55 2.94816 9.57005e-321 1.55716e+142 2.36002 3.58829 2.98509 0.241101 0.156913 0.116615 2.595 4.353 2.84347 0 9.30237e+242 9.30237e+242 
 2.971 3.565 2.96411 9.57005e-321 1.55716e+142 2.33049 3.59203 3.01549 0.252785 0.163959 0.116223 2.558 4.359 2.85323 0 9.30237e+242 9.30237e+242 
 2.975 3.539 2.97995 9.57005e-321 1.55716e+142 2.30916 3.59094 -3.09022 0.26446 0.102401 0.0695851 2.515 4.364 2.88136 0 9.30237e+242 9.30237e+242 
 2.934 3.564 2.99636 9.57005e-321 1.55716e+142 2.28823 3.58492 -2.86176 0.255298 0.137016 0.0963053 2.47 4.364 2.91238 0 9.30237e+242 9.30237e+242 
 2.908 3.549 3.00617 9.57005e-321 1.55716e+142 2.2676 3.58045 -2.92812 0.253847 0.104749 0.0741402 2.429 4.364 2.93845 0 9.30237e+242 9.30237e+242 
 2.863 3.546 3.02012 9.57005e-321 1.55716e+142 2.24495 3.57818 -3.04153 0.245262 0.08369 0.0613438 2.384 4.366 2.9669 0 9.30237e+242 9.30237e+242 
 2.798 3.604 3.03012 9.57005e-321 1.55716e+142 2.23609 3.57989 2.95103 0.221294 0.181442 0.146527 2.355 4.371 2.9924 0 9.30237e+242 9.30237e+242 
 2.812 3.6 3.03926 9.57005e-321 1.55716e+142 2.22163 3.58071 3.08495 0.232912 0.160744 0.123594 2.325 4.374 3.01202 0 9.30237e+242 9.30237e+242 
 2.81 3.613 3.05825 9.57005e-321 1.55716e+142 2.2097 3.57014 -2.41658 0.236799 0.184809 0.139567 2.291 4.366 3.0398 0 9.30237e+242 9.30237e+242 
 2.783 3.607 3.07458 9.57005e-321 1.55716e+142 2.19569 3.55813 -2.4328 0.232005 0.178478 0.137596 2.254 4.356 3.06864 0 9.30237e+242 9.30237e+242 
 2.759 3.597 3.09343 9.57005e-321 1.55716e+142 2.17261 3.55007 -2.80576 0.232115 0.152321 0.117577 2.214 4.349 3.08984 0 9.30237e+242 9.30237e+242 
 2.721 3.644 3.11069 9.57005e-321 1.55716e+142 2.15074 3.54057 -2.73187 0.226285 0.248659 0.195277 2.181 4.34 3.10376 0 9.30237e+242 9.30237e+242 
 2.679 3.654 3.12706 9.57005e-321 1.55716e+142 2.12136 3.51927 -2.51421 0.222364 0.296147 0.235285 2.142 4.319 3.11579 0 9.30237e+242 9.30237e+242 
 2.663 3.672 -3.1263 9.57005e-321 1.55716e+142 2.08461 3.50417 -2.75176 0.23274 0.317852 0.241045 2.101 4.304 3.1211 0 9.30237e+242 9.30237e+242 
 2.686 3.663 -3.0959 9.57005e-321 1.55716e+142 2.03432 3.49615 -2.98356 0.262918 0.249857 0.169419 2.05 4.296 3.12199 0 9.30237e+242 9.30237e+242 
 2.666 3.626 -3.06452 9.57005e-321 1.55716e+142 2.00046 3.48011 -2.69925 0.268575 0.169842 0.113341 2.014 4.28 3.12466 0 9.30237e+242 9.30237e+242 
 2.61 3.652 -3.04147 9.57005e-321 1.55716e+142 1.97866 3.48308 3.0064 0.256963 0.196017 0.136455 1.99 4.283 3.12741 0 9.30237e+242 9.30237e+242 
 2.603 3.634 -3.02551 9.57005e-321 1.55716e+142 1.97084 3.48403 3.02052 0.256635 0.142002 0.0992705 1.978 4.284 3.13264 0 9.30237e+242 9.30237e+242 
 2.575 3.627 -3.0056 9.57005e-321 1.55716e+142 1.94342 3.481 -3.03149 0.256562 0.110833 0.0776024 1.942 4.281 -3.13982 0 9.30237e+242 9.30237e+242 
 2.536 3.655 -2.99203 9.57005e-321 1.55716e+142 1.92924 3.50109 2.18524 0.247614 0.119319 0.0865212 1.917 4.301 -3.12629 0 9.30237e+242 9.30237e+242 
 2.501 3.645 -2.98056 9.57005e-321 1.55716e+142 1.89077 3.50548 3.02802 0.248143 0.0769745 0.0557785 1.863 4.305 -3.10687 0 9.30237e+242 9.30237e+242 
 2.476 3.64 -2.96912 9.57005e-321 1.55716e+142 1.88517 3.48397 -1.82568 0.241943 0.102959 0.07645 1.829 4.282 -3.07132 0 9.30237e+242 9.30237e+242 
 2.441 3.66 -2.96153 9.57005e-321 1.55716e+142 1.87041 3.47801 -2.75761 0.236303 0.153745 0.116581 1.781 4.273 -3.02959 0 9.30237e+242 9.30237e+242 
 2.414 3.655 -2.95003 9.57005e-321 1.55716e+142 1.87416 3.45092 -1.43344 0.226652 0.200909 0.158222 1.755 4.242 -2.99209 0 9.30237e+242 9.30237e+242 
 2.437 3.651 -2.93356 9.57005e-321 1.55716e+142 1.88146 3.45397 0.395082 0.232476 0.158052 0.12177 1.738 4.241 -2.9613 0 9.30237e+242 9.30237e+242 
 2.383 3.639 -2.91273 9.57005e-321 1.55716e+142 1.8776 3.44429 -1.94988 0.213464 0.161619 0.135448 1.717 4.228 -2.93947 0 9.30237e+242 9.30237e+242 
 2.357 3.644 -2.89722 9.57005e-321 1.55716e+142 1.87146 3.45448 2.11311 0.205653 0.147024 0.127981 1.696 4.235 -2.92047 0 9.30237e+242 9.30237e+242 
 2.342 3.64 -2.88079 9.57005e-321 1.55716e+142 1.85889 3.45138 -2.89969 0.204934 0.128071 0.112018 1.671 4.229 -2.90452 0 9.30237e+242 9.30237e+242 
 2.32 3.656 -2.86652 9.57005e-321 1.55716e+142 1.83683 3.43988 -2.66108 0.20846 0.168182 0.144213 1.635 4.214 -2.88655 0 9.30237e+242 9.30237e+242 
 2.316 3.622 -2.8533 9.57005e-321 1.55716e+142 1.83219 3.42333 -1.84414 0.206836 0.116817 0.101312 1.614 4.193 -2.86536 0 9.30237e+242 9.30237e+242 
 2.288 3.595 -2.83699 9.57005e-321 1.55716e+142 1.81419 3.39844 -2.1968 0.203046 0.101569 0.0897988 1.582 4.164 -2.84712 0 9.30237e+242 9.30237e+242 
 2.254 3.604 -2.82588 9.57005e-321 1.55716e+142 1.77563 3.3758 -2.61071 0.209092 0.149661 0.128132 1.539 4.14 -2.84132 0 9.30237e+242 9.30237e+242 
 2.257 3.622 -2.81515 9.57005e-321 1.55716e+142 1.76451 3.34169 -1.88601 0.2219 0.224674 0.180272 1.525 4.105 -2.83755 0 9.30237e+242 9.30237e+242 
 2.254 3.619 -2.79958 9.57005e-321 1.55716e+142 1.75673 3.32076 -1.92674 0.226824 0.234484 0.183975 1.517 4.084 -2.83726 0 9.30237e+242 9.30237e+242 
 2.236 3.624 -2.77674 9.57005e-321 1.55716e+142 1.74541 3.31266 -2.52043 0.227208 0.237439 0.185933 1.506 4.076 -2.83768 0 9.30237e+242 9.30237e+242 
 2.171 3.643 -2.75313 9.57005e-321 1.55716e+142 1.7302 3.30497 -2.67351 0.214692 0.309925 0.254222 1.493 4.069 -2.84057 0 9.30237e+242 9.30237e+242 
 2.165 3.633 -2.72814 9.57005e-321 1.55716e+142 1.69734 3.31471 2.85346 0.221732 0.216578 0.174037 1.461 4.079 -2.84169 0 9.30237e+242 9.30237e+242 
 2.148 3.591 -2.69839 9.57005e-321 1.55716e+142 1.65917 3.30396 -2.86724 0.224404 0.103513 0.0828402 1.422 4.068 -2.8406 0 9.30237e+242 9.30237e+242 
 2.161 3.598 -2.6827 9.57005e-321 1.55716e+142 1.62109 3.27125 -2.43182 0.249867 0.103199 0.0742064 1.383 4.035 -2.8394 0 9.30237e+242 9.30237e+242 
 2.134 3.61 -2.67334 9.57005e-321 1.55716e+142 1.58373 3.25571 -2.74748 0.258791 0.126333 0.087645 1.341 4.018 -2.83332 0 9.30237e+242 9.30237e+242 
 2.108 3.584 -2.66294 9.57005e-321 1.55716e+142 1.5424 3.24521 -2.89286 0.26139 0.074422 0.0512041 1.295 4.006 -2.82719 0 9.30237e+242 9.30237e+242 
 2.104 3.578 -2.65045 9.57005e-321 1.55716e+142 1.51851 3.23724 -2.81932 0.268822 0.0440524 0.0294884 1.262 3.995 -2.8152 0 9.30237e+242 9.30237e+242 
 2.043 3.578 -2.64304 9.57005e-321 1.55716e+142 1.52116 3.24418 1.20496 0.245483 0.0850216 0.0622615 1.245 3.995 -2.78913 0 9.30237e+242 9.30237e+242 
 2.023 3.557 -2.63732 9.57005e-321 1.55716e+142 1.52522 3.25518 1.2172 0.230968 0.0484804 0.0377642 1.216 3.993 -2.74473 0 9.30237e+242 9.30237e+242 
 1.982 3.534 -2.6301 9.57005e-321 1.55716e+142 1.54071 3.25655 0.0884755 0.206754 0.057352 0.0498893 1.195 3.978 -2.69473 0 9.30237e+242 9.30237e+242 
 1.947 3.519 -2.62464 9.57005e-321 1.55716e+142 1.53508 3.26106 2.46636 0.19282 0.0478639 0.0446518 1.155 3.965 -2.64651 0 9.30237e+242 9.30237e+242 
 1.914 3.528 -2.61829 9.57005e-321 1.55716e+142 1.53905 3.24968 -1.23508 0.184444 0.127736 0.124019 1.128 3.936 -2.60197 0 9.30237e+242 9.30237e+242 
 1.918 3.491 -2.61219 9.57005e-321 1.55716e+142 1.54321 3.24604 -0.719592 0.177592 0.0540301 0.0547081 1.106 3.916 -2.5634 0 9.30237e+242 9.30237e+242 
 1.913 3.484 -2.59983 9.57005e-321 1.55716e+142 1.54196 3.23915 -1.74998 0.176372 0.0452135 0.046111 1.081 3.893 -2.52752 0 9.30237e+242 9.30237e+242 
 1.915 3.48 -2.59491 9.57005e-321 1.55716e+142 1.55099 3.21125 -1.25782 0.179085 0.0978429 0.0980274 1.072 3.852 -2.49966 0 9.30237e+242 9.30237e+242 
 1.888 3.51 -2.58926 9.57005e-321 1.55716e+142 1.51238 3.2137 3.07822 0.18897 0.129247 0.122496 1.021 3.845 -2.48019 0 9.30237e+242 9.30237e+242 
 1.878 3.507 -2.57935 9.57005e-321 1.55716e+142 1.49781 3.19376 -2.2019 0.194371 0.143357 0.131986 0.995 3.816 -2.46195 0 9.30237e+242 9.30237e+242 
 1.847 3.503 -2.5655 9.57005e-321 1.55716e+142 1.49441 3.16415 -1.68534 0.191494 0.213046 0.197645 0.979 3.776 -2.44154 0 9.30237e+242 9.30237e+242 
 1.828 3.482 -2.54997 9.57005e-321 1.55716e+142 1.4945 3.15543 -1.5598 0.182928 0.202732 0.196902 0.966 3.756 -2.41994 0 9.30237e+242 9.30237e+242 
 1.798 3.5 -2.52815 9.57005e-321 1.55716e+142 1.49425 3.13097 -1.58135 0.184535 0.298723 0.283531 0.954 3.721 -2.40021 0 9.30237e+242 9.30237e+242 
 1.804 3.482 -2.50612 9.57005e-321 1.55716e+142 1.49397 3.12233 -1.60296 0.184913 0.248871 0.237679 0.949 3.708 -2.39218 0 9.30237e+242 9.30237e+242 
 1.795 3.468 -2.4764 9.57005e-321 1.55716e+142 1.47571 3.10589 -2.40864 0.189221 0.204889 0.192491 0.928 3.689 -2.38749 0 9.30237e+242 9.30237e+242 
 1.773 3.44 -2.45273 9.57005e-321 1.55716e+142 1.45199 3.08104 -2.33293 0.189492 0.17055 0.160611 0.902 3.662 -2.38357 0 9.30237e+242 9.30237e+242 
 1.764 3.43 -2.43341 9.57005e-321 1.55716e+142 1.43877 3.06869 -2.38999 0.191762 0.145859 0.136066 0.886 3.647 -2.37878 0 9.30237e+242 9.30237e+242 
 1.723 3.453 -2.4169 9.57005e-321 1.55716e+142 1.41092 3.06463 -2.99693 0.19565 0.191638 0.174516 0.852 3.637 -2.36809 0 9.30237e+242 9.30237e+242 
 1.696 3.449 -2.40258 9.57005e-321 1.55716e+142 1.41303 3.0517 -1.40881 0.19031 0.239024 0.222337 0.843 3.613 -2.34848 0 9.30237e+242 9.30237e+242 
 1.713 3.4 -2.3819 9.57005e-321 1.55716e+142 1.41686 3.02885 -1.40488 0.187144 0.153422 0.146508 0.837 3.58 -2.33082 0 9.30237e+242 9.30237e+242 
 1.661 3.4 -2.35912 9.57005e-321 1.55716e+142 1.41098 3.01536 -1.98196 0.178997 0.232649 0.22982 0.825 3.56 -2.31965 0 9.30237e+242 9.30237e+242 
 1.641 3.397 -2.34363 9.57005e-321 1.55716e+142 1.39228 2.99012 -2.20839 0.185695 0.249532 0.237321 0.801 3.529 -2.30986 0 9.30237e+242 9.30237e+242 
 1.636 3.355 -2.31909 9.57005e-321 1.55716e+142 1.37721 2.96558 -2.12153 0.183771 0.179159 0.173714 0.781 3.499 -2.30067 0 9.30237e+242 9.30237e+242 
 1.608 3.359 -2.29431 9.57005e-321 1.55716e+142 1.36122 2.93197 -2.01475 0.192847 0.224969 0.206975 0.762 3.462 -2.295 0 9.30237e+242 9.30237e+242 
 1.586 3.373 -2.27667 9.57005e-321 1.55716e+142 1.33093 2.91305 -2.58326 0.205666 0.229749 0.198431 0.729 3.44 -2.28987 0 9.30237e+242 9.30237e+242 
 1.589 3.389 -2.25331 9.57005e-321 1.55716e+142 1.30277 2.90162 -2.7562 0.222465 0.178316 0.143289 0.696 3.423 -2.28065 0 9.30237e+242 9.30237e+242 
 1.587 3.361 -2.23134 9.57005e-321 1.55716e+142 1.2731 2.86708 -2.28047 0.231567 0.112258 0.0870392 0.66 3.381 -2.26842 0 9.30237e+242 9.30237e+242 
 1.547 3.354 -2.21597 9.57005e-321 1.55716e+142 1.28224 2.86082 -0.600318 0.220288 0.179017 0.145246 0.65 3.351 -2.2303 0 9.30237e+242 9.30237e+242 
 1.526 3.321 -2.20321 9.57005e-321 1.55716e+142 1.2753 2.85645 -2.57929 0.208076 0.158853 0.136563 0.624 3.321 -2.19037 0 9.30237e+242 9.30237e+242 
 1.509 3.31 -2.18465 9.57005e-321 1.55716e+142 1.2881 2.85243 -0.304465 0.199664 0.187096 0.167098 0.621 3.294 -2.15551 0 9.30237e+242 9.30237e+242 
 1.521 3.329 -2.16793 9.57005e-321 1.55716e+142 1.28753 2.83669 -1.60659 0.214379 0.179814 0.149847 0.605 3.254 -2.11957 0 9.30237e+242 9.30237e+242 
 1.5 3.313 -2.14901 9.57005e-321 1.55716e+142 1.28246 2.82086 -1.88076 0.21151 0.188052 0.158691 0.588 3.218 -2.09028 0 9.30237e+242 9.30237e+242 
 1.492 3.269 -2.1299 9.57005e-321 1.55716e+142 1.27916 2.80363 -1.76029 0.201862 0.148883 0.131987 0.577 3.187 -2.07056 0 9.30237e+242 9.30237e+242 
 1.431 3.255 -2.11054 9.57005e-321 1.55716e+142 1.27232 2.77896 -1.84139 0.195625 0.247055 0.223523 0.562 3.147 -2.04885 0 9.30237e+242 9.30237e+242 
 1.43 3.255 -2.09522 9.57005e-321 1.55716e+142 1.26321 2.76257 -2.07781 0.203355 0.226994 0.198284 0.547 3.119 -2.03257 0 9.30237e+242 9.30237e+242 
 1.425 3.236 -2.06957 9.57005e-321 1.55716e+142 1.25878 2.75008 -1.91195 0.201682 0.193534 0.17104 0.536 3.093 -2.01379 0 9.30237e+242 9.30237e+242 
 1.395 3.212 -2.04685 9.57005e-321 1.55716e+142 1.24547 2.7348 -2.28704 0.196297 0.195508 0.177392 0.515 3.061 -1.99079 0 9.30237e+242 9.30237e+242 
 1.403 3.191 -2.02784 9.57005e-321 1.55716e+142 1.23362 2.72229 -2.32961 0.196945 0.125101 0.113843 0.496 3.032 -1.96831 0 9.30237e+242 9.30237e+242 
 1.392 3.155 -2.01031 9.57005e-321 1.55716e+142 1.2453 2.70227 -1.04268 0.187791 0.140784 0.134133 0.5 2.993 -1.94273 0 9.30237e+242 9.30237e+242 
 1.385 3.155 -1.99852 9.57005e-321 1.55716e+142 1.24997 2.68175 -1.34703 0.193715 0.169051 0.155809 0.497 2.952 -1.91538 0 9.30237e+242 9.30237e+242 
 1.377 3.119 -1.98404 9.57005e-321 1.55716e+142 1.25066 2.6622 -1.53535 0.186682 0.15974 0.152821 0.493 2.919 -1.89758 0 9.30237e+242 9.30237e+242 
 1.374 3.089 -1.96689 9.57005e-321 1.55716e+142 1.25916 2.62269 -1.35895 0.188921 0.17299 0.163353 0.499 2.872 -1.88771 0 9.30237e+242 9.30237e+242 
 1.328 3.103 -1.95064 9.57005e-321 1.55716e+142 1.26192 2.59801 -1.45971 0.197424 0.284019 0.253387 0.501 2.845 -1.88467 0 9.30237e+242 9.30237e+242 
 1.284 3.088 -1.92817 9.57005e-321 1.55716e+142 1.25738 2.57343 -1.75343 0.19734 0.347946 0.307318 0.496 2.819 -1.88279 0 9.30237e+242 9.30237e+242 
 1.301 3.063 -1.89737 9.57005e-321 1.55716e+142 1.25271 2.53747 -1.6998 0.205154 0.270405 0.232943 0.491 2.782 -1.88142 0 9.30237e+242 9.30237e+242 
 1.331 3.042 -1.86346 9.57005e-321 1.55716e+142 1.24884 2.49887 -1.67078 0.216414 0.166518 0.137624 0.487 2.743 -1.8809 0 9.30237e+242 9.30237e+242 
 1.324 3.011 -1.83902 9.57005e-321 1.55716e+142 1.24221 2.46804 -1.78252 0.216838 0.138758 0.114679 0.48 2.711 -1.87937 0 9.30237e+242 9.30237e+242 
 1.288 2.998 -1.82432 9.57005e-321 1.55716e+142 1.23315 2.43385 -1.82985 0.22296 0.184454 0.147827 0.471 2.677 -1.87962 0 9.30237e+242 9.30237e+242 
 1.295 2.973 -1.80947 9.57005e-321 1.55716e+142 1.22527 2.41537 -1.97413 0.222016 0.134426 0.108557 0.462 2.655 -1.875 0 9.30237e+242 9.30237e+242 
 1.282 2.968 -1.79068 9.57005e-321 1.55716e+142 1.21525 2.38253 -1.8668 0.232954 0.12666 0.097558 0.451 2.619 -1.87086 0 9.30237e+242 9.30237e+242 
 1.293 2.928 -1.77743 9.57005e-321 1.55716e+142 1.21117 2.3496 -1.69402 0.231539 0.0785982 0.0610268 0.443 2.573 -1.85381 0 9.30237e+242 9.30237e+242 
 1.286 2.911 -1.76506 9.57005e-321 1.55716e+142 1.21176 2.317 -1.55293 0.237224 0.0836226 0.0633659 0.439 2.524 -1.83252 0 9.30237e+242 9.30237e+242 
 1.253 2.885 -1.75721 9.57005e-321 1.55716e+142 1.22579 2.28079 -1.20111 0.238329 0.16927 0.127153 0.448 2.468 -1.80699 0 9.30237e+242 9.30237e+242 
 1.268 2.881 -1.74545 9.57005e-321 1.55716e+142 1.23966 2.25733 -1.03681 0.246317 0.155811 0.113373 0.457 2.423 -1.77939 0 9.30237e+242 9.30237e+242 
 1.261 2.857 -1.72808 9.57005e-321 1.55716e+142 1.2499 2.23445 -1.15007 0.245409 0.167987 0.122595 0.464 2.384 -1.75884 0 9.30237e+242 9.30237e+242 
 1.231 2.844 -1.7122 9.57005e-321 1.55716e+142 1.25819 2.21405 -1.1847 0.247161 0.222552 0.16068 0.47 2.351 -1.74283 0 9.30237e+242 9.30237e+242 
 1.194 2.828 -1.69429 9.57005e-321 1.55716e+142 1.25167 2.19688 -1.93355 0.2473 0.258777 0.186172 0.462 2.325 -1.73164 0 9.30237e+242 9.30237e+242 
 1.183 2.799 -1.67087 9.57005e-321 1.55716e+142 1.2523 2.17279 -1.5449 0.24602 0.253299 0.183246 0.462 2.297 -1.72669 0 9.30237e+242 9.30237e+242 
 1.166 2.764 -1.64426 9.57005e-321 1.55716e+142 1.24801 2.16221 -1.95594 0.237206 0.249718 0.187274 0.456 2.275 -1.71226 0 9.30237e+242 9.30237e+242 
 1.185 2.714 -1.61915 9.57005e-321 1.55716e+142 1.2496 2.14502 -1.4784 0.225124 0.190576 0.151213 0.456 2.246 -1.69736 0 9.30237e+242 9.30237e+242 
 1.208 2.693 -1.595 9.57005e-321 1.55716e+142 1.25464 2.1166 -1.39526 0.228638 0.124399 0.0976243 0.459 2.2 -1.67523 0 9.30237e+242 9.30237e+242 
 1.18 2.719 -1.57807 9.57005e-321 1.55716e+142 1.26008 2.08575 -1.39622 0.251744 0.161125 0.114701 0.463 2.154 -1.65622 0 9.30237e+242 9.30237e+242 
 1.179 2.68 -1.56551 9.57005e-321 1.55716e+142 1.26817 2.05189 -1.33641 0.250143 0.164146 0.117573 0.47 2.106 -1.63849 0 9.30237e+242 9.30237e+242 
 1.213 2.649 -1.54911 9.57005e-321 1.55716e+142 1.26615 2.04003 -1.73975 0.2423 0.0785525 0.0582891 0.467 2.077 -1.61702 0 9.30237e+242 9.30237e+242 
 1.196 2.595 -1.53396 9.57005e-321 1.55716e+142 1.27786 2.03615 -0.320053 0.223246 0.127956 0.102806 0.478 2.051 -1.58936 0 9.30237e+242 9.30237e+242 
 1.199 2.604 -1.52581 9.57005e-321 1.55716e+142 1.27997 2.02951 -1.263 0.229556 0.11277 0.088196 0.48 2.023 -1.56266 0 9.30237e+242 9.30237e+242 
 1.195 2.566 -1.51245 9.57005e-321 1.55716e+142 1.28068 2.01575 -1.51974 0.220319 0.112833 0.0919245 0.481 1.993 -1.54235 0 9.30237e+242 9.30237e+242 
 1.211 2.596 -1.50158 9.57005e-321 1.55716e+142 1.29093 1.98738 -1.22406 0.243363 0.0738072 0.0545364 0.492 1.946 -1.51905 0 9.30237e+242 9.30237e+242 
 1.182 2.532 -1.49046 9.57005e-321 1.55716e+142 1.29195 1.98825 0.708493 0.219068 0.139692 0.11428 0.494 1.931 -1.49917 0 9.30237e+242 9.30237e+242 
 1.192 2.488 -1.48132 9.57005e-321 1.55716e+142 1.32004 1.96477 -0.696342 0.212033 0.174821 0.147334 0.523 1.896 -1.48473 0 9.30237e+242 9.30237e+242 
 1.198 2.436 -1.46569 9.57005e-321 1.55716e+142 1.34079 1.93596 -0.946488 0.204119 0.198731 0.173487 0.545 1.854 -1.46816 0 9.30237e+242 9.30237e+242 
 1.208 2.421 -1.44733 9.57005e-321 1.55716e+142 1.36978 1.91927 -0.522454 0.206485 0.217212 0.187136 0.575 1.828 -1.45646 0 9.30237e+242 9.30237e+242 
 1.201 2.428 -1.42601 9.57005e-321 1.55716e+142 1.36144 1.89712 -1.93054 0.218352 0.174163 0.142599 0.567 1.803 -1.45288 0 9.30237e+242 9.30237e+242 
 1.191 2.408 -1.40449 9.57005e-321 1.55716e+142 1.37282 1.86523 -1.2281 0.22516 0.185302 0.147067 0.579 1.766 -1.44644 0 9.30237e+242 9.30237e+242 
 1.156 2.397 -1.38732 9.57005e-321 1.55716e+142 1.38185 1.82471 -1.35154 0.240891 0.230797 0.170778 0.589 1.718 -1.43701 0 9.30237e+242 9.30237e+242 
 1.153 2.346 -1.36772 9.57005e-321 1.55716e+142 1.38931 1.79861 -1.29251 0.233012 0.243419 0.185869 0.598 1.681 -1.42325 0 9.30237e+242 9.30237e+242 
 1.168 2.366 -1.34373 9.57005e-321 1.55716e+142 1.40517 1.78217 -0.803257 0.247837 0.191652 0.138305 0.616 1.651 -1.40609 0 9.30237e+242 9.30237e+242 
 1.191 2.318 -1.31965 9.57005e-321 1.55716e+142 1.41289 1.77026 -0.996174 0.233056 0.159273 0.122399 0.626 1.626 -1.38948 0 9.30237e+242 9.30237e+242 
 1.183 2.252 -1.30115 9.57005e-321 1.55716e+142 1.40836 1.74741 -1.76635 0.217533 0.175963 0.144586 0.624 1.59 -1.37274 0 9.30237e+242 9.30237e+242 
 1.178 2.237 -1.28478 9.57005e-321 1.55716e+142 1.41516 1.73606 -1.03107 0.218023 0.182817 0.149803 0.635 1.559 -1.34762 0 9.30237e+242 9.30237e+242 
 1.181 2.236 -1.26661 9.57005e-321 1.55716e+142 1.4333 1.70929 -0.975337 0.230101 0.169208 0.131601 0.657 1.516 -1.32677 0 9.30237e+242 9.30237e+242 
 1.194 2.204 -1.24916 9.57005e-321 1.55716e+142 1.44602 1.69571 -0.817798 0.223616 0.163441 0.130811 0.674 1.486 -1.30556 0 9.30237e+242 9.30237e+242 
 1.203 2.154 -1.23275 9.57005e-321 1.55716e+142 1.4355 1.67808 -2.1088 0.209213 0.134615 0.115305 0.669 1.449 -1.28039 0 9.30237e+242 9.30237e+242 
 1.185 2.164 -1.21674 9.57005e-321 1.55716e+142 1.44712 1.67044 -0.581399 0.220367 0.157497 0.127944 0.687 1.421 -1.25371 0 9.30237e+242 9.30237e+242 
 1.172 2.142 -1.20377 9.57005e-321 1.55716e+142 1.45175 1.66263 -1.03565 0.2182 0.188799 0.154505 0.7 1.389 -1.22171 0 9.30237e+242 9.30237e+242 
 1.194 2.12 -1.18671 9.57005e-321 1.55716e+142 1.46649 1.65684 -0.374445 0.21159 0.171457 0.144837 0.724 1.359 -1.18932 0 9.30237e+242 9.30237e+242 
 1.2 2.122 -1.16782 9.57005e-321 1.55716e+142 1.48254 1.65194 -0.296071 0.216171 0.161437 0.133623 0.748 1.335 -1.16345 0 9.30237e+242 9.30237e+242 
 1.2 2.077 -1.15189 9.57005e-321 1.55716e+142 1.49642 1.64829 -0.257183 0.204218 0.213712 0.186186 0.771 1.311 -1.13557 0 9.30237e+242 9.30237e+242 
 1.189 2.039 -1.13415 9.57005e-321 1.55716e+142 1.51212 1.64247 -0.355204 0.198383 0.281454 0.250029 0.792 1.294 -1.12011 0 9.30237e+242 9.30237e+242 
 1.188 2.033 -1.11024 9.57005e-321 1.55716e+142 1.51695 1.63894 -0.630635 0.199531 0.268166 0.237357 0.803 1.278 -1.10271 0 9.30237e+242 9.30237e+242 
 1.216 2.023 -1.08116 9.57005e-321 1.55716e+142 1.53746 1.62568 -0.573839 0.200111 0.217567 0.193259 0.828 1.256 -1.09043 0 9.30237e+242 9.30237e+242 
 1.239 1.978 -1.05494 9.57005e-321 1.55716e+142 1.56019 1.60289 -0.786758 0.193303 0.216948 0.199335 0.854 1.227 -1.08166 0 9.30237e+242 9.30237e+242 
 1.267 1.991 -1.03302 9.57005e-321 1.55716e+142 1.58242 1.5762 -0.876338 0.205896 0.129325 0.112582 0.878 1.197 -1.07697 0 9.30237e+242 9.30237e+242 
 1.294 1.932 -1.014 9.57005e-321 1.55716e+142 1.60523 1.55624 -0.718891 0.192364 0.151899 0.141189 0.903 1.173 -1.07123 0 9.30237e+242 9.30237e+242 
 1.294 1.934 -1.00077 9.57005e-321 1.55716e+142 1.63154 1.53212 -0.741847 0.207059 0.148271 0.128188 0.932 1.144 -1.06425 0 9.30237e+242 9.30237e+242 
 1.31 1.908 -0.984999 9.57005e-321 1.55716e+142 1.64212 1.50923 -1.13798 0.205115 0.124919 0.109188 0.946 1.115 -1.05551 0 9.30237e+242 9.30237e+242 
 1.288 1.861 -0.971055 9.57005e-321 1.55716e+142 1.65105 1.49133 -1.10803 0.203275 0.202584 0.1775 0.959 1.09 -1.04527 0 9.30237e+242 9.30237e+242 
 1.285 1.829 -0.95669 9.57005e-321 1.55716e+142 1.65149 1.47176 -1.54799 0.200582 0.210257 0.186489 0.965 1.061 -1.03159 0 9.30237e+242 9.30237e+242 
 1.309 1.838 -0.934861 9.57005e-321 1.55716e+142 1.65161 1.45966 -1.56132 0.201872 0.114312 0.101576 0.973 1.036 -1.01269 0 9.30237e+242 9.30237e+242 
 1.306 1.846 -0.91533 9.57005e-321 1.55716e+142 1.65336 1.46518 1.2638 0.204089 0.0964206 0.0848356 0.988 1.021 -0.982161 0 9.30237e+242 9.30237e+242 
 1.273 1.836 -0.905494 9.57005e-321 1.55716e+142 0.417219 1.81991 2.86214 7.28001e-09 -1.33951 -0.523599 1.001 1.008 -0.947419 0 9.30237e+242 9.30237e+242 
 1.306 1.825 -0.899622 9.57005e-321 1.55716e+142 0.407484 1.779 -1.80444 7.22309e-09 -1.32879 -0.523599 1.018 0.987 -0.914084 0 9.30237e+242 9.30237e+242 
 1.343 1.803 -0.956174 9.57005e-321 1.55716e+142 0.403462 1.73889 -1.67072 9.18081e-09 -1.33083 -0.523599 1.038 0.966 -0.883386 0 9.30237e+242 9.30237e+242 
 1.321 1.78 -1.07871 9.57005e-321 1.55716e+142 0.424645 1.68591 -1.19043 2.26634e-08 -1.37498 -0.523599 1.077 0.928 -0.860109 0 9.30237e+242 9.30237e+242 
 1.328 1.782 -1.21257 9.57005e-321 1.55716e+142 0.443571 1.63778 -1.1962 1.25815e-07 -1.36643 -0.523599 1.112 0.894 -0.838701 0 9.30237e+242 9.30237e+242 
 1.309 1.794 -1.35136 9.57005e-321 1.55716e+142 0.457242 1.59664 -1.24989 0.0508706 -1.36707 -0.523599 1.14 0.866 -0.819266 0 9.30237e+242 9.30237e+242 
 1.336 1.79 -1.49073 9.57005e-321 1.55716e+142 0.476982 1.56099 -1.06515 0.110408 -1.32353 -0.523599 1.172 0.842 -0.802351 0 9.30237e+242 9.30237e+242 
 1.317 1.789 -1.62913 9.57005e-321 1.55716e+142 0.496305 1.5235 -1.0949 0.165218 -1.24043 -0.523599 1.207 0.82 -0.780311 0 9.30237e+242 9.30237e+242 
 1.325 1.787 -1.7623 9.57005e-321 1.55716e+142 0.506321 1.47986 -1.34522 0.216065 -1.11718 -0.523599 1.235 0.795 -0.754405 0 9.30237e+242 9.30237e+242 
 1.277 1.81 -1.88579 9.57005e-321 1.55716e+142 0.512966 1.44491 -1.3829 0.255735 -0.936028 -0.523599 1.259 0.779 -0.72871 0 9.30237e+242 9.30237e+242 
 1.269 1.802 -1.99689 9.57005e-321 1.55716e+142 0.519476 1.41948 -1.32017 0.278787 -0.797987 -0.475751 1.279 0.769 -0.708215 0 9.30237e+242 9.30237e+242 
 1.263 1.787 -2.09011 9.57005e-321 1.55716e+142 0.529269 1.38595 -1.28663 0.295028 -0.665884 -0.385894 1.301 0.75 -0.689238 0 9.30237e+242 9.30237e+242 
 1.289 1.755 -2.17056 9.57005e-321 1.55716e+142 0.549127 1.37018 -0.671116 0.301792 -0.59806 -0.342636 1.332 0.748 -0.671525 0 9.30237e+242 9.30237e+242 
 1.274 1.689 -2.23958 9.57005e-321 1.55716e+142 0.557624 1.33773 -1.31468 0.293632 -0.544653 -0.322241 1.351 0.729 -0.654461 0 9.30237e+242 9.30237e+242 
 1.226 1.674 -2.30126 9.57005e-321 1.55716e+142 0.572394 1.32719 -0.619868 0.280325 -0.431404 -0.270233 1.373 0.728 -0.64249 0 9.30237e+242 9.30237e+242 
 1.219 1.666 -2.35934 9.57005e-321 1.55716e+142 0.601683 1.29337 -0.857061 0.280233 -0.293984 -0.186635 1.411 0.706 -0.627807 0 9.30237e+242 9.30237e+242 
 1.208 1.64 -2.40348 9.57005e-321 1.55716e+142 0.630105 1.24501 -1.03946 0.275931 -0.170319 -0.110652 1.444 0.664 -0.619971 0 9.30237e+242 9.30237e+242 
 1.152 1.678 -2.43034 9.57005e-321 1.55716e+142 0.662685 1.21491 -0.745849 0.267254 0.0570725 0.0384204 1.483 0.643 -0.608834 0 9.30237e+242 9.30237e+242 
 1.11 1.629 -2.44406 9.57005e-321 1.55716e+142 0.673011 1.20278 -0.865572 0.241833 0.0905507 0.0672965 1.503 0.645 -0.591709 0 9.30237e+242 9.30237e+242 
 1.135 1.577 -2.44157 9.57005e-321 1.55716e+142 0.706873 1.19084 -0.339052 0.228799 0.0401728 0.0315941 1.548 0.65 -0.571433 0 9.30237e+242 9.30237e+242 
 1.12 1.597 -2.44135 9.57005e-321 1.55716e+142 0.726649 1.18121 -0.453063 0.226152 0.133435 0.105807 1.572 0.647 -0.563574 0 9.30237e+242 9.30237e+242 
 1.097 1.546 -2.44075 9.57005e-321 1.55716e+142 0.759281 1.15804 -0.617427 0.202381 0.175982 0.15526 1.606 0.626 -0.561009 0 9.30237e+242 9.30237e+242 
 1.086 1.537 -2.43604 9.57005e-321 1.55716e+142 0.789872 1.13479 -0.649899 0.194291 0.26081 0.237082 1.638 0.605 -0.558354 0 9.30237e+242 9.30237e+242 
 1.059 1.539 -2.42735 9.57005e-321 1.55716e+142 0.805623 1.11717 -0.841206 0.187969 0.353653 0.326538 1.656 0.591 -0.554096 0 9.30237e+242 9.30237e+242 
 1.015 1.519 -2.402 9.57005e-321 1.55716e+142 0.823254 1.08874 -1.01578 0.174926 0.451449 0.434883 1.68 0.573 -0.54187 0 9.30237e+242 9.30237e+242 
 0.993 1.529 -2.36453 9.57005e-321 1.55716e+142 0.847181 1.05762 -0.915282 0.177835 0.546135 0.504978 1.714 0.559 -0.522009 0 9.30237e+242 9.30237e+242 
 0.974 1.512 -2.31753 9.57005e-321 1.55716e+142 0.8696 1.01908 -1.04393 0.178213 0.596645 0.523599 1.749 0.543 -0.496195 0 9.30237e+242 9.30237e+242 
 0.947 1.526 -2.26307 9.57005e-321 1.55716e+142 0.90661 0.995149 -0.574042 0.181331 0.689081 0.523599 1.796 0.538 -0.474787 0 9.30237e+242 9.30237e+242 
 0.918 1.524 -2.20191 9.57005e-321 1.55716e+142 0.940618 0.974216 -0.551766 0.181701 0.753053 0.523599 1.839 0.535 -0.454725 0 9.30237e+242 9.30237e+242 
 0.912 1.506 -2.13102 9.57005e-321 1.55716e+142 0.953511 0.946612 -1.13385 0.189349 0.717779 0.523599 1.857 0.518 -0.442955 0 9.30237e+242 9.30237e+242 
 0.899 1.48 -2.0563 9.57005e-321 1.55716e+142 0.979238 0.922486 -0.753291 0.190756 0.712451 0.523599 1.887 0.503 -0.432879 0 9.30237e+242 9.30237e+242 
 0.891 1.509 -1.98467 9.57005e-321 1.55716e+142 1.02137 0.891284 -0.637482 0.214855 0.723496 0.523599 1.936 0.487 -0.416196 0 9.30237e+242 9.30237e+242 
 0.89 1.47 -1.91299 9.57005e-321 1.55716e+142 1.03251 0.885614 -0.470784 0.20888 0.673296 0.523599 1.956 0.502 -0.393707 0 9.30237e+242 9.30237e+242 
 0.892 1.439 -1.84124 9.57005e-321 1.55716e+142 1.0631 0.890832 0.168912 0.20013 0.657174 0.523599 1.991 0.518 -0.382059 0 9.30237e+242 9.30237e+242 
 0.925 1.414 -1.77409 9.57005e-321 1.55716e+142 1.08843 0.864996 -0.795242 0.206833 0.569529 0.460155 2.021 0.504 -0.369336 0 9.30237e+242 9.30237e+242 
 0.931 1.39 -1.70829 9.57005e-321 1.55716e+142 1.1097 0.848861 -0.649009 0.208652 0.528815 0.427997 2.045 0.495 -0.361696 0 9.30237e+242 9.30237e+242 
 0.879 1.374 -1.65164 9.57005e-321 1.55716e+142 1.13306 0.844489 -0.185044 0.208976 0.61211 0.485198 2.07 0.495 -0.357025 0 9.30237e+242 9.30237e+242 
 0.908 1.386 -1.59552 9.57005e-321 1.55716e+142 1.16798 0.838124 -0.180262 0.221191 0.549335 0.420386 2.108 0.497 -0.348113 0 9.30237e+242 9.30237e+242 
 0.892 1.336 -1.53515 9.57005e-321 1.55716e+142 1.21703 0.823881 -0.282607 0.215727 0.618375 0.476337 2.16 0.491 -0.339357 0 9.30237e+242 9.30237e+242 
 0.892 1.303 -1.47766 9.57005e-321 1.55716e+142 1.24323 0.805846 -0.602852 0.217245 0.610072 0.468022 2.189 0.481 -0.330849 0 9.30237e+242 9.30237e+242 
 0.913 1.261 -1.42233 9.57005e-321 1.55716e+142 1.27101 0.791303 -0.482297 0.212422 0.584972 0.460192 2.219 0.473 -0.323939 0 9.30237e+242 9.30237e+242 
 0.894 1.253 -1.35557 9.57005e-321 1.55716e+142 1.28827 0.764022 -1.00671 0.229535 0.548283 0.406064 2.239 0.454 -0.315216 0 9.30237e+242 9.30237e+242 
 0.891 1.246 -1.29806 9.57005e-321 1.55716e+142 1.31868 0.739973 -0.669076 0.245155 0.514062 0.360907 2.272 0.438 -0.306762 0 9.30237e+242 9.30237e+242 
 0.896 1.183 -1.2444 9.57005e-321 1.55716e+142 1.34437 0.711304 -0.840218 0.240399 0.517912 0.369936 2.301 0.42 -0.29559 0 9.30237e+242 9.30237e+242 
 0.892 1.15 -1.19348 9.57005e-321 1.55716e+142 1.36774 0.687145 -0.801911 0.24619 0.50598 0.35433 2.33 0.415 -0.275622 0 9.30237e+242 9.30237e+242 
 0.907 1.121 -1.14182 9.57005e-321 1.55716e+142 1.40271 0.672663 -0.3927 0.249149 0.488868 0.339511 2.37 0.419 -0.256465 0 9.30237e+242 9.30237e+242 
 0.919 1.088 -1.09149 9.57005e-321 1.55716e+142 1.44182 0.671341 -0.0337955 0.248236 0.502859 0.34965 2.413 0.433 -0.240657 0 9.30237e+242 9.30237e+242 
 0.933 1.083 -1.0426 9.57005e-321 1.55716e+142 1.46868 0.665636 -0.2093 0.25517 0.459895 0.313704 2.441 0.432 -0.235815 0 9.30237e+242 9.30237e+242 
 0.926 1.089 -0.992645 9.57005e-321 1.55716e+142 1.47928 0.662434 -0.293246 0.26582 0.408738 0.270017 2.454 0.439 -0.225336 0 9.30237e+242 9.30237e+242 
 0.928 1.07 -0.948232 9.57005e-321 1.55716e+142 1.4944 0.652759 -0.569312 0.269179 0.382265 0.250262 2.473 0.447 -0.207239 0 9.30237e+242 9.30237e+242 
 0.945 1.014 -0.908437 9.57005e-321 1.55716e+142 1.51098 0.603436 -1.24647 0.269512 0.343077 0.225244 2.496 0.431 -0.173302 0 9.30237e+242 9.30237e+242 
 0.921 0.982 -0.870907 9.57005e-321 1.55716e+142 1.51942 0.561922 -1.37025 0.283107 0.31836 0.199716 2.51 0.425 -0.137354 0 9.30237e+242 9.30237e+242 
 0.973 0.984 -0.837509 9.57005e-321 1.55716e+142 1.5534 0.512798 -0.96561 0.294158 0.192691 0.117369 2.548 0.409 -0.103985 0 9.30237e+242 9.30237e+242 
 0.971 0.974 -0.806866 9.57005e-321 1.55716e+142 1.58432 0.469033 -0.955788 0.313789 0.147154 0.084213 2.582 0.401 -0.0680855 0 9.30237e+242 9.30237e+242 
 0.984 0.938 -0.790286 9.57005e-321 1.55716e+142 1.61641 0.432586 -0.84886 0.319813 0.144828 0.0813336 2.616 0.404 -0.0285897 0 9.30237e+242 9.30237e+242 
 1.01 0.912 -0.77513 9.57005e-321 1.55716e+142 1.65209 0.406451 -0.63216 0.323055 0.135085 0.0751253 2.652 0.42 0.0135499 0 9.30237e+242 9.30237e+242 
 1.012 0.905 -0.761296 9.57005e-321 1.55716e+142 1.69244 0.384438 -0.499473 0.338666 0.135473 0.0718792 2.691 0.438 0.0535874 0 9.30237e+242 9.30237e+242 
 1.019 0.873 -0.747353 9.57005e-321 1.55716e+142 1.72497 0.360966 -0.624964 0.344412 0.150038 0.0782543 2.722 0.438 0.0771106 0 9.30237e+242 9.30237e+242 
 1.06 0.86 -0.7338 9.57005e-321 1.55716e+142 1.74672 0.355952 -0.226571 0.336937 0.125941 0.0671796 2.742 0.453 0.0972009 0 9.30237e+242 9.30237e+242 
 1.058 0.812 -0.719018 9.57005e-321 1.55716e+142 1.78246 0.35049 -0.151651 0.338138 0.189771 0.100679 2.776 0.464 0.113755 0 9.30237e+242 9.30237e+242 
 1.096 0.768 -0.705381 9.57005e-321 1.55716e+142 1.82039 0.355679 0.135996 0.326624 0.234311 0.128417 2.813 0.477 0.12162 0 9.30237e+242 9.30237e+242 
 1.116 0.742 -0.685044 9.57005e-321 1.55716e+142 1.85326 0.364714 0.268194 0.323373 0.26403 0.145923 2.845 0.493 0.128641 0 9.30237e+242 9.30237e+242 
 1.168 0.719 -0.65991 9.57005e-321 1.55716e+142 1.8903 0.356907 -0.207723 0.316287 0.242946 0.13739 2.881 0.493 0.136517 0 9.30237e+242 9.30237e+242 
 1.189 0.701 -0.634424 9.57005e-321 1.55716e+142 1.92951 0.356368 -0.0137417 0.319563 0.247566 0.138553 2.919 0.501 0.145141 0 9.30237e+242 9.30237e+242 
 1.197 0.642 -0.610746 9.57005e-321 1.55716e+142 1.96974 0.366193 0.23952 0.31716 0.332419 0.186469 2.958 0.519 0.153408 0 9.30237e+242 9.30237e+242 
 1.212 0.636 -0.583864 9.57005e-321 1.55716e+142 2.00016 0.375289 0.290568 0.321127 0.328314 0.181992 2.986 0.543 0.168507 0 9.30237e+242 9.30237e+242 
 1.234 0.638 -0.550156 9.57005e-321 1.55716e+142 2.03551 0.381545 0.175152 0.32701 0.299192 0.163222 3.02 0.557 0.176368 0 9.30237e+242 9.30237e+242 
 1.241 0.607 -0.51765 9.57005e-321 1.55716e+142 2.07115 0.377012 -0.126502 0.334313 0.307878 0.164273 3.055 0.556 0.179957 0 9.30237e+242 9.30237e+242 
 1.304 0.613 -0.487812 9.57005e-321 1.55716e+142 2.11076 0.363705 -0.324143 0.33088 0.234674 0.126977 3.094 0.546 0.183321 0 9.30237e+242 9.30237e+242 
 1.299 0.583 -0.457878 9.57005e-321 1.55716e+142 2.1334 0.376041 0.498805 0.335529 0.267729 0.142652 3.115 0.567 0.192139 0 9.30237e+242 9.30237e+242 
 1.321 0.55 -0.433993 9.57005e-321 1.55716e+142 2.17085 0.356439 -0.482196 0.34044 0.262022 0.137662 3.146 0.578 0.223415 0 9.30237e+242 9.30237e+242 
 1.347 0.547 -0.406412 9.57005e-321 1.55716e+142 2.19098 0.336006 -0.792869 0.34208 0.201799 0.105789 3.16 0.583 0.249577 0 9.30237e+242 9.30237e+242 
 1.383 0.522 -0.380829 9.57005e-321 1.55716e+142 2.22346 0.318421 -0.496218 0.34074 0.179075 0.0943179 3.187 0.586 0.27088 0 9.30237e+242 9.30237e+242 
 1.392 0.508 -0.361418 9.57005e-321 1.55716e+142 2.25332 0.304858 -0.426403 0.349164 0.162487 0.0835697 3.21 0.596 0.295421 0 9.30237e+242 9.30237e+242 
 1.459 0.501 -0.344898 9.57005e-321 1.55716e+142 2.28735 0.299685 -0.150881 0.337027 0.133266 0.0710552 3.236 0.616 0.321843 0 9.30237e+242 9.30237e+242 
 1.465 0.461 -0.32974 9.57005e-321 1.55716e+142 2.33329 0.308385 0.187149 0.34689 0.194788 0.100733 3.276 0.642 0.340136 0 9.30237e+242 9.30237e+242 
 1.508 0.428 -0.315582 9.57005e-321 1.55716e+142 2.38055 0.323317 0.306033 0.343969 0.244916 0.12747 3.32 0.666 0.349772 0 9.30237e+242 9.30237e+242 
 1.56 0.437 -0.294815 9.57005e-321 1.55716e+142 2.42129 0.344899 0.487173 0.339417 0.235076 0.124026 3.358 0.695 0.357679 0 9.30237e+242 9.30237e+242 
 1.571 0.398 -0.26987 9.57005e-321 1.55716e+142 2.45125 0.353682 0.28511 0.343725 0.273805 0.142414 3.386 0.709 0.363255 0 9.30237e+242 9.30237e+242 
 1.615 0.436 -0.246199 9.57005e-321 1.55716e+142 2.48331 0.372746 0.536534 0.341825 0.216756 0.113649 3.415 0.736 0.371758 0 9.30237e+242 9.30237e+242 
 1.623 0.415 -0.218584 9.57005e-321 1.55716e+142 2.50195 0.374591 0.0986626 0.345502 0.215761 0.111938 3.428 0.752 0.386996 0 9.30237e+242 9.30237e+242 
 1.66 0.411 -0.197121 9.57005e-321 1.55716e+142 2.53321 0.35358 -0.591783 0.345221 0.164519 0.0855715 3.453 0.746 0.403262 0 9.30237e+242 9.30237e+242 
 1.708 0.356 -0.178354 9.57005e-321 1.55716e+142 2.57212 0.336019 -0.424004 0.340122 0.194062 0.102343 3.486 0.742 0.418052 0 9.30237e+242 9.30237e+242 
 1.712 0.369 -0.159768 9.57005e-321 1.55716e+142 2.60837 0.338812 0.0769259 0.353991 0.157901 0.0801189 3.513 0.765 0.440274 0 9.30237e+242 9.30237e+242 
 1.757 0.339 -0.140482 9.57005e-321 1.55716e+142 2.63738 0.333213 -0.190648 0.347229 0.167592 0.0866606 3.529 0.786 0.469889 0 9.30237e+242 9.30237e+242 
 1.783 0.331 -0.12613 9.57005e-321 1.55716e+142 2.67976 0.340471 0.169627 0.353603 0.171101 0.086879 3.56 0.815 0.494429 0 9.30237e+242 9.30237e+242 
 1.843 0.318 -0.108895 9.57005e-321 1.55716e+142 2.71241 0.354985 0.41828 0.342572 0.189339 0.0991594 3.583 0.847 0.514402 0 9.30237e+242 9.30237e+242 
 1.863 0.327 -0.0914366 9.57005e-321 1.55716e+142 2.74795 0.365316 0.282926 0.349322 0.168605 0.0866619 3.613 0.867 0.525544 0 9.30237e+242 9.30237e+242 
 1.916 0.326 -0.0730663 9.57005e-321 1.55716e+142 2.78759 0.381081 0.378472 0.344364 0.170394 0.0888313 3.649 0.889 0.532767 0 9.30237e+242 9.30237e+242 
 1.957 0.324 -0.0555247 9.57005e-321 1.55716e+142 2.81838 0.392385 0.35188 0.340768 0.168569 0.088807 3.677 0.905 0.538228 0 9.30237e+242 9.30237e+242 
 2.005 0.364 -0.0388527 9.57005e-321 1.55716e+142 2.84654 0.412583 0.62226 0.333512 0.120769 0.0650884 3.698 0.937 0.55203 0 9.30237e+242 9.30237e+242 
 2.012 0.318 -0.0228661 9.57005e-321 1.55716e+142 2.87448 0.408341 -0.150665 0.34224 0.159218 0.0835453 3.717 0.947 0.568844 0 9.30237e+242 9.30237e+242 
 2.032 0.294 -0.0110442 9.57005e-321 1.55716e+142 2.88886 0.424455 0.842203 0.340782 0.202647 0.106632 3.723 0.976 0.584216 0 9.30237e+242 9.30237e+242 
 2.055 0.293 0.00646392 9.57005e-321 1.55716e+142 2.90924 0.422452 -0.0979576 0.340405 0.180004 0.0948968 3.736 0.985 0.597465 0 9.30237e+242 9.30237e+242 
 2.089 0.32 0.0264637 9.57005e-321 1.55716e+142 2.94025 0.420718 -0.0558687 0.33927 0.114328 0.0605828 3.761 0.992 0.608068 0 9.30237e+242 9.30237e+242 
 2.115 0.292 0.0438501 9.57005e-321 1.55716e+142 2.9772 0.436854 0.411697 0.345186 0.153472 0.079859 3.791 1.018 0.620137 0 9.30237e+242 9.30237e+242 
 2.167 0.269 0.0561022 9.57005e-321 1.55716e+142 3.01448 0.443797 0.184143 0.340805 0.184202 0.096983 3.821 1.035 0.63255 0 9.30237e+242 9.30237e+242 
 2.167 0.236 0.072482 9.57005e-321 1.55716e+142 3.05972 0.444442 0.0142695 0.360667 0.196267 0.0976405 3.854 1.052 0.652982 0 9.30237e+242 9.30237e+242 
 2.209 0.206 0.0908385 9.57005e-321 1.55716e+142 3.10086 0.447904 0.0839379 0.362797 0.217528 0.107509 3.879 1.076 0.679104 0 9.30237e+242 9.30237e+242 
 2.249 0.249 0.111504 9.57005e-321 1.55716e+142 3.14087 0.459234 0.276021 0.361863 0.150292 0.0746201 3.901 1.109 0.707276 0 9.30237e+242 9.30237e+242 
 2.307 0.245 0.132827 9.57005e-321 1.55716e+142 3.18404 0.466254 0.161186 0.357381 0.143169 0.0719843 3.923 1.14 0.739267 0 9.30237e+242 9.30237e+242 
 2.298 0.264 0.147719 9.57005e-321 1.55716e+142 3.22242 0.47752 0.285488 0.3758 0.0993613 0.047556 3.94 1.174 0.77048 0 9.30237e+242 9.30237e+242 
 2.335 0.199 0.161689 9.57005e-321 1.55716e+142 3.2549 0.482904 0.164265 0.379551 0.172208 0.0814877 3.958 1.194 0.791055 0 9.30237e+242 9.30237e+242 
 2.376 0.167 0.171859 9.57005e-321 1.55716e+142 3.27992 0.500218 0.605369 0.37786 0.226417 0.107442 3.971 1.223 0.807819 0 9.30237e+242 9.30237e+242 
 2.418 0.119 0.191177 9.57005e-321 1.55716e+142 3.29391 0.5278 1.10146 0.375268 0.305441 0.145472 3.975 1.26 0.821547 0 9.30237e+242 9.30237e+242 
 2.48 0.14 0.215504 9.57005e-321 1.55716e+142 3.32232 0.549807 0.659136 0.364204 0.295621 0.145078 3.998 1.287 0.828906 0 9.30237e+242 9.30237e+242 
 2.506 0.127 0.246636 9.57005e-321 1.55716e+142 3.33689 0.574462 1.03709 0.366253 0.307921 0.150192 4.01 1.314 0.832385 0 9.30237e+242 9.30237e+242 
 2.529 0.117 0.276259 9.57005e-321 1.55716e+142 3.34511 0.603444 1.29436 0.367748 0.324875 0.157695 4.016 1.345 0.835386 0 9.30237e+242 9.30237e+242 
 2.545 0.174 0.306824 9.57005e-321 1.55716e+142 3.36258 0.631114 1.00753 0.366256 0.253346 0.123872 4.032 1.374 0.837371 0 9.30237e+242 9.30237e+242 
 2.613 0.175 0.338888 9.57005e-321 1.55716e+142 3.38901 0.654725 0.729071 0.356072 0.267987 0.134652 4.058 1.398 0.837953 0 9.30237e+242 9.30237e+242 
 2.679 0.175 0.363459 9.57005e-321 1.55716e+142 3.41421 0.673754 0.646848 0.345712 0.289895 0.149807 4.081 1.419 0.840904 0 9.30237e+242 9.30237e+242 
 2.675 0.214 0.391218 9.57005e-321 1.55716e+142 3.41753 0.688801 1.35399 0.345852 0.22204 0.115051 4.081 1.437 0.845343 0 9.30237e+242 9.30237e+242 
 2.741 0.22 0.419621 9.57005e-321 1.55716e+142 3.43758 0.722473 1.03354 0.335719 0.256038 0.136425 4.095 1.476 0.853411 0 9.30237e+242 9.30237e+242 
 2.735 0.195 0.441307 9.57005e-321 1.55716e+142 3.48872 0.747162 0.449787 0.365978 0.23848 0.116759 4.14 1.506 0.861528 0 9.30237e+242 9.30237e+242 
 2.775 0.204 0.467172 9.57005e-321 1.55716e+142 3.52487 0.7574 0.275964 0.366143 0.21078 0.103254 4.167 1.524 0.87353 0 9.30237e+242 9.30237e+242 
 2.862 0.196 0.490236 9.57005e-321 1.55716e+142 3.56403 0.752801 -0.116929 0.351491 0.225314 0.114876 4.182 1.539 0.904634 0 9.30237e+242 9.30237e+242 
 2.89 0.208 0.512204 9.57005e-321 1.55716e+142 3.61282 0.753819 0.0208565 0.357204 0.168466 0.0846894 4.199 1.564 0.944461 0 9.30237e+242 9.30237e+242 
 2.941 0.23 0.534 9.57005e-321 1.55716e+142 3.67504 0.757455 0.0583633 0.357812 0.11165 0.0561072 4.229 1.59 0.983687 0 9.30237e+242 9.30237e+242 
 2.933 0.227 0.549012 9.57005e-321 1.55716e+142 3.71512 0.768153 0.26087 0.377152 0.0705393 0.033653 4.234 1.623 1.02526 0 9.30237e+242 9.30237e+242 
 2.931 0.263 0.558625 9.57005e-321 1.55716e+142 3.76647 0.79978 0.552039 0.394228 0.0155997 0.00712254 4.252 1.674 1.06383 0 9.30237e+242 9.30237e+242 
 2.962 0.274 0.565462 9.57005e-321 1.55716e+142 3.81251 0.825247 0.505223 0.402369 0.0120174 0.00537594 4.267 1.716 1.099 0 9.30237e+242 9.30237e+242 
 3.047 0.319 0.568989 9.57005e-321 1.55716e+142 3.86223 0.83706 0.233277 0.383477 -0.00362607 -0.00170204 4.292 1.74 1.12656 0 9.30237e+242 9.30237e+242 
 3.068 0.328 0.571836 9.57005e-321 1.55716e+142 3.91044 0.857168 0.395164 0.394948 -0.013759 -0.00627066 4.312 1.773 1.15758 0 9.30237e+242 9.30237e+242 
 3.089 0.328 0.573232 9.57005e-321 1.55716e+142 3.93114 0.885516 0.940092 0.400946 0.0144584 0.00649082 4.3 1.815 1.19301 0 9.30237e+242 9.30237e+242 
 3.182 0.329 0.575321 9.57005e-321 1.55716e+142 3.95222 0.922497 1.05277 0.3851 0.101722 0.04751 4.292 1.863 1.22411 0 9.30237e+242 9.30237e+242 
 3.224 0.358 0.577305 9.57005e-321 1.55716e+142 3.98057 0.945389 0.679139 0.379309 0.103834 0.0492342 4.3 1.893 1.24567 0 9.30237e+242 9.30237e+242 
 3.24 0.369 0.58458 9.57005e-321 1.55716e+142 3.99262 0.951369 0.460959 0.377045 0.0927215 0.044236 4.309 1.9 1.24888 0 9.30237e+242 9.30237e+242 
 3.245 0.336 0.593754 9.57005e-321 1.55716e+142 4.00096 0.985603 1.33169 0.393752 0.145198 0.0662785 4.312 1.936 1.25451 0 9.30237e+242 9.30237e+242 
 3.301 0.405 0.603695 9.57005e-321 1.55716e+142 4.00697 1.03307 1.44489 0.373046 0.154471 0.0743968 4.307 1.987 1.26607 0 9.30237e+242 9.30237e+242 
 3.342 0.42 0.618338 9.57005e-321 1.55716e+142 4.01334 1.07109 1.40484 0.36815 0.189838 0.0925525 4.307 2.027 1.27274 0 9.30237e+242 9.30237e+242 
 3.382 0.429 0.633987 9.57005e-321 1.55716e+142 4.03033 1.09079 0.858786 0.364281 0.202197 0.09958 4.323 2.047 1.27378 0 9.30237e+242 9.30237e+242 
 3.413 0.426 0.653484 9.57005e-321 1.55716e+142 4.04688 1.12701 1.14236 0.370647 0.227556 0.110063 4.337 2.084 1.27644 0 9.30237e+242 9.30237e+242 
 3.433 0.449 0.674307 9.57005e-321 1.55716e+142 4.05291 1.1691 1.42853 0.372454 0.23194 0.111626 4.34 2.127 1.27961 0 9.30237e+242 9.30237e+242 
 3.496 0.506 0.697027 9.57005e-321 1.55716e+142 4.07452 1.22169 1.18086 0.360316 0.24224 0.120428 4.35 2.183 1.29171 0 9.30237e+242 9.30237e+242 
 3.524 0.515 0.719623 9.57005e-321 1.55716e+142 4.08911 1.24672 1.04297 0.362007 0.241716 0.119614 4.354 2.211 1.30271 0 9.30237e+242 9.30237e+242 
 3.566 0.505 0.744869 9.57005e-321 1.55716e+142 4.10195 1.27881 1.19031 0.367055 0.274535 0.133824 4.356 2.246 1.31393 0 9.30237e+242 9.30237e+242 
 3.562 0.527 0.769347 9.57005e-321 1.55716e+142 4.1262 1.29447 0.573505 0.374276 0.209377 0.100357 4.359 2.267 1.33584 0 9.30237e+242 9.30237e+242 
 3.585 0.559 0.79656 9.57005e-321 1.55716e+142 4.13244 1.3342 1.41495 0.373259 0.199258 0.0957959 4.342 2.312 1.35968 0 9.30237e+242 9.30237e+242 
 3.636 0.559 0.816337 9.57005e-321 1.55716e+142 4.13432 1.37315 1.52276 0.373111 0.256011 0.122885 4.324 2.355 1.37996 0 9.30237e+242 9.30237e+242 
 3.662 0.554 0.838246 9.57005e-321 1.55716e+142 4.13297 1.40116 1.61901 0.377651 0.280469 0.132892 4.312 2.385 1.39079 0 9.30237e+242 9.30237e+242 
 3.725 0.597 0.865034 9.57005e-321 1.55716e+142 4.14166 1.42621 1.23686 0.360635 0.299137 0.14821 4.321 2.41 1.39048 0 9.30237e+242 9.30237e+242 
 3.769 0.609 0.894071 9.57005e-321 1.55716e+142 4.16597 1.4848 1.17749 0.372913 0.312434 0.149679 4.343 2.469 1.39282 0 9.30237e+242 9.30237e+242 
 3.782 0.672 0.925768 9.57005e-321 1.55716e+142 4.1797 1.51666 1.16394 0.364938 0.255828 0.12552 4.356 2.501 1.39357 0 9.30237e+242 9.30237e+242 
 3.78 0.679 0.955678 9.57005e-321 1.55716e+142 4.19513 1.57002 1.28928 0.385658 0.223552 0.103963 4.362 2.556 1.40314 0 9.30237e+242 9.30237e+242 
 3.835 0.703 0.980567 9.57005e-321 1.55716e+142 4.21315 1.60011 1.03116 0.381319 0.238704 0.112206 4.355 2.59 1.42847 0 9.30237e+242 9.30237e+242 
 3.857 0.698 1.0026 9.57005e-321 1.55716e+142 4.24658 1.62323 0.605026 0.394346 0.211666 0.0963164 4.358 2.617 1.45914 0 9.30237e+242 9.30237e+242 
 3.888 0.76 1.02552 9.57005e-321 1.55716e+142 4.28888 1.65513 0.646202 0.387184 0.155373 0.072107 4.368 2.652 1.4916 0 9.30237e+242 9.30237e+242 
 3.872 0.79 1.04539 9.57005e-321 1.55716e+142 4.32022 1.68096 0.689286 0.395447 0.074248 0.0337834 4.364 2.68 1.527 0 9.30237e+242 9.30237e+242 
 3.895 0.794 1.05971 9.57005e-321 1.55716e+142 4.34182 1.71403 0.992038 0.40554 0.0737496 0.0327223 4.349 2.714 1.56362 0 9.30237e+242 9.30237e+242 
 3.908 0.845 1.06724 9.57005e-321 1.55716e+142 4.3609 1.74442 1.01014 0.399593 0.0464076 0.0209016 4.332 2.744 1.5997 0 9.30237e+242 9.30237e+242 
 3.907 0.872 1.0751 9.57005e-321 1.55716e+142 4.34661 1.78323 1.92357 0.401354 0.0578084 0.0259202 4.297 2.782 1.62043 0 9.30237e+242 9.30237e+242 
 3.936 0.873 1.08071 9.57005e-321 1.55716e+142 4.33596 1.8378 1.76354 0.413209 0.121193 0.0527447 4.276 2.836 1.6308 0 9.30237e+242 9.30237e+242 
 3.96 0.955 1.08746 9.57005e-321 1.55716e+142 4.34458 1.87584 1.34796 0.395066 0.109758 0.0499663 4.284 2.874 1.63142 0 9.30237e+242 9.30237e+242 
 4.028 0.992 1.09967 9.57005e-321 1.55716e+142 4.3393 1.90694 1.7389 0.380806 0.17904 0.0844277 4.277 2.905 1.63314 0 9.30237e+242 9.30237e+242 
 4.069 0.972 1.11249 9.57005e-321 1.55716e+142 4.32453 1.94035 1.98731 0.391747 0.249551 0.114165 4.256 2.938 1.63938 0 9.30237e+242 9.30237e+242 
 4.079 1.023 1.13236 9.57005e-321 1.55716e+142 4.33851 1.97941 1.22693 0.389088 0.216495 0.0998221 4.256 2.976 1.6534 0 9.30237e+242 9.30237e+242 
 4.085 1.073 1.15722 9.57005e-321 1.55716e+142 4.34075 2.0284 1.52525 0.389328 0.189914 0.0875794 4.247 3.024 1.66468 0 9.30237e+242 9.30237e+242 
 4.139 1.112 1.17837 9.57005e-321 1.55716e+142 4.34621 2.0702 1.44083 0.384609 0.223989 0.104447 4.235 3.064 1.68224 0 9.30237e+242 9.30237e+242 
 4.172 1.121 1.1979 9.57005e-321 1.55716e+142 4.35417 2.12825 1.43455 0.400759 0.241469 0.108033 4.226 3.12 1.69932 0 9.30237e+242 9.30237e+242 
 4.181 1.167 1.22118 9.57005e-321 1.55716e+142 4.36058 2.17649 1.43856 0.402568 0.216262 0.0963973 4.203 3.164 1.72904 0 9.30237e+242 9.30237e+242 
 4.203 1.189 1.24423 9.57005e-321 1.55716e+142 4.388 2.20302 0.768928 0.406014 0.182209 0.0806046 4.199 3.185 1.76094 0 9.30237e+242 9.30237e+242 
 4.22 1.243 1.26466 9.57005e-321 1.55716e+142 4.41242 2.22782 0.79314 0.396504 0.141504 0.0641501 4.191 3.203 1.79406 0 9.30237e+242 9.30237e+242 
 4.245 1.292 1.28203 9.57005e-321 1.55716e+142 4.43928 2.26587 0.956108 0.393033 0.114959 0.0525998 4.185 3.233 1.8279 0 9.30237e+242 9.30237e+242 
 4.267 1.305 1.2955 9.57005e-321 1.55716e+142 4.45409 2.28632 0.943913 0.395511 0.108744 0.0494499 4.173 3.246 1.85573 0 9.30237e+242 9.30237e+242 
 4.264 1.35 1.30721 9.57005e-321 1.55716e+142 4.46209 2.31468 1.29575 0.390444 0.0764778 0.0352427 4.157 3.267 1.88083 0 9.30237e+242 9.30237e+242 
 4.306 1.387 1.3172 9.57005e-321 1.55716e+142 4.48676 2.34024 0.803265 0.38457 0.0829498 0.0388056 4.159 3.285 1.90472 0 9.30237e+242 9.30237e+242 
 4.33 1.454 1.32604 9.57005e-321 1.55716e+142 4.48084 2.39288 1.68261 0.376514 0.10709 0.0511519 4.14 3.333 1.91861 0 9.30237e+242 9.30237e+242 
 4.354 1.478 1.33554 9.57005e-321 1.55716e+142 4.47056 2.43421 1.81463 0.380614 0.142662 0.0673655 4.118 3.37 1.9311 0 9.30237e+242 9.30237e+242 
 4.359 1.49 1.34653 9.57005e-321 1.55716e+142 4.48067 2.47024 1.29717 0.390689 0.126112 0.0580378 4.11 3.399 1.95053 0 9.30237e+242 9.30237e+242 
 4.372 1.529 1.36104 9.57005e-321 1.55716e+142 4.47035 2.51449 1.79993 0.391437 0.137967 0.0633581 4.082 3.436 1.96964 0 9.30237e+242 9.30237e+242 
 4.378 1.533 1.37397 9.57005e-321 1.55716e+142 4.48051 2.55614 1.33163 0.406822 0.121142 0.0535484 4.07 3.468 1.99381 0 9.30237e+242 9.30237e+242 
 4.362 1.595 1.38798 9.57005e-321 1.55716e+142 4.48686 2.58899 1.37965 0.397236 0.0724157 0.032802 4.051 3.489 2.02179 0 9.30237e+242 9.30237e+242 
 4.393 1.613 1.39982 9.57005e-321 1.55716e+142 4.4866 2.6063 1.58597 0.395237 0.0964067 0.0438776 4.032 3.497 2.04272 0 9.30237e+242 9.30237e+242 
 4.445 1.655 1.40824 9.57005e-321 1.55716e+142 4.48812 2.64787 1.53422 0.392494 0.14899 0.0682217 4.019 3.531 2.05909 0 9.30237e+242 9.30237e+242 
 4.466 1.665 1.41948 9.57005e-321 1.55716e+142 4.47185 2.67275 2.1499 0.396983 0.181674 0.0821892 3.99 3.549 2.07356 0 9.30237e+242 9.30237e+242 
 4.466 1.729 1.43512 9.57005e-321 1.55716e+142 4.46661 2.69803 1.7752 0.382139 0.168928 0.0794032 3.97 3.566 2.09049 0 9.30237e+242 9.30237e+242 
 4.493 1.744 1.45294 9.57005e-321 1.55716e+142 4.44785 2.71655 2.36269 0.382702 0.205198 0.096215 3.94 3.578 2.10348 0 9.30237e+242 9.30237e+242 
 4.528 1.803 1.47092 9.57005e-321 1.55716e+142 4.4302 2.74014 2.21298 0.368371 0.2544 0.123675 3.913 3.596 2.11438 0 9.30237e+242 9.30237e+242 
 4.501 1.874 1.49271 9.57005e-321 1.55716e+142 4.42025 2.75338 2.21544 0.346889 0.21207 0.109602 3.901 3.608 2.11677 0 9.30237e+242 9.30237e+242 
 4.545 1.889 1.51839 9.57005e-321 1.55716e+142 4.40325 2.78238 2.10116 0.35332 0.261774 0.132579 3.884 3.637 2.11677 0 9.30237e+242 9.30237e+242 
 4.548 1.938 1.54009 9.57005e-321 1.55716e+142 4.38125 2.81599 2.15033 0.348592 0.272412 0.139746 3.861 3.67 2.11794 0 9.30237e+242 9.30237e+242 
 4.588 1.975 1.56713 9.57005e-321 1.55716e+142 4.35947 2.84673 2.18697 0.348908 0.323579 0.165408 3.838 3.7 2.11937 0 9.30237e+242 9.30237e+242 
 4.547 2.045 1.59609 9.57005e-321 1.55716e+142 4.34 2.87051 2.25702 0.331862 0.274603 0.147856 3.814 3.721 2.12468 0 9.30237e+242 9.30237e+242 
 4.6 2.043 1.6287 9.57005e-321 1.55716e+142 4.34122 2.90177 1.53168 0.348883 0.29259 0.149826 3.81 3.749 2.13084 0 9.30237e+242 9.30237e+242 
 4.613 2.043 1.6562 9.57005e-321 1.55716e+142 4.33442 2.92361 1.87252 0.360118 0.275595 0.136891 3.794 3.765 2.14174 0 9.30237e+242 9.30237e+242 
 4.595 2.049 1.68556 9.57005e-321 1.55716e+142 4.32908 2.95654 1.73178 0.371457 0.21282 0.102765 3.772 3.787 2.16166 0 9.30237e+242 9.30237e+242 
 4.558 2.123 1.71233 9.57005e-321 1.55716e+142 4.32175 2.99687 1.75052 0.357414 0.153424 0.0771136 3.751 3.818 2.17821 0 9.30237e+242 9.30237e+242 
 4.599 2.185 1.73241 9.57005e-321 1.55716e+142 4.31678 3.02181 1.76762 0.347161 0.204631 0.105704 3.732 3.833 2.1954 0 9.30237e+242 9.30237e+242 
 4.596 2.188 1.74847 9.57005e-321 1.55716e+142 4.31426 3.05621 1.64394 0.35992 0.170401 0.0850141 3.71 3.853 2.21963 0 9.30237e+242 9.30237e+242 
 4.569 2.226 1.76901 9.57005e-321 1.55716e+142 4.31205 3.09002 1.63584 0.35679 0.113861 0.0573794 3.69 3.873 2.24216 0 9.30237e+242 9.30237e+242 
 4.552 2.285 1.78447 9.57005e-321 1.55716e+142 4.31423 3.13215 1.51916 0.348865 0.0751651 0.0387627 3.676 3.902 2.26299 0 9.30237e+242 9.30237e+242 
 4.572 2.352 1.79455 9.57005e-321 1.55716e+142 4.30428 3.17835 1.78289 0.343844 0.112183 0.0586596 3.647 3.932 2.288 0 9.30237e+242 9.30237e+242 
 4.575 2.379 1.80316 9.57005e-321 1.55716e+142 4.29486 3.22697 1.76224 0.353571 0.108688 0.0552759 3.619 3.964 2.31293 0 9.30237e+242 9.30237e+242 
 4.596 2.405 1.81446 9.57005e-321 1.55716e+142 4.28817 3.26819 1.73158 0.36253 0.123932 0.0614558 3.594 3.988 2.33807 0 9.30237e+242 9.30237e+242 
 4.577 2.421 1.82566 9.57005e-321 1.55716e+142 4.27319 3.30404 1.96677 0.369951 0.0959108 0.0466317 3.559 4.004 2.36626 0 9.30237e+242 9.30237e+242 
 4.535 2.472 1.83882 9.57005e-321 1.55716e+142 4.26976 3.34852 1.64756 0.363481 0.0323915 0.0160393 3.537 4.029 2.39317 0 9.30237e+242 9.30237e+242 
 4.557 2.503 1.84789 9.57005e-321 1.55716e+142 4.26429 3.38076 1.73898 0.367075 0.0561739 0.0275386 3.515 4.043 2.41779 0 9.30237e+242 9.30237e+242 
 4.578 2.541 1.85247 9.57005e-321 1.55716e+142 4.25765 3.41793 1.74758 0.370016 0.085977 0.0418005 3.491 4.06 2.4444 0 9.30237e+242 9.30237e+242 
 4.575 2.577 1.85839 9.57005e-321 1.55716e+142 4.25263 3.46001 1.68955 0.372661 0.0783103 0.0378068 3.472 4.085 2.46647 0 9.30237e+242 9.30237e+242 
 4.585 2.627 1.86711 9.57005e-321 1.55716e+142 4.23837 3.49388 1.9691 0.369693 0.105374 0.0512604 3.443 4.1 2.49042 0 9.30237e+242 9.30237e+242 
 4.602 2.699 1.87591 9.57005e-321 1.55716e+142 4.23115 3.54416 1.71356 0.36484 0.135787 0.066893 3.42 4.129 2.51691 0 9.30237e+242 9.30237e+242 
 4.616 2.686 1.88787 9.57005e-321 1.55716e+142 4.21027 3.56719 2.30732 0.383294 0.14322 0.0671569 3.383 4.129 2.54502 0 9.30237e+242 9.30237e+242 
 4.581 2.714 1.90246 9.57005e-321 1.55716e+142 4.19383 3.60281 2.00315 0.384009 0.09916 0.0464467 3.351 4.141 2.57331 0 9.30237e+242 9.30237e+242 
 4.556 2.804 1.91621 9.57005e-321 1.55716e+142 4.17155 3.63911 2.12124 0.364001 0.107833 0.0532735 3.321 4.165 2.58783 0 9.30237e+242 9.30237e+242 
 4.51 2.828 1.92646 9.57005e-321 1.55716e+142 4.13139 3.669 2.50169 0.365553 0.0844498 0.0415596 3.273 4.182 2.60292 0 9.30237e+242 9.30237e+242 
 4.538 2.869 1.93669 9.57005e-321 1.55716e+142 4.10785 3.69417 2.32293 0.367659 0.143597 0.0701872 3.24 4.191 2.62165 0 9.30237e+242 9.30237e+242 
 4.49 2.901 1.94749 9.57005e-321 1.55716e+142 4.09234 3.72348 2.05743 0.361977 0.0923623 0.0458967 3.217 4.207 2.63693 0 9.30237e+242 9.30237e+242 
 4.52 2.953 1.96078 9.57005e-321 1.55716e+142 4.07501 3.7389 2.41436 0.356493 0.156815 0.0790141 3.194 4.212 2.64879 0 9.30237e+242 9.30237e+242 
 4.522 3.012 1.97209 9.57005e-321 1.55716e+142 4.05449 3.76117 2.31538 0.347436 0.19586 0.101125 3.167 4.222 2.66266 0 9.30237e+242 9.30237e+242 
 4.502 3.047 1.98865 9.57005e-321 1.55716e+142 4.02312 3.78417 2.50912 0.345788 0.197898 0.102654 3.129 4.232 2.67725 0 9.30237e+242 9.30237e+242 
 4.491 3.076 2.00938 9.57005e-321 1.55716e+142 3.98971 3.78759 3.03948 0.341681 0.218794 0.114756 3.089 4.222 2.69221 0 9.30237e+242 9.30237e+242 
 4.459 3.088 2.03032 9.57005e-321 1.55716e+142 3.96327 3.80793 2.48601 0.344403 0.17952 0.0935509 3.06 4.237 2.69813 0 9.30237e+242 9.30237e+242 
 4.518 3.106 2.05178 9.57005e-321 1.55716e+142 3.93643 3.82637 2.53965 0.362266 0.247481 0.122352 3.032 4.253 2.70083 0 9.30237e+242 9.30237e+242 
 4.458 3.143 2.07069 9.57005e-321 1.55716e+142 3.90477 3.83023 3.02009 0.346193 0.222281 0.115062 2.999 4.254 2.70399 0 9.30237e+242 9.30237e+242 
 4.472 3.211 2.09633 9.57005e-321 1.55716e+142 3.88787 3.85275 2.2148 0.33879 0.265505 0.140139 2.98 4.272 2.70897 0 9.30237e+242 9.30237e+242 
 4.449 3.233 2.11973 9.57005e-321 1.55716e+142 3.86009 3.8798 2.36933 0.342697 0.236814 0.12375 2.949 4.292 2.71673 0 9.30237e+242 9.30237e+242 
 4.441 3.259 2.14621 9.57005e-321 1.55716e+142 3.82819 3.90925 2.39629 0.3505 0.225379 0.115231 2.912 4.31 2.72925 0 9.30237e+242 9.30237e+242 
 4.445 3.289 2.16965 9.57005e-321 1.55716e+142 3.78742 3.93661 2.55042 0.361349 0.242503 0.120217 2.863 4.318 2.7503 0 9.30237e+242 9.30237e+242 
 4.429 3.313 2.19283 9.57005e-321 1.55716e+142 3.74992 3.95691 2.64541 0.366617 0.237216 0.115945 2.817 4.317 2.77323 0 9.30237e+242 9.30237e+242 
 4.397 3.319 2.21683 9.57005e-321 1.55716e+142 3.72175 3.9744 2.58608 0.370331 0.192968 0.0935187 2.783 4.319 2.78978 0 9.30237e+242 9.30237e+242 
 4.382 3.372 2.23919 9.57005e-321 1.55716e+142 3.69193 3.98985 2.66369 0.363731 0.215228 0.10611 2.748 4.32 2.80513 0 9.30237e+242 9.30237e+242 
 4.358 3.415 2.25804 9.57005e-321 1.55716e+142 3.66178 4.00506 2.67411 0.357994 0.225572 0.112935 2.713 4.321 2.82015 0 9.30237e+242 9.30237e+242 
 4.337 3.474 2.28028 9.57005e-321 1.55716e+142 3.62661 4.03197 2.48856 0.353596 0.244161 0.123657 2.673 4.333 2.83582 0 9.30237e+242 9.30237e+242 
 4.329 3.475 2.30351 9.57005e-321 1.55716e+142 3.60245 4.0531 2.42304 0.364891 0.207546 0.102027 2.646 4.345 2.84538 0 9.30237e+242 9.30237e+242 
 4.315 3.52 2.32724 9.57005e-321 1.55716e+142 3.56845 4.06911 2.70148 0.363548 0.225151 0.111019 2.609 4.351 2.85583 0 9.30237e+242 9.30237e+242 
 4.246 3.569 2.34889 9.57005e-321 1.55716e+142 3.5317 4.09464 2.53434 0.348858 0.197972 0.101795 2.567 4.358 2.87509 0 9.30237e+242 9.30237e+242 
 4.268 3.617 2.37147 9.57005e-321 1.55716e+142 3.5012 4.11269 2.60722 0.357376 0.245078 0.122817 2.531 4.355 2.89685 0 9.30237e+242 9.30237e+242 
 4.243 3.665 2.39216 9.57005e-321 1.55716e+142 3.45673 4.12861 2.79791 0.35614 0.270294 0.135771 2.482 4.352 2.9163 0 9.30237e+242 9.30237e+242 
 4.212 3.684 2.41841 9.57005e-321 1.55716e+142 3.42326 4.1514 2.54384 0.359259 0.235144 0.117274 2.444 4.354 2.93758 0 9.30237e+242 9.30237e+242 
 4.223 3.712 2.44574 9.57005e-321 1.55716e+142 3.38691 4.15764 2.9715 0.370279 0.257212 0.12439 2.405 4.347 2.95108 0 9.30237e+242 9.30237e+242 
 4.185 3.708 2.46884 9.57005e-321 1.55716e+142 3.36164 4.18087 2.39819 0.373784 0.189397 0.0909545 2.378 4.361 2.96047 0 9.30237e+242 9.30237e+242 
 4.174 3.733 2.49425 9.57005e-321 1.55716e+142 3.33965 4.19816 2.47532 0.376566 0.173595 0.0827895 2.353 4.361 2.97802 0 9.30237e+242 9.30237e+242 
 4.15 3.745 2.51271 9.57005e-321 1.55716e+142 3.30046 4.21823 2.66829 0.38401 0.150969 0.0706473 2.31 4.356 3.00338 0 9.30237e+242 9.30237e+242 
 4.119 3.8 2.52964 9.57005e-321 1.55716e+142 3.27842 4.23846 2.3989 0.374016 0.164159 0.0788399 2.285 4.353 3.0268 0 9.30237e+242 9.30237e+242 
 4.113 3.855 2.54475 9.57005e-321 1.55716e+142 3.23961 4.2544 2.75203 0.377335 0.20985 0.0997723 2.244 4.348 3.04785 0 9.30237e+242 9.30237e+242 
 4.068 3.879 2.56254 9.57005e-321 1.55716e+142 3.19022 4.26446 2.94059 0.376794 0.206555 0.0983558 2.193 4.339 3.06698 0 9.30237e+242 9.30237e+242 
 4.057 3.872 2.58386 9.57005e-321 1.55716e+142 3.15232 4.285 2.64505 0.392395 0.16185 0.0741081 2.154 4.343 3.08356 0 9.30237e+242 9.30237e+242 
 4.047 3.888 2.60416 9.57005e-321 1.55716e+142 3.11997 4.30157 2.66801 0.400952 0.147179 0.0659773 2.121 4.347 3.09615 0 9.30237e+242 9.30237e+242 
 4.01 3.919 2.61917 9.57005e-321 1.55716e+142 3.07758 4.30109 -3.13026 0.397438 0.166761 0.0753832 2.078 4.33 3.11268 0 9.30237e+242 9.30237e+242 
