 1.446 1.508 0.290558 0 0 2.37344 1.79256 0.316825 0 0 0 2.417 2.961 0 0 0 0 
 1.446 1.514 0.290557 0 0 2.37394 1.79506 0.312499 0.642581 0.00503605 0.00313488 2.418 2.96 0 0 0 0 
 1.444 1.516 0.290847 0 0 2.37244 1.79756 0.312911 0.642994 0.00511362 0.00318112 2.417 2.963 0 0 0 0 
 1.443 1.513 0.298066 0 0 2.37144 1.79856 0.317647 0.643771 0.000452709 0.000281286 2.416 2.968 0 0 0 0 
 1.47 1.534 0.299757 0 0 2.38544 1.80956 0.310445 0.633587 -0.0104251 -0.00658153 2.417 2.969 0 0 0 0 
 1.512 1.544 0.299919 0 0 2.40394 1.81656 0.315459 0.618115 -0.0046953 -0.00303845 2.412 2.973 0 0 0 0 
 1.561 1.561 0.300345 0 0 2.42844 1.82456 0.313542 0.600841 -0.00744671 -0.00495749 2.412 2.972 0 0 0 0 
 1.627 1.571 0.300963 0 0 2.46194 1.83156 0.322609 0.579676 0.00208618 0.00143955 2.413 2.976 0 0 0 0 
 1.697 1.593 0.302593 0 0 2.49944 1.84106 0.319368 0.556647 -0.00373422 -0.00268336 2.418 2.973 0 0 0 0 
 1.758 1.609 0.302095 0 0 2.53094 1.85106 0.323821 0.536799 0.00184417 0.00137419 2.42 2.977 0 0 0 0 
 1.817 1.626 0.302789 0 0 2.56194 1.85756 0.321255 0.517011 -0.00183982 -0.00142343 2.423 2.973 0 0 0 0 
 1.888 1.655 0.303592 0 0 2.59694 1.87406 0.319218 0.491767 -0.00495343 -0.00402907 2.422 2.977 0 0 0 0 
 1.947 1.674 0.303398 0 0 2.62594 1.88106 0.314792 0.470419 -0.0091645 -0.00779247 2.421 2.972 0 0 0 0 
 2.007 1.689 0.302789 0 0 2.65594 1.88706 0.315045 0.449664 -0.00796255 -0.00708299 2.421 2.969 0 0 0 0 
 2.056 1.705 0.302695 0 0 2.67994 1.89306 0.310875 0.431876 -0.0118098 -0.0109377 2.42 2.965 0 0 0 0 
 2.103 1.712 0.302486 0 0 2.70094 1.89906 0.323458 0.415225 0.000819499 0.000789451 2.415 2.97 0 0 0 0 
 2.137 1.739 0.301683 0 0 2.71794 1.91506 0.312689 0.402303 -0.00847205 -0.00842335 2.415 2.975 0 0 0 0 
 2.168 1.751 0.301579 0 0 2.73144 1.91906 0.307443 0.389658 -0.0131197 -0.0134672 2.411 2.971 0 0 0 0 
 2.21 1.766 0.301427 0 0 2.75344 1.93106 0.313425 0.376406 -0.00719532 -0.00764619 2.413 2.98 0 0 0 0 
 2.25 1.778 0.301031 0 0 2.77544 1.93306 0.303976 0.363056 -0.0151226 -0.0166599 2.417 2.972 0 0 0 0 
 2.292 1.789 0.300619 0 0 2.79594 1.93706 0.302556 0.348074 -0.0155572 -0.0178761 2.416 2.969 0 0 0 0 
 2.335 1.797 0.300129 0 0 2.81744 1.94256 0.311212 0.333968 -0.00724446 -0.00867663 2.416 2.972 0 0 0 0 
 2.366 1.788 0.299216 0 0 2.83394 1.94006 0.336894 0.326063 0.0150385 0.0184464 2.418 2.976 0 0 0 0 
 2.389 1.802 0.298991 0 0 2.84394 1.94806 0.332553 0.316654 0.0114928 0.0145169 2.415 2.978 0 0 0 0 
 2.417 1.792 0.299305 0 0 2.85744 1.94506 0.36221 0.308877 0.0340821 0.0441081 2.414 2.982 0 0 0 0 
 2.455 1.795 0.299815 0 0 2.87494 1.94806 0.38152 0.295939 0.0468312 0.0632142 2.411 2.985 0 0 0 0 
 2.486 1.807 0.300615 0 0 2.89094 1.95456 0.381428 0.285368 0.0448788 0.0628237 2.412 2.986 0 0 0 0 
 2.512 1.822 0.301681 0 0 2.90744 1.95856 0.359746 0.277161 0.02776 0.040042 2.419 2.979 0 0 0 0 
 2.546 1.848 0.303173 0 0 2.92844 1.97206 0.336263 0.266453 0.00919624 0.0138045 2.427 2.98 0 0 0 0 
 2.578 1.859 0.303129 0 0 2.94344 1.98006 0.343939 0.255111 0.0142245 0.0222995 2.425 2.985 0 0 0 0 
 2.622 1.876 0.303578 0 0 2.96494 1.98806 0.338904 0.239096 0.00990669 0.0165721 2.424 2.984 0 0 0 0 
 2.654 1.884 0.304066 0 0 2.98194 1.99156 0.340269 0.228719 0.0100665 0.0176032 2.426 2.983 0 0 0 0 
 2.682 1.903 0.304451 0 0 2.99994 2.00006 0.315121 0.220309 -0.00621348 -0.0112809 2.434 2.981 0 0 0 0 
 2.7 1.903 0.304954 0 0 3.00794 2.00056 0.32785 0.214085 0.00137731 0.00257339 2.432 2.982 0 0 0 0 
 2.728 1.912 0.305397 0 0 3.02194 2.01006 0.34655 0.20534 0.0119572 0.0232883 2.432 2.992 0 0 0 0 
 2.748 1.912 0.306077 0 0 3.02944 2.00806 0.355209 0.197047 0.0159316 0.0323294 2.427 2.988 0 0 0 0 
 2.76 1.915 0.306262 0 0 3.03494 2.00456 0.337767 0.191635 0.0058924 0.0122986 2.426 2.978 0 0 0 0 
 2.79 1.905 0.307012 0 0 3.05244 1.99906 0.374574 0.184658 0.024599 0.0532351 2.431 2.977 0 0 0 0 
 2.804 1.912 0.307857 0 0 3.05894 2.00506 0.382143 0.179731 0.027318 0.0607229 2.43 2.982 0 0 0 0 
 2.816 1.932 0.308555 0 0 3.06544 2.01506 0.345854 0.174229 0.00813591 0.0186765 2.431 2.982 0 0 0 0 
 2.825 1.948 0.309748 0 0 3.06944 2.01906 0.299171 0.168658 -0.0165221 -0.0391649 2.43 2.974 0 0 0 0 
 2.849 1.953 0.310398 0 0 3.08444 2.02156 0.299709 0.162468 -0.0161357 -0.0397055 2.436 2.974 0 0 0 0 
 2.855 1.962 0.310636 0 0 3.08744 2.02906 0.296774 0.160272 -0.0175617 -0.0438017 2.436 2.98 0 0 0 0 
 2.858 1.974 0.311201 0 0 3.08744 2.03706 0.281969 0.157574 -0.0250113 -0.0634058 2.433 2.984 0 0 0 0 
 2.863 1.977 0.311732 0 0 3.09044 2.03756 0.272734 0.155809 -0.0296936 -0.0760838 2.434 2.982 0 0 0 0 
 2.876 1.976 0.311933 0 0 3.09894 2.04006 0.295509 0.153664 -0.0183048 -0.047613 2.438 2.988 0 0 0 0 
 2.895 1.976 0.311673 0 0 3.10844 2.04456 0.332726 0.148577 -0.000486304 -0.00130923 2.438 2.997 0 0 0 0 
 2.905 1.98 0.311723 0 0 3.11044 2.04706 0.338518 0.143225 0.00202973 0.00566858 2.432 2.998 0 0 0 0 
 2.928 1.975 0.31207 0 0 3.11894 2.04656 0.393355 0.135012 0.0237259 0.0701771 2.426 3.002 0 0 0 0 
 2.932 1.972 0.312081 0 0 3.12544 2.04906 0.420854 0.137728 0.0348043 0.100739 2.435 3.01 0 0 0 0 
 2.949 1.974 0.312754 0 0 3.13094 2.04806 0.431121 0.129873 0.0364544 0.111809 2.429 3.006 0 0 0 0 
 2.968 1.982 0.314118 0 0 3.14294 2.05306 0.4301 0.124855 0.034219 0.109192 2.434 3.008 0 0 0 0 
 2.986 1.991 0.314636 0 0 3.15344 2.06006 0.437525 0.119725 0.0352151 0.117115 2.437 3.013 0 0 0 0 
 3.008 1.992 0.315247 0 0 3.16644 2.05756 0.439119 0.113337 0.0337864 0.118682 2.441 3.007 0 0 0 0 
 3.022 1.983 0.316772 0 0 3.17344 2.05506 0.515303 0.110337 0.054665 0.19564 2.441 3.011 0 0 0 0 
 3.028 1.98 0.31886 0 0 3.17544 2.05306 0.540482 0.108073 0.0595622 0.216982 2.439 3.01 0 0 0 0 
 3.051 1.995 0.321484 0 0 3.18644 2.05956 0.51636 0.0987502 0.0479177 0.191713 2.438 3.008 0 0 0 0 
 3.071 2.008 0.323243 0 0 3.19794 2.06256 0.458367 0.0912843 0.0298497 0.13006 2.441 3.001 0 0 0 0 
 3.079 2.016 0.325674 0 0 3.19994 2.06806 0.459154 0.0870016 0.027917 0.127654 2.437 3.004 0 0 0 0 
 3.077 2.014 0.327872 0 0 3.19844 2.06856 0.482136 0.0878729 0.0329252 0.148769 2.436 3.007 0 0 0 0 
 3.078 2.028 0.33055 0 0 3.19694 2.07706 0.437554 0.0851256 0.0205244 0.0961455 2.432 3.01 0 0 0 0 
 3.092 2.035 0.333303 0 0 3.20394 2.07906 0.415248 0.0796645 0.0132568 0.0664651 2.432 3.007 0 0 0 0 
 3.11 2.045 0.335272 0 0 3.21294 2.08406 0.398741 0.0729449 0.00802458 0.0439752 2.432 3.007 0 0 0 0 
 3.118 2.042 0.336532 0 0 3.21594 2.08056 0.41537 0.0697115 0.0108294 0.0620584 2.43 3.003 0 0 0 0 
 3.134 2.048 0.337845 0 0 3.22194 2.08156 0.401265 0.0623618 0.00675992 0.0433322 2.426 2.999 0 0 0 0 
 3.145 2.055 0.338985 0 0 3.22594 2.08306 0.361233 0.056775 -0.00122833 -0.0086538 2.423 2.995 0 0 0 0 
 3.15 2.058 0.339826 0 0 3.22494 2.08456 0.370005 0.0526942 0.000161818 0.00122836 2.416 2.995 0 0 0 0 
 3.149 2.062 0.340113 0 0 3.22244 2.08406 0.30972 0.050765 -0.0100785 -0.0792468 2.412 2.99 0 0 0 0 
 3.148 2.064 0.340548 0 0 3.22494 2.08706 0.308991 0.0531721 -0.0107606 -0.0807732 2.418 2.994 0 0 0 0 
 3.156 2.065 0.340671 0 0 3.23144 2.08806 0.315529 0.052234 -0.0094359 -0.0721333 2.423 2.995 0 0 0 0 
 3.165 2.073 0.340558 0 0 3.23444 2.08856 0.227873 0.0468382 -0.0232878 -0.196317 2.42 2.988 0 0 0 0 
 3.169 2.078 0.340586 0 0 3.23844 2.09056 0.182843 0.0461853 -0.0310314 -0.262552 2.424 2.987 0 0 0 0 
 3.168 2.086 0.340356 0 0 3.24244 2.09656 0.142791 0.0488869 -0.0405931 -0.320675 2.433 2.991 0 0 0 0 
 3.165 2.085 0.340452 0 0 3.23844 2.09606 0.15172 0.0483672 -0.0384377 -0.307781 2.428 2.991 0 0 0 0 
 3.171 2.085 0.340446 0 0 3.24144 2.09656 0.165572 0.0465959 -0.0344781 -0.287761 2.428 2.992 0 0 0 0 
 3.172 2.084 0.33956 0 0 3.24194 2.09306 0.13024 0.0457508 -0.0403213 -0.338927 2.428 2.986 0 0 0 0 
 3.184 2.086 0.339631 0 0 3.24894 2.09506 0.140394 0.0426163 -0.0358878 -0.324908 2.43 2.988 0 0 0 0 
 3.196 2.083 0.339064 0 0 3.25294 2.09356 0.187577 0.0379334 -0.0247257 -0.25505 2.426 2.988 0 0 0 0 
 3.2 2.08 0.338493 0 0 3.25394 2.09156 0.217614 0.0362751 -0.0193265 -0.209969 2.424 2.987 0 0 0 0 
 3.203 2.08 0.338127 0 0 3.25444 2.09106 0.218342 0.0346027 -0.0183133 -0.208618 2.422 2.986 0 0 0 0 
 3.203 2.084 0.337858 0 0 3.25594 2.09206 0.153395 0.034894 -0.0274555 -0.304916 2.425 2.984 0 0 0 0 
 3.209 2.089 0.337495 0 0 3.25744 2.09406 0.104802 0.0314297 -0.031202 -0.378006 2.422 2.983 0 0 0 0 
 3.215 2.093 0.337358 0 0 3.25994 2.09706 0.0905463 0.0290216 -0.0306567 -0.399782 2.421 2.985 0 0 0 0 
 3.215 2.102 0.336501 0 0 3.25544 2.10156 -0.0109244 0.0252419 -0.0383477 -0.523599 2.412 2.985 0 0 0 0 
 3.215 2.108 0.335632 0 0 3.25944 2.10356 -0.100279 0.0269136 -0.0523591 -0.523599 2.42 2.983 0 0 0 0 
 3.216 2.113 0.334564 0 0 3.25894 2.10656 -0.151146 0.0255636 -0.056189 -0.523599 2.418 2.984 0 0 0 0 
 3.219 2.111 0.331782 0 0 3.26094 2.10606 -0.118374 0.0252832 -0.0510512 -0.523599 2.419 2.985 0 0 0 0 
 3.225 2.11 0.327048 0 0 3.26544 2.10656 -0.0853083 0.0247037 -0.0452769 -0.523599 2.422 2.987 0 0 0 0 
 3.231 2.12 0.322618 0 0 3.26844 2.11106 -0.243461 0.0217408 -0.0568481 -0.523599 2.422 2.986 0 0 0 0 
 3.243 2.121 0.318503 0 0 3.27394 2.11406 -0.228192 0.0180894 -0.0456331 -0.523599 2.421 2.991 0 0 0 0 
 3.244 2.118 0.313425 0 0 3.27494 2.11056 -0.245256 0.0180441 -0.0465798 -0.523599 2.422 2.987 0 0 0 0 
 3.25 2.121 0.308941 0 0 3.27694 2.11406 -0.263516 0.015657 -0.0415842 -0.523599 2.42 2.991 0 0 0 0 
 3.25 2.118 0.304489 0 0 3.27844 2.11156 -0.230441 0.0167474 -0.0411724 -0.523599 2.423 2.989 0 0 0 0 
 3.248 2.114 0.300732 0 0 3.27894 2.11056 -0.111696 0.0189427 -0.0348766 -0.523599 2.426 2.991 0 0 0 0 
 3.237 2.11 0.29621 0 0 3.27244 2.10906 -0.0265746 0.02231 -0.0314017 -0.512774 2.424 2.992 0 0 0 0 
 3.237 2.111 0.292291 0 0 3.27194 2.10656 -0.127807 0.0213696 -0.0400225 -0.523599 2.423 2.986 0 0 0 0 
 3.233 2.108 0.289354 0 0 3.26944 2.10456 -0.0947287 0.0225355 -0.0382361 -0.523599 2.422 2.985 0 0 0 0 
 3.229 2.103 0.285342 0 0 3.26494 2.10056 -0.0680379 0.0224338 -0.0347873 -0.523599 2.417 2.982 0 0 0 0 
 3.23 2.107 0.281904 0 0 3.26744 2.10056 -0.173767 0.0227042 -0.0463412 -0.523599 2.421 2.978 0 0 0 0 
 3.234 2.11 0.278787 0 0 3.26644 2.10156 -0.266247 0.019191 -0.0477197 -0.523599 2.415 2.977 0 0 0 0 
 3.24 2.115 0.274126 0 0 3.27194 2.10456 -0.339065 0.0185779 -0.0523818 -0.523599 2.42 2.978 0 0 0 0 
 3.248 2.12 0.26933 0 0 3.27644 2.10806 -0.446408 0.0161398 -0.0535636 -0.523599 2.421 2.98 0 0 0 0 
 3.25 2.119 0.26418 0 0 3.27494 2.10456 -0.653767 0.0135443 -0.0575531 -0.523599 2.416 2.974 0 0 0 0 
 3.255 2.122 0.259583 0 0 3.27944 2.10556 -0.796641 0.0129612 -0.0623981 -0.523599 2.42 2.973 0 0 0 0 
 3.255 2.121 0.254833 0 0 3.28144 2.10756 -0.557202 0.0147929 -0.0552972 -0.523599 2.424 2.978 0 0 0 0 
 3.253 2.121 0.248766 0 0 3.27744 2.10656 -0.670807 0.0134268 -0.0563256 -0.523599 2.418 2.976 0 0 0 0 
 3.252 2.114 0.242629 0 0 3.27744 2.10506 -0.366686 0.0149892 -0.041574 -0.523599 2.419 2.98 0 0 0 0 
 3.245 2.11 0.237482 0 0 3.27144 2.10706 -0.111714 0.016591 -0.0254839 -0.523599 2.414 2.988 0 0 0 0 
 3.242 2.109 0.233269 0 0 3.27194 2.10556 -0.115455 0.018801 -0.0287667 -0.523599 2.418 2.986 0 0 0 0 
 3.243 2.106 0.229874 0 0 3.27294 2.10456 -0.0481879 0.0191182 -0.0230361 -0.449123 2.419 2.987 0 0 0 0 
 3.243 2.101 0.226715 0 0 3.27394 2.10456 0.115509 0.0205145 -0.00975506 -0.187963 2.421 2.992 0 0 0 0 
 3.238 2.096 0.22466 0 0 3.27094 2.10106 0.154771 0.0220316 -0.00672425 -0.121482 2.42 2.99 0 0 0 0 
 3.234 2.093 0.223573 0 0 3.27094 2.09956 0.17942 0.0248382 -0.00500223 -0.0803833 2.424 2.99 0 0 0 0 
 3.234 2.1 0.22299 0 0 3.26894 2.10406 0.116672 0.0231821 -0.0105173 -0.17952 2.42 2.992 0 0 0 0 
 3.232 2.105 0.222696 0 0 3.26794 2.10506 0.00162205 0.0232535 -0.0219883 -0.361605 2.42 2.989 0 0 0 0 
 3.237 2.113 0.2215 0 0 3.27444 2.11056 -0.0653043 0.023876 -0.0295778 -0.46006 2.428 2.992 0 0 0 0 
 3.246 2.12 0.219242 0 0 3.27844 2.11656 -0.106488 0.0205124 -0.0291289 -0.516576 2.427 2.997 0 0 0 0 
 3.25 2.125 0.2165 0 0 3.27944 2.11656 -0.29485 0.0178991 -0.0408404 -0.523599 2.425 2.992 0 0 0 0 
 3.254 2.131 0.213535 0 0 3.27944 2.12006 -0.458705 0.0149956 -0.0452052 -0.523599 2.421 2.993 0 0 0 0 
 3.25 2.129 0.209233 0 0 3.27744 2.11956 -0.358316 0.0165369 -0.041919 -0.523599 2.421 2.994 0 0 0 0 
 3.251 2.128 0.204774 0 0 3.27944 2.11906 -0.325173 0.0172947 -0.0407767 -0.523599 2.424 2.994 0 0 0 0 
 3.252 2.128 0.200238 0 0 3.27794 2.11456 -0.570112 0.0151472 -0.0515153 -0.523599 2.42 2.985 0 0 0 0 
 3.25 2.125 0.195588 0 0 3.27544 2.11706 -0.322703 0.0155508 -0.0357741 -0.523599 2.417 2.993 0 0 0 0 
 3.258 2.13 0.191213 0 0 3.28044 2.11656 -0.682616 0.0129725 -0.0491627 -0.523599 2.419 2.987 0 0 0 0 
 3.256 2.124 0.187059 0 0 3.27794 2.10756 -0.930368 0.0123468 -0.0570006 -0.523599 2.416 2.975 0 0 0 0 
 3.258 2.119 0.181876 0 0 3.28044 2.10106 -1.02856 0.0125751 -0.0611258 -0.523599 2.419 2.967 0 0 0 0 
 3.263 2.122 0.176178 0 0 3.28194 2.10456 -1.31547 0.0104208 -0.0578202 -0.523599 2.417 2.971 0 0 0 0 
 3.264 2.117 0.169838 0 0 3.28294 2.10156 -1.0615 0.0107139 -0.0519666 -0.523599 2.418 2.97 0 0 0 0 
 3.26 2.127 0.164191 0 0 3.28244 2.10556 -1.41459 0.0124785 -0.0699046 -0.523599 2.421 2.968 0 0 0 0 
 3.268 2.125 0.158182 0 0 3.28494 2.10406 -2.87536 0.00901532 -0.0659606 -0.523599 2.418 2.967 0 0 0 0 
 3.266 2.126 0.151035 0 0 3.28444 2.10706 -1.65441 0.0102905 -0.0606738 -0.523599 2.419 2.972 0 0 0 0 
 3.253 2.118 0.144034 0 0 3.27844 2.10356 -0.637641 0.0153799 -0.0504119 -0.523599 2.42 2.973 0 0 0 0 
 3.254 2.118 0.137352 0 0 3.27944 2.10506 -0.557626 0.0155835 -0.0457954 -0.523599 2.421 2.976 0 0 0 0 
 3.248 2.113 0.132105 0 0 3.27444 2.10206 -0.439161 0.016459 -0.0402202 -0.523599 2.417 2.975 0 0 0 0 
 3.244 2.112 0.127475 0 0 3.27344 2.10256 -0.332158 0.0185942 -0.0367227 -0.523599 2.419 2.977 0 0 0 0 
 3.24 2.105 0.123078 0 0 3.27344 2.09756 -0.226276 0.0214177 -0.0321116 -0.523599 2.423 2.974 0 0 0 0 
 3.24 2.107 0.118665 0 0 3.27094 2.09856 -0.279806 0.0197301 -0.033712 -0.523599 2.418 2.974 0 0 0 0 
 3.248 2.106 0.11481 0 0 3.27594 2.09756 -0.311656 0.0177834 -0.0324857 -0.523599 2.42 2.973 0 0 0 0 
 3.245 2.112 0.111883 0 0 3.27594 2.10256 -0.314982 0.0197139 -0.0359283 -0.523599 2.423 2.977 0 0 0 0 
 3.256 2.11 0.108337 0 0 3.28394 2.10056 -0.351385 0.0177651 -0.0347863 -0.523599 2.428 2.975 0 0 0 0 
 3.261 2.106 0.10471 0 0 3.28544 2.10006 -0.248002 0.0157135 -0.0237739 -0.523599 2.426 2.978 0 0 0 0 
 3.261 2.107 0.101409 0 0 3.28344 2.09806 -0.420959 0.0142229 -0.0314097 -0.523599 2.422 2.973 0 0 0 0 
 3.26 2.105 0.0990672 0 0 3.28244 2.09756 -0.344317 0.0143319 -0.0270681 -0.523599 2.421 2.974 0 0 0 0 
 3.255 2.099 0.0953114 0 0 3.28194 2.09606 -0.109625 0.0175953 -0.0154017 -0.336792 2.425 2.977 0 0 0 0 
 3.26 2.096 0.0922994 0 0 3.28194 2.09456 -0.0658009 0.0143946 -0.00972452 -0.263924 2.42 2.977 0 0 0 0 
 3.26 2.098 0.0906343 0 0 3.28094 2.09656 -0.0689528 0.0137381 -0.00937373 -0.266437 2.418 2.979 0 0 0 0 
 3.26 2.098 0.0900867 0 0 3.28194 2.09956 0.0711343 0.014576 -0.00118692 -0.0325604 2.42 2.985 0 0 0 0 
 3.262 2.103 0.0886136 0 0 3.28344 2.09956 -0.161906 0.0139589 -0.0149829 -0.405545 2.421 2.98 0 0 0 0 
 3.255 2.107 0.0882186 0 0 3.27294 2.09756 -0.580891 0.0113185 -0.0309779 -0.523599 2.407 2.972 0 0 0 0 
 3.26 2.103 0.0858756 0 0 3.27494 2.09606 -0.50117 0.00948568 -0.0231536 -0.523599 2.406 2.973 0 0 0 0 
 3.266 2.106 0.0827803 0 0 3.28344 2.10606 0.00334251 0.0115237 -0.00390233 -0.134635 2.417 2.99 0 0 0 0 
 3.262 2.112 0.0806642 0 0 3.31394 2.13156 0.39541 0.0354048 0.0422397 0.445259 2.482 3.035 0 0 0 0 
 3.273 2.106 0.0807305 0 0 3.33394 2.14256 0.683974 0.0424129 0.0863902 0.523599 2.511 3.063 0 0 0 0 
 3.286 2.106 0.0817363 0 0 3.35144 2.14206 0.61448 0.0453672 0.0836144 0.523599 2.533 3.062 0 0 0 0 
 3.292 2.1 0.0821329 0 0 3.35694 2.15306 1.06532 0.0462367 0.12978 0.523599 2.538 3.09 0 0 0 0 
 3.295 2.098 0.0836555 0 0 3.36194 2.16556 1.58942 0.0487192 0.167975 0.523599 2.545 3.117 0 0 0 0 
 3.3 2.094 0.085735 0 0 3.38244 2.17306 1.42519 0.0599498 0.192979 0.523599 2.581 3.136 0 0 0 0 
 3.305 2.1 0.0951806 0 0 3.37494 2.17956 2.16158 0.0522116 0.196664 0.523599 2.561 3.143 0 0 0 0 
 3.308 2.102 0.111336 0 0 3.36644 2.17056 2.38053 0.0443088 0.168426 0.523599 2.541 3.123 0 0 0 0 
 3.31 2.102 0.13087 0 0 3.35794 2.16856 5.41899 0.0379832 0.164185 0.523599 2.522 3.119 0 0 0 0 
 3.317 2.102 0.145613 0 0 3.36394 2.16856 6.48888 0.0378904 0.162308 0.523599 2.527 3.119 0 0 0 0 
 3.326 2.098 0.161709 0 0 3.37694 2.17006 6.34684 0.0418119 0.172298 0.523599 2.544 3.126 0 0 0 0 
 3.334 2.103 0.17781 0 0 3.38344 2.17956 44.7563 0.0421234 0.182314 0.523599 2.549 3.14 0 0 0 0 
 3.344 2.112 0.194709 0 0 3.39344 2.19406 -11.2187 0.0436879 0.193852 0.523599 2.559 3.16 0 0 0 0 
 3.358 2.122 0.212812 0 0 3.40644 2.20856 -4.55623 0.0446139 0.203015 0.523599 2.571 3.179 0 0 0 0 
 3.368 2.138 0.232381 0 0 3.41144 2.20806 -23.8548 0.0393969 0.159696 0.523599 2.571 3.162 0 0 0 0 
 3.379 2.136 0.252112 0 0 3.41294 2.19556 -5.3756 0.0321247 0.136052 0.523599 2.563 3.139 0 0 0 0 
 3.395 2.136 0.267097 0 0 3.41544 2.19106 -0.480801 0.0231666 0.132994 0.523599 2.552 3.13 0 0 0 0 
 3.399 2.139 0.280166 0 0 3.41644 2.18806 -0.341297 0.0204686 0.118285 0.523599 2.55 3.121 0 0 0 0 
 3.413 2.13 0.293512 0 0 3.41994 2.18006 1.33546 0.0144388 0.128983 0.523599 2.543 3.114 0 0 0 0 
 3.419 2.126 0.305803 0 0 3.42394 2.17956 6.28297 0.0143188 0.139305 0.523599 2.545 3.117 0 0 0 0 
 3.427 2.123 0.319174 0 0 3.43544 2.17706 0.121123 0.0170438 0.136433 0.523599 2.56 3.115 0 0 0 0 
 3.431 2.124 0.333232 0 0 3.43844 2.17456 0.560214 0.0160463 0.127213 0.523599 2.562 3.109 0 0 0 0 
 3.436 2.122 0.346769 0 0 3.44244 2.17756 -1.02969 0.0170471 0.1403 0.523599 2.565 3.117 0 0 0 0 
 3.432 2.119 0.359468 0 0 3.44094 2.17356 -0.183715 0.0187412 0.134122 0.523599 2.566 3.112 0 0 0 0 
 3.442 2.115 0.373385 0 0 3.44244 2.17206 0.355926 0.0146473 0.148734 0.523599 2.559 3.113 0 0 0 0 
 3.445 2.112 0.386631 0 0 3.44044 2.17106 -0.411246 0.0126207 0.158686 0.523599 2.552 3.114 0 0 0 0 
 3.453 2.112 0.400721 0 0 3.44244 2.17256 0.609717 0.00995743 0.168788 0.523599 2.548 3.117 0 0 0 0 
 3.455 2.111 0.41588 0 0 3.43694 2.17356 -0.334353 0.00666828 0.182349 0.523599 2.535 3.12 0 0 0 0 
 3.46 2.112 0.431951 0 0 3.43394 2.16906 1.40418 0.000972104 0.178175 0.523599 2.524 3.11 0 0 0 0 
 3.46 2.108 0.449461 0 0 3.43794 2.16406 0.684453 0.0037278 0.17026 0.523599 2.532 3.104 0 0 0 0 
 3.466 2.111 0.467639 0 0 3.44794 2.16706 0.0373117 0.0067692 0.164471 0.523599 2.546 3.107 0 0 0 0 
 3.471 2.113 0.48472 0 0 3.45644 2.16856 -0.79994 0.00927066 0.157816 0.523599 2.558 3.108 0 0 0 0 
 3.471 2.112 0.501736 0 0 3.46094 2.17806 -0.292299 0.0160253 0.175918 0.523599 2.567 3.128 0 0 0 0 
 3.471 2.114 0.517859 0 0 3.46194 2.18106 -2.0651 0.0175967 0.17566 0.523599 2.569 3.132 0 0 0 0 
 3.464 2.112 0.535453 0 0 3.45644 2.18356 -0.0428676 0.0207703 0.182532 0.523599 2.565 3.139 0 0 0 0 
 3.462 2.11 0.5534 0 0 3.44944 2.19356 -0.388438 0.0232643 0.216178 0.523599 2.553 3.161 0 0 0 0 
 3.456 2.111 0.57181 0 0 3.44544 2.20456 0.631996 0.0291251 0.233483 0.523599 2.551 3.182 0 0 0 0 
 3.451 2.107 0.594779 0 0 3.44894 2.21756 -0.317653 0.0416646 0.253473 0.523599 2.563 3.212 0 0 0 0 
 3.448 2.11 0.618032 0 0 3.44144 2.24106 -2.14442 0.0492406 0.299816 0.523599 2.551 3.256 0 0 0 0 
 3.443 2.11 0.644062 0 0 3.43744 2.26106 1.94998 0.0602262 0.332598 0.523599 2.548 3.296 0 0 0 0 
 3.441 2.107 0.674546 0 0 3.43144 2.27306 10.5341 0.0674134 0.3606 0.523599 2.538 3.323 0 0 0 0 
 3.454 2.107 0.708692 0 0 3.43644 2.28456 -0.8216 0.0719467 0.386587 0.523599 2.535 3.346 0 0 0 0 
 3.458 2.108 0.745191 0 0 3.44494 2.30256 1.04753 0.0855432 0.396005 0.523599 2.548 3.381 0 0 0 0 
 3.464 2.114 0.784342 0 0 3.44544 2.32106 6.13288 0.0931266 0.413008 0.523599 2.543 3.412 0 0 0 0 
 3.47 2.117 0.823437 0 0 3.44894 2.33356 -1.15913 0.100835 0.417397 0.523599 2.544 3.434 0 0 0 0 
 3.477 2.119 0.864483 0 0 3.45194 2.34406 0.474907 0.107864 0.420767 0.523599 2.543 3.453 0 0 0 0 
 3.484 2.132 0.905242 0 0 3.45444 2.35856 -5.22272 0.111042 0.414512 0.523599 2.541 3.469 0 0 0 0 
 3.494 2.133 0.947151 0 0 3.45844 2.37156 -0.453507 0.119883 0.423336 0.523599 2.539 3.494 0 0 0 0 
 3.507 2.145 0.988337 0 0 3.45494 2.38706 -15.9468 0.120831 0.443714 0.523599 2.519 3.513 0 0 0 0 
 3.514 2.148 1.03085 0 0 3.45544 2.40556 -3.07872 0.13263 0.453125 0.523599 2.513 3.547 0 0 0 0 
 3.512 2.147 1.07585 0 0 3.45144 2.42756 -12.5478 0.150888 0.454206 0.523599 2.507 3.592 0 0 0 0 
 3.507 2.152 1.12172 0 0 3.44794 2.43906 6.69759 0.160096 0.429377 0.523599 2.505 3.61 0 0 0 0 
 3.51 2.144 1.16795 0 0 3.44694 2.44656 11.6419 0.173641 0.420662 0.523599 2.5 3.633 0 0 0 0 
 3.521 2.167 1.21267 0 0 3.43894 2.46406 -0.518706 0.171166 0.43191 0.523599 2.473 3.645 0 0 0 0 
 3.53 2.171 1.25647 0 0 3.44394 2.48056 -0.489839 0.183036 0.418748 0.523599 2.474 3.674 0 0 0 0 
 3.544 2.178 1.30095 0 0 3.46194 2.50556 -1.13877 0.199549 0.386245 0.523599 2.496 3.717 0 0 0 0 
 3.55 2.207 1.34345 0 0 3.50544 2.57606 2.18843 0.234343 0.284181 0.451631 2.577 3.829 0 0 0 0 
 3.552 2.233 1.38095 0 0 3.54644 2.63056 0.896074 0.259119 0.176378 0.265829 2.657 3.912 0 0 0 0 
 3.553 2.265 1.40762 0 0 3.51344 2.61906 0.513617 0.228858 0.218417 0.364676 2.59 3.857 0 0 0 0 
 3.557 2.289 1.42484 0 0 3.46694 2.59356 -0.244931 0.194139 0.312302 0.523599 2.493 3.782 0 0 0 0 
 3.564 2.318 1.44923 0 0 3.44944 2.59806 0.837023 0.178908 0.350839 0.523599 2.451 3.762 0 0 0 0 
 3.571 2.358 1.48282 0 0 3.43644 2.61456 2.8645 0.165949 0.376689 0.523599 2.418 3.755 0 0 0 0 
 3.573 2.382 1.5203 0 0 3.42844 2.62456 9.29855 0.16015 0.379027 0.523599 2.4 3.751 0 0 0 0 
 3.58 2.406 1.55948 0 0 3.42744 2.63356 -12.603 0.154038 0.377821 0.523599 2.391 3.745 0 0 0 0 
 3.585 2.428 1.59813 0 0 3.43144 2.64156 -5.49341 0.148256 0.362051 0.523599 2.394 3.739 0 0 0 0 
 3.594 2.447 1.63655 0 0 3.44794 2.63756 -3.66851 0.135672 0.331294 0.523599 2.418 3.712 0 0 0 0 
 3.6 2.471 1.67379 0 0 3.45294 2.65256 -2.86154 0.132741 0.318447 0.523599 2.422 3.718 0 0 0 0 
 3.615 2.486 1.7077 0 0 3.46844 2.66506 -2.74768 0.13353 0.301253 0.523599 2.438 3.728 0 0 0 0 
 3.627 2.512 1.74026 0 0 3.48044 2.69406 -2.93315 0.137712 0.282759 0.523599 2.45 3.76 0 0 0 0 
 3.634 2.538 1.77075 0 0 3.48694 2.70756 -2.2526 0.13177 0.276277 0.523599 2.456 3.761 0 0 0 0 
 3.629 2.557 1.79886 0 0 3.49244 2.71656 -2.34968 0.125237 0.244345 0.523599 2.472 3.76 0 0 0 0 
 3.634 2.549 1.82681 0 0 3.49544 2.71706 -2.67383 0.132567 0.228952 0.523599 2.473 3.769 0 0 0 0 
 3.635 2.546 1.85136 0 0 3.47894 2.70156 -1.54649 0.12984 0.267948 0.523599 2.439 3.741 0 0 0 0 
 3.626 2.541 1.87552 0 0 3.46044 2.68356 -1.16409 0.125536 0.289769 0.523599 2.411 3.71 0 0 0 0 
 3.613 2.567 1.90421 0 0 3.44794 2.69306 -0.957558 0.117233 0.291071 0.523599 2.399 3.703 0 0 0 0 
 3.605 2.591 1.93473 0 0 3.44744 2.70756 -0.912683 0.111486 0.270059 0.523599 2.406 3.708 0 0 0 0 
 3.615 2.599 1.96469 0 0 3.46094 2.72356 -1.04734 0.117104 0.240065 0.523599 2.423 3.732 0 0 0 0 
 3.615 2.619 1.99442 0 0 3.50144 2.77306 -4.59801 0.124319 0.101668 0.31615 2.504 3.811 0 0 0 0 
 3.604 2.635 2.01763 0 0 3.47444 2.76606 -1.5978 0.116122 0.153457 0.486268 2.461 3.781 0 0 0 0 
 3.603 2.637 2.0265 0 0 3.44794 2.73506 -0.732791 0.105349 0.247039 0.523599 2.409 3.717 0 0 0 0 
 3.591 2.662 2.04327 0 0 3.45094 2.75806 -0.818375 0.100194 0.209534 0.523599 2.427 3.738 0 0 0 0 
 3.577 2.674 2.06796 0 0 3.43844 2.75656 -0.678044 0.0932035 0.214639 0.523599 2.416 3.723 0 0 0 0 
 3.575 2.675 2.08925 0 0 3.43394 2.75156 -0.603163 0.0917844 0.220579 0.523599 2.409 3.712 0 0 0 0 
 3.57 2.684 2.1108 0 0 3.42794 2.75356 -0.532934 0.0893854 0.224991 0.523599 2.402 3.707 0 0 0 0 
 3.564 2.69 2.13291 0 0 3.41844 2.75456 -0.47509 0.0891485 0.231986 0.523599 2.389 3.703 0 0 0 0 
 3.572 2.687 2.15579 0 0 3.41994 2.75556 -0.484126 0.0950577 0.231068 0.523599 2.384 3.708 0 0 0 0 
 3.573 2.69 2.17937 0 0 3.42194 2.75356 -0.447476 0.0932808 0.228072 0.523599 2.387 3.701 0 0 0 0 
 3.573 2.698 2.20264 0 0 3.41844 2.75356 -0.375793 0.0918496 0.239541 0.523599 2.38 3.693 0 0 0 0 
 3.572 2.705 2.22567 0 0 3.41694 2.74906 -0.292043 0.0875464 0.251574 0.523599 2.378 3.677 0 0 0 0 
 3.569 2.721 2.25015 0 0 3.41944 2.75356 -0.221202 0.0808617 0.252561 0.523599 2.386 3.67 0 0 0 0 
 3.555 2.74 2.27467 0 0 3.41144 2.76356 -0.165592 0.0752208 0.249459 0.523599 2.384 3.671 0 0 0 0 
 3.544 2.755 2.29955 0 0 3.40844 2.77656 -0.160387 0.0719724 0.230637 0.523599 2.389 3.682 0 0 0 0 
 3.526 2.772 2.32364 0 0 3.40094 2.78556 -0.108842 0.0645601 0.21955 0.523599 2.392 3.683 0 0 0 0 
 3.518 2.782 2.34622 0 0 3.39244 2.78906 -0.0562744 0.0630183 0.227158 0.523599 2.383 3.68 0 0 0 0 
 3.507 2.792 2.36871 0 0 3.38394 2.80106 -0.0737427 0.0638317 0.212888 0.523599 2.377 3.694 0 0 0 0 
 3.504 2.795 2.39145 0 0 3.38544 2.80156 -0.0553726 0.0615986 0.204233 0.523599 2.383 3.692 0 0 0 0 
 3.496 2.801 2.41256 0 0 3.37144 2.79756 0.0276391 0.0615047 0.229666 0.523599 2.363 3.678 0 0 0 0 
 3.497 2.799 2.4327 0 0 3.37244 2.79556 0.0276382 0.0625709 0.224523 0.523599 2.364 3.676 0 0 0 0 
 3.501 2.803 2.4554 0 0 3.37444 2.80006 0.0232482 0.0650065 0.220712 0.523599 2.364 3.681 0 0 0 0 
 3.502 2.821 2.4777 0 0 3.37544 2.81106 0.0787172 0.0634638 0.229968 0.523599 2.365 3.685 0 0 0 0 
 3.496 2.826 2.49942 0 0 3.38094 2.82156 0.0386234 0.0603485 0.194945 0.523599 2.382 3.701 0 0 0 0 
 3.498 2.834 2.52252 0 0 3.39244 2.83356 0.00418524 0.0575648 0.166274 0.523599 2.403 3.717 0 0 0 0 
 3.491 2.842 2.54127 0 0 3.39494 2.83856 0.0358445 0.0518979 0.154965 0.523599 2.415 3.719 0 0 0 0 
 3.488 2.856 2.55806 0 0 3.38694 2.83756 0.184539 0.0501748 0.193035 0.523599 2.402 3.703 0 0 0 0 
 3.497 2.85 2.57421 0 0 3.39144 2.83056 0.186291 0.0531448 0.19804 0.523599 2.402 3.695 0 0 0 0 
 3.498 2.852 2.59422 0 0 3.39694 2.81756 0.354649 0.0466661 0.223308 0.523599 2.412 3.667 0 0 0 0 
 3.493 2.854 2.61466 0 0 3.39744 2.83956 0.152291 0.0506643 0.164445 0.523599 2.418 3.709 0 0 0 0 
 3.502 2.853 2.63691 0 0 3.39294 2.81806 0.331827 0.0534605 0.225433 0.523599 2.4 3.667 0 0 0 0 
 3.496 2.861 2.65412 0 0 3.37494 2.81556 0.394055 0.0586491 0.260518 0.523599 2.37 3.654 0 0 0 0 
 3.492 2.869 2.67874 0 0 3.35744 2.83306 0.273648 0.0708386 0.245348 0.523599 2.339 3.681 0 0 0 0 
 3.492 2.871 2.70526 0 0 3.35544 2.83406 0.277318 0.0733149 0.242006 0.523599 2.335 3.681 0 0 0 0 
 3.496 2.869 2.72984 0 0 3.36094 2.82506 0.337342 0.0721268 0.250537 0.523599 2.342 3.665 0 0 0 0 
 3.486 2.864 2.75393 0 0 3.36294 2.82656 0.31401 0.0674297 0.216804 0.523599 2.356 3.673 0 0 0 0 
 3.492 2.862 2.77944 0 0 3.37544 2.83156 0.267277 0.0660563 0.186677 0.523599 2.375 3.685 0 0 0 0 
 3.484 2.876 2.80173 0 0 3.37744 2.83956 0.355976 0.0595051 0.188155 0.523599 2.387 3.687 0 0 0 0 
 3.47 2.885 2.82001 0 0 3.37394 2.84556 0.435347 0.0530586 0.183638 0.523599 2.394 3.69 0 0 0 0 
 3.461 2.881 2.83913 0 0 3.38144 2.84506 0.485235 0.043919 0.158587 0.523599 2.418 3.693 0 0 0 0 
 3.455 2.88 2.85718 0 0 3.37894 2.85356 0.36237 0.0439071 0.127793 0.523599 2.419 3.711 0 0 0 0 
 3.452 2.888 2.87284 0 0 3.36044 2.86506 0.255949 0.054897 0.125698 0.523599 2.385 3.726 0 0 0 0 
 3.442 2.892 2.88544 0 0 3.34644 2.87156 0.217244 0.0582192 0.11872 0.523599 2.367 3.735 0 0 0 0 
 3.439 2.896 2.89891 0 0 3.33244 2.87756 0.174816 0.0659911 0.116567 0.523599 2.342 3.743 0 0 0 0 
 3.446 2.894 2.91095 0 0 3.34144 2.87556 0.17823 0.0650154 0.112252 0.523599 2.353 3.741 0 0 0 0 
 3.439 2.898 2.92308 0 0 3.34494 2.86756 0.335443 0.0569836 0.135371 0.523599 2.367 3.721 0 0 0 0 
 3.434 2.894 2.93531 0 0 3.34544 2.87956 0.164537 0.0556961 0.0873495 0.523599 2.373 3.749 0 0 0 0 
 3.431 2.886 2.94903 0 0 3.33944 2.87806 0.0869577 0.0586796 0.0683365 0.435938 2.364 3.754 0 0 0 0 
 3.429 2.887 2.957 0 0 3.34194 2.87106 0.18519 0.0549792 0.0857205 0.523599 2.371 3.739 0 0 0 0 
 3.423 2.886 2.96405 0 0 3.34844 2.86806 0.245395 0.0467287 0.0841426 0.523599 2.39 3.734 0 0 0 0 
 3.417 2.883 2.9728 0 0 3.34744 2.87256 0.151252 0.0443798 0.0601335 0.496673 2.394 3.746 0 0 0 0 
 3.422 2.875 2.98125 0 0 3.34194 2.87656 -0.0194672 0.0525683 0.0305308 0.228264 2.378 3.762 0 0 0 0 
 3.412 2.873 2.98667 0 0 3.33044 2.88156 -0.105321 0.054284 0.0111952 0.082307 2.365 3.774 0 0 0 0 
 3.41 2.869 2.9891 0 0 3.32094 2.87506 -0.0681318 0.0589597 0.0203525 0.13721 2.348 3.765 0 0 0 0 
 3.404 2.879 2.99039 0 0 3.33844 2.91356 -0.58208 0.0465222 -0.0663189 -0.51823 2.389 3.832 0 0 0 0 
 3.402 2.888 2.99166 0 0 3.30994 2.92656 -0.44519 0.0642624 -0.0654478 -0.386851 2.334 3.849 0 0 0 0 
 3.394 2.888 2.99011 0 0 3.30294 2.96106 -1.03444 0.0676427 -0.156339 -0.523599 2.328 3.918 0 0 0 0 
 3.383 2.889 2.98978 0 0 3.26094 2.96706 -0.743793 0.0884581 -0.153799 -0.523599 2.255 3.929 0 0 0 0 
 3.373 2.889 2.98739 0 0 3.22744 2.98006 -0.722366 0.10547 -0.174143 -0.523599 2.198 3.955 0 0 0 0 
 3.368 2.888 2.98148 0 0 3.19244 3.00456 -0.78242 0.1286 -0.218865 -0.523599 2.133 4.005 0 0 0 0 
 3.351 2.887 2.9683 0 0 3.19344 3.07006 -2.30741 0.12815 -0.382984 -0.523599 2.152 4.137 0 0 0 0 
 3.339 2.883 2.9449 0 0 3.14394 3.09056 -1.80164 0.158616 -0.400629 -0.523599 2.065 4.182 0 0 0 0 
 3.333 2.867 2.90569 0 0 3.10544 3.09106 -1.50595 0.186121 -0.387651 -0.523599 1.994 4.199 0 0 0 0 
 3.331 2.866 2.86389 0 0 3.06994 3.11056 -1.36006 0.215405 -0.373599 -0.523599 1.925 4.239 0 0 0 0 
 3.357 2.829 2.82449 0 0 3.04444 3.12256 -1.36697 0.262848 -0.393364 -0.523599 1.848 4.3 0 0 0 0 
 3.363 2.806 2.78719 0 0 3.01444 3.14356 -1.45433 0.300274 -0.40692 -0.49673 1.782 4.365 0 0 0 0 
 3.468 2.67 2.74804 0 0 3.04994 3.09806 -1.64253 0.372659 -0.45088 -0.450733 1.748 4.41 0 0 0 0 
 3.538 2.579 2.70807 0 0 3.05294 3.08106 -1.68445 0.440041 -0.449351 -0.387781 1.684 4.467 0 0 0 0 
 3.513 2.578 2.66429 0 0 3.01394 3.11056 -1.81463 0.463735 -0.424642 -0.351103 1.631 4.527 0 0 0 0 
 3.485 2.592 2.62353 0 0 3.00594 3.14906 -2.3136 0.466629 -0.428395 -0.351938 1.643 4.59 0 0 0 0 
 3.335 2.733 2.5793 0 0 2.93344 3.27606 -4.50532 0.425266 -0.444872 -0.396302 1.648 4.703 0 0 0 0 
 3.211 2.838 2.53134 0 0 2.96194 3.42906 0.966608 0.376323 -0.644372 -0.523599 1.829 4.904 0 0 0 0 
 3.124 2.914 2.48178 0 0 2.89094 3.48956 0.79552 0.36982 -0.594742 -0.523599 1.774 4.949 0 0 0 0 
 3.06 2.953 2.41758 0 0 2.84944 3.51806 0.492926 0.364281 -0.546378 -0.523599 1.755 4.967 0 0 0 0 
 2.999 2.992 2.3551 0 0 2.81444 3.55656 0.0828106 0.361725 -0.518484 -0.520591 1.746 5.005 0 0 0 0 
 2.958 3.027 2.29641 0 0 2.79494 3.58006 -0.255547 0.354748 -0.478571 -0.494838 1.748 5.017 0 0 0 0 
 2.904 3.051 2.24144 0 0 2.78044 3.61306 -6.06326 0.352115 -0.494176 -0.511538 1.773 5.059 0 0 0 0 
 2.862 3.081 2.18752 0 0 2.77694 3.66256 -0.618607 0.357452 -0.518649 -0.523599 1.808 5.128 0 0 0 0 
 2.823 3.11 2.13533 0 0 2.79494 3.72806 -0.0365831 0.36955 -0.585898 -0.523599 1.883 5.23 0 0 0 0 
 2.792 3.138 2.07975 0 0 2.79144 3.77106 0.212193 0.380043 -0.581357 -0.523599 1.907 5.288 0 0 0 0 
 2.764 3.171 2.01766 0 0 2.78244 3.80056 -0.446537 0.382831 -0.544677 -0.517392 1.917 5.314 0 0 0 0 
 2.736 3.195 1.95601 0 0 2.78494 3.82856 0.398001 0.38829 -0.532027 -0.501361 1.95 5.346 0 0 0 0 
 2.718 3.212 1.89687 0 0 2.81044 3.87456 1.21985 0.408766 -0.549799 -0.493589 2.019 5.421 0 0 0 0 
 2.688 3.239 1.8397 0 0 2.83944 3.92206 4.88242 0.424291 -0.588907 -0.50682 2.107 5.489 0 0 0 0 
 2.664 3.254 1.77897 0 0 2.83894 3.93506 0.934334 0.430785 -0.558279 -0.478246 2.13 5.5 0 0 0 0 
 2.656 3.287 1.71579 0 0 2.85844 3.95756 0.172437 0.43228 -0.532036 -0.457474 2.177 5.512 0 0 0 0 
 2.652 3.316 1.65496 0 0 2.88444 3.98456 -0.271761 0.439674 -0.511831 -0.435789 2.233 5.537 0 0 0 0 
 2.632 3.343 1.59692 0 0 2.90994 4.00606 -0.942849 0.446073 -0.521001 -0.437056 2.304 5.553 0 0 0 0 
 2.633 3.386 1.54252 0 0 2.95744 4.03406 -2.19981 0.447827 -0.538477 -0.448307 2.398 5.566 0 0 0 0 
 2.618 3.429 1.48542 0 0 2.99044 4.05756 -8.51734 0.449436 -0.55703 -0.460249 2.479 5.57 0 0 0 0 
 2.594 3.473 1.42784 0 0 3.02744 4.06206 4.65128 0.443132 -0.607297 -0.50145 2.577 5.535 0 0 0 0 
 2.584 3.507 1.36704 0 0 3.07044 4.06756 2.24874 0.44642 -0.63505 -0.517325 2.673 5.512 0 0 0 0 
 2.577 3.555 1.29908 0 0 3.12344 4.07806 1.4199 0.45062 -0.670324 -0.523599 2.786 5.485 0 0 0 0 
 2.576 3.587 1.2303 0 0 3.20944 4.06456 0.938927 0.463047 -0.744482 -0.523599 2.959 5.426 0 0 0 0 
 2.577 3.626 1.15607 0 0 3.21494 4.11206 0.954105 0.484219 -0.651129 -0.49349 2.969 5.482 0 0 0 0 
 2.583 3.682 1.07694 0 0 3.22244 4.17256 0.964186 0.500843 -0.549353 -0.413453 2.978 5.547 0 0 0 0 
 2.598 3.718 1.00545 0 0 3.18594 4.28906 1.46323 0.532786 -0.310289 -0.228874 2.89 5.744 0 0 0 0 
 2.623 3.758 0.947237 0 0 3.22544 4.33806 1.43704 0.547972 -0.241591 -0.174558 2.944 5.802 0 0 0 0 
 2.647 3.802 0.916284 0 0 3.25794 4.37656 1.37052 0.550793 -0.216304 -0.155812 2.985 5.835 0 0 0 0 
 2.677 3.866 0.893008 0 0 3.32994 4.40306 1.07714 0.55218 -0.274645 -0.196389 3.099 5.824 0 0 0 0 
 2.711 3.906 0.869748 0 0 3.43794 4.40856 0.827579 0.571585 -0.361242 -0.247612 3.281 5.795 0 0 0 0 
 2.73 3.962 0.839952 0 0 3.50744 4.43506 0.69666 0.585403 -0.404291 -0.269526 3.401 5.792 0 0 0 0 
 2.752 3.995 0.801369 0 0 3.58994 4.44606 0.597112 0.610462 -0.43097 -0.275223 3.544 5.781 0 0 0 0 
 2.814 4.04 0.757875 0 0 3.68794 4.46256 0.525078 0.622794 -0.43408 -0.271891 3.678 5.769 0 0 0 0 
 2.855 4.077 0.713859 0 0 3.77944 4.47456 0.458684 0.64571 -0.439996 -0.266102 3.82 5.756 0 0 0 0 
 2.929 4.14 0.667223 0 0 3.98994 4.40156 0.251653 0.680685 -0.620823 -0.349818 4.167 5.547 0 0 0 0 
 2.996 4.186 0.620999 0 0 4.14294 4.37556 0.166794 0.717455 -0.677826 -0.361316 4.406 5.449 0 0 0 0 
 3.042 4.219 0.557604 0 0 4.26544 4.35606 0.112498 0.762888 -0.672187 -0.33885 4.605 5.377 0 0 0 0 
 3.093 4.255 0.48718 0 0 4.36294 4.35406 0.0781607 0.798216 -0.623915 -0.303026 4.749 5.337 0 0 0 0 
 3.163 4.29 0.417457 0 0 4.44744 4.35856 0.0534266 0.815783 -0.558066 -0.267096 4.848 5.311 0 0 0 0 
 3.225 4.331 0.35111 0 0 4.54144 4.35906 0.021317 0.841953 -0.509357 -0.237424 4.974 5.271 0 0 0 0 
 3.225 4.338 0.287509 0 0 4.62044 4.30856 -0.0211015 0.896713 -0.483453 -0.212403 5.132 5.163 0 0 0 0 
 3.296 4.419 0.229506 0 0 4.71744 4.31456 -0.0736085 0.916809 -0.476664 -0.205044 5.255 5.094 0 0 0 0 
 3.374 4.485 0.175239 0 0 4.80394 4.31256 -0.121182 0.927897 -0.465891 -0.198201 5.35 5.024 0 0 0 0 
 3.434 4.534 0.121416 0 0 4.87694 4.28456 -0.174613 0.943915 -0.463275 -0.193855 5.436 4.919 0 0 0 0 
 3.512 4.6 0.0682506 0 0 4.96594 4.22556 -0.263384 0.962444 -0.508733 -0.208365 5.536 4.735 0 0 0 0 
 3.593 4.611 0.0160995 0 0 5.03594 4.17256 -0.313563 0.968613 -0.494768 -0.201546 5.595 4.618 0 0 0 0 
 3.697 4.612 -0.0396949 0 0 5.10594 4.08556 -0.392061 0.964671 -0.505126 -0.206466 5.631 4.443 0 0 0 0 
 3.801 4.621 -0.0964672 0 0 5.15644 4.02306 -0.472176 0.949905 -0.505428 -0.209704 5.628 4.309 0 0 0 0 
 3.885 4.621 -0.155458 0 0 5.19994 3.95056 -0.55918 0.946971 -0.500497 -0.208342 5.631 4.164 0 0 0 0 
 3.992 4.605 -0.215585 0 0 5.23194 3.82556 -0.72699 0.933529 -0.545475 -0.229604 5.588 3.93 0 0 0 0 
 4.074 4.597 -0.277473 0 0 5.28444 3.74006 -0.855984 0.946882 -0.535896 -0.222631 5.611 3.767 0 0 0 0 
 4.147 4.597 -0.341932 0 0 5.32644 3.66756 -1.00529 0.961551 -0.516782 -0.211756 5.622 3.622 0 0 0 0 
 4.265 4.593 -0.403962 0 0 5.39644 3.60856 -1.18551 0.963059 -0.495802 -0.203089 5.644 3.508 0 0 0 0 
 4.35 4.575 -0.463495 0 0 5.44094 3.50106 -1.50529 0.982676 -0.50074 -0.201073 5.648 3.311 0 0 0 0 
 4.433 4.554 -0.516674 0 0 5.47894 3.40856 -1.94131 0.995725 -0.501967 -0.198981 5.641 3.147 0 0 0 0 
 4.505 4.509 -0.570422 0 0 5.50294 3.30656 -2.61012 1.00443 -0.492475 -0.193663 5.617 2.988 0 0 0 0 
 4.578 4.471 -0.627067 0 0 5.51744 3.21656 -4.16766 1.00876 -0.482167 -0.188913 5.573 2.846 0 0 0 0 
 4.651 4.44 -0.683706 0 0 5.51594 3.11506 -25.6486 1.01688 -0.495225 -0.192392 5.497 2.674 0 0 0 0 
 4.762 4.403 -0.739273 0 0 5.54344 3.02356 5.07757 1.01735 -0.506978 -0.196753 5.441 2.528 0 0 0 0 
 4.808 4.37 -0.795897 0 0 5.53694 2.94206 2.44577 1.03159 -0.487079 -0.186666 5.382 2.398 0 0 0 0 
 4.881 4.335 -0.853277 0 0 5.54744 2.87606 1.40562 1.03483 -0.465185 -0.17791 5.33 2.301 0 0 0 0 
 4.927 4.303 -0.907769 0 0 5.53594 2.80856 0.821026 1.04365 -0.445136 -0.168981 5.261 2.198 0 0 0 0 
 5.002 4.24 -0.960482 0 0 5.51544 2.73006 0.203511 1.0302 -0.454491 -0.17467 5.145 2.104 0 0 0 0 
 5.089 4.142 -1.01127 0 0 5.51794 2.62556 -0.415406 1.01771 -0.455692 -0.177226 5.063 1.993 0 0 0 0 
 5.146 4.041 -1.06249 0 0 5.49194 2.53556 -2.65134 0.99774 -0.451868 -0.179213 4.954 1.914 0 0 0 0 
 5.184 3.968 -1.11383 0 0 5.46844 2.47606 1.69594 0.983452 -0.428729 -0.172642 4.869 1.868 0 0 0 0 
 5.234 3.884 -1.16383 0 0 5.44194 2.39556 -1.19693 0.973196 -0.427237 -0.173829 4.766 1.791 0 0 0 0 
 5.285 3.795 -1.21218 0 0 5.39844 2.30856 -0.595035 0.962835 -0.448989 -0.184409 4.628 1.706 0 0 0 0 
 5.337 3.743 -1.26167 0 0 5.36794 2.25856 -1.14175 0.957901 -0.457779 -0.18888 4.515 1.658 0 0 0 0 
 5.386 3.644 -1.31192 0 0 5.33294 2.17906 -0.783067 0.944468 -0.46724 -0.195361 4.396 1.598 0 0 0 0 
 5.415 3.555 -1.36295 0 0 5.29044 2.11256 -1.51016 0.932978 -0.464403 -0.196535 4.282 1.554 0 0 0 0 
 5.419 3.49 -1.41268 0 0 5.22444 2.07156 1.58301 0.922502 -0.464058 -0.198566 4.146 1.537 0 0 0 0 
 5.436 3.385 -1.46357 0 0 5.16544 2.01056 -2.59642 0.901258 -0.473011 -0.206929 4.011 1.52 0 0 0 0 
 5.453 3.302 -1.51422 0 0 5.10144 1.98856 0.67604 0.871726 -0.495246 -0.223453 3.866 1.559 0 0 0 0 
 5.472 3.178 -1.56714 0 0 5.02894 1.94906 -0.385361 0.831499 -0.538391 -0.253429 3.702 1.604 0 0 0 0 
 5.484 3.097 -1.62376 0 0 4.95494 1.93356 -1.37648 0.808592 -0.571666 -0.275599 3.542 1.654 0 0 0 0 
 5.497 3.024 -1.68548 0 0 4.90394 1.90506 -3.05919 0.801384 -0.568684 -0.276576 3.427 1.67 0 0 0 0 
 5.502 2.951 -1.75106 0 0 4.85644 1.88556 -12.5326 0.789882 -0.55416 -0.273592 3.327 1.704 0 0 0 0 
 5.541 2.847 -1.81604 0 0 4.78794 1.88306 3.34179 0.764416 -0.630135 -0.318508 3.151 1.803 0 0 0 0 
 5.644 2.872 -1.87984 0 0 4.76644 1.92656 1.85937 0.801365 -0.66986 -0.322674 3.005 1.865 0 0 0 0 
 5.575 2.736 -1.95046 0 0 4.68094 1.88106 1.41701 0.770811 -0.646833 -0.323846 2.903 1.91 0 0 0 0 
 5.553 2.666 -2.022 0 0 4.61294 1.86706 1.13807 0.771631 -0.627466 -0.314474 2.789 1.952 0 0 0 0 
 5.473 2.547 -2.09689 0 0 4.51794 1.83156 0.929931 0.749023 -0.60245 -0.311268 2.679 2 0 0 0 0 
 5.414 2.46 -2.16936 0 0 4.43944 1.81256 0.783089 0.737499 -0.576018 -0.302809 2.581 2.049 0 0 0 0 
 5.368 2.41 -2.2418 0 0 4.36894 1.81256 0.681212 0.738462 -0.53877 -0.283948 2.486 2.099 0 0 0 0 
 5.314 2.332 -2.3074 0 0 4.29344 1.80706 0.565106 0.728295 -0.534065 -0.28532 2.389 2.166 0 0 0 0 
 5.285 2.287 -2.3684 0 0 4.21244 1.84656 0.435399 0.731251 -0.571198 -0.302839 2.256 2.29 0 0 0 0 
 5.233 2.205 -2.4317 0 0 4.08044 1.90806 0.263493 0.734585 -0.683035 -0.356076 2.044 2.495 0 0 0 0 
 5.169 2.158 -2.49954 0 0 3.93944 1.97706 0.148231 0.757534 -0.746063 -0.375274 1.826 2.68 0 0 0 0 
 5.112 2.094 -2.57809 0 0 3.89294 1.97306 0.0995359 0.754607 -0.698241 -0.354487 1.79 2.736 0 0 0 0 
 5.075 2.028 -2.65278 0 0 3.86844 1.94306 0.0705166 0.755673 -0.62912 -0.321461 1.778 2.742 0 0 0 0 
 5.013 1.97 -2.74284 0 0 3.83794 1.93556 0.029319 0.744189 -0.552859 -0.28885 1.779 2.785 0 0 0 0 
 4.955 1.945 -2.81555 0 0 3.80094 1.95056 -0.00481626 0.737308 -0.493637 -0.261665 1.763 2.84 0 0 0 0 
 4.89 1.923 -2.88213 0 0 3.76294 1.98756 -0.0573431 0.723414 -0.469798 -0.25415 1.752 2.936 0 0 0 0 
 4.796 1.874 -2.93881 0 0 3.70244 2.02956 -0.143217 0.703349 -0.506319 -0.280363 1.725 3.069 0 0 0 0 
 4.752 1.857 -2.99312 0 0 3.67544 2.05706 -0.188 0.699146 -0.487856 -0.272188 1.715 3.141 0 0 0 0 
 4.691 1.843 -3.04967 0 0 3.63644 2.09406 -0.242672 0.693142 -0.476866 -0.268543 1.698 3.229 0 0 0 0 
 4.622 1.825 -3.1054 0 0 3.59544 2.13106 -0.3073 0.684853 -0.475493 -0.270893 1.685 3.321 0 0 0 0 
 4.567 1.817 3.1262 0 0 3.56994 2.18456 -0.386303 0.677503 -0.491188 -0.282257 1.689 3.436 0 0 0 0 
 4.495 1.805 3.06793 0 0 3.53244 2.23156 -0.474635 0.670309 -0.497785 -0.288747 1.686 3.542 0 0 0 0 
 4.415 1.783 3.01234 0 0 3.49644 2.28056 -0.601706 0.661172 -0.530043 -0.310309 1.694 3.662 0 0 0 0 
 4.359 1.776 2.95472 0 0 3.47194 2.31106 -0.688819 0.657486 -0.512633 -0.302315 1.701 3.73 0 0 0 0 
 4.256 1.771 2.89447 0 0 3.43144 2.36306 -0.87359 0.640914 -0.536692 -0.323208 1.723 3.839 0 0 0 0 
 4.164 1.772 2.83558 0 0 3.40494 2.40606 -1.10519 0.621914 -0.551574 -0.340908 1.762 3.924 0 0 0 0 
 4.09 1.795 2.77501 0 0 3.38294 2.46056 -1.373 0.610711 -0.546146 -0.343528 1.792 4.01 0 0 0 0 
 4.004 1.811 2.71268 0 0 3.34744 2.51906 -1.86421 0.606325 -0.552715 -0.349651 1.807 4.111 0 0 0 0 
 3.938 1.833 2.65737 0 0 3.34044 2.56856 -2.82825 0.593247 -0.56261 -0.362573 1.859 4.188 0 0 0 0 
 3.87 1.855 2.59645 0 0 3.31794 2.60356 -4.58245 0.584486 -0.539591 -0.353743 1.882 4.236 0 0 0 0 
 3.822 1.869 2.53225 0 0 3.31094 2.63656 -14.4916 0.581996 -0.516024 -0.340819 1.916 4.288 0 0 0 0 
 3.805 1.844 2.47045 0 0 3.31994 2.63856 14.8428 0.591009 -0.487432 -0.318656 1.951 4.317 0 0 0 0 
 3.857 1.751 2.41289 0 0 3.36494 2.59106 7.28386 0.62398 -0.441096 -0.275569 1.989 4.315 0 0 0 0 
 3.782 1.828 2.36086 0 0 3.34194 2.62956 3.90515 0.588862 -0.39778 -0.2639 2.018 4.315 0 0 0 0 
 3.815 1.8 2.31355 0 0 3.38144 2.62406 2.92055 0.603091 -0.359921 -0.234332 2.064 4.332 0 0 0 0 
 3.811 1.795 2.26763 0 0 3.39594 2.63056 2.11144 0.606626 -0.328934 -0.213586 2.097 4.35 0 0 0 0 
 3.694 1.922 2.22939 0 0 3.33644 2.70806 1.37844 0.561722 -0.313401 -0.219574 2.095 4.378 0 0 0 0 
 3.609 2.026 2.19316 0 0 3.28044 2.77406 1.1729 0.533278 -0.275624 -0.203867 2.068 4.406 0 0 0 0 
 3.542 2.114 2.15733 0 0 3.27844 2.78906 0.655552 0.472412 -0.267741 -0.222933 2.131 4.348 0 0 0 0 
 3.507 2.174 2.12671 0 0 3.26044 2.82656 0.539727 0.456023 -0.238725 -0.206415 2.13 4.363 0 0 0 0 
 3.437 2.265 2.0995 0 0 3.25344 2.85106 -0.0512173 0.399405 -0.257616 -0.252494 2.186 4.321 0 0 0 0 
 3.394 2.315 2.07494 0 0 3.23294 2.90206 -0.550742 0.395121 -0.268988 -0.265863 2.188 4.373 0 0 0 0 
 3.352 2.353 2.04788 0 0 3.26694 2.96256 -1.21753 0.390701 -0.385684 -0.37607 2.298 4.456 0 0 0 0 
 3.32 2.389 2.01904 0 0 3.26844 2.98456 1.61071 0.376982 -0.40506 -0.405923 2.333 4.464 0 0 0 0 
 3.3 2.427 1.97859 0 0 3.25644 2.99806 -0.604687 0.363978 -0.36268 -0.379276 2.329 4.453 0 0 0 0 
 3.283 2.474 1.93671 0 0 3.22544 2.99706 0.35073 0.340041 -0.26719 -0.304527 2.284 4.404 0 0 0 0 
 3.27 2.515 1.89792 0 0 3.20044 3.00706 -1.01098 0.324938 -0.188169 -0.227622 2.247 4.383 0 0 0 0 
 3.303 2.507 1.87388 0 0 3.19144 2.98456 -2.17134 0.324343 -0.0737341 -0.0906841 2.196 4.346 0 0 0 0 
 3.309 2.522 1.85441 0 0 3.17344 2.96806 -0.150046 0.308959 0.0110771 0.0143402 2.154 4.298 0 0 0 0 
 3.282 2.575 1.84868 0 0 3.14794 2.98956 0.0492573 0.288618 0.0323025 0.0447386 2.13 4.288 0 0 0 0 
 3.289 2.564 1.84832 0 0 3.14344 2.97756 0.309779 0.290142 0.0566313 0.0779159 2.114 4.275 0 0 0 0 
 3.27 2.607 1.84855 0 0 3.12844 2.99806 0.398333 0.2751 0.0623613 0.0904269 2.103 4.273 0 0 0 0 
 3.365 2.532 1.84829 0 0 3.17744 2.95906 1.17255 0.306888 0.132019 0.170405 2.106 4.27 0 0 0 0 
 3.309 2.603 1.84934 0 0 3.15094 2.99156 0.814084 0.276724 0.0971541 0.139522 2.109 4.264 0 0 0 0 
 3.252 2.679 1.85235 0 0 3.12144 3.03206 0.467573 0.248942 0.0606298 0.0971135 2.107 4.269 0 0 0 0 
 3.212 2.737 1.85508 0 0 3.10044 3.06006 0.250787 0.226296 0.0374609 0.0661192 2.105 4.267 0 0 0 0 
 3.184 2.779 1.85708 0 0 3.08594 3.07756 0.0971914 0.208185 0.0226246 0.043443 2.104 4.26 0 0 0 0 
 3.157 2.815 1.85944 0 0 3.07094 3.09356 -0.095554 0.193214 0.00755033 0.0156298 2.101 4.256 0 0 0 0 
 3.153 2.839 1.861 0 0 3.06944 3.11006 -0.102707 0.187979 0.00593012 0.012618 2.102 4.265 0 0 0 0 
 3.145 2.863 1.86203 0 0 3.06494 3.12356 -0.113503 0.180649 0.00446787 0.00989261 2.101 4.268 0 0 0 0 
 3.145 2.87 1.86303 0 0 3.06294 3.12956 -0.021506 0.180399 0.00908432 0.02014 2.097 4.273 0 0 0 0 
 3.141 2.884 1.86405 0 0 3.05994 3.14106 -0.0296945 0.178623 0.00787096 0.017624 2.095 4.282 0 0 0 0 
 3.126 2.9 1.86513 0 0 3.05544 3.14456 -0.336343 0.168679 -0.0082763 -0.0196237 2.101 4.273 0 0 0 0 
 3.114 2.918 1.86599 0 0 3.04894 3.16006 -0.653797 0.166041 -0.0198209 -0.047713 2.1 4.286 0 0 0 0 
 3.109 2.943 1.86632 0 0 3.03944 3.17906 -0.257562 0.163092 -0.00536815 -0.0131651 2.086 4.299 0 0 0 0 
 3.101 2.96 1.86682 0 0 3.03144 3.18906 -0.152619 0.158653 -0.000703064 -0.00177258 2.078 4.302 0 0 0 0 
 3.099 2.972 1.86758 0 0 3.03044 3.19656 -0.134652 0.155607 -0.000268962 -0.000691386 2.078 4.305 0 0 0 0 
 3.093 2.981 1.86812 0 0 3.02744 3.19956 -0.194617 0.151223 -0.00331808 -0.00877642 2.078 4.302 0 0 0 0 
 3.093 2.989 1.86897 0 0 3.02744 3.20256 -0.116469 0.148055 -0.000177213 -0.000478778 2.078 4.3 0 0 0 0 
 3.095 3.002 1.86947 0 0 3.02594 3.20806 0.159085 0.143992 0.0133135 0.0369672 2.073 4.298 0 0 0 0 
 3.09 3.019 1.87001 0 0 3.02544 3.21406 0.120742 0.136146 0.0104829 0.0307891 2.077 4.293 0 0 0 0 
 3.085 3.042 1.8706 0 0 3.02494 3.22356 0.119114 0.126718 0.00949088 0.02995 2.081 4.289 0 0 0 0 
 3.082 3.061 1.87137 0 0 3.02494 3.23206 0.144627 0.119485 0.00980571 0.0328148 2.084 4.287 0 0 0 0 
 3.079 3.082 1.87177 0 0 3.02544 3.24256 0.144763 0.112152 0.00910207 0.032452 2.088 4.287 0 0 0 0 
 3.083 3.092 1.87228 0 0 3.02944 3.24606 0.271522 0.108043 0.013887 0.0513678 2.092 4.284 0 0 0 0 
 3.082 3.097 1.87257 0 0 3.03094 3.24906 0.164933 0.106282 0.00916961 0.0344967 2.096 4.285 0 0 0 0 
 3.085 3.111 1.87291 0 0 3.03344 3.25456 0.373212 0.101009 0.0168641 0.0666835 2.098 4.282 0 0 0 0 
 3.082 3.125 1.87346 0 0 3.03494 3.25806 0.324817 0.0934774 0.0137294 0.0586821 2.104 4.275 0 0 0 0 
 3.086 3.146 1.87387 0 0 3.03844 3.26756 0.663206 0.0863142 0.023952 0.110546 2.107 4.273 0 0 0 0 
 3.089 3.158 1.87463 0 0 3.03694 3.27156 1.42903 0.082184 0.041437 0.19901 2.101 4.269 0 0 0 0 
 3.101 3.173 1.87572 0 0 3.04044 3.27856 5.74666 0.0789146 0.0690242 0.336557 2.096 4.268 0 0 0 0 
 3.11 3.175 1.87782 0 0 3.04644 3.27806 19.7141 0.078009 0.0779964 0.380451 2.099 4.265 0 0 0 0 
 3.099 3.179 1.8817 0 0 3.04844 3.27606 2.74857 0.0715594 0.0491769 0.268262 2.114 4.257 0 0 0 0 
 3.099 3.189 1.88749 0 0 3.05094 3.28456 2.25386 0.0701511 0.0424805 0.237645 2.119 4.264 0 0 0 0 
 3.094 3.195 1.89155 0 0 3.04544 3.28656 3.07165 0.0677907 0.0460727 0.265438 2.113 4.262 0 0 0 0 
 3.089 3.197 1.89556 0 0 3.04194 3.28656 2.89733 0.0662547 0.0429414 0.253666 2.111 4.26 0 0 0 0 
 3.083 3.195 1.90014 0 0 3.04444 3.28706 0.939244 0.0660064 0.0179954 0.108623 2.122 4.263 0 0 0 0 
 3.08 3.194 1.90394 0 0 3.04394 3.28656 0.647587 0.065788 0.0102116 0.0620081 2.124 4.263 0 0 0 0 
 3.084 3.186 1.90552 0 0 3.04494 3.28106 0.855777 0.0680136 0.0151551 0.0888951 2.122 4.26 0 0 0 0 
 3.08 3.187 1.90661 0 0 3.04594 3.28256 0.349082 0.0672322 0.00178292 0.0106071 2.128 4.262 0 0 0 0 
 3.072 3.192 1.90796 0 0 3.04244 3.28456 0.0102071 0.0643713 -0.00731879 -0.0454473 2.129 4.261 0 0 0 0 
 3.067 3.201 1.90883 0 0 3.04144 3.28806 -0.271037 0.0600546 -0.0128342 -0.0852764 2.132 4.259 0 0 0 0 
 3.062 3.216 1.90923 0 0 3.03994 3.30006 -0.790875 0.0574133 -0.0191963 -0.132952 2.134 4.268 0 0 0 0 
 3.06 3.231 1.90912 0 0 3.03544 3.30306 0.210434 0.0504516 -0.00204149 -0.0161843 2.127 4.259 0 0 0 0 
 3.053 3.236 1.9089 0 0 3.03344 3.30456 -0.380697 0.0471678 -0.0117092 -0.0989736 2.13 4.257 0 0 0 0 
 3.047 3.239 1.90912 0 0 3.03594 3.30306 0.53385 0.0425042 -0.0296865 -0.272428 2.141 4.251 0 0 0 0 
 3.045 3.24 1.90902 0 0 3.03394 3.29456 4.44495 0.0365537 -0.0211451 -0.227385 2.139 4.233 0 0 0 0 
 3.042 3.241 1.90874 0 0 3.03394 3.29806 -1.0245 0.0374732 -0.0311616 -0.321116 2.142 4.239 0 0 0 0 
 3.049 3.244 1.90868 0 0 3.03394 3.29906 -0.565619 0.0377382 -0.0111367 -0.117498 2.135 4.238 0 0 0 0 
 3.054 3.247 1.90842 0 0 3.03544 3.29806 0.411468 0.0360027 0.00164882 0.0183168 2.133 4.233 0 0 0 0 
 3.057 3.25 1.90868 0 0 3.03344 3.30106 1.47265 0.037107 0.0146038 0.156143 2.126 4.236 0 0 0 0 
 3.055 3.251 1.9085 0 0 3.03094 3.30306 1.48376 0.0378418 0.0150085 0.157334 2.123 4.239 0 0 0 0 
 3.052 3.25 1.9086 0 0 3.02544 3.30456 1.90456 0.0399583 0.0191678 0.189574 2.115 4.243 0 0 0 0 
 3.05 3.259 1.9088 0 0 3.02994 3.31056 0.642624 0.0366457 0.00503401 0.0548927 2.126 4.246 0 0 0 0 
 3.049 3.262 1.90886 0 0 3.02894 3.31306 0.678415 0.0363334 0.00548391 0.0603 2.125 4.248 0 0 0 0 
 3.05 3.267 1.90889 0 0 3.02844 3.31856 0.931615 0.0369772 0.00891709 0.096163 2.123 4.254 0 0 0 0 
 3.054 3.273 1.90915 0 0 3.02694 3.31956 6.62227 0.0350803 0.0277925 0.30689 2.116 4.25 0 0 0 0 
 3.052 3.272 1.90943 0 0 3.02494 3.31806 7.56674 0.0347702 0.0282183 0.313893 2.114 4.248 0 0 0 0 
 3.054 3.273 1.91011 0 0 3.02744 3.31656 14.4043 0.0331035 0.0291597 0.338763 2.117 4.244 0 0 0 0 
 3.055 3.27 1.91096 0 0 3.02794 3.31106 -18.7121 0.0316639 0.0326952 0.391687 2.117 4.236 0 0 0 0 
 3.055 3.276 1.91245 0 0 3.02544 3.31356 -3.23109 0.0300643 0.0423264 0.512878 2.112 4.235 0 0 0 0 
 3.05 3.276 1.91472 0 0 3.01994 3.31406 -3.18033 0.0305121 0.0428613 0.511928 2.106 4.236 0 0 0 0 
 3.049 3.275 1.91831 0 0 3.01844 3.31906 -7.70812 0.0343899 0.0379094 0.415291 2.104 4.247 0 0 0 0 
 3.046 3.273 1.92201 0 0 3.02244 3.31156 15.1459 0.0293823 0.0245668 0.32275 2.115 4.234 0 0 0 0 
 3.044 3.275 1.92545 0 0 3.02144 3.31506 4.81018 0.0300989 0.0200844 0.260832 2.115 4.239 0 0 0 0 
 3.047 3.276 1.92761 0 0 3.02544 3.32306 1.42456 0.034217 0.010395 0.120926 2.12 4.254 0 0 0 0 
 3.046 3.272 1.92959 0 0 3.02394 3.33106 0.500704 0.0417819 -0.000232477 -0.00222562 2.118 4.274 0 0 0 0 
 3.042 3.261 1.93068 0 0 3.02544 3.32856 -1.36478 0.0457846 -0.0226665 -0.195498 2.125 4.28 0 0 0 0 
 3.048 3.275 1.93041 0 0 3.03594 3.33206 51.3087 0.0382244 -0.0241986 -0.248013 2.14 4.273 0 0 0 0 
 3.043 3.28 1.93002 0 0 3.03244 3.34406 0.219477 0.0422371 -0.0346428 -0.317015 2.138 4.292 0 0 0 0 
 3.035 3.278 1.92962 0 0 3.02744 3.35006 -0.109287 0.0465414 -0.0497734 -0.404221 2.136 4.306 0 0 0 0 
 3.038 3.281 1.92936 0 0 3.02744 3.36006 -2.60734 0.0515834 -0.0485321 -0.359944 2.133 4.323 0 0 0 0 
 3.043 3.285 1.9292 0 0 3.02844 3.36056 1.93163 0.0503122 -0.0350253 -0.271583 2.13 4.32 0 0 0 0 
 3.048 3.291 1.92856 0 0 3.02094 3.35156 1.26933 0.043877 0.0113304 0.102928 2.11 4.296 0 0 0 0 
 3.053 3.289 1.92845 0 0 3.02644 3.34906 1.21018 0.0434498 0.0105524 0.096842 2.116 4.293 0 0 0 0 
 3.068 3.288 1.92833 0 0 3.02544 3.33756 -2.32417 0.0407416 0.0618318 0.523599 2.099 4.271 0 0 0 0 
 3.079 3.295 1.92912 0 0 3.03094 3.32906 -0.857251 0.0325321 0.0914257 0.523599 2.099 4.247 0 0 0 0 
 3.063 3.317 1.92957 0 0 3.02794 3.34306 -0.919128 0.0244442 0.0659707 0.523599 2.109 4.253 0 0 0 0 
 3.065 3.327 1.9329 0 0 3.03244 3.34856 -0.779552 0.0211125 0.0637495 0.523599 2.116 4.254 0 0 0 0 
 3.059 3.341 1.93571 0 0 3.05194 3.33706 0.62481 1.27968e-06 0.0228099 0.523599 2.161 4.217 0 0 0 0 
 3.064 3.337 1.94128 0 0 3.06944 3.32206 0.417932 2.36278e-07 0.00097598 0.523599 2.191 4.191 0 0 0 0 
 3.072 3.331 1.94207 0 0 3.07094 3.32406 0.283965 6.33818e-07 0.0100416 0.523599 2.186 4.201 0 0 0 0 
 3.081 3.319 1.94217 0 0 3.05944 3.32606 -0.339627 0.00960802 0.0494935 0.523599 2.154 4.217 0 0 0 0 
 3.082 3.32 1.94436 0 0 3.08094 3.29656 0.162596 5.63588e-08 0.0277511 0.523599 2.196 4.157 0 0 0 0 
 3.074 3.328 1.94944 0 0 3.07144 3.29906 -3.04063 1.41265e-07 0.0382024 0.523599 2.185 4.154 0 0 0 0 
 3.063 3.331 1.95219 0 0 3.11744 3.25156 -8.92386 3.17298e-08 -0.0653651 -0.523599 2.288 4.056 0 0 0 0 
 3.061 3.338 1.95548 0 0 3.11644 3.25506 -13.3472 3.01473e-08 -0.0634162 -0.523599 2.288 4.056 0 0 0 0 
 3.058 3.339 1.95369 0 0 3.07244 3.30256 0.711249 8.98883e-08 0.000648244 0.523599 2.203 4.15 0 0 0 0 
 3.052 3.336 1.9534 0 0 3.05744 3.31606 -0.576613 5.91931e-08 0.00696652 0.523599 2.179 4.18 0 0 0 0 
 3.054 3.335 1.9532 0 0 3.10744 3.26206 -4.78758 3.47869e-08 -0.0693188 -0.523599 2.277 4.073 0 0 0 0 
 3.052 3.337 1.95323 0 0 3.09044 3.27406 15.0074 4.38706e-08 -0.037223 -0.523599 2.245 4.095 0 0 0 0 
 3.049 3.335 1.95285 0 0 3.07094 3.27156 0.255585 4.84036e-08 0.0100132 0.523599 2.209 4.092 0 0 0 0 
 3.054 3.336 1.95251 0 0 3.05344 3.27656 -0.346193 1.59368e-08 0.0680827 0.523599 2.169 4.101 0 0 0 0 
 3.062 3.337 1.95278 0 0 3.05194 3.27956 -0.644204 6.95739e-08 0.0918565 0.523599 2.158 4.106 0 0 0 0 
 3.06 3.331 1.9529 0 0 3.06244 3.26706 -1.75879 1.36474e-08 0.065159 0.523599 2.181 4.087 0 0 0 0 
 3.063 3.336 1.9544 0 0 3.07544 3.25406 -0.312431 3.86372e-08 0.0589142 0.523599 2.204 4.056 0 0 0 0 
 3.069 3.335 1.95692 0 0 3.07844 3.24856 0.276232 3.69379e-08 0.0735112 0.523599 2.204 4.046 0 0 0 0 
 3.069 3.333 1.96252 0 0 3.07794 3.24956 0.0934006 3.8746e-08 0.0726336 0.523599 2.203 4.05 0 0 0 0 
 3.062 3.33 1.96972 0 0 3.08244 3.24156 -2.46157 3.38241e-08 0.04819 0.523599 2.219 4.037 0 0 0 0 
 3.062 3.328 1.97618 0 0 3.08544 3.24556 -0.393968 3.60868e-08 0.0339331 0.523599 2.225 4.047 0 0 0 0 
 3.057 3.325 1.98046 0 0 3.08394 3.24906 0.334568 3.87141e-08 0.0170467 0.523599 2.227 4.057 0 0 0 0 
 3.069 3.321 1.98373 0 0 3.08644 3.25606 -0.657689 4.89306e-08 0.0306491 0.523599 2.22 4.075 0 0 0 0 
 3.07 3.311 1.98542 0 0 3.07844 3.26206 0.52782 7.13302e-08 0.0357989 0.523599 2.203 4.097 0 0 0 0 
 3.085 3.3 1.98902 0 0 3.08094 3.25906 0.782165 9.99388e-08 0.0599769 0.523599 2.193 4.102 0 0 0 0 
 3.088 3.293 1.99263 0 0 3.07944 3.26356 0.30776 5.1187e-08 0.0578728 0.523599 2.187 4.118 0 0 0 0 
 3.072 3.306 1.99886 0 0 3.07894 3.26756 0.922998 9.35259e-08 0.0285031 0.523599 2.202 4.113 0 0 0 0 
 3.118 3.265 2.00377 0 0 3.09644 3.24956 0.870509 8.17044e-07 0.0745099 0.523599 2.191 4.118 0 0 0 0 
 3.095 3.292 2.00628 0 0 3.08444 3.26206 -0.315628 5.30861e-08 0.0646463 0.523599 2.19 4.116 0 0 0 0 
 3.074 3.314 2.01434 0 0 3.06344 3.28206 -0.116824 4.88771e-08 0.0677816 0.523599 2.169 4.134 0 0 0 0 
 3.06 3.333 2.02093 0 0 3.05144 3.29856 1.2166 1.3447e-07 0.0663628 0.523599 2.159 4.148 0 0 0 0 
 3.056 3.345 2.02747 0 0 3.04544 3.30956 0.218581 1.35407e-07 0.0734052 0.523599 2.151 4.158 0 0 0 0 
 3.057 3.349 2.0341 0 0 3.04694 3.30956 0.988841 1.18236e-07 0.0781219 0.523599 2.153 4.154 0 0 0 0 
 3.054 3.354 2.04176 0 0 3.04494 3.30706 -1.96942 9.46694e-08 0.0867564 0.523599 2.152 4.144 0 0 0 0 
 3.054 3.354 2.04974 0 0 3.04394 3.30556 -9.59979 9.30345e-08 0.0923532 0.523599 2.15 4.141 0 0 0 0 
 3.057 3.353 2.05892 0 0 3.04644 3.30406 12.9649 9.33205e-08 0.095375 0.523599 2.152 4.139 0 0 0 0 
 3.061 3.353 2.06784 0 0 3.04994 3.30556 2.22576 9.8615e-08 0.0953929 0.523599 2.155 4.142 0 0 0 0 
 3.062 3.356 2.07745 0 0 3.04844 3.30806 0.416191 1.02213e-07 0.103457 0.523599 2.151 4.144 0 0 0 0 
 3.066 3.358 2.08715 0 0 3.05044 3.30656 0.16632 9.72604e-08 0.114841 0.523599 2.151 4.139 0 0 0 0 
 3.073 3.355 2.09773 0 0 3.05244 3.30456 -0.82196 1.10147e-07 0.126748 0.523599 2.148 4.138 0 0 0 0 
 3.08 3.345 2.10942 0 0 3.05444 3.29656 -2.9722 1.31423e-07 0.136798 0.523599 2.145 4.132 0 0 0 0 
 3.088 3.343 2.1224 0 0 3.06044 3.29356 -4.40393 1.36149e-07 0.144235 0.523599 2.149 4.128 0 0 0 0 
 3.085 3.347 2.13585 0 0 3.05394 3.29406 -7.42951 1.34953e-07 0.159407 0.523599 2.139 4.125 0 0 0 0 
 3.091 3.345 2.15111 0 0 3.05994 3.29456 -18.7417 4.88801e-08 0.156202 0.523599 2.145 4.128 0 0 0 0 
 3.09 3.342 2.16682 0 0 3.05544 3.29556 4.33088 2.07877e-07 0.15826 0.523599 2.137 4.133 0 0 0 0 
 3.095 3.337 2.18264 0 0 3.06094 3.29156 4.14799 2.25873e-07 0.15606 0.523599 2.143 4.13 0 0 0 0 
 3.092 3.332 2.19818 0 0 3.05594 3.28906 2.5044 3.0201e-07 0.15664 0.523599 2.136 4.13 0 0 0 0 
 3.087 3.339 2.2138 0 0 3.05144 3.29156 4.14749 2.42652e-07 0.164304 0.523599 2.132 4.128 0 0 0 0 
 3.079 3.342 2.2292 0 0 3.04044 3.29606 2.50874 3.2954e-07 0.168549 0.523599 2.118 4.134 0 0 0 0 
 3.072 3.346 2.24585 0 0 3.03844 3.29856 6.31346 2.51766e-07 0.161175 0.523599 2.121 4.135 0 0 0 0 
 3.063 3.345 2.26299 0 0 3.03444 3.30156 20.13 2.63041e-07 0.143429 0.523599 2.122 4.142 0 0 0 0 
 3.067 3.346 2.27944 0 0 3.03744 3.30256 9.85788 2.95049e-07 0.146097 0.523599 2.124 4.143 0 0 0 0 
 3.07 3.347 2.2936 0 0 3.03494 3.30206 3.36483 1.41046e-07 0.160793 0.523599 2.116 4.141 0 0 0 0 
 3.076 3.344 2.30912 0 0 3.03944 3.29456 4.50598 1.23065e-07 0.173293 0.523599 2.119 4.129 0 0 0 0 
 3.08 3.34 2.32555 0 0 3.04094 3.29106 3.04049 5.09309e-07 0.177513 0.523599 2.118 4.126 0 0 0 0 
 3.084 3.335 2.34349 0 0 3.04344 3.28956 2.06811 4.758e-07 0.17324 0.523599 2.119 4.128 0 0 0 0 
 3.087 3.335 2.36104 0 0 3.04344 3.28856 1.81066 8.45752e-06 0.180999 0.523599 2.116 4.126 0 0 0 0 
 3.087 3.341 2.37889 0 0 3.04644 3.29156 2.72459 4.07234e-07 0.181855 0.523599 2.122 4.126 0 0 0 0 
 3.076 3.348 2.39685 0 0 3.04094 3.29606 11.1799 4.748e-07 0.177524 0.523599 2.122 4.128 0 0 0 0 
 3.069 3.353 2.41522 0 0 3.03694 3.30256 -378.576 4.61281e-07 0.169136 0.523599 2.121 4.136 0 0 0 0 
 3.059 3.365 2.43257 0 0 3.03044 3.30856 -2.32894 2.75048e-07 0.177028 0.523599 2.118 4.136 0 0 0 0 
 3.062 3.377 2.44948 0 0 3.03094 3.31306 -1.884 2.47547e-07 0.199162 0.523599 2.116 4.133 0 0 0 0 
 3.062 3.379 2.46729 0 0 3.02944 3.31506 -2.41138 2.97276e-07 0.20219 0.523599 2.113 4.135 0 0 0 0 
 3.064 3.383 2.48727 0 0 3.02944 3.31706 -2.85109 1.21383e-07 0.210602 0.523599 2.111 4.135 0 0 0 0 
 3.069 3.384 2.50723 0 0 3.03044 3.31806 -7.12768 6.42768e-07 0.217017 0.523599 2.108 4.136 0 0 0 0 
 3.071 3.38 2.52783 0 0 3.03144 3.31806 201.688 9.58763e-07 0.208857 0.523599 2.108 4.14 0 0 0 0 
 3.075 3.37 2.54934 0 0 3.03344 3.31206 5.60455 0.00247573 0.202081 0.523599 2.108 4.138 0 0 0 0 
 3.074 3.37 2.5701 0 0 3.03394 3.31456 5.29175 0.00342829 0.193526 0.523599 2.11 4.143 0 0 0 0 
 3.076 3.372 2.59008 0 0 3.03694 3.31156 42.873 0.00213939 0.20404 0.523599 2.114 4.135 0 0 0 0 
 3.072 3.373 2.60936 0 0 3.03594 3.31206 -8.34323 0.00114549 0.201007 0.523599 2.116 4.135 0 0 0 0 
 3.067 3.378 2.63046 0 0 3.03394 3.31306 -2.40757 1.31348e-06 0.207071 0.523599 2.117 4.132 0 0 0 0 
 3.067 3.381 2.65073 0 0 3.03544 3.31656 -1.96283 2.02281e-06 0.203891 0.523599 2.12 4.136 0 0 0 0 
 3.067 3.38 2.67174 0 0 3.02944 3.31406 -5.34573 0.00360487 0.214644 0.523599 2.108 4.132 0 0 0 0 
 3.066 3.379 2.6927 0 0 3.03294 3.31606 -2.88963 0.00268974 0.201421 0.523599 2.116 4.137 0 0 0 0 
 3.067 3.376 2.71396 0 0 3.03394 3.31256 -2.75404 0.00356292 0.202359 0.523599 2.117 4.133 0 0 0 0 
 3.057 3.376 2.73406 0 0 3.02944 3.31156 -1.03627 0.000870668 0.19901 0.523599 2.118 4.131 0 0 0 0 
 3.055 3.38 2.75462 0 0 3.03094 3.31406 -0.423593 1.66667e-06 0.199486 0.523599 2.123 4.132 0 0 0 0 
 3.058 3.385 2.77443 0 0 3.03244 3.31756 -0.550012 0.000855162 0.204764 0.523599 2.123 4.134 0 0 0 0 
 3.067 3.387 2.79503 0 0 3.03494 3.32056 -1.82295 0.00614651 0.207367 0.523599 2.119 4.138 0 0 0 0 
 3.068 3.393 2.81582 0 0 3.03944 3.32356 -0.859549 0.00437185 0.212048 0.523599 2.127 4.138 0 0 0 0 
 3.069 3.395 2.83735 0 0 3.04444 3.32706 -0.393679 0.0031258 0.204521 0.523599 2.136 4.143 0 0 0 0 
 3.074 3.395 2.85913 0 0 3.04544 3.32656 -0.922354 0.00666376 0.208141 0.523599 2.133 4.142 0 0 0 0 
 3.078 3.392 2.8801 0 0 3.04744 3.32406 -1.30849 0.00904591 0.207268 0.523599 2.133 4.14 0 0 0 0 
 3.081 3.398 2.90177 0 0 3.04544 3.32806 -2.39078 0.013089 0.214508 0.523599 2.126 4.142 0 0 0 0 
 3.081 3.407 2.92287 0 0 3.04494 3.33156 -1.74079 0.0138515 0.228545 0.523599 2.125 4.14 0 0 0 0 
 3.085 3.41 2.94526 0 0 3.04494 3.33056 -2.28604 0.017283 0.239695 0.523599 2.121 4.135 0 0 0 0 
 3.085 3.409 2.96939 0 0 3.04444 3.32856 -2.28477 0.0188768 0.240666 0.523599 2.12 4.132 0 0 0 0 
 3.09 3.406 2.99482 0 0 3.04844 3.33006 -3.81185 0.0212416 0.226316 0.523599 2.123 4.138 0 0 0 0 
 3.086 3.407 3.02028 0 0 3.04394 3.33306 -5.27692 0.0230036 0.218447 0.523599 2.118 4.143 0 0 0 0 
 3.084 3.409 3.04292 0 0 3.04194 3.33556 -5.64295 0.0241673 0.214733 0.523599 2.116 4.146 0 0 0 0 
 3.085 3.409 3.06518 0 0 3.04394 3.33106 -2.94328 0.0245292 0.224672 0.523599 2.119 4.137 0 0 0 0 
 3.076 3.404 3.08724 0 0 3.03944 3.32856 -1.8622 0.0227049 0.21526 0.523599 2.119 4.137 0 0 0 0 
 3.072 3.394 3.1107 0 0 3.04094 3.32706 -1.51124 0.0201524 0.189503 0.523599 2.126 4.144 0 0 0 0 
 3.072 3.392 3.13223 0 0 3.04044 3.32456 -1.57305 0.0214396 0.188911 0.523599 2.125 4.141 0 0 0 0 
 3.061 3.387 -3.12802 0 0 3.03944 3.31956 -0.0132484 0.0158247 0.188207 0.523599 2.134 4.136 0 0 0 0 
 3.058 3.393 -3.1088 0 0 3.03744 3.32056 0.401874 0.0162543 0.200928 0.523599 2.133 4.132 0 0 0 0 
 3.052 3.391 -3.08936 0 0 3.03444 3.32156 1.05747 0.014992 0.191942 0.523599 2.133 4.136 0 0 0 0 
 3.044 3.394 -3.06928 0 0 3.03044 3.32256 -1.60625 0.0134052 0.197372 0.523599 2.133 4.135 0 0 0 0 
 3.039 3.394 -3.04983 0 0 3.02594 3.32156 -0.905074 0.0140586 0.199116 0.523599 2.129 4.133 0 0 0 0 
 3.035 3.399 -3.02958 0 0 3.02544 3.32156 -3.94818 0.0132239 0.213091 0.523599 2.132 4.128 0 0 0 0 
 3.027 3.406 -3.00904 0 0 3.02144 3.32406 -1.44541 0.0121698 0.226146 0.523599 2.132 4.126 0 0 0 0 
 3.023 3.411 -2.98653 0 0 3.01994 3.32756 -1.52556 0.0119343 0.230327 0.523599 2.133 4.128 0 0 0 0 
 3.019 3.417 -2.96257 0 0 3.01594 3.33356 -1.52556 0.013218 0.228938 0.523599 2.129 4.134 0 0 0 0 
 3.024 3.418 -2.93875 0 0 3.01894 3.33606 0.535922 0.0155206 0.222009 0.523599 2.13 4.138 0 0 0 0 
 3.027 3.424 -2.91573 0 0 3.01744 3.34056 -0.833594 0.0198488 0.220989 0.523599 2.124 4.141 0 0 0 0 
 3.031 3.426 -2.89347 0 0 3.01794 3.34406 -0.00804496 0.0229197 0.212198 0.523599 2.121 4.146 0 0 0 0 
 3.034 3.431 -2.87145 0 0 3.01994 3.34306 -0.0276497 0.0258773 0.22482 0.523599 2.122 4.139 0 0 0 0 
 3.038 3.438 -2.84968 0 0 3.02294 3.34656 -0.213827 0.0284148 0.23047 0.523599 2.124 4.139 0 0 0 0 
 3.029 3.447 -2.82679 0 0 3.01744 3.35006 -1.69416 0.0287805 0.24513 0.523599 2.122 4.137 0 0 0 0 
 3.023 3.457 -2.80341 0 0 3.01294 3.35556 0.777118 0.0303336 0.2551 0.523599 2.119 4.138 0 0 0 0 
 3.015 3.467 -2.77806 0 0 3.00694 3.36156 0.570588 0.0317048 0.26389 0.523599 2.115 4.14 0 0 0 0 
 3.01 3.47 -2.7514 0 0 3.00544 3.36156 -4.29826 0.0321077 0.271645 0.523599 2.117 4.137 0 0 0 0 
 3.004 3.471 -2.72451 0 0 3.00494 3.36356 -1.51526 0.0302574 0.272252 0.523599 2.122 4.14 0 0 0 0 
 3.002 3.462 -2.69643 0 0 3.00294 3.35656 2.07789 0.031389 0.263651 0.523599 2.12 4.135 0 0 0 0 
 2.998 3.457 -2.66863 0 0 3.00194 3.35556 -0.68735 0.0300299 0.254464 0.523599 2.122 4.138 0 0 0 0 
 2.998 3.45 -2.64241 0 0 3.00344 3.35256 1.37904 0.0293354 0.243791 0.523599 2.125 4.139 0 0 0 0 
 2.986 3.448 -2.6174 0 0 2.99694 3.35306 0.927464 0.0267882 0.243013 0.523599 2.124 4.142 0 0 0 0 
 2.973 3.45 -2.59283 0 0 2.98694 3.35506 -0.581472 0.0265339 0.244732 0.523599 2.117 4.144 0 0 0 0 
 2.955 3.442 -2.56827 0 0 2.97794 3.35306 -0.904407 0.0207619 0.242929 0.523599 2.117 4.148 0 0 0 0 
 2.933 3.441 -2.54239 0 0 2.96394 3.35256 0.291085 0.01781 0.252778 0.523599 2.111 4.148 0 0 0 0 
 2.921 3.441 -2.51768 0 0 2.95744 3.35106 0.797956 0.0170545 0.263492 0.523599 2.11 4.145 0 0 0 0 
 2.909 3.438 -2.49155 0 0 2.95194 3.34906 1.82867 0.0149526 0.270939 0.523599 2.111 4.144 0 0 0 0 
 2.904 3.435 -2.46462 0 0 2.95094 3.34806 3.46038 0.0137949 0.272279 0.523599 2.114 4.145 0 0 0 0 
 2.905 3.433 -2.43714 0 0 2.95244 3.34756 4.26728 0.0146094 0.268344 0.523599 2.116 4.146 0 0 0 0 
 2.9 3.426 -2.40961 0 0 2.95044 3.34456 22.8289 0.0130442 0.264444 0.523599 2.117 4.147 0 0 0 0 
 2.904 3.414 -2.38293 0 0 2.95244 3.33556 20.6002 0.0141466 0.252959 0.523599 2.117 4.141 0 0 0 0 
 2.903 3.413 -2.35696 0 0 2.95294 3.33456 -7864.75 0.0141466 0.252959 0.523599 2.119 4.14 0 0 0 0 
 2.918 3.429 -2.31226 0 0 2.95394 3.33856 0.721866 0.0296836 0.242153 0.523599 2.106 4.132 0 0 0 0 
 2.916 3.428 -2.30121 0 0 2.95294 3.33806 0.85416 0.0296319 0.241992 0.523599 2.106 4.132 0 0 0 0 
 2.913 3.431 -2.27678 0 0 2.95294 3.33956 1.14342 0.0305849 0.247807 0.523599 2.109 4.132 0 0 0 0 
 2.911 3.43 -2.25208 0 0 2.95094 3.33956 1.20292 0.0314659 0.242852 0.523599 2.107 4.133 0 0 0 0 
 2.903 3.428 -2.22661 0 0 2.95044 3.34206 4.07354 0.0276249 0.24926 0.523599 2.114 4.14 0 0 0 0 
 2.902 3.429 -2.20183 0 0 2.95044 3.34406 5.41296 0.0281393 0.246998 0.523599 2.115 4.143 0 0 0 0 
 2.915 3.424 -2.17653 0 0 2.95694 3.34256 2.57072 0.0298808 0.223594 0.523599 2.115 4.145 0 0 0 0 
 2.911 3.415 -2.15174 0 0 2.95144 3.33806 2.90306 0.0290993 0.210493 0.523599 2.108 4.145 0 0 0 0 
 2.91 3.41 -2.12961 0 0 2.95394 3.33506 7.3799 0.0278848 0.213361 0.523599 2.114 4.144 0 0 0 0 
 2.898 3.405 -2.10845 0 0 2.94894 3.33206 -7.15141 0.0255797 0.22518 0.523599 2.116 4.143 0 0 0 0 
 2.89 3.403 -2.08675 0 0 2.94394 3.33056 -4.31294 0.0255232 0.229471 0.523599 2.114 4.142 0 0 0 0 
 2.873 3.394 -2.06382 0 0 2.93594 3.32656 -1.83352 0.0211992 0.243389 0.523599 2.115 4.143 0 0 0 0 
 2.867 3.391 -2.03992 0 0 2.93344 3.32506 -1.53193 0.0207042 0.248232 0.523599 2.116 4.143 0 0 0 0 
 2.86 3.387 -2.01482 0 0 2.92844 3.32256 -1.37371 0.0207276 0.249365 0.523599 2.113 4.142 0 0 0 0 
 2.86 3.387 -1.98938 0 0 2.92794 3.32456 -1.31067 0.0210797 0.243668 0.523599 2.112 4.146 0 0 0 0 
 2.87 3.389 -1.96392 0 0 2.93094 3.32556 -1.70761 0.0246983 0.22394 0.523599 2.108 4.146 0 0 0 0 
 2.873 3.38 -1.93925 0 0 2.93194 3.32106 -1.55741 0.0235646 0.212047 0.523599 2.107 4.146 0 0 0 0 
 2.874 3.378 -1.91604 0 0 2.93244 3.31656 -1.74871 0.0263863 0.210327 0.523599 2.107 4.139 0 0 0 0 
 2.871 3.373 -1.89393 0 0 2.93494 3.31656 -1.21635 0.0232813 0.218577 0.523599 2.115 4.144 0 0 0 0 
 2.858 3.357 -1.87218 0 0 2.92894 3.30756 -0.837061 0.0187329 0.230203 0.523599 2.116 4.142 0 0 0 0 
 2.852 3.35 -1.85045 0 0 2.92194 3.30506 -0.748528 0.0171407 0.222767 0.523599 2.108 4.144 0 0 0 0 
 2.845 3.345 -1.82724 0 0 2.92094 3.30206 -0.634576 0.0162311 0.236082 0.523599 2.113 4.143 0 0 0 0 
 2.837 3.341 -1.80508 0 0 2.91594 3.30056 -0.56238 0.0154576 0.241317 0.523599 2.111 4.144 0 0 0 0 
 2.83 3.337 -1.78095 0 0 2.91294 3.30256 -0.440889 0.0124694 0.247888 0.523599 2.112 4.152 0 0 0 0 
 2.825 3.336 -1.75625 0 0 2.90644 3.30456 -0.40646 0.0120527 0.241119 0.523599 2.104 4.157 0 0 0 0 
 2.828 3.336 -1.73096 0 0 2.90694 3.30256 -0.450929 0.0149678 0.233323 0.523599 2.102 4.153 0 0 0 0 
 2.828 3.34 -1.70659 0 0 2.91144 3.30556 -0.437919 0.0167021 0.244282 0.523599 2.111 4.155 0 0 0 0 
 2.824 3.342 -1.68297 0 0 2.91094 3.30656 -0.431837 0.0185722 0.252269 0.523599 2.114 4.155 0 0 0 0 
 2.832 3.347 -1.65754 0 0 2.91644 3.31006 -0.467706 0.0211099 0.243296 0.523599 2.117 4.157 0 0 0 0 
 2.832 3.345 -1.63095 0 0 2.91444 3.30456 -0.534096 0.0249407 0.235288 0.523599 2.113 4.148 0 0 0 0 
 2.833 3.332 -1.60661 0 0 2.90794 3.30206 -0.422242 0.0192413 0.212174 0.523599 2.099 4.156 0 0 0 0 
 2.831 3.332 -1.58349 0 0 2.91344 3.29606 -0.465861 0.0245338 0.230314 0.523599 2.112 4.144 0 0 0 0 
 2.835 3.326 -1.5623 0 0 2.91694 3.29356 -0.417983 0.0233302 0.227166 0.523599 2.115 4.145 0 0 0 0 
 2.834 3.321 -1.53874 0 0 2.91444 3.28956 -0.412064 0.0238293 0.220787 0.523599 2.111 4.142 0 0 0 0 
 2.837 3.313 -1.51623 0 0 2.91844 3.28556 -0.350306 0.0224123 0.222262 0.523599 2.116 4.142 0 0 0 0 
 2.836 3.303 -1.49403 0 0 2.92094 3.28206 -0.251662 0.0195764 0.231875 0.523599 2.122 4.145 0 0 0 0 
 2.837 3.303 -1.47155 0 0 2.92044 3.27806 -0.308144 0.0232604 0.224129 0.523599 2.12 4.137 0 0 0 0 
 2.838 3.306 -1.44794 0 0 2.92394 3.28306 -0.273472 0.0234663 0.229404 0.523599 2.126 4.144 0 0 0 0 
 2.837 3.314 -1.4254 0 0 2.92594 3.28756 -0.306372 0.0273293 0.233265 0.523599 2.131 4.145 0 0 0 0 
 2.839 3.323 -1.40172 0 0 2.92744 3.29206 -0.364863 0.0314479 0.226364 0.523599 2.132 4.145 0 0 0 0 
 2.848 3.329 -1.37778 0 0 2.93444 3.29556 -0.407401 0.0339935 0.216106 0.523599 2.137 4.146 0 0 0 0 
 2.843 3.326 -1.35482 0 0 2.92994 3.29356 -0.391484 0.0345866 0.214751 0.523599 2.133 4.145 0 0 0 0 
 2.836 3.309 -1.33314 0 0 2.92344 3.28706 -0.256331 0.0290783 0.220919 0.523599 2.127 4.149 0 0 0 0 
 2.825 3.298 -1.31119 0 0 2.91994 3.28506 -0.137163 0.0260427 0.245293 0.523599 2.131 4.156 0 0 0 0 
 2.819 3.303 -1.28878 0 0 2.92094 3.29406 -0.0879389 0.0263562 0.264453 0.523599 2.139 4.169 0 0 0 0 
 2.817 3.304 -1.26354 0 0 2.92294 3.29506 -0.0846025 0.0288554 0.271673 0.523599 2.145 4.17 0 0 0 0 
 2.817 3.305 -1.23675 0 0 2.92744 3.29856 -0.0583929 0.0301611 0.282162 0.523599 2.154 4.176 0 0 0 0 
 2.82 3.302 -1.2113 0 0 2.92794 3.29756 -0.0411726 0.0299408 0.274701 0.523599 2.152 4.177 0 0 0 0 
 2.821 3.301 -1.17986 0 0 2.93044 3.29756 -0.0314591 0.0317784 0.275324 0.523599 2.156 4.178 0 0 0 0 
 2.819 3.298 -1.155 0 0 2.92744 3.29556 -0.0225206 0.0324728 0.270623 0.523599 2.152 4.177 0 0 0 0 
 2.82 3.295 -1.12395 0 0 2.92494 3.29156 -0.0328091 0.033876 0.256446 0.523599 2.146 4.172 0 0 0 0 
 2.822 3.293 -1.09976 0 0 2.92694 3.28956 -0.0328079 0.0353131 0.252838 0.523599 2.148 4.17 0 0 0 0 
 2.821 3.291 -1.07365 0 0 2.92694 3.29006 -0.00888954 0.0357786 0.254685 0.523599 2.149 4.173 0 0 0 0 
 2.824 3.29 -1.04823 0 0 2.92844 3.29006 0.000557056 0.0361781 0.248767 0.523599 2.149 4.174 0 0 0 0 
 2.824 3.29 -1.02011 0 0 2.92744 3.28506 -0.0478091 0.040147 0.234348 0.523599 2.147 4.164 0 0 0 0 
 2.819 3.291 -0.998152 0 0 2.92394 3.28256 -0.0806155 0.0438006 0.228303 0.523599 2.145 4.158 0 0 0 0 
 2.833 3.294 -0.971829 0 0 2.92994 3.28456 -0.097705 0.0425206 0.204412 0.523599 2.143 4.159 0 0 0 0 
 2.841 3.296 -0.94977 0 0 2.93344 3.28606 -0.107963 0.0419823 0.189946 0.523599 2.142 4.16 0 0 0 0 
 2.844 3.284 -0.931714 0 0 2.93294 3.27956 -0.0499814 0.038481 0.188762 0.523599 2.138 4.159 0 0 0 0 
 2.842 3.276 -0.913131 0 0 2.92844 3.27506 -0.010895 0.036449 0.18664 0.523599 2.131 4.158 0 0 0 0 
 2.836 3.262 -0.89447 0 0 2.92794 3.26856 0.071451 0.0359196 0.208573 0.523599 2.136 4.159 0 0 0 0 
 2.829 3.256 -0.873859 0 0 2.92594 3.26656 0.109345 0.0372093 0.222827 0.523599 2.139 4.161 0 0 0 0 
 2.82 3.253 -0.851974 0 0 2.91844 3.26606 0.133434 0.0378361 0.226988 0.523599 2.133 4.163 0 0 0 0 
 2.813 3.254 -0.829201 0 0 2.91244 3.26356 0.0964169 0.0411339 0.218407 0.523599 2.128 4.157 0 0 0 0 
 2.817 3.247 -0.808741 0 0 2.91294 3.25656 0.0999572 0.0404876 0.208238 0.523599 2.125 4.15 0 0 0 0 
 2.817 3.242 -0.786717 0 0 2.91394 3.25156 0.0989181 0.0420352 0.206262 0.523599 2.127 4.145 0 0 0 0 
 2.816 3.231 -0.765818 0 0 2.91294 3.24556 0.151315 0.0408456 0.212752 0.523599 2.126 4.144 0 0 0 0 
 2.82 3.227 -0.743198 0 0 2.91794 3.24356 0.170692 0.0416148 0.214717 0.523599 2.132 4.144 0 0 0 0 
 2.825 3.226 -0.723254 0 0 2.91594 3.24356 0.195507 0.0385733 0.201352 0.523599 2.123 4.145 0 0 0 0 
 2.829 3.23 -0.701307 0 0 2.91994 3.24606 0.178435 0.040201 0.194488 0.523599 2.127 4.146 0 0 0 0 
 2.837 3.22 -0.681225 0 0 2.92294 3.23956 0.231588 0.0370585 0.190584 0.523599 2.125 4.143 0 0 0 0 
