 3.704 0.671 0.843118 9.57005e-321 1.55716e+142 3.62183 2.19596 0.545049 0 0 0 4.404 2.028 1.35927 0 2.58415e+161 2.58415e+161 
 3.698 0.678 0.843118 9.57005e-321 1.55716e+142 3.62083 2.19696 2.35637 0.701055 0.981173 0.246787 4.403 2.029 1.35927 0 2.58415e+161 2.58415e+161 
 3.71 0.677 0.843118 9.57005e-321 1.55716e+142 3.61883 2.19396 -2.15859 0.695791 0.98978 0.250669 4.401 2.026 1.35927 0 2.58415e+161 2.58415e+161 
 3.689 0.644 0.843117 9.57005e-321 1.55716e+142 3.61983 2.18996 -1.32572 0.716091 0.971319 0.23947 4.402 2.022 1.35927 0 2.58415e+161 2.58415e+161 
 3.696 0.662 0.843117 9.57005e-321 1.55716e+142 3.61783 2.18896 -2.67792 0.704466 0.980203 0.245406 4.4 2.021 1.35927 0 2.58415e+161 2.58415e+161 
 3.708 0.672 0.843118 9.57005e-321 1.55716e+142 3.61783 2.19096 1.5708 0.69703 0.988792 0.250002 4.4 2.023 1.35927 0 2.58415e+161 2.58415e+161 
 3.695 0.66 0.843117 9.57005e-321 1.55716e+142 3.62183 2.19596 0.896031 0.7102 0.975544 0.24239 4.404 2.028 1.35927 0 2.58415e+161 2.58415e+161 
 3.716 0.666 0.843118 9.57005e-321 1.55716e+142 3.62783 2.19596 2.05692e-05 0.702762 0.985421 0.247234 4.41 2.028 1.35927 0 2.58415e+161 2.58415e+161 
 3.713 0.668 0.843118 9.57005e-321 1.55716e+142 3.63083 2.19496 -0.321623 0.703227 0.98254 0.246384 4.413 2.027 1.35927 0 2.58415e+161 2.58415e+161 
 3.722 0.684 0.843118 9.57005e-321 1.55716e+142 3.62583 2.19296 -2.76107 0.690526 0.99433 0.253612 4.408 2.025 1.35927 0 2.58415e+161 2.58415e+161 
 3.702 0.665 0.843119 9.57005e-321 1.55716e+142 3.61983 2.19296 3.14158 0.703692 0.982341 0.24618 4.402 2.025 1.35927 0 2.58415e+161 2.58415e+161 
 3.695 0.663 0.843118 9.57005e-321 1.55716e+142 3.62083 2.19296 -0.00136246 0.707099 0.977277 0.243827 4.403 2.025 1.35927 0 2.58415e+161 2.58415e+161 
 3.706 0.665 0.843119 9.57005e-321 1.55716e+142 3.62383 2.19996 1.16583 0.706945 0.980967 0.244763 4.406 2.032 1.35927 0 2.58415e+161 2.58415e+161 
 3.699 0.658 0.843119 9.57005e-321 1.55716e+142 3.62183 2.19996 -3.1396 0.711747 0.976718 0.242163 4.404 2.032 1.35928 0 2.58415e+161 2.58415e+161 
 3.69 0.675 0.84312 9.57005e-321 1.55716e+142 3.61683 2.19695 -2.60098 0.703685 0.978227 0.245192 4.399 2.029 1.35928 0 2.58415e+161 2.58415e+161 
 3.694 0.67 0.843118 9.57005e-321 1.55716e+142 3.61983 2.19395 -0.785439 0.704305 0.978435 0.245035 4.402 2.026 1.35928 0 2.58415e+161 2.58415e+161 
 3.691 0.682 0.843119 9.57005e-321 1.55716e+142 3.61583 2.19496 2.89588 0.69888 0.981158 0.24752 4.398 2.027 1.35928 0 2.58415e+161 2.58415e+161 
 3.721 0.682 0.843119 9.57005e-321 1.55716e+142 3.61583 2.19196 -1.57074 0.688203 0.999325 0.255655 4.398 2.024 1.35928 0 2.58415e+161 2.58415e+161 
 3.706 0.666 0.843118 9.57005e-321 1.55716e+142 3.61883 2.19396 0.587789 0.70214 0.985245 0.247402 4.401 2.026 1.35928 0 2.58415e+161 2.58415e+161 
 3.702 0.664 0.843118 9.57005e-321 1.55716e+142 3.61983 2.19196 -1.1069 0.703689 0.982344 0.246182 4.402 2.024 1.35928 0 2.58415e+161 2.58415e+161 
 3.708 0.681 0.843119 9.57005e-321 1.55716e+142 3.61983 2.19296 1.57073 0.694393 0.989042 0.250973 4.402 2.025 1.35927 0 2.58415e+161 2.58415e+161 
 3.699 0.675 0.843119 9.57005e-321 1.55716e+142 3.61683 2.19596 2.35624 0.700435 0.983724 0.247613 4.399 2.028 1.35928 0 2.58415e+161 2.58415e+161 
 3.692 0.67 0.843118 9.57005e-321 1.55716e+142 3.61983 2.19496 -0.321417 0.705392 0.977059 0.244342 4.402 2.027 1.35927 0 2.58415e+161 2.58415e+161 
 3.71 0.683 0.843117 9.57005e-321 1.55716e+142 3.61783 2.19096 -2.03439 0.691296 0.992203 0.252822 4.4 2.023 1.35927 0 2.58415e+161 2.58415e+161 
 3.697 0.679 0.843118 9.57005e-321 1.55716e+142 3.61583 2.19196 2.67906 0.697022 0.984721 0.249018 4.398 2.024 1.35928 0 2.58415e+161 2.58415e+161 
 3.696 0.66 0.843117 9.57005e-321 1.55716e+142 3.61283 2.19196 -3.14152 0.705237 0.982139 0.245613 4.395 2.024 1.35928 0 2.58415e+161 2.58415e+161 
 3.709 0.655 0.843117 9.57005e-321 1.55716e+142 3.61283 2.18695 -1.57095 0.701207 0.989604 0.248769 4.395 2.019 1.35928 0 2.58415e+161 2.58415e+161 
 3.712 0.676 0.843117 9.57005e-321 1.55716e+142 3.61283 2.18295 -1.5707 0.688663 0.996494 0.254798 4.395 2.015 1.35928 0 2.58415e+161 2.58415e+161 
 3.701 0.672 0.843117 9.57005e-321 1.55716e+142 3.60783 2.18496 2.76085 0.693309 0.991762 0.252012 4.39 2.017 1.35928 0 2.58415e+161 2.58415e+161 
 3.702 0.658 0.843117 9.57005e-321 1.55716e+142 3.60583 2.18496 3.14093 0.698886 0.990625 0.249808 4.388 2.017 1.35928 0 2.58415e+161 2.58415e+161 
 3.705 0.667 0.843118 9.57005e-321 1.55716e+142 3.60783 2.18396 -0.463707 0.693931 0.993256 0.252159 4.39 2.016 1.35928 0 2.58415e+161 2.58415e+161 
 3.699 0.655 0.843118 9.57005e-321 1.55716e+142 3.60983 2.18196 -0.785467 0.701055 0.986601 0.248097 4.392 2.014 1.35928 0 2.58415e+161 2.58415e+161 
 3.705 0.662 0.843118 9.57005e-321 1.55716e+142 3.60783 2.18096 -2.67871 0.694861 0.992842 0.251735 4.39 2.013 1.35927 0 2.58415e+161 2.58415e+161 
 3.692 0.659 0.843118 9.57005e-321 1.55716e+142 3.60883 2.18896 1.44647 0.704308 0.982532 0.246019 4.391 2.021 1.35928 0 2.58415e+161 2.58415e+161 
 3.683 0.677 0.843118 9.57005e-321 1.55716e+142 3.61083 2.19196 0.983034 0.70074 0.978981 0.246364 4.393 2.024 1.35927 0 2.58415e+161 2.58415e+161 
 3.701 0.687 0.843118 9.57005e-321 1.55716e+142 3.61083 2.19396 1.57093 0.69145 0.991233 0.252532 4.393 2.026 1.35927 0 2.58415e+161 2.58415e+161 
 3.712 0.677 0.843117 9.57005e-321 1.55716e+142 3.61283 2.19395 -0.00175351 0.69331 0.994409 0.252655 4.395 2.026 1.35928 0 2.58415e+161 2.58415e+161 
 3.7 0.66 0.843117 9.57005e-321 1.55716e+142 3.61383 2.19695 1.24904 0.706631 0.982881 0.245326 4.396 2.029 1.35928 0 2.58415e+161 2.58415e+161 
 3.701 0.68 0.843117 9.57005e-321 1.55716e+142 3.61383 2.19696 1.35928 0.697025 0.98745 0.249679 4.396 2.029 1.35928 0 2.58415e+161 2.58415e+161 
 3.702 0.684 0.843118 9.57005e-321 1.55716e+142 3.61783 2.19596 -0.244911 0.695629 0.986692 0.249975 4.4 2.028 1.35928 0 2.58415e+161 2.58415e+161 
 3.69 0.667 0.843118 9.57005e-321 1.55716e+142 3.61583 2.19596 3.14068 0.706632 0.977472 0.244029 4.398 2.028 1.35928 0 2.58415e+161 2.58415e+161 
 3.704 0.692 0.843117 9.57005e-321 1.55716e+142 3.61783 2.19696 0.463727 0.691756 0.98928 0.251948 4.4 2.029 1.35928 0 2.58415e+161 2.58415e+161 
 3.694 0.688 0.843116 9.57005e-321 1.55716e+142 3.62083 2.19896 0.588689 0.698569 0.980353 0.247431 4.403 2.031 1.35927 0 2.58415e+161 2.58415e+161 
 3.697 0.67 0.843117 9.57005e-321 1.55716e+142 3.61883 2.19696 -2.35619 0.704465 0.980204 0.245407 4.401 2.029 1.35927 0 2.58415e+161 2.58415e+161 
 3.689 0.661 0.843118 9.57005e-321 1.55716e+142 3.61883 2.20296 1.57078 0.713921 0.972653 0.240488 4.401 2.035 1.35927 0 2.58415e+161 2.58415e+161 
 3.698 0.684 0.843119 9.57005e-321 1.55716e+142 3.61583 2.19896 -2.21423 0.697646 0.984912 0.24885 4.398 2.031 1.35927 0 2.58415e+161 2.58415e+161 
 3.696 0.681 0.843118 9.57005e-321 1.55716e+142 3.61583 2.19596 -1.57081 0.698264 0.983733 0.248353 4.398 2.028 1.35927 0 2.58415e+161 2.58415e+161 
 3.698 0.679 0.843119 9.57005e-321 1.55716e+142 3.61083 2.19296 -2.60093 0.695633 0.988051 0.250304 4.393 2.025 1.35927 0 2.58415e+161 2.58415e+161 
 3.693 0.673 0.843119 9.57005e-321 1.55716e+142 3.61083 2.18996 -1.57079 0.698575 0.984516 0.248437 4.393 2.022 1.35927 0 2.58415e+161 2.58415e+161 
 3.713 0.681 0.84312 9.57005e-321 1.55716e+142 3.61583 2.19396 0.674532 0.692073 0.994082 0.253009 4.398 2.026 1.35928 0 2.58415e+161 2.58415e+161 
 3.689 0.668 0.843119 9.57005e-321 1.55716e+142 3.61683 2.19296 -0.78337 0.705392 0.977059 0.244341 4.399 2.025 1.35927 0 2.58415e+161 2.58415e+161 
 3.709 0.668 0.843119 9.57005e-321 1.55716e+142 3.61983 2.19896 1.10706 0.702915 0.985798 0.247274 4.402 2.031 1.35928 0 2.58415e+161 2.58415e+161 
 3.714 0.679 0.843118 9.57005e-321 1.55716e+142 3.62383 2.20095 0.463192 0.69842 0.988188 0.249379 4.406 2.033 1.35928 0 2.58415e+161 2.58415e+161 
 3.693 0.682 0.843118 9.57005e-321 1.55716e+142 3.61783 2.19995 -2.97638 0.701204 0.980187 0.246499 4.4 2.032 1.35928 0 2.58415e+161 2.58415e+161 
 3.686 0.66 0.843119 9.57005e-321 1.55716e+142 3.61083 2.19095 -2.23184 0.707251 0.977673 0.243872 4.393 2.023 1.35928 0 2.58415e+161 2.58415e+161 
 3.702 0.676 0.84312 9.57005e-321 1.55716e+142 3.61283 2.19395 0.982912 0.696872 0.988413 0.249965 4.395 2.026 1.35928 0 2.58415e+161 2.58415e+161 
 3.687 0.683 0.843118 9.57005e-321 1.55716e+142 3.61383 2.20095 1.42891 0.701823 0.978999 0.246003 4.396 2.033 1.35928 0 2.58415e+161 2.58415e+161 
 3.694 0.68 0.843118 9.57005e-321 1.55716e+142 3.60883 2.19595 -2.35626 0.697179 0.98648 0.24939 4.391 2.028 1.35928 0 2.58415e+161 2.58415e+161 
 3.693 0.677 0.843118 9.57005e-321 1.55716e+142 3.61695 2.20152 0.600929 0.703988 0.979432 0.245381 4.399 2.033 1.35855 0 2.58415e+161 2.58415e+161 
 3.691 0.67 0.84312 9.57005e-321 1.55716e+142 3.61916 2.19847 -0.945669 0.707126 0.976194 0.243558 4.401 2.029 1.35734 0 2.58415e+161 2.58415e+161 
 3.698 0.685 0.84312 9.57005e-321 1.55716e+142 3.60417 2.19652 -3.01249 0.692439 0.992439 0.25248 4.386 2.027 1.35727 0 2.58415e+161 2.58415e+161 
 3.697 0.671 0.843121 9.57005e-321 1.55716e+142 3.58906 2.17402 -2.16213 0.684125 1.0024 0.257868 4.371 2.005 1.35791 0 2.58415e+161 2.58415e+161 
 3.717 0.677 0.84312 9.57005e-321 1.55716e+142 3.57585 2.14306 -1.97397 0.656701 1.02979 0.275105 4.358 1.975 1.35915 0 2.58415e+161 2.58415e+161 
 3.691 0.69 0.84312 9.57005e-321 1.55716e+142 3.56854 2.12562 -1.96763 0.648328 1.02604 0.277516 4.351 1.959 1.36099 0 2.58415e+161 2.58415e+161 
 3.69 0.679 0.843119 9.57005e-321 1.55716e+142 3.5646 2.10789 -1.78958 0.644297 1.02939 0.280029 4.347 1.941 1.36063 0 2.58415e+161 2.58415e+161 
 3.691 0.685 0.843119 9.57005e-321 1.55716e+142 3.56171 2.1074 -2.97363 0.640085 1.03329 0.282787 4.344 1.94 1.35998 0 2.58415e+161 2.58415e+161 
 3.697 0.68 0.843119 9.57005e-321 1.55716e+142 3.5637 2.10434 -0.994842 0.639752 1.03524 0.283432 4.346 1.937 1.36006 0 2.58415e+161 2.58415e+161 
 3.696 0.675 0.843119 9.57005e-321 1.55716e+142 3.55995 2.1105 2.11769 0.64409 1.03418 0.281349 4.342 1.942 1.35858 0 2.58415e+161 2.58415e+161 
 3.716 0.676 0.84312 9.57005e-321 1.55716e+142 3.56279 2.11278 0.674082 0.639396 1.04385 0.285814 4.345 1.945 1.35951 0 2.58415e+161 2.58415e+161 
 3.705 0.695 0.843121 9.57005e-321 1.55716e+142 3.56892 2.12037 0.891616 0.639372 1.03665 0.283958 4.351 1.952 1.35875 0 2.58415e+161 2.58415e+161 
 3.696 0.65 0.843121 9.57005e-321 1.55716e+142 3.57006 2.12604 1.37152 0.666035 1.01874 0.268665 4.352 1.957 1.35789 0 2.58415e+161 2.58415e+161 
 3.71 0.69 0.843121 9.57005e-321 1.55716e+142 3.56831 2.15416 1.63325 0.655653 1.03055 0.275717 4.35 1.984 1.35646 0 2.58415e+161 2.58415e+161 
 3.701 0.674 0.843121 9.57005e-321 1.55716e+142 3.56333 2.17125 1.85438 0.672247 1.02049 0.266735 4.345 2.001 1.35634 0 2.58415e+161 2.58415e+161 
 3.696 0.664 0.84312 9.57005e-321 1.55716e+142 3.55936 2.1794 2.02357 0.680985 1.01575 0.2623 4.341 2.009 1.35615 0 2.58415e+161 2.58415e+161 
 3.716 0.677 0.84312 9.57005e-321 1.55716e+142 3.55433 2.18527 2.27917 0.669921 1.03087 0.270207 4.336 2.015 1.35632 0 2.58415e+161 2.58415e+161 
 3.696 0.685 0.843121 9.57005e-321 1.55716e+142 3.55338 2.19051 1.74958 0.674549 1.02129 0.266065 4.335 2.02 1.35601 0 2.58415e+161 2.58415e+161 
 3.701 0.677 0.84312 9.57005e-321 1.55716e+142 3.55739 2.19056 0.0121175 0.677973 1.01996 0.264453 4.339 2.02 1.35594 0 2.58415e+161 2.58415e+161 
 3.705 0.686 0.843118 9.57005e-321 1.55716e+142 3.56138 2.19249 0.449916 0.674687 1.02161 0.266094 4.343 2.022 1.35604 0 2.58415e+161 2.58415e+161 
 3.683 0.676 0.843117 9.57005e-321 1.55716e+142 3.56637 2.19346 0.192333 0.688138 1.00422 0.256876 4.348 2.023 1.35608 0 2.58415e+161 2.58415e+161 
 3.694 0.689 0.843117 9.57005e-321 1.55716e+142 3.55637 2.18943 -2.75926 0.673735 1.01974 0.265985 4.338 2.019 1.35611 0 2.58415e+161 2.58415e+161 
 3.691 0.686 0.843119 9.57005e-321 1.55716e+142 3.55537 2.18744 -2.03466 0.67482 1.0184 0.265244 4.337 2.017 1.3561 0 2.58415e+161 2.58415e+161 
 3.69 0.672 0.843119 9.57005e-321 1.55716e+142 3.55436 2.18741 -3.1129 0.681298 1.0152 0.26205 4.336 2.017 1.35614 0 2.58415e+161 2.58415e+161 
 3.696 0.67 0.84312 9.57005e-321 1.55716e+142 3.55935 2.18638 -0.203464 0.681436 1.01553 0.26208 4.341 2.016 1.35618 0 2.58415e+161 2.58415e+161 
 3.69 0.674 0.843119 9.57005e-321 1.55716e+142 3.56234 2.18731 0.301544 0.682794 1.01129 0.260538 4.344 2.017 1.35627 0 2.58415e+161 2.58415e+161 
 3.693 0.685 0.843118 9.57005e-321 1.55716e+142 3.56033 2.18226 -1.94981 0.673798 1.01771 0.265457 4.342 2.012 1.35633 0 2.58415e+161 2.58415e+161 
 3.698 0.692 0.843118 9.57005e-321 1.55716e+142 3.55732 2.18521 2.36683 0.669439 1.0231 0.268453 4.339 2.015 1.3564 0 2.58415e+161 2.58415e+161 
 3.714 0.68 0.843118 9.57005e-321 1.55716e+142 3.56131 2.18516 -0.0113595 0.671262 1.02683 0.268689 4.343 2.015 1.35646 0 2.58415e+161 2.58415e+161 
 3.697 0.681 0.843117 9.57005e-321 1.55716e+142 3.56231 2.18517 0.00834708 0.676378 1.01725 0.264377 4.344 2.015 1.35645 0 2.58415e+161 2.58415e+161 
 3.681 0.688 0.843116 9.57005e-321 1.55716e+142 3.5643 2.18413 -0.483057 0.67821 1.00893 0.261637 4.346 2.014 1.3565 0 2.58415e+161 2.58415e+161 
 3.696 0.678 0.843118 9.57005e-321 1.55716e+142 3.56429 2.19211 1.57133 0.681912 1.01334 0.261366 4.346 2.022 1.35653 0 2.58415e+161 2.58415e+161 
 3.702 0.67 0.843119 9.57005e-321 1.55716e+142 3.56028 2.18806 -2.35132 0.680642 1.0179 0.262956 4.342 2.018 1.35659 0 2.58415e+161 2.58415e+161 
 3.71 0.666 0.843119 9.57005e-321 1.55716e+142 3.55929 2.18507 -1.89306 0.678322 1.02248 0.264948 4.341 2.015 1.35657 0 2.58415e+161 2.58415e+161 
 3.706 0.678 0.843118 9.57005e-321 1.55716e+142 3.56228 2.18605 0.316076 0.675382 1.0213 0.265755 4.344 2.016 1.3566 0 2.58415e+161 2.58415e+161 
 3.697 0.68 0.843118 9.57005e-321 1.55716e+142 3.56728 2.18703 0.193913 0.679245 1.01384 0.26247 4.349 2.017 1.35662 0 2.58415e+161 2.58415e+161 
 3.693 0.671 0.843118 9.57005e-321 1.55716e+142 3.56628 2.18404 -1.8927 0.682961 1.01082 0.260364 4.348 2.014 1.35662 0 2.58415e+161 2.58415e+161 
 3.683 0.675 0.843119 9.57005e-321 1.55716e+142 3.56728 2.18104 -1.24789 0.683121 1.00619 0.259165 4.349 2.011 1.35661 0 2.58415e+161 2.58415e+161 
 3.703 0.683 0.843118 9.57005e-321 1.55716e+142 3.57027 2.17801 -0.792709 0.672736 1.01826 0.265993 4.352 2.008 1.35665 0 2.58415e+161 2.58415e+161 
 3.691 0.687 0.843117 9.57005e-321 1.55716e+142 3.56826 2.18195 2.04248 0.675799 1.01264 0.263448 4.35 2.012 1.35672 0 2.58415e+161 2.58415e+161 
 3.687 0.674 0.843117 9.57005e-321 1.55716e+142 3.57127 2.18297 0.327042 0.684475 1.00556 0.258521 4.353 2.013 1.3567 0 2.58415e+161 2.58415e+161 
 3.701 0.676 0.843117 9.57005e-321 1.55716e+142 3.56726 2.18696 2.35741 0.679825 1.01517 0.262585 4.349 2.017 1.35671 0 2.58415e+161 2.58415e+161 
 3.672 0.691 0.843118 9.57005e-321 1.55716e+142 3.56526 2.18494 -2.35204 0.680277 1.00366 0.259574 4.347 2.015 1.35674 0 2.58415e+161 2.58415e+161 
 3.695 0.671 0.843118 9.57005e-321 1.55716e+142 3.56126 2.18593 2.89903 0.681665 1.01427 0.261687 4.343 2.016 1.35675 0 2.58415e+161 2.58415e+161 
 3.699 0.66 0.843118 9.57005e-321 1.55716e+142 3.56525 2.1859 -0.0089633 0.686747 1.0118 0.259231 4.347 2.016 1.3568 0 2.58415e+161 2.58415e+161 
 3.691 0.692 0.843117 9.57005e-321 1.55716e+142 3.56524 2.18788 1.57296 0.675296 1.01414 0.264008 4.347 2.018 1.35682 0 2.58415e+161 2.58415e+161 
 3.701 0.673 0.843115 9.57005e-321 1.55716e+142 3.56324 2.18586 -2.35236 0.679456 1.01695 0.263159 4.345 2.016 1.35685 0 2.58415e+161 2.58415e+161 
 3.692 0.664 0.843115 9.57005e-321 1.55716e+142 3.56023 2.18882 2.36351 0.686861 1.01097 0.258986 4.342 2.019 1.35689 0 2.58415e+161 2.58415e+161 
 3.716 0.695 0.843114 9.57005e-321 1.55716e+142 3.55925 2.18689 -2.04223 0.663851 1.03222 0.272898 4.341 2.017 1.35681 0 2.58415e+161 2.58415e+161 
 3.7 0.677 0.843113 9.57005e-321 1.55716e+142 3.56625 2.1869 0.00237487 0.679328 1.01542 0.26283 4.348 2.017 1.35679 0 2.58415e+161 2.58415e+161 
 3.695 0.687 0.843112 9.57005e-321 1.55716e+142 3.57124 2.19086 0.669889 0.679614 1.01123 0.261688 4.353 2.021 1.35685 0 2.58415e+161 2.58415e+161 
 3.699 0.66 0.843113 9.57005e-321 1.55716e+142 3.57323 2.19382 0.97925 0.692896 1.0057 0.255548 4.355 2.024 1.35689 0 2.58415e+161 2.58415e+161 
 3.696 0.662 0.843111 9.57005e-321 1.55716e+142 3.56423 2.19479 3.03431 0.690554 1.00919 0.257228 4.346 2.025 1.35693 0 2.58415e+161 2.58415e+161 
 3.688 0.679 0.843112 9.57005e-321 1.55716e+142 3.56723 2.18882 -1.1044 0.683309 1.00822 0.259597 4.349 2.019 1.35689 0 2.58415e+161 2.58415e+161 
 3.716 0.682 0.843112 9.57005e-321 1.55716e+142 3.56823 2.18882 0.00339204 0.673556 1.02379 0.26706 4.35 2.019 1.35689 0 2.58415e+161 2.58415e+161 
 3.7 0.666 0.843112 9.57005e-321 1.55716e+142 3.56724 2.18584 -1.89309 0.684242 1.01263 0.260342 4.349 2.016 1.35687 0 2.58415e+161 2.58415e+161 
 3.698 0.675 0.843114 9.57005e-321 1.55716e+142 3.56923 2.19082 1.18953 0.683613 1.01134 0.260253 4.351 2.021 1.3569 0 2.58415e+161 2.58415e+161 
 3.705 0.669 0.843114 9.57005e-321 1.55716e+142 3.57024 2.19087 0.0486519 0.684563 1.01326 0.26038 4.352 2.021 1.35684 0 2.58415e+161 2.58415e+161 
 3.705 0.67 0.843114 9.57005e-321 1.55716e+142 3.56724 2.18586 -2.11081 0.680846 1.01626 0.262477 4.349 2.016 1.35685 0 2.58415e+161 2.58415e+161 
 3.717 0.675 0.843114 9.57005e-321 1.55716e+142 3.56825 2.18589 0.0330226 0.675136 1.02336 0.266358 4.35 2.016 1.3568 0 2.58415e+161 2.58415e+161 
 3.72 0.7 0.843113 9.57005e-321 1.55716e+142 3.57024 2.18188 -1.10893 0.661377 1.03082 0.273515 4.352 2.012 1.35682 0 2.58415e+161 2.58415e+161 
 3.699 0.672 0.843114 9.57005e-321 1.55716e+142 3.57425 2.17889 -0.640362 0.680718 1.0111 0.261252 4.356 2.009 1.3568 0 2.58415e+161 2.58415e+161 
 3.71 0.667 0.843114 9.57005e-321 1.55716e+142 3.56934 2.1823 2.53519 0.679689 1.01797 0.263325 4.351 2.012 1.35628 0 2.58415e+161 2.58415e+161 
 3.723 0.661 0.844132 9.57005e-321 1.55716e+142 3.57342 2.1827 0.0974169 0.680441 1.02041 0.263649 4.355 2.012 1.35577 0 2.58415e+161 2.58415e+161 
 3.695 0.692 0.869208 9.57005e-321 1.55716e+142 3.57452 2.18316 0.396761 0.687998 0.988758 0.253138 4.356 2.012 1.35518 0 2.58415e+161 2.58415e+161 
 3.74 0.76 0.918392 9.57005e-321 1.55716e+142 3.57461 2.18956 1.55714 0.669419 0.98456 0.258801 4.356 2.018 1.35467 0 2.58415e+161 2.58415e+161 
 3.787 0.79 1.00747 9.57005e-321 1.55716e+142 3.57674 2.19415 1.13648 0.685398 0.932329 0.240125 4.358 2.022 1.35391 0 2.58415e+161 2.58415e+161 
 3.836 0.867 1.11183 9.57005e-321 1.55716e+142 3.57885 2.19366 -0.228215 0.67675 0.87557 0.228804 4.36 2.021 1.35326 0 2.58415e+161 2.58415e+161 
 3.893 0.921 1.21329 9.57005e-321 1.55716e+142 3.58398 2.19622 0.463686 0.676189 0.81663 0.214055 4.365 2.023 1.35254 0 2.58415e+161 2.58415e+161 
 3.923 0.996 1.31266 9.57005e-321 1.55716e+142 3.58117 2.19607 -3.08695 0.660798 0.750453 0.201644 4.362 2.022 1.35145 0 2.58415e+161 2.58415e+161 
 3.971 1.041 1.40426 9.57005e-321 1.55716e+142 3.58422 2.1923 -0.889692 0.654855 0.695908 0.189001 4.365 2.018 1.35115 0 2.58415e+161 2.58415e+161 
 3.988 1.086 1.49229 9.57005e-321 1.55716e+142 3.58022 2.19331 2.89486 0.649553 0.620001 0.170149 4.361 2.019 1.35115 0 2.58415e+161 2.58415e+161 
 4.027 1.161 1.57156 9.57005e-321 1.55716e+142 3.57622 2.19429 2.90235 0.62469 0.595225 0.169857 4.357 2.02 1.35117 0 2.58415e+161 2.58415e+161 
 4.011 1.206 1.64159 9.57005e-321 1.55716e+142 3.57222 2.1943 3.13919 0.609834 0.509142 0.149163 4.353 2.02 1.35116 0 2.58415e+161 2.58415e+161 
 4.018 1.307 1.70656 9.57005e-321 1.55716e+142 3.56722 2.19432 3.13795 0.563127 0.494507 0.156769 4.348 2.02 1.35114 0 2.58415e+161 2.58415e+161 
 4.003 1.328 1.73092 9.57005e-321 1.55716e+142 3.57328 2.19797 0.543121 0.553436 0.443949 0.143399 4.353 2.019 1.34517 0 2.58415e+161 2.58415e+161 
 4.025 1.378 1.72018 9.57005e-321 1.55716e+142 3.58558 2.20458 0.492837 0.529085 0.503434 0.169627 4.364 2.02 1.33797 0 2.58415e+161 2.58415e+161 
 4.015 1.388 1.71846 9.57005e-321 1.55716e+142 3.59891 2.21095 0.445849 0.523495 0.476705 0.162467 4.377 2.025 1.33621 0 2.58415e+161 2.58415e+161 
 3.999 1.368 1.72016 9.57005e-321 1.55716e+142 3.60683 2.2176 0.698595 0.53544 0.422108 0.14096 4.385 2.032 1.33666 0 2.58415e+161 2.58415e+161 
 4.014 1.371 1.72162 9.57005e-321 1.55716e+142 3.60995 2.22612 1.21941 0.540358 0.432812 0.143188 4.388 2.04 1.33599 0 2.58415e+161 2.58415e+161 
 4.014 1.358 1.72112 9.57005e-321 1.55716e+142 3.60992 2.21998 -1.57621 0.544193 0.428955 0.140943 4.388 2.034 1.33617 0 2.58415e+161 2.58415e+161 
 4.004 1.365 1.72109 9.57005e-321 1.55716e+142 3.60592 2.21997 -3.13752 0.539391 0.425423 0.141025 4.384 2.034 1.33619 0 2.58415e+161 2.58415e+161 
 4.006 1.349 1.72101 9.57005e-321 1.55716e+142 3.60189 2.21687 -2.48564 0.547518 0.425232 0.138897 4.38 2.031 1.33631 0 2.58415e+161 2.58415e+161 
 4.01 1.377 1.72103 9.57005e-321 1.55716e+142 3.60489 2.21888 0.588742 0.532944 0.444233 0.148927 4.383 2.033 1.33631 0 2.58415e+161 2.58415e+161 
 4.008 1.365 1.721 9.57005e-321 1.55716e+142 3.6039 2.2179 -2.36408 0.539037 0.435297 0.144347 4.382 2.032 1.33628 0 2.58415e+161 2.58415e+161 
 4.009 1.366 1.72101 9.57005e-321 1.55716e+142 3.6009 2.21888 2.82386 0.539586 0.440815 0.146005 4.379 2.033 1.3363 0 2.58415e+161 2.58415e+161 
 3.995 1.358 1.72105 9.57005e-321 1.55716e+142 3.60389 2.22084 0.580058 0.542899 0.410531 0.135281 4.382 2.035 1.33635 0 2.58415e+161 2.58415e+161 
 4.018 1.358 1.7211 9.57005e-321 1.55716e+142 3.60388 2.21981 -1.57938 0.545478 0.442831 0.145101 4.382 2.034 1.3364 0 2.58415e+161 2.58415e+161 
 4.007 1.364 1.721 9.57005e-321 1.55716e+142 3.60687 2.21878 -0.328612 0.539557 0.428522 0.141996 4.385 2.033 1.33643 0 2.58415e+161 2.58415e+161 
 4.013 1.37 1.72098 9.57005e-321 1.55716e+142 3.60688 2.21681 -1.56827 0.535868 0.442306 0.147493 4.385 2.031 1.3364 0 2.58415e+161 2.58415e+161 
 4.008 1.354 1.72097 9.57005e-321 1.55716e+142 3.60887 2.2158 -0.467716 0.543389 0.422465 0.13904 4.387 2.03 1.33641 0 2.58415e+161 2.58415e+161 
 4.006 1.35 1.72098 9.57005e-321 1.55716e+142 3.60686 2.21875 2.16941 0.54733 0.417875 0.136571 4.385 2.033 1.33648 0 2.58415e+161 2.58415e+161 
 4.009 1.354 1.72101 9.57005e-321 1.55716e+142 3.60387 2.21578 -2.36072 0.544209 0.430702 0.141505 4.382 2.03 1.33643 0 2.58415e+161 2.58415e+161 
 4.001 1.354 1.72105 9.57005e-321 1.55716e+142 3.60288 2.21883 1.88485 0.544976 0.41896 0.137505 4.381 2.033 1.33637 0 2.58415e+161 2.58415e+161 
 4.016 1.361 1.72101 9.57005e-321 1.55716e+142 3.60288 2.21182 -1.57089 0.539118 0.449123 0.148843 4.381 2.026 1.33638 0 2.58415e+161 2.58415e+161 
 4.018 1.361 1.72093 9.57005e-321 1.55716e+142 3.59888 2.20883 -2.49922 0.53826 0.459516 0.152474 4.377 2.023 1.33637 0 2.58415e+161 2.58415e+161 
 4.011 1.362 1.72102 9.57005e-321 1.55716e+142 3.60388 2.21382 0.784375 0.538847 0.440182 0.145995 4.382 2.028 1.33638 0 2.58415e+161 2.58415e+161 
 3.996 1.357 1.72106 9.57005e-321 1.55716e+142 3.60387 2.21278 -1.58064 0.539031 0.416606 0.138231 4.382 2.027 1.33644 0 2.58415e+161 2.58415e+161 
 4.008 1.352 1.72106 9.57005e-321 1.55716e+142 3.59985 2.21171 -2.88312 0.543461 0.436156 0.143467 4.378 2.026 1.33652 0 2.58415e+161 2.58415e+161 
 3.991 1.349 1.72109 9.57005e-321 1.55716e+142 3.60186 2.21275 0.475705 0.543148 0.407125 0.134112 4.38 2.027 1.33647 0 2.58415e+161 2.58415e+161 
 4.019 1.358 1.72115 9.57005e-321 1.55716e+142 3.60386 2.21073 -0.791367 0.540495 0.450365 0.148874 4.382 2.025 1.3365 0 2.58415e+161 2.58415e+161 
 4.019 1.347 1.7212 9.57005e-321 1.55716e+142 3.60686 2.21075 0.00653116 0.546313 0.438666 0.143538 4.385 2.025 1.33647 0 2.58415e+161 2.58415e+161 
 4.022 1.345 1.72116 9.57005e-321 1.55716e+142 3.60586 2.20974 -2.35197 0.547424 0.443478 0.144801 4.384 2.024 1.33649 0 2.58415e+161 2.58415e+161 
 4.01 1.342 1.72113 9.57005e-321 1.55716e+142 3.60286 2.21175 2.55134 0.549009 0.427942 0.139396 4.381 2.026 1.33648 0 2.58415e+161 2.58415e+161 
 4.015 1.349 1.72111 9.57005e-321 1.55716e+142 3.59586 2.21175 3.14128 0.54671 0.448957 0.146753 4.374 2.026 1.33647 0 2.58415e+161 2.58415e+161 
 4.019 1.355 1.72106 9.57005e-321 1.55716e+142 3.59984 2.21267 0.228458 0.54384 0.452534 0.148674 4.378 2.027 1.33657 0 2.58415e+161 2.58415e+161 
 4.017 1.351 1.72103 9.57005e-321 1.55716e+142 3.60283 2.21161 -0.340966 0.544803 0.443806 0.145594 4.381 2.026 1.33664 0 2.58415e+161 2.58415e+161 
 4.008 1.339 1.72102 9.57005e-321 1.55716e+142 3.60383 2.20762 -1.32523 0.547951 0.424797 0.138649 4.382 2.022 1.33664 0 2.58415e+161 2.58415e+161 
 4.012 1.353 1.721 9.57005e-321 1.55716e+142 3.60083 2.20762 -3.14093 0.540991 0.44385 0.146619 4.379 2.022 1.33664 0 2.58415e+161 2.58415e+161 
 3.999 1.352 1.72106 9.57005e-321 1.55716e+142 3.60584 2.20966 0.386474 0.540237 0.416791 0.137987 4.384 2.024 1.33659 0 2.58415e+161 2.58415e+161 
 4.016 1.337 1.72107 9.57005e-321 1.55716e+142 3.60385 2.20971 3.11254 0.551373 0.432848 0.140377 4.382 2.024 1.33652 0 2.58415e+161 2.58415e+161 
 4.004 1.36 1.72115 9.57005e-321 1.55716e+142 3.60284 2.20767 -2.02997 0.535688 0.434559 0.144994 4.381 2.022 1.33657 0 2.58415e+161 2.58415e+161 
 3.988 1.352 1.72116 9.57005e-321 1.55716e+142 3.60185 2.20569 -2.03668 0.537045 0.409431 0.136376 4.38 2.02 1.33655 0 2.58415e+161 2.58415e+161 
 4.009 1.352 1.72114 9.57005e-321 1.55716e+142 3.60284 2.20564 -0.0519099 0.539758 0.437441 0.144857 4.381 2.02 1.33661 0 2.58415e+161 2.58415e+161 
 4.003 1.347 1.72116 9.57005e-321 1.55716e+142 3.60584 2.20567 0.00870039 0.541366 0.42155 0.139255 4.384 2.02 1.33658 0 2.58415e+161 2.58415e+161 
 4.012 1.359 1.72119 9.57005e-321 1.55716e+142 3.60384 2.20664 2.68923 0.536648 0.444247 0.147919 4.382 2.021 1.33661 0 2.58415e+161 2.58415e+161 
 4.01 1.348 1.72121 9.57005e-321 1.55716e+142 3.60783 2.20563 -0.248934 0.54147 0.429117 0.141695 4.386 2.02 1.33663 0 2.58415e+161 2.58415e+161 
 4.008 1.361 1.72118 9.57005e-321 1.55716e+142 3.60784 2.20165 -1.5696 0.531578 0.437953 0.147224 4.386 2.016 1.3366 0 2.58415e+161 2.58415e+161 
 4.007 1.346 1.7212 9.57005e-321 1.55716e+142 3.60985 2.20468 0.986175 0.541377 0.421482 0.13923 4.388 2.019 1.33656 0 2.58415e+161 2.58415e+161 
 4.004 1.359 1.72109 9.57005e-321 1.55716e+142 3.60584 2.21164 2.09366 0.538082 0.427095 0.141912 4.384 2.026 1.33662 0 2.58415e+161 2.58415e+161 
 3.996 1.345 1.72106 9.57005e-321 1.55716e+142 3.60584 2.21265 1.56743 0.545499 0.406045 0.133191 4.384 2.027 1.3366 0 2.58415e+161 2.58415e+161 
 4.019 1.357 1.72105 9.57005e-321 1.55716e+142 3.60284 2.20766 -2.11143 0.539454 0.453334 0.150126 4.381 2.022 1.33659 0 2.58415e+161 2.58415e+161 
 4.011 1.357 1.72098 9.57005e-321 1.55716e+142 3.60085 2.20468 -2.16106 0.536924 0.447264 0.148833 4.379 2.019 1.33656 0 2.58415e+161 2.58415e+161 
 4.009 1.355 1.72093 9.57005e-321 1.55716e+142 3.60084 2.20567 1.57352 0.53833 0.442526 0.1469 4.379 2.02 1.33658 0 2.58415e+161 2.58415e+161 
 4.014 1.352 1.72091 9.57005e-321 1.55716e+142 3.60184 2.20666 0.782061 0.541141 0.445318 0.147057 4.38 2.021 1.33659 0 2.58415e+161 2.58415e+161 
 4.012 1.337 1.72084 9.57005e-321 1.55716e+142 3.60284 2.20363 -1.2533 0.547494 0.433202 0.141473 4.381 2.018 1.33662 0 2.58415e+161 2.58415e+161 
 4.014 1.344 1.72083 9.57005e-321 1.55716e+142 3.60283 2.20162 -1.57281 0.542668 0.442044 0.145586 4.381 2.016 1.33664 0 2.58415e+161 2.58415e+161 
 4.016 1.359 1.72078 9.57005e-321 1.55716e+142 3.59882 2.20557 2.36329 0.537258 0.457979 0.152251 4.377 2.02 1.3367 0 2.58415e+161 2.58415e+161 
