 1.415 4.641 0.0161897 0 0 2.299 2.35 -0.531179 0 0 0 2.299 2.35 0 0 0 0 
 1.411 4.641 0.0162057 0 0 2.301 2.351 -0.533357 0.819711 -1.60422 -0.523599 2.301 2.351 0 0 0 0 
 1.411 4.642 0.0140784 0 0 2.3 2.352 -0.533357 0.822041 -1.60341 -0.523599 2.3 2.352 0 0 0 0 
 1.42 4.641 -0.000437898 0 0 2.307 2.354 -0.539914 0.840614 -1.59664 -0.523599 2.307 2.354 0 0 0 0 
 1.443 4.642 -0.033917 0 0 2.298 2.347 -0.528281 0.866741 -1.58612 -0.523599 2.298 2.347 0 0 0 0 
 1.501 4.643 -0.0970955 0 0 2.305 2.345 -0.531905 0.918495 -1.56089 -0.523599 2.305 2.345 0 0 0 0 
 1.564 4.63 -0.201091 0 0 2.305 2.343 -0.530454 1.00578 -1.50258 -0.523599 2.305 2.343 0 0 0 0 
 1.638 4.625 -0.324246 0 0 2.308 2.345 -0.534084 1.09902 -1.4161 -0.475897 2.308 2.345 0 0 0 0 
 1.719 4.635 -0.455821 0 0 2.305 2.348 -0.534084 1.18546 -1.31253 -0.416913 2.305 2.348 0 0 0 0 
 1.789 4.606 -0.586064 0 0 2.303 2.349 -0.533357 1.24854 -1.18688 -0.363362 2.303 2.349 0 0 0 0 
 1.828 4.607 -0.713545 0 0 2.305 2.348 -0.534084 1.32451 -1.0366 -0.303387 2.305 2.348 0 0 0 0 
 1.884 4.616 -0.834788 0 0 2.307 2.352 -0.538454 1.37942 -0.89505 -0.253941 2.307 2.352 0 0 0 0 
 1.94 4.599 -0.944015 0 0 2.299 2.346 -0.528281 1.40723 -0.769546 -0.215349 2.299 2.346 0 0 0 0 
 2.001 4.565 -1.04533 0 0 2.307 2.35 -0.536995 1.41177 -0.642417 -0.180046 2.307 2.35 0 0 0 0 
 2.052 4.496 -1.13468 0 0 2.304 2.346 -0.531904 1.38878 -0.530806 -0.151709 2.304 2.346 0 0 0 0 
 2.11 4.445 -1.21064 0 0 2.303 2.346 -0.531179 1.36546 -0.446855 -0.130163 2.303 2.346 0 0 0 0 
 2.156 4.374 -1.27328 0 0 2.296 2.343 -0.523948 1.32715 -0.380432 -0.114163 2.296 2.343 0 0 0 0 
 2.2 4.302 -1.32205 0 0 2.301 2.344 -0.528281 1.28356 -0.327384 -0.101672 2.301 2.344 0 0 0 0 
 2.228 4.206 -1.36398 0 0 2.296 2.339 -0.521067 1.22689 -0.281723 -0.0915925 2.296 2.339 0 0 0 0 
 2.262 4.119 -1.4001 0 0 2.296 2.344 -0.524669 1.1681 -0.24911 -0.0850987 2.296 2.344 0 0 0 0 
 2.29 4.03 -1.42774 0 0 2.299 2.346 -0.528281 1.10941 -0.224791 -0.0808723 2.299 2.346 0 0 0 0 
 2.316 3.932 -1.4542 0 0 2.303 2.345 -0.530454 1.04663 -0.201837 -0.0769857 2.303 2.345 0 0 0 0 
 2.345 3.834 -1.47977 0 0 2.303 2.344 -0.529729 0.983415 -0.190666 -0.0773976 2.303 2.344 0 0 0 0 
 2.35 3.738 -1.49704 0 0 2.298 2.341 -0.523948 0.922842 -0.175206 -0.0757962 2.298 2.341 0 0 0 0 
 2.363 3.639 -1.51642 0 0 2.298 2.345 -0.526835 0.85564 -0.162263 -0.0757105 2.298 2.345 0 0 0 0 
 2.373 3.556 -1.53607 0 0 2.304 2.344 -0.530454 0.80235 -0.139794 -0.06958 2.304 2.344 0 0 0 0 
 2.377 3.476 -1.55325 0 0 2.298 2.342 -0.524669 0.751497 -0.13046 -0.0693288 2.298 2.342 0 0 0 0 
 2.368 3.382 -1.56806 0 0 2.305 2.343 -0.530454 0.688938 -0.0922295 -0.0534977 2.305 2.343 0 0 0 0 
 2.373 3.291 -1.58066 0 0 2.298 2.335 -0.51963 0.634527 -0.0968387 -0.0609706 2.298 2.335 0 0 0 0 
 2.373 3.222 -1.59036 0 0 2.305 2.337 -0.526113 0.587603 -0.0784433 -0.0533482 2.305 2.337 0 0 0 0 
 2.378 3.157 -1.59994 0 0 2.303 2.337 -0.524669 0.544991 -0.0825762 -0.0605334 2.303 2.337 0 0 0 0 
 2.381 3.085 -1.60706 0 0 2.305 2.337 -0.526113 0.497543 -0.0829292 -0.0665725 2.305 2.337 0 0 0 0 
 2.379 3.018 -1.61598 0 0 2.306 2.347 -0.534084 0.446682 -0.07638 -0.0682912 2.306 2.347 0 0 0 0 
 2.377 2.953 -1.62427 0 0 2.305 2.345 -0.531905 0.405146 -0.0738227 -0.0727565 2.305 2.345 0 0 0 0 
 2.366 2.908 -1.63166 0 0 2.306 2.342 -0.530454 0.376935 -0.0491871 -0.0521496 2.306 2.342 0 0 0 0 
 2.36 2.866 -1.63793 0 0 2.295 2.339 -0.520348 0.351502 -0.058575 -0.0665583 2.295 2.339 0 0 0 0 
 2.341 2.814 -1.64307 0 0 2.305 2.356 -0.539914 0.304471 -0.00592323 -0.0077815 2.305 2.356 0 0 0 0 
 2.334 2.781 -1.64791 0 0 2.309 2.356 -0.54284 0.282118 0.0167299 0.023716 2.309 2.356 0 0 0 0 
 2.327 2.75 -1.64988 0 0 2.307 2.356 -0.541376 0.261375 0.0245026 0.0374804 2.307 2.356 0 0 0 0 
 2.323 2.731 -1.65243 0 0 2.308 2.35 -0.537724 0.252521 0.0356328 0.0563835 2.308 2.35 0 0 0 0 
 2.316 2.728 -1.65246 0 0 2.309 2.35 -0.538454 0.250158 0.0528783 0.0843513 2.309 2.35 0 0 0 0 
 2.31 2.725 -1.65251 0 0 2.307 2.35 -0.536995 0.247991 0.0613502 0.0986342 2.307 2.35 0 0 0 0 
 2.307 2.731 -1.65263 0 0 2.308 2.347 -0.535539 0.253764 0.0714871 0.11221 2.308 2.347 0 0 0 0 
 2.307 2.734 -1.65262 0 0 2.309 2.346 -0.535539 0.256366 0.0741953 0.115252 2.309 2.346 0 0 0 0 
 2.306 2.737 -1.65257 0 0 2.306 2.349 -0.535539 0.256454 0.0697567 0.108376 2.306 2.349 0 0 0 0 
 2.301 2.745 -1.65253 0 0 2.304 2.348 -0.533357 0.262277 0.0774289 0.117543 2.304 2.348 0 0 0 0 
 2.306 2.747 -1.65262 0 0 2.303 2.35 -0.534084 0.262537 0.0644128 0.0978258 2.303 2.35 0 0 0 0 
 2.303 2.752 -1.65265 0 0 2.299 2.352 -0.53263 0.264564 0.0626606 0.0944558 2.299 2.352 0 0 0 0 
 2.304 2.756 -1.65268 0 0 2.305 2.352 -0.536995 0.266989 0.0740742 0.110525 2.305 2.352 0 0 0 0 
 2.309 2.76 -1.65265 0 0 2.302 2.351 -0.534084 0.27065 0.0573702 0.0845864 2.302 2.351 0 0 0 0 
 2.315 2.763 -1.65261 0 0 2.298 2.351 -0.531179 0.273106 0.0361698 0.052926 2.298 2.351 0 0 0 0 
 2.315 2.759 -1.6526 0 0 2.3 2.356 -0.536267 0.26706 0.0391318 0.0585442 2.3 2.356 0 0 0 0 
 2.313 2.767 -1.65257 0 0 2.299 2.355 -0.534811 0.272961 0.0426011 0.0623471 2.299 2.355 0 0 0 0 
 2.312 2.771 -1.6526 0 0 2.298 2.353 -0.53263 0.276927 0.043504 0.0627557 2.298 2.353 0 0 0 0 
 2.305 2.771 -1.65254 0 0 2.298 2.349 -0.529729 0.279247 0.059017 0.0843368 2.298 2.349 0 0 0 0 
 2.307 2.782 -1.65257 0 0 2.302 2.352 -0.534811 0.284447 0.0643593 0.0902587 2.302 2.352 0 0 0 0 
 2.302 2.782 -1.65255 0 0 2.3 2.349 -0.531179 0.286299 0.0711056 0.0990196 2.3 2.349 0 0 0 0 
 2.304 2.787 -1.6525 0 0 2.301 2.346 -0.529729 0.291633 0.0699247 0.0956152 2.301 2.346 0 0 0 0 
 2.3 2.787 -1.65251 0 0 2.306 2.35 -0.536267 0.288608 0.0885168 0.122071 2.306 2.35 0 0 0 0 
 2.3 2.788 -1.65242 0 0 2.307 2.348 -0.535539 0.290554 0.0908815 0.124468 2.307 2.348 0 0 0 0 
 2.298 2.79 -1.65247 0 0 2.306 2.352 -0.537724 0.28919 0.0928274 0.127698 2.306 2.352 0 0 0 0 
 2.301 2.792 -1.65252 0 0 2.305 2.346 -0.53263 0.294643 0.0852958 0.115282 2.305 2.346 0 0 0 0 
 2.298 2.79 -1.65255 0 0 2.306 2.349 -0.535539 0.291172 0.0932235 0.127373 2.306 2.349 0 0 0 0 
 2.302 2.792 -1.6526 0 0 2.303 2.344 -0.529729 0.296089 0.0792832 0.1067 2.303 2.344 0 0 0 0 
 2.308 2.793 -1.65259 0 0 2.305 2.343 -0.530454 0.297584 0.0710979 0.0952777 2.305 2.343 0 0 0 0 
 2.304 2.793 -1.65259 0 0 2.306 2.346 -0.533357 0.295386 0.081268 0.109609 2.306 2.346 0 0 0 0 
 2.304 2.793 -1.65268 0 0 2.304 2.342 -0.529005 0.298114 0.0776025 0.103751 2.304 2.342 0 0 0 0 
 2.301 2.792 -1.65263 0 0 2.298 2.346 -0.527558 0.294938 0.0706584 0.0955366 2.298 2.346 0 0 0 0 
 2.3 2.79 -1.65261 0 0 2.301 2.346 -0.529729 0.293444 0.078827 0.10704 2.301 2.346 0 0 0 0 
 2.299 2.793 -1.65256 0 0 2.305 2.349 -0.534811 0.293237 0.0893333 0.12126 2.305 2.349 0 0 0 0 
 2.301 2.801 -1.65263 0 0 2.304 2.345 -0.531179 0.301296 0.0844093 0.111596 2.304 2.345 0 0 0 0 
 2.308 2.798 -1.65259 0 0 2.307 2.347 -0.534811 0.298159 0.0754196 0.100837 2.307 2.347 0 0 0 0 
 2.305 2.8 -1.65261 0 0 2.302 2.346 -0.530454 0.300228 0.0716049 0.0951128 2.302 2.346 0 0 0 0 
 2.302 2.805 -1.6526 0 0 2.301 2.349 -0.531905 0.301465 0.0760207 0.100528 2.301 2.349 0 0 0 0 
 2.304 2.804 -1.65259 0 0 2.295 2.35 -0.528281 0.300495 0.0590208 0.0784037 2.295 2.35 0 0 0 0 
 2.306 2.808 -1.65266 0 0 2.293 2.35 -0.526835 0.303322 0.0512531 0.0674864 2.293 2.35 0 0 0 0 
 2.309 2.808 -1.6527 0 0 2.308 2.35 -0.537724 0.302786 0.0763409 0.100511 2.308 2.35 0 0 0 0 
 2.308 2.805 -1.65269 0 0 2.307 2.349 -0.536267 0.301463 0.0761035 0.100638 2.307 2.349 0 0 0 0 
 2.306 2.806 -1.65275 0 0 2.307 2.349 -0.536267 0.302038 0.0804582 0.106153 2.307 2.349 0 0 0 0 
 2.307 2.804 -1.65271 0 0 2.307 2.354 -0.539914 0.297452 0.0775209 0.103871 2.307 2.354 0 0 0 0 
 2.305 2.807 -1.65268 0 0 2.311 2.352 -0.541376 0.30051 0.0906228 0.120045 2.311 2.352 0 0 0 0 
 2.31 2.805 -1.65268 0 0 2.309 2.357 -0.543573 0.296173 0.0751534 0.101153 2.309 2.357 0 0 0 0 
 2.305 2.799 -1.65274 0 0 2.304 2.353 -0.536995 0.294849 0.0749681 0.101355 2.304 2.353 0 0 0 0 
 2.308 2.802 -1.65273 0 0 2.307 2.348 -0.535539 0.30014 0.0759012 0.100811 2.307 2.348 0 0 0 0 
 2.311 2.801 -1.65279 0 0 2.307 2.35 -0.536995 0.298285 0.0693179 0.0926889 2.307 2.35 0 0 0 0 
 2.313 2.803 -1.65283 0 0 2.305 2.343 -0.530454 0.304413 0.0621101 0.0814325 2.305 2.343 0 0 0 0 
 2.31 2.803 -1.6528 0 0 2.306 2.347 -0.534084 0.301591 0.0699374 0.0924932 2.306 2.347 0 0 0 0 
 2.308 2.801 -1.65279 0 0 2.307 2.344 -0.53263 0.302123 0.0763184 0.100701 2.307 2.344 0 0 0 0 
 2.31 2.805 -1.65279 0 0 2.306 2.348 -0.534811 0.302253 0.0700463 0.0924348 2.306 2.348 0 0 0 0 
 2.309 2.803 -1.6528 0 0 2.308 2.349 -0.536995 0.300138 0.0759725 0.100906 2.308 2.349 0 0 0 0 
 2.31 2.806 -1.65281 0 0 2.3 2.347 -0.529729 0.303843 0.0577843 0.075925 2.3 2.347 0 0 0 0 
 2.309 2.808 -1.65278 0 0 2.299 2.346 -0.528281 0.305827 0.058148 0.0759074 2.299 2.346 0 0 0 0 
 2.306 2.813 -1.65276 0 0 2.302 2.346 -0.530454 0.308866 0.071214 0.0919663 2.302 2.346 0 0 0 0 
