 0.633 1.547 0.000218806 0 0 2.292 2.343 -0.521067 0 0 0 2.292 2.343 0 0 0 0 
 0.628 1.544 0.000219272 0 0 2.291 2.344 -0.521067 1.14536 0.725812 0.24825 2.291 2.344 0 0 0 0 
 0.618 1.547 0.00182103 0 0 2.299 2.342 -0.525391 1.157 0.713666 0.241899 2.299 2.342 0 0 0 0 
 0.616 1.554 0.0123005 0 0 2.298 2.344 -0.526113 1.1607 0.693201 0.234495 2.298 2.344 0 0 0 0 
 0.634 1.556 0.0183095 0 0 2.304 2.346 -0.531904 1.15498 0.687712 0.233816 2.304 2.346 0 0 0 0 
 0.702 1.553 0.0358741 0 0 2.303 2.348 -0.53263 1.11696 0.687439 0.241382 2.303 2.348 0 0 0 0 
 0.774 1.528 0.0809618 0 0 2.299 2.346 -0.528281 1.08542 0.663529 0.239818 2.299 2.346 0 0 0 0 
 0.838 1.524 0.149182 0 0 2.297 2.347 -0.527558 1.06345 0.587442 0.217463 2.297 2.347 0 0 0 0 
 0.909 1.533 0.220633 0 0 2.298 2.343 -0.525391 1.0337 0.494264 0.188977 2.298 2.343 0 0 0 0 
 1.048 1.506 0.286268 0 0 2.295 2.34 -0.521067 0.965068 0.482004 0.197184 2.295 2.34 0 0 0 0 
 1.19 1.494 0.344574 0 0 2.299 2.344 -0.526835 0.897553 0.484752 0.212763 2.299 2.344 0 0 0 0 
 1.311 1.502 0.401716 0 0 2.303 2.346 -0.531179 0.837492 0.467838 0.219836 2.303 2.346 0 0 0 0 
 1.421 1.518 0.459073 0 0 2.298 2.347 -0.528281 0.77655 0.451295 0.228405 2.298 2.347 0 0 0 0 
 1.53 1.548 0.512912 0 0 2.301 2.344 -0.528281 0.714222 0.426098 0.234255 2.301 2.344 0 0 0 0 
 1.617 1.568 0.558601 0 0 2.3 2.346 -0.529005 0.666593 0.421542 0.247756 2.3 2.346 0 0 0 0 
 1.696 1.596 0.602738 0 0 2.304 2.348 -0.533357 0.622909 0.406555 0.255369 2.304 2.348 0 0 0 0 
 1.759 1.636 0.649651 0 0 2.307 2.348 -0.535539 0.581116 0.36409 0.245557 2.307 2.348 0 0 0 0 
 1.798 1.681 0.68507 0 0 2.302 2.342 -0.527558 0.540386 0.311762 0.2268 2.302 2.342 0 0 0 0 
 1.832 1.719 0.698114 0 0 2.302 2.342 -0.527558 0.50789 0.292892 0.226708 2.302 2.342 0 0 0 0 
 1.856 1.735 0.697181 0 0 2.297 2.346 -0.526835 0.488486 0.315934 0.253155 2.297 2.346 0 0 0 0 
 1.852 1.74 0.69706 0 0 2.299 2.344 -0.526835 0.488121 0.300649 0.241562 2.299 2.344 0 0 0 0 
 1.846 1.747 0.69672 0 0 2.294 2.343 -0.522506 0.48491 0.290589 0.235267 2.294 2.343 0 0 0 0 
 1.841 1.752 0.696729 0 0 2.292 2.343 -0.521067 0.484065 0.28105 0.228196 2.292 2.343 0 0 0 0 
 1.843 1.749 0.696658 0 0 2.296 2.349 -0.528281 0.489125 0.289155 0.232201 2.296 2.349 0 0 0 0 
 1.833 1.756 0.696654 0 0 2.296 2.349 -0.528281 0.490732 0.268784 0.21568 2.296 2.349 0 0 0 0 
 1.834 1.745 0.696668 0 0 2.295 2.347 -0.526113 0.493871 0.281666 0.224291 2.295 2.347 0 0 0 0 
 1.832 1.746 0.696614 0 0 2.291 2.341 -0.518911 0.489717 0.276051 0.221769 2.291 2.341 0 0 0 0 
 1.828 1.746 0.696594 0 0 2.289 2.343 -0.518911 0.491587 0.275961 0.220883 2.289 2.343 0 0 0 0 
 1.822 1.74 0.696552 0 0 2.292 2.349 -0.525391 0.50137 0.278948 0.21898 2.292 2.349 0 0 0 0 
 1.818 1.737 0.696598 0 0 2.292 2.347 -0.523948 0.503749 0.275206 0.215144 2.292 2.347 0 0 0 0 
 1.82 1.737 0.69661 0 0 2.293 2.344 -0.522507 0.501904 0.272949 0.214194 2.293 2.344 0 0 0 0 
 1.814 1.736 0.696722 0 0 2.293 2.34 -0.519629 0.503434 0.262121 0.205331 2.293 2.34 0 0 0 0 
 1.816 1.737 0.696727 0 0 2.29 2.342 -0.518911 0.501483 0.269288 0.211579 2.29 2.342 0 0 0 0 
 1.813 1.736 0.696725 0 0 2.293 2.347 -0.524669 0.507096 0.268975 0.209069 2.293 2.347 0 0 0 0 
 1.813 1.739 0.696714 0 0 2.292 2.347 -0.523948 0.50525 0.266743 0.208119 2.292 2.347 0 0 0 0 
 1.806 1.743 0.696715 0 0 2.294 2.345 -0.523948 0.506866 0.24904 0.19406 2.294 2.345 0 0 0 0 
 1.8 1.74 0.696705 0 0 2.297 2.349 -0.529005 0.51438 0.246451 0.189353 2.297 2.349 0 0 0 0 
 1.795 1.743 0.696656 0 0 2.302 2.355 -0.536995 0.520569 0.238186 0.181017 2.302 2.355 0 0 0 0 
 1.795 1.744 0.696603 0 0 2.306 2.355 -0.539914 0.522052 0.232423 0.176237 2.306 2.355 0 0 0 0 
 1.797 1.739 0.696624 0 0 2.304 2.352 -0.536267 0.521018 0.239376 0.181747 2.304 2.352 0 0 0 0 
 1.798 1.742 0.696587 0 0 2.301 2.353 -0.534811 0.518177 0.241826 0.18455 2.301 2.353 0 0 0 0 
 1.798 1.738 0.696551 0 0 2.308 2.35 -0.537724 0.522015 0.23481 0.178021 2.308 2.35 0 0 0 0 
 1.794 1.734 0.696496 0 0 2.304 2.348 -0.533357 0.522913 0.237176 0.179474 2.304 2.348 0 0 0 0 
 1.791 1.736 0.696451 0 0 2.3 2.347 -0.529729 0.521072 0.23496 0.178448 2.3 2.347 0 0 0 0 
 1.785 1.738 0.696439 0 0 2.299 2.346 -0.528281 0.522145 0.225679 0.171194 2.299 2.346 0 0 0 0 
 1.782 1.732 0.696465 0 0 2.303 2.348 -0.53263 0.529145 0.226705 0.169726 2.303 2.348 0 0 0 0 
 1.784 1.739 0.696523 0 0 2.297 2.345 -0.526113 0.520764 0.224426 0.170704 2.297 2.345 0 0 0 0 
 1.782 1.733 0.696504 0 0 2.301 2.344 -0.528281 0.525927 0.223235 0.16818 2.301 2.344 0 0 0 0 
 1.787 1.727 0.696447 0 0 2.304 2.351 -0.535539 0.530813 0.240484 0.179274 2.304 2.351 0 0 0 0 
 1.794 1.729 0.696382 0 0 2.301 2.352 -0.534084 0.525523 0.251101 0.188847 2.301 2.352 0 0 0 0 
 1.793 1.734 0.696391 0 0 2.301 2.357 -0.537725 0.526007 0.249917 0.187809 2.301 2.357 0 0 0 0 
 1.787 1.737 0.696367 0 0 2.3 2.353 -0.534084 0.52526 0.236131 0.177919 2.3 2.353 0 0 0 0 
 1.79 1.736 0.696424 0 0 2.303 2.353 -0.536267 0.525715 0.2372 0.178556 2.303 2.353 0 0 0 0 
 1.786 1.738 0.696437 0 0 2.304 2.353 -0.536995 0.527238 0.229076 0.172074 2.304 2.353 0 0 0 0 
 1.786 1.735 0.696456 0 0 2.305 2.354 -0.538454 0.529526 0.232463 0.173828 2.305 2.354 0 0 0 0 
 1.784 1.735 0.696494 0 0 2.304 2.348 -0.533357 0.527311 0.224387 0.168596 2.304 2.348 0 0 0 0 
 1.787 1.728 0.696475 0 0 2.301 2.347 -0.530454 0.527106 0.238251 0.178867 2.301 2.347 0 0 0 0 
 1.783 1.733 0.696411 0 0 2.302 2.348 -0.531905 0.527721 0.227949 0.171091 2.302 2.348 0 0 0 0 
 1.782 1.731 0.69635 0 0 2.299 2.345 -0.527558 0.526296 0.229205 0.172472 2.299 2.345 0 0 0 0 
 1.781 1.733 0.696397 0 0 2.294 2.346 -0.524669 0.523909 0.232654 0.175796 2.294 2.346 0 0 0 0 
 1.79 1.728 0.696416 0 0 2.295 2.349 -0.527558 0.523655 0.251129 0.189526 2.295 2.349 0 0 0 0 
 1.786 1.732 0.696407 0 0 2.3 2.35 -0.531904 0.52665 0.237198 0.178245 2.3 2.35 0 0 0 0 
 1.784 1.732 0.696405 0 0 2.299 2.35 -0.531179 0.527134 0.236037 0.17723 2.299 2.35 0 0 0 0 
 1.785 1.735 0.69635 0 0 2.297 2.346 -0.526835 0.52252 0.231584 0.17546 2.297 2.346 0 0 0 0 
 1.779 1.733 0.696315 0 0 2.299 2.347 -0.529005 0.52775 0.225768 0.169476 2.299 2.347 0 0 0 0 
 1.781 1.739 0.696286 0 0 2.299 2.35 -0.531179 0.525427 0.224681 0.169407 2.299 2.35 0 0 0 0 
 1.788 1.741 0.696247 0 0 2.297 2.347 -0.527558 0.518805 0.22946 0.175102 2.297 2.347 0 0 0 0 
 1.792 1.741 0.69623 0 0 2.297 2.347 -0.527558 0.516864 0.234174 0.179281 2.297 2.347 0 0 0 0 
 1.789 1.74 0.696278 0 0 2.295 2.351 -0.529005 0.519608 0.238702 0.181728 2.295 2.351 0 0 0 0 
 1.794 1.742 0.696311 0 0 2.303 2.352 -0.535539 0.520612 0.233992 0.177882 2.303 2.352 0 0 0 0 
 1.79 1.74 0.696296 0 0 2.303 2.353 -0.536267 0.523902 0.232786 0.175896 2.303 2.353 0 0 0 0 
 1.798 1.735 0.696298 0 0 2.302 2.35 -0.533357 0.520449 0.245613 0.186575 2.302 2.35 0 0 0 0 
 1.795 1.736 0.696207 0 0 2.304 2.349 -0.534084 0.521958 0.237575 0.180092 2.304 2.349 0 0 0 0 
 1.795 1.731 0.696188 0 0 2.301 2.354 -0.535539 0.525027 0.252525 0.190068 2.301 2.354 0 0 0 0 
 1.784 1.73 0.696181 0 0 2.304 2.353 -0.536995 0.531796 0.236217 0.17584 2.304 2.353 0 0 0 0 
 1.785 1.733 0.696231 0 0 2.297 2.35 -0.529729 0.525218 0.238619 0.179768 2.297 2.35 0 0 0 0 
 1.782 1.732 0.696205 0 0 2.297 2.349 -0.529005 0.526669 0.235156 0.176735 2.297 2.349 0 0 0 0 
 1.787 1.736 0.696208 0 0 2.298 2.351 -0.531179 0.52383 0.237528 0.179428 2.298 2.351 0 0 0 0 
 1.788 1.738 0.696165 0 0 2.304 2.358 -0.540645 0.528504 0.237468 0.17783 2.304 2.358 0 0 0 0 
 1.787 1.736 0.696153 0 0 2.303 2.359 -0.540645 0.529858 0.240896 0.179892 2.303 2.359 0 0 0 0 
 1.79 1.732 0.696149 0 0 2.298 2.351 -0.531179 0.524181 0.245684 0.185329 2.298 2.351 0 0 0 0 
 1.786 1.735 0.696167 0 0 2.296 2.353 -0.531179 0.524697 0.24218 0.182569 2.296 2.353 0 0 0 0 
 1.79 1.737 0.696187 0 0 2.299 2.354 -0.534084 0.523763 0.242181 0.182888 2.299 2.354 0 0 0 0 
 1.789 1.739 0.696223 0 0 2.299 2.362 -0.539914 0.526961 0.247798 0.185923 2.299 2.362 0 0 0 0 
 1.789 1.731 0.696231 0 0 2.298 2.36 -0.537724 0.529195 0.255744 0.190953 2.298 2.36 0 0 0 0 
 1.79 1.731 0.696284 0 0 2.3 2.361 -0.539914 0.530135 0.255633 0.190542 2.3 2.361 0 0 0 0 
 1.788 1.729 0.696264 0 0 2.297 2.353 -0.531904 0.526933 0.250048 0.187583 2.297 2.353 0 0 0 0 
 1.787 1.729 0.696324 0 0 2.299 2.355 -0.534811 0.529292 0.248731 0.185805 2.299 2.355 0 0 0 0 
 1.787 1.728 0.696338 0 0 2.301 2.357 -0.537725 0.531616 0.249771 0.185767 2.301 2.357 0 0 0 0 
 1.787 1.733 0.696434 0 0 2.301 2.357 -0.537725 0.529362 0.24399 0.182318 2.301 2.357 0 0 0 0 
 1.791 1.731 0.696542 0 0 2.296 2.359 -0.535539 0.526836 0.258894 0.19409 2.296 2.359 0 0 0 0 
 1.79 1.728 0.696573 0 0 2.299 2.359 -0.537724 0.530127 0.257549 0.191938 2.299 2.359 0 0 0 0 
 1.79 1.734 0.696563 0 0 2.299 2.353 -0.533357 0.524693 0.243973 0.183892 2.299 2.353 0 0 0 0 
 1.789 1.732 0.696639 0 0 2.293 2.356 -0.531179 0.524547 0.255418 0.192364 2.293 2.356 0 0 0 0 
 1.787 1.73 0.696555 0 0 2.292 2.351 -0.526835 0.523665 0.250948 0.189389 2.292 2.351 0 0 0 0 
 1.783 1.736 0.696598 0 0 2.29 2.351 -0.525391 0.52192 0.241702 0.183165 2.29 2.351 0 0 0 0 
 1.784 1.735 0.696691 0 0 2.295 2.352 -0.529729 0.524765 0.239186 0.180338 2.295 2.352 0 0 0 0 
 1.786 1.733 0.696764 0 0 2.293 2.356 -0.531179 0.52555 0.250603 0.188471 2.293 2.356 0 0 0 0 
 1.79 1.737 0.696758 0 0 2.296 2.354 -0.531905 0.522352 0.244953 0.185422 2.296 2.354 0 0 0 0 
 1.79 1.731 0.696796 0 0 2.3 2.356 -0.536267 0.527907 0.249316 0.186709 2.3 2.356 0 0 0 0 
 1.787 1.726 0.696854 0 0 2.301 2.348 -0.531179 0.528487 0.241171 0.180549 2.301 2.348 0 0 0 0 
 1.785 1.729 0.696893 0 0 2.301 2.352 -0.534084 0.529908 0.239928 0.179167 2.301 2.352 0 0 0 0 
 1.782 1.732 0.696978 0 0 2.302 2.354 -0.536267 0.531399 0.234036 0.174377 2.302 2.354 0 0 0 0 
 1.783 1.736 0.696969 0 0 2.307 2.352 -0.538454 0.530634 0.222573 0.166231 2.307 2.352 0 0 0 0 
 1.782 1.729 0.696946 0 0 2.308 2.355 -0.541376 0.536108 0.23168 0.171169 2.308 2.355 0 0 0 0 
 1.785 1.729 0.696957 0 0 2.308 2.353 -0.539914 0.533753 0.232862 0.172769 2.308 2.353 0 0 0 0 
 1.788 1.73 0.696894 0 0 2.303 2.354 -0.536995 0.529877 0.242224 0.180855 2.303 2.354 0 0 0 0 
 1.793 1.731 0.696845 0 0 2.303 2.351 -0.534811 0.525648 0.243576 0.183273 2.303 2.351 0 0 0 0 
 1.788 1.73 0.69682 0 0 2.302 2.354 -0.536267 0.529388 0.243485 0.18194 2.302 2.354 0 0 0 0 
 1.787 1.731 0.696779 0 0 2.299 2.355 -0.534811 0.528419 0.24587 0.184012 2.299 2.355 0 0 0 0 
 1.791 1.731 0.696812 0 0 2.299 2.351 -0.531905 0.524679 0.245959 0.185359 2.299 2.351 0 0 0 0 
 1.796 1.73 0.696781 0 0 2.296 2.352 -0.530454 0.521723 0.257672 0.195043 2.296 2.352 0 0 0 0 
 1.79 1.729 0.696688 0 0 2.298 2.351 -0.531179 0.525575 0.248394 0.18684 2.298 2.351 0 0 0 0 
 1.793 1.728 0.696604 0 0 2.304 2.351 -0.535539 0.527471 0.246132 0.184527 2.304 2.351 0 0 0 0 
 1.789 1.728 0.696568 0 0 2.306 2.357 -0.541376 0.533082 0.245982 0.182519 2.306 2.357 0 0 0 0 
 1.788 1.728 0.696502 0 0 2.304 2.361 -0.54284 0.534404 0.251732 0.186237 2.304 2.361 0 0 0 0 
 1.787 1.729 0.696514 0 0 2.301 2.358 -0.538454 0.531629 0.249541 0.185595 2.301 2.358 0 0 0 0 
 1.784 1.729 0.696498 0 0 2.305 2.361 -0.543573 0.536367 0.244817 0.180585 2.305 2.361 0 0 0 0 
 1.787 1.728 0.696489 0 0 2.301 2.362 -0.541376 0.533892 0.255198 0.188918 2.301 2.362 0 0 0 0 
 1.789 1.723 0.696486 0 0 2.296 2.364 -0.539184 0.533699 0.271187 0.200519 2.296 2.364 0 0 0 0 
 1.787 1.728 0.696451 0 0 2.299 2.364 -0.541376 0.533832 0.259818 0.192276 2.299 2.364 0 0 0 0 
 1.792 1.725 0.696425 0 0 2.3 2.369 -0.545773 0.53554 0.27343 0.201457 2.3 2.369 0 0 0 0 
 1.797 1.722 0.696425 0 0 2.301 2.366 -0.544306 0.53362 0.27811 0.205527 2.301 2.366 0 0 0 0 
 1.797 1.723 0.696426 0 0 2.306 2.364 -0.546508 0.534656 0.268929 0.198547 2.306 2.364 0 0 0 0 
 1.778 1.739 0.696427 0 0 2.304 2.365 -0.545773 0.536073 0.232364 0.171675 2.304 2.365 0 0 0 0 
 1.797 1.72 0.696428 0 0 2.305 2.365 -0.546508 0.535995 0.274533 0.202081 2.305 2.365 0 0 0 0 
 1.769 1.747 0.696427 0 0 2.299 2.364 -0.541376 0.533965 0.217515 0.161524 2.299 2.364 0 0 0 0 
 1.804 1.718 0.696426 0 0 2.302 2.361 -0.541376 0.530287 0.28405 0.21107 2.302 2.361 0 0 0 0 
 1.791 1.729 0.696426 0 0 2.297 2.358 -0.535539 0.527763 0.259001 0.193836 2.297 2.358 0 0 0 0 
 1.787 1.731 0.696426 0 0 2.298 2.36 -0.537724 0.530174 0.253152 0.188723 2.298 2.36 0 0 0 0 
 1.797 1.724 0.696425 0 0 2.296 2.36 -0.536267 0.527576 0.275082 0.205615 2.296 2.36 0 0 0 0 
 1.78 1.74 0.696425 0 0 2.294 2.364 -0.537724 0.529361 0.244003 0.182328 2.294 2.364 0 0 0 0 
 1.783 1.738 0.696425 0 0 2.298 2.367 -0.54284 0.532105 0.248494 0.184673 2.298 2.367 0 0 0 0 
 1.799 1.731 0.696424 0 0 2.296 2.367 -0.541376 0.526616 0.277442 0.207696 2.296 2.367 0 0 0 0 
 1.795 1.727 0.696426 0 0 2.296 2.365 -0.539914 0.529447 0.274961 0.204821 2.296 2.365 0 0 0 0 
 1.793 1.726 0.696422 0 0 2.296 2.367 -0.541376 0.531773 0.275956 0.204668 2.296 2.367 0 0 0 0 
 1.787 1.728 0.696421 0 0 2.293 2.365 -0.537724 0.531395 0.267983 0.199049 2.293 2.365 0 0 0 0 
 1.79 1.73 0.696423 0 0 2.299 2.367 -0.543573 0.532839 0.264473 0.19599 2.299 2.367 0 0 0 0 
 1.788 1.733 0.696426 0 0 2.3 2.365 -0.54284 0.532016 0.255364 0.189689 2.3 2.365 0 0 0 0 
 1.79 1.729 0.696425 0 0 2.299 2.366 -0.54284 0.532839 0.26447 0.195988 2.299 2.366 0 0 0 0 
 1.785 1.731 0.696426 0 0 2.295 2.363 -0.537724 0.531052 0.257698 0.19172 2.295 2.363 0 0 0 0 
 1.783 1.731 0.696427 0 0 2.295 2.358 -0.534084 0.529752 0.249728 0.186374 2.295 2.358 0 0 0 0 
 1.783 1.735 0.696427 0 0 2.302 2.355 -0.536995 0.529975 0.233641 0.174547 2.302 2.355 0 0 0 0 
 1.794 1.728 0.696427 0 0 2.304 2.357 -0.539914 0.529692 0.254319 0.18974 2.304 2.357 0 0 0 0 
 1.792 1.73 0.696427 0 0 2.299 2.354 -0.534084 0.525979 0.252176 0.189476 2.299 2.354 0 0 0 0 
 1.79 1.726 0.696425 0 0 2.3 2.357 -0.536995 0.530598 0.256574 0.191063 2.3 2.357 0 0 0 0 
 1.793 1.726 0.696427 0 0 2.304 2.359 -0.541376 0.531987 0.257652 0.191357 2.304 2.359 0 0 0 0 
 1.788 1.731 0.696426 0 0 2.305 2.359 -0.542108 0.53262 0.245039 0.181989 2.305 2.359 0 0 0 0 
 1.785 1.728 0.696426 0 0 2.303 2.353 -0.536267 0.531748 0.240485 0.178966 2.303 2.353 0 0 0 0 
 1.785 1.729 0.696427 0 0 2.298 2.347 -0.528281 0.526167 0.238338 0.179244 2.298 2.347 0 0 0 0 
 1.786 1.732 0.696427 0 0 2.301 2.348 -0.531179 0.526233 0.233723 0.175823 2.301 2.348 0 0 0 0 
 1.79 1.728 0.69643 0 0 2.301 2.354 -0.535539 0.528816 0.249759 0.186719 2.301 2.354 0 0 0 0 
 1.79 1.728 0.696429 0 0 2.301 2.354 -0.535539 0.528816 0.24976 0.18672 2.301 2.354 0 0 0 0 
 1.785 1.734 0.696427 0 0 2.296 2.35 -0.529005 0.524296 0.238387 0.179906 2.296 2.35 0 0 0 0 
 1.785 1.734 0.696426 0 0 2.298 2.35 -0.530454 0.525264 0.236054 0.177861 2.298 2.35 0 0 0 0 
 1.789 1.733 0.696424 0 0 2.297 2.356 -0.534084 0.526009 0.249875 0.187777 2.297 2.356 0 0 0 0 
 1.786 1.733 0.696424 0 0 2.299 2.355 -0.534811 0.527973 0.242898 0.181987 2.299 2.355 0 0 0 0 
 1.781 1.732 0.69642 0 0 2.297 2.349 -0.529005 0.527168 0.233711 0.175509 2.297 2.349 0 0 0 0 
 1.788 1.731 0.69642 0 0 2.295 2.351 -0.529005 0.524168 0.247641 0.186775 2.295 2.351 0 0 0 0 
 1.791 1.735 0.697049 0 0 2.297 2.354 -0.53263 0.523277 0.246855 0.186506 2.297 2.354 0 0 0 0 
 1.79 1.728 0.696753 0 0 2.301 2.354 -0.535539 0.528839 0.249336 0.186402 2.301 2.354 0 0 0 0 
 1.821 1.741 0.705431 0 0 2.302 2.351 -0.534084 0.50776 0.255449 0.198584 2.302 2.351 0 0 0 0 
 1.866 1.772 0.718573 0 0 2.3 2.348 -0.530454 0.470695 0.257444 0.215384 2.3 2.348 0 0 0 0 
 1.899 1.794 0.743492 0 0 2.297 2.35 -0.529729 0.446222 0.25 0.220461 2.297 2.35 0 0 0 0 
 1.943 1.837 0.770527 0 0 2.298 2.351 -0.531179 0.408167 0.22642 0.218352 2.298 2.351 0 0 0 0 
 1.993 1.863 0.795571 0 0 2.297 2.353 -0.531904 0.375265 0.242694 0.253142 2.297 2.353 0 0 0 0 
 2.028 1.9 0.8189 0 0 2.292 2.348 -0.524669 0.338307 0.227342 0.262592 2.292 2.348 0 0 0 0 
 2.064 1.931 0.846316 0 0 2.288 2.35 -0.523227 0.308225 0.228203 0.287922 2.288 2.35 0 0 0 0 
 2.081 1.97 0.852355 0 0 2.286 2.352 -0.523227 0.281538 0.207576 0.286787 2.286 2.352 0 0 0 0 
 2.087 1.989 0.852245 0 0 2.289 2.351 -0.524669 0.269939 0.186776 0.270008 2.289 2.351 0 0 0 0 
 2.091 1.988 0.852595 0 0 2.298 2.351 -0.531179 0.272547 0.17926 0.257259 2.298 2.351 0 0 0 0 
 2.093 1.983 0.852504 0 0 2.305 2.355 -0.539184 0.279265 0.182654 0.255886 2.305 2.355 0 0 0 0 
 2.087 1.982 0.852359 0 0 2.304 2.356 -0.539184 0.282368 0.17696 0.245619 2.304 2.356 0 0 0 0 
 2.083 1.99 0.852328 0 0 2.302 2.357 -0.538454 0.279593 0.164456 0.231077 2.302 2.357 0 0 0 0 
 2.084 1.991 0.852298 0 0 2.303 2.356 -0.538454 0.278562 0.16185 0.228353 2.303 2.356 0 0 0 0 
 2.085 1.986 0.852264 0 0 2.299 2.359 -0.537724 0.280601 0.180799 0.252241 2.299 2.359 0 0 0 0 
 2.088 1.989 0.852205 0 0 2.301 2.364 -0.54284 0.281216 0.185142 0.257499 2.301 2.364 0 0 0 0 
 2.085 1.989 0.852138 0 0 2.294 2.361 -0.535539 0.278004 0.188062 0.26426 2.294 2.361 0 0 0 0 
 2.084 1.987 0.852086 0 0 2.296 2.359 -0.535539 0.279246 0.183033 0.25641 2.296 2.359 0 0 0 0 
 2.08 1.981 0.852107 0 0 2.298 2.359 -0.536995 0.284836 0.180711 0.248529 2.298 2.359 0 0 0 0 
 2.078 1.978 0.85208 0 0 2.298 2.357 -0.535539 0.286182 0.178677 0.244733 2.298 2.357 0 0 0 0 
 2.081 1.977 0.852097 0 0 2.296 2.36 -0.536267 0.286174 0.192223 0.262481 2.296 2.36 0 0 0 0 
 2.074 1.977 0.85199 0 0 2.3 2.363 -0.541376 0.292283 0.177781 0.238662 2.3 2.363 0 0 0 0 
 2.072 1.988 0.85198 0 0 2.299 2.361 -0.539184 0.286006 0.159236 0.219127 2.299 2.361 0 0 0 0 
 2.078 1.985 0.851984 0 0 2.301 2.358 -0.538454 0.284336 0.165923 0.229313 2.301 2.358 0 0 0 0 
 2.074 1.981 0.852042 0 0 2.304 2.356 -0.539184 0.288291 0.156794 0.214212 2.304 2.356 0 0 0 0 
 2.072 1.982 0.852022 0 0 2.304 2.36 -0.542108 0.290668 0.157402 0.213312 2.304 2.36 0 0 0 0 
 2.071 1.98 0.85195 0 0 2.303 2.354 -0.536995 0.288611 0.152241 0.207948 2.303 2.354 0 0 0 0 
 2.07 1.987 0.851969 0 0 2.3 2.354 -0.534811 0.284181 0.146347 0.203149 2.3 2.354 0 0 0 0 
 2.074 1.983 0.851952 0 0 2.3 2.352 -0.533357 0.283531 0.155682 0.2162 2.3 2.352 0 0 0 0 
 2.067 1.978 0.851988 0 0 2.299 2.352 -0.53263 0.288612 0.152206 0.207901 2.299 2.352 0 0 0 0 
 2.064 1.974 0.852071 0 0 2.296 2.35 -0.529005 0.289642 0.154745 0.210538 2.296 2.35 0 0 0 0 
 2.061 1.975 0.852045 0 0 2.302 2.353 -0.535539 0.29444 0.14248 0.191197 2.302 2.353 0 0 0 0 
 2.054 1.974 0.852014 0 0 2.303 2.361 -0.542108 0.302412 0.141086 0.184493 2.303 2.361 0 0 0 0 
 2.057 1.977 0.852039 0 0 2.302 2.357 -0.538454 0.297146 0.138513 0.184341 2.302 2.357 0 0 0 0 
 2.062 1.968 0.851999 0 0 2.302 2.357 -0.538454 0.299666 0.158455 0.208437 2.302 2.357 0 0 0 0 
 2.062 1.972 0.851966 0 0 2.301 2.36 -0.539914 0.298732 0.158843 0.209567 2.301 2.36 0 0 0 0 
 2.058 1.97 0.852 0 0 2.299 2.357 -0.536267 0.299056 0.154225 0.203429 2.299 2.357 0 0 0 0 
 2.051 1.974 0.851995 0 0 2.3 2.356 -0.536267 0.299851 0.134602 0.177666 2.3 2.356 0 0 0 0 
 2.051 1.979 0.851919 0 0 2.299 2.358 -0.536995 0.297892 0.132393 0.175936 2.299 2.358 0 0 0 0 
 2.051 1.978 0.852023 0 0 2.306 2.357 -0.541376 0.300848 0.120847 0.159313 2.306 2.357 0 0 0 0 
 2.052 1.981 0.85199 0 0 2.3 2.358 -0.537724 0.296872 0.129705 0.173016 2.3 2.358 0 0 0 0 
 2.054 1.977 0.851924 0 0 2.305 2.361 -0.543573 0.301714 0.134004 0.175823 2.305 2.361 0 0 0 0 
