 0.717 1.401 -0.00219383 0 0 0.717 1.401 0.273151 0 0 0 2.425 2.976 0 0 0 0 
 0.719 1.396 -0.00219386 0 0 0.719 1.396 0.274536 6.94909e-05 3.18151e-14 1.83133e-10 2.422 2.973 0 0 0 0 
 0.717 1.396 -0.00219603 0 0 0.717 1.396 0.275591 6.94938e-05 3.18109e-14 1.83101e-10 2.418 2.975 0 0 0 0 
 0.717 1.395 -0.00219704 0 0 0.717 1.395 0.275125 6.94955e-05 3.18871e-14 1.83535e-10 2.411 2.971 0 0 0 0 
 0.716 1.396 -0.00219624 0 0 0.716 1.396 0.273985 6.94959e-05 3.18414e-14 1.8327e-10 2.409 2.969 0 0 0 0 
 0.718 1.399 -0.00219607 0 0 0.718 1.399 0.27065 6.94913e-05 3.16969e-14 1.82451e-10 2.411 2.964 0 0 0 0 
 0.717 1.397 -0.0021967 0 0 0.717 1.397 0.273234 6.94935e-05 3.17838e-14 1.82946e-10 2.413 2.969 0 0 0 0 
 0.714 1.403 -0.00219776 0 0 0.714 1.403 0.270822 6.94927e-05 3.14553e-14 1.81057e-10 2.413 2.97 0 0 0 0 
 0.713 1.402 -0.00219743 0 0 0.713 1.402 0.269336 6.94924e-05 3.15123e-14 1.81385e-10 2.418 2.967 0 0 0 0 
 0.71 1.399 -0.00219662 0 0 0.71 1.399 0.271713 6.94975e-05 3.16619e-14 1.82233e-10 2.416 2.97 0 0 0 0 
 0.718 1.398 -0.00219721 0 0 0.718 1.398 0.273345 6.94923e-05 3.17276e-14 1.82625e-10 2.413 2.97 0 0 0 0 
 0.723 1.398 -0.00219738 0 0 0.723 1.398 0.273374 6.94879e-05 3.17352e-14 1.8268e-10 2.414 2.969 0 0 0 0 
 0.724 1.398 -0.0021979 0 0 0.724 1.398 0.271645 6.94876e-05 3.1764e-14 1.82847e-10 2.408 2.963 0 0 0 0 
 0.721 1.392 -0.0021975 0 0 0.721 1.392 0.275013 6.94922e-05 3.20579e-14 1.84527e-10 2.416 2.968 0 0 0 0 
 0.721 1.395 -0.00219854 0 0 0.721 1.395 0.27179 6.949e-05 3.19144e-14 1.83707e-10 2.415 2.963 0 0 0 0 
 0.717 1.394 -0.00219783 0 0 0.717 1.394 0.272569 6.94933e-05 3.1949e-14 1.83897e-10 2.419 2.966 0 0 0 0 
 0.718 1.397 -0.00219776 0 0 0.718 1.397 0.270737 6.94915e-05 3.18045e-14 1.8307e-10 2.414 2.963 0 0 0 0 
 0.716 1.396 -0.0021964 0 0 0.716 1.396 0.271018 6.94931e-05 3.18493e-14 1.83323e-10 2.417 2.964 0 0 0 0 
 0.719 1.398 -0.00219855 0 0 0.719 1.398 0.271177 6.9491e-05 3.17518e-14 1.82768e-10 2.411 2.964 0 0 0 0 
 0.717 1.398 -0.00219993 0 0 0.717 1.398 0.272707 6.94927e-05 3.1729e-14 1.82632e-10 2.414 2.969 0 0 0 0 
 0.721 1.4 -0.00220091 0 0 0.721 1.4 0.27304 6.94884e-05 3.16177e-14 1.82003e-10 2.415 2.971 0 0 0 0 
 0.716 1.399 -0.00220049 0 0 0.716 1.399 0.272791 6.94928e-05 3.16649e-14 1.82263e-10 2.416 2.971 0 0 0 0 
 0.716 1.4 -0.00220062 0 0 0.716 1.4 0.274373 6.94936e-05 3.16011e-14 1.81894e-10 2.413 2.975 0 0 0 0 
 0.713 1.399 -0.00220124 0 0 0.713 1.399 0.271103 6.94945e-05 3.1671e-14 1.82294e-10 2.417 2.968 0 0 0 0 
 0.719 1.397 -0.00220091 0 0 0.719 1.397 0.271985 6.94909e-05 3.17941e-14 1.83012e-10 2.415 2.966 0 0 0 0 
 0.713 1.398 -0.00220048 0 0 0.713 1.398 0.271348 6.94962e-05 3.17387e-14 1.82679e-10 2.411 2.966 0 0 0 0 
 0.716 1.392 -0.00220003 0 0 0.716 1.392 0.272596 6.9496e-05 3.20727e-14 1.84602e-10 2.414 2.963 0 0 0 0 
 0.718 1.392 -0.00220039 0 0 0.718 1.392 0.273012 6.9494e-05 3.20689e-14 1.84585e-10 2.416 2.964 0 0 0 0 
 0.72 1.392 -0.00219953 0 0 0.72 1.392 0.274291 6.94932e-05 3.20663e-14 1.84572e-10 2.414 2.966 0 0 0 0 
 0.717 1.395 -0.00219813 0 0 0.717 1.395 0.271654 6.94931e-05 3.19055e-14 1.83647e-10 2.416 2.964 0 0 0 0 
 0.715 1.401 -0.0021965 0 0 0.715 1.401 0.267609 6.94915e-05 3.15978e-14 1.8188e-10 2.413 2.96 0 0 0 0 
 0.719 1.4 -0.00219689 0 0 0.719 1.4 0.268133 6.9488e-05 3.16522e-14 1.82202e-10 2.416 2.96 0 0 0 0 
 0.715 1.403 -0.00219674 0 0 0.715 1.403 0.265427 6.94896e-05 3.14998e-14 1.81321e-10 2.414 2.957 0 0 0 0 
 0.718 1.402 -0.00219786 0 0 0.718 1.402 0.26846 6.9489e-05 3.15416e-14 1.81563e-10 2.412 2.962 0 0 0 0 
 0.716 1.402 -0.00219897 0 0 0.716 1.402 0.270627 6.94914e-05 3.15178e-14 1.8142e-10 2.413 2.968 0 0 0 0 
 0.716 1.399 -0.00219972 0 0 0.716 1.399 0.269795 6.94922e-05 3.16961e-14 1.82444e-10 2.413 2.963 0 0 0 0 
 0.719 1.396 -0.00219781 0 0 0.719 1.396 0.269358 6.94893e-05 3.18629e-14 1.83412e-10 2.42 2.96 0 0 0 0 
 0.716 1.39 -0.00219837 0 0 0.716 1.39 0.273206 6.94966e-05 3.21787e-14 1.8521e-10 2.416 2.963 0 0 0 0 
 0.716 1.392 -0.00219745 0 0 0.716 1.392 0.271739 6.94948e-05 3.20714e-14 1.84597e-10 2.418 2.962 0 0 0 0 
 0.722 1.394 -0.00219766 0 0 0.722 1.394 0.274514 6.94908e-05 3.19532e-14 1.83928e-10 2.414 2.968 0 0 0 0 
 0.726 1.397 -0.00219729 0 0 0.726 1.397 0.272761 6.94853e-05 3.18013e-14 1.83068e-10 2.415 2.966 0 0 0 0 
 0.725 1.393 -0.00219668 0 0 0.725 1.393 0.275462 6.94886e-05 3.20046e-14 1.84229e-10 2.416 2.969 0 0 0 0 
 0.72 1.397 -0.00219574 0 0 0.72 1.397 0.273457 6.94908e-05 3.17858e-14 1.82964e-10 2.414 2.969 0 0 0 0 
 0.718 1.394 -0.00219582 0 0 0.718 1.394 0.271985 6.94932e-05 3.19664e-14 1.83997e-10 2.414 2.963 0 0 0 0 
 0.721 1.398 -0.00219689 0 0 0.721 1.398 0.270627 6.94877e-05 3.17456e-14 1.82741e-10 2.418 2.964 0 0 0 0 
 0.719 1.399 -0.00219581 0 0 0.719 1.399 0.270932 6.94893e-05 3.1684e-14 1.82382e-10 2.417 2.966 0 0 0 0 
 0.72 1.4 -0.00219466 0 0 0.72 1.4 0.269161 6.9487e-05 3.16393e-14 1.82131e-10 2.419 2.963 0 0 0 0 
 0.721 1.397 -0.00219377 0 0 0.721 1.397 0.269905 6.9488e-05 3.18109e-14 1.83116e-10 2.417 2.961 0 0 0 0 
 0.715 1.399 -0.00219316 0 0 0.715 1.399 0.266654 6.94909e-05 3.17098e-14 1.82526e-10 2.418 2.957 0 0 0 0 
 0.718 1.395 -0.00219471 0 0 0.718 1.395 0.269249 6.94905e-05 3.19193e-14 1.83733e-10 2.42 2.959 0 0 0 0 
 0.721 1.392 -0.0021964 0 0 0.721 1.392 0.271679 6.94909e-05 3.2086e-14 1.84691e-10 2.416 2.96 0 0 0 0 
 0.72 1.397 -0.00219687 0 0 0.72 1.397 0.268746 6.9488e-05 3.18147e-14 1.83138e-10 2.419 2.959 0 0 0 0 
 0.722 1.396 -0.00219644 0 0 0.722 1.396 0.271594 6.94888e-05 3.18626e-14 1.83411e-10 2.414 2.963 0 0 0 0 
 0.72 1.394 -0.00219703 0 0 0.72 1.394 0.271263 6.9491e-05 3.19743e-14 1.84049e-10 2.415 2.961 0 0 0 0 
 0.724 1.397 -0.00219677 0 0 0.724 1.397 0.270981 6.94865e-05 3.18142e-14 1.83139e-10 2.414 2.962 0 0 0 0 
 0.722 1.401 -0.00219624 0 0 0.722 1.401 0.27065 6.94862e-05 3.15821e-14 1.81803e-10 2.415 2.966 0 0 0 0 
 0.722 1.4 -0.00219732 0 0 0.722 1.4 0.272344 6.94881e-05 3.16337e-14 1.82095e-10 2.411 2.968 0 0 0 0 
 0.724 1.399 -0.00219687 0 0 0.724 1.399 0.273179 6.94867e-05 3.16837e-14 1.82387e-10 2.413 2.969 0 0 0 0 
 0.729 1.396 -0.0021976 0 0 0.729 1.396 0.273485 6.94826e-05 3.18502e-14 1.83356e-10 2.419 2.967 0 0 0 0 
 0.729 1.397 -0.00219642 0 0 0.729 1.397 0.272677 6.94827e-05 3.18079e-14 1.83113e-10 2.415 2.965 0 0 0 0 
 0.723 1.4 -0.00219527 0 0 0.723 1.4 0.269401 6.94851e-05 3.16494e-14 1.82194e-10 2.416 2.962 0 0 0 0 
 0.729 1.401 -0.00219622 0 0 0.729 1.401 0.270895 6.94802e-05 3.15917e-14 1.81874e-10 2.416 2.965 0 0 0 0 
 0.729 1.395 -0.00219579 0 0 0.729 1.395 0.272063 6.94837e-05 3.19321e-14 1.83825e-10 2.413 2.961 0 0 0 0 
 0.728 1.395 -0.00219546 0 0 0.728 1.395 0.273011 6.94853e-05 3.19264e-14 1.83788e-10 2.411 2.963 0 0 0 0 
 0.723 1.394 -0.00219642 0 0 0.723 1.394 0.274126 6.94904e-05 3.19648e-14 1.83995e-10 2.411 2.966 0 0 0 0 
 0.726 1.391 -0.00219538 0 0 0.726 1.391 0.27382 6.94886e-05 3.21419e-14 1.8502e-10 2.413 2.962 0 0 0 0 
 0.725 1.394 -0.00219601 0 0 0.725 1.394 0.272734 6.94867e-05 3.19655e-14 1.84009e-10 2.418 2.964 0 0 0 0 
 0.725 1.39 -0.00219502 0 0 0.725 1.39 0.27543 6.9489e-05 3.21692e-14 1.85176e-10 2.42 2.967 0 0 0 0 
 0.723 1.391 -0.00219482 0 0 0.723 1.391 0.273845 6.94895e-05 3.21187e-14 1.84884e-10 2.421 2.965 0 0 0 0 
 0.72 1.392 -0.00219395 0 0 0.72 1.392 0.271544 6.94909e-05 3.20766e-14 1.84637e-10 2.42 2.961 0 0 0 0 
 0.722 1.395 -0.00219577 0 0 0.722 1.395 0.271926 6.949e-05 3.19236e-14 1.83759e-10 2.411 2.962 0 0 0 0 
 0.717 1.396 -0.00219536 0 0 0.717 1.396 0.270736 6.9493e-05 3.1862e-14 1.83397e-10 2.413 2.962 0 0 0 0 
 0.721 1.4 -0.00219505 0 0 0.721 1.4 0.27065 6.94877e-05 3.16393e-14 1.82129e-10 2.414 2.965 0 0 0 0 
 0.722 1.4 -0.00219536 0 0 0.722 1.4 0.269073 6.94854e-05 3.1646e-14 1.82173e-10 2.418 2.962 0 0 0 0 
 0.713 1.399 -0.00219558 0 0 0.713 1.399 0.270211 6.94956e-05 3.16928e-14 1.82416e-10 2.41 2.964 0 0 0 0 
 0.712 1.395 -0.0021942 0 0 0.712 1.395 0.271018 6.94978e-05 3.19072e-14 1.83644e-10 2.413 2.963 0 0 0 0 
 0.716 1.393 -0.00219515 0 0 0.716 1.393 0.271849 6.94947e-05 3.20148e-14 1.84272e-10 2.417 2.963 0 0 0 0 
 0.718 1.397 -0.00219367 0 0 0.718 1.397 0.270078 6.949e-05 3.17973e-14 1.83033e-10 2.42 2.963 0 0 0 0 
 0.718 1.398 -0.00219442 0 0 0.718 1.398 0.270211 6.94907e-05 3.17494e-14 1.82755e-10 2.415 2.963 0 0 0 0 
 0.719 1.396 -0.00219493 0 0 0.719 1.396 0.270847 6.94911e-05 3.18629e-14 1.83407e-10 2.414 2.962 0 0 0 0 
 0.722 1.392 -0.00219546 0 0 0.722 1.392 0.273985 6.94912e-05 3.20706e-14 1.84602e-10 2.415 2.965 0 0 0 0 
 0.722 1.397 -0.00219422 0 0 0.722 1.397 0.270124 6.94875e-05 3.18132e-14 1.8313e-10 2.416 2.961 0 0 0 0 
 0.729 1.398 -0.00219416 0 0 0.729 1.398 0.271005 6.94817e-05 3.17643e-14 1.82864e-10 2.415 2.962 0 0 0 0 
 0.729 1.397 -0.00219426 0 0 0.729 1.397 0.271619 6.94819e-05 3.18124e-14 1.83141e-10 2.417 2.963 0 0 0 0 
 0.726 1.402 -0.00219477 0 0 0.726 1.402 0.270344 6.94817e-05 3.15291e-14 1.8151e-10 2.418 2.966 0 0 0 0 
 0.729 1.397 -0.00219398 0 0 0.729 1.397 0.273067 6.94821e-05 3.17962e-14 1.83047e-10 2.419 2.967 0 0 0 0 
 0.726 1.4 -0.00219387 0 0 0.726 1.4 0.273234 6.94828e-05 3.1611e-14 1.81979e-10 2.422 2.972 0 0 0 0 
 0.729 1.394 -0.00219319 0 0 0.729 1.394 0.276377 6.94838e-05 3.19324e-14 1.83826e-10 2.423 2.973 0 0 0 0 
 0.73 1.394 -0.00219388 0 0 0.73 1.394 0.276105 6.94836e-05 3.19452e-14 1.83901e-10 2.419 2.971 0 0 0 0 
 0.73 1.395 -0.00219569 0 0 0.73 1.395 0.27343 6.94834e-05 3.19227e-14 1.83772e-10 2.413 2.964 0 0 0 0 
 0.725 1.396 -0.00219372 0 0 0.725 1.396 0.274626 6.94871e-05 3.1839e-14 1.8328e-10 2.416 2.97 0 0 0 0 
 0.724 1.399 -0.00219468 0 0 0.724 1.399 0.273791 6.94866e-05 3.16743e-14 1.82334e-10 2.415 2.971 0 0 0 0 
 0.729 1.395 -0.00219561 0 0 0.729 1.395 0.276975 6.94854e-05 3.18894e-14 1.83574e-10 2.414 2.973 0 0 0 0 
 0.728 1.396 -0.00219549 0 0 0.728 1.396 0.276105 6.94849e-05 3.18307e-14 1.83238e-10 2.417 2.973 0 0 0 0 
 0.729 1.398 -0.00219461 0 0 0.729 1.398 0.274238 6.94827e-05 3.17356e-14 1.82697e-10 2.416 2.97 0 0 0 0 
 0.724 1.395 -0.00219711 0 0 0.724 1.395 0.273206 6.94861e-05 3.18895e-14 1.83573e-10 2.424 2.968 0 0 0 0 
