 2.272 1.387 -0.00662915 0 0 2.34217 1.43358 -0.29231 0 0 0 2.054 0.476 -0.29231 0 0 0 
 2.261 1.42 -0.00662957 0 0 2.35016 1.43158 -0.29231 0.0782487 0.0796183 0.181143 2.062 0.474 -0.29231 0 0 0 
 2.271 1.411 -0.00662929 0 0 2.35516 1.42758 -0.29231 0.0739409 0.113006 0.268459 2.067 0.47 -0.29231 0 0 0 
 2.256 1.396 -0.00662809 0 0 2.35616 1.42358 -0.292308 0.0882575 0.181101 0.35381 2.068 0.466 -0.292308 0 0 0 
 2.262 1.398 -0.00662632 0 0 2.34716 1.42658 -0.292306 0.0751469 0.191588 0.430241 2.059 0.469 -0.292306 0 0 0 
 2.278 1.405 -0.00662646 0 0 2.34316 1.42358 -0.292304 0.0573176 0.129377 0.385923 2.055 0.466 -0.292304 0 0 0 
 2.266 1.389 -0.00662381 0 0 2.34516 1.42258 -0.292305 0.0700897 0.226255 0.523599 2.057 0.465 -0.292305 0 0 0 
 2.256 1.406 -6.43532e-05 0 0 2.34816 1.42858 -0.292305 0.0812021 0.146851 0.314705 2.06 0.471 -0.292305 0 0 0 
 2.29 1.427 0.0224886 0 0 2.35091 1.43296 -0.290995 0.0535436 0.031456 0.105355 2.064 0.475 -0.290995 0 0 0 
 2.299 1.44 0.0353931 0 0 2.34718 1.42818 -0.290236 0.0420083 -0.094719 -0.385546 2.061 0.47 -0.290236 0 0 0 
 2.294 1.41 0.03528 0 0 2.34936 1.4066 -0.285213 0.0484471 -0.0370284 -0.136717 2.068 0.447 -0.285213 0 0 0 
 2.316 1.41 0.0336908 0 0 2.36572 1.40122 -0.272069 0.0434168 -0.0730423 -0.294045 2.097 0.438 -0.272069 0 0 0 
 2.29 1.426 0.0332871 0 0 2.37564 1.39537 -0.244053 0.0749923 -0.219973 -0.485787 2.134 0.425 -0.244053 0 0 0 
 2.301 1.426 0.0316977 0 0 2.38037 1.39553 -0.217072 0.0695345 -0.218961 -0.515658 2.165 0.419 -0.217072 0 0 0 
 2.316 1.404 0.0265754 0 0 2.37904 1.37319 -0.194256 0.0553518 -0.22154 -0.523599 2.186 0.392 -0.194256 0 0 0 
 2.325 1.423 0.0163115 0 0 2.38251 1.3547 -0.16932 0.0530725 -0.47153 -0.523599 2.214 0.369 -0.16932 0 0 0 
 2.33 1.467 -0.00857851 0 0 2.37542 1.36172 -0.128772 0.0488761 -0.712556 -0.523599 2.247 0.37 -0.128772 0 0 0 
 2.333 1.462 -0.0594114 0 0 2.3799 1.37039 -0.0850039 0.0517381 -0.60238 -0.523599 2.295 0.374 -0.0850039 0 0 0 
 2.306 1.458 -0.130173 0 0 2.3904 1.36873 -0.0504178 0.0877701 -0.494273 -0.523599 2.34 0.37 -0.0504178 0 0 0 
 2.302 1.445 -0.191132 0 0 2.40579 1.38469 -0.0247883 0.100496 -0.247136 -0.416724 2.381 0.385 -0.0247883 0 0 0 
 2.32 1.457 -0.239649 0 0 2.41386 1.39899 -0.0038589 0.0928621 -0.216446 -0.397245 2.41 0.399 -0.0038589 0 0 0 
 2.301 1.439 -0.261923 0 0 2.42435 1.40899 0.00364938 0.111328 0.0181588 0.0293514 2.428 0.409 0.00364938 0 0 0 
 2.327 1.438 -0.276436 0 0 2.44739 1.41 0.001614 0.108315 0.0365565 0.0606759 2.449 0.41 0.001614 0 0 0 
 2.348 1.45 -0.27561 0 0 2.45259 1.41196 0.00941478 0.0974021 -0.0513835 -0.0946734 2.462 0.412 0.00941478 0 0 0 
 2.337 1.466 -0.276366 0 0 2.47292 1.41294 0.0110782 0.127526 -0.0830941 -0.116752 2.484 0.413 0.0110782 0 0 0 
 2.389 1.451 -0.279143 0 0 2.49177 1.40888 0.0152302 0.0969371 -0.0768085 -0.141668 2.507 0.409 0.0152302 0 0 0 
 2.388 1.418 -0.286035 0 0 2.52067 1.40775 0.0223359 0.114684 0.168253 0.258184 2.543 0.408 0.0223359 0 0 0 
 2.439 1.413 -0.292601 0 0 2.54068 1.40738 0.0353245 0.0872282 0.15388 0.30747 2.576 0.408 0.0353245 0 0 0 
 2.46 1.439 -0.288819 0 0 2.5727 1.39858 0.0533273 0.104887 -0.0413362 -0.0708195 2.626 0.4 0.0533273 0 0 0 
 2.457 1.406 -0.286284 0 0 2.59421 1.40749 0.0708514 0.116154 0.243999 0.3615 2.665 0.41 0.0708514 0 0 0 
 2.471 1.364 -0.285709 0 0 2.59736 1.42322 0.0978007 0.0975251 0.576438 0.523599 2.695 0.428 0.0978007 0 0 0 
 2.445 1.344 -0.276251 0 0 2.61557 1.43708 0.117706 0.133233 0.784743 0.523599 2.733 0.444 0.117706 0 0 0 
 2.454 1.337 -0.225123 0 0 2.63854 1.45158 0.129825 0.149389 0.851585 0.523599 2.768 0.46 0.129825 0 0 0 
 2.445 1.348 -0.145546 0 0 2.67967 1.44934 0.131708 0.200641 0.68572 0.523599 2.811 0.458 0.131708 0 0 0 
 2.431 1.356 -0.06034 0 0 2.71398 1.44957 0.137451 0.248932 0.519881 0.359578 2.851 0.459 0.137451 0 0 0 
 2.448 1.379 0.00421869 0 0 2.73007 1.46977 0.15657 0.251765 0.420719 0.292185 2.886 0.482 0.15657 0 0 0 
 2.492 1.394 0.0536897 0 0 2.74837 1.46581 0.17451 0.229696 0.284106 0.219065 2.922 0.481 0.17451 0 0 0 
 2.534 1.428 0.0932547 0 0 2.77711 1.48213 0.183922 0.217269 0.157054 0.129387 2.96 0.499 0.183922 0 0 0 
 2.592 1.385 0.120105 0 0 2.81763 1.52613 0.194592 0.218117 0.561953 0.434229 3.011 0.545 0.194592 0 0 0 
 2.624 1.417 0.137444 0 0 2.85204 1.5498 0.201319 0.219447 0.498391 0.388072 3.052 0.57 0.201319 0 0 0 
 2.601 1.396 0.195383 0 0 2.91225 1.59905 0.200082 0.310953 0.584601 0.326308 3.111 0.619 0.200082 0 0 0 
 2.596 1.372 0.245849 0 0 2.93475 1.60455 0.197537 0.346389 0.568684 0.287337 3.131 0.624 0.197537 0 0 0 
 2.636 1.384 0.300775 0 0 2.90822 1.51783 0.190934 0.263932 0.217682 0.147382 3.098 0.536 0.190934 0 0 0 
 2.687 1.384 0.353457 0 0 2.88153 1.47411 0.194699 0.18761 0.0913553 0.0874263 3.075 0.493 0.194699 0 0 0 
 2.698 1.411 0.371129 0 0 2.85817 1.43799 0.219586 0.140201 -0.191197 -0.240712 3.076 0.462 0.219586 0 0 0 
 2.695 1.397 0.378604 0 0 2.81834 1.41897 0.280316 0.108077 -0.155466 -0.253361 3.095 0.458 0.280316 0 0 0 
 2.729 1.434 0.375305 0 0 2.7929 1.42239 0.347028 0.049307 -0.236121 -0.523599 3.133 0.482 0.347028 0 0 0 
 2.731 1.437 0.373063 0 0 2.77048 1.43246 0.406637 0.0310695 -0.133089 -0.523599 3.166 0.514 0.406637 0 0 0 
 2.754 1.402 0.366738 0 0 2.77787 1.44833 0.447968 0.0350615 0.245769 0.523599 3.211 0.547 0.447968 0 0 0 
 2.766 1.43 0.36015 0 0 2.80776 1.46186 0.473764 0.0443046 0.105293 0.404223 3.264 0.572 0.473764 0 0 0 
 2.783 1.412 0.364821 0 0 2.83192 1.47921 0.48599 0.0626428 0.304622 0.523599 3.299 0.595 0.48599 0 0 0 
 2.797 1.405 0.368841 0 0 2.84388 1.4902 0.500794 0.0681591 0.414922 0.523599 3.324 0.613 0.500794 0 0 0 
 2.794 1.414 0.38481 0 0 2.85294 1.50181 0.509869 0.079338 0.385039 0.523599 3.341 0.629 0.509869 0 0 0 
 2.778 1.409 0.426873 0 0 2.87082 1.51422 0.519188 0.11451 0.348685 0.501384 3.367 0.646 0.519188 0 0 0 
 2.781 1.411 0.46411 0 0 2.88533 1.5389 0.527843 0.134954 0.395203 0.485104 3.389 0.675 0.527843 0 0 0 
 2.79 1.407 0.49866 0 0 2.89487 1.55028 0.53301 0.144451 0.433615 0.495387 3.403 0.689 0.53301 0 0 0 
 2.808 1.41 0.538321 0 0 2.9179 1.57711 0.535303 0.162452 0.481784 0.490341 3.428 0.717 0.535303 0 0 0 
 2.828 1.421 0.581454 0 0 2.94851 1.59648 0.534586 0.176639 0.433694 0.416137 3.458 0.736 0.534586 0 0 0 
 2.839 1.462 0.629416 0 0 2.99505 1.60361 0.536284 0.18407 0.120862 0.117644 3.506 0.744 0.536284 0 0 0 
 2.856 1.452 0.667581 0 0 3.03461 1.62235 0.536797 0.215835 0.116919 0.0971994 3.546 0.763 0.536797 0 0 0 
 2.87 1.458 0.67573 0 0 3.04828 1.62794 0.545352 0.215492 0.106352 0.0886027 3.567 0.773 0.545352 0 0 0 
 2.873 1.46 0.687352 0 0 3.03777 1.64497 0.56242 0.215447 0.193617 0.160372 3.571 0.799 0.56242 0 0 0 
 2.881 1.518 0.699637 0 0 3.03855 1.66121 0.584103 0.186655 0.0431711 0.0416079 3.59 0.827 0.584103 0 0 0 
 2.913 1.533 0.719556 0 0 3.0409 1.67102 0.600559 0.16439 0.108263 0.117993 3.606 0.846 0.600559 0 0 0 
 2.944 1.535 0.723333 0 0 3.06159 1.68074 0.604573 0.162527 0.174828 0.191257 3.63 0.858 0.604573 0 0 0 
 2.962 1.527 0.734676 0 0 3.09759 1.69375 0.604566 0.186922 0.17452 0.166501 3.666 0.871 0.604566 0 0 0 
 2.935 1.55 0.753079 0 0 3.12049 1.7002 0.610779 0.208974 -0.0881603 -0.0757915 3.694 0.881 0.610779 0 0 0 
 2.966 1.602 0.764986 0 0 3.13244 1.71235 0.624334 0.173102 -0.19444 -0.199499 3.717 0.901 0.624334 0 0 0 
 3.004 1.607 0.763329 0 0 3.13083 1.72436 0.646222 0.151555 -0.0163663 -0.0194356 3.733 0.926 0.646222 0 0 0 
 3.011 1.618 0.761666 0 0 3.1412 1.73755 0.66721 0.155028 -0.0188653 -0.0219007 3.76 0.952 0.66721 0 0 0 
 3.043 1.639 0.761721 0 0 3.14953 1.74895 0.687319 0.134207 0.035499 0.0475758 3.784 0.976 0.687319 0 0 0 
 3.041 1.627 0.761603 0 0 3.15915 1.76262 0.703441 0.157267 0.0934491 0.106552 3.806 1 0.703441 0 0 0 
 3.067 1.635 0.761935 0 0 3.17309 1.78497 0.716714 0.158889 0.197535 0.220154 3.83 1.031 0.716714 0 0 0 
 3.055 1.608 0.764844 0 0 3.19225 1.80695 0.725823 0.208982 0.247182 0.20977 3.856 1.059 0.725823 0 0 0 
 3.045 1.652 0.772917 0 0 3.20548 1.80426 0.740314 0.194026 -0.0160325 -0.0148724 3.88 1.066 0.740314 0 0 0 
 3.047 1.669 0.796322 0 0 3.22673 1.7991 0.75086 0.192619 -0.19704 -0.182092 3.909 1.068 0.75086 0 0 0 
 3.064 1.663 0.793775 0 0 3.23995 1.78305 0.772671 0.184274 -0.220338 -0.211994 3.938 1.067 0.772671 0 0 0 
 3.1 1.717 0.7898 0 0 3.22699 1.77862 0.813963 0.118248 -0.282935 -0.406681 3.954 1.092 0.813963 0 0 0 
 3.123 1.715 0.782747 0 0 3.21141 1.76457 0.861142 0.0861703 -0.175152 -0.350745 3.97 1.113 0.861142 0 0 0 
 3.139 1.688 0.758945 0 0 3.19605 1.76509 0.899387 0.083042 0.108038 0.230036 3.979 1.143 0.899387 0 0 0 
 3.101 1.722 0.747791 0 0 3.18185 1.7868 0.927547 0.0906861 -0.0477159 -0.0944282 3.982 1.187 0.927547 0 0 0 
 3.113 1.741 0.750645 0 0 3.19088 1.78976 0.937559 0.0793474 -0.114022 -0.253113 3.997 1.198 0.937559 0 0 0 
 3.139 1.727 0.749187 0 0 3.2012 1.82071 0.943807 0.0964089 0.165768 0.300147 4.011 1.234 0.943807 0 0 0 
 3.156 1.725 0.745952 0 0 3.21904 1.84533 0.94921 0.113628 0.278033 0.414874 4.032 1.263 0.94921 0 0 0 
 3.173 1.734 0.749552 0 0 3.22889 1.86871 0.951195 0.118798 0.364878 0.505033 4.043 1.288 0.951195 0 0 0 
 3.176 1.757 0.758159 0 0 3.2407 1.88263 0.954974 0.118417 0.282405 0.405481 4.057 1.305 0.954974 0 0 0 
 3.195 1.775 0.791527 0 0 3.25157 1.91603 0.956929 0.12513 0.350688 0.467215 4.069 1.34 0.956929 0 0 0 
 3.187 1.775 0.820082 0 0 3.24787 1.95174 0.96339 0.153306 0.428571 0.466199 4.069 1.381 0.96339 0 0 0 
 3.213 1.786 0.854513 0 0 3.27311 1.98565 0.964716 0.171025 0.466714 0.456588 4.095 1.416 0.964716 0 0 0 
 3.228 1.821 0.896666 0 0 3.2898 2.01019 0.965272 0.166383 0.384238 0.393954 4.112 1.441 0.965272 0 0 0 
 3.229 1.828 0.942938 0 0 3.3112 2.03178 0.964559 0.188621 0.281273 0.262236 4.133 1.462 0.964559 0 0 0 
 3.232 1.828 0.980885 0 0 3.33376 2.0657 0.96709 0.224119 0.236252 0.187516 4.157 1.498 0.96709 0 0 0 
 3.265 1.828 1.00639 0 0 3.35547 2.08082 0.969374 0.231618 0.287244 0.219628 4.18 1.515 0.969374 0 0 0 
 3.282 1.831 1.02976 0 0 3.36905 2.09335 0.98441 0.23847 0.291868 0.216842 4.202 1.54 0.98441 0 0 0 
 3.289 1.838 1.05878 0 0 3.37727 2.09402 1.00981 0.234928 0.23564 0.178621 4.224 1.562 1.00981 0 0 0 
 3.284 1.866 1.08736 0 0 3.39113 2.08513 1.03894 0.21389 0.0354264 0.0298043 4.253 1.578 1.03894 0 0 0 
 3.28 1.938 1.10517 0 0 3.39274 2.08163 1.07852 0.157772 -0.203461 -0.228086 4.274 1.609 1.07852 0 0 0 
 3.28 1.959 1.10726 0 0 3.38231 2.06354 1.11905 0.123453 -0.268064 -0.372593 4.282 1.627 1.11905 0 0 0 
 3.301 1.951 1.10459 0 0 3.38371 2.04457 1.16629 0.10661 -0.196943 -0.321017 4.303 1.651 1.16629 0 0 0 
 3.291 1.966 1.09786 0 0 3.36966 2.05698 1.20362 0.10303 -0.178142 -0.301724 4.303 1.698 1.20362 0 0 0 
 3.276 1.97 1.08565 0 0 3.3411 2.06357 1.24974 0.0993672 -0.0876392 -0.157441 4.29 1.748 1.24974 0 0 0 
 3.3 1.957 1.06749 0 0 3.34354 2.09535 1.26784 0.125255 0.170769 0.24065 4.298 1.797 1.26784 0 0 0 
 3.301 1.977 1.06379 0 0 3.34644 2.12602 1.26818 0.134303 0.191566 0.251319 4.301 1.828 1.26818 0 0 0 
 3.315 2 1.06773 0 0 3.35501 2.15963 1.26964 0.140692 0.242854 0.301249 4.31 1.863 1.26964 0 0 0 
 3.322 1.997 1.07136 0 0 3.37744 2.19178 1.27157 0.174441 0.242544 0.245236 4.333 1.897 1.27157 0 0 0 
 3.369 1.988 1.08478 0 0 3.38819 2.21372 1.27582 0.187366 0.466938 0.421673 4.345 1.923 1.27582 0 0 0 
 3.35 2.045 1.11146 0 0 3.39173 2.23309 1.28795 0.165374 0.254194 0.269924 4.352 1.954 1.28795 0 0 0 
 3.329 2.068 1.15974 0 0 3.39518 2.22993 1.30474 0.153412 0.0228472 0.0268005 4.36 1.967 1.30474 0 0 0 
 3.337 2.07 1.17529 0 0 3.41691 2.22373 1.32561 0.151572 -0.0824839 -0.0976425 4.387 1.981 1.32561 0 0 0 
 3.341 2.048 1.17698 0 0 3.41722 2.24024 1.35488 0.181377 0.0181735 0.0180335 4.394 2.026 1.35488 0 0 0 
 3.381 2.069 1.17585 0 0 3.41386 2.23642 1.39243 0.147359 0.195133 0.23399 4.398 2.059 1.39243 0 0 0 
 3.382 2.103 1.1793 0 0 3.39656 2.24862 1.41859 0.124098 0.251822 0.350205 4.385 2.097 1.41859 0 0 0 
 3.396 2.16 1.19721 0 0 3.39374 2.24714 1.44634 0.0712758 0.224458 0.515686 4.386 2.123 1.44634 0 0 0 
 3.397 2.174 1.22255 0 0 3.40077 2.2612 1.45434 0.0735218 0.172854 0.400337 4.394 2.145 1.45434 0 0 0 
 3.398 2.146 1.24323 0 0 3.38346 2.28434 1.46627 0.113046 0.355275 0.514814 4.378 2.18 1.46627 0 0 0 
 3.386 2.143 1.26384 0 0 3.3846 2.33284 1.47481 0.160442 0.327079 0.351695 4.38 2.237 1.47481 0 0 0 
 3.399 2.156 1.29954 0 0 3.38952 2.35792 1.47573 0.17077 0.34548 0.349227 4.385 2.263 1.47573 0 0 0 
 3.424 2.187 1.33358 0 0 3.38738 2.38349 1.47716 0.163966 0.451248 0.45994 4.383 2.29 1.47716 0 0 0 
 3.423 2.192 1.36988 0 0 3.39587 2.41087 1.48281 0.186191 0.372643 0.345779 4.392 2.323 1.48281 0 0 0 
 3.445 2.217 1.41336 0 0 3.40418 2.45866 1.49106 0.207078 0.398683 0.333599 4.401 2.379 1.49106 0 0 0 
 3.428 2.221 1.45002 0 0 3.40305 2.492 1.50675 0.235049 0.278807 0.210351 4.401 2.428 1.50675 0 0 0 
 3.42 2.22 1.4875 0 0 3.38619 2.50676 1.52202 0.249863 0.272109 0.193571 4.385 2.458 1.52202 0 0 0 
 3.428 2.266 1.51347 0 0 3.38662 2.51524 1.53555 0.21784 0.278544 0.22622 4.386 2.48 1.53555 0 0 0 
 3.429 2.29 1.54111 0 0 3.39327 2.53303 1.54776 0.21315 0.217186 0.181393 4.393 2.51 1.54776 0 0 0 
 3.4 2.316 1.56835 0 0 3.398 2.54521 1.57158 0.201053 0.0132668 0.011877 4.398 2.546 1.57158 0 0 0 
 3.381 2.352 1.58935 0 0 3.40222 2.56686 1.59194 0.188446 -0.133623 -0.126948 4.402 2.588 1.59194 0 0 0 
 3.401 2.386 1.58917 0 0 3.41392 2.57313 1.61368 0.164066 -0.0907985 -0.099289 4.413 2.616 1.61368 0 0 0 
 3.417 2.414 1.58859 0 0 3.41164 2.57937 1.64349 0.145117 0.0139051 0.0172458 4.409 2.652 1.64349 0 0 0 
 3.425 2.428 1.58715 0 0 3.39875 2.5649 1.6781 0.120823 0.144671 0.21228 4.393 2.672 1.6781 0 0 0 
 3.439 2.424 1.58797 0 0 3.39409 2.56132 1.71296 0.122291 0.25533 0.35949 4.384 2.703 1.71296 0 0 0 
 3.441 2.424 1.59088 0 0 3.39097 2.58644 1.73205 0.144704 0.26876 0.322634 4.378 2.747 1.73205 0 0 0 
 3.419 2.438 1.61302 0 0 3.37934 2.62053 1.74616 0.16205 0.177779 0.194963 4.364 2.795 1.74616 0 0 0 
 3.427 2.464 1.63962 0 0 3.35477 2.65014 1.76488 0.169318 0.324726 0.332403 4.336 2.843 1.76488 0 0 0 
 3.45 2.469 1.65836 0 0 3.31606 2.68484 1.77641 0.206008 0.581685 0.470225 4.295 2.889 1.77641 0 0 0 
 3.461 2.499 1.69271 0 0 3.29788 2.71672 1.7755 0.21668 0.671743 0.508988 4.277 2.92 1.7755 0 0 0 
 3.454 2.505 1.74967 0 0 3.29237 2.74918 1.773 0.242756 0.549577 0.386957 4.272 2.95 1.773 0 0 0 
 3.436 2.526 1.81557 0 0 3.28096 2.79318 1.77095 0.26392 0.394007 0.262521 4.261 2.992 1.77095 0 0 0 
 3.447 2.536 1.87009 0 0 3.25538 2.83406 1.76801 0.303496 0.408611 0.237759 4.236 3.03 1.76801 0 0 0 
 3.446 2.588 1.90862 0 0 3.24995 2.88824 1.76579 0.308754 0.36387 0.209033 4.231 3.082 1.76579 0 0 0 
 3.391 2.619 1.94917 0 0 3.25009 2.91293 1.75593 0.285477 0.0995076 0.0626598 4.233 3.097 1.75593 0 0 0 
 3.394 2.619 1.98077 0 0 3.26332 2.92369 1.75719 0.290797 -0.0070235 -0.00434743 4.246 3.109 1.75719 0 0 0 
 3.404 2.674 1.98712 0 0 3.27694 2.94231 1.76572 0.260349 0.035826 0.0247643 4.258 3.136 1.76572 0 0 0 
 3.374 2.681 1.98811 0 0 3.28598 2.9323 1.79025 0.233044 -0.104458 -0.0805074 4.262 3.15 1.79025 0 0 0 
 3.339 2.729 1.9904 0 0 3.29711 2.90969 1.84036 0.160465 -0.197465 -0.217985 4.261 3.176 1.84036 0 0 0 
 3.361 2.715 1.98921 0 0 3.31678 2.8884 1.89083 0.155288 -0.1695 -0.194001 4.266 3.203 1.89083 0 0 0 
 3.337 2.735 1.98526 0 0 3.31363 2.86408 1.93791 0.112513 -0.187229 -0.291028 4.247 3.223 1.93791 0 0 0 
 3.355 2.758 1.97848 0 0 3.30307 2.85396 1.98127 0.0953986 0.0609687 0.114533 4.22 3.253 1.98127 0 0 0 
 3.365 2.787 1.96542 0 0 3.29554 2.86434 2.01381 0.0868811 0.220986 0.429353 4.199 3.293 2.01381 0 0 0 
 3.353 2.799 1.96946 0 0 3.28774 2.87746 2.03257 0.0862694 0.191053 0.379324 4.183 3.323 2.03257 0 0 0 
 3.338 2.791 1.9738 0 0 3.27452 2.90716 2.04974 0.115677 0.0781933 0.121078 4.162 3.368 2.04974 0 0 0 
 3.333 2.797 1.9784 0 0 3.27133 2.92728 2.06431 0.126372 0.0296998 0.0422783 4.152 3.401 2.06431 0 0 0 
 3.315 2.826 1.98282 0 0 3.26212 2.93028 2.08257 0.10242 0.041815 0.0733565 4.134 3.42 2.08257 0 0 0 
 3.311 2.85 1.98531 0 0 3.25452 2.93483 2.10734 0.0882804 0.112482 0.225448 4.114 3.446 2.10734 0 0 0 
 3.305 2.859 1.991 0 0 3.24469 2.95034 2.12311 0.0949528 0.112771 0.210608 4.096 3.475 2.12311 0 0 0 
 3.304 2.874 2.00202 0 0 3.25328 2.95364 2.13928 0.0821754 0.0829971 0.179836 4.096 3.492 2.13928 0 0 0 
 3.283 2.864 2.01273 0 0 3.24141 2.97765 2.15239 0.105791 -0.0683298 -0.115741 4.077 3.527 2.15239 0 0 0 
 3.292 2.871 2.01938 0 0 3.22108 2.97929 2.1733 0.112759 0.103689 0.164033 4.045 3.546 2.1733 0 0 0 
 3.324 2.883 2.01712 0 0 3.2104 2.98818 2.19299 0.128333 0.338028 0.442727 4.023 3.571 2.19299 0 0 0 
 3.304 2.911 2.02793 0 0 3.1998 2.98309 2.20051 0.0996795 0.385471 0.523599 4.008 3.572 2.20051 0 0 0 
 3.304 2.9 2.06296 0 0 3.18825 2.99968 2.2097 0.126987 0.32613 0.43302 3.991 3.596 2.2097 0 0 0 
 3.291 2.92 2.10026 0 0 3.15731 3.01993 2.21814 0.137537 0.377415 0.458787 3.955 3.623 2.21814 0 0 0 
 3.296 2.926 2.13383 0 0 3.14225 3.04007 2.22299 0.159477 0.385475 0.410378 3.937 3.647 2.22299 0 0 0 
 3.307 2.937 2.17198 0 0 3.13196 3.05844 2.22252 0.178011 0.407112 0.390518 3.927 3.665 2.22252 0 0 0 
 3.304 2.953 2.21173 0 0 3.11887 3.08465 2.2273 0.192395 0.365299 0.329319 3.911 3.695 2.2273 0 0 0 
 3.273 2.979 2.25196 0 0 3.11276 3.10521 2.23039 0.175691 0.244074 0.245035 3.903 3.718 2.23039 0 0 0 
 3.265 2.968 2.2881 0 0 3.09159 3.11123 2.24307 0.195415 0.190992 0.174144 3.874 3.734 2.24307 0 0 0 
 3.247 2.977 2.31052 0 0 3.0884 3.13189 2.26024 0.194223 0.0668451 0.061871 3.86 3.768 2.26024 0 0 0 
 3.247 2.992 2.32851 0 0 3.08391 3.13735 2.27661 0.191122 0.0979975 0.092034 3.845 3.786 2.27661 0 0 0 
 3.219 3.028 2.33576 0 0 3.07326 3.14501 2.29694 0.162923 0.134092 0.147077 3.821 3.809 2.29694 0 0 0 
 3.204 3.031 2.34569 0 0 3.05763 3.15217 2.31833 0.165997 0.109538 0.118224 3.791 3.832 2.31833 0 0 0 
 3.179 3.057 2.35952 0 0 3.0369 3.15621 2.33476 0.150305 0.16948 0.200244 3.759 3.848 2.33476 0 0 0 
 3.192 3.066 2.37122 0 0 3.02534 3.17047 2.34974 0.169728 0.225366 0.234604 3.737 3.873 2.34974 0 0 0 
 3.18 3.065 2.38911 0 0 3.00592 3.18188 2.36047 0.182185 0.180435 0.176418 3.71 3.892 2.36047 0 0 0 
 3.139 3.078 2.41207 0 0 3.00086 3.19516 2.37437 0.158839 0.0265256 0.0300503 3.695 3.915 2.37437 0 0 0 
 3.119 3.097 2.42879 0 0 2.98548 3.20684 2.38352 0.151623 0.0240044 0.0284892 3.673 3.933 2.38352 0 0 0 
 3.1 3.132 2.43061 0 0 2.96665 3.2195 2.40016 0.138985 0.120627 0.154972 3.642 3.957 2.40016 0 0 0 
 3.085 3.159 2.43349 0 0 2.9584 3.22314 2.41864 0.121685 0.202131 0.290536 3.62 3.973 2.41864 0 0 0 
 3.09 3.146 2.44844 0 0 2.9507 3.22577 2.43755 0.139184 0.160861 0.205108 3.598 3.988 2.43755 0 0 0 
 3.079 3.157 2.46845 0 0 2.93689 3.2364 2.45214 0.14133 0.153642 0.19324 3.573 4.008 2.45214 0 0 0 
 3.083 3.192 2.48399 0 0 2.92074 3.22979 2.4674 0.135945 0.403728 0.490913 3.545 4.011 2.4674 0 0 0 
 3.085 3.204 2.50069 0 0 2.89383 3.23838 2.47773 0.156986 0.484554 0.507123 3.51 4.026 2.47773 0 0 0 
 3.058 3.19 2.5422 0 0 2.87858 3.25092 2.485 0.161652 0.28333 0.305606 3.489 4.043 2.485 0 0 0 
 3.053 3.167 2.59013 0 0 2.86252 3.27066 2.48871 0.190028 0.0608166 0.0575438 3.47 4.065 2.48871 0 0 0 
 3.033 3.196 2.6169 0 0 2.84635 3.29049 2.49727 0.183299 0.0627842 0.0615764 3.447 4.09 2.49727 0 0 0 
 3.041 3.186 2.62196 0 0 2.82767 3.30357 2.50889 0.213637 0.0196441 0.0165496 3.419 4.11 2.50889 0 0 0 
 3 3.227 2.62822 0 0 2.80977 3.30561 2.53115 0.179578 0.134492 0.134 3.383 4.125 2.53115 0 0 0 
 2.985 3.204 2.63532 0 0 2.78974 3.30634 2.5493 0.193334 0.0272724 0.0253859 3.348 4.136 2.5493 0 0 0 
 2.978 3.242 2.64834 0 0 2.76984 3.32032 2.56381 0.19385 0.155201 0.143127 3.316 4.158 2.56381 0 0 0 
 2.989 3.227 2.654 0 0 2.7668 3.33155 2.57448 0.21523 0.0592409 0.0495036 3.304 4.175 2.57448 0 0 0 
 2.96 3.243 2.66913 0 0 2.75414 3.34258 2.59139 0.20055 0.0259797 0.0233134 3.277 4.195 2.59139 0 0 0 
 2.935 3.244 2.67585 0 0 2.74515 3.35179 2.61239 0.191318 -0.0583078 -0.0548034 3.25 4.215 2.61239 0 0 0 
 2.931 3.259 2.67919 0 0 2.73604 3.34236 2.63756 0.185757 0.0659248 0.0637949 3.219 4.218 2.63756 0 0 0 
 2.923 3.263 2.68048 0 0 2.72409 3.35703 2.6637 0.192958 0.0225632 0.0210449 3.184 4.245 2.6637 0 0 0 
 2.877 3.285 2.68476 0 0 2.7187 3.36664 2.68455 0.156208 -0.019395 -0.0223452 3.16 4.264 2.68455 0 0 0 
 2.864 3.289 2.68724 0 0 2.71515 3.37595 2.70941 0.150894 -0.0728472 -0.0866811 3.134 4.284 2.70941 0 0 0 
 2.848 3.291 2.68724 0 0 2.71182 3.36711 2.7386 0.136677 -0.0504425 -0.0663341 3.104 4.287 2.7386 0 0 0 
 2.813 3.297 2.68606 0 0 2.70959 3.36998 2.77074 0.109889 -0.123384 -0.199419 3.072 4.302 2.77074 0 0 0 
 2.781 3.304 2.68585 0 0 2.69911 3.37445 2.79799 0.0922119 -0.173252 -0.326117 3.036 4.316 2.79799 0 0 0 
 2.758 3.324 2.68325 0 0 2.694 3.37658 2.82219 0.0710096 -0.124864 -0.306538 3.008 4.326 2.82219 0 0 0 
 2.794 3.289 2.67781 0 0 2.709 3.36797 2.84737 0.0984001 -0.204998 -0.358767 2.999 4.325 2.84737 0 0 0 
 2.797 3.284 2.67123 0 0 2.69415 3.36382 2.8694 0.112547 -0.15024 -0.235812 2.963 4.327 2.8694 0 0 0 
 2.782 3.29 2.65242 0 0 2.6788 3.36511 2.88354 0.111075 -0.109384 -0.175437 2.934 4.332 2.88354 0 0 0 
 2.775 3.31 2.63742 0 0 2.6645 3.36186 2.89253 0.106879 0.0493899 0.0829889 2.911 4.331 2.89253 0 0 0 
 2.774 3.314 2.62722 0 0 2.652 3.37073 2.90129 0.117723 0.0644735 0.0982632 2.89 4.342 2.90129 0 0 0 
 2.755 3.347 2.62939 0 0 2.61678 3.3671 2.90826 0.115992 0.304774 0.441781 2.848 4.34 2.90826 0 0 0 
 2.742 3.355 2.63043 0 0 2.58449 3.34684 2.91823 0.121605 0.502668 0.523599 2.806 4.322 2.91823 0 0 0 
 2.738 3.371 2.64151 0 0 2.55498 3.3385 2.91976 0.135672 0.671431 0.523599 2.775 4.314 2.91976 0 0 0 
 2.717 3.364 2.68368 0 0 2.53441 3.34386 2.91814 0.141914 0.566242 0.523599 2.756 4.319 2.91814 0 0 0 
 2.728 3.349 2.74947 0 0 2.49824 3.36805 2.91284 0.195388 0.366013 0.325215 2.725 4.342 2.91284 0 0 0 
 2.711 3.41 2.801 0 0 2.47038 3.38348 2.91093 0.197326 0.544533 0.46102 2.699 4.357 2.91093 0 0 0 
 2.705 3.417 2.83546 0 0 2.45193 3.40712 2.91253 0.213008 0.431682 0.349787 2.679 4.381 2.91253 0 0 0 
 2.686 3.408 2.88814 0 0 2.41846 3.41577 2.9141 0.230737 0.291444 0.223558 2.644 4.39 2.9141 0 0 0 
 2.707 3.374 2.93166 0 0 2.39855 3.41683 2.92751 0.272692 0.101857 0.0671336 2.611 4.394 2.92751 0 0 0 
 2.666 3.384 2.9582 0 0 2.3652 3.40376 2.94757 0.263204 0.163797 0.111552 2.558 4.385 2.94757 0 0 0 
 2.672 3.388 2.96752 0 0 2.35148 3.39729 2.97835 0.279334 0.208245 0.133394 2.514 4.384 2.97835 0 0 0 
 2.647 3.437 2.98508 0 0 2.32189 3.39373 2.99496 0.279904 0.417482 0.262288 2.468 4.383 2.99496 0 0 0 
 2.586 3.434 3.00625 0 0 2.30423 3.38607 3.01448 0.242946 0.408183 0.29368 2.431 4.378 3.01448 0 0 0 
 2.533 3.454 3.04965 0 0 2.29078 3.39309 3.03114 0.210394 0.419743 0.344764 2.401 4.387 3.03114 0 0 0 
 2.501 3.436 3.09131 0 0 2.27988 3.40034 3.04834 0.193369 0.245103 0.224317 2.373 4.396 3.04834 0 0 0 
 2.504 3.438 3.12966 0 0 2.26539 3.39671 3.06791 0.209915 0.224561 0.19023 2.339 4.394 3.06791 0 0 0 
 2.469 3.424 -3.1275 0 0 2.25135 3.40228 3.09092 0.191358 0.0983404 0.0922407 2.302 4.401 3.09092 0 0 0 
 2.44 3.451 -3.10587 0 0 2.23941 3.40238 3.114 0.178357 0.223574 0.221917 2.267 4.402 3.114 0 0 0 
 2.433 3.453 -3.097 0 0 2.2297 3.40002 -3.13589 0.181329 0.235407 0.229562 2.224 4.4 -3.13589 0 0 0 
 2.399 3.458 -3.07338 0 0 2.22885 3.40151 -3.10974 0.153506 0.25311 0.288513 2.197 4.401 -3.10974 0 0 0 
 2.403 3.447 -3.04965 0 0 2.2195 3.39271 -3.08306 0.165475 0.20582 0.220254 2.161 4.391 -3.08306 0 0 0 
 2.399 3.421 -3.02421 0 0 2.21126 3.38156 -3.05723 0.167768 0.0947435 0.101303 2.127 4.378 -3.05723 0 0 0 
 2.386 3.45 -3.00488 0 0 2.20127 3.37935 -3.03813 0.170155 0.245578 0.254168 2.098 4.374 -3.03813 0 0 0 
 2.365 3.47 -2.99676 0 0 2.19459 3.38954 -3.01869 0.159921 0.307042 0.332743 2.072 4.382 -3.01869 0 0 0 
 2.328 3.433 -2.97014 0 0 2.18027 3.39633 -3.0049 0.13325 0.0643513 0.0867103 2.044 4.387 -3.0049 0 0 0 
 2.344 3.463 -2.9445 0 0 2.18544 3.39163 -2.98248 0.149581 0.221919 0.260959 2.027 4.379 -2.98248 0 0 0 
 2.331 3.439 -2.93766 0 0 2.19055 3.38055 -2.95395 0.13156 0.169936 0.228447 2.004 4.363 -2.95395 0 0 0 
 2.278 3.446 -2.91413 0 0 2.19326 3.3795 -2.93385 0.0870428 0.293036 0.523599 1.987 4.358 -2.93385 0 0 0 
 2.286 3.449 -2.89505 0 0 2.16365 3.36602 -2.91295 0.123505 0.302743 0.415534 1.937 4.34 -2.91295 0 0 0 
 2.237 3.424 -2.86593 0 0 2.11701 3.32849 -2.90231 0.126351 0.352103 0.464933 1.88 4.3 -2.90231 0 0 0 
 2.235 3.371 -2.83534 0 0 2.07274 3.29616 -2.89537 0.155804 0.126511 0.14513 1.829 4.266 -2.89537 0 0 0 
 2.222 3.376 -2.80022 0 0 2.03306 3.26899 -2.89607 0.188395 0.199118 0.187999 1.79 4.239 -2.89607 0 0 0 
 2.225 3.366 -2.78285 0 0 2.00753 3.27262 -2.90177 0.207436 0.0567367 0.0491929 1.77 4.244 -2.90177 0 0 0 
 2.211 3.345 -2.76337 0 0 2.00928 3.29247 -2.91539 0.181831 -0.137811 -0.135586 1.785 4.267 -2.91539 0 0 0 
 2.21 3.319 -2.75961 0 0 1.9871 3.30866 -2.91455 0.187877 -0.388408 -0.356245 1.762 4.283 -2.91455 0 0 0 
 2.159 3.328 -2.76066 0 0 1.96757 3.31024 -2.91201 0.163462 -0.303135 -0.322175 1.74 4.284 -2.91201 0 0 0 
 2.101 3.324 -2.76869 0 0 1.95288 3.2992 -2.89935 0.129537 -0.182867 -0.248839 1.713 4.27 -2.89935 0 0 0 
 2.085 3.314 -2.79185 0 0 1.89979 3.23142 -2.87464 0.17756 0.076414 0.0773097 1.636 4.196 -2.87464 0 0 0 
 2.066 3.296 -2.80628 0 0 1.84602 3.19238 -2.84943 0.212471 0.129107 0.108943 1.558 4.15 -2.84943 0 0 0 
 2.061 3.273 -2.80315 0 0 1.78783 3.15862 -2.84859 0.259476 0.0800734 0.0554904 1.499 4.116 -2.84859 0 0 0 
 2.022 3.288 -2.80062 0 0 1.76563 3.15907 -2.85401 0.25039 0.169248 0.121073 1.482 4.118 -2.85401 0 0 0 
 2.028 3.252 -2.79923 0 0 1.76131 3.17936 -2.86372 0.241971 -0.101412 -0.0752965 1.487 4.141 -2.86372 0 0 0 
 1.976 3.245 -2.79661 0 0 1.76101 3.17771 -2.85883 0.197478 -0.0489253 -0.0445657 1.482 4.138 -2.85883 0 0 0 
 1.931 3.245 -2.79888 0 0 1.79925 3.19014 -2.83664 0.125053 0.0442429 0.063597 1.499 4.144 -2.83664 0 0 0 
 1.924 3.281 -2.79924 0 0 1.8312 3.20885 -2.79978 0.098853 0.231111 0.398331 1.496 4.151 -2.79978 0 0 0 
 1.93 3.253 -2.79874 0 0 1.83253 3.2186 -2.76631 0.0906618 -0.00232202 -0.00461011 1.466 4.149 -2.76631 0 0 0 
 1.933 3.232 -2.79242 0 0 1.80301 3.18832 -2.73551 0.120253 -0.020711 -0.0309912 1.408 4.107 -2.73551 0 0 0 
 1.922 3.28 -2.79342 0 0 1.76431 3.1355 -2.7177 0.177169 0.441637 0.421768 1.353 4.047 -2.7177 0 0 0 
 1.907 3.27 -2.79157 0 0 1.70913 3.10478 -2.71461 0.216824 0.436897 0.347941 1.295 4.015 -2.71461 0 0 0 
 1.915 3.282 -2.7528 0 0 1.66885 3.0762 -2.71601 0.272752 0.439294 0.282173 1.256 3.987 -2.71601 0 0 0 
 1.915 3.284 -2.71131 0 0 1.64027 3.07094 -2.71665 0.29983 0.341888 0.202438 1.228 3.982 -2.71665 0 0 0 
 1.914 3.286 -2.66926 0 0 1.65133 3.09203 -2.70447 0.283923 0.237115 0.149208 1.228 3.998 -2.70447 0 0 0 
 1.867 3.264 -2.6376 0 0 1.68435 3.12165 -2.67332 0.20133 0.188488 0.16695 1.233 4.014 -2.67332 0 0 0 
 1.822 3.218 -2.61491 0 0 1.69903 3.1425 -2.6352 0.126545 0.0205963 0.0292881 1.214 4.017 -2.6352 0 0 0 
 1.799 3.173 -2.59768 0 0 1.72855 3.16862 -2.5894 0.0556709 -0.223015 -0.523599 1.204 4.02 -2.5894 0 0 0 
 1.791 3.173 -2.59695 0 0 1.743 3.15983 -2.54842 0.0421441 -0.095295 -0.386535 1.184 3.989 -2.54842 0 0 0 
 1.741 3.157 -2.59965 0 0 1.73475 3.1405 -2.51579 0.0122621 0.0807359 0.523599 1.149 3.951 -2.51579 0 0 0 
 1.735 3.16 -2.60019 0 0 1.70383 3.12237 -2.50081 0.0406468 0.113618 0.46616 1.106 3.924 -2.50081 0 0 0 
 1.738 3.146 -2.59968 0 0 1.68785 3.09718 -2.4895 0.0599614 0.108045 0.313638 1.081 3.892 -2.4895 0 0 0 
 1.733 3.169 -2.59734 0 0 1.68065 3.07998 -2.47838 0.0814287 0.317928 0.523599 1.065 3.868 -2.47838 0 0 0 
 1.735 3.163 -2.58834 0 0 1.65926 3.07981 -2.46099 0.0955337 0.195892 0.353579 1.03 3.857 -2.46099 0 0 0 
 1.719 3.166 -2.55767 0 0 1.64989 3.0792 -2.44464 0.093372 0.217778 0.39748 1.008 3.846 -2.44464 0 0 0 
 1.714 3.157 -2.53659 0 0 1.64256 3.08913 -2.42931 0.0855621 0.0979991 0.203315 0.989 3.846 -2.42931 0 0 0 
 1.705 3.165 -2.51453 0 0 1.65757 3.08918 -2.39032 0.0735314 0.221234 0.496345 0.975 3.82 -2.39032 0 0 0 
 1.687 3.186 -2.50385 0 0 1.6571 3.0799 -2.36043 0.0797184 0.437233 0.523599 0.953 3.79 -2.36043 0 0 0 
 1.679 3.189 -2.48168 0 0 1.6559 3.08193 -2.33793 0.0771347 0.458574 0.523599 0.936 3.776 -2.33793 0 0 0 
 1.672 3.184 -2.43909 0 0 1.6527 3.07645 -2.31931 0.077345 0.453146 0.523599 0.92 3.757 -2.31931 0 0 0 
 1.645 3.18 -2.39327 0 0 1.64108 3.07491 -2.30244 0.0692599 0.490822 0.523599 0.897 3.743 -2.30244 0 0 0 
 1.681 3.185 -2.34705 0 0 1.62845 3.05749 -2.2883 0.113889 0.315763 0.462893 0.875 3.715 -2.2883 0 0 0 
 1.698 3.164 -2.30076 0 0 1.62262 3.04352 -2.27114 0.123226 0.144989 0.208706 0.858 3.688 -2.27114 0 0 0 
 1.655 3.142 -2.2719 0 0 1.60919 3.04021 -2.24822 0.0947975 0.194081 0.353076 0.83 3.667 -2.24822 0 0 0 
 1.657 3.161 -2.25719 0 0 1.59953 3.02701 -2.23318 0.123931 0.242131 0.338168 0.811 3.642 -2.23318 0 0 0 
 1.635 3.177 -2.2371 0 0 1.57963 3.03384 -2.21325 0.130037 0.265779 0.352528 0.779 3.633 -2.21325 0 0 0 
 1.651 3.158 -2.21276 0 0 1.57921 3.00903 -2.19195 0.142995 0.183046 0.226463 0.766 3.591 -2.19195 0 0 0 
 1.659 3.144 -2.18525 0 0 1.56083 2.9905 -2.16458 0.159705 0.0463663 0.0522111 0.732 3.55 -2.16458 0 0 0 
 1.623 3.157 -2.17183 0 0 1.54754 2.96525 -2.14331 0.177394 0.249684 0.248132 0.707 3.507 -2.14331 0 0 0 
 1.647 3.128 -2.16647 0 0 1.5539 2.94129 -2.12199 0.181825 0.148598 0.146059 0.702 3.465 -2.12199 0 0 0 
 1.61 3.12 -2.14005 0 0 1.53823 2.93009 -2.10588 0.175275 0.227482 0.229498 0.678 3.44 -2.10588 0 0 0 
 1.574 3.104 -2.12434 0 0 1.53829 2.90401 -2.09785 0.168993 0.409143 0.410975 0.674 3.407 -2.09785 0 0 0 
 1.579 3.096 -2.09991 0 0 1.52102 2.88475 -2.08432 0.187454 0.299817 0.280315 0.65 3.376 -2.08432 0 0 0 
 1.595 3.059 -2.05944 0 0 1.51529 2.86101 -2.08172 0.186452 0.120057 0.115388 0.643 3.35 -2.08172 0 0 0 
 1.589 3.065 -2.03067 0 0 1.49312 2.84273 -2.07176 0.212122 0.0646207 0.0547801 0.616 3.323 -2.07176 0 0 0 
 1.562 3.049 -2.02125 0 0 1.47651 2.82411 -2.06677 0.210473 0.106591 0.0909075 0.597 3.3 -2.06677 0 0 0 
 1.543 3.016 -2.01476 0 0 1.46661 2.8104 -2.04946 0.191849 0.101811 0.0952342 0.579 3.271 -2.04946 0 0 0 
 1.557 3.002 -2.00332 0 0 1.46367 2.81243 -2.02258 0.185297 -0.0281375 -0.0273264 0.564 3.249 -2.02258 0 0 0 
 1.566 2.953 -1.99429 0 0 1.45557 2.81164 -1.99694 0.153957 -0.240624 -0.274239 0.545 3.225 -1.99694 0 0 0 
 1.535 2.942 -1.99549 0 0 1.44829 2.81213 -1.9702 0.135546 -0.149357 -0.195798 0.527 3.201 -1.9702 0 0 0 
 1.542 2.887 -1.99776 0 0 1.45936 2.79948 -1.9407 0.100936 -0.243701 -0.40997 0.527 3.161 -1.9407 0 0 0 
 1.501 2.91 -2.00154 0 0 1.4619 2.79332 -1.91631 0.107433 0.0816074 0.135888 0.521 3.132 -1.91631 0 0 0 
 1.513 2.888 -2.01389 0 0 1.45259 2.77855 -1.89911 0.109493 -0.0471679 -0.0773865 0.506 3.101 -1.89911 0 0 0 
 1.515 2.869 -2.01054 0 0 1.45135 2.76683 -1.88722 0.104992 -0.0876057 -0.149078 0.501 3.078 -1.88722 0 0 0 
 1.541 2.866 -2.01218 0 0 1.44272 2.75174 -1.86948 0.128483 -0.237551 -0.321272 0.487 3.046 -1.86948 0 0 0 
 1.518 2.869 -2.01791 0 0 1.44335 2.7242 -1.85334 0.142849 -0.0272087 -0.0342716 0.483 3.003 -1.85334 0 0 0 
 1.486 2.883 -2.04026 0 0 1.44947 2.71449 -1.83435 0.147495 0.249709 0.295801 0.484 2.975 -1.83435 0 0 0 
 1.472 2.843 -2.04116 0 0 1.44282 2.68655 -1.82911 0.13521 0.262825 0.336575 0.476 2.942 -1.82911 0 0 0 
 1.503 2.865 -2.03676 0 0 1.43129 2.65917 -1.8233 0.190019 0.150149 0.141284 0.463 2.909 -1.8233 0 0 0 
 1.49 2.854 -2.02905 0 0 1.42028 2.62503 -1.8152 0.207999 0.198053 0.169743 0.45 2.867 -1.8152 0 0 0 
 1.476 2.825 -2.0184 0 0 1.41549 2.60905 -1.80591 0.194585 0.203793 0.186331 0.443 2.842 -1.80591 0 0 0 
 1.468 2.791 -2.00078 0 0 1.41869 2.59383 -1.79176 0.176049 0.202597 0.204255 0.443 2.813 -1.79176 0 0 0 
 1.464 2.793 -1.98009 0 0 1.41682 2.5863 -1.77696 0.183678 0.208331 0.201391 0.438 2.791 -1.77696 0 0 0 
 1.433 2.778 -1.95951 0 0 1.41524 2.56219 -1.76482 0.183533 0.348515 0.329357 0.434 2.755 -1.76482 0 0 0 
 1.456 2.748 -1.93604 0 0 1.40498 2.53731 -1.75554 0.189038 0.146152 0.138276 0.422 2.721 -1.75554 0 0 0 
 1.439 2.719 -1.89911 0 0 1.40857 2.51371 -1.7409 0.179869 0.201263 0.198751 0.423 2.683 -1.7409 0 0 0 
 1.41 2.695 -1.88288 0 0 1.41209 2.48911 -1.7253 0.173798 0.354096 0.351501 0.424 2.643 -1.7253 0 0 0 
 1.436 2.697 -1.86025 0 0 1.4056 2.47118 -1.71512 0.198148 0.183807 0.165447 0.416 2.615 -1.71512 0 0 0 
 1.405 2.664 -1.8258 0 0 1.40575 2.45532 -1.7069 0.178618 0.287593 0.282091 0.415 2.591 -1.7069 0 0 0 
 1.424 2.649 -1.80924 0 0 1.40237 2.44369 -1.69442 0.179908 0.147966 0.146974 0.41 2.567 -1.69442 0 0 0 
 1.409 2.638 -1.78439 0 0 1.40772 2.42611 -1.68292 0.182971 0.233597 0.225882 0.414 2.538 -1.68292 0 0 0 
 1.377 2.624 -1.77008 0 0 1.40419 2.39508 -1.66887 0.195002 0.375451 0.333613 0.409 2.493 -1.66887 0 0 0 
 1.354 2.61 -1.74503 0 0 1.41045 2.34985 -1.65505 0.221521 0.498421 0.384808 0.414 2.434 -1.65505 0 0 0 
 1.378 2.605 -1.7059 0 0 1.42106 2.3084 -1.64747 0.256095 0.385396 0.264533 0.424 2.385 -1.64747 0 0 0 
 1.404 2.569 -1.65966 0 0 1.41546 2.29478 -1.64207 0.239347 0.172505 0.129011 0.418 2.366 -1.64207 0 0 0 
 1.398 2.534 -1.62381 0 0 1.4128 2.27265 -1.63719 0.228662 0.140866 0.110437 0.415 2.339 -1.63719 0 0 0 
 1.385 2.519 -1.6098 0 0 1.41059 2.26192 -1.6239 0.225125 0.176236 0.139989 0.412 2.315 -1.6239 0 0 0 
 1.375 2.472 -1.59593 0 0 1.41842 2.23981 -1.60499 0.203979 0.253208 0.219831 0.419 2.274 -1.60499 0 0 0 
 1.404 2.438 -1.57657 0 0 1.43193 2.22559 -1.5822 0.186657 0.155072 0.148441 0.432 2.237 -1.5822 0 0 0 
 1.389 2.421 -1.55058 0 0 1.455 2.1841 -1.5687 0.210963 0.310344 0.258854 0.455 2.182 -1.5687 0 0 0 
 1.366 2.398 -1.5315 0 0 1.46196 2.14827 -1.56153 0.226086 0.42344 0.325159 0.462 2.139 -1.56153 0 0 0 
 1.361 2.378 -1.49894 0 0 1.45598 2.12683 -1.56396 0.228805 0.375924 0.287542 0.456 2.12 -1.56396 0 0 0 
 1.387 2.353 -1.45885 0 0 1.46697 2.10121 -1.56259 0.228697 0.252284 0.196015 0.467 2.093 -1.56259 0 0 0 
 1.399 2.341 -1.42302 0 0 1.47688 2.07429 -1.5555 0.242183 0.181268 0.133919 0.477 2.059 -1.5555 0 0 0 
 1.391 2.314 -1.40008 0 0 1.4738 2.04603 -1.55077 0.244636 0.172392 0.12617 0.474 2.026 -1.55077 0 0 0 
 1.413 2.278 -1.38254 0 0 1.49246 2.02673 -1.53806 0.230061 0.152324 0.118619 0.493 1.994 -1.53806 0 0 0 
 1.384 2.261 -1.36521 0 0 1.51289 1.99905 -1.52373 0.250665 0.342786 0.241353 0.514 1.952 -1.52373 0 0 0 
 1.443 2.251 -1.34909 0 0 1.51046 1.97356 -1.51521 0.250422 0.0227099 0.0163221 0.512 1.918 -1.51521 0 0 0 
 1.43 2.242 -1.31731 0 0 1.51249 1.936 -1.51577 0.277984 0.0140281 0.00908322 0.514 1.881 -1.51577 0 0 0 
 1.447 2.195 -1.31706 0 0 1.51905 1.91143 -1.50833 0.256635 -0.00673702 -0.00472521 0.521 1.849 -1.50833 0 0 0 
 1.425 2.166 -1.31579 0 0 1.51818 1.90332 -1.48336 0.243867 0.114465 0.0842877 0.522 1.816 -1.48336 0 0 0 
 1.423 2.092 -1.31408 0 0 1.50344 1.90629 -1.46531 0.17602 0.166284 0.168433 0.509 1.801 -1.46531 0 0 0 
 1.418 2.116 -1.30372 0 0 1.51749 1.88558 -1.43277 0.218638 0.176133 0.144002 0.527 1.748 -1.43277 0 0 0 
 1.43 2.107 -1.28725 0 0 1.54623 1.88722 -1.39872 0.214958 0.252497 0.208366 0.561 1.716 -1.39872 0 0 0 
 1.437 2.089 -1.26866 0 0 1.54611 1.90446 -1.37101 0.184411 0.262674 0.250984 0.566 1.706 -1.37101 0 0 0 
 1.394 2.067 -1.24218 0 0 1.53436 1.90857 -1.35761 0.175155 0.441677 0.426087 0.557 1.697 -1.35761 0 0 0 
 1.426 2.047 -1.21264 0 0 1.52008 1.91522 -1.3426 0.138291 0.243989 0.307505 0.546 1.689 -1.3426 0 0 0 
 1.412 2.016 -1.16683 0 0 1.51009 1.91744 -1.31353 0.115073 0.312735 0.45496 0.543 1.663 -1.31353 0 0 0 
 1.415 2.021 -1.14073 0 0 1.51052 1.93068 -1.27482 0.108569 0.302615 0.46502 0.554 1.639 -1.27482 0 0 0 
 1.452 2.004 -1.10991 0 0 1.50777 1.91491 -1.24305 0.0918209 0.0658415 0.128362 0.561 1.593 -1.24305 0 0 0 
 1.46 1.985 -1.08578 0 0 1.513 1.89701 -1.21108 0.0899797 0.0374922 0.0748613 0.577 1.545 -1.21108 0 0 0 
 1.455 1.934 -1.08129 0 0 1.53152 1.88869 -1.18242 0.0682056 0.30736 0.523599 0.606 1.51 -1.18242 0 0 0 
 1.444 1.909 -1.07248 0 0 1.54574 1.86477 -1.15734 0.0800404 0.441995 0.523599 0.63 1.463 -1.15734 0 0 0 
 1.436 1.918 -1.0397 0 0 1.5575 1.85047 -1.13021 0.108392 0.433136 0.523599 0.653 1.424 -1.13021 0 0 0 
 1.425 1.922 -0.994891 0 0 1.57536 1.83826 -1.11602 0.137508 0.46694 0.523599 0.677 1.399 -1.11602 0 0 0 
 1.434 1.928 -0.952323 0 0 1.57293 1.83415 -1.09938 0.1399 0.340506 0.412918 0.682 1.38 -1.09938 0 0 0 
 1.444 1.913 -0.909566 0 0 1.57947 1.8085 -1.08321 0.146451 0.244962 0.292446 0.696 1.34 -1.08321 0 0 0 
 1.458 1.893 -0.875613 0 0 1.5837 1.80804 -1.05866 0.128999 0.249508 0.335028 0.712 1.318 -1.05866 0 0 0 
 1.495 1.885 -0.850777 0 0 1.58437 1.80404 -1.03208 0.105208 0.085718 0.145617 0.726 1.291 -1.03208 0 0 0 
 1.468 1.876 -0.825077 0 0 1.58965 1.79595 -1.01343 0.124782 0.209495 0.293473 0.741 1.267 -1.01343 0 0 0 
 1.495 1.845 -0.814033 0 0 1.59542 1.79609 -0.990713 0.0927471 0.250425 0.452397 0.759 1.248 -0.990713 0 0 0 
 1.509 1.847 -0.791877 0 0 1.60661 1.7933 -0.974842 0.094373 0.201116 0.366283 0.779 1.232 -0.974842 0 0 0 
 1.515 1.87 -0.767492 0 0 1.62105 1.78998 -0.954548 0.115853 0.09767 0.1506 0.805 1.212 -0.954548 0 0 0 
 1.547 1.859 -0.747584 0 0 1.62461 1.7732 -0.946903 0.10116 -0.0635875 -0.112666 0.813 1.189 -0.946903 0 0 0 
 1.536 1.838 -0.740577 0 0 1.64607 1.74946 -0.939168 0.123711 0.0534543 0.07762 0.839 1.159 -0.939168 0 0 0 
 1.532 1.831 -0.74289 0 0 1.66328 1.72229 -0.929433 0.149361 0.049866 0.0600232 0.862 1.124 -0.929433 0 0 0 
 1.533 1.805 -0.739875 0 0 1.66489 1.70236 -0.915543 0.146249 0.0753388 0.092461 0.872 1.093 -0.915543 0 0 0 
 1.536 1.809 -0.735787 0 0 1.65255 1.69658 -0.898755 0.141984 -0.0295775 -0.0374793 0.87 1.074 -0.898755 0 0 0 
 1.566 1.815 -0.731207 0 0 1.62859 1.69694 -0.875074 0.11144 -0.282231 -0.427722 0.861 1.056 -0.875074 0 0 0 
 1.55 1.761 -0.731941 0 0 1.60514 1.70079 -0.842244 0.0713199 -0.0526243 -0.132042 0.859 1.035 -0.842244 0 0 0 
 1.527 1.733 -0.734088 0 0 1.59833 1.71267 -0.802841 0.0592029 0.221402 0.523599 0.879 1.018 -0.802841 0 0 0 
 1.554 1.733 -0.734473 0 0 1.59905 1.73161 -0.757418 0.0308194 0.20835 0.523599 0.912 1.005 -0.757418 0 0 0 
 1.563 1.711 -0.731168 0 0 1.60636 1.7377 -0.718639 0.0146294 0.358394 0.523599 0.948 0.985 -0.718639 0 0 0 
 1.564 1.741 -0.718154 0 0 1.62425 1.72182 -0.700039 0.0513502 0.173319 0.523599 0.98 0.957 -0.700039 0 0 0 
 1.58 1.759 -0.688283 0 0 1.63288 1.70561 -0.687849 0.0656106 -0.0512282 -0.139628 0.998 0.933 -0.687849 0 0 0 
 1.561 1.778 -0.673356 0 0 1.65716 1.67709 -0.679182 0.121369 -0.113947 -0.16741 1.029 0.899 -0.679182 0 0 0 
 1.577 1.759 -0.674418 0 0 1.6653 1.66794 -0.666584 0.110548 -0.098279 -0.158678 1.047 0.882 -0.666584 0 0 0 
 1.589 1.75 -0.675841 0 0 1.67606 1.6777 -0.64733 0.0992531 -0.0122541 -0.0222197 1.073 0.88 -0.64733 0 0 0 
 1.598 1.737 -0.676547 0 0 1.70427 1.68174 -0.633879 0.103412 0.146098 0.249022 1.112 0.876 -0.633879 0 0 0 
 1.586 1.72 -0.676591 0 0 1.75166 1.67265 -0.630639 0.142095 0.38501 0.45377 1.162 0.865 -0.630639 0 0 0 
 1.612 1.727 -0.669285 0 0 1.78941 1.66711 -0.631564 0.157053 0.353676 0.385112 1.199 0.86 -0.631564 0 0 0 
 1.627 1.753 -0.638088 0 0 1.81915 1.63587 -0.6387 0.196813 0.106362 0.0969706 1.223 0.833 -0.6387 0 0 0 
 1.661 1.72 -0.608405 0 0 1.85828 1.60409 -0.661468 0.200274 0.0915231 0.0820732 1.244 0.815 -0.661468 0 0 0 
 1.648 1.712 -0.601437 0 0 1.87853 1.579 -0.674528 0.232961 0.10149 0.0782575 1.254 0.798 -0.674528 0 0 0 
 1.643 1.686 -0.59255 0 0 1.9094 1.55846 -0.683358 0.257236 0.20076 0.139568 1.278 0.783 -0.683358 0 0 0 
 1.698 1.682 -0.581752 0 0 1.93463 1.53708 -0.682363 0.243304 0.0429033 0.0317298 1.304 0.761 -0.682363 0 0 0 
 1.7 1.657 -0.564086 0 0 1.9655 1.515 -0.680915 0.263639 0.101448 0.0691532 1.336 0.738 -0.680915 0 0 0 
 1.727 1.64 -0.560201 0 0 1.98869 1.49866 -0.679865 0.260516 0.0897708 0.0619466 1.36 0.721 -0.679865 0 0 0 
 1.769 1.653 -0.549918 0 0 1.99108 1.48076 -0.67652 0.245522 -0.146931 -0.107306 1.365 0.701 -0.67652 0 0 0 
 1.796 1.65 -0.541567 0 0 2.00415 1.46069 -0.670212 0.24359 -0.262661 -0.191709 1.383 0.677 -0.670212 0 0 0 
 1.847 1.65 -0.544274 0 0 2.01162 1.45103 -0.646777 0.217761 -0.424484 -0.337454 1.409 0.653 -0.646777 0 0 0 
 1.847 1.601 -0.551096 0 0 2.01823 1.47249 -0.606784 0.187208 -0.10538 -0.100978 1.448 0.651 -0.606784 0 0 0 
 1.875 1.604 -0.57099 0 0 2.02627 1.48549 -0.570754 0.168008 -0.0989256 -0.105592 1.486 0.644 -0.570754 0 0 0 
 1.893 1.57 -0.578327 0 0 2.04797 1.49327 -0.556205 0.150875 0.116408 0.137997 1.52 0.644 -0.556205 0 0 0 
 1.898 1.574 -0.584101 0 0 2.07308 1.48151 -0.548121 0.173075 0.105824 0.109617 1.552 0.628 -0.548121 0 0 0 
 1.924 1.56 -0.58232 0 0 2.10209 1.47432 -0.544621 0.172211 0.144214 0.149611 1.584 0.619 -0.544621 0 0 0 
 1.923 1.559 -0.579177 0 0 2.12443 1.45253 -0.54034 0.199231 0.109882 0.0989508 1.61 0.595 -0.54034 0 0 0 
 1.927 1.557 -0.57509 0 0 2.14999 1.44599 -0.537496 0.217517 0.141304 0.116403 1.638 0.587 -0.537496 0 0 0 
 1.945 1.532 -0.568511 0 0 2.16289 1.44251 -0.524629 0.204291 0.215439 0.187591 1.662 0.577 -0.524629 0 0 0 
 1.983 1.509 -0.556161 0 0 2.17363 1.42205 -0.509368 0.182685 0.143567 0.140525 1.686 0.549 -0.509368 0 0 0 
 1.984 1.505 -0.536037 0 0 2.20016 1.41736 -0.496284 0.202955 0.180773 0.158974 1.724 0.538 -0.496284 0 0 0 
 2.016 1.476 -0.521902 0 0 2.2158 1.41512 -0.468787 0.179823 0.251947 0.247044 1.764 0.523 -0.468787 0 0 0 
 2.041 1.469 -0.501883 0 0 2.2302 1.41178 -0.446934 0.170627 0.223729 0.231777 1.798 0.51 -0.446934 0 0 0 
 2.075 1.464 -0.476177 0 0 2.23205 1.42106 -0.422508 0.140416 0.196266 0.246478 1.822 0.509 -0.422508 0 0 0 
 2.047 1.526 -0.454422 0 0 2.23251 1.40632 -0.40445 0.192675 -0.137295 -0.127567 1.839 0.487 -0.40445 0 0 0 
 2.051 1.48 -0.435358 0 0 2.22719 1.40975 -0.382449 0.166186 0.0586955 0.0634891 1.854 0.482 -0.382449 0 0 0 
 2.058 1.46 -0.43763 0 0 2.23831 1.42138 -0.355772 0.158655 0.232073 0.257453 1.89 0.484 -0.355772 0 0 0 
 2.069 1.449 -0.437011 0 0 2.25283 1.40712 -0.329771 0.162594 0.221599 0.24057 1.929 0.461 -0.329771 0 0 0 
 2.111 1.437 -0.417584 0 0 2.2846 1.41487 -0.314774 0.14862 0.28618 0.333646 1.975 0.464 -0.314774 0 0 0 
 2.096 1.395 -0.395781 0 0 2.30523 1.43781 -0.301792 0.163401 0.658695 0.523599 2.008 0.483 -0.301792 0 0 0 
 2.115 1.375 -0.359836 0 0 2.34449 1.43188 -0.294735 0.181047 0.709069 0.523599 2.054 0.475 -0.294735 0 0 0 
 2.144 1.388 -0.293283 0 0 2.38257 1.41816 -0.293783 0.197994 0.505658 0.430893 2.093 0.461 -0.293783 0 0 0 
 2.124 1.351 -0.225699 0 0 2.40006 1.40131 -0.293247 0.232482 0.536938 0.39399 2.111 0.444 -0.293247 0 0 0 
 2.165 1.354 -0.175552 0 0 2.4184 1.404 -0.287337 0.215878 0.468021 0.372063 2.135 0.445 -0.287337 0 0 0 
 2.202 1.387 -0.123935 0 0 2.42527 1.40234 -0.271597 0.193711 0.224579 0.205731 2.157 0.439 -0.271597 0 0 0 
 2.18 1.393 -0.0774238 0 0 2.43978 1.38783 -0.246257 0.227649 0.0736891 0.0581996 2.196 0.418 -0.246257 0 0 0 
 2.209 1.383 -0.0594967 0 0 2.43815 1.38692 -0.219916 0.200608 0.0908948 0.0813772 2.22 0.411 -0.219916 0 0 0 
 2.236 1.375 -0.0603591 0 0 2.43018 1.38313 -0.189313 0.169822 0.108903 0.114921 2.242 0.401 -0.189313 0 0 0 
 2.228 1.384 -0.0595373 0 0 2.44691 1.36994 -0.184966 0.192414 -0.00530051 -0.00495849 2.263 0.387 -0.184966 0 0 0 
 2.212 1.397 -0.0608095 0 0 2.45819 1.35589 -0.185245 0.218102 -0.130816 -0.107546 2.274 0.373 -0.185245 0 0 0 
 2.23 1.394 -0.0610224 0 0 2.45593 1.35694 -0.184983 0.200089 -0.120427 -0.107915 2.272 0.374 -0.184983 0 0 0 
 2.223 1.379 -0.0610675 0 0 2.45097 1.35293 -0.185023 0.201068 -0.0627126 -0.0560826 2.267 0.37 -0.185023 0 0 0 
 2.222 1.391 -0.0606876 0 0 2.45099 1.34993 -0.18504 0.203077 -0.139828 -0.123309 2.267 0.367 -0.18504 0 0 0 
 2.195 1.39 -0.0610825 0 0 2.44399 1.34093 -0.18504 0.221229 -0.168467 -0.136222 2.26 0.358 -0.18504 0 0 0 
 2.204 1.398 -0.0610126 0 0 2.44693 1.33694 -0.184979 0.217097 -0.231645 -0.189752 2.263 0.354 -0.184979 0 0 0 
 2.242 1.385 -0.060841 0 0 2.44687 1.34795 -0.184922 0.181693 -0.131664 -0.129705 2.263 0.365 -0.184922 0 0 0 
 2.224 1.378 -0.0608621 0 0 2.44389 1.34695 -0.184947 0.194355 -0.0924151 -0.0853811 2.26 0.364 -0.184947 0 0 0 
 2.216 1.374 -0.0607805 0 0 2.43586 1.35095 -0.184911 0.193774 -0.0506721 -0.0470355 2.252 0.368 -0.184911 0 0 0 
 2.223 1.381 -0.0608176 0 0 2.43385 1.34695 -0.184906 0.186681 -0.112603 -0.10815 2.25 0.364 -0.184906 0 0 0 
 2.216 1.39 -0.0608336 0 0 2.43685 1.34995 -0.184905 0.195895 -0.13877 -0.126826 2.253 0.367 -0.184905 0 0 0 
 2.229 1.398 -0.0608636 0 0 2.43383 1.35396 -0.184876 0.182253 -0.168884 -0.165275 2.25 0.371 -0.184876 0 0 0 
 2.205 1.376 -0.060889 0 0 2.43787 1.35095 -0.184918 0.205282 -0.0556756 -0.0487799 2.254 0.368 -0.184918 0 0 0 
 2.216 1.385 -0.0608896 0 0 2.42885 1.34995 -0.184903 0.188504 -0.116779 -0.111052 2.245 0.367 -0.184903 0 0 0 
 2.231 1.39 -0.0609128 0 0 2.43394 1.34894 -0.184997 0.18035 -0.154081 -0.152586 2.25 0.366 -0.184997 0 0 0 
 2.246 1.378 -0.0608921 0 0 2.43195 1.34494 -0.185006 0.164853 -0.120204 -0.130502 2.248 0.362 -0.185006 0 0 0 
 2.23 1.375 -0.0609121 0 0 2.43585 1.33895 -0.1849 0.182468 -0.125708 -0.123378 2.252 0.356 -0.1849 0 0 0 
 2.195 1.389 -0.0608769 0 0 2.44287 1.34295 -0.184921 0.219985 -0.154395 -0.125666 2.259 0.36 -0.184921 0 0 0 
 2.205 1.387 -0.060909 0 0 2.44884 1.33996 -0.184891 0.216555 -0.161545 -0.133478 2.265 0.357 -0.184891 0 0 0 
