 3.195 4.167 1.74794 0 0 3.16375 4.18935 -0.868944 0 0 0 2.233 3.339 0 0 0 0 
 3.193 4.167 1.74794 0 0 3.16455 4.19015 -1.05875 0.0185454 0.0670077 0.523599 2.238 3.341 0 0 0 0 
 3.192 4.167 1.74794 0 0 3.16435 4.19015 -1.11 0.0184443 0.0648083 0.523599 2.239 3.341 0 0 0 0 
 3.193 4.171 1.74794 0 0 3.16535 4.19055 -0.854777 0.0161021 0.0667243 0.523599 2.24 3.336 0 0 0 0 
 3.193 4.176 1.74817 0 0 3.16655 4.19475 -0.857968 0.0154335 0.0638285 0.523599 2.243 3.339 0 0 0 0 
 3.195 4.173 1.74986 0 0 3.16575 4.19255 -0.789933 0.0163367 0.0709968 0.523599 2.238 3.338 0 0 0 0 
 3.194 4.166 1.75126 0 0 3.16515 4.18875 -1.00677 0.0183884 0.0680612 0.523599 2.238 3.339 0 0 0 0 
 3.197 4.164 1.75215 0 0 3.16735 4.18835 -1.07485 0.0195459 0.0693162 0.523599 2.239 3.341 0 0 0 0 
 3.199 4.162 1.75612 0 0 3.16895 4.18555 -0.996994 0.0191431 0.0705272 0.523599 2.24 3.337 0 0 0 0 
 3.198 4.159 1.76059 0 0 3.16955 4.18415 -1.22015 0.0200388 0.0648747 0.523599 2.243 3.338 0 0 0 0 
 3.194 4.159 1.76661 0 0 3.16595 4.18495 -1.32799 0.0205926 0.0628034 0.523599 2.24 3.34 0 0 0 0 
 3.19 4.158 1.77268 0 0 3.16355 4.18555 -1.71085 0.0214903 0.0569543 0.523599 2.24 3.343 0 0 0 0 
 3.189 4.158 1.77804 0 0 3.16175 4.18475 -1.4971 0.0211594 0.059133 0.523599 2.237 3.341 0 0 0 0 
 3.191 4.16 1.7838 0 0 3.16335 4.18635 -1.40796 0.0210393 0.0599558 0.523599 2.238 3.342 0 0 0 0 
 3.188 4.163 1.78942 0 0 3.16035 4.18695 -1.17673 0.0195692 0.0609939 0.523599 2.235 3.339 0 0 0 0 
 3.182 4.168 1.79508 0 0 3.15835 4.19115 -1.48819 0.0185123 0.0501613 0.523599 2.239 3.342 0 0 0 0 
 3.172 4.177 1.80055 0 0 3.15235 4.19415 -1.1928 0.0140831 0.0428209 0.523599 2.239 3.336 0 0 0 0 
 3.171 4.178 1.80539 0 0 3.15135 4.19595 -1.29655 0.0146457 0.0419883 0.523599 2.238 3.339 0 0 0 0 
 3.179 4.176 1.80927 0 0 3.15695 4.19435 -1.0989 0.0153315 0.0480074 0.523599 2.24 3.338 0 0 0 0 
 3.181 4.177 1.81336 0 0 3.15655 4.19735 -1.09909 0.0170593 0.0528555 0.523599 2.236 3.344 0 0 0 0 
 3.178 4.177 1.81782 0 0 3.15355 4.19655 -1.02931 0.0166015 0.0531045 0.523599 2.233 3.342 0 0 0 0 
 3.185 4.177 1.82285 0 0 3.15855 4.19775 -0.998659 0.0177773 0.0572859 0.523599 2.235 3.345 0 0 0 0 
 3.195 4.174 1.82844 0 0 3.16455 4.19755 -0.976676 0.0203497 0.0655548 0.523599 2.235 3.349 0 0 0 0 
 3.195 4.178 1.83429 0 0 3.16495 4.19955 -0.872363 0.0190912 0.065504 0.523599 2.236 3.348 0 0 0 0 
 3.201 4.183 1.84137 0 0 3.16855 4.20135 -0.634847 0.0176124 0.0738981 0.523599 2.236 3.345 0 0 0 0 
 3.2 4.186 1.84777 0 0 3.16835 4.20395 -0.637178 0.0173152 0.0715929 0.523599 2.237 3.347 0 0 0 0 
 3.209 4.186 1.85504 0 0 3.17215 4.20315 -0.502364 0.0179535 0.0856286 0.523599 2.233 3.345 0 0 0 0 
 3.203 4.188 1.86256 0 0 3.16975 4.20435 -0.535805 0.0168705 0.0761252 0.523599 2.236 3.345 0 0 0 0 
 3.2 4.2 1.8706 0 0 3.17075 4.21075 -0.385199 0.0126608 0.0697375 0.523599 2.243 3.343 0 0 0 0 
 3.195 4.199 1.87761 0 0 3.16855 4.20975 -0.430606 0.012188 0.0618757 0.523599 2.245 3.342 0 0 0 0 
 3.191 4.204 1.88476 0 0 3.16495 4.21315 -0.366642 0.0112013 0.0618807 0.523599 2.242 3.343 0 0 0 0 
 3.177 4.212 1.89057 0 0 3.15535 4.21955 -0.363829 0.00933091 0.0513343 0.523599 2.239 3.347 0 0 0 0 
 3.172 4.226 1.89677 0 0 3.15195 4.22875 -0.138223 0.0060518 0.0512966 0.523599 2.238 3.349 0 0 0 0 
 3.165 4.229 1.90147 0 0 3.14455 4.22895 0.00228057 0.00444917 0.0548983 0.523599 2.23 3.345 0 0 0 0 
 3.165 4.231 1.90704 0 0 3.14495 4.23135 -0.0176326 0.00467891 0.0533378 0.523599 2.231 3.348 0 0 0 0 
 3.169 4.23 1.91271 0 0 3.14895 4.22875 0.0622673 0.00375457 0.0547903 0.523599 2.235 3.343 0 0 0 0 
 3.167 4.233 1.9179 0 0 3.15015 4.22935 0.219901 0.0015869 0.0485777 0.523599 2.241 3.34 0 0 0 0 
 3.166 4.235 1.9231 0 0 3.14875 4.23095 0.239037 0.00149201 0.0500066 0.523599 2.239 3.341 0 0 0 0 
 3.167 4.237 1.92814 0 0 3.14855 4.23255 0.245832 0.00159011 0.0535647 0.523599 2.237 3.342 0 0 0 0 
 3.175 4.232 1.93314 0 0 3.15295 4.22955 0.11143 0.00375995 0.0609695 0.523599 2.236 3.342 0 0 0 0 
 3.175 4.231 1.93926 0 0 3.15335 4.22975 0.0576498 0.00448602 0.0585504 0.523599 2.237 3.344 0 0 0 0 
 3.179 4.224 1.94567 0 0 3.15655 4.22435 -0.015747 0.00575506 0.0588129 0.523599 2.239 3.341 0 0 0 0 
 3.186 4.216 1.95127 0 0 3.16115 4.21835 -0.0950008 0.00766604 0.0627791 0.523599 2.24 3.338 0 0 0 0 
 3.193 4.212 1.95701 0 0 3.16495 4.21555 -0.127378 0.00930971 0.0695942 0.523599 2.239 3.337 0 0 0 0 
 3.195 4.207 1.96349 0 0 3.16455 4.21375 -0.225524 0.0119927 0.0719704 0.523599 2.235 3.34 0 0 0 0 
 3.21 4.204 1.97039 0 0 3.17515 4.21395 -0.293665 0.0152268 0.0793009 0.523599 2.239 3.345 0 0 0 0 
 3.212 4.2 1.97773 0 0 3.17555 4.21075 -0.303917 0.016282 0.0819887 0.523599 2.237 3.343 0 0 0 0 
 3.214 4.21 1.98567 0 0 3.17635 4.21595 -0.159471 0.0138809 0.0901419 0.523599 2.236 3.341 0 0 0 0 
 3.219 4.208 1.99392 0 0 3.18375 4.21435 -0.18223 0.013612 0.0830703 0.523599 2.247 3.34 0 0 0 0 
 3.215 4.22 2.00294 0 0 3.18175 4.22235 -0.0709071 0.010822 0.0823601 0.523599 2.248 3.342 0 0 0 0 
 3.211 4.227 2.01117 0 0 3.17775 4.22535 0.0495705 0.00860268 0.0869594 0.523599 2.244 3.339 0 0 0 0 
 3.228 4.212 2.01933 0 0 3.18635 4.21795 -0.143933 0.0157772 0.0981019 0.523599 2.24 3.343 0 0 0 0 
 3.227 4.211 2.02794 0 0 3.18535 4.21695 -0.143933 0.0159732 0.0975154 0.523599 2.239 3.342 0 0 0 0 
 3.221 4.207 2.03803 0 0 3.17575 4.20815 -0.0254986 0.0145188 0.112054 0.523599 2.224 3.326 0 0 0 0 
 3.242 4.196 2.048 0 0 3.18075 4.19515 0.0138248 0.0187643 0.153291 0.523599 2.205 3.31 0 0 0 0 
 3.235 4.194 2.06013 0 0 3.16455 4.19435 -0.00501848 0.0229427 0.172778 0.523599 2.175 3.311 0 0 0 0 
 3.235 4.205 2.07643 0 0 3.15015 4.20015 0.0571838 0.0256282 0.212654 0.523599 2.139 3.309 0 0 0 0 
 3.239 4.201 2.09505 0 0 3.13975 4.19975 0.0125626 0.0337338 0.238403 0.523599 2.107 3.314 0 0 0 0 
 3.25 4.201 2.11771 0 0 3.13715 4.20495 -0.0350466 0.0429288 0.257527 0.523599 2.084 3.327 0 0 0 0 
 3.26 4.194 2.14195 0 0 3.13955 4.19795 -0.0328352 0.0473372 0.269594 0.523599 2.075 3.32 0 0 0 0 
 3.25 4.21 2.16819 0 0 3.12635 4.20475 0.042458 0.0454464 0.286231 0.523599 2.057 3.313 0 0 0 0 
 3.252 4.205 2.19601 0 0 3.12115 4.21055 -0.0424679 0.0558497 0.277234 0.523599 2.041 3.335 0 0 0 0 
 3.245 4.22 2.22534 0 0 3.10975 4.22595 -0.0440481 0.0598377 0.278395 0.523599 2.023 3.351 0 0 0 0 
 3.23 4.239 2.25332 0 0 3.10155 4.24175 -0.0214398 0.0570248 0.263814 0.523599 2.025 3.362 0 0 0 0 
 3.215 4.257 2.28205 0 0 3.09135 4.25935 -0.0190355 0.0563706 0.248442 0.523599 2.022 3.379 0 0 0 0 
 3.205 4.286 2.30863 0 0 3.08055 4.28555 0.00358794 0.0569661 0.248973 0.523599 2.01 3.401 0 0 0 0 
 3.199 4.302 2.33414 0 0 3.07535 4.30195 0.000377122 0.0582239 0.240627 0.523599 2.006 3.418 0 0 0 0 
 3.196 4.31 2.35958 0 0 3.08075 4.30995 0.000403782 0.0554899 0.219445 0.523599 2.024 3.426 0 0 0 0 
 3.2 4.326 2.38437 0 0 3.08235 4.31475 0.0958894 0.0531311 0.240744 0.523599 2.022 3.414 0 0 0 0 
 3.195 4.334 2.40706 0 0 3.07455 4.31395 0.16799 0.0521689 0.258758 0.523599 2.01 3.4 0 0 0 0 
 3.199 4.332 2.4317 0 0 3.06695 4.30555 0.203003 0.0571947 0.285621 0.523599 1.985 3.382 0 0 0 0 
 3.2 4.336 2.45896 0 0 3.06035 4.29675 0.288683 0.0581992 0.318406 0.523599 1.967 3.354 0 0 0 0 
 3.199 4.33 2.48798 0 0 3.05935 4.28595 0.326308 0.058583 0.321836 0.523599 1.966 3.336 0 0 0 0 
 3.192 4.324 2.52083 0 0 3.05955 4.28475 0.305309 0.0586371 0.292803 0.523599 1.977 3.342 0 0 0 0 
 3.176 4.328 2.55268 0 0 3.04835 4.28595 0.341853 0.0571028 0.284969 0.523599 1.973 3.339 0 0 0 0 
 3.159 4.33 2.582 0 0 3.04055 4.29075 0.344027 0.0545675 0.259602 0.523599 1.979 3.348 0 0 0 0 
 3.15 4.335 2.61091 0 0 3.02875 4.30135 0.284855 0.0596457 0.243012 0.523599 1.963 3.367 0 0 0 0 
 3.136 4.346 2.63638 0 0 3.01195 4.31315 0.27116 0.0629716 0.237979 0.523599 1.942 3.38 0 0 0 0 
 3.132 4.353 2.66066 0 0 3.00875 4.31055 0.358701 0.061184 0.254022 0.523599 1.94 3.363 0 0 0 0 
 3.124 4.358 2.68452 0 0 3.00155 4.30275 0.484522 0.0588002 0.278516 0.523599 1.934 3.336 0 0 0 0 
 3.123 4.366 2.70977 0 0 2.99975 4.30235 0.567815 0.058911 0.293854 0.523599 1.931 3.323 0 0 0 0 
 3.131 4.372 2.73829 0 0 3.00535 4.30675 0.571616 0.0619928 0.292838 0.523599 1.933 3.325 0 0 0 0 
 3.141 4.378 2.76743 0 0 3.01455 4.30835 0.614204 0.0635779 0.296957 0.523599 1.941 3.32 0 0 0 0 
 3.132 4.386 2.79649 0 0 3.00715 4.31515 0.637404 0.0643295 0.291083 0.523599 1.936 3.325 0 0 0 0 
 3.134 4.388 2.82653 0 0 3.01155 4.31195 0.71551 0.0639475 0.294744 0.523599 1.944 3.314 0 0 0 0 
 3.112 4.404 2.85573 0 0 3.00355 4.32155 0.950928 0.0559479 0.29546 0.523599 1.957 3.314 0 0 0 0 
 3.108 4.4 2.88528 0 0 3.00555 4.31995 0.991936 0.0543662 0.279112 0.523599 1.968 3.316 0 0 0 0 
 3.103 4.404 2.91484 0 0 3.01255 4.32715 1.13749 0.0487808 0.258517 0.523599 1.993 3.328 0 0 0 0 
 3.095 4.4 2.94243 0 0 3.01495 4.32075 1.52369 0.0433761 0.25522 0.523599 2.011 3.318 0 0 0 0 
 3.089 4.391 2.96863 0 0 3.01335 4.31095 1.77677 0.0419626 0.251085 0.523599 2.016 3.307 0 0 0 0 
 3.087 4.379 2.99399 0 0 3.01215 4.30495 1.5214 0.0432816 0.230104 0.523599 2.016 3.31 0 0 0 0 
 3.089 4.38 3.01913 0 0 3.01735 4.31195 1.39766 0.0427962 0.208567 0.523599 2.026 3.326 0 0 0 0 
 3.086 4.386 3.04154 0 0 3.01155 4.31835 1.28282 0.0457415 0.203809 0.523599 2.016 3.333 0 0 0 0 
 3.085 4.401 3.06257 0 0 3.01175 4.33575 1.23657 0.0459912 0.193122 0.523599 2.018 3.354 0 0 0 0 
 3.087 4.41 3.08337 0 0 3.00895 4.34435 1.11815 0.0500934 0.190362 0.523599 2.008 3.362 0 0 0 0 
 3.084 4.414 3.1025 0 0 3.00995 4.35155 1.12316 0.0482782 0.177714 0.523599 2.015 3.374 0 0 0 0 
 3.081 4.417 3.12104 0 0 3.00815 4.35495 1.14234 0.048237 0.17294 0.523599 2.015 3.378 0 0 0 0 
 3.066 4.418 3.13867 0 0 2.99875 4.35915 1.19763 0.0451577 0.161223 0.523599 2.014 3.387 0 0 0 0 
 3.057 4.409 -3.12454 0 0 2.99735 4.35575 1.24144 0.0406799 0.143234 0.523599 2.024 3.392 0 0 0 0 
 3.05 4.398 -3.10898 0 0 2.99555 4.35595 0.974049 0.0373037 0.11079 0.523599 2.03 3.409 0 0 0 0 
 3.049 4.4 -3.09581 0 0 2.99775 4.36555 0.795798 0.0351826 0.0884583 0.523599 2.037 3.43 0 0 0 0 
 3.046 4.396 -3.08461 0 0 2.99275 4.36555 0.643514 0.0365336 0.0754064 0.523599 2.029 3.436 0 0 0 0 
 3.047 4.393 -3.07539 0 0 2.99135 4.36495 0.551527 0.0381488 0.0668776 0.523599 2.024 3.439 0 0 0 0 
 3.053 4.392 -3.06746 0 0 2.99015 4.36235 0.510146 0.0431182 0.0682304 0.523599 2.012 3.434 0 0 0 0 
 3.052 4.392 -3.05998 0 0 2.98275 4.35435 0.604417 0.0479795 0.0869015 0.523599 1.995 3.414 0 0 0 0 
 3.046 4.382 -3.05338 0 0 2.96875 4.34195 0.570473 0.0535541 0.0897253 0.523599 1.969 3.398 0 0 0 0 
 3.036 4.382 -3.0444 0 0 2.95275 4.32915 0.736523 0.0587063 0.120101 0.523599 1.944 3.366 0 0 0 0 
 3.034 4.39 -3.03418 0 0 2.94195 4.31275 1.11386 0.0670292 0.178968 0.523599 1.92 3.313 0 0 0 0 
 3.027 4.397 -3.01971 0 0 2.93135 4.30135 1.55741 0.0719957 0.221479 0.523599 1.904 3.274 0 0 0 0 
 3.017 4.398 -3.00095 0 0 2.92375 4.28675 2.52004 0.073379 0.257493 0.523599 1.9 3.236 0 0 0 0 
 2.997 4.392 -2.97881 0 0 2.90575 4.27035 4.12867 0.0749161 0.278583 0.523599 1.885 3.204 0 0 0 0 
 2.985 4.382 -2.95254 0 0 2.89575 4.24835 13.6185 0.0773072 0.302115 0.523599 1.878 3.164 0 0 0 0 
 2.979 4.384 -2.92416 0 0 2.89735 4.23915 -4.85162 0.0765484 0.326686 0.523599 1.891 3.138 0 0 0 0 
 2.982 4.381 -2.89359 0 0 2.91235 4.22055 -1.11086 0.0746009 0.36539 0.523599 1.924 3.096 0 0 0 0 
 2.978 4.38 -2.85986 0 0 2.92115 4.20595 -0.0800724 0.0727461 0.399654 0.523599 1.952 3.061 0 0 0 0 
 2.969 4.375 -2.82083 0 0 2.92455 4.18695 1.91357 0.0725349 0.433519 0.523599 1.974 3.021 0 0 0 0 
 2.937 4.383 -2.77653 0 0 2.91655 4.17415 1.00819 0.0689619 0.495101 0.523599 2.002 2.977 0 0 0 0 
 2.938 4.391 -2.72808 0 0 2.92395 4.16735 0.217148 0.0757752 0.52084 0.523599 2.019 2.948 0 0 0 0 
 2.935 4.388 -2.6745 0 0 2.92815 4.15395 -0.391581 0.0820668 0.534731 0.523599 2.034 2.919 0 0 0 0 
 2.939 4.4 -2.61713 0 0 2.93335 4.15595 -0.954699 0.0925236 0.53575 0.523599 2.041 2.906 0 0 0 0 
 2.949 4.416 -2.55972 0 0 2.93855 4.16635 -2.86718 0.104496 0.515863 0.523599 2.039 2.908 0 0 0 0 
 2.935 4.411 -2.50296 0 0 2.93135 4.16295 -1.93111 0.107262 0.50011 0.523599 2.042 2.907 0 0 0 0 
 2.927 4.413 -2.44841 0 0 2.92975 4.16495 1.61868 0.110627 0.487585 0.523599 2.05 2.909 0 0 0 0 
 2.927 4.419 -2.394 0 0 2.93175 4.16695 0.402446 0.117884 0.473122 0.523599 2.055 2.905 0 0 0 0 
 2.91 4.409 -2.33976 0 0 2.91995 4.15935 0.0512707 0.120425 0.454033 0.523599 2.051 2.901 0 0 0 0 
 2.892 4.384 -2.28639 0 0 2.91035 4.14755 -0.327658 0.115659 0.427073 0.523599 2.054 2.909 0 0 0 0 
 2.868 4.384 -2.23561 0 0 2.88875 4.15555 82.6295 0.115337 0.398144 0.523599 2.036 2.929 0 0 0 0 
 2.863 4.39 -2.18839 0 0 2.87135 4.16995 -2.64486 0.119084 0.339386 0.523599 2 2.956 0 0 0 0 
 2.859 4.396 -2.14464 0 0 2.85295 4.17515 -2.39242 0.127565 0.288312 0.523599 1.96 2.96 0 0 0 0 
 2.85 4.399 -2.10794 0 0 2.83515 4.17655 -0.885811 0.133603 0.252509 0.523599 1.929 2.959 0 0 0 0 
 2.828 4.387 -2.07816 0 0 2.81115 4.17335 0.115989 0.130667 0.223401 0.523599 1.902 2.969 0 0 0 0 
 2.814 4.382 -2.05361 0 0 2.78915 4.16555 -0.865535 0.135845 0.195909 0.52323 1.868 2.957 0 0 0 0 
 2.816 4.377 -2.03219 0 0 2.77075 4.16335 -105.975 0.140692 0.13576 0.368361 1.819 2.959 0 0 0 0 
 2.801 4.364 -2.01381 0 0 2.74335 4.15355 0.558094 0.142656 0.0946661 0.259456 1.773 2.954 0 0 0 0 
 2.793 4.358 -2.00155 0 0 2.72375 4.14235 -0.027418 0.149163 0.0669065 0.17753 1.736 2.935 0 0 0 0 
 2.782 4.34 -1.99301 0 0 2.70315 4.12955 -0.511153 0.148677 0.0353347 0.0947799 1.701 2.93 0 0 0 0 
 2.779 4.316 -1.9875 0 0 2.69255 4.11315 -1.01959 0.146123 0.00755784 0.020686 1.679 2.925 0 0 0 0 
 2.782 4.301 -1.98441 0 0 2.69035 4.10175 -1.45146 0.14533 -0.00950394 -0.0261522 1.669 2.919 0 0 0 0 
 2.778 4.288 -1.98328 0 0 2.68835 4.09355 -1.46724 0.141882 -0.0103841 -0.029267 1.67 2.918 0 0 0 0 
 2.769 4.274 -1.9827 0 0 2.68855 4.08515 -1.01759 0.136036 0.00472225 0.0138844 1.684 2.918 0 0 0 0 
 2.763 4.252 -1.98231 0 0 2.68295 4.06915 -1.15533 0.132285 -0.000567279 -0.00171532 1.679 2.911 0 0 0 0 
 2.755 4.252 -1.98155 0 0 2.67735 4.06315 -0.858597 0.135299 0.0105583 0.0312047 1.677 2.896 0 0 0 0 
 2.752 4.244 -1.98094 0 0 2.66995 4.04715 -0.917481 0.141324 0.00808018 0.0228659 1.663 2.868 0 0 0 0 
 2.755 4.23 -1.98007 0 0 2.65735 4.02795 -1.83763 0.148616 -0.0226575 -0.0609074 1.627 2.841 0 0 0 0 
 2.757 4.224 -1.97938 0 0 2.64135 4.01315 -3.87745 0.158779 -0.0546041 -0.136702 1.584 2.813 0 0 0 0 
 2.759 4.215 -1.9791 0 0 2.63455 3.99775 -5.65897 0.165034 -0.0678373 -0.162962 1.564 2.788 0 0 0 0 
 2.747 4.194 -1.97897 0 0 2.63935 3.99235 -3.20511 0.151045 -0.0462007 -0.121744 1.594 2.806 0 0 0 0 
 2.738 4.178 -1.9798 0 0 2.63755 3.97675 -2.16487 0.148877 -0.0299277 -0.0802366 1.603 2.791 0 0 0 0 
 2.738 4.168 -1.97947 0 0 2.63235 3.95435 -2.06235 0.157785 -0.0294513 -0.0745238 1.59 2.75 0 0 0 0 
 2.728 4.156 -1.98029 0 0 2.61675 3.92555 -1.82746 0.169475 -0.0248766 -0.0586471 1.566 2.696 0 0 0 0 
 2.725 4.139 -1.98117 0 0 2.61175 3.90055 -1.68827 0.174866 -0.0209326 -0.047846 1.558 2.659 0 0 0 0 
 2.711 4.133 -1.98154 0 0 2.60415 3.88935 -1.1645 0.176321 -0.00161316 -0.00365959 1.56 2.64 0 0 0 0 
 2.718 4.116 -1.98194 0 0 2.60875 3.86635 -1.15319 0.180602 -0.000880009 -0.00194906 1.561 2.608 0 0 0 0 
 2.708 4.106 -1.98221 0 0 2.60275 3.84795 -0.824939 0.184652 0.0160028 0.0346521 1.561 2.577 0 0 0 0 
 2.69 4.094 -1.98234 0 0 2.60035 3.83195 -0.222032 0.183029 0.0539621 0.117389 1.582 2.555 0 0 0 0 
 2.677 4.08 -1.98167 0 0 2.59895 3.81915 0.203332 0.179338 0.0779941 0.172236 1.598 2.544 0 0 0 0 
 2.667 4.056 -1.98102 0 0 2.59695 3.80475 0.47722 0.171446 0.0866673 0.199513 1.608 2.544 0 0 0 0 
 2.661 4.034 -1.97923 0 0 2.59335 3.79195 0.466526 0.165238 0.082592 0.197333 1.608 2.545 0 0 0 0 
 2.649 4.003 -1.9779 0 0 2.59175 3.77415 1.15212 0.15456 0.093302 0.236929 1.622 2.547 0 0 0 0 
 2.642 3.98 -1.97489 0 0 2.58755 3.75915 1.29869 0.149015 0.0907021 0.238825 1.622 2.544 0 0 0 0 
 2.633 3.965 -1.96899 0 0 2.58495 3.75215 3.44663 0.142646 0.0949537 0.260226 1.629 2.549 0 0 0 0 
 2.614 3.945 -1.95996 0 0 2.57115 3.74055 -16.8715 0.136408 0.0947716 0.271067 1.623 2.55 0 0 0 0 
 2.611 3.934 -1.95038 0 0 2.57055 3.73555 -5.08991 0.132333 0.0902433 0.266297 1.626 2.554 0 0 0 0 
 2.588 3.92 -1.94096 0 0 2.55755 3.72835 0.0113289 0.126027 0.103398 0.317104 1.628 2.557 0 0 0 0 
 2.585 3.908 -1.93173 0 0 2.55615 3.72035 0.225496 0.123393 0.0994546 0.311879 1.629 2.555 0 0 0 0 
 2.576 3.89 -1.92078 0 0 2.55075 3.71035 1.09891 0.117853 0.0964584 0.316389 1.629 2.557 0 0 0 0 
 2.569 3.872 -1.91059 0 0 2.54615 3.69675 5.39118 0.114809 0.0941691 0.317023 1.628 2.55 0 0 0 0 
 2.573 3.863 -1.90091 0 0 2.54695 3.69175 0.299976 0.113143 0.0789905 0.272322 1.624 2.551 0 0 0 0 
 2.57 3.849 -1.89181 0 0 2.54635 3.68335 0.880449 0.109289 0.0766249 0.273424 1.627 2.551 0 0 0 0 
 2.574 3.826 -1.88437 0 0 2.54755 3.66955 -0.385123 0.104138 0.0596583 0.225262 1.624 2.551 0 0 0 0 
 2.57 3.82 -1.87705 0 0 2.54635 3.66395 0.326879 0.103448 0.0633133 0.24009 1.627 2.546 0 0 0 0 
 2.547 3.803 -1.87096 0 0 2.53215 3.65375 0.725792 0.0975732 0.0778319 0.30886 1.626 2.546 0 0 0 0 
 2.54 3.797 -1.86454 0 0 2.52835 3.65175 -0.0955004 0.094559 0.0805661 0.328462 1.627 2.55 0 0 0 0 
 2.532 3.785 -1.85698 0 0 2.52435 3.64655 -0.920514 0.0896505 0.0831558 0.355279 1.629 2.555 0 0 0 0 
 2.519 3.77 -1.84879 0 0 2.51655 3.63835 0.422663 0.0845673 0.0889031 0.39806 1.629 2.557 0 0 0 0 
 2.506 3.759 -1.84006 0 0 2.50755 3.63215 0.023875 0.0810083 0.0930829 0.430827 1.626 2.558 0 0 0 0 
 2.494 3.753 -1.83072 0 0 2.50035 3.62575 -2.41664 0.0807138 0.102616 0.47046 1.626 2.551 0 0 0 0 
 2.496 3.744 -1.82107 0 0 2.51075 3.61195 0.513673 0.0827982 0.123874 0.523599 1.649 2.53 0 0 0 0 
 2.493 3.742 -1.81007 0 0 2.51455 3.59475 -0.611091 0.0920274 0.145797 0.523599 1.663 2.49 0 0 0 0 
 2.493 3.744 -1.79652 0 0 2.51615 3.58115 -0.931949 0.102424 0.152496 0.523599 1.667 2.453 0 0 0 0 
 2.487 3.736 -1.782 0 0 2.51855 3.56195 0.964347 0.109269 0.17276 0.523599 1.682 2.417 0 0 0 0 
 2.481 3.733 -1.76582 0 0 2.51615 3.54375 1.25947 0.119489 0.180672 0.523599 1.685 2.376 0 0 0 0 
 2.476 3.729 -1.74787 0 0 2.51835 3.52615 12.9615 0.128514 0.194719 0.523599 1.698 2.338 0 0 0 0 
 2.472 3.714 -1.72931 0 0 2.51595 3.48915 2.34443 0.143701 0.195353 0.498051 1.698 2.268 0 0 0 0 
 2.477 3.702 -1.70947 0 0 2.51815 3.45355 0.251191 0.160334 0.182829 0.427932 1.696 2.197 0 0 0 0 
 2.485 3.688 -1.69036 0 0 2.51295 3.42155 -0.107432 0.173754 0.143018 0.318063 1.671 2.138 0 0 0 0 
 2.484 3.674 -1.67296 0 0 2.49755 3.39355 3.59028 0.184296 0.10004 0.21381 1.634 2.089 0 0 0 0 
 2.488 3.658 -1.66069 0 0 2.48195 3.35755 -0.650561 0.198754 0.0490596 0.0984154 1.589 2.023 0 0 0 0 
 2.488 3.633 -1.65125 0 0 2.47035 3.32535 -6.39968 0.204182 0.0166146 0.0325371 1.56 1.98 0 0 0 0 
 2.486 3.609 -1.64794 0 0 2.45275 3.28895 0.204445 0.213191 -0.0195608 -0.0366846 1.519 1.925 0 0 0 0 
 2.478 3.59 -1.64615 0 0 2.43795 3.26155 -2.7598 0.219098 -0.0348524 -0.0635433 1.494 1.885 0 0 0 0 
 2.472 3.562 -1.64611 0 0 2.43435 3.22755 -0.600688 0.22293 -0.028249 -0.0506436 1.494 1.842 0 0 0 0 
 2.476 3.531 -1.6456 0 0 2.43195 3.19335 5.24717 0.225391 -0.0425404 -0.0753533 1.482 1.803 0 0 0 0 
 2.467 3.516 -1.64514 0 0 2.42815 3.16715 -0.476508 0.2325 -0.0289836 -0.0498231 1.486 1.76 0 0 0 0 
 2.468 3.497 -1.64482 0 0 2.43555 3.14535 6.28196 0.234013 -0.0143286 -0.0244872 1.503 1.734 0 0 0 0 
 2.475 3.479 -1.64486 0 0 2.44295 3.12535 -25.0934 0.235314 -0.0130448 -0.0221707 1.511 1.711 0 0 0 0 
 2.477 3.456 -1.64416 0 0 2.44935 3.10115 0.27539 0.235885 -0.00352088 -0.00597043 1.524 1.685 0 0 0 0 
 2.475 3.437 -1.64395 0 0 2.45375 3.07415 4.91121 0.240867 0.0119364 0.0198198 1.538 1.646 0 0 0 0 
 2.481 3.416 -1.64373 0 0 2.46935 3.04515 0.453414 0.245727 0.0343146 0.0558001 1.568 1.605 0 0 0 0 
 2.488 3.397 -1.6434 0 0 2.47755 3.00175 0.136717 0.261816 0.0399518 0.0609623 1.578 1.525 0 0 0 0 
 2.487 3.375 -1.64276 0 0 2.49015 2.97495 -2.56621 0.264461 0.0696259 0.104923 1.611 1.491 0 0 0 0 
 2.477 3.335 -1.64098 0 0 2.49895 2.93895 1.04882 0.261219 0.108731 0.164984 1.648 1.461 0 0 0 0 
 2.47 3.3 -1.63902 0 0 2.50915 2.90715 -0.697058 0.258699 0.144446 0.219736 1.684 1.434 0 0 0 0 
 2.458 3.274 -1.63165 0 0 2.51715 2.88075 -0.381806 0.258891 0.181843 0.273895 1.722 1.407 0 0 0 0 
 2.458 3.253 -1.61946 0 0 2.53195 2.86175 1.53281 0.25803 0.203718 0.305893 1.759 1.391 0 0 0 0 
 2.466 3.221 -1.59875 0 0 2.54715 2.83735 66.4909 0.254055 0.202286 0.308335 1.785 1.378 0 0 0 0 
 2.465 3.174 -1.57786 0 0 2.55935 2.80315 -1.00684 0.246898 0.215163 0.335415 1.817 1.363 0 0 0 0 
 2.466 3.133 -1.55751 0 0 2.57355 2.77455 -0.193502 0.240258 0.229619 0.365145 1.851 1.353 0 0 0 0 
 2.475 3.104 -1.53455 0 0 2.59335 2.74915 0.144388 0.239727 0.235598 0.374552 1.887 1.333 0 0 0 0 
 2.477 3.091 -1.51105 0 0 2.60775 2.73095 0.408674 0.245352 0.242142 0.375986 1.92 1.307 0 0 0 0 
 2.473 3.074 -1.48728 0 0 2.62255 2.71875 0.962342 0.245264 0.265042 0.408001 1.963 1.302 0 0 0 0 
 2.475 3.038 -1.46436 0 0 2.64775 2.69955 2.44433 0.238293 0.303405 0.471059 2.023 1.308 0 0 0 0 
 2.464 3.006 -1.43688 0 0 2.66275 2.68115 15.696 0.234915 0.343876 0.523599 2.077 1.31 0 0 0 0 
 2.455 2.982 -1.40258 0 0 2.67415 2.66755 -7.30907 0.23426 0.365781 0.523599 2.119 1.312 0 0 0 0 
 2.455 2.955 -1.36743 0 0 2.69095 2.65295 -3.3427 0.232503 0.381191 0.523599 2.161 1.316 0 0 0 0 
 2.457 2.941 -1.33048 0 0 2.71335 2.65295 -2.08523 0.231329 0.404454 0.523599 2.214 1.337 0 0 0 0 
 2.459 2.936 -1.29095 0 0 2.73495 2.65955 -1.56355 0.232587 0.422433 0.523599 2.265 1.361 0 0 0 0 
 2.473 2.925 -1.24873 0 0 2.75215 2.65775 -1.42032 0.232029 0.403672 0.523599 2.287 1.373 0 0 0 0 
 2.476 2.904 -1.20498 0 0 2.77515 2.65475 -1.10043 0.231257 0.425957 0.523599 2.34 1.397 0 0 0 0 
 2.488 2.878 -1.16293 0 0 2.79715 2.64635 -0.930277 0.228404 0.431002 0.523599 2.377 1.415 0 0 0 0 
 2.492 2.86 -1.12361 0 0 2.81875 2.64075 -0.793859 0.231361 0.446969 0.523599 2.425 1.428 0 0 0 0 
 2.492 2.826 -1.0797 0 0 2.84715 2.62315 -0.642595 0.237424 0.482488 0.523599 2.496 1.435 0 0 0 0 
 2.49 2.809 -1.02913 0 0 2.86675 2.60775 -0.591519 0.250892 0.479001 0.523599 2.548 1.422 0 0 0 0 
 2.508 2.772 -0.979721 0 0 2.89235 2.57635 -0.558083 0.256826 0.457044 0.523599 2.585 1.399 0 0 0 0 
 2.536 2.746 -0.935568 0 0 2.92595 2.54155 -0.578265 0.268413 0.414544 0.523599 2.627 1.351 0 0 0 0 
 2.542 2.699 -0.884627 0 0 2.94675 2.50455 -0.521129 0.275456 0.405946 0.523599 2.67 1.329 0 0 0 0 
 2.564 2.691 -0.843156 0 0 2.97635 2.49455 -0.516048 0.283997 0.37584 0.486857 2.711 1.316 0 0 0 0 
 2.577 2.67 -0.80253 0 0 2.99495 2.47395 -0.506788 0.2902 0.346485 0.445552 2.738 1.296 0 0 0 0 
 2.58 2.641 -0.768375 0 0 2.99515 2.43575 -0.539037 0.295512 0.296 0.381076 2.734 1.244 0 0 0 0 
 2.589 2.617 -0.730754 0 0 3.01095 2.39975 -0.565756 0.30659 0.249051 0.314169 2.76 1.19 0 0 0 0 
 2.589 2.571 -0.701925 0 0 3.01855 2.34215 -0.589624 0.316948 0.21105 0.26031 2.779 1.115 0 0 0 0 
 2.617 2.558 -0.677776 0 0 3.03415 2.31355 -0.66376 0.317733 0.146435 0.182303 2.776 1.063 0 0 0 0 
 2.635 2.53 -0.66091 0 0 3.04095 2.27635 -0.721206 0.315954 0.100984 0.127157 2.766 1.012 0 0 0 0 
 2.655 2.51 -0.647558 0 0 3.05455 2.24275 -0.790406 0.318162 0.057403 0.0720434 2.77 0.958 0 0 0 0 
 2.672 2.486 -0.63653 0 0 3.05835 2.19955 -0.91568 0.318755 -0.0014365 -0.00180263 2.754 0.886 0 0 0 0 
 2.706 2.474 -0.630867 0 0 3.07075 2.17235 -1.08684 0.313255 -0.0588575 -0.075015 2.734 0.836 0 0 0 0 
 2.731 2.461 -0.629418 0 0 3.07815 2.15895 -1.18549 0.304077 -0.0831969 -0.109008 2.715 0.822 0 0 0 0 
 2.744 2.446 -0.628957 0 0 3.07675 2.14555 -1.26772 0.295828 -0.0995124 -0.133751 2.692 0.811 0 0 0 0 
 2.771 2.433 -0.628849 0 0 3.08415 2.13055 -1.44617 0.28633 -0.128606 -0.177765 2.67 0.793 0 0 0 0 
 2.799 2.411 -0.630675 0 0 3.08255 2.11135 -1.77093 0.269792 -0.162081 -0.235833 2.624 0.778 0 0 0 0 
 2.83 2.394 -0.633589 0 0 3.09635 2.09035 -2.17596 0.262649 -0.189933 -0.281572 2.612 0.751 0 0 0 0 
 2.856 2.365 -0.643274 0 0 3.10875 2.05735 -2.70906 0.257805 -0.207382 -0.311304 2.604 0.712 0 0 0 0 
 2.887 2.348 -0.660819 0 0 3.12095 2.01075 -7.69175 0.262059 -0.267373 -0.387479 2.588 0.621 0 0 0 0 
 2.917 2.352 -0.682565 0 0 3.12935 1.98635 6.56848 0.265719 -0.324576 -0.454487 2.564 0.554 0 0 0 0 
 2.927 2.354 -0.715479 0 0 3.13055 1.98635 4.1703 0.265037 -0.312349 -0.44051 2.552 0.551 0 0 0 0 
 2.95 2.36 -0.746156 0 0 3.14995 1.98235 3.03919 0.270458 -0.305436 -0.424292 2.566 0.532 0 0 0 0 
 2.987 2.361 -0.779204 0 0 3.18535 1.97015 2.36747 0.278649 -0.296658 -0.402592 2.599 0.5 0 0 0 0 
 3.009 2.345 -0.810904 0 0 3.20735 1.94935 2.21627 0.283292 -0.274206 -0.369399 2.621 0.472 0 0 0 0 
 3.03 2.314 -0.842293 0 0 3.22195 1.91715 1.84531 0.283291 -0.257766 -0.349056 2.626 0.438 0 0 0 0 
 3.053 2.288 -0.871349 0 0 3.24415 1.87835 1.55251 0.291499 -0.248126 -0.328171 2.647 0.38 0 0 0 0 
 3.075 2.278 -0.898666 0 0 3.27255 1.85435 1.54761 0.303099 -0.227916 -0.292173 2.685 0.335 0 0 0 0 
 3.087 2.264 -0.923826 0 0 3.28775 1.83515 1.57609 0.30849 -0.20411 -0.258724 2.705 0.308 0 0 0 0 
 3.09 2.258 -0.946418 0 0 3.30915 1.82995 2.48644 0.315886 -0.149327 -0.186883 2.754 0.304 0 0 0 0 
 3.097 2.239 -0.966728 0 0 3.32775 1.81215 3.49075 0.320121 -0.107868 -0.133977 2.79 0.288 0 0 0 0 
 3.115 2.217 -0.982117 0 0 3.35255 1.79495 4.78927 0.320258 -0.0755393 -0.0940697 2.825 0.278 0 0 0 0 
 3.135 2.19 -0.992107 0 0 3.38695 1.78635 31.9669 0.315302 -0.0203137 -0.0257648 2.881 0.297 0 0 0 0 
 3.159 2.156 -0.999355 0 0 3.42575 1.77195 -7.5846 0.309748 0.034624 0.0446827 2.942 0.312 0 0 0 0 
 3.185 2.124 -1.00192 0 0 3.46335 1.74835 -4.44547 0.309288 0.0668463 0.0862374 2.997 0.301 0 0 0 0 
 3.221 2.092 -1.00094 0 0 3.49575 1.71595 -4.87983 0.30821 0.0592155 0.0767001 3.024 0.268 0 0 0 0 
 3.24 2.059 -0.999713 0 0 3.52355 1.69695 -3.30307 0.303741 0.0896006 0.117453 3.065 0.27 0 0 0 0 
 3.253 2.032 -0.998643 0 0 3.54975 1.68795 -2.29185 0.298821 0.132793 0.175918 3.111 0.288 0 0 0 0 
 3.271 1.99 -0.996201 0 0 3.58095 1.68115 -1.54524 0.284829 0.196693 0.269506 3.162 0.334 0 0 0 0 
 3.284 1.964 -0.992827 0 0 3.59955 1.67435 -1.30756 0.276854 0.227755 0.317901 3.189 0.356 0 0 0 0 
 3.303 1.929 -0.981714 0 0 3.62615 1.66295 -1.07879 0.267975 0.261833 0.372578 3.227 0.38 0 0 0 0 
 3.321 1.905 -0.958843 0 0 3.63975 1.66335 -0.94684 0.254906 0.26819 0.398346 3.234 0.417 0 0 0 0 
 3.325 1.888 -0.931994 0 0 3.65015 1.66755 -0.805321 0.248565 0.286478 0.431972 3.254 0.453 0 0 0 0 
 3.328 1.871 -0.904389 0 0 3.65635 1.66935 -0.705061 0.242545 0.296814 0.455212 3.265 0.483 0 0 0 0 
 3.338 1.857 -0.87514 0 0 3.67155 1.67215 -0.618863 0.238889 0.307102 0.474957 3.288 0.511 0 0 0 0 
 3.334 1.83 -0.843973 0 0 3.66955 1.66675 -0.5289 0.232041 0.319795 0.503819 3.289 0.538 0 0 0 0 
 3.34 1.803 -0.812445 0 0 3.66555 1.67055 -0.430874 0.215726 0.332101 0.523599 3.27 0.588 0 0 0 0 
 3.365 1.78 -0.779592 0 0 3.67975 1.67875 -0.333243 0.19941 0.347052 0.523599 3.268 0.643 0 0 0 0 
 3.373 1.739 -0.74535 0 0 3.68335 1.67335 -0.214734 0.1853 0.382379 0.523599 3.265 0.691 0 0 0 0 
 3.411 1.713 -0.708879 0 0 3.70295 1.67535 -0.129667 0.167799 0.387541 0.523599 3.257 0.735 0 0 0 0 
 3.431 1.693 -0.669066 0 0 3.71615 1.67815 -0.0521123 0.159279 0.399844 0.523599 3.26 0.772 0 0 0 0 
 3.451 1.682 -0.63006 0 0 3.73375 1.69075 0.0309675 0.153473 0.422384 0.523599 3.274 0.82 0 0 0 0 
 3.468 1.673 -0.589137 0 0 3.73795 1.70335 0.112916 0.143203 0.430566 0.523599 3.259 0.865 0 0 0 0 
 3.48 1.676 -0.545714 0 0 3.73115 1.72075 0.180102 0.132152 0.419237 0.523599 3.224 0.904 0 0 0 0 
 3.497 1.671 -0.502129 0 0 3.72575 1.73095 0.268258 0.118737 0.410143 0.523599 3.185 0.937 0 0 0 0 
 3.513 1.657 -0.460339 0 0 3.71455 1.73735 0.421227 0.100995 0.414533 0.523599 3.133 0.974 0 0 0 0 
 3.523 1.646 -0.4185 0 0 3.69855 1.74195 0.608405 0.085357 0.414421 0.523599 3.078 1.002 0 0 0 0 
 3.534 1.627 -0.375918 0 0 3.68755 1.74615 0.981327 0.0711395 0.441227 0.523599 3.034 1.041 0 0 0 0 
 3.531 1.617 -0.333518 0 0 3.66415 1.74095 1.34341 0.0615893 0.428258 0.523599 2.98 1.043 0 0 0 0 
 3.535 1.602 -0.288455 0 0 3.65495 1.73235 1.90176 0.0566555 0.425968 0.523599 2.951 1.044 0 0 0 0 
 3.544 1.597 -0.244527 0 0 3.64155 1.72775 4.26185 0.0462823 0.407218 0.523599 2.904 1.04 0 0 0 0 
 3.547 1.601 -0.201569 0 0 3.61775 1.73695 -2.73344 0.0322984 0.404017 0.523599 2.84 1.057 0 0 0 0 
 3.55 1.614 -0.160683 0 0 3.59275 1.74675 -0.0365137 0.0177884 0.383356 0.523599 2.773 1.062 0 0 0 0 
 3.544 1.624 -0.120382 0 0 3.56915 1.74675 -5.90367 0.00999895 0.350116 0.523599 2.723 1.047 0 0 0 0 
 3.536 1.627 -0.0826709 0 0 3.55155 1.73135 0.45401 0.00686003 0.296564 0.523599 2.691 1.004 0 0 0 0 
 3.537 1.615 -0.0481311 0 0 3.54055 1.71135 -2.28622 0.00121876 0.27313 0.523599 2.662 0.972 0 0 0 0 
 3.538 1.614 -0.0188418 0 0 3.52235 1.70075 0.910611 2.57577e-07 0.248852 0.523599 2.615 0.947 0 0 0 0 
 3.536 1.615 0.00830708 0 0 3.50715 1.67615 1.63415 4.26398e-08 0.179225 0.523599 2.58 0.884 0 0 0 0 
 3.525 1.6 0.0327279 0 0 3.48655 1.65315 -5.24856 9.99356e-08 0.160178 0.523599 2.545 0.849 0 0 0 0 
 3.525 1.591 0.0500013 0 0 3.47375 1.63855 -1.3351 7.17632e-08 0.149235 0.523599 2.513 0.826 0 0 0 0 
 3.529 1.587 0.0658392 0 0 3.45975 1.63095 -0.736395 4.99349e-08 0.146798 0.523599 2.472 0.813 0 0 0 0 
 3.523 1.59 0.0808819 0 0 3.44615 1.62155 -0.435348 4.32629e-08 0.115141 0.523599 2.447 0.785 0 0 0 0 
 3.522 1.585 0.0957701 0 0 3.44475 1.60775 -0.30338 4.26439e-08 0.0919345 0.523599 2.445 0.758 0 0 0 0 
 3.527 1.594 0.107044 0 0 3.44575 1.60395 -0.123125 3.91974e-08 0.0571603 0.523599 2.44 0.735 0 0 0 0 
 3.528 1.598 0.11575 0 0 3.44315 1.59275 0.0619156 3.61314e-08 0.0141892 0.523599 2.432 0.701 0 0 0 0 
 3.532 1.599 0.120877 0 0 3.44435 1.57495 0.281456 3.35832e-08 -0.0413341 -0.523599 2.429 0.655 0 0 0 0 
 3.535 1.605 0.121105 0 0 3.45015 1.57815 0.327414 3.4817e-08 -0.0508368 -0.523599 2.439 0.654 0 0 0 0 
 3.538 1.602 0.120341 0 0 3.44835 1.57315 0.333367 3.24032e-08 -0.0556712 -0.523599 2.43 0.646 0 0 0 0 
 3.537 1.603 0.119605 0 0 3.43615 1.57335 0.30275 2.78137e-08 -0.0547678 -0.523599 2.401 0.645 0 0 0 0 
 3.533 1.603 0.119365 0 0 3.41695 1.58255 0.178039 2.32837e-08 -0.0206726 -0.523599 2.359 0.668 0 0 0 0 
 3.537 1.602 0.119164 0 0 3.41015 1.58635 0.12398 2.06358e-08 -0.00146749 -0.523599 2.336 0.679 0 0 0 0 
 3.535 1.6 0.119022 0 0 3.40215 1.57595 0.183013 1.90603e-08 -0.0262472 -0.523599 2.319 0.656 0 0 0 0 
 3.539 1.6 0.118921 0 0 3.39055 1.57275 0.185634 -5.67703e-10 -0.0310303 0.523599 2.284 0.648 0 0 0 0 
 3.538 1.602 0.118655 0 0 3.38555 1.56795 0.227123 -8.53752e-10 -0.05201 0.523599 2.273 0.633 0 0 0 0 
 3.535 1.599 0.117927 0 0 3.38135 1.57335 0.168487 -8.69633e-10 -0.0243996 0.523599 2.267 0.651 0 0 0 0 
 3.54 1.6 0.116695 0 0 3.38595 1.58075 0.125594 -8.49894e-10 -0.00389451 0.523599 2.271 0.668 0 0 0 0 
 3.536 1.607 0.116834 0 0 3.37915 1.59815 0.0564628 -9.39359e-10 0.0313835 -0.523599 2.26 0.701 0 0 0 0 
 3.537 1.607 0.11705 0 0 3.37335 1.61095 -0.0241628 -1.22361e-09 0.0764537 -0.523599 2.244 0.733 0 0 0 0 
 3.531 1.608 0.117863 0 0 3.36575 1.61835 -0.0627362 -1.26003e-09 0.0986452 -0.523599 2.234 0.75 0 0 0 0 
 3.537 1.603 0.117738 0 0 3.35615 1.62935 -0.146763 -1.90977e-09 0.159102 -0.523599 2.201 0.785 0 0 0 0 
 3.535 1.601 0.11911 0 0 3.34575 1.63815 -0.198884 1.41412e-08 0.200214 0.523599 2.178 0.81 0 0 0 0 
 3.536 1.605 0.129643 0 0 3.33195 1.65735 -0.262358 1.24886e-08 0.266069 0.523599 2.142 0.852 0 0 0 0 
 3.54 1.606 0.151284 0 0 3.32715 1.66715 -0.295488 1.18642e-08 0.315207 0.523599 2.124 0.875 0 0 0 0 
 3.541 1.613 0.179491 0 0 3.32415 1.68055 -0.322011 1.19898e-08 0.357429 0.523599 2.115 0.898 0 0 0 0 
 3.556 1.614 0.212579 0 0 3.33435 1.68675 -0.34056 1.21483e-08 0.399447 0.523599 2.118 0.912 0 0 0 0 
 3.564 1.614 0.249857 0 0 3.34115 1.69035 -0.356696 1.29063e-08 0.434644 0.523599 2.123 0.921 0 0 0 0 
 3.569 1.61 0.290796 0 0 3.34375 1.68995 -0.370659 -2.31034e-09 0.472153 -0.523599 2.122 0.926 0 0 0 0 
 3.571 1.607 0.335513 0 0 3.34495 1.68855 -0.377295 -1.98822e-09 0.502273 -0.523599 2.122 0.927 0 0 0 0 
 3.574 1.604 0.384265 0 0 3.34595 1.68355 -0.363723 -1.71167e-09 0.524688 -0.523599 2.12 0.919 0 0 0 0 
 3.576 1.602 0.435628 0 0 3.34875 1.68435 -0.379142 -1.10515e-09 0.555021 -0.523599 2.124 0.924 0 0 0 0 
 3.575 1.608 0.489597 0 0 3.34855 1.69035 -0.380606 1.63702e-08 0.576317 0.523599 2.125 0.93 0 0 0 0 
 3.584 1.616 0.545569 0 0 3.35715 1.69595 -0.367814 1.81828e-08 0.592576 0.523599 2.133 0.932 0 0 0 0 
 3.584 1.626 0.604021 0 0 3.35955 1.70035 -0.343949 2.04112e-08 0.595177 0.523599 2.139 0.928 0 0 0 0 
 3.586 1.623 0.663958 0 0 3.35995 1.70015 -0.355219 2.39782e-08 0.621919 0.523599 2.137 0.932 0 0 0 0 
 3.588 1.625 0.722978 0 0 3.36555 1.70975 -0.400579 3.15846e-08 0.641136 0.523599 2.148 0.953 0 0 0 0 
 3.587 1.618 0.784548 0 0 3.36855 1.71835 -0.494696 4.99694e-08 0.665398 0.523599 2.157 0.985 0 0 0 0 
 3.581 1.605 0.850059 0 0 3.36535 1.72895 -0.64776 3.99424e-08 0.692398 0.523599 2.158 1.031 0 0 0 0 
 3.58 1.601 0.918226 0 0 3.35915 1.74215 -0.743219 7.16681e-06 0.721254 0.523599 2.144 1.07 0 0 0 0 
 3.586 1.605 0.988117 0 0 3.36355 1.76175 -0.850318 0.0203514 0.736298 0.523599 2.146 1.113 0 0 0 0 
 3.591 1.607 1.06122 0 0 3.36135 1.77615 -0.90684 0.0393068 0.751966 0.523599 2.133 1.146 0 0 0 0 
 3.601 1.6 1.13615 0 0 3.37335 1.79115 -1.11494 0.0671608 0.743639 0.523599 2.148 1.194 0 0 0 0 
 3.617 1.586 1.21329 0 0 3.38975 1.80635 -1.45816 0.0997925 0.729059 0.523599 2.165 1.253 0 0 0 0 
 3.622 1.572 1.28789 0 0 3.40515 1.81955 -2.18512 0.131435 0.678471 0.523599 2.196 1.307 0 0 0 0 
 3.616 1.563 1.36016 0 0 3.40915 1.83815 -4.07634 0.161669 0.619021 0.523599 2.215 1.367 0 0 0 0 
 3.618 1.569 1.42689 0 0 3.40875 1.86975 -7.44716 0.188255 0.581336 0.523599 2.211 1.437 0 0 0 0 
 3.618 1.581 1.4877 0 0 3.40395 1.90055 -12.814 0.209091 0.546292 0.523599 2.199 1.496 0 0 0 0 
 3.622 1.595 1.54504 0 0 3.40115 1.92655 -14.3627 0.224741 0.514668 0.523599 2.186 1.54 0 0 0 0 
 3.627 1.617 1.60022 0 0 3.40255 1.95695 -17.7851 0.237232 0.475732 0.523599 2.182 1.583 0 0 0 0 
 3.642 1.643 1.65219 0 0 3.40915 1.99135 -13.3562 0.249489 0.446962 0.523599 2.176 1.63 0 0 0 0 
 3.641 1.658 1.69951 0 0 3.40135 2.02035 -16.9976 0.264484 0.413262 0.523599 2.158 1.68 0 0 0 0 
 3.634 1.673 1.74465 0 0 3.38795 2.04775 -20.9496 0.277886 0.378824 0.499224 2.135 1.726 0 0 0 0 
 3.634 1.693 1.78595 0 0 3.38235 2.07695 -22.1914 0.288471 0.346179 0.447535 2.121 1.769 0 0 0 0 
 3.641 1.717 1.8237 0 0 3.37655 2.10695 -10.3635 0.298025 0.331485 0.418612 2.096 1.808 0 0 0 0 
 3.639 1.739 1.8585 0 0 3.36655 2.13335 -8.06622 0.305336 0.310191 0.385977 2.074 1.841 0 0 0 0 
 3.653 1.766 1.89184 0 0 3.37015 2.15875 -5.42691 0.3094 0.298822 0.368662 2.062 1.864 0 0 0 0 
 3.646 1.8 1.92303 0 0 3.35835 2.19315 -4.8337 0.313135 0.276987 0.340077 2.043 1.899 0 0 0 0 
 3.633 1.838 1.95251 0 0 3.34495 2.23355 -4.99549 0.316626 0.246608 0.302015 2.029 1.943 0 0 0 0 
 3.641 1.887 1.98096 0 0 3.34535 2.28055 -4.09283 0.319339 0.234122 0.28526 2.018 1.987 0 0 0 0 
 3.651 1.924 2.00557 0 0 3.34895 2.31635 -3.58794 0.321977 0.222266 0.269414 2.012 2.021 0 0 0 0 
 3.651 1.964 2.02892 0 0 3.34415 2.35275 -3.18901 0.322661 0.211095 0.255953 2 2.052 0 0 0 0 
 3.648 1.998 2.05182 0 0 3.33915 2.38795 -3.14142 0.32516 0.190431 0.230112 1.992 2.089 0 0 0 0 
 3.64 2.037 2.0729 0 0 3.33995 2.43015 -3.75171 0.324943 0.15066 0.183377 2.006 2.136 0 0 0 0 
 3.619 2.072 2.09112 0 0 3.33535 2.47235 -6.22249 0.32402 0.0962591 0.118276 2.026 2.189 0 0 0 0 
 3.604 2.117 2.10572 0 0 3.33595 2.51335 -10.8243 0.316675 0.0588774 0.0742328 2.05 2.224 0 0 0 0 
 3.578 2.152 2.11452 0 0 3.32995 2.54835 36.8882 0.309854 0.0150209 0.0193885 2.074 2.259 0 0 0 0 
 3.56 2.186 2.1197 0 0 3.32635 2.58115 8.26218 0.304216 -0.0143218 -0.0188289 2.092 2.29 0 0 0 0 
 3.548 2.213 2.12252 0 0 3.32915 2.61135 3.92542 0.300939 -0.0470445 -0.062449 2.117 2.325 0 0 0 0 
 3.539 2.248 2.12311 0 0 3.33855 2.65195 2.09972 0.297882 -0.0868854 -0.116146 2.154 2.374 0 0 0 0 
 3.518 2.281 2.12308 0 0 3.33875 2.68895 1.17493 0.293099 -0.129856 -0.175397 2.186 2.417 0 0 0 0 
 3.495 2.301 2.12223 0 0 3.33855 2.71415 0.547255 0.288657 -0.176596 -0.239998 2.22 2.45 0 0 0 0 
 3.468 2.319 2.11833 0 0 3.32955 2.73935 0.105771 0.287247 -0.213728 -0.289274 2.238 2.486 0 0 0 0 
 3.44 2.329 2.1095 0 0 3.31555 2.75975 -0.33112 0.289439 -0.241756 -0.322443 2.245 2.522 0 0 0 0 
 3.421 2.34 2.09138 0 0 3.30375 2.78435 -0.757543 0.296382 -0.25067 -0.326219 2.244 2.567 0 0 0 0 
 3.403 2.358 2.0666 0 0 3.29655 2.81795 -2.42302 0.304147 -0.260751 -0.33036 2.253 2.624 0 0 0 0 
 3.387 2.381 2.04145 0 0 3.28935 2.85415 7.46419 0.311364 -0.263534 -0.326442 2.259 2.68 0 0 0 0 
 3.368 2.406 2.01468 0 0 3.27955 2.88515 1.17516 0.314415 -0.259335 -0.318682 2.263 2.72 0 0 0 0 
 3.341 2.434 1.98839 0 0 3.26255 2.92275 0.0528435 0.31964 -0.259129 -0.313577 2.261 2.772 0 0 0 0 
 3.335 2.47 1.96124 0 0 3.25735 2.96235 -0.0578282 0.323389 -0.23593 -0.283937 2.257 2.817 0 0 0 0 
 3.318 2.503 1.93519 0 0 3.24835 2.99295 -0.934704 0.321694 -0.224072 -0.271724 2.26 2.844 0 0 0 0 
 3.293 2.535 1.91163 0 0 3.23495 3.01855 1.93759 0.316671 -0.219952 -0.270995 2.264 2.86 0 0 0 0 
 3.272 2.56 1.888 0 0 3.22395 3.03595 -0.522244 0.31128 -0.212749 -0.266865 2.268 2.866 0 0 0 0 
 3.25 2.603 1.86538 0 0 3.20955 3.05855 3.64844 0.298079 -0.196485 -0.257801 2.265 2.858 0 0 0 0 
 3.238 2.64 1.84345 0 0 3.19955 3.08195 1.8319 0.290018 -0.173771 -0.235233 2.258 2.861 0 0 0 0 
 3.225 2.672 1.82297 0 0 3.19215 3.10235 -0.593425 0.282546 -0.16151 -0.224786 2.259 2.864 0 0 0 0 
 3.215 2.697 1.80505 0 0 3.18335 3.11375 -0.688013 0.274234 -0.142281 -0.204627 2.252 2.855 0 0 0 0 
 3.202 2.72 1.78789 0 0 3.17555 3.12795 0.290123 0.268428 -0.13471 -0.198106 2.252 2.856 0 0 0 0 
 3.202 2.75 1.77301 0 0 3.17595 3.14555 0.574641 0.260757 -0.118088 -0.179203 2.253 2.855 0 0 0 0 
 3.197 2.783 1.75825 0 0 3.17255 3.16175 0.218228 0.250002 -0.103175 -0.163604 2.252 2.846 0 0 0 0 
 3.186 2.807 1.7462 0 0 3.16515 3.17375 3.07768 0.242064 -0.0971639 -0.1592 2.25 2.84 0 0 0 0 
 3.188 2.832 1.73528 0 0 3.16475 3.18555 0.545163 0.233884 -0.0788359 -0.134021 2.246 2.832 0 0 0 0 
 3.184 2.85 1.72557 0 0 3.16115 3.19235 0.882545 0.226672 -0.0686469 -0.120551 2.243 2.822 0 0 0 0 
 3.171 2.858 1.71728 0 0 3.15215 3.19715 1.14777 0.224353 -0.0703092 -0.124704 2.24 2.822 0 0 0 0 
 3.16 2.868 1.71025 0 0 3.14715 3.20515 -2.02298 0.222662 -0.0779296 -0.139092 2.244 2.827 0 0 0 0 
 3.159 2.894 1.70241 0 0 3.14815 3.21955 5.85498 0.215014 -0.0735758 -0.136031 2.248 2.824 0 0 0 0 
 3.159 2.913 1.69467 0 0 3.14735 3.22975 1.85847 0.209405 -0.0638553 -0.121375 2.246 2.821 0 0 0 0 
 3.164 2.922 1.68664 0 0 3.14875 3.23515 8.36998 0.207396 -0.0488478 -0.0939341 2.242 2.821 0 0 0 0 
 3.16 2.935 1.68062 0 0 3.14635 3.24015 -0.387844 0.202082 -0.0463932 -0.0915735 2.242 2.814 0 0 0 0 
 3.153 2.956 1.67564 0 0 3.14415 3.25275 1.60433 0.196294 -0.0522583 -0.10609 2.247 2.814 0 0 0 0 
 3.154 2.979 1.6706 0 0 3.14235 3.26655 0.474387 0.190448 -0.040316 -0.0844746 2.241 2.814 0 0 0 0 
 3.158 3.003 1.66566 0 0 3.14515 3.27815 0.644789 0.182376 -0.031634 -0.0692711 2.242 2.807 0 0 0 0 
 3.161 3.022 1.66125 0 0 3.14855 3.28835 0.67165 0.176573 -0.0279672 -0.0632707 2.246 2.804 0 0 0 0 
 3.167 3.043 1.6585 0 0 3.15055 3.30015 0.0724173 0.170735 -0.0148178 -0.0347015 2.242 2.802 0 0 0 0 
 3.168 3.06 1.65568 0 0 3.15195 3.31115 0.0565365 0.166759 -0.0128503 -0.0308137 2.244 2.804 0 0 0 0 
 3.166 3.076 1.65395 0 0 3.14915 3.32035 2.59761 0.162315 -0.00853735 -0.0210358 2.24 2.803 0 0 0 0 
 3.17 3.092 1.65226 0 0 3.15115 3.33035 -0.0808245 0.158461 -0.00149275 -0.00376808 2.239 2.804 0 0 0 0 
 3.175 3.107 1.65134 0 0 3.15455 3.34055 2.19762 0.155376 0.00389923 0.0100378 2.24 2.807 0 0 0 0 
 3.171 3.131 1.65052 0 0 3.15215 3.35175 1.14572 0.146835 0.00298531 0.00813227 2.24 2.799 0 0 0 0 
 3.178 3.149 1.64998 0 0 3.15875 3.36175 17.0693 0.14157 0.00586415 0.0165673 2.246 2.797 0 0 0 0 
 3.184 3.167 1.6497 0 0 3.16235 3.36895 0.0954949 0.134565 0.0141768 0.0421161 2.246 2.788 0 0 0 0 
 3.178 3.178 1.64923 0 0 3.15755 3.37275 -0.100543 0.129743 0.0128961 0.0397382 2.243 2.781 0 0 0 0 
 3.171 3.187 1.64946 0 0 3.15255 3.37975 -1.64457 0.128315 0.00817382 0.025475 2.241 2.785 0 0 0 0 
 3.17 3.195 1.64962 0 0 3.14915 3.38575 0.281565 0.127123 0.0145385 0.0457143 2.234 2.788 0 0 0 0 
 3.171 3.201 1.64948 0 0 3.14975 3.39215 0.456071 0.127409 0.0155306 0.0487199 2.234 2.795 0 0 0 0 
 3.171 3.212 1.6497 0 0 3.14935 3.39955 0.951286 0.125054 0.0171894 0.0549272 2.233 2.797 0 0 0 0 
 3.178 3.222 1.64963 0 0 3.15035 3.40475 -0.339342 0.122219 0.0333972 0.10887 2.225 2.795 0 0 0 0 
 3.172 3.241 1.64961 0 0 3.14755 3.41615 -1.21351 0.117019 0.0269762 0.091951 2.227 2.795 0 0 0 0 
 3.159 3.248 1.64983 0 0 3.14175 3.42275 -0.855881 0.116361 0.00866362 0.0297731 2.232 2.801 0 0 0 0 
 3.148 3.254 1.64975 0 0 3.13395 3.42515 0.401332 0.113813 0.00128764 0.00452545 2.229 2.798 0 0 0 0 
 3.145 3.269 1.64981 0 0 3.12935 3.43375 -1.98856 0.109669 0.00666079 0.0242893 2.222 2.797 0 0 0 0 
 3.14 3.277 1.65002 0 0 3.12635 3.43855 0.891483 0.10745 0.00210776 0.00784637 2.222 2.797 0 0 0 0 
 3.151 3.286 1.65025 0 0 3.13215 3.44115 2.51498 0.103503 0.0167301 0.0645657 2.22 2.79 0 0 0 0 
 3.16 3.294 1.65047 0 0 3.13835 3.44395 -0.750987 0.100226 0.0250065 0.0994709 2.222 2.785 0 0 0 0 
 3.159 3.31 1.65056 0 0 3.13855 3.45195 -0.775241 0.0948761 0.0236463 0.0993651 2.224 2.781 0 0 0 0 
 3.155 3.32 1.65078 0 0 3.13855 3.46235 0.968266 0.0949189 0.013088 0.0550985 2.23 2.792 0 0 0 0 
 3.152 3.323 1.65124 0 0 3.13555 3.46335 1.23684 0.0935994 0.0133505 0.0569919 2.227 2.79 0 0 0 0 
 3.146 3.334 1.65142 0 0 3.13195 3.46955 -0.229407 0.0902977 0.0080759 0.0357593 2.227 2.789 0 0 0 0 
 3.14 3.347 1.6516 0 0 3.13035 3.47655 -1.17001 0.0860975 -0.00221367 -0.0102841 2.232 2.787 0 0 0 0 
 3.14 3.358 1.65192 0 0 3.13155 3.48475 0.845178 0.0841838 -0.00487885 -0.0231777 2.235 2.791 0 0 0 0 
 3.142 3.366 1.65199 0 0 3.13275 3.48835 -0.785523 0.0813197 -0.00186723 -0.00918439 2.235 2.788 0 0 0 0 
 3.148 3.383 1.65188 0 0 3.13755 3.49855 15.1912 0.0768924 0.00279289 0.0145278 2.238 2.788 0 0 0 0 
 3.159 3.405 1.65198 0 0 3.14295 3.50895 -0.197537 0.069542 0.0202098 0.115726 2.235 2.781 0 0 0 0 
 3.167 3.417 1.6521 0 0 3.15015 3.51815 0.286282 0.0677393 0.022954 0.134722 2.241 2.786 0 0 0 0 
 3.173 3.426 1.65259 0 0 3.15575 3.52275 0.797475 0.0648599 0.0249198 0.152491 2.246 2.784 0 0 0 0 
 3.169 3.427 1.65321 0 0 3.15375 3.52175 0.0685621 0.0634273 0.019876 0.124696 2.247 2.78 0 0 0 0 
 3.166 3.429 1.65355 0 0 3.15035 3.52135 0.40023 0.0618676 0.0214233 0.137635 2.243 2.776 0 0 0 0 
 3.156 3.434 1.65455 0 0 3.14115 3.52675 0.0357515 0.0620899 0.0189321 0.121367 2.235 2.782 0 0 0 0 
 3.155 3.437 1.65584 0 0 3.13815 3.52735 1.31291 0.0606303 0.0245521 0.160585 2.229 2.779 0 0 0 0 
 3.152 3.44 1.65696 0 0 3.13835 3.53035 -0.35122 0.0604446 0.0156888 0.103452 2.234 2.782 0 0 0 0 
 3.145 3.439 1.65846 0 0 3.13655 3.53095 -9.12804 0.0611983 0.000979963 0.00640508 2.24 2.785 0 0 0 0 
 3.145 3.447 1.65941 0 0 3.13775 3.53655 0.21143 0.0595437 -0.00190807 -0.0128172 2.243 2.787 0 0 0 0 
 3.144 3.454 1.6597 0 0 3.13675 3.54115 0.598806 0.0579593 -0.00140418 -0.00969053 2.242 2.788 0 0 0 0 
 3.148 3.467 1.65992 0 0 3.13795 3.54935 2.7986 0.0549572 0.00725229 0.0527361 2.239 2.789 0 0 0 0 
 3.151 3.471 1.66022 0 0 3.13535 3.54935 3.28746 0.0526621 0.0233151 0.175275 2.228 2.783 0 0 0 0 
 3.161 3.478 1.66086 0 0 3.14255 3.55475 -1.62538 0.0517882 0.0311651 0.236218 2.231 2.786 0 0 0 0 
 3.157 3.483 1.66249 0 0 3.14135 3.56095 3.61715 0.0524104 0.0229309 0.173255 2.234 2.794 0 0 0 0 
 3.154 3.49 1.66433 0 0 3.14035 3.56595 0.872561 0.0509713 0.0176585 0.137699 2.236 2.796 0 0 0 0 
 3.15 3.491 1.66588 0 0 3.13635 3.56655 0.925556 0.0507138 0.0174431 0.136722 2.232 2.796 0 0 0 0 
 3.142 3.498 1.66715 0 0 3.12995 3.56915 0.395564 0.0477117 0.0140364 0.117138 2.228 2.792 0 0 0 0 
 3.14 3.504 1.66824 0 0 3.12995 3.57075 -0.377712 0.0446812 0.00958831 0.0856276 2.231 2.787 0 0 0 0 
 3.136 3.508 1.66922 0 0 3.12555 3.57155 0.202195 0.0426 0.0113785 0.106436 2.226 2.783 0 0 0 0 
 3.131 3.52 1.66989 0 0 3.12415 3.58115 0.537063 0.0407797 0.00209507 0.0205473 2.23 2.789 0 0 0 0 
 3.129 3.528 1.67067 0 0 3.12215 3.58515 1.85823 0.0381423 0.00306538 0.0321357 2.228 2.787 0 0 0 0 
 3.128 3.538 1.67116 0 0 3.12235 3.59115 0.011454 0.0354251 0.000806552 0.00910687 2.23 2.787 0 0 0 0 
 3.13 3.545 1.67142 0 0 3.12355 3.59415 -4.2836 0.0328413 0.00408351 0.0496954 2.23 2.784 0 0 0 0 
 3.123 3.54 1.67172 0 0 3.12175 3.59435 0.398204 0.0359264 -0.0116834 -0.129355 2.236 2.792 0 0 0 0 
 3.134 3.542 1.6721 0 0 3.12555 3.59235 0.333396 0.033769 0.00915004 0.107962 2.229 2.784 0 0 0 0 
 3.129 3.537 1.67239 0 0 3.12335 3.58975 0.0824566 0.0351617 0.000738179 0.00839734 2.231 2.785 0 0 0 0 
 3.135 3.537 1.67269 0 0 3.12695 3.58975 -0.279764 0.0353249 0.00728276 0.0822798 2.231 2.785 0 0 0 0 
 3.135 3.536 1.67292 0 0 3.12615 3.58915 0.28195 0.035644 0.00932863 0.104307 2.229 2.785 0 0 0 0 
 3.138 3.546 1.67356 0 0 3.12955 3.59595 0.386897 0.0335084 0.00905968 0.107729 2.233 2.787 0 0 0 0 
 3.137 3.545 1.67392 0 0 3.12695 3.59535 3.23783 0.0338846 0.0132909 0.155627 2.228 2.787 0 0 0 0 
 3.138 3.551 1.67456 0 0 3.12675 3.60055 -3.1619 0.0334444 0.0167329 0.197519 2.226 2.791 0 0 0 0 
 3.139 3.555 1.6755 0 0 3.12855 3.60215 -4.9686 0.0318095 0.0151192 0.187879 2.229 2.789 0 0 0 0 
 3.141 3.555 1.67642 0 0 3.12855 3.59975 -0.488048 0.0303767 0.0212314 0.272614 2.226 2.783 0 0 0 0 
 3.133 3.569 1.67761 0 0 3.12455 3.61095 3.84391 0.0282462 0.0109031 0.153191 2.228 2.79 0 0 0 0 
 3.129 3.574 1.67876 0 0 3.12255 3.61675 -0.36367 0.0286309 0.00500425 0.0698003 2.229 2.797 0 0 0 0 
 3.122 3.575 1.67977 0 0 3.11635 3.61535 -1.16934 0.0269929 0.00340475 0.0504112 2.224 2.792 0 0 0 0 
 3.112 3.574 1.67995 0 0 3.11035 3.61435 0.722662 0.0267055 -0.007674 -0.11444 2.224 2.791 0 0 0 0 
 3.117 3.577 1.68017 0 0 3.11535 3.61695 1.18216 0.0264416 -0.00757919 -0.114157 2.229 2.793 0 0 0 0 
 3.121 3.58 1.68023 0 0 3.11775 3.61755 1.55513 0.0249748 -0.00243509 -0.0389809 2.229 2.79 0 0 0 0 
 3.12 3.581 1.68009 0 0 3.11635 3.61775 -0.766757 0.0244767 -0.00107033 -0.0174897 2.227 2.789 0 0 0 0 
