 2.193 0.292 1.56492e-05 2.58415e+161 1.65075e-18 2.22638 0.40755 6.19627 0 0 0 0.1 0.1 0.1 0 3.09804e+161 9.09379e+223 
 2.209 0.295 1.4246e-05 2.58415e+161 1.65075e-18 2.21943 0.408168 6.19278 0.216754 0.713393 0.523599 0.1 0.1 0.1 0 3.09804e+161 9.09379e+223 
 2.207 0.296 -1.21502e-05 2.58415e+161 1.65075e-18 2.23333 0.406956 6.19976 0.230364 0.68917 0.493971 0.1 0.1 0.1 0 3.09804e+161 9.09379e+223 
 2.193 0.308 0.00312801 2.58415e+161 1.65075e-18 2.23333 0.406956 6.19976 0.240969 0.591816 0.416245 0.1 0.1 0.1 0 3.09804e+161 9.09379e+223 
 2.198 0.282 0.0377203 2.58415e+161 1.65075e-18 2.23333 0.406956 6.19976 0.242778 0.714745 0.487299 0.1 0.1 0.1 0 3.09804e+161 9.09379e+223 
 2.22 0.3 0.0894475 2.58415e+161 1.65075e-18 2.22638 0.40755 6.19627 0.217153 0.571851 0.442641 0.1 0.1 0.1 0 3.09804e+161 9.09379e+223 
 2.196 0.299 0.157381 2.58415e+161 1.65075e-18 2.21943 0.408168 6.19278 0.233989 0.458234 0.338903 0.1 0.1 0.1 0 3.09804e+161 9.09379e+223 
 2.255 0.31 0.215386 2.58415e+161 1.65075e-18 2.24724 0.405842 6.20673 0.206398 0.377093 0.317722 0.1 0.1 0.1 0 3.09804e+161 9.09379e+223 
 2.289 0.302 0.261472 2.58415e+161 1.65075e-18 2.22638 0.40755 6.19627 0.164829 0.523541 0.519373 0.1 0.1 0.1 0 3.09804e+161 9.09379e+223 
 2.347 0.348 0.300706 2.58415e+161 1.65075e-18 2.28902 0.403082 6.22767 0.15371 0.162244 0.187756 0.1 0.1 0.1 0 3.09804e+161 9.09379e+223 
 2.331 0.341 0.353132 2.58415e+161 1.65075e-18 2.33084 0.401196 6.2486 0.203073 -0.000686744 -0.000608718 0.1 0.1 0.1 0 3.09804e+161 9.09379e+223 
 2.367 0.336 0.37575 2.58415e+161 1.65075e-18 2.3727 0.400186 6.26953 0.210137 0.00208875 0.00178919 0.1 0.1 0.1 0 3.09804e+161 9.09379e+223 
 2.376 0.314 0.376611 2.58415e+161 1.65075e-18 2.35177 0.400582 6.25907 0.194135 0.228822 0.209061 0.1 0.1 0.1 0 3.09804e+161 9.09379e+223 
 2.409 0.367 0.378008 2.58415e+161 1.65075e-18 2.38665 0.400045 6.27651 0.177077 -0.118515 -0.119894 0.1 0.1 0.1 0 3.09804e+161 9.09379e+223 
 2.407 0.332 0.396629 2.58415e+161 1.65075e-18 2.38665 0.400045 6.27651 0.190935 0.0923587 0.0868502 0.1 0.1 0.1 0 3.09804e+161 9.09379e+223 
 2.414 0.359 0.396546 2.58415e+161 1.65075e-18 2.42093 0.40011 0.0104667 0.204114 -0.154627 -0.135524 0.1 0.1 0.1 0 3.09804e+161 9.09379e+223 
 2.47 0.369 0.402228 2.58415e+161 1.65075e-18 2.42093 0.40011 0.0104667 0.155094 -0.0487182 -0.0564817 0.1 0.1 0.1 0 3.09804e+161 9.09379e+223 
 2.464 0.379 0.39991 2.58415e+161 1.65075e-18 2.44186 0.400438 0.0209333 0.174394 -0.193398 -0.197026 0.1 0.1 0.1 0 3.09804e+161 9.09379e+223 
 2.444 0.355 0.398462 2.58415e+161 1.65075e-18 2.48371 0.401753 0.0418667 0.234827 -0.182641 -0.139095 0.1 0.1 0.1 0 3.09804e+161 9.09379e+223 
 2.455 0.344 0.394427 2.58415e+161 1.65075e-18 2.46976 0.401217 0.0348889 0.218079 -0.0449044 -0.0370466 0.1 0.1 0.1 0 3.09804e+161 9.09379e+223 
 2.496 0.381 0.385153 2.58415e+161 1.65075e-18 2.46279 0.400986 0.0314 0.166344 -0.144625 -0.155239 0.1 0.1 0.1 0 3.09804e+161 9.09379e+223 
 2.474 0.389 0.384481 2.58415e+161 1.65075e-18 2.48371 0.401753 0.0418667 0.200175 -0.309868 -0.271745 0.1 0.1 0.1 0 3.09804e+161 9.09379e+223 
 2.502 0.372 0.374742 2.58415e+161 1.65075e-18 2.50462 0.402738 0.0523333 0.201196 -0.143975 -0.128102 0.1 0.1 0.1 0 3.09804e+161 9.09379e+223 
 2.514 0.391 0.343104 2.58415e+161 1.65075e-18 2.49068 0.402057 0.0453556 0.174581 -0.185862 -0.189335 0.1 0.1 0.1 0 3.09804e+161 9.09379e+223 
 2.542 0.409 0.327135 2.58415e+161 1.65075e-18 2.53248 0.404393 0.0662889 0.183971 -0.29781 -0.283532 0.1 0.1 0.1 0 3.09804e+161 9.09379e+223 
 2.606 0.428 0.307797 2.58415e+161 1.65075e-18 2.53944 0.404867 0.0697778 0.131944 -0.28261 -0.36798 0.1 0.1 0.1 0 3.09804e+161 9.09379e+223 
 2.603 0.442 0.277264 2.58415e+161 1.65075e-18 2.56727 0.407007 0.0837333 0.158414 -0.408617 -0.434679 0.1 0.1 0.1 0 3.09804e+161 9.09379e+223 
 2.613 0.44 0.248222 2.58415e+161 1.65075e-18 2.63669 0.414055 0.118622 0.214114 -0.370358 -0.301837 0.1 0.1 0.1 0 3.09804e+161 9.09379e+223 
 2.625 0.425 0.207628 2.58415e+161 1.65075e-18 2.61589 0.411686 0.108156 0.188919 -0.196698 -0.185263 0.1 0.1 0.1 0 3.09804e+161 9.09379e+223 
 2.634 0.429 0.170322 2.58415e+161 1.65075e-18 2.63669 0.414055 0.118622 0.200114 -0.172264 -0.153726 0.1 0.1 0.1 0 3.09804e+161 9.09379e+223 
 2.623 0.417 0.15029 2.58415e+161 1.65075e-18 2.65054 0.415755 0.1256 0.223697 -0.0659028 -0.0529797 0.1 0.1 0.1 0 3.09804e+161 9.09379e+223 
 2.657 0.441 0.133421 2.58415e+161 1.65075e-18 2.65746 0.416641 0.129089 0.198016 -0.188467 -0.169673 0.1 0.1 0.1 0 3.09804e+161 9.09379e+223 
 2.684 0.419 0.125894 2.58415e+161 1.65075e-18 2.65054 0.415755 0.1256 0.170196 0.00735246 0.00777582 0.1 0.1 0.1 0 3.09804e+161 9.09379e+223 
 2.704 0.399 0.107732 2.58415e+161 1.65075e-18 2.68511 0.420427 0.143044 0.185842 0.219956 0.209904 0.1 0.1 0.1 0 3.09804e+161 9.09379e+223 
 2.751 0.432 0.108195 2.58415e+161 1.65075e-18 2.70582 0.423519 0.153511 0.159128 0.0222526 0.025166 0.1 0.1 0.1 0 3.09804e+161 9.09379e+223 
 2.777 0.466 0.113201 2.58415e+161 1.65075e-18 2.72649 0.426829 0.163978 0.152041 -0.212987 -0.247005 0.1 0.1 0.1 0 3.09804e+161 9.09379e+223 
 2.788 0.463 0.112117 2.58415e+161 1.65075e-18 2.78827 0.438051 0.195378 0.197295 -0.0959156 -0.0872855 0.1 0.1 0.1 0 3.09804e+161 9.09379e+223 
 2.804 0.441 0.107112 2.58415e+161 1.65075e-18 2.78827 0.438051 0.195378 0.185059 0.0887867 0.0861458 0.1 0.1 0.1 0 3.09804e+161 9.09379e+223 
 2.835 0.452 0.101903 2.58415e+161 1.65075e-18 2.82244 0.445123 0.212822 0.187007 0.0806061 0.0774307 0.1 0.1 0.1 0 3.09804e+161 9.09379e+223 
 2.838 0.456 0.102505 2.58415e+161 1.65075e-18 2.81562 0.443661 0.209333 0.177926 0.0411978 0.041654 0.1 0.1 0.1 0 3.09804e+161 9.09379e+223 
 2.855 0.438 0.103107 2.58415e+161 1.65075e-18 2.84288 0.449651 0.223289 0.189273 0.232441 0.217554 0.1 0.1 0.1 0 3.09804e+161 9.09379e+223 
 2.864 0.449 0.104052 2.58415e+161 1.65075e-18 2.86327 0.454393 0.233756 0.198283 0.184941 0.166336 0.1 0.1 0.1 0 3.09804e+161 9.09379e+223 
 2.891 0.487 0.110006 2.58415e+161 1.65075e-18 2.86327 0.454393 0.233756 0.171081 -0.0934665 -0.098024 0.1 0.1 0.1 0 3.09804e+161 9.09379e+223 
 2.883 0.469 0.117101 2.58415e+161 1.65075e-18 2.89037 0.461048 0.247711 0.203816 0.0785572 0.0692669 0.1 0.1 0.1 0 3.09804e+161 9.09379e+223 
 2.942 0.462 0.114735 2.58415e+161 1.65075e-18 2.91064 0.466286 0.258178 0.170955 0.222504 0.230126 0.1 0.1 0.1 0 3.09804e+161 9.09379e+223 
 2.915 0.43 0.118647 2.58415e+161 1.65075e-18 2.93085 0.471737 0.268644 0.217851 0.453352 0.358405 0.1 0.1 0.1 0 3.09804e+161 9.09379e+223 
 2.956 0.43 0.138527 2.58415e+161 1.65075e-18 2.97778 0.485275 0.293067 0.22626 0.540128 0.405842 0.1 0.1 0.1 0 3.09804e+161 9.09379e+223 
 3.001 0.409 0.183515 2.58415e+161 1.65075e-18 2.93085 0.471737 0.268644 0.154033 0.693089 0.523599 0.1 0.1 0.1 0 3.09804e+161 9.09379e+223 
 3.013 0.433 0.236838 2.58415e+161 1.65075e-18 2.97778 0.485275 0.293067 0.18359 0.518684 0.470458 0.1 0.1 0.1 0 3.09804e+161 9.09379e+223 
 3.02 0.442 0.30416 2.58415e+161 1.65075e-18 2.99779 0.491427 0.303533 0.196716 0.406642 0.356214 0.1 0.1 0.1 0 3.09804e+161 9.09379e+223 
 3.054 0.475 0.356506 2.58415e+161 1.65075e-18 3.00444 0.493525 0.307022 0.165123 0.220653 0.236049 0.1 0.1 0.1 0 3.09804e+161 9.09379e+223 
 3.1 0.46 0.397864 2.58415e+161 1.65075e-18 3.03099 0.502145 0.320978 0.160554 0.436277 0.454904 0.1 0.1 0.1 0 3.09804e+161 9.09379e+223 
 3.134 0.498 0.418028 2.58415e+161 1.65075e-18 3.05741 0.511136 0.334933 0.143158 0.260259 0.316255 0.1 0.1 0.1 0 3.09804e+161 9.09379e+223 
 3.115 0.499 0.45965 2.58415e+161 1.65075e-18 3.10334 0.527753 0.359356 0.201391 0.121909 0.108532 0.1 0.1 0.1 0 3.09804e+161 9.09379e+223 
 3.109 0.482 0.48391 2.58415e+161 1.65075e-18 3.13589 0.540306 0.3768 0.244144 0.157874 0.115874 0.1 0.1 0.1 0 3.09804e+161 9.09379e+223 
 3.157 0.494 0.49662 2.58415e+161 1.65075e-18 3.11639 0.532706 0.366333 0.184463 0.265979 0.25394 0.1 0.1 0.1 0 3.09804e+161 9.09379e+223 
 3.179 0.484 0.51216 2.58415e+161 1.65075e-18 3.13589 0.540306 0.3768 0.192128 0.381666 0.343406 0.1 0.1 0.1 0 3.09804e+161 9.09379e+223 
 3.194 0.471 0.53887 2.58415e+161 1.65075e-18 3.16822 0.553426 0.394244 0.219458 0.447624 0.351864 0.1 0.1 0.1 0 3.09804e+161 9.09379e+223 
 3.211 0.487 0.577051 2.58415e+161 1.65075e-18 3.18109 0.558831 0.401222 0.212136 0.366609 0.301584 0.1 0.1 0.1 0 3.09804e+161 9.09379e+223 
 3.195 0.531 0.622821 2.58415e+161 1.65075e-18 3.18109 0.558831 0.401222 0.19933 -0.0126383 -0.0114122 0.1 0.1 0.1 0 3.09804e+161 9.09379e+223 
 3.244 0.555 0.659402 2.58415e+161 1.65075e-18 3.18751 0.561568 0.404711 0.157532 0.0350685 0.0400487 0.1 0.1 0.1 0 3.09804e+161 9.09379e+223 
 3.258 0.559 0.660557 2.58415e+161 1.65075e-18 3.22582 0.578454 0.425644 0.182495 0.0110168 0.0108657 0.1 0.1 0.1 0 3.09804e+161 9.09379e+223 
 3.27 0.609 0.662187 2.58415e+161 1.65075e-18 3.25116 0.590156 0.4396 0.171712 -0.273458 -0.279171 0.1 0.1 0.1 0 3.09804e+161 9.09379e+223 
 3.292 0.611 0.663136 2.58415e+161 1.65075e-18 3.27633 0.60221 0.453556 0.1798 -0.211602 -0.208751 0.1 0.1 0.1 0 3.09804e+161 9.09379e+223 
 3.299 0.597 0.659485 2.58415e+161 1.65075e-18 3.30133 0.614615 0.467511 0.207233 -0.117733 -0.101907 0.1 0.1 0.1 0 3.09804e+161 9.09379e+223 
 3.295 0.637 0.653834 2.58415e+161 1.65075e-18 3.30756 0.61777 0.471 0.196095 -0.375679 -0.332074 0.1 0.1 0.1 0 3.09804e+161 9.09379e+223 
 3.322 0.666 0.647668 2.58415e+161 1.65075e-18 3.30756 0.61777 0.471 0.162339 -0.435532 -0.449886 0.1 0.1 0.1 0 3.09804e+161 9.09379e+223 
 3.339 0.653 0.616238 2.58415e+161 1.65075e-18 3.33234 0.630609 0.484956 0.182404 -0.258543 -0.249807 0.1 0.1 0.1 0 3.09804e+161 9.09379e+223 
 3.362 0.69 0.574003 2.58415e+161 1.65075e-18 3.34466 0.637157 0.491933 0.162415 -0.372181 -0.391217 0.1 0.1 0.1 0 3.09804e+161 9.09379e+223 
 3.38 0.683 0.54974 2.58415e+161 1.65075e-18 3.36917 0.650512 0.505889 0.177101 -0.222134 -0.222047 0.1 0.1 0.1 0 3.09804e+161 9.09379e+223 
 3.401 0.685 0.51102 2.58415e+161 1.65075e-18 3.41762 0.67824 0.5338 0.209871 -0.0791741 -0.0678011 0.1 0.1 0.1 0 3.09804e+161 9.09379e+223 
 3.426 0.708 0.489967 2.58415e+161 1.65075e-18 3.4116 0.6747 0.530311 0.174977 -0.132745 -0.135717 0.1 0.1 0.1 0 3.09804e+161 9.09379e+223 
 3.44 0.717 0.483441 2.58415e+161 1.65075e-18 3.42961 0.685383 0.540778 0.178741 -0.117042 -0.117325 0.1 0.1 0.1 0 3.09804e+161 9.09379e+223 
 3.465 0.712 0.47096 2.58415e+161 1.65075e-18 3.45936 0.703604 0.558222 0.191361 0.0593763 0.0557931 0.1 0.1 0.1 0 3.09804e+161 9.09379e+223 
 3.456 0.734 0.459418 2.58415e+161 1.65075e-18 3.48879 0.722341 0.575667 0.220001 -0.054957 -0.0449344 0.1 0.1 0.1 0 3.09804e+161 9.09379e+223 
 3.454 0.736 0.460144 2.58415e+161 1.65075e-18 3.47706 0.714784 0.568689 0.208937 -0.097719 -0.0839871 0.1 0.1 0.1 0 3.09804e+161 9.09379e+223 
 3.52 0.757 0.457072 2.58415e+161 1.65075e-18 3.49463 0.72615 0.579156 0.166201 0.00542332 0.00587354 0.1 0.1 0.1 0 3.09804e+161 9.09379e+223 
 3.564 0.758 0.449426 2.58415e+161 1.65075e-18 3.50047 0.729979 0.582644 0.136723 0.169735 0.219851 0.1 0.1 0.1 0 3.09804e+161 9.09379e+223 
 3.571 0.768 0.44946 2.58415e+161 1.65075e-18 3.56373 0.773432 0.621022 0.193592 0.251354 0.229586 0.1 0.1 0.1 0 3.09804e+161 9.09379e+223 
 3.56 0.787 0.451445 2.58415e+161 1.65075e-18 3.57506 0.781592 0.628 0.206549 0.1089 0.0946195 0.1 0.1 0.1 0 3.09804e+161 9.09379e+223 
 3.612 0.806 0.458753 2.58415e+161 1.65075e-18 3.58069 0.785701 0.631489 0.164065 0.158572 0.172249 0.1 0.1 0.1 0 3.09804e+161 9.09379e+223 
 3.607 0.796 0.463853 2.58415e+161 1.65075e-18 3.59193 0.793979 0.638467 0.184339 0.232222 0.222985 0.1 0.1 0.1 0 3.09804e+161 9.09379e+223 
 3.623 0.81 0.47236 2.58415e+161 1.65075e-18 3.63079 0.823565 0.662889 0.208148 0.272575 0.231489 0.1 0.1 0.1 0 3.09804e+161 9.09379e+223 
 3.641 0.787 0.495124 2.58415e+161 1.65075e-18 3.61976 0.815015 0.655911 0.194393 0.442208 0.388641 0.1 0.1 0.1 0 3.09804e+161 9.09379e+223 
 3.649 0.803 0.522429 2.58415e+161 1.65075e-18 3.64176 0.832191 0.669867 0.206312 0.378221 0.318734 0.1 0.1 0.1 0 3.09804e+161 9.09379e+223 
 3.645 0.838 0.563881 2.58415e+161 1.65075e-18 3.63629 0.827868 0.666378 0.187572 0.0840626 0.080495 0.1 0.1 0.1 0 3.09804e+161 9.09379e+223 
 3.656 0.789 0.601092 2.58415e+161 1.65075e-18 3.6581 0.845274 0.680333 0.230803 0.409959 0.30945 0.1 0.1 0.1 0 3.09804e+161 9.09379e+223 
 3.668 0.805 0.612507 2.58415e+161 1.65075e-18 3.6581 0.845274 0.680333 0.214247 0.3595 0.293322 0.1 0.1 0.1 0 3.09804e+161 9.09379e+223 
 3.679 0.835 0.651365 2.58415e+161 1.65075e-18 3.6581 0.845274 0.680333 0.191151 0.192201 0.179051 0.1 0.1 0.1 0 3.09804e+161 9.09379e+223 
 3.684 0.86 0.687397 2.58415e+161 1.65075e-18 3.67968 0.862982 0.694289 0.198738 0.0459524 0.0415959 0.1 0.1 0.1 0 3.09804e+161 9.09379e+223 
 3.729 0.878 0.70763 2.58415e+161 1.65075e-18 3.67968 0.862982 0.694289 0.158426 0.151507 0.170467 0.1 0.1 0.1 0 3.09804e+161 9.09379e+223 
 3.774 0.939 0.712176 2.58415e+161 1.65075e-18 3.701 0.88099 0.708244 0.117377 0.0278089 0.0426194 0.1 0.1 0.1 0 3.09804e+161 9.09379e+223 
 3.761 0.914 0.728289 2.58415e+161 1.65075e-18 3.73771 0.913213 0.732667 0.184317 0.120613 0.117248 0.1 0.1 0.1 0 3.09804e+161 9.09379e+223 
 3.811 0.939 0.7318 2.58415e+161 1.65075e-18 3.78876 0.96078 0.767556 0.199043 0.274881 0.243644 0.1 0.1 0.1 0 3.09804e+161 9.09379e+223 
 3.823 0.966 0.742863 2.58415e+161 1.65075e-18 3.76344 0.936774 0.750111 0.143897 0.162707 0.200787 0.1 0.1 0.1 0 3.09804e+161 9.09379e+223 
 3.842 0.968 0.766776 2.58415e+161 1.65075e-18 3.81365 0.985223 0.785 0.193398 0.265269 0.242051 0.1 0.1 0.1 0 3.09804e+161 9.09379e+223 
 3.835 0.972 0.781183 2.58415e+161 1.65075e-18 3.81858 0.990164 0.788489 0.20149 0.192674 0.170454 0.1 0.1 0.1 0 3.09804e+161 9.09379e+223 
 3.848 0.996 0.806268 2.58415e+161 1.65075e-18 3.83811 1.0101 0.802444 0.203143 0.122953 0.108518 0.1 0.1 0.1 0 3.09804e+161 9.09379e+223 
 3.861 1.011 0.825039 2.58415e+161 1.65075e-18 3.83326 1.00509 0.798956 0.179559 0.0986972 0.0986187 0.1 0.1 0.1 0 3.09804e+161 9.09379e+223 
 3.866 1.039 0.837224 2.58415e+161 1.65075e-18 3.85258 1.02523 0.812911 0.182896 -0.0214809 -0.0211376 0.1 0.1 0.1 0 3.09804e+161 9.09379e+223 
 3.885 1.045 0.844704 2.58415e+161 1.65075e-18 3.86689 1.0405 0.823378 0.186376 0.0578004 0.0557652 0.1 0.1 0.1 0 3.09804e+161 9.09379e+223 
 3.896 1.047 0.845417 2.58415e+161 1.65075e-18 3.88104 1.05593 0.833844 0.197333 0.117234 0.106532 0.1 0.1 0.1 0 3.09804e+161 9.09379e+223 
 3.888 1.076 0.850898 2.58415e+161 1.65075e-18 3.89038 1.0663 0.840822 0.194978 -0.0737367 -0.0679676 0.1 0.1 0.1 0 3.09804e+161 9.09379e+223 
 3.917 1.059 0.86229 2.58415e+161 1.65075e-18 3.89965 1.07673 0.8478 0.202334 0.17009 0.150176 0.1 0.1 0.1 0 3.09804e+161 9.09379e+223 
 3.893 1.071 0.868603 2.58415e+161 1.65075e-18 3.91342 1.0925 0.858267 0.22596 -0.0235473 -0.0187556 0.1 0.1 0.1 0 3.09804e+161 9.09379e+223 
 3.888 1.087 0.886331 2.58415e+161 1.65075e-18 3.91342 1.0925 0.858267 0.218013 -0.149836 -0.123085 0.1 0.1 0.1 0 3.09804e+161 9.09379e+223 
 3.946 1.125 0.889068 2.58415e+161 1.65075e-18 3.90885 1.08723 0.854778 0.153104 0.00223269 0.0026249 0.1 0.1 0.1 0 3.09804e+161 9.09379e+223 
 3.963 1.121 0.888958 2.58415e+161 1.65075e-18 3.92251 1.10309 0.865244 0.165273 0.134224 0.145156 0.1 0.1 0.1 0 3.09804e+161 9.09379e+223 
 3.966 1.12 0.888916 2.58415e+161 1.65075e-18 3.96247 1.15153 0.896644 0.219938 0.173947 0.14141 0.1 0.1 0.1 0 3.09804e+161 9.09379e+223 
 3.95 1.122 0.895728 2.58415e+161 1.65075e-18 3.96682 1.15699 0.900133 0.233242 0.0674189 0.0519824 0.1 0.1 0.1 0 3.09804e+161 9.09379e+223 
 3.98 1.168 0.911471 2.58415e+161 1.65075e-18 3.95811 1.14609 0.893156 0.172713 0.0100098 0.0104318 0.1 0.1 0.1 0 3.09804e+161 9.09379e+223 
