 2.357 1.236 -0.00019047 1.07196e+170 6.07727e+247 2.33767 1.252 0.491702 0 0 0 2.338 0.452 0.00041361 0 8.73553e-317 4.74303e-322 
 2.371 1.257 -0.000190059 1.07196e+170 6.07727e+247 2.34267 1.247 -0.785551 2.50658e-07 -0.0426744 -0.523599 2.343 0.447 0.000415371 0 8.73553e-317 4.74303e-322 
 2.384 1.266 -0.000190685 1.07196e+170 6.07727e+247 2.34267 1.241 -1.57078 1.69548e-07 -0.107876 -0.523599 2.343 0.441 0.000415236 0 8.73553e-317 4.74303e-322 
 2.371 1.251 -0.000190063 1.07196e+170 6.07727e+247 2.33867 1.252 1.91966 2.17961e-07 0.0042562 0.523599 2.339 0.452 0.000416718 0 8.73553e-317 4.74303e-322 
 2.361 1.24 -0.000771689 1.07196e+170 6.07727e+247 2.33667 1.254 2.35633 1.00223e-07 0.0593798 0.523599 2.337 0.454 0.000417301 0 8.73553e-317 4.74303e-322 
 2.377 1.255 -0.000729395 1.07196e+170 6.07727e+247 2.33067 1.248 -2.35597 1.4917e-07 -0.0305269 -0.523599 2.331 0.448 0.000414226 0 8.73553e-317 4.74303e-322 
 2.369 1.256 -0.000732275 1.07196e+170 6.07727e+247 2.32067 1.25 2.94419 1.42562e-07 -0.0262432 -0.523599 2.321 0.45 0.000413462 0 8.73553e-317 4.74303e-322 
 2.368 1.251 -0.000733765 1.07196e+170 6.07727e+247 2.30667 1.253 2.9305 3.35965e-08 0.00859981 0.523599 2.307 0.453 0.000413796 0 8.73553e-317 4.74303e-322 
 2.382 1.261 -0.000733821 1.07196e+170 6.07727e+247 2.31267 1.249 -0.587951 9.64585e-08 -0.0533546 -0.523599 2.313 0.449 0.000412995 0 8.73553e-317 4.74303e-322 
 2.381 1.258 -0.000734396 1.07196e+170 6.07727e+247 2.31567 1.25 0.322007 1.02949e-07 -0.0355202 -0.523599 2.316 0.45 0.000416275 0 8.73553e-317 4.74303e-322 
 2.368 1.245 -0.000869918 1.07196e+170 6.07727e+247 2.32067 1.256 0.875942 1.4586e-07 0.0475972 0.523599 2.321 0.456 0.00041493 0 8.73553e-317 4.74303e-322 
 2.381 1.255 -0.000750899 1.07196e+170 6.07727e+247 2.31267 1.257 3.01724 9.79051e-08 0.00862328 0.523599 2.313 0.457 0.000414538 0 8.73553e-317 4.74303e-322 
 2.372 1.241 -0.000463589 1.07196e+170 6.07727e+247 2.31667 1.245 -1.24885 3.83305e-08 0.0173909 0.523599 2.317 0.445 0.00041118 0 8.73553e-317 4.74303e-322 
 2.386 1.244 -0.000462841 1.07196e+170 6.07727e+247 2.32367 1.239 -0.708572 3.29084e-08 -0.0221403 -0.523599 2.324 0.439 0.000410206 0 8.73553e-317 4.74303e-322 
 2.372 1.248 -0.000464523 1.07196e+170 6.07727e+247 2.32067 1.243 2.21398 1.33634e-07 -0.0219051 -0.523599 2.321 0.443 0.000407976 0 8.73553e-317 4.74303e-322 
 2.372 1.247 -0.000463052 1.07196e+170 6.07727e+247 2.32167 1.262 1.5182 1.36724e-07 0.0652096 0.523599 2.322 0.462 0.000407633 0 8.73553e-317 4.74303e-322 
 2.381 1.255 -2.79462e-05 1.07196e+170 6.07727e+247 2.33567 1.27 0.519192 1.5296e-07 0.0650059 0.523599 2.336 0.47 0.000409455 0 8.73553e-317 4.74303e-322 
 2.374 1.257 0.000186609 1.07196e+170 6.07727e+247 2.33967 1.271 0.245114 2.05255e-07 0.0600781 0.523599 2.34 0.471 0.000412327 0 8.73553e-317 4.74303e-322 
 2.376 1.26 0.000447867 1.07196e+170 6.07727e+247 2.33067 1.271 -3.14159 1.52798e-07 0.047775 0.523599 2.331 0.471 0.00041484 0 8.73553e-317 4.74303e-322 
 2.38 1.247 0.000918784 1.07196e+170 6.07727e+247 2.32967 1.269 -2.03438 1.3713e-07 0.0959268 0.523599 2.33 0.469 0.000414419 0 8.73553e-317 4.74303e-322 
 2.377 1.253 0.00272676 1.07196e+170 6.07727e+247 2.32967 1.251 -1.57078 1.45704e-07 -0.00812871 -0.523599 2.33 0.451 0.000413958 0 8.73553e-317 4.74303e-322 
 2.396 1.26 0.00504484 1.07196e+170 6.07727e+247 2.33167 1.244 -1.29236 1.04712e-07 -0.0690979 -0.523599 2.332 0.444 0.000412758 0 8.73553e-317 4.74303e-322 
 2.389 1.255 0.0044842 1.07196e+170 6.07727e+247 2.33567 1.247 0.643491 4.01296e-08 -0.0338977 -0.523599 2.336 0.447 0.000412602 0 8.73553e-317 4.74303e-322 
 2.374 1.268 0.00312179 1.07196e+170 6.07727e+247 2.34067 1.244 -0.540499 2.12318e-07 -0.102312 -0.523599 2.341 0.444 0.000413892 0 8.73553e-317 4.74303e-322 
 2.384 1.258 0.00241677 1.07196e+170 6.07727e+247 2.34167 1.247 1.24847 1.64227e-07 -0.0471134 -0.523599 2.342 0.447 0.000411403 0 8.73553e-317 4.74303e-322 
 2.378 1.271 0.00191578 1.07196e+170 6.07727e+247 2.33767 1.241 -2.15887 1.74308e-07 -0.128876 -0.523599 2.338 0.441 0.000412246 0 8.73553e-317 4.74303e-322 
 2.366 1.271 0.000974542 1.07196e+170 6.07727e+247 2.33867 1.236 -1.37371 2.6494e-07 -0.148617 -0.523599 2.339 0.436 0.000414187 0 8.73553e-317 4.74303e-322 
 2.376 1.249 -0.00270025 1.07196e+170 6.07727e+247 2.34267 1.23 -0.982785 2.1255e-07 -0.0817663 -0.523599 2.343 0.43 0.000414045 0 8.73553e-317 4.74303e-322 
 2.393 1.238 -0.00543474 1.07196e+170 6.07727e+247 2.34367 1.241 1.48009 1.39368e-07 0.01189 0.523599 2.344 0.441 0.000413675 0 8.73553e-317 4.74303e-322 
 2.392 1.265 -0.00810997 1.07196e+170 6.07727e+247 2.34267 1.259 1.62636 1.39609e-07 -0.0278518 -0.523599 2.343 0.459 0.000414961 0 8.73553e-317 4.74303e-322 
 2.381 1.262 -0.00801395 1.07196e+170 6.07727e+247 2.34067 1.272 1.7233 1.7258e-07 0.0417592 0.523599 2.341 0.472 0.000412707 0 8.73553e-317 4.74303e-322 
 2.386 1.27 -0.00824251 1.07196e+170 6.07727e+247 2.34167 1.266 -1.40575 1.56418e-07 -0.0189112 -0.523599 2.342 0.466 0.000413434 0 8.73553e-317 4.74303e-322 
 2.373 1.263 -0.00781322 1.07196e+170 6.07727e+247 2.33467 1.254 -2.0989 1.82832e-07 -0.0400502 -0.523599 2.335 0.454 0.000414081 0 8.73553e-317 4.74303e-322 
 2.387 1.25 -0.00845834 1.07196e+170 6.07727e+247 2.33167 1.254 -3.14159 3.82996e-08 0.0154554 0.523599 2.332 0.454 0.000415989 0 8.73553e-317 4.74303e-322 
 2.375 1.256 -0.00981598 1.07196e+170 6.07727e+247 2.34067 1.244 -0.837989 2.0585e-07 -0.0529155 -0.523599 2.341 0.444 0.000416244 0 8.73553e-317 4.74303e-322 
 2.38 1.26 -0.0101935 1.07196e+170 6.07727e+247 2.34467 1.248 0.785176 1.99747e-07 -0.0530654 -0.523599 2.345 0.448 0.000413944 0 8.73553e-317 4.74303e-322 
 2.381 1.245 -0.0134555 1.07196e+170 6.07727e+247 2.34167 1.245 -2.35629 1.77404e-07 -0.00228237 -0.523599 2.342 0.445 0.000414681 0 8.73553e-317 4.74303e-322 
 2.376 1.259 -0.0179936 1.07196e+170 6.07727e+247 2.33267 1.255 2.30359 1.60441e-07 -0.0206829 -0.523599 2.333 0.455 0.000414209 0 8.73553e-317 4.74303e-322 
 2.353 1.247 -0.0179446 1.07196e+170 6.07727e+247 2.32567 1.259 2.6224 2.58345e-07 0.049039 0.523599 2.326 0.459 0.000413292 0 8.73553e-317 4.74303e-322 
 2.358 1.269 -0.0187524 1.07196e+170 6.07727e+247 2.34167 1.26 0.0624196 4.47155e-07 -0.0391985 -0.523599 2.342 0.46 0.000413236 0 8.73553e-317 4.74303e-322 
