 0.762 0.656 0.138948 0 0 0.762 0.656 0.351109 0 0 0 2.301 2.358 0 0 0 0 
 0.759 0.656 0.138947 0 0 0.759 0.656 0.351259 7.06624e-05 1.02055e-13 5.77703e-10 2.3 2.359 0 0 0 0 
 0.765 0.668 0.138947 0 0 0.765 0.668 0.346787 7.0628e-05 1.00438e-13 5.68831e-10 2.305 2.361 0 0 0 0 
 0.761 0.664 0.138945 0 0 0.761 0.664 0.348327 7.0644e-05 1.00952e-13 5.71612e-10 2.303 2.361 0 0 0 0 
 0.758 0.666 0.138946 0 0 0.758 0.666 0.345864 7.06433e-05 1.00618e-13 5.69725e-10 2.301 2.358 0 0 0 0 
 0.752 0.667 0.138946 0 0 0.752 0.667 0.346479 7.06577e-05 1.00417e-13 5.68471e-10 2.3 2.362 0 0 0 0 
 0.754 0.669 0.138948 0 0 0.754 0.669 0.344943 7.06478e-05 1.00153e-13 5.67053e-10 2.3 2.36 0 0 0 0 
 0.753 0.665 0.138947 0 0 0.753 0.665 0.346172 7.06563e-05 1.00698e-13 5.70073e-10 2.3 2.359 0 0 0 0 
 0.752 0.661 0.138946 0 0 0.752 0.661 0.348167 7.06668e-05 1.01254e-13 5.73132e-10 2.301 2.36 0 0 0 0 
 0.757 0.659 0.138945 0 0 0.757 0.659 0.349089 7.06592e-05 1.01597e-13 5.75136e-10 2.306 2.36 0 0 0 0 
 0.758 0.653 0.138944 0 0 0.758 0.653 0.351559 7.0668e-05 1.02459e-13 5.79945e-10 2.303 2.358 0 0 0 0 
 0.767 0.65 0.138942 0 0 0.767 0.65 0.35515 7.06589e-05 1.03017e-13 5.83178e-10 2.301 2.359 0 0 0 0 
 0.767 0.645 0.13894 0 0 0.767 0.645 0.358253 7.06709e-05 1.03741e-13 5.8718e-10 2.302 2.361 0 0 0 0 
 0.771 0.646 0.13894 0 0 0.771 0.646 0.358575 7.06618e-05 1.03653e-13 5.86756e-10 2.304 2.362 0 0 0 0 
 0.771 0.653 0.138941 0 0 0.771 0.653 0.355947 7.06492e-05 1.02658e-13 5.81229e-10 2.3 2.362 0 0 0 0 
 0.768 0.655 0.138942 0 0 0.768 0.655 0.354992 7.06519e-05 1.02338e-13 5.79392e-10 2.303 2.364 0 0 0 0 
