 0.767 0.649 0.13895 0 0 0.767 0.649 0.352998 0 0 0 2.294 2.351 0 0 0 0 
 0.766 0.642 0.138947 0 0 0.766 0.642 0.355775 7.06698e-05 1.0412e-13 5.89331e-10 2.299 2.352 0 0 0 0 
 0.766 0.641 0.138946 0 0 0.766 0.641 0.358268 7.06768e-05 1.04285e-13 5.90208e-10 2.298 2.356 0 0 0 0 
 0.76 0.645 0.138946 0 0 0.76 0.645 0.355434 7.06799e-05 1.03629e-13 5.86468e-10 2.301 2.357 0 0 0 0 
 0.764 0.646 0.138946 0 0 0.764 0.646 0.352508 7.06628e-05 1.03507e-13 5.85919e-10 2.3 2.35 0 0 0 0 
 0.769 0.653 0.138945 0 0 0.769 0.653 0.35175 7.06436e-05 1.02591e-13 5.80891e-10 2.298 2.353 0 0 0 0 
 0.766 0.649 0.138941 0 0 0.766 0.649 0.353131 7.06572e-05 1.03122e-13 5.83788e-10 2.301 2.354 0 0 0 0 
 0.763 0.648 0.138942 0 0 0.763 0.648 0.353912 7.06667e-05 1.03233e-13 5.84338e-10 2.296 2.354 0 0 0 0 
 0.766 0.645 0.138942 0 0 0.766 0.645 0.354685 7.06645e-05 1.03692e-13 5.86954e-10 2.3 2.353 0 0 0 0 
 0.763 0.644 0.138943 0 0 0.763 0.644 0.352358 7.06664e-05 1.03771e-13 5.87384e-10 2.297 2.347 0 0 0 0 
 0.759 0.645 0.138943 0 0 0.759 0.645 0.352807 7.06757e-05 1.0359e-13 5.86281e-10 2.299 2.351 0 0 0 0 
 0.762 0.645 0.138943 0 0 0.762 0.645 0.352815 7.06689e-05 1.03625e-13 5.86539e-10 2.299 2.35 0 0 0 0 
 0.767 0.654 0.138944 0 0 0.767 0.654 0.348951 7.06404e-05 1.024e-13 5.79838e-10 2.302 2.35 0 0 0 0 
 0.757 0.654 0.138944 0 0 0.757 0.654 0.347709 7.06601e-05 1.02269e-13 5.78934e-10 2.303 2.351 0 0 0 0 
 0.753 0.656 0.138944 0 0 0.753 0.656 0.348479 7.06694e-05 1.01954e-13 5.77077e-10 2.297 2.354 0 0 0 0 
 0.757 0.65 0.138945 0 0 0.757 0.65 0.350182 7.06696e-05 1.02846e-13 5.82124e-10 2.296 2.35 0 0 0 0 
 0.756 0.657 0.138945 0 0 0.756 0.657 0.346017 7.06558e-05 1.01827e-13 5.76467e-10 2.298 2.349 0 0 0 0 
 0.748 0.659 0.138946 0 0 0.748 0.659 0.344175 7.06681e-05 1.01438e-13 5.74163e-10 2.293 2.348 0 0 0 0 
 0.752 0.669 0.138945 0 0 0.752 0.669 0.34293 7.06476e-05 1.00108e-13 5.66801e-10 2.284 2.351 0 0 0 0 
