 0.761 0.64 0.138331 0 0 0.761 0.64 -6.80231 0 0 0 2.291 2.357 0 0 0 0 
 0.759 0.641 0.138302 0 0 0.759 0.641 -6.79407 7.13123e-05 1.06001e-13 5.94572e-10 2.288 2.352 0 0 0 0 
 0.757 0.644 0.138334 0 0 0.757 0.644 -6.7841 7.13472e-05 1.05663e-13 5.92385e-10 2.29 2.355 0 0 0 0 
 0.759 0.64 0.1384 0 0 0.759 0.64 -6.73188 7.14811e-05 1.06786e-13 5.97564e-10 2.296 2.355 0 0 0 0 
 0.752 0.647 0.138421 0 0 0.752 0.647 -6.70239 7.1584e-05 1.0604e-13 5.92535e-10 2.294 2.354 0 0 0 0 
 0.756 0.646 0.13851 0 0 0.756 0.646 -6.75022 7.14441e-05 1.05716e-13 5.91879e-10 2.297 2.354 0 0 0 0 
 0.751 0.648 0.13848 0 0 0.751 0.648 -6.68485 7.16356e-05 1.06069e-13 5.92272e-10 2.296 2.356 0 0 0 0 
 0.753 0.654 0.138537 0 0 0.753 0.654 -6.82743 7.12525e-05 1.03761e-13 5.82498e-10 2.293 2.358 0 0 0 0 
 0.76 0.658 0.138495 0 0 0.76 0.658 -7.06147 7.06566e-05 1.00836e-13 5.7085e-10 2.289 2.356 0 0 0 0 
 0.761 0.664 0.138367 0 0 0.761 0.664 -7.16425 7.04304e-05 9.89557e-14 5.62006e-10 2.291 2.355 0 0 0 0 
 0.753 0.665 0.138422 0 0 0.753 0.665 -7.0089 7.08068e-05 1.00354e-13 5.6692e-10 2.29 2.353 0 0 0 0 
 0.749 0.66 0.138474 0 0 0.749 0.66 -6.83172 7.12569e-05 1.0285e-13 5.77345e-10 2.293 2.351 0 0 0 0 
 0.748 0.657 0.138454 0 0 0.748 0.657 -6.77462 7.14069e-05 1.03851e-13 5.81744e-10 2.292 2.351 0 0 0 0 
 0.752 0.657 0.13845 0 0 0.752 0.657 -6.86253 7.11661e-05 1.02975e-13 5.78785e-10 2.291 2.352 0 0 0 0 
 0.758 0.656 0.138482 0 0 0.758 0.656 -6.97439 7.08684e-05 1.02004e-13 5.75736e-10 2.291 2.353 0 0 0 0 
 0.753 0.653 0.138439 0 0 0.753 0.653 -6.83755 7.1224e-05 1.038e-13 5.8295e-10 2.289 2.353 0 0 0 0 
 0.751 0.648 0.138457 0 0 0.751 0.648 -6.73782 7.14893e-05 1.05514e-13 5.90377e-10 2.287 2.35 0 0 0 0 
 0.753 0.65 0.138383 0 0 0.753 0.65 -6.80053 7.13183e-05 1.04608e-13 5.86709e-10 2.288 2.349 0 0 0 0 
 0.758 0.657 0.138452 0 0 0.758 0.657 -6.96369 7.08971e-05 1.01981e-13 5.75377e-10 2.295 2.352 0 0 0 0 
 0.754 0.656 0.138488 0 0 0.754 0.656 -6.85231 7.11882e-05 1.0324e-13 5.80096e-10 2.297 2.354 0 0 0 0 
 0.761 0.657 0.13853 0 0 0.761 0.657 -7.04164 7.0701e-05 1.01191e-13 5.725e-10 2.293 2.355 0 0 0 0 
 0.763 0.651 0.13853 0 0 0.763 0.651 -7.0068 7.07716e-05 1.02406e-13 5.788e-10 2.291 2.356 0 0 0 0 
 0.774 0.648 0.138606 0 0 0.774 0.648 -7.19227 7.03193e-05 1.00993e-13 5.74481e-10 2.293 2.357 0 0 0 0 
 0.777 0.647 0.138602 0 0 0.777 0.647 -7.25269 7.01845e-05 1.00531e-13 5.7295e-10 2.292 2.358 0 0 0 0 
 0.775 0.64 0.138541 0 0 0.775 0.64 -7.07497 7.05691e-05 1.03354e-13 5.85829e-10 2.295 2.357 0 0 0 0 
 0.779 0.643 0.138526 0 0 0.779 0.643 -7.22018 7.02424e-05 1.01456e-13 5.7775e-10 2.294 2.351 0 0 0 0 
 0.775 0.634 0.13854 0 0 0.775 0.634 -7.00252 7.07332e-05 1.04953e-13 5.93517e-10 2.292 2.351 0 0 0 0 
 0.775 0.635 0.138483 0 0 0.775 0.635 -7.02436 7.06812e-05 1.04588e-13 5.91887e-10 2.291 2.352 0 0 0 0 
 0.775 0.638 0.138482 0 0 0.775 0.638 -7.06397 7.05912e-05 1.03753e-13 5.87907e-10 2.292 2.355 0 0 0 0 
 0.776 0.644 0.138528 0 0 0.776 0.644 -7.16033 7.03792e-05 1.01912e-13 5.79218e-10 2.295 2.357 0 0 0 0 
 0.775 0.646 0.138497 0 0 0.775 0.646 -7.16937 7.03644e-05 1.01531e-13 5.7717e-10 2.295 2.356 0 0 0 0 
 0.781 0.643 0.138463 0 0 0.781 0.643 -7.28116 7.01126e-05 1.00843e-13 5.75319e-10 2.292 2.36 0 0 0 0 
 0.779 0.642 0.138415 0 0 0.779 0.642 -7.20403 7.0275e-05 1.01774e-13 5.79289e-10 2.294 2.359 0 0 0 0 
 0.769 0.644 0.138419 0 0 0.769 0.644 -7.00464 7.07554e-05 1.03477e-13 5.84985e-10 2.295 2.352 0 0 0 0 
 0.767 0.639 0.138417 0 0 0.767 0.639 -6.88723 7.10482e-05 1.05384e-13 5.93311e-10 2.295 2.349 0 0 0 0 
 0.766 0.647 0.138431 0 0 0.766 0.647 -6.97868 7.08297e-05 1.03298e-13 5.8336e-10 2.296 2.354 0 0 0 0 
 0.759 0.646 0.138458 0 0 0.759 0.646 -6.82926 7.12254e-05 1.04924e-13 5.8925e-10 2.294 2.357 0 0 0 0 
 0.76 0.653 0.138393 0 0 0.76 0.653 -6.95938 7.08977e-05 1.02605e-13 5.7889e-10 2.293 2.357 0 0 0 0 
 0.751 0.657 0.138347 0 0 0.751 0.657 -6.81736 7.12872e-05 1.03446e-13 5.80446e-10 2.295 2.359 0 0 0 0 
 0.757 0.659 0.138271 0 0 0.757 0.659 -6.97226 7.08807e-05 1.0162e-13 5.73468e-10 2.295 2.358 0 0 0 0 
 0.755 0.658 0.138279 0 0 0.755 0.658 -6.92752 7.09949e-05 1.02203e-13 5.75833e-10 2.293 2.361 0 0 0 0 
 0.751 0.662 0.138249 0 0 0.751 0.662 -6.92119 7.1024e-05 1.01677e-13 5.72633e-10 2.29 2.361 0 0 0 0 
 0.752 0.661 0.138338 0 0 0.752 0.661 -6.92119 7.10208e-05 1.01818e-13 5.73456e-10 2.291 2.359 0 0 0 0 
 0.757 0.661 0.138282 0 0 0.757 0.661 -7.0089 7.07937e-05 1.00959e-13 5.70442e-10 2.294 2.356 0 0 0 0 
 0.749 0.662 0.138284 0 0 0.749 0.662 -6.898 7.10866e-05 1.01894e-13 5.73351e-10 2.287 2.358 0 0 0 0 
 0.744 0.661 0.138305 0 0 0.744 0.661 -6.78063 7.14032e-05 1.03204e-13 5.78148e-10 2.287 2.357 0 0 0 0 
