 0.767 0.662 0.138943 0 0 0.767 0.662 -7.19351 0 0 0 2.302 2.355 0 0 0 0 
 0.767 0.664 0.138942 0 0 0.767 0.664 -7.21167 7.03201e-05 9.84823e-14 5.60194e-10 2.304 2.365 0 0 0 0 
 0.764 0.663 0.138942 0 0 0.764 0.663 -7.14127 7.04767e-05 9.93241e-14 5.63728e-10 2.302 2.361 0 0 0 0 
 0.757 0.658 0.138941 0 0 0.757 0.658 -6.91918 7.10134e-05 1.02262e-13 5.76014e-10 2.301 2.357 0 0 0 0 
 0.759 0.656 0.138942 0 0 0.759 0.656 -6.90033 7.10554e-05 1.02758e-13 5.78468e-10 2.306 2.359 0 0 0 0 
 0.77 0.656 0.138942 0 0 0.77 0.656 -7.14591 7.04444e-05 1.00305e-13 5.69553e-10 2.305 2.361 0 0 0 0 
 0.77 0.653 0.138941 0 0 0.77 0.653 -7.09893 7.05458e-05 1.01211e-13 5.73876e-10 2.305 2.362 0 0 0 0 
 0.765 0.656 0.138943 0 0 0.765 0.656 -7.03495 7.07101e-05 1.01413e-13 5.73683e-10 2.305 2.358 0 0 0 0 
 0.766 0.651 0.138942 0 0 0.766 0.651 -6.98084 7.0832e-05 1.02682e-13 5.79864e-10 2.305 2.359 0 0 0 0 
 0.765 0.656 0.138945 0 0 0.765 0.656 -7.0284 7.0726e-05 1.01482e-13 5.73943e-10 2.306 2.359 0 0 0 0 
 0.766 0.66 0.138945 0 0 0.766 0.66 -7.13233 7.04883e-05 9.98516e-14 5.66628e-10 2.303 2.363 0 0 0 0 
 0.762 0.655 0.138944 0 0 0.762 0.655 -6.99377 7.08129e-05 1.01948e-13 5.75873e-10 2.299 2.362 0 0 0 0 
 0.762 0.659 0.138944 0 0 0.762 0.659 -7.03495 7.07199e-05 1.00966e-13 5.71075e-10 2.302 2.361 0 0 0 0 
 0.767 0.656 0.138943 0 0 0.767 0.656 -7.07224 7.06183e-05 1.01044e-13 5.72339e-10 2.306 2.36 0 0 0 0 
 0.768 0.661 0.138942 0 0 0.768 0.661 -7.19351 7.03517e-05 9.90949e-14 5.63425e-10 2.303 2.364 0 0 0 0 
 0.766 0.658 0.138943 0 0 0.766 0.658 -7.10779 7.05404e-05 1.00384e-13 5.69228e-10 2.302 2.365 0 0 0 0 
 0.766 0.657 0.138943 0 0 0.766 0.657 -7.09893 7.05589e-05 1.00614e-13 5.70385e-10 2.301 2.363 0 0 0 0 
 0.765 0.653 0.138945 0 0 0.765 0.653 -7.04823 7.0672e-05 1.01686e-13 5.75536e-10 2.296 2.359 0 0 0 0 
 0.77 0.661 0.138944 0 0 0.77 0.661 -7.31063 7.01051e-05 9.78861e-14 5.5851e-10 2.293 2.359 0 0 0 0 
