 0.706 1.403 -0.00136078 0 0 0.835344 1.43721 0.270798 0 0 0 2.409 2.971 0 0 0 0 
 0.716 1.401 -0.00135991 0 0 0.844844 1.43531 0.272734 0.0855928 0.0906711 0.400796 2.409 2.971 0 0 0 0 
 0.718 1.399 -0.00136016 0 0 0.846744 1.43341 0.273791 0.0855278 0.0909393 0.402132 2.409 2.971 0 0 0 0 
 0.716 1.404 0.000238822 0 0 0.845044 1.43851 0.273956 0.0857617 0.0906403 0.399967 2.413 2.978 0 0 0 0 
 0.717 1.402 0.000861267 0 0 0.845994 1.43666 0.275318 0.0857438 0.090825 0.400773 2.413 2.979 0 0 0 0 
 0.716 1.407 0.00359396 0 0 0.845044 1.44106 0.270211 0.085825 0.0883148 0.39047 2.413 2.972 0 0 0 0 
 0.731 1.402 0.00969819 0 0 0.859194 1.43656 0.276283 0.0853957 0.0876139 0.389431 2.411 2.977 0 0 0 0 
 0.748 1.393 0.0177258 0 0 0.875344 1.42801 0.282031 0.0850049 0.0861546 0.385161 2.411 2.977 0 0 0 0 
 0.762 1.386 0.0256408 0 0 0.888644 1.42141 0.287088 0.0847095 0.0846124 0.380111 2.411 2.978 0 0 0 0 
 0.769 1.382 0.033888 0 0 0.895494 1.41776 0.290445 0.0847822 0.0827713 0.372301 2.415 2.981 0 0 0 0 
 0.775 1.382 0.0423526 0 0 0.901044 1.41796 0.293262 0.0846528 0.0805128 0.36353 2.412 2.985 0 0 0 0 
 0.773 1.387 0.0508201 0 0 0.899044 1.42246 0.288959 0.0847862 0.0763475 0.345723 2.41 2.98 0 0 0 0 
 0.774 1.399 0.0587417 0 0 0.900044 1.43366 0.282094 0.0848847 0.0715769 0.325307 2.411 2.976 0 0 0 0 
 0.78 1.406 0.0664338 0 0 0.905894 1.44041 0.280305 0.084898 0.0683568 0.311576 2.414 2.978 0 0 0 0 
 0.784 1.41 0.0737817 0 0 0.909594 1.44416 0.278863 0.0848001 0.0652913 0.298759 2.412 2.977 0 0 0 0 
 0.794 1.413 0.080658 0 0 0.919094 1.44671 0.276159 0.0845446 0.0619195 0.284981 2.412 2.971 0 0 0 0 
 0.803 1.408 0.0867088 0 0 0.927544 1.44191 0.279171 0.084281 0.0605548 0.279853 2.41 2.97 0 0 0 0 
 0.806 1.392 0.0929234 0 0 0.930694 1.42696 0.287914 0.0845398 0.0611758 0.281753 2.416 2.975 0 0 0 0 
 0.807 1.376 0.0988621 0 0 0.931544 1.41181 0.295687 0.0845874 0.0614458 0.282781 2.414 2.976 0 0 0 0 
 0.813 1.383 0.105044 0 0 0.937344 1.41836 0.292257 0.0845075 0.0582528 0.269043 2.416 2.974 0 0 0 0 
 0.822 1.381 0.111144 0 0 0.945944 1.41651 0.294568 0.0843379 0.0567251 0.262814 2.417 2.975 0 0 0 0 
 0.819 1.382 0.117049 0 0 0.942944 1.41746 0.29413 0.0844103 0.0546136 0.253244 2.414 2.975 0 0 0 0 
 0.823 1.392 0.122639 0 0 0.946694 1.42686 0.289494 0.0842627 0.0512603 0.238697 2.413 2.973 0 0 0 0 
 0.825 1.393 0.127878 0 0 0.948644 1.42791 0.290056 0.0842959 0.0496531 0.231393 2.414 2.975 0 0 0 0 
 0.833 1.379 0.132944 0 0 0.956244 1.41436 0.295014 0.0841338 0.049279 0.230138 2.414 2.97 0 0 0 0 
 0.846 1.38 0.138242 0 0 0.968594 1.41526 0.295781 0.0837576 0.0475011 0.223075 2.414 2.969 0 0 0 0 
 0.863 1.383 0.142988 0 0 0.984544 1.41811 0.297141 0.0831063 0.0459539 0.217677 2.41 2.969 0 0 0 0 
 0.876 1.387 0.147504 0 0 0.996994 1.42211 0.29857 0.0827938 0.0446882 0.212637 2.412 2.973 0 0 0 0 
 0.884 1.398 0.152108 0 0 1.00454 1.43251 0.294334 0.0824825 0.0418006 0.200002 2.411 2.972 0 0 0 0 
 0.899 1.409 0.156258 0 0 1.01874 1.44296 0.291423 0.0819393 0.0393547 0.189804 2.41 2.972 0 0 0 0 
 0.905 1.419 0.160055 0 0 1.02454 1.45236 0.286499 0.0817762 0.0366424 0.177349 2.412 2.97 0 0 0 0 
 0.907 1.422 0.164038 0 0 1.02649 1.45531 0.286173 0.0817712 0.0352365 0.170689 2.413 2.972 0 0 0 0 
 0.914 1.417 0.167868 0 0 1.03309 1.45046 0.28855 0.0815584 0.0345634 0.167919 2.412 2.97 0 0 0 0 
 0.935 1.41 0.171596 0 0 1.05299 1.44401 0.296453 0.0809355 0.0353006 0.172724 2.411 2.974 0 0 0 0 
 0.943 1.404 0.174917 0 0 1.06074 1.43836 0.300356 0.0808416 0.0352582 0.172718 2.414 2.975 0 0 0 0 
 0.949 1.404 0.178772 0 0 1.06629 1.43836 0.301577 0.0805796 0.0342359 0.16834 2.411 2.975 0 0 0 0 
 0.964 1.41 0.182314 0 0 1.08054 1.44431 0.303166 0.080113 0.0333424 0.164964 2.411 2.98 0 0 0 0 
 0.972 1.408 0.18572 0 0 1.08819 1.44196 0.300847 0.0798668 0.031523 0.156586 2.412 2.971 0 0 0 0 
 0.973 1.417 0.189046 0 0 1.08924 1.45081 0.299303 0.079904 0.0300473 0.149298 2.414 2.977 0 0 0 0 
 0.972 1.433 0.192119 0 0 1.08824 1.46591 0.290887 0.0798075 0.0267332 0.133195 2.413 2.975 0 0 0 0 
 0.976 1.438 0.195158 0 0 1.09209 1.47066 0.288949 0.0796956 0.0251961 0.125794 2.414 2.975 0 0 0 0 
 0.99 1.432 0.198112 0 0 1.10524 1.46491 0.293553 0.0791944 0.0253599 0.127396 2.411 2.974 0 0 0 0 
 1.001 1.433 0.200718 0 0 1.11579 1.46606 0.29619 0.078938 0.0251684 0.12685 2.413 2.978 0 0 0 0 
 1.017 1.434 0.203172 0 0 1.13084 1.46681 0.296415 0.0783019 0.024269 0.123347 2.41 2.974 0 0 0 0 
 1.028 1.436 0.205284 0 0 1.14104 1.46871 0.297671 0.0777813 0.0237928 0.121752 2.405 2.974 0 0 0 0 
 1.044 1.438 0.207851 0 0 1.15639 1.47056 0.29804 0.0773532 0.0229702 0.118227 2.408 2.973 0 0 0 0 
 1.055 1.443 0.210215 0 0 1.16694 1.47536 0.297363 0.077046 0.0219755 0.113599 2.41 2.974 0 0 0 0 
 1.064 1.433 0.212589 0 0 1.17539 1.46571 0.302342 0.076752 0.0224653 0.116549 2.408 2.971 0 0 0 0 
 1.074 1.428 0.215057 0 0 1.18494 1.46106 0.307092 0.0765243 0.0228741 0.119 2.409 2.973 0 0 0 0 
 1.079 1.42 0.21729 0 0 1.18999 1.45331 0.309411 0.0766048 0.0228074 0.118533 2.415 2.97 0 0 0 0 
 1.088 1.429 0.219725 0 0 1.19829 1.46191 0.307525 0.0761062 0.02144 0.112211 2.41 2.971 0 0 0 0 
 1.097 1.427 0.222142 0 0 1.20694 1.45996 0.309063 0.0758995 0.0210414 0.110439 2.412 2.97 0 0 0 0 
 1.108 1.426 0.224616 0 0 1.21724 1.45926 0.314183 0.0755048 0.0214879 0.113348 2.409 2.975 0 0 0 0 
 1.12 1.425 0.226949 0 0 1.22839 1.45841 0.318331 0.0749908 0.0216891 0.115177 2.404 2.977 0 0 0 0 
 1.138 1.414 0.229223 0 0 1.24569 1.44786 0.325153 0.07462 0.022601 0.120565 2.408 2.975 0 0 0 0 
 1.154 1.406 0.231454 0 0 1.26094 1.44011 0.330183 0.0741872 0.0230471 0.123631 2.409 2.972 0 0 0 0 
 1.149 1.396 0.233534 0 0 1.25579 1.43061 0.335882 0.0741799 0.0238144 0.127715 2.401 2.972 0 0 0 0 
 1.144 1.398 0.235687 0 0 1.25129 1.43276 0.335757 0.0745372 0.0232426 0.12409 2.406 2.977 0 0 0 0 
 1.155 1.407 0.237617 0 0 1.26214 1.44136 0.332111 0.0743873 0.0217291 0.116315 2.414 2.978 0 0 0 0 
 1.158 1.417 0.240361 0 0 1.26514 1.45086 0.326938 0.0743206 0.0196198 0.105206 2.417 2.978 0 0 0 0 
 1.16 1.416 0.242545 0 0 1.26684 1.44991 0.328439 0.0741457 0.0192924 0.103705 2.413 2.978 0 0 0 0 
 1.166 1.412 0.244359 0 0 1.27244 1.44611 0.331845 0.0739294 0.0195303 0.105279 2.411 2.978 0 0 0 0 
 1.171 1.413 0.246419 0 0 1.27739 1.44686 0.329405 0.0738654 0.0183073 0.098816 2.415 2.974 0 0 0 0 
 1.184 1.415 0.248309 0 0 1.28974 1.44871 0.330001 0.0734313 0.0177926 0.0966192 2.415 2.973 0 0 0 0 
 1.195 1.407 0.250392 0 0 1.29999 1.44101 0.335704 0.0730088 0.0184541 0.100764 2.411 2.971 0 0 0 0 
 1.21 1.402 0.25189 0 0 1.31439 1.43626 0.340447 0.0726724 0.0190641 0.104549 2.414 2.971 0 0 0 0 
 1.225 1.415 0.25351 0 0 1.32884 1.44861 0.335409 0.0722173 0.0172896 0.0954733 2.418 2.971 0 0 0 0 
 1.242 1.412 0.255433 0 0 1.34499 1.44566 0.338925 0.0716889 0.0174414 0.0970116 2.418 2.969 0 0 0 0 
 1.253 1.416 0.257029 0 0 1.35534 1.44941 0.338515 0.0712363 0.0167843 0.0939683 2.416 2.968 0 0 0 0 
 1.263 1.431 0.25875 0 0 1.36484 1.46376 0.333196 0.0708112 0.014962 0.0843175 2.416 2.97 0 0 0 0 
 1.275 1.433 0.260376 0 0 1.37624 1.46561 0.333668 0.070407 0.0145294 0.0823587 2.416 2.969 0 0 0 0 
 1.275 1.44 0.261733 0 0 1.37624 1.47226 0.32983 0.0703508 0.013243 0.0751549 2.416 2.969 0 0 0 0 
 1.28 1.435 0.26286 0 0 1.38124 1.46746 0.332022 0.070389 0.0134385 0.0762192 2.421 2.968 0 0 0 0 
 1.278 1.44 0.264326 0 0 1.37934 1.47221 0.328935 0.0704137 0.0123085 0.0698076 2.421 2.968 0 0 0 0 
 1.295 1.447 0.265736 0 0 1.39534 1.47901 0.330236 0.0697435 0.0121024 0.0692998 2.418 2.971 0 0 0 0 
 1.298 1.446 0.266865 0 0 1.39794 1.47806 0.332208 0.0695 0.0121986 0.0700926 2.413 2.971 0 0 0 0 
 1.291 1.441 0.26799 0 0 1.39129 1.47326 0.33318 0.0697621 0.012148 0.0695417 2.413 2.97 0 0 0 0 
 1.309 1.443 0.269126 0 0 1.40839 1.47506 0.33418 0.0691551 0.0119595 0.0690649 2.413 2.968 0 0 0 0 
 1.325 1.451 0.27028 0 0 1.42334 1.48281 0.335182 0.0684434 0.0117513 0.0685698 2.408 2.971 0 0 0 0 
 1.338 1.453 0.271204 0 0 1.43569 1.48486 0.338148 0.0680402 0.0120953 0.0709875 2.408 2.974 0 0 0 0 
 1.327 1.463 0.272647 0 0 1.42559 1.49431 0.328642 0.0685192 0.00962854 0.0561502 2.415 2.973 0 0 0 0 
 1.327 1.46 0.273719 0 0 1.42559 1.49136 0.329204 0.0685306 0.00946073 0.0551644 2.415 2.971 0 0 0 0 
 1.337 1.467 0.274937 0 0 1.43484 1.49816 0.32964 0.0680189 0.00915816 0.0538046 2.41 2.974 0 0 0 0 
 1.34 1.469 0.276207 0 0 1.43774 1.50016 0.330001 0.0679578 0.00888278 0.0522365 2.411 2.976 0 0 0 0 
 1.342 1.466 0.277344 0 0 1.43999 1.49706 0.327969 0.0681011 0.00812915 0.0477113 2.418 2.971 0 0 0 0 
 1.339 1.47 0.278481 0 0 1.43704 1.50106 0.32779 0.068135 0.0077796 0.04564 2.416 2.975 0 0 0 0 
 1.346 1.466 0.279511 0 0 1.44344 1.49716 0.33109 0.0677733 0.00819923 0.0483544 2.411 2.973 0 0 0 0 
 1.365 1.477 0.280531 0 0 1.46159 1.50751 0.32675 0.0671142 0.0068825 0.0409967 2.413 2.971 0 0 0 0 
 1.371 1.469 0.281406 0 0 1.46739 1.50001 0.333229 0.0670808 0.00808058 0.0481469 2.415 2.973 0 0 0 0 
 1.364 1.476 0.282425 0 0 1.46079 1.50656 0.3266 0.0672536 0.0063473 0.0377336 2.416 2.971 0 0 0 0 
 1.369 1.485 0.283058 0 0 1.46549 1.51506 0.321958 0.0669707 0.00511534 0.0305432 2.415 2.97 0 0 0 0 
 1.369 1.492 0.283806 0 0 1.46539 1.52186 0.320026 0.0668707 0.00447397 0.0267555 2.413 2.973 0 0 0 0 
 1.38 1.492 0.2845 0 0 1.47564 1.52181 0.322128 0.0663852 0.00472386 0.0284557 2.409 2.972 0 0 0 0 
 1.388 1.489 0.285239 0 0 1.48329 1.51891 0.324552 0.0661822 0.00504753 0.0304974 2.41 2.971 0 0 0 0 
 1.397 1.497 0.285874 0 0 1.49169 1.52631 0.319753 0.065689 0.00378987 0.0230735 2.407 2.967 0 0 0 0 
 1.418 1.501 0.286521 0 0 1.51184 1.53016 0.321081 0.0651211 0.00387826 0.0238173 2.411 2.968 0 0 0 0 
 1.437 1.505 0.286821 0 0 1.52984 1.53406 0.323586 0.0644671 0.0043037 0.0266969 2.41 2.97 0 0 0 0 
 1.435 1.506 0.287323 0 0 1.52794 1.53491 0.321433 0.0645029 0.00371003 0.0230028 2.41 2.968 0 0 0 0 
 1.436 1.518 0.2879 0 0 1.52909 1.54641 0.314966 0.0645044 0.00215777 0.0133798 2.414 2.97 0 0 0 0 
 1.439 1.52 0.288286 0 0 1.53219 1.54806 0.310484 0.0645021 0.00107953 0.00669443 2.419 2.965 0 0 0 0 
 1.449 1.517 0.288886 0 0 1.54134 1.54526 0.315905 0.0640001 0.0020887 0.0130536 2.412 2.966 0 0 0 0 
