 4.696 4.229 0.486692 0 0 2.301 2.349 1.91437 0 0 0 2.301 2.349 0 0 0 0 
 4.689 4.231 0.486733 0 0 2.3 2.35 1.91437 -8.68444e-09 -0.416179 0.523599 2.3 2.35 0 0 0 0 
 4.688 4.23 0.48599 0 0 2.299 2.348 1.91754 -8.6844e-09 -0.418183 0.523599 2.299 2.348 0 0 0 0 
 4.686 4.226 0.461956 0 0 2.302 2.354 1.90806 -8.67288e-09 -0.467176 0.523599 2.302 2.354 0 0 0 0 
 4.682 4.224 0.416918 0 0 2.306 2.352 1.90596 -8.65162e-09 -0.56153 0.523599 2.306 2.352 0 0 0 0 
 4.682 4.216 0.366681 0 0 2.304 2.355 1.90491 -8.62614e-09 -0.649404 0.523599 2.304 2.355 0 0 0 0 
 4.687 4.217 0.307155 0 0 2.306 2.362 1.89552 -8.5906e-09 -0.745465 0.523599 2.306 2.362 0 0 0 0 
 4.668 4.235 0.239541 0 0 2.303 2.361 1.89968 -8.53133e-09 -0.855538 0.523599 2.303 2.361 0 0 0 0 
 4.655 4.259 0.161763 0 0 2.304 2.361 1.89864 -8.44498e-09 -0.957794 0.523599 2.304 2.361 0 0 0 0 
 4.637 4.27 0.0748321 0 0 2.306 2.354 1.90386 -8.31386e-09 -1.04875 0.523599 2.306 2.354 0 0 0 0 
 4.617 4.295 -0.0235066 0 0 2.304 2.354 1.90596 -8.11393e-09 -1.12196 0.523599 2.304 2.354 0 0 0 0 
 4.597 4.321 -0.130229 0 0 2.298 2.351 1.91543 -7.80664e-09 -1.17092 0.523599 2.298 2.351 0 0 0 0 
 4.578 4.334 -0.244327 0 0 2.293 2.352 1.91966 -7.31493e-09 -1.20066 0.523599 2.293 2.352 0 0 0 0 
 4.57 4.338 -0.362886 0 0 2.295 2.35 1.91966 -6.45868e-09 -1.21888 0.523599 2.295 2.35 0 0 0 0 
 4.556 4.338 -0.484121 0 0 2.296 2.35 1.9186 -4.66387e-09 -1.24262 0.523599 2.296 2.35 0 0 0 0 
 4.545 4.35 -0.607043 0 0 2.298 2.351 1.91543 1.17164e-09 -1.28795 -0.523599 2.298 2.351 0 0 0 0 
 4.539 4.339 -0.732869 0 0 2.299 2.349 1.91649 0.0155133 -1.36976 -0.523599 2.299 2.349 0 0 0 0 
 4.545 4.337 -0.863869 0 0 2.299 2.355 1.91016 0.305067 -1.48572 -0.523599 2.299 2.355 0 0 0 0 
 4.555 4.334 -1.00112 0 0 2.303 2.353 1.90806 0.595792 -1.55127 -0.523599 2.303 2.353 0 0 0 0 
 4.56 4.327 -1.12652 0 0 2.304 2.355 1.90491 0.836082 -1.56307 -0.523599 2.304 2.355 0 0 0 0 
 4.586 4.333 -1.23152 0 0 2.307 2.354 1.90282 1.02588 -1.53784 -0.523599 2.307 2.354 0 0 0 0 
 4.621 4.33 -1.30487 0 0 2.309 2.351 1.90386 1.1458 -1.50671 -0.484225 2.309 2.351 0 0 0 0 
 4.677 4.295 -1.38415 0 0 2.307 2.344 1.91332 1.25144 -1.46978 -0.43919 2.307 2.344 0 0 0 0 
 4.704 4.234 -1.49472 0 0 2.311 2.346 1.90701 1.37476 -1.40403 -0.387827 2.311 2.346 0 0 0 0 
 4.746 4.167 -1.62288 0 0 2.316 2.351 1.89656 1.50105 -1.30883 -0.335584 2.316 2.351 0 0 0 0 
 4.77 4.081 -1.75208 0 0 2.32 2.359 1.88414 1.59448 -1.19827 -0.292011 2.32 2.359 0 0 0 0 
 4.792 4 -1.87294 0 0 2.315 2.36 1.88827 1.67178 -1.08152 -0.253217 2.315 2.36 0 0 0 0 
 4.8 3.927 -1.9854 0 0 2.313 2.361 1.8893 1.72774 -0.958867 -0.218451 2.313 2.361 0 0 0 0 
 4.818 3.87 -2.08325 0 0 2.313 2.355 1.89552 1.777 -0.842332 -0.187383 2.313 2.355 0 0 0 0 
 4.82 3.793 -2.2007 0 0 2.316 2.357 1.89034 1.80642 -0.69781 -0.153306 2.316 2.357 0 0 0 0 
 4.803 3.726 -2.2913 0 0 2.316 2.362 1.88517 1.80807 -0.583817 -0.128447 2.316 2.362 0 0 0 0 
 4.757 3.634 -2.37701 0 0 2.311 2.359 1.89344 1.7819 -0.47838 -0.106976 2.311 2.359 0 0 0 0 
 4.7 3.575 -2.44724 0 0 2.309 2.36 1.89448 1.74958 -0.378957 -0.0864235 2.309 2.36 0 0 0 0 
 4.654 3.494 -2.5044 0 0 2.303 2.355 1.90596 1.71266 -0.3149 -0.0734142 2.303 2.355 0 0 0 0 
 4.577 3.439 -2.54649 0 0 2.301 2.351 1.91226 1.66031 -0.252594 -0.0607797 2.301 2.351 0 0 0 0 
 4.501 3.377 -2.57671 0 0 2.303 2.353 1.90806 1.59873 -0.218021 -0.0544944 2.303 2.353 0 0 0 0 
 4.426 3.328 -2.60041 0 0 2.301 2.348 1.91543 1.54515 -0.184235 -0.0476577 2.301 2.348 0 0 0 0 
 4.353 3.286 -2.62188 0 0 2.305 2.351 1.90806 1.48819 -0.154127 -0.0414031 2.305 2.351 0 0 0 0 
 4.269 3.237 -2.64043 0 0 2.314 2.349 1.90073 1.42059 -0.125702 -0.0353796 2.314 2.349 0 0 0 0 
 4.187 3.187 -2.65685 0 0 2.311 2.344 1.90911 1.36142 -0.104529 -0.0307022 2.311 2.344 0 0 0 0 
 4.098 3.152 -2.66994 0 0 2.317 2.347 1.89969 1.29443 -0.0785627 -0.0242724 2.317 2.347 0 0 0 0 
 4.022 3.116 -2.68109 0 0 2.317 2.35 1.89656 1.23822 -0.0634388 -0.0204907 2.317 2.35 0 0 0 0 
 3.943 3.064 -2.6903 0 0 2.316 2.351 1.89656 1.17675 -0.0630509 -0.021429 2.316 2.351 0 0 0 0 
 3.856 3.011 -2.69722 0 0 2.316 2.352 1.89552 1.1096 -0.0653974 -0.0235709 2.316 2.352 0 0 0 0 
 3.765 2.979 -2.70479 0 0 2.319 2.357 1.88723 1.04293 -0.0494563 -0.018966 2.319 2.357 0 0 0 0 
 3.68 2.952 -2.71231 0 0 2.318 2.354 1.89137 0.985762 -0.0249125 -0.0101086 2.318 2.354 0 0 0 0 
 3.595 2.896 -2.71836 0 0 2.318 2.356 1.8893 0.918731 -0.036562 -0.0159171 2.318 2.356 0 0 0 0 
 3.503 2.865 -2.7231 0 0 2.312 2.352 1.89968 0.859405 -0.0182946 -0.0085148 2.312 2.352 0 0 0 0 
 3.418 2.829 -2.72731 0 0 2.307 2.347 1.91016 0.802617 -0.00754542 -0.00376039 2.307 2.347 0 0 0 0 
 3.33 2.795 -2.73023 0 0 2.31 2.354 1.89968 0.736479 -0.00487877 -0.00264978 2.31 2.354 0 0 0 0 
 3.243 2.776 -2.73148 0 0 2.312 2.354 1.8976 0.677393 0.0223975 0.0132249 2.312 2.354 0 0 0 0 
 3.16 2.734 -2.73277 0 0 2.305 2.35 1.90911 0.62114 0.0186676 0.012021 2.305 2.35 0 0 0 0 
 3.096 2.7 -2.73506 0 0 2.304 2.348 1.91226 0.574378 0.0158978 0.0110708 2.304 2.348 0 0 0 0 
 3.039 2.662 -2.73244 0 0 2.301 2.337 1.92711 0.53443 0.00747692 0.00559612 2.301 2.337 0 0 0 0 
 3.011 2.643 -2.73194 0 0 2.294 2.33 1.94213 0.518496 0.00253836 0.00195825 2.294 2.33 0 0 0 0 
 2.999 2.638 -2.7313 0 0 2.296 2.33 1.93997 0.508666 0.00340383 0.00267666 2.296 2.33 0 0 0 0 
 3.002 2.64 -2.73161 0 0 2.296 2.331 1.9389 0.510754 0.00333305 0.00261029 2.296 2.331 0 0 0 0 
 3.003 2.642 -2.73159 0 0 2.296 2.329 1.94105 0.512421 0.00876446 0.0068415 2.296 2.329 0 0 0 0 
 3.007 2.646 -2.73158 0 0 2.293 2.324 1.94971 0.519064 0.0177751 0.013697 2.293 2.324 0 0 0 0 
 3.01 2.641 -2.7315 0 0 2.29 2.322 1.95516 0.521908 0.00908799 0.00696509 2.29 2.322 0 0 0 0 
 3.018 2.643 -2.73147 0 0 2.286 2.327 1.95407 0.528406 -0.0034062 -0.00257847 2.286 2.327 0 0 0 0 
 3.022 2.645 -2.73146 0 0 2.282 2.327 1.95843 0.533798 -0.00562256 -0.00421323 2.282 2.327 0 0 0 0 
 3.028 2.643 -2.73151 0 0 2.28 2.323 1.96502 0.53919 -0.00772616 -0.00573162 2.28 2.323 0 0 0 0 
 3.031 2.646 -2.73152 0 0 2.279 2.323 1.96612 0.542413 -0.00580907 -0.00428385 2.279 2.323 0 0 0 0 
 3.038 2.652 -2.73149 0 0 2.278 2.327 1.96282 0.547805 -0.00800699 -0.00584653 2.278 2.327 0 0 0 0 
 3.045 2.654 -2.7314 0 0 2.278 2.326 1.96392 0.552852 -0.0081429 -0.00589149 2.278 2.326 0 0 0 0 
 3.047 2.658 -2.73132 0 0 2.277 2.33 1.96062 0.554677 -0.0101555 -0.00732339 2.277 2.33 0 0 0 0 
 3.056 2.667 -2.7313 0 0 2.269 2.327 1.97274 0.568176 -0.00336599 -0.00236967 2.269 2.327 0 0 0 0 
 3.056 2.668 -2.73132 0 0 2.273 2.326 1.96942 0.566274 0.00207486 0.00146562 2.273 2.326 0 0 0 0 
 3.055 2.671 -2.73132 0 0 2.274 2.327 1.96722 0.565589 0.00624862 0.00441917 2.274 2.327 0 0 0 0 
 3.056 2.67 -2.73132 0 0 2.278 2.328 1.96172 0.563236 0.00525344 0.00373088 2.278 2.328 0 0 0 0 
 3.056 2.671 -2.7313 0 0 2.284 2.332 1.9508 0.558796 0.00467855 0.00334901 2.284 2.332 0 0 0 0 
 3.053 2.665 -2.73129 0 0 2.293 2.343 1.92924 0.547016 -0.0127197 -0.00930088 2.293 2.343 0 0 0 0 
 3.048 2.664 -2.73121 0 0 2.303 2.35 1.91121 0.535787 -0.0151753 -0.0113288 2.303 2.35 0 0 0 0 
 3.056 2.668 -2.73115 0 0 2.31 2.361 1.89241 0.534565 -0.0264244 -0.01977 2.31 2.361 0 0 0 0 
 3.056 2.667 -2.73118 0 0 2.322 2.368 1.87287 0.525169 -0.0308497 -0.0234926 2.322 2.368 0 0 0 0 
 3.063 2.671 -2.73124 0 0 2.321 2.366 1.87593 0.531607 -0.0267826 -0.0201495 2.321 2.366 0 0 0 0 
 3.066 2.678 -2.73129 0 0 2.318 2.368 1.87696 0.536567 -0.0230005 -0.0171447 2.318 2.368 0 0 0 0 
 3.067 2.677 -2.73126 0 0 2.314 2.372 1.87696 0.538312 -0.0337072 -0.0250413 2.314 2.372 0 0 0 0 
 3.074 2.683 -2.73123 0 0 2.321 2.386 1.85565 0.536241 -0.0457973 -0.0341484 2.321 2.386 0 0 0 0 
 3.078 2.687 -2.73127 0 0 2.329 2.394 1.83967 0.532768 -0.0492941 -0.0369929 2.329 2.394 0 0 0 0 
 3.083 2.686 -2.73139 0 0 2.335 2.401 1.82685 0.530106 -0.0606623 -0.0457418 2.335 2.401 0 0 0 0 
 3.084 2.686 -2.73139 0 0 2.365 2.425 1.775 0.506253 -0.0797444 -0.0629243 2.365 2.425 0 0 0 0 
 3.09 2.697 -2.73148 0 0 2.36 2.419 1.78538 0.517312 -0.0600948 -0.0464335 2.36 2.419 0 0 0 0 
 3.1 2.715 -2.73154 0 0 2.365 2.42 1.77971 0.524744 -0.0371003 -0.0282732 2.365 2.42 0 0 0 0 
 3.217 2.825 -2.73157 0 0 2.375 2.424 1.76658 0.617839 0.0482445 0.0312242 2.375 2.424 0 0 0 0 
 3.202 2.81 -2.73149 0 0 2.364 2.415 1.78538 0.613797 0.0424321 0.0276452 2.364 2.415 0 0 0 0 
 3.161 2.775 -2.73147 0 0 2.35 2.397 1.8161 0.592868 0.0358756 0.0242 2.35 2.397 0 0 0 0 
 3.158 2.771 -2.7314 0 0 2.334 2.384 1.84465 0.603165 0.040093 0.0265822 2.334 2.384 0 0 0 0 
 3.156 2.77 -2.73135 0 0 2.323 2.372 1.86778 0.611586 0.0495056 0.0323672 2.323 2.372 0 0 0 0 
 3.131 2.735 -2.73137 0 0 2.302 2.361 1.90073 0.602706 0.0188396 0.0125027 2.302 2.361 0 0 0 0 
 3.11 2.723 -2.73141 0 0 2.291 2.351 1.92285 0.596106 0.0223237 0.0149786 2.291 2.351 0 0 0 0 
 3.098 2.713 -2.7314 0 0 2.282 2.342 1.94213 0.59402 0.0227922 0.0153465 2.282 2.342 0 0 0 0 
 3.095 2.709 -2.73139 0 0 2.275 2.333 1.95953 0.597784 0.0272774 0.0182503 2.275 2.333 0 0 0 0 
 3.089 2.702 -2.73136 0 0 2.27 2.325 1.97385 0.597446 0.0292658 0.0195914 2.27 2.325 0 0 0 0 
 3.107 2.715 -2.73134 0 0 2.264 2.332 1.97274 0.613602 0.0226238 0.0147471 2.264 2.332 0 0 0 0 
 3.158 2.755 -2.73131 0 0 2.263 2.337 1.96832 0.654508 0.0381404 0.0233052 2.263 2.337 0 0 0 0 
 3.125 2.73 -2.73127 0 0 2.278 2.353 1.93459 0.614429 0.0118154 0.00769179 2.278 2.353 0 0 0 0 
 3.114 2.719 -2.73126 0 0 2.3 2.369 1.89448 0.58723 -0.00583836 -0.00397686 2.3 2.369 0 0 0 0 
 3.11 2.708 -2.73129 0 0 2.312 2.374 1.87696 0.573292 -0.0189133 -0.0131955 2.312 2.374 0 0 0 0 
 3.099 2.7 -2.7313 0 0 2.329 2.389 1.84465 0.550236 -0.0353056 -0.0256601 2.329 2.389 0 0 0 0 
 3.091 2.696 -2.73129 0 0 2.338 2.401 1.82391 0.535726 -0.0487315 -0.0363693 2.338 2.401 0 0 0 0 
 3.089 2.696 -2.73116 0 0 2.346 2.407 1.81028 0.528073 -0.0517781 -0.0392004 2.346 2.407 0 0 0 0 
 3.082 2.688 -2.73116 0 0 2.344 2.402 1.81707 0.524247 -0.0532362 -0.0405968 2.344 2.402 0 0 0 0 
 3.078 2.685 -2.73106 0 0 2.326 2.38 1.85666 0.537701 -0.0333424 -0.0247986 2.326 2.38 0 0 0 0 
 3.078 2.684 -2.73112 0 0 2.303 2.36 1.90073 0.55667 -0.019457 -0.0139801 2.303 2.36 0 0 0 0 
 3.076 2.679 -2.73111 0 0 2.293 2.352 1.91966 0.562326 -0.0200592 -0.0142678 2.293 2.352 0 0 0 0 
 3.074 2.679 -2.73111 0 0 2.289 2.348 1.92817 0.564591 -0.0154554 -0.0109494 2.289 2.348 0 0 0 0 
 3.073 2.68 -2.73116 0 0 2.286 2.343 1.93674 0.567385 -0.00791565 -0.00558039 2.286 2.343 0 0 0 0 
 3.067 2.679 -2.73115 0 0 2.29 2.338 1.93782 0.562364 0.0041929 0.00298233 2.29 2.338 0 0 0 0 
 3.069 2.678 -2.73117 0 0 2.287 2.332 1.94754 0.566727 0.00830013 0.00585822 2.287 2.332 0 0 0 0 
 3.069 2.678 -2.73118 0 0 2.283 2.332 1.95189 0.569156 0.00577669 0.00405981 2.283 2.332 0 0 0 0 
 3.066 2.682 -2.73117 0 0 2.279 2.328 1.96062 0.571891 0.0166703 0.0116592 2.279 2.328 0 0 0 0 
 3.064 2.68 -2.73116 0 0 2.274 2.327 1.96722 0.573445 0.0133044 0.00928005 2.274 2.327 0 0 0 0 
 3.064 2.684 -2.73114 0 0 2.274 2.322 1.97274 0.57585 0.0261709 0.018177 2.274 2.322 0 0 0 0 
 3.069 2.686 -2.73112 0 0 2.266 2.319 1.98498 0.58507 0.024967 0.0170678 2.266 2.319 0 0 0 0 
 3.07 2.684 -2.73114 0 0 2.269 2.32 1.98051 0.583054 0.0220062 0.015096 2.269 2.32 0 0 0 0 
 3.068 2.683 -2.73115 0 0 2.27 2.324 1.97496 0.579899 0.0168051 0.0115912 2.27 2.324 0 0 0 0 
 3.069 2.684 -2.73117 0 0 2.271 2.324 1.97385 0.580165 0.0182669 0.0125936 2.271 2.324 0 0 0 0 
 3.068 2.682 -2.73118 0 0 2.272 2.32 1.97718 0.579487 0.0223902 0.015454 2.272 2.32 0 0 0 0 
 3.066 2.682 -2.73114 0 0 2.268 2.324 1.97718 0.579632 0.0153724 0.010608 2.268 2.324 0 0 0 0 
 3.066 2.68 -2.73119 0 0 2.268 2.328 1.97274 0.578036 0.00686216 0.00474857 2.268 2.328 0 0 0 0 
 3.065 2.68 -2.7312 0 0 2.27 2.325 1.97385 0.577012 0.013061 0.00905399 2.27 2.325 0 0 0 0 
 3.064 2.68 -2.73124 0 0 2.268 2.325 1.97607 0.577619 0.0124761 0.00863944 2.268 2.325 0 0 0 0 
 3.065 2.674 -2.73132 0 0 2.27 2.319 1.98051 0.577011 0.0132184 0.0091631 2.27 2.319 0 0 0 0 
 3.066 2.678 -2.73133 0 0 2.274 2.322 1.97274 0.575457 0.0165692 0.0115167 2.274 2.322 0 0 0 0 
 3.067 2.674 -2.73134 0 0 2.271 2.326 1.97163 0.575761 0.00257737 0.00179058 2.271 2.326 0 0 0 0 
 3.069 2.673 -2.73133 0 0 2.272 2.326 1.97053 0.576104 0.000501744 0.000348371 2.272 2.326 0 0 0 0 
 3.07 2.676 -2.73139 0 0 2.27 2.326 1.97274 0.57872 0.00300726 0.00207856 2.27 2.326 0 0 0 0 
 3.067 2.679 -2.73141 0 0 2.267 2.326 1.97607 0.579515 0.00732749 0.00505763 2.267 2.326 0 0 0 0 
 3.071 2.678 -2.73137 0 0 2.263 2.332 1.97385 0.582528 -0.00770511 -0.00529077 2.263 2.332 0 0 0 0 
