 2.378 1.181 -6.67971e-05 3.9315e-245 6.52168e-38 2.60747 1.28833 0.45891 0 0 0 2.684 0.492 0.0958051 0 2.99097e+262 2.26716e+161 
 2.378 1.196 -6.69369e-05 3.9315e-245 6.52168e-38 2.64619 1.26075 -0.61899 0.268439 0.36449 0.239707 2.746 0.467 0.125087 0 2.99097e+262 2.26716e+161 
 2.389 1.194 0.00268196 3.9315e-245 6.52168e-38 2.72391 1.21959 -0.487082 0.332512 0.12308 0.0665288 2.825 0.426 0.126704 0 2.99097e+262 2.26716e+161 
 2.364 1.192 0.0232866 3.9315e-245 6.52168e-38 2.76877 1.22144 0.0413082 0.402163 0.087673 0.0392205 2.871 0.428 0.128138 0 2.99097e+262 2.26716e+161 
 2.387 1.179 0.0305755 3.9315e-245 6.52168e-38 2.76519 1.22105 -3.03146 0.376595 0.139785 0.0667135 2.891 0.431 0.15792 0 2.99097e+262 2.26716e+161 
 2.435 1.207 0.0327254 3.9315e-245 6.52168e-38 2.75766 1.23156 2.19227 0.320707 0.071375 0.0400385 2.919 0.448 0.203071 0 2.99097e+262 2.26716e+161 
 2.455 1.174 0.0407193 3.9315e-245 6.52168e-38 2.77142 1.22572 -0.401164 0.316436 0.199316 0.112896 2.963 0.449 0.241822 0 2.99097e+262 2.26716e+161 
 2.493 1.212 0.0476609 3.9315e-245 6.52168e-38 2.7762 1.21393 -1.18592 0.280698 -0.063823 -0.0409042 2.997 0.445 0.279628 0 2.99097e+262 2.26716e+161 
 2.544 1.226 0.0617707 3.9315e-245 6.52168e-38 2.80823 1.21131 -0.0814052 0.261215 -0.177467 -0.121687 3.054 0.45 0.31226 0 2.99097e+262 2.26716e+161 
 2.59 1.232 0.0598127 3.9315e-245 6.52168e-38 2.819 1.21161 0.0278944 0.226228 -0.20928 -0.165002 3.093 0.46 0.349579 0 2.99097e+262 2.26716e+161 
 2.579 1.207 0.055907 3.9315e-245 6.52168e-38 2.81144 1.1961 -2.02398 0.229913 -0.145775 -0.113636 3.12 0.458 0.395961 0 2.99097e+262 2.26716e+161 
 2.607 1.194 0.0487615 3.9315e-245 6.52168e-38 2.83663 1.18898 -0.275638 0.227373 -0.0995313 -0.0786315 3.177 0.465 0.439479 0 2.99097e+262 2.26716e+161 
 2.647 1.18 0.0399304 3.9315e-245 6.52168e-38 2.85284 1.18777 -0.0743547 0.204277 -0.0029146 -0.00256821 3.22 0.477 0.47681 0 2.99097e+262 2.26716e+161 
 2.68 1.188 0.0326588 3.9315e-245 6.52168e-38 2.86263 1.19803 0.808723 0.181355 0.0274103 0.0271988 3.264 0.506 0.525573 0 2.99097e+262 2.26716e+161 
 2.709 1.193 0.0324532 3.9315e-245 6.52168e-38 2.85421 1.19982 2.93193 0.144147 0.0153546 0.0191713 3.287 0.527 0.571616 0 2.99097e+262 2.26716e+161 
 2.703 1.156 0.0326463 3.9315e-245 6.52168e-38 2.85859 1.19733 -0.516737 0.156521 0.256868 0.287231 3.316 0.541 0.608657 0 2.99097e+262 2.26716e+161 
 2.707 1.121 0.0335725 3.9315e-245 6.52168e-38 2.8655 1.21429 1.18367 0.165756 0.605369 0.523599 3.337 0.568 0.630287 0 2.99097e+262 2.26716e+161 
 2.703 1.118 0.0426374 3.9315e-245 6.52168e-38 2.87314 1.23032 1.12629 0.180971 0.69747 0.523599 3.358 0.594 0.651121 0 2.99097e+262 2.26716e+161 
 2.761 1.159 0.0958367 3.9315e-245 6.52168e-38 2.91127 1.25825 0.632133 0.162916 0.585199 0.523599 3.404 0.628 0.66354 0 2.99097e+262 2.26716e+161 
 2.756 1.156 0.165022 3.9315e-245 6.52168e-38 2.93384 1.27176 0.539408 0.197708 0.549047 0.463544 3.431 0.645 0.670592 0 2.99097e+262 2.26716e+161 
 2.744 1.182 0.223569 3.9315e-245 6.52168e-38 2.96527 1.29772 0.690236 0.241949 0.378489 0.274474 3.465 0.673 0.674695 0 2.99097e+262 2.26716e+161 
 2.789 1.182 0.275519 3.9315e-245 6.52168e-38 2.98626 1.3123 0.60711 0.226694 0.43829 0.334902 3.489 0.69 0.679523 0 2.99097e+262 2.26716e+161 
 2.795 1.18 0.313217 3.9315e-245 6.52168e-38 3.03216 1.31578 0.0757655 0.26711 0.316929 0.210411 3.538 0.696 0.684511 0 2.99097e+262 2.26716e+161 
 2.841 1.157 0.354073 3.9315e-245 6.52168e-38 3.05468 1.32109 0.231679 0.259009 0.456594 0.307263 3.565 0.705 0.691771 0 2.99097e+262 2.26716e+161 
 2.854 1.16 0.38778 3.9315e-245 6.52168e-38 3.0726 1.32216 0.0592736 0.264209 0.382673 0.25503 3.597 0.718 0.714842 0 2.99097e+262 2.26716e+161 
 2.886 1.201 0.433403 3.9315e-245 6.52168e-38 3.08319 1.33316 0.804432 0.233387 0.224903 0.171748 3.62 0.74 0.735573 0 2.99097e+262 2.26716e+161 
 2.92 1.187 0.468486 3.9315e-245 6.52168e-38 3.07875 1.34193 2.03963 0.21276 0.418753 0.340478 3.634 0.766 0.767122 0 2.99097e+262 2.26716e+161 
 2.927 1.219 0.493428 3.9315e-245 6.52168e-38 3.07442 1.35578 1.87331 0.194763 0.331339 0.297157 3.643 0.793 0.790521 0 2.99097e+262 2.26716e+161 
 2.921 1.22 0.535652 3.9315e-245 6.52168e-38 3.08459 1.37079 0.975493 0.21723 0.288771 0.234864 3.66 0.815 0.80274 0 2.99097e+262 2.26716e+161 
 2.976 1.226 0.567745 3.9315e-245 6.52168e-38 3.11666 1.38069 0.299429 0.202121 0.352927 0.304526 3.696 0.829 0.809842 0 2.99097e+262 2.26716e+161 
 3.001 1.236 0.597171 3.9315e-245 6.52168e-38 3.14647 1.39238 0.373789 0.208005 0.302778 0.256252 3.728 0.843 0.813816 0 2.99097e+262 2.26716e+161 
 3.002 1.261 0.632749 3.9315e-245 6.52168e-38 3.15261 1.4082 1.20019 0.20736 0.189418 0.162968 3.739 0.864 0.822695 0 2.99097e+262 2.26716e+161 
 3.007 1.243 0.658851 3.9315e-245 6.52168e-38 3.15464 1.43348 1.49079 0.23371 0.363566 0.273021 3.749 0.898 0.837465 0 2.99097e+262 2.26716e+161 
 3.038 1.277 0.681375 3.9315e-245 6.52168e-38 3.15819 1.46123 1.44353 0.210662 0.425751 0.348901 3.759 0.933 0.849589 0 2.99097e+262 2.26716e+161 
 3.071 1.295 0.720802 3.9315e-245 6.52168e-38 3.17984 1.49655 1.02082 0.217137 0.495047 0.389421 3.783 0.971 0.854046 0 2.99097e+262 2.26716e+161 
 3.086 1.338 0.766082 3.9315e-245 6.52168e-38 3.21556 1.52238 0.625986 0.220568 0.267434 0.214877 3.818 0.996 0.852677 0 2.99097e+262 2.26716e+161 
 3.094 1.358 0.811711 3.9315e-245 6.52168e-38 3.25071 1.54868 0.642565 0.244336 0.104133 0.076564 3.852 1.021 0.850506 0 2.99097e+262 2.26716e+161 
 3.105 1.338 0.829215 3.9315e-245 6.52168e-38 3.26536 1.57343 1.03613 0.280541 0.224622 0.143136 3.866 1.045 0.849269 0 2.99097e+262 2.26716e+161 
 3.131 1.346 0.840842 3.9315e-245 6.52168e-38 3.28385 1.59385 0.834955 0.285758 0.279824 0.17447 3.885 1.066 0.850229 0 2.99097e+262 2.26716e+161 
 3.157 1.375 0.864958 3.9315e-245 6.52168e-38 3.30547 1.61241 0.709505 0.27567 0.228117 0.147863 3.907 1.085 0.850966 0 2.99097e+262 2.26716e+161 
 3.19 1.398 0.892838 3.9315e-245 6.52168e-38 3.32571 1.62855 0.673023 0.263392 0.22179 0.150425 3.928 1.102 0.852391 0 2.99097e+262 2.26716e+161 
 3.192 1.44 0.914782 3.9315e-245 6.52168e-38 3.33965 1.65418 1.07275 0.257739 0.0787628 0.0549511 3.944 1.13 0.856317 0 2.99097e+262 2.26716e+161 
 3.212 1.432 0.932909 3.9315e-245 6.52168e-38 3.36196 1.69706 1.09106 0.300512 0.198029 0.118063 3.969 1.176 0.86146 0 2.99097e+262 2.26716e+161 
 3.21 1.472 0.945756 3.9315e-245 6.52168e-38 3.36854 1.72768 1.35911 0.297867 0.112168 0.0676792 3.981 1.213 0.871926 0 2.99097e+262 2.26716e+161 
 3.238 1.468 0.965437 3.9315e-245 6.52168e-38 3.38701 1.74744 0.819358 0.312692 0.188856 0.108289 4.003 1.237 0.878826 0 2.99097e+262 2.26716e+161 
 3.249 1.535 0.977446 3.9315e-245 6.52168e-38 3.40378 1.76053 0.662344 0.271252 -0.0125029 -0.00829663 4.023 1.254 0.885171 0 2.99097e+262 2.26716e+161 
 3.279 1.559 0.993458 3.9315e-245 6.52168e-38 3.42129 1.77297 0.617736 0.254819 -0.0142195 -0.0100441 4.049 1.277 0.902105 0 2.99097e+262 2.26716e+161 
 3.28 1.576 0.994031 3.9315e-245 6.52168e-38 3.42629 1.78867 1.26249 0.255929 -0.0385799 -0.0271273 4.062 1.303 0.918401 0 2.99097e+262 2.26716e+161 
 3.282 1.593 0.994708 3.9315e-245 6.52168e-38 3.4277 1.79886 1.43329 0.24997 -0.0589494 -0.0424231 4.073 1.326 0.938412 0 2.99097e+262 2.26716e+161 
 3.302 1.577 0.994793 3.9315e-245 6.52168e-38 3.41649 1.80343 2.75413 0.250618 0.159952 0.11438 4.07 1.342 0.956001 0 2.99097e+262 2.26716e+161 
 3.317 1.604 0.99591 3.9315e-245 6.52168e-38 3.4162 1.80847 1.62732 0.224173 0.17248 0.137618 4.078 1.359 0.974191 0 2.99097e+262 2.26716e+161 
 3.331 1.664 1.00371 3.9315e-245 6.52168e-38 3.43759 1.82261 0.584029 0.189469 -0.0312561 -0.0296854 4.104 1.38 0.984523 0 2.99097e+262 2.26716e+161 
 3.345 1.656 1.01579 3.9315e-245 6.52168e-38 3.45955 1.83898 0.640934 0.214084 -0.00586212 -0.00492877 4.129 1.401 0.991446 0 2.99097e+262 2.26716e+161 
 3.362 1.691 1.01581 3.9315e-245 6.52168e-38 3.48508 1.85664 0.60501 0.20413 -0.111557 -0.098055 4.158 1.424 0.999405 0 2.99097e+262 2.26716e+161 
 3.344 1.687 1.01544 3.9315e-245 6.52168e-38 3.508 1.87881 0.768691 0.24828 -0.224657 -0.161455 4.189 1.459 1.01836 0 2.99097e+262 2.26716e+161 
 3.345 1.708 1.01401 3.9315e-245 6.52168e-38 3.50782 1.8771 -1.67817 0.229222 -0.298125 -0.229966 4.2 1.476 1.04561 0 2.99097e+262 2.26716e+161 
 3.361 1.732 1.00803 3.9315e-245 6.52168e-38 3.50861 1.88826 1.49981 0.210303 -0.263246 -0.221613 4.213 1.509 1.07689 0 2.99097e+262 2.26716e+161 
 3.391 1.745 0.989526 3.9315e-245 6.52168e-38 3.52816 1.91618 0.95991 0.216843 -0.129499 -0.107085 4.244 1.559 1.10798 0 2.99097e+262 2.26716e+161 
 3.422 1.74 0.966977 3.9315e-245 6.52168e-38 3.57318 1.95057 0.652464 0.257036 -0.0282486 -0.0197796 4.298 1.612 1.1338 0 2.99097e+262 2.26716e+161 
 3.41 1.792 0.957758 3.9315e-245 6.52168e-38 3.58366 1.97809 1.20667 0.250775 -0.204591 -0.145809 4.319 1.663 1.16597 0 2.99097e+262 2.26716e+161 
 3.442 1.822 0.951086 3.9315e-245 6.52168e-38 3.57339 1.96275 -2.16078 0.189743 -0.167151 -0.157259 4.324 1.686 1.21756 0 2.99097e+262 2.26716e+161 
 3.449 1.862 0.930879 3.9315e-245 6.52168e-38 3.57329 1.95122 -1.57952 0.146203 -0.335633 -0.391851 4.337 1.713 1.26843 0 2.99097e+262 2.26716e+161 
 3.466 1.859 0.913168 3.9315e-245 6.52168e-38 3.5774 1.94758 -0.724997 0.137942 -0.25057 -0.31601 4.35 1.74 1.30831 0 2.99097e+262 2.26716e+161 
 3.486 1.89 0.879928 3.9315e-245 6.52168e-38 3.57548 1.95486 1.82892 0.106738 -0.216892 -0.350646 4.355 1.775 1.34403 0 2.99097e+262 2.26716e+161 
 3.473 1.889 0.857811 3.9315e-245 6.52168e-38 3.58059 1.96215 0.960025 0.125546 -0.253255 -0.348297 4.365 1.805 1.37307 0 2.99097e+262 2.26716e+161 
 3.502 1.881 0.836507 3.9315e-245 6.52168e-38 3.59199 1.98098 1.02624 0.133396 0.00143679 0.00193876 4.38 1.843 1.39746 0 2.99097e+262 2.26716e+161 
 3.502 1.907 0.817729 3.9315e-245 6.52168e-38 3.6032 2.00898 1.18992 0.142431 -0.0299407 -0.0378202 4.394 1.888 1.41899 0 2.99097e+262 2.26716e+161 
 3.534 1.902 0.817989 3.9315e-245 6.52168e-38 3.60556 2.03723 1.4875 0.147602 0.29032 0.340274 4.399 1.935 1.44266 0 2.99097e+262 2.26716e+161 
 3.518 1.915 0.818808 3.9315e-245 6.52168e-38 3.61328 2.06362 1.28628 0.172917 0.21905 0.224189 4.409 1.981 1.46733 0 2.99097e+262 2.26716e+161 
 3.55 1.919 0.823976 3.9315e-245 6.52168e-38 3.61781 2.08196 1.32867 0.166959 0.421314 0.426361 4.415 2.015 1.48699 0 2.99097e+262 2.26716e+161 
 3.569 1.976 0.833736 3.9315e-245 6.52168e-38 3.6176 2.09153 1.59277 0.118606 0.318763 0.450575 4.416 2.041 1.50759 0 2.99097e+262 2.26716e+161 
 3.596 1.977 0.873122 3.9315e-245 6.52168e-38 3.64181 2.10793 0.595422 0.130553 0.365605 0.466905 4.441 2.072 1.52587 0 2.99097e+262 2.26716e+161 
 3.591 1.972 0.903924 3.9315e-245 6.52168e-38 3.6543 2.13489 1.13688 0.167636 0.352813 0.362127 4.454 2.113 1.54343 0 2.99097e+262 2.26716e+161 
 3.58 1.984 0.940088 3.9315e-245 6.52168e-38 3.665 2.15268 1.02918 0.185476 0.206053 0.197367 4.465 2.15 1.56744 0 2.99097e+262 2.26716e+161 
 3.622 2.016 0.971591 3.9315e-245 6.52168e-38 3.65834 2.1676 1.99082 0.146791 0.400089 0.456101 4.458 2.191 1.60005 0 2.99097e+262 2.26716e+161 
 3.628 1.995 0.996092 3.9315e-245 6.52168e-38 3.63845 2.1709 2.97746 0.157556 0.608135 0.523599 4.437 2.219 1.63096 0 2.99097e+262 2.26716e+161 
 3.594 2.017 1.04144 3.9315e-245 6.52168e-38 3.63379 2.19725 1.74574 0.176488 0.384591 0.373803 4.431 2.264 1.65434 0 2.99097e+262 2.26716e+161 
 3.597 2.057 1.09904 3.9315e-245 6.52168e-38 3.62854 2.21881 1.80953 0.158676 0.320337 0.34855 4.425 2.294 1.66492 0 2.99097e+262 2.26716e+161 
 3.61 2.082 1.13526 3.9315e-245 6.52168e-38 3.63685 2.27457 1.42278 0.186626 0.378167 0.349747 4.433 2.353 1.66899 0 2.99097e+262 2.26716e+161 
 3.622 2.039 1.16795 3.9315e-245 6.52168e-38 3.64612 2.29595 1.16195 0.24758 0.45972 0.32256 4.442 2.377 1.67229 0 2.99097e+262 2.26716e+161 
 3.656 2.071 1.20632 3.9315e-245 6.52168e-38 3.66773 2.32814 0.979595 0.246409 0.473234 0.332833 4.463 2.415 1.67958 0 2.99097e+262 2.26716e+161 
 3.654 2.127 1.25154 3.9315e-245 6.52168e-38 3.66591 2.37091 1.61322 0.236048 0.391691 0.290252 4.46 2.468 1.69246 0 2.99097e+262 2.26716e+161 
 3.676 2.148 1.29419 3.9315e-245 6.52168e-38 3.6571 2.3837 2.17428 0.224116 0.506026 0.386027 4.448 2.504 1.72174 0 2.99097e+262 2.26716e+161 
 3.675 2.172 1.33502 3.9315e-245 6.52168e-38 3.64781 2.38539 2.96127 0.203365 0.488245 0.40791 4.435 2.528 1.75001 0 2.99097e+262 2.26716e+161 
 3.671 2.195 1.387 3.9315e-245 6.52168e-38 3.64147 2.40143 1.94738 0.198933 0.431979 0.372609 4.426 2.558 1.76778 0 2.99097e+262 2.26716e+161 
 3.673 2.193 1.43528 3.9315e-245 6.52168e-38 3.64617 2.40316 0.353432 0.204937 0.352142 0.299961 4.429 2.568 1.77833 0 2.99097e+262 2.26716e+161 
 3.706 2.215 1.47783 3.9315e-245 6.52168e-38 3.62715 2.42954 2.19537 0.210938 0.617072 0.484673 4.409 2.599 1.78424 0 2.99097e+262 2.26716e+161 
 3.705 2.267 1.51893 3.9315e-245 6.52168e-38 3.60917 2.4699 1.98989 0.203513 0.674402 0.523599 4.39 2.644 1.79018 0 2.99097e+262 2.26716e+161 
 3.714 2.256 1.58469 3.9315e-245 6.52168e-38 3.61254 2.49127 1.41469 0.24067 0.580129 0.409373 4.393 2.667 1.79226 0 2.99097e+262 2.26716e+161 
 3.692 2.246 1.65336 3.9315e-245 6.52168e-38 3.61031 2.5143 1.66737 0.273902 0.330309 0.213753 4.391 2.689 1.79095 0 2.99097e+262 2.26716e+161 
 3.689 2.277 1.71132 3.9315e-245 6.52168e-38 3.60685 2.55089 1.66498 0.281414 0.236345 0.150037 4.387 2.728 1.79404 0 2.99097e+262 2.26716e+161 
 3.685 2.291 1.73952 3.9315e-245 6.52168e-38 3.56396 2.57343 2.65783 0.299139 0.380544 0.225103 4.344 2.751 1.79463 0 2.99097e+262 2.26716e+161 
 3.674 2.335 1.76303 3.9315e-245 6.52168e-38 3.5277 2.60719 2.39179 0.297347 0.484885 0.285507 4.307 2.788 1.79878 0 2.99097e+262 2.26716e+161 
 3.679 2.398 1.80559 3.9315e-245 6.52168e-38 3.50761 2.63859 2.14006 0.278627 0.60523 0.372719 4.287 2.819 1.79827 0 2.99097e+262 2.26716e+161 
 3.677 2.426 1.85688 3.9315e-245 6.52168e-38 3.44847 2.6351 -3.08281 0.277454 0.864523 0.511146 4.23 2.806 1.78607 0 2.99097e+262 2.26716e+161 
 3.661 2.443 1.92078 3.9315e-245 6.52168e-38 3.40878 2.65814 2.61564 0.30063 0.841718 0.466821 4.195 2.806 1.75669 0 2.99097e+262 2.26716e+161 
 3.632 2.47 2.00583 3.9315e-245 6.52168e-38 3.38276 2.7252 1.94092 0.340845 0.574136 0.294391 4.176 2.829 1.70091 0 2.99097e+262 2.26716e+161 
 3.616 2.477 2.08962 3.9315e-245 6.52168e-38 3.36265 2.8107 1.80187 0.413312 0.233814 0.101478 4.161 2.862 1.63496 0 2.99097e+262 2.26716e+161 
 3.575 2.505 2.14566 3.9315e-245 6.52168e-38 3.358 2.90574 1.61962 0.451086 -0.143735 -0.0572927 4.158 2.904 1.56862 0 2.99097e+262 2.26716e+161 
 3.551 2.56 2.1634 3.9315e-245 6.52168e-38 3.35806 2.97808 1.57006 0.453057 -0.293329 -0.116017 4.157 2.937 1.51942 0 2.99097e+262 2.26716e+161 
 3.507 2.584 2.16017 3.9315e-245 6.52168e-38 3.35395 3.02864 1.65183 0.456903 -0.472725 -0.184124 4.151 2.96 1.4849 0 2.99097e+262 2.26716e+161 
 3.506 2.642 2.14895 3.9315e-245 6.52168e-38 3.35528 3.07063 1.53917 0.442648 -0.437093 -0.175904 4.151 2.988 1.46733 0 2.99097e+262 2.26716e+161 
 3.468 2.687 2.10754 3.9315e-245 6.52168e-38 3.36514 3.11452 1.34985 0.423963 -0.542038 -0.226192 4.16 3.024 1.4574 0 2.99097e+262 2.26716e+161 
 3.447 2.732 2.06196 3.9315e-245 6.52168e-38 3.38021 3.17118 1.31075 0.424891 -0.613775 -0.254386 4.175 3.08 1.45657 0 2.99097e+262 2.26716e+161 
 3.443 2.756 2.00427 3.9315e-245 6.52168e-38 3.42995 3.24785 0.995304 0.463437 -0.74675 -0.282294 4.225 3.159 1.45951 0 2.99097e+262 2.26716e+161 
 3.483 2.805 1.93941 3.9315e-245 6.52168e-38 3.4872 3.29552 0.69434 0.465488 -0.693066 -0.261849 4.284 3.224 1.48128 0 2.99097e+262 2.26716e+161 
 3.464 2.852 1.86319 3.9315e-245 6.52168e-38 3.49804 3.29467 -0.0779771 0.421874 -0.664754 -0.276371 4.298 3.287 1.5612 0 2.99097e+262 2.26716e+161 
 3.427 2.883 1.79135 3.9315e-245 6.52168e-38 3.51567 3.24967 -1.19732 0.349377 -0.785198 -0.384411 4.311 3.336 1.67892 0 2.99097e+262 2.26716e+161 
 3.415 2.951 1.71918 3.9315e-245 6.52168e-38 3.55096 3.17372 -1.13584 0.216258 -1.0121 -0.523599 4.326 3.372 1.82125 0 2.99097e+262 2.26716e+161 
 3.409 2.969 1.63676 3.9315e-245 6.52168e-38 3.60143 3.08957 -1.03058 0.135351 -1.37551 -0.523599 4.34 3.397 1.96524 0 2.99097e+262 2.26716e+161 
 3.399 3.029 1.535 3.9315e-245 6.52168e-38 3.62584 3.03142 -1.17329 0.0507593 -1.72764 -0.523599 4.316 3.436 2.10102 0 2.99097e+262 2.26716e+161 
 3.441 3.036 1.3994 3.9315e-245 6.52168e-38 3.6594 2.98388 -0.956122 0.0265808 -1.76506 -0.523599 4.294 3.471 2.22547 0 2.99097e+262 2.26716e+161 
 3.421 3.056 1.23406 3.9315e-245 6.52168e-38 3.68212 2.96104 -0.787907 0.0527268 -1.9629 -0.523599 4.265 3.509 2.32533 0 2.99097e+262 2.26716e+161 
 3.419 3.038 1.05495 3.9315e-245 6.52168e-38 3.69544 2.95762 -0.251881 0.118754 -1.82036 -0.523599 4.232 3.551 2.40644 0 2.99097e+262 2.26716e+161 
 3.403 3.057 0.86022 3.9315e-245 6.52168e-38 3.71443 2.95119 -0.326431 0.178075 -1.76714 -0.523599 4.219 3.572 2.45912 0 2.99097e+262 2.26716e+161 
 3.395 3.086 0.672995 3.9315e-245 6.52168e-38 3.70749 2.97118 1.90482 0.218386 -1.58079 -0.523599 4.181 3.616 2.50819 0 2.99097e+262 2.26716e+161 
 3.384 3.104 0.494396 3.9315e-245 6.52168e-38 3.69606 2.98658 2.20973 0.252819 -1.35288 -0.523599 4.149 3.646 2.53973 0 2.99097e+262 2.26716e+161 
 3.429 3.106 0.334279 3.9315e-245 6.52168e-38 3.7031 2.97332 -1.08193 0.240948 -1.21106 -0.523599 4.133 3.648 2.57428 0 2.99097e+262 2.26716e+161 
 3.42 3.125 0.195954 3.9315e-245 6.52168e-38 3.69618 2.97956 2.40849 0.262686 -1.07267 -0.523599 4.112 3.663 2.59501 0 2.99097e+262 2.26716e+161 
 3.436 3.129 0.0688765 3.9315e-245 6.52168e-38 3.6867 2.98104 2.98662 0.253999 -0.928432 -0.523599 4.095 3.669 2.60597 0 2.99097e+262 2.26716e+161 
 3.462 3.124 -0.0413004 3.9315e-245 6.52168e-38 3.65775 2.99524 2.6856 0.208756 -0.754113 -0.523599 4.063 3.685 2.6104 0 2.99097e+262 2.26716e+161 
 3.447 3.144 -0.137062 3.9315e-245 6.52168e-38 3.62135 2.99589 3.12376 0.201377 -0.779373 -0.523599 4.026 3.686 2.61127 0 2.99097e+262 2.26716e+161 
 3.501 3.127 -0.2153 3.9315e-245 6.52168e-38 3.59525 3.00794 2.70881 0.123722 -0.718043 -0.523599 4 3.698 2.61113 0 2.99097e+262 2.26716e+161 
 3.545 3.104 -0.294421 3.9315e-245 6.52168e-38 3.5534 3.03203 2.61931 0.0327419 -0.594027 -0.523599 3.96 3.721 2.60844 0 2.99097e+262 2.26716e+161 
 3.558 3.097 -0.366044 3.9315e-245 6.52168e-38 3.52215 3.05057 2.60605 1.86533e-07 -0.549364 -0.523599 3.938 3.734 2.59497 0 2.99097e+262 2.26716e+161 
 3.549 3.122 -0.423799 3.9315e-245 6.52168e-38 3.46159 3.07722 2.7271 3.87692e-08 -0.812634 -0.523599 3.896 3.749 2.56757 0 2.99097e+262 2.26716e+161 
 3.549 3.118 -0.479405 3.9315e-245 6.52168e-38 3.41375 3.11947 2.41811 1.29715e-08 -0.72651 -0.523599 3.868 3.778 2.53775 0 2.99097e+262 2.26716e+161 
 3.531 3.109 -0.559706 3.9315e-245 6.52168e-38 3.36418 3.14368 2.68735 8.47015e-09 -0.739782 -0.523599 3.837 3.789 2.50926 0 2.99097e+262 2.26716e+161 
 3.528 3.112 -0.633429 3.9315e-245 6.52168e-38 3.32731 3.17808 2.39091 4.2722e-09 -0.840146 -0.523599 3.814 3.813 2.48759 0 2.99097e+262 2.26716e+161 
 3.503 3.101 -0.709035 3.9315e-245 6.52168e-38 3.25471 3.22273 2.59012 1.88028e-10 -0.889602 -0.523599 3.755 3.847 2.466 0 2.99097e+262 2.26716e+161 
 3.497 3.106 -0.794799 3.9315e-245 6.52168e-38 3.22264 3.26029 2.27763 -6.70092e-09 -1.0835 0.523599 3.731 3.878 2.45299 0 2.99097e+262 2.26716e+161 
 3.49 3.105 -0.887163 3.9315e-245 6.52168e-38 3.18565 3.2988 2.33606 -1.67049e-09 -1.30319 0.523599 3.703 3.909 2.43836 0 2.99097e+262 2.26716e+161 
 3.497 3.097 -0.997458 3.9315e-245 6.52168e-38 3.15696 3.32495 2.40253 -2.2415e-09 -1.64099 0.523599 3.678 3.932 2.43229 0 2.99097e+262 2.26716e+161 
 3.511 3.106 -1.12935 3.9315e-245 6.52168e-38 3.13819 3.33661 2.58568 -1.68754e-09 -2.06479 0.523599 3.66 3.943 2.43103 0 2.99097e+262 2.26716e+161 
 3.534 3.103 -1.29419 3.9315e-245 6.52168e-38 3.135 3.33805 2.71613 4.25825e-10 -2.31226 -0.523599 3.655 3.946 2.43401 0 2.99097e+262 2.26716e+161 
 3.546 3.135 -1.49309 3.9315e-245 6.52168e-38 3.1226 3.37069 1.93398 5.71496e-09 -2.38211 -0.523599 3.641 3.98 2.43664 0 2.99097e+262 2.26716e+161 
 3.55 3.131 -1.69883 3.9315e-245 6.52168e-38 3.10071 3.39205 2.36826 2.04757e-08 -2.30913 -0.523599 3.616 4.004 2.44173 0 2.99097e+262 2.26716e+161 
 3.528 3.122 -1.90472 3.9315e-245 6.52168e-38 3.10394 3.41377 1.42319 3.32316e-08 -2.27801 -0.523599 3.608 4.035 2.45994 0 2.99097e+262 2.26716e+161 
 3.534 3.091 -2.1109 3.9315e-245 6.52168e-38 3.088 3.41208 -3.03572 0.0775019 -2.23373 -0.523599 3.576 4.046 2.48553 0 2.99097e+262 2.26716e+161 
 3.544 3.089 -2.31709 3.9315e-245 6.52168e-38 3.06566 3.43084 2.4431 0.201086 -2.14599 -0.523599 3.529 4.083 2.52388 0 2.99097e+262 2.26716e+161 
 3.552 3.103 -2.52034 3.9315e-245 6.52168e-38 3.07514 3.42576 -0.491645 0.308716 -1.97403 -0.523599 3.518 4.092 2.55494 0 2.99097e+262 2.26716e+161 
 3.576 3.113 -2.71936 3.9315e-245 6.52168e-38 3.08528 3.41343 -0.88262 0.40549 -1.68408 -0.523599 3.509 4.092 2.58341 0 2.99097e+262 2.26716e+161 
 3.539 3.101 -2.91052 3.9315e-245 6.52168e-38 3.07309 3.42721 2.29471 0.44229 -1.49661 -0.523599 3.48 4.116 2.608 0 2.99097e+262 2.26716e+161 
 3.526 3.102 -3.07539 3.9315e-245 6.52168e-38 3.06516 3.42723 3.13982 0.481005 -1.24 -0.43446 3.46 4.123 2.62542 0 2.99097e+262 2.26716e+161 
 3.472 3.097 3.05498 3.9315e-245 6.52168e-38 3.0503 3.43485 2.66761 0.479742 -1.07928 -0.384766 3.43 4.139 2.64706 0 2.99097e+262 2.26716e+161 
 3.466 3.084 2.92451 3.9315e-245 6.52168e-38 3.03849 3.45293 2.14965 0.518856 -0.920585 -0.309128 3.407 4.163 2.66287 0 2.99097e+262 2.26716e+161 
 3.424 3.05 2.80699 3.9315e-245 6.52168e-38 3.01369 3.47373 2.44368 0.546833 -0.874795 -0.28037 3.37 4.19 2.67998 0 2.99097e+262 2.26716e+161 
 3.35 3.082 2.70936 3.9315e-245 6.52168e-38 3.00704 3.48577 2.07532 0.495518 -0.805361 -0.28461 3.349 4.209 2.69992 0 2.99097e+262 2.26716e+161 
 3.328 3.073 2.6159 3.9315e-245 6.52168e-38 2.9806 3.49728 2.73094 0.522812 -0.672328 -0.227471 3.304 4.229 2.72544 0 2.99097e+262 2.26716e+161 
 3.269 3.085 2.52732 3.9315e-245 6.52168e-38 2.96939 3.50326 2.65153 0.492984 -0.6221 -0.223354 3.274 4.243 2.75097 0 2.99097e+262 2.26716e+161 
 3.248 3.134 2.45514 3.9315e-245 6.52168e-38 2.95814 3.50282 -3.10197 0.458452 -0.400489 -0.155965 3.244 4.25 2.77619 0 2.99097e+262 2.26716e+161 
 3.198 3.159 2.38844 3.9315e-245 6.52168e-38 2.9524 3.50009 -2.69798 0.411991 -0.346483 -0.150239 3.22 4.254 2.80051 0 2.99097e+262 2.26716e+161 
 3.164 3.162 2.34835 3.9315e-245 6.52168e-38 2.93041 3.51627 2.50717 0.415903 -0.349192 -0.149993 3.187 4.274 2.81508 0 2.99097e+262 2.26716e+161 
 3.146 3.198 2.3132 3.9315e-245 6.52168e-38 2.90706 3.53407 2.49027 0.406969 -0.221763 -0.0977718 3.154 4.295 2.82779 0 2.99097e+262 2.26716e+161 
 3.122 3.229 2.27912 3.9315e-245 6.52168e-38 2.88828 3.52952 -2.9037 0.377272 -0.0825552 -0.0393674 3.124 4.294 2.84251 0 2.99097e+262 2.26716e+161 
 3.077 3.256 2.26005 3.9315e-245 6.52168e-38 2.86663 3.54295 2.58625 0.352487 -0.0966968 -0.0493388 3.087 4.312 2.86252 0 2.99097e+262 2.26716e+161 
 3.07 3.304 2.25257 3.9315e-245 6.52168e-38 2.84749 3.55547 2.56248 0.332796 0.0713024 0.0385464 3.059 4.327 2.87402 0 2.99097e+262 2.26716e+161 
 3.055 3.313 2.24441 3.9315e-245 6.52168e-38 2.83079 3.56146 2.79715 0.331493 0.101141 0.0548645 3.031 4.336 2.88864 0 2.99097e+262 2.26716e+161 
 3.044 3.314 2.24662 3.9315e-245 6.52168e-38 2.8074 3.56359 3.0507 0.340301 0.139792 0.0738076 2.992 4.342 2.90875 0 2.99097e+262 2.26716e+161 
 3.033 3.371 2.24795 3.9315e-245 6.52168e-38 2.7958 3.56631 2.91085 0.300514 0.330259 0.195295 2.966 4.348 2.92721 0 2.99097e+262 2.26716e+161 
 2.996 3.42 2.25171 3.9315e-245 6.52168e-38 2.76682 3.55739 -2.84304 0.254017 0.527794 0.357896 2.923 4.342 2.9451 0 2.99097e+262 2.26716e+161 
 2.956 3.468 2.26958 3.9315e-245 6.52168e-38 2.74597 3.56144 2.94985 0.211582 0.630127 0.492086 2.892 4.348 2.95802 0 2.99097e+262 2.26716e+161 
 2.918 3.493 2.32487 3.9315e-245 6.52168e-38 2.71725 3.56702 2.94969 0.195994 0.618452 0.516546 2.861 4.354 2.96092 0 2.99097e+262 2.26716e+161 
 2.912 3.489 2.38848 3.9315e-245 6.52168e-38 2.69891 3.56436 -2.99759 0.21071 0.570423 0.453426 2.839 4.352 2.96557 0 2.99097e+262 2.26716e+161 
 2.934 3.511 2.44942 3.9315e-245 6.52168e-38 2.66495 3.58718 2.54993 0.261209 0.639044 0.414814 2.804 4.375 2.9669 0 2.99097e+262 2.26716e+161 
 2.891 3.548 2.50738 3.9315e-245 6.52168e-38 2.62183 3.61867 2.51078 0.2628 0.579445 0.377813 2.758 4.407 2.97054 0 2.99097e+262 2.26716e+161 
 2.887 3.513 2.5714 3.9315e-245 6.52168e-38 2.59442 3.62245 3.00481 0.305225 0.34448 0.200422 2.717 4.413 2.98776 0 2.99097e+262 2.26716e+161 
 2.869 3.539 2.62382 3.9315e-245 6.52168e-38 2.58087 3.61342 -2.55344 0.288258 0.420976 0.257059 2.682 4.407 3.01485 0 2.99097e+262 2.26716e+161 
 2.819 3.551 2.65549 3.9315e-245 6.52168e-38 2.58779 3.62654 1.08606 0.238798 0.246931 0.184025 2.663 4.423 3.04744 0 2.99097e+262 2.26716e+161 
 2.783 3.599 2.69524 3.9315e-245 6.52168e-38 2.579 3.63876 2.19435 0.201344 0.336923 0.292563 2.632 4.437 3.0753 0 2.99097e+262 2.26716e+161 
 2.771 3.628 2.72022 3.9315e-245 6.52168e-38 2.56642 3.63666 -2.97673 0.19258 0.495734 0.433901 2.599 4.436 3.10085 0 2.99097e+262 2.26716e+161 
 2.743 3.603 2.75726 3.9315e-245 6.52168e-38 2.54462 3.64706 2.69676 0.199526 0.217773 0.193991 2.554 4.447 3.12987 0 2.99097e+262 2.26716e+161 
 2.747 3.631 2.80466 3.9315e-245 6.52168e-38 2.51391 3.64512 -3.0787 0.225401 0.391042 0.302681 2.5 4.445 -3.12421 0 2.99097e+262 2.26716e+161 
 2.708 3.636 2.82423 3.9315e-245 6.52168e-38 2.49165 3.62184 -2.33378 0.203843 0.517207 0.428419 2.455 4.421 -3.09577 0 2.99097e+262 2.26716e+161 
 2.713 3.632 2.86742 3.9315e-245 6.52168e-38 2.45963 3.62173 -3.13825 0.242947 0.463637 0.330881 2.407 4.42 -3.07576 0 2.99097e+262 2.26716e+161 
 2.69 3.608 2.9199 3.9315e-245 6.52168e-38 2.44431 3.62235 3.1011 0.241812 0.238269 0.175537 2.383 4.42 -3.06487 0 2.99097e+262 2.26716e+161 
 2.69 3.638 2.95944 3.9315e-245 6.52168e-38 2.42871 3.61979 -2.97853 0.254147 0.377741 0.261413 2.362 4.417 -3.05811 0 2.99097e+262 2.26716e+161 
 2.662 3.65 2.98402 3.9315e-245 6.52168e-38 2.3973 3.61637 -3.03311 0.257387 0.429348 0.291694 2.324 4.413 -3.04984 0 2.99097e+262 2.26716e+161 
 2.629 3.676 3.02451 3.9315e-245 6.52168e-38 2.37082 3.61489 -3.08603 0.252211 0.525517 0.358819 2.292 4.411 -3.0429 0 2.99097e+262 2.26716e+161 
 2.614 3.696 3.06995 3.9315e-245 6.52168e-38 2.3372 3.61466 -3.1346 0.273946 0.558178 0.351526 2.251 4.41 -3.03363 0 2.99097e+262 2.26716e+161 
 2.549 3.679 3.12447 3.9315e-245 6.52168e-38 2.30463 3.60438 -2.83596 0.244872 0.463638 0.328465 2.212 4.399 -3.02555 0 2.99097e+262 2.26716e+161 
 2.554 3.657 -3.09996 3.9315e-245 6.52168e-38 2.28239 3.59445 -2.72162 0.273237 0.285859 0.186135 2.181 4.388 -3.01451 0 2.99097e+262 2.26716e+161 
 2.55 3.641 -3.05564 3.9315e-245 6.52168e-38 2.25392 3.58645 -2.86762 0.297648 0.154258 0.0930169 2.145 4.379 -3.00502 0 2.99097e+262 2.26716e+161 
 2.503 3.63 -3.031 3.9315e-245 6.52168e-38 2.2221 3.57818 -2.88728 0.282776 0.112621 0.0715659 2.108 4.37 -2.99848 0 2.99097e+262 2.26716e+161 
 2.454 3.634 -3.01749 3.9315e-245 6.52168e-38 2.18937 3.58896 2.82349 0.266025 0.0678312 0.0458643 2.07 4.38 -2.99182 0 2.99097e+262 2.26716e+161 
 2.411 3.65 -3.00825 3.9315e-245 6.52168e-38 2.17095 3.59866 2.65675 0.242935 0.112859 0.0834274 2.047 4.389 -2.98603 0 2.99097e+262 2.26716e+161 
 2.415 3.641 -3.0013 3.9315e-245 6.52168e-38 2.21021 3.54721 -0.919053 0.2168 0.401036 0.321417 2.071 4.335 -2.96669 0 2.99097e+262 2.26716e+161 
 2.381 3.639 -2.98873 3.9315e-245 6.52168e-38 2.24356 3.49427 -1.00858 0.167132 0.828803 0.523599 2.088 4.279 -2.9459 0 2.99097e+262 2.26716e+161 
 2.329 3.617 -2.94162 3.9315e-245 6.52168e-38 2.263 3.45396 -1.1214 0.112889 1.09085 0.523599 2.109 4.239 -2.94788 0 2.99097e+262 2.26716e+161 
 2.351 3.636 -2.85573 3.9315e-245 6.52168e-38 2.26621 3.36668 -1.53401 0.190873 1.42402 0.523599 2.13 4.155 -2.97049 0 2.99097e+262 2.26716e+161 
 2.327 3.624 -2.74342 3.9315e-245 6.52168e-38 2.1695 3.30486 -2.57285 0.295507 1.17629 0.523599 2.091 4.101 -3.04332 0 2.99097e+262 2.26716e+161 
 2.325 3.611 -2.6066 3.9315e-245 6.52168e-38 2.06451 3.268 -2.80395 0.407464 0.689995 0.295864 2.063 4.068 -3.1397 0 2.99097e+262 2.26716e+161 
 2.284 3.578 -2.49555 3.9315e-245 6.52168e-38 1.92493 3.27879 3.06446 0.463177 0.0895591 0.0347905 2.021 4.073 3.02122 0 2.99097e+262 2.26716e+161 
 2.25 3.557 -2.44623 3.9315e-245 6.52168e-38 1.8091 3.31713 2.82195 0.49193 -0.366735 -0.133394 1.983 4.098 2.92246 0 2.99097e+262 2.26716e+161 
 2.209 3.513 -2.44632 3.9315e-245 6.52168e-38 1.70879 3.3639 2.70525 0.491969 -0.751776 -0.268419 1.929 4.133 2.86273 0 2.99097e+262 2.26716e+161 
 2.145 3.496 -2.46288 3.9315e-245 6.52168e-38 1.59317 3.40434 2.80517 0.510696 -0.953553 -0.324229 1.844 4.164 2.82268 0 2.99097e+262 2.26716e+161 
 2.137 3.468 -2.5374 3.9315e-245 6.52168e-38 1.47048 3.46158 2.70506 0.591117 -1.10812 -0.325435 1.719 4.222 2.82571 0 2.99097e+262 2.26716e+161 
 2.094 3.433 -2.63635 3.9315e-245 6.52168e-38 1.45859 3.45666 -2.74933 0.575143 -1.01498 -0.307574 1.698 4.22 2.83767 0 2.99097e+262 2.26716e+161 
 2.064 3.408 -2.74831 3.9315e-245 6.52168e-38 1.48793 3.47318 0.512744 0.530839 -0.942913 -0.309457 1.675 4.251 2.90557 0 2.99097e+262 2.26716e+161 
 2.042 3.34 -2.85939 3.9315e-245 6.52168e-38 1.50129 3.53428 1.35558 0.502277 -1.15233 -0.391627 1.609 4.327 3.00654 0 2.99097e+262 2.26716e+161 
 1.976 3.346 -2.96639 3.9315e-245 6.52168e-38 1.56335 3.59603 0.782788 0.402515 -1.27786 -0.519158 1.57 4.396 3.13328 0 2.99097e+262 2.26716e+161 
 1.932 3.343 -3.0895 3.9315e-245 6.52168e-38 1.64546 3.6278 0.36924 0.31325 -1.4054 -0.523599 1.534 4.42 -3.00181 0 2.99097e+262 2.26716e+161 
 1.911 3.314 3.05649 3.9315e-245 6.52168e-38 1.72059 3.65299 0.323438 0.270277 -1.58986 -0.523599 1.477 4.415 -2.8322 0 2.99097e+262 2.26716e+161 
 1.814 3.331 2.91247 3.9315e-245 6.52168e-38 1.78541 3.68292 0.432593 0.172912 -1.88866 -0.523599 1.415 4.392 -2.6602 0 2.99097e+262 2.26716e+161 
 1.784 3.296 2.74912 3.9315e-245 6.52168e-38 1.83638 3.72956 0.741092 0.204705 -2.02223 -0.523599 1.361 4.373 -2.5053 0 2.99097e+262 2.26716e+161 
 1.766 3.321 2.56341 3.9315e-245 6.52168e-38 1.87376 3.76073 0.694941 0.236092 -1.96497 -0.523599 1.322 4.34 -2.38051 0 2.99097e+262 2.26716e+161 
 1.738 3.313 2.35928 3.9315e-245 6.52168e-38 1.92295 3.8051 0.734 0.308639 -1.89769 -0.523599 1.309 4.318 -2.26676 0 2.99097e+262 2.26716e+161 
 1.742 3.322 2.15452 3.9315e-245 6.52168e-38 1.93104 3.83253 1.28408 0.394211 -1.63241 -0.523599 1.284 4.303 -2.19949 0 2.99097e+262 2.26716e+161 
 1.725 3.339 1.95919 3.9315e-245 6.52168e-38 1.94943 3.83805 0.291843 0.433952 -1.44461 -0.523599 1.278 4.273 -2.14561 0 2.99097e+262 2.26716e+161 
 1.731 3.353 1.79095 3.9315e-245 6.52168e-38 1.92447 3.82123 -2.54849 0.445241 -1.10878 -0.4214 1.241 4.237 -2.11731 0 2.99097e+262 2.26716e+161 
 1.712 3.387 1.64581 3.9315e-245 6.52168e-38 1.90303 3.79551 -2.26569 0.41116 -0.917064 -0.381779 1.214 4.202 -2.10379 0 2.99097e+262 2.26716e+161 
 1.693 3.403 1.53018 3.9315e-245 6.52168e-38 1.90562 3.78688 -1.27977 0.406182 -0.830401 -0.352614 1.21 4.182 -2.08736 0 2.99097e+262 2.26716e+161 
 1.665 3.452 1.42823 3.9315e-245 6.52168e-38 1.89701 3.77112 -2.07075 0.362324 -0.843051 -0.396627 1.199 4.162 -2.08128 0 2.99097e+262 2.26716e+161 
 1.667 3.49 1.3359 3.9315e-245 6.52168e-38 1.88027 3.72559 -1.92305 0.289392 -0.806989 -0.4652 1.182 4.116 -2.0806 0 2.99097e+262 2.26716e+161 
 1.657 3.522 1.24629 3.9315e-245 6.52168e-38 1.85671 3.68659 -2.11422 0.229564 -0.816604 -0.523599 1.159 4.078 -2.08204 0 2.99097e+262 2.26716e+161 
 1.665 3.539 1.16355 3.9315e-245 6.52168e-38 1.83662 3.66089 -2.23427 0.186603 -0.717143 -0.523599 1.141 4.056 -2.08735 0 2.99097e+262 2.26716e+161 
 1.653 3.583 1.08114 3.9315e-245 6.52168e-38 1.80689 3.62426 -2.25268 0.118424 -0.870688 -0.523599 1.118 4.031 -2.10415 0 2.99097e+262 2.26716e+161 
 1.665 3.605 1.00797 3.9315e-245 6.52168e-38 1.77929 3.57466 -2.07853 0.0462431 -0.964182 -0.523599 1.098 3.994 -2.12255 0 2.99097e+262 2.26716e+161 
 1.665 3.596 0.919925 3.9315e-245 6.52168e-38 1.75616 3.52218 -1.98588 0.00926227 -1.05906 -0.523599 1.084 3.956 -2.14394 0 2.99097e+262 2.26716e+161 
 1.641 3.582 0.824538 3.9315e-245 6.52168e-38 1.7184 3.4839 -2.34937 5.56818e-07 -1.13541 -0.523599 1.055 3.931 -2.16382 0 2.99097e+262 2.26716e+161 
 1.643 3.604 0.720291 3.9315e-245 6.52168e-38 1.68683 3.44719 -2.2811 4.54511e-08 -1.43925 -0.523599 1.035 3.911 -2.18923 0 2.99097e+262 2.26716e+161 
 1.654 3.619 0.603112 3.9315e-245 6.52168e-38 1.66383 3.41415 -2.17888 2.48749e-08 -1.72204 -0.523599 1.02 3.889 -2.20627 0 2.99097e+262 2.26716e+161 
 1.658 3.596 0.457413 3.9315e-245 6.52168e-38 1.64719 3.38426 -2.07867 2.89611e-08 -1.77742 -0.523599 1.007 3.864 -2.21389 0 2.99097e+262 2.26716e+161 
 1.647 3.643 0.287029 3.9315e-245 6.52168e-38 1.63319 3.34566 -1.91872 1.85994e-08 -2.14721 -0.523599 0.998 3.832 -2.22424 0 2.99097e+262 2.26716e+161 
 1.688 3.637 0.106415 3.9315e-245 6.52168e-38 1.60694 3.32115 -2.39062 5.28223e-08 -2.23068 -0.523599 0.976 3.813 -2.23294 0 2.99097e+262 2.26716e+161 
 1.68 3.63 -0.0930073 3.9315e-245 6.52168e-38 1.58122 3.28365 -2.17197 0.0143631 -2.22771 -0.523599 0.957 3.784 -2.24649 0 2.99097e+262 2.26716e+161 
 1.66 3.63 -0.297002 3.9315e-245 6.52168e-38 1.56838 3.25289 -1.96634 0.108475 -2.1558 -0.523599 0.948 3.758 -2.25413 0 2.99097e+262 2.26716e+161 
 1.669 3.602 -0.502091 3.9315e-245 6.52168e-38 1.53595 3.23351 -2.60274 0.143721 -2.08781 -0.523599 0.92 3.744 -2.26284 0 2.99097e+262 2.26716e+161 
 1.664 3.618 -0.706606 3.9315e-245 6.52168e-38 1.50386 3.20543 -2.42274 0.230016 -1.9602 -0.523599 0.893 3.722 -2.27275 0 2.99097e+262 2.26716e+161 
 1.674 3.622 -0.91 3.9315e-245 6.52168e-38 1.47353 3.18285 -2.50181 0.302797 -1.81297 -0.523599 0.864 3.701 -2.27534 0 2.99097e+262 2.26716e+161 
 1.687 3.629 -1.10591 3.9315e-245 6.52168e-38 1.45036 3.16202 -2.40915 0.380209 -1.62045 -0.523599 0.839 3.678 -2.27179 0 2.99097e+262 2.26716e+161 
 1.708 3.625 -1.28838 3.9315e-245 6.52168e-38 1.44369 3.12479 -1.74814 0.46049 -1.38249 -0.495443 0.83 3.638 -2.26726 0 2.99097e+262 2.26716e+161 
 1.716 3.623 -1.44827 3.9315e-245 6.52168e-38 1.42939 3.09847 -2.06834 0.523692 -1.14865 -0.376022 0.811 3.606 -2.25805 0 2.99097e+262 2.26716e+161 
 1.755 3.551 -1.5824 3.9315e-245 6.52168e-38 1.40706 3.0767 -2.36901 0.515621 -1.1449 -0.380229 0.782 3.576 -2.24481 0 2.99097e+262 2.26716e+161 
 1.769 3.572 -1.69779 3.9315e-245 6.52168e-38 1.39116 3.07744 3.09503 0.566316 -0.983438 -0.302957 0.76 3.569 -2.23249 0 2.99097e+262 2.26716e+161 
 1.809 3.488 -1.81904 3.9315e-245 6.52168e-38 1.36336 3.06782 -2.80869 0.549011 -1.05436 -0.332824 0.722 3.546 -2.21145 0 2.99097e+262 2.26716e+161 
 1.794 3.462 -1.92095 3.9315e-245 6.52168e-38 1.37354 3.06446 -0.319451 0.536992 -0.866532 -0.282684 0.718 3.523 -2.18118 0 2.99097e+262 2.26716e+161 
 1.791 3.372 -2.0333 3.9315e-245 6.52168e-38 1.38335 3.06585 0.141198 0.472641 -0.853415 -0.314244 0.714 3.504 -2.15039 0 2.99097e+262 2.26716e+161 
 1.772 3.307 -2.12872 3.9315e-245 6.52168e-38 1.39439 3.07783 0.825848 0.408599 -0.83547 -0.352663 0.713 3.497 -2.1223 0 2.99097e+262 2.26716e+161 
 1.763 3.256 -2.22469 3.9315e-245 6.52168e-38 1.39531 3.06069 -1.51691 0.38935 -0.757209 -0.336732 0.705 3.465 -2.10063 0 2.99097e+262 2.26716e+161 
 1.714 3.233 -2.31575 3.9315e-245 6.52168e-38 1.37299 3.03954 -2.38314 0.377134 -0.541785 -0.253043 0.677 3.434 -2.08642 0 2.99097e+262 2.26716e+161 
 1.681 3.216 -2.39606 3.9315e-245 6.52168e-38 1.35327 3.00439 -2.08199 0.383275 -0.302104 -0.140938 0.654 3.393 -2.07803 0 2.99097e+262 2.26716e+161 
 1.66 3.153 -2.45071 3.9315e-245 6.52168e-38 1.33922 2.97375 -2.0007 0.360621 -0.312212 -0.154594 0.637 3.357 -2.07039 0 2.99097e+262 2.26716e+161 
 1.666 3.112 -2.47937 3.9315e-245 6.52168e-38 1.30958 2.95385 -2.55036 0.379444 -0.42817 -0.200388 0.603 3.329 -2.05889 0 2.99097e+262 2.26716e+161 
 1.655 3.105 -2.51131 3.9315e-245 6.52168e-38 1.29772 2.94061 -2.30145 0.385188 -0.349786 -0.162024 0.584 3.302 -2.03951 0 2.99097e+262 2.26716e+161 
 1.626 3.093 -2.55396 3.9315e-245 6.52168e-38 1.29799 2.92543 -1.55277 0.363732 -0.199032 -0.0981784 0.576 3.27 -2.01607 0 2.99097e+262 2.26716e+161 
 1.601 3.075 -2.58508 3.9315e-245 6.52168e-38 1.28767 2.92123 -2.75506 0.345017 -0.170023 -0.0884716 0.557 3.247 -1.99019 0 2.99097e+262 2.26716e+161 
 1.544 3.083 -2.60332 3.9315e-245 6.52168e-38 1.29296 2.90851 -1.17618 0.302703 0.111536 0.0662269 0.554 3.215 -1.96395 0 2.99097e+262 2.26716e+161 
 1.515 3.042 -2.61631 3.9315e-245 6.52168e-38 1.28536 2.87236 -1.77808 0.281971 0.173842 0.110522 0.544 3.173 -1.95606 0 2.99097e+262 2.26716e+161 
 1.472 3.05 -2.6131 3.9315e-245 6.52168e-38 1.27529 2.85324 -2.05558 0.269794 0.396606 0.258677 0.53 3.144 -1.94276 0 2.99097e+262 2.26716e+161 
 1.448 3.023 -2.6076 3.9315e-245 6.52168e-38 1.28273 2.8022 -1.42618 0.259232 0.602224 0.396063 0.534 3.084 -1.93077 0 2.99097e+262 2.26716e+161 
 1.452 2.977 -2.58506 3.9315e-245 6.52168e-38 1.28293 2.80143 -1.31715 0.236591 0.358729 0.266434 0.529 3.069 -1.91184 0 2.99097e+262 2.26716e+161 
 1.44 2.958 -2.52415 3.9315e-245 6.52168e-38 1.26505 2.77462 -2.1589 0.248179 0.283268 0.20263 0.51 3.039 -1.9076 0 2.99097e+262 2.26716e+161 
 1.391 2.933 -2.49281 3.9315e-245 6.52168e-38 1.24031 2.74424 -2.25429 0.234405 0.357869 0.268189 0.484 3.005 -1.90281 0 2.99097e+262 2.26716e+161 
 1.366 2.904 -2.46337 3.9315e-245 6.52168e-38 1.22313 2.72359 -2.26457 0.224245 0.313314 0.246385 0.465 2.979 -1.89575 0 2.99097e+262 2.26716e+161 
 1.35 2.905 -2.42808 3.9315e-245 6.52168e-38 1.21504 2.70784 -2.04553 0.231505 0.368265 0.278872 0.451 2.945 -1.87177 0 2.99097e+262 2.26716e+161 
 1.323 2.908 -2.3959 3.9315e-245 6.52168e-38 1.20646 2.66606 -1.77337 0.25358 0.568165 0.383351 0.437 2.885 -1.84801 0 2.99097e+262 2.26716e+161 
 1.293 2.903 -2.35533 3.9315e-245 6.52168e-38 1.18963 2.65605 -2.60514 0.251962 0.584907 0.395802 0.414 2.852 -1.81825 0 2.99097e+262 2.26716e+161 
 1.308 2.857 -2.29712 3.9315e-245 6.52168e-38 1.16399 2.63365 -2.42347 0.261432 0.232762 0.158909 0.383 2.807 -1.78922 0 2.99097e+262 2.26716e+161 
 1.296 2.885 -2.24293 3.9315e-245 6.52168e-38 1.13799 2.6043 -2.29581 0.316804 0.262234 0.147906 0.351 2.748 -1.7514 0 2.99097e+262 2.26716e+161 
 1.299 2.847 -2.22501 3.9315e-245 6.52168e-38 1.13389 2.62359 1.78011 0.275466 0.0275241 0.0179833 0.341 2.73 -1.70421 0 2.99097e+262 2.26716e+161 
 1.28 2.816 -2.20562 3.9315e-245 6.52168e-38 1.14134 2.63484 0.986122 0.226208 -0.025937 -0.0206359 0.344 2.7 -1.65233 0 2.99097e+262 2.26716e+161 
 1.273 2.776 -2.20386 3.9315e-245 6.52168e-38 1.1318 2.63812 2.81108 0.193798 -0.211993 -0.194413 0.332 2.656 -1.59315 0 2.99097e+262 2.26716e+161 
 1.289 2.802 -2.20503 3.9315e-245 6.52168e-38 1.13386 2.65405 1.44235 0.210277 -0.236866 -0.200048 0.334 2.639 -1.55198 0 2.99097e+262 2.26716e+161 
 1.223 2.768 -2.20859 3.9315e-245 6.52168e-38 1.14568 2.64091 -0.838219 0.14705 0.0981484 0.119568 0.347 2.595 -1.51338 0 2.99097e+262 2.26716e+161 
 1.227 2.752 -2.21214 3.9315e-245 6.52168e-38 1.14625 2.6293 -1.52206 0.145467 0.0632119 0.0780593 0.349 2.563 -1.48782 0 2.99097e+262 2.26716e+161 
 1.192 2.733 -2.21029 3.9315e-245 6.52168e-38 1.12909 2.62997 3.10303 0.119315 0.084396 0.12664 0.333 2.551 -1.47193 0 2.99097e+262 2.26716e+161 
 1.19 2.735 -2.20964 3.9315e-245 6.52168e-38 1.13732 2.59717 -1.32506 0.142093 0.29114 0.353332 0.343 2.502 -1.45156 0 2.99097e+262 2.26716e+161 
 1.167 2.705 -2.20572 3.9315e-245 6.52168e-38 1.1477 2.58184 -0.975507 0.112341 0.444148 0.523599 0.355 2.474 -1.43558 0 2.99097e+262 2.26716e+161 
 1.2 2.706 -2.18539 3.9315e-245 6.52168e-38 1.1596 2.54462 -1.26128 0.156511 0.424125 0.453822 0.368 2.429 -1.42576 0 2.99097e+262 2.26716e+161 
 1.212 2.716 -2.1419 3.9315e-245 6.52168e-38 1.17689 2.4904 -1.26217 0.212646 0.578338 0.455252 0.386 2.37 -1.41973 0 2.99097e+262 2.26716e+161 
 1.184 2.685 -2.09709 3.9315e-245 6.52168e-38 1.17001 2.46159 -1.80515 0.205198 0.634754 0.508055 0.379 2.342 -1.42075 0 2.99097e+262 2.26716e+161 
 1.148 2.655 -2.03826 3.9315e-245 6.52168e-38 1.17303 2.41848 -1.50093 0.209057 0.8035 0.523599 0.382 2.299 -1.42089 0 2.99097e+262 2.26716e+161 
 1.159 2.669 -1.97134 3.9315e-245 6.52168e-38 1.19762 2.37913 -1.01213 0.262698 0.828164 0.516147 0.407 2.257 -1.41753 0 2.99097e+262 2.26716e+161 
 1.15 2.632 -1.88969 3.9315e-245 6.52168e-38 1.21047 2.35908 -1.00074 0.250475 0.817617 0.523599 0.42 2.236 -1.41633 0 2.99097e+262 2.26716e+161 
 1.154 2.578 -1.80848 3.9315e-245 6.52168e-38 1.21749 2.355 -0.527607 0.208674 0.715948 0.523599 0.427 2.232 -1.41644 0 2.99097e+262 2.26716e+161 
 1.164 2.584 -1.72634 3.9315e-245 6.52168e-38 1.23491 2.32128 -1.09394 0.253886 0.635441 0.423281 0.444 2.201 -1.41987 0 2.99097e+262 2.26716e+161 
 1.145 2.536 -1.65581 3.9315e-245 6.52168e-38 1.25127 2.29089 -1.07695 0.243071 0.739051 0.500756 0.46 2.173 -1.42289 0 2.99097e+262 2.26716e+161 
 1.193 2.518 -1.59228 3.9315e-245 6.52168e-38 1.28103 2.26334 -0.746829 0.255883 0.536528 0.36089 0.488 2.158 -1.43874 0 2.99097e+262 2.26716e+161 
 1.207 2.496 -1.52312 3.9315e-245 6.52168e-38 1.31463 2.25052 -0.364491 0.253804 0.551844 0.373047 0.519 2.167 -1.46621 0 2.99097e+262 2.26716e+161 
 1.18 2.449 -1.46919 3.9315e-245 6.52168e-38 1.33353 2.20786 -1.15377 0.263039 0.719308 0.457411 0.536 2.145 -1.49214 0 2.99097e+262 2.26716e+161 
 1.196 2.441 -1.41029 3.9315e-245 6.52168e-38 1.34652 2.12773 -1.41005 0.335555 0.484179 0.254112 0.547 2.1 -1.53613 0 2.99097e+262 2.26716e+161 
 1.192 2.388 -1.34146 3.9315e-245 6.52168e-38 1.36681 2.0777 -1.18547 0.344142 0.482025 0.246971 0.567 2.095 -1.59243 0 2.99097e+262 2.26716e+161 
 1.21 2.371 -1.29573 3.9315e-245 6.52168e-38 1.36925 2.04548 -1.49516 0.355689 0.308459 0.154849 0.57 2.08 -1.61396 0 2.99097e+262 2.26716e+161 
 1.2 2.316 -1.24993 3.9315e-245 6.52168e-38 1.37814 1.99245 -1.40479 0.362422 0.31465 0.15502 0.58 2.047 -1.63903 0 2.99097e+262 2.26716e+161 
 1.229 2.292 -1.22084 3.9315e-245 6.52168e-38 1.39686 1.96749 -0.927339 0.360452 0.219257 0.109057 0.599 2.026 -1.644 0 2.99097e+262 2.26716e+161 
 1.203 2.257 -1.19078 3.9315e-245 6.52168e-38 1.39588 1.96478 -1.91715 0.342637 0.344481 0.179031 0.598 2.023 -1.64364 0 2.99097e+262 2.26716e+161 
 1.226 2.221 -1.16337 3.9315e-245 6.52168e-38 1.40692 1.9644 -0.0346031 0.307016 0.336212 0.194622 0.609 2.022 -1.64286 0 2.99097e+262 2.26716e+161 
 1.238 2.211 -1.12843 3.9315e-245 6.52168e-38 1.41492 1.95836 -0.646411 0.303013 0.272497 0.160481 0.617 2.016 -1.64291 0 2.99097e+262 2.26716e+161 
 1.218 2.159 -1.09633 3.9315e-245 6.52168e-38 1.41091 1.94619 -1.8893 0.278331 0.40986 0.259103 0.613 2.004 -1.64312 0 2.99097e+262 2.26716e+161 
 1.227 2.127 -1.06616 3.9315e-245 6.52168e-38 1.41791 1.93717 -0.91108 0.259728 0.430604 0.290009 0.62 1.995 -1.64314 0 2.99097e+262 2.26716e+161 
 1.259 2.136 -1.02739 3.9315e-245 6.52168e-38 1.41991 1.93422 -0.975098 0.25447 0.193955 0.136344 0.622 1.992 -1.64309 0 2.99097e+262 2.26716e+161 
 1.281 2.127 -1.02261 3.9315e-245 6.52168e-38 1.42191 1.93217 -0.797025 0.237941 0.112559 0.0849447 0.624 1.99 -1.64314 0 2.99097e+262 2.26716e+161 
 1.27 2.129 -1.02283 3.9315e-245 6.52168e-38 1.41791 1.93318 2.89512 0.242541 0.144276 0.106667 0.62 1.991 -1.64314 0 2.99097e+262 2.26716e+161 
 1.241 2.137 -1.02349 3.9315e-245 6.52168e-38 1.41291 1.93618 2.60048 0.259853 0.242794 0.166624 0.615 1.994 -1.64313 0 2.99097e+262 2.26716e+161 
 1.254 2.131 -1.02409 3.9315e-245 6.52168e-38 1.41091 1.93914 2.16562 0.244155 0.203313 0.148782 0.613 1.997 -1.64318 0 2.99097e+262 2.26716e+161 
 1.279 2.131 -1.0242 3.9315e-245 6.52168e-38 1.4149 1.94111 0.456796 0.231122 0.106034 0.0823933 0.617 1.999 -1.64322 0 2.99097e+262 2.26716e+161 
 1.265 2.13 -1.0239 3.9315e-245 6.52168e-38 1.4119 1.95109 1.86294 0.227982 0.198723 0.15563 0.614 2.009 -1.64325 0 2.99097e+262 2.26716e+161 
 1.266 2.126 -1.02401 3.9315e-245 6.52168e-38 1.4079 1.95213 2.88746 0.221076 0.191476 0.154655 0.61 2.01 -1.6432 0 2.99097e+262 2.26716e+161 
 1.261 2.127 -1.02404 3.9315e-245 6.52168e-38 1.40691 1.95714 1.76736 0.219978 0.226139 0.182972 0.609 2.015 -1.64318 0 2.99097e+262 2.26716e+161 
 1.251 2.126 -1.02402 3.9315e-245 6.52168e-38 1.40391 1.96415 1.975 0.217356 0.290499 0.236086 0.606 2.022 -1.64317 0 2.99097e+262 2.26716e+161 
 1.247 2.134 -1.0241 3.9315e-245 6.52168e-38 1.3979 1.96514 2.97944 0.22195 0.254864 0.203822 0.6 2.023 -1.64319 0 2.99097e+262 2.26716e+161 
 1.28 2.119 -1.02401 3.9315e-245 6.52168e-38 1.4019 1.97108 0.97923 0.18867 0.180819 0.170828 0.604 2.029 -1.64325 0 2.99097e+262 2.26716e+161 
 1.256 2.133 -1.02403 3.9315e-245 6.52168e-38 1.4039 1.96706 -1.10947 0.217876 0.250389 0.203984 0.606 2.025 -1.64328 0 2.99097e+262 2.26716e+161 
 1.261 2.127 -1.02402 3.9315e-245 6.52168e-38 1.3999 1.96606 -2.89547 0.208769 0.222774 0.189764 0.602 2.024 -1.64329 0 2.99097e+262 2.26716e+161 
 1.26 2.138 -1.02397 3.9315e-245 6.52168e-38 1.4009 1.96105 -1.37365 0.223065 0.175473 0.140661 0.603 2.019 -1.64329 0 2.99097e+262 2.26716e+161 
 1.264 2.135 -1.02402 3.9315e-245 6.52168e-38 1.4029 1.95802 -0.988383 0.221998 0.16523 0.133178 0.605 2.016 -1.64333 0 2.99097e+262 2.26716e+161 
 1.253 2.141 -1.02405 3.9315e-245 6.52168e-38 1.4109 1.95907 0.130456 0.236553 0.242459 0.182443 0.613 2.017 -1.64327 0 2.99097e+262 2.26716e+161 
 1.256 2.137 -1.02398 3.9315e-245 6.52168e-38 1.4119 1.95702 -1.11973 0.233845 0.239475 0.182288 0.614 2.015 -1.64334 0 2.99097e+262 2.26716e+161 
 1.266 2.128 -1.02397 3.9315e-245 6.52168e-38 1.4109 1.95503 -2.0367 0.221982 0.209782 0.168494 0.613 2.013 -1.64332 0 2.99097e+262 2.26716e+161 
 1.258 2.144 -1.02241 3.9315e-245 6.52168e-38 1.4089 1.95508 3.11484 0.238467 0.18171 0.136308 0.611 2.013 -1.64326 0 2.99097e+262 2.26716e+161 
 1.284 2.13 -1.00911 3.9315e-245 6.52168e-38 1.4119 1.96607 1.30429 0.205443 0.134427 0.117239 0.614 2.024 -1.64328 0 2.99097e+262 2.26716e+161 
 1.279 2.114 -1.00439 3.9315e-245 6.52168e-38 1.4089 1.96008 -2.03514 0.198428 0.17593 0.158257 0.611 2.018 -1.64326 0 2.99097e+262 2.26716e+161 
 1.301 2.054 -0.991863 3.9315e-245 6.52168e-38 1.4069 1.9531 -1.84964 0.142069 0.244235 0.300097 0.609 2.011 -1.64324 0 2.99097e+262 2.26716e+161 
 1.308 2.044 -0.970913 3.9315e-245 6.52168e-38 1.4039 1.96407 1.83786 0.120035 0.259898 0.371624 0.606 2.022 -1.64327 0 2.99097e+262 2.26716e+161 
 1.321 2.001 -0.94592 3.9315e-245 6.52168e-38 1.4089 1.96604 0.375439 0.0813104 0.417813 0.523599 0.611 2.024 -1.64331 0 2.99097e+262 2.26716e+161 
 1.331 1.993 -0.915812 3.9315e-245 6.52168e-38 1.4059 1.96806 2.54876 0.06657 0.374196 0.523599 0.608 2.026 -1.64328 0 2.99097e+262 2.26716e+161 
 1.291 2.003 -0.874643 3.9315e-245 6.52168e-38 1.4069 1.96704 -0.794461 0.104592 0.515538 0.523599 0.609 2.025 -1.64331 0 2.99097e+262 2.26716e+161 
 1.348 1.982 -0.835517 3.9315e-245 6.52168e-38 1.4009 1.96503 -2.81774 0.0483722 0.244509 0.523599 0.603 2.023 -1.64332 0 2.99097e+262 2.26716e+161 
 1.345 2.036 -0.786538 3.9315e-245 6.52168e-38 1.39489 1.968 2.68198 0.0828237 -0.104686 -0.223706 0.597 2.026 -1.64336 0 2.99097e+262 2.26716e+161 
 1.34 2.026 -0.770343 3.9315e-245 6.52168e-38 1.39289 1.96996 2.36617 0.0763525 -0.028232 -0.0664586 0.595 2.028 -1.64341 0 2.99097e+262 2.26716e+161 
 1.355 2.013 -0.773662 3.9315e-245 6.52168e-38 1.40088 1.96776 -0.26884 0.0638933 -0.00259163 -0.00730101 0.603 2.026 -1.64366 0 2.99097e+262 2.26716e+161 
 1.358 1.988 -0.773742 3.9315e-245 6.52168e-38 1.39365 1.95379 -2.04787 0.0490001 0.00391796 0.0143915 0.596 2.015 -1.64738 0 2.99097e+262 2.26716e+161 
 1.354 1.99 -0.77366 3.9315e-245 6.52168e-38 1.38258 1.93684 -2.14939 0.0574073 -0.156124 -0.455233 0.585 1.999 -1.64858 0 2.99097e+262 2.26716e+161 
 1.376 1.986 -0.774058 3.9315e-245 6.52168e-38 1.30023 1.87551 -2.5015 0.0381936 -1.12802 -0.523599 0.503 1.942 -1.654 0 2.99097e+262 2.26716e+161 
 1.375 1.983 -0.779504 3.9315e-245 6.52168e-38 1.21629 1.74615 -2.14642 0.106782 -1.84962 -0.523599 0.419 1.812 -1.6532 0 2.99097e+262 2.26716e+161 
 1.38 1.991 -0.867666 3.9315e-245 6.52168e-38 1.19167 1.6808 -1.93111 0.181635 -1.8917 -0.523599 0.393 1.727 -1.62857 0 2.99097e+262 2.26716e+161 
 1.371 1.992 -1.01629 3.9315e-245 6.52168e-38 1.19168 1.71363 1.57034 0.194159 -1.70186 -0.523599 0.392 1.691 -1.54251 0 2.99097e+262 2.26716e+161 
 1.397 1.989 -1.22236 3.9315e-245 6.52168e-38 1.19896 1.80946 1.49499 0.141815 -1.61276 -0.523599 0.41 1.677 -1.40446 0 2.99097e+262 2.26716e+161 
 1.377 1.976 -1.39877 3.9315e-245 6.52168e-38 1.18759 1.88376 1.72255 0.0894104 -1.50001 -0.523599 0.425 1.642 -1.26379 0 2.99097e+262 2.26716e+161 
 1.38 1.991 -1.56611 3.9315e-245 6.52168e-38 1.17818 1.91736 1.84408 0.102843 -1.46655 -0.523599 0.446 1.595 -1.15606 0 2.99097e+262 2.26716e+161 
 1.412 1.959 -1.7212 3.9315e-245 6.52168e-38 1.15072 1.9536 2.21917 0.0917317 -1.78733 -0.523599 0.452 1.564 -1.06215 0 2.99097e+262 2.26716e+161 
 1.438 1.934 -1.85768 3.9315e-245 6.52168e-38 1.14506 1.95152 -2.78922 0.12011 -1.84083 -0.523599 0.474 1.516 -0.995128 0 2.99097e+262 2.26716e+161 
 1.43 1.933 -2.05858 3.9315e-245 6.52168e-38 1.13973 1.94063 -2.02634 0.171483 -1.59546 -0.523599 0.495 1.467 -0.937213 0 2.99097e+262 2.26716e+161 
 1.42 1.92 -2.24436 3.9315e-245 6.52168e-38 1.13019 1.96511 1.94242 0.185136 -1.53546 -0.523599 0.509 1.461 -0.88907 0 2.99097e+262 2.26716e+161 
 1.369 1.908 -2.4097 3.9315e-245 6.52168e-38 1.13284 1.96333 -0.590388 0.164555 -1.30055 -0.523599 0.533 1.434 -0.847762 0 2.99097e+262 2.26716e+161 
 1.387 1.855 -2.548 3.9315e-245 6.52168e-38 1.13518 1.94234 -1.45969 0.188035 -1.32253 -0.523599 0.548 1.399 -0.824163 0 2.99097e+262 2.26716e+161 
 1.397 1.842 -2.68278 3.9315e-245 6.52168e-38 1.15885 1.91733 -0.812843 0.1982 -1.07961 -0.523599 0.583 1.362 -0.803539 0 2.99097e+262 2.26716e+161 
 1.384 1.814 -2.82855 3.9315e-245 6.52168e-38 1.18075 1.88761 -0.935913 0.181368 -0.871516 -0.523599 0.618 1.319 -0.780223 0 2.99097e+262 2.26716e+161 
 1.405 1.826 -2.92841 3.9315e-245 6.52168e-38 1.20216 1.86994 -0.689891 0.192415 -0.560578 -0.482983 0.649 1.292 -0.763499 0 2.99097e+262 2.26716e+161 
 1.319 1.834 -3.01598 3.9315e-245 6.52168e-38 1.21677 1.84511 -1.03898 0.0996703 -0.189755 -0.330147 0.668 1.263 -0.755927 0 2.99097e+262 2.26716e+161 
 1.331 1.883 -3.06737 3.9315e-245 6.52168e-38 1.23277 1.82693 -0.84928 0.103206 0.383202 0.523599 0.687 1.242 -0.750781 0 2.99097e+262 2.26716e+161 
 1.315 1.879 -3.07896 3.9315e-245 6.52168e-38 1.25793 1.81049 -0.578772 0.0644118 0.547856 0.523599 0.716 1.222 -0.744233 0 2.99097e+262 2.26716e+161 
 1.326 1.867 -3.0685 3.9315e-245 6.52168e-38 1.28745 1.79975 -0.348641 0.0467115 0.561052 0.523599 0.748 1.209 -0.74004 0 2.99097e+262 2.26716e+161 
 1.283 1.867 -3.02083 3.9315e-245 6.52168e-38 1.29826 1.78684 -0.873914 0.000903255 0.761546 0.523599 0.76 1.195 -0.738027 0 2.99097e+262 2.26716e+161 
 1.297 1.889 -2.96188 3.9315e-245 6.52168e-38 1.31088 1.77019 -0.922394 0.0204976 1.05866 0.523599 0.773 1.178 -0.73738 0 2.99097e+262 2.26716e+161 
 1.306 1.857 -2.88281 3.9315e-245 6.52168e-38 1.33344 1.74867 -0.761554 0.0127362 1.00805 0.523599 0.795 1.157 -0.738331 0 2.99097e+262 2.26716e+161 
 1.283 1.861 -2.77769 3.9315e-245 6.52168e-38 1.35368 1.72246 -0.913374 0.00492674 1.36009 0.523599 0.815 1.131 -0.738737 0 2.99097e+262 2.26716e+161 
 1.316 1.865 -2.67421 3.9315e-245 6.52168e-38 1.37707 1.69619 -0.843334 0.0478389 1.4418 0.523599 0.837 1.106 -0.741079 0 2.99097e+262 2.26716e+161 
 1.303 1.874 -2.54293 3.9315e-245 6.52168e-38 1.40142 1.65787 -1.00472 0.0812019 1.6966 0.523599 0.861 1.068 -0.741674 0 2.99097e+262 2.26716e+161 
 1.285 1.874 -2.39708 3.9315e-245 6.52168e-38 0.293971 1.57034 -3.06272 0.966347 -0.843127 -0.155776 0.883 1.029 -0.743231 0 2.99097e+262 2.26716e+161 
 1.297 1.859 -2.23392 3.9315e-245 6.52168e-38 0.324953 1.53823 -0.803289 0.908484 -1.08536 -0.211819 0.915 0.998 -0.741348 0 2.99097e+262 2.26716e+161 
 1.283 1.853 -2.13287 3.9315e-245 6.52168e-38 0.348419 1.51334 -0.814721 0.85535 -1.20189 -0.24773 0.942 0.977 -0.734784 0 2.99097e+262 2.26716e+161 
 1.284 1.836 -2.10502 3.9315e-245 6.52168e-38 0.377948 1.46795 -0.994007 0.845107 -1.18894 -0.24802 0.979 0.94 -0.720743 0 2.99097e+262 2.26716e+161 
 1.273 1.779 -2.13749 3.9315e-245 6.52168e-38 0.392484 1.43898 -1.10575 0.821628 -1.16822 -0.250553 1.003 0.922 -0.702631 0 2.99097e+262 2.26716e+161 
 1.221 1.742 -2.21096 3.9315e-245 6.52168e-38 0.40631 1.41572 -1.03453 0.791599 -1.03016 -0.230098 1.027 0.911 -0.682715 0 2.99097e+262 2.26716e+161 
 1.175 1.653 -2.32079 3.9315e-245 6.52168e-38 0.410564 1.39249 -1.38967 0.743164 -0.932231 -0.222069 1.041 0.9 -0.663169 0 2.99097e+262 2.26716e+161 
 1.122 1.577 -2.43182 3.9315e-245 6.52168e-38 0.416692 1.36892 -1.31645 0.690642 -0.806435 -0.207163 1.056 0.888 -0.644941 0 2.99097e+262 2.26716e+161 
 1.076 1.513 -2.4268 3.9315e-245 6.52168e-38 0.382018 1.27595 -1.92776 0.695298 -0.737857 -0.188744 1.069 0.866 -0.538014 0 2.99097e+262 2.26716e+161 
 1.033 1.48 -2.40783 3.9315e-245 6.52168e-38 0.374717 1.22559 -1.71478 0.672326 -0.698583 -0.184894 1.08 0.848 -0.491548 0 2.99097e+262 2.26716e+161 
 1.054 1.459 -2.34306 3.9315e-245 6.52168e-38 0.374915 1.18464 -1.56597 0.689386 -0.791113 -0.203696 1.088 0.822 -0.470467 0 2.99097e+262 2.26716e+161 
 1.053 1.415 -2.26686 3.9315e-245 6.52168e-38 0.388249 1.14616 -1.23725 0.660283 -0.927983 -0.247779 1.109 0.799 -0.44887 0 2.99097e+262 2.26716e+161 
 1.031 1.433 -2.22194 3.9315e-245 6.52168e-38 0.408023 1.08954 -1.2348 0.669364 -0.79263 -0.210005 1.141 0.769 -0.412252 0 2.99097e+262 2.26716e+161 
 1.035 1.406 -2.17467 3.9315e-245 6.52168e-38 0.421061 1.04821 -1.2652 0.664384 -0.835457 -0.222598 1.163 0.749 -0.383333 0 2.99097e+262 2.26716e+161 
 1.029 1.399 -2.1109 3.9315e-245 6.52168e-38 0.434168 1.01251 -1.21892 0.660368 -0.863071 -0.231051 1.183 0.731 -0.359592 0 2.99097e+262 2.26716e+161 
 0.997 1.367 -2.05385 3.9315e-245 6.52168e-38 0.447612 0.982269 -1.1525 0.620178 -0.901259 -0.255848 1.202 0.716 -0.33931 0 2.99097e+262 2.26716e+161 
 1.016 1.334 -2.03754 3.9315e-245 6.52168e-38 0.472725 0.944768 -0.980733 0.616907 -0.911055 -0.259817 1.235 0.702 -0.308322 0 2.99097e+262 2.26716e+161 
 1.029 1.346 -2.03819 3.9315e-245 6.52168e-38 0.509602 0.921 -0.572519 0.631127 -0.793868 -0.22266 1.274 0.685 -0.299455 0 2.99097e+262 2.26716e+161 
 1.036 1.347 -2.03931 3.9315e-245 6.52168e-38 0.534453 0.905517 -0.55717 0.634219 -0.725348 -0.203027 1.299 0.67 -0.298824 0 2.99097e+262 2.26716e+161 
 1.037 1.349 -2.03944 3.9315e-245 6.52168e-38 0.54557 0.896896 -0.659626 0.637043 -0.684394 -0.191021 1.31 0.661 -0.299319 0 2.99097e+262 2.26716e+161 
 1.012 1.331 -2.03944 3.9315e-245 6.52168e-38 0.543482 0.896612 -3.00639 0.609996 -0.6751 -0.196637 1.308 0.661 -0.298948 0 2.99097e+262 2.26716e+161 
 1.003 1.339 -2.0395 3.9315e-245 6.52168e-38 0.545522 0.88874 -1.31732 0.616696 -0.61966 -0.178931 1.31 0.653 -0.299115 0 2.99097e+262 2.26716e+161 
 1.008 1.348 -2.03956 3.9315e-245 6.52168e-38 0.547522 0.89074 0.785405 0.62404 -0.61175 -0.174657 1.312 0.655 -0.299115 0 2.99097e+262 2.26716e+161 
 1.039 1.355 -2.03956 3.9315e-245 6.52168e-38 0.54452 0.897734 1.97622 0.642912 -0.679732 -0.18806 1.309 0.662 -0.299107 0 2.99097e+262 2.26716e+161 
 1.043 1.362 -2.03952 3.9315e-245 6.52168e-38 0.544553 0.900841 1.5602 0.648251 -0.679676 -0.186532 1.309 0.665 -0.299247 0 2.99097e+262 2.26716e+161 
 1.038 1.365 -2.03952 3.9315e-245 6.52168e-38 0.549548 0.900825 -0.00302423 0.645105 -0.65449 -0.180628 1.314 0.665 -0.299227 0 2.99097e+262 2.26716e+161 
 1.032 1.356 -2.03958 3.9315e-245 6.52168e-38 0.54256 0.901864 2.99401 0.637583 -0.676197 -0.188632 1.307 0.666 -0.299278 0 2.99097e+262 2.26716e+161 
 1.022 1.341 -2.03961 3.9315e-245 6.52168e-38 0.539558 0.906857 2.11216 0.617632 -0.70314 -0.202122 1.304 0.671 -0.299269 0 2.99097e+262 2.26716e+161 
 1.027 1.354 -2.03955 3.9315e-245 6.52168e-38 0.530555 0.905847 -3.02985 0.636707 -0.70174 -0.195842 1.295 0.67 -0.299255 0 2.99097e+262 2.26716e+161 
 1.032 1.362 -2.03958 3.9315e-245 6.52168e-38 0.533567 0.909887 0.93012 0.640997 -0.697513 -0.193422 1.298 0.674 -0.299308 0 2.99097e+262 2.26716e+161 
 1.031 1.352 -2.03952 3.9315e-245 6.52168e-38 0.538573 0.916904 0.95119 0.624007 -0.720742 -0.204984 1.303 0.681 -0.29933 0 2.99097e+262 2.26716e+161 
 1.028 1.345 -2.03949 3.9315e-245 6.52168e-38 0.536581 0.923932 1.84689 0.612267 -0.748089 -0.216484 1.301 0.688 -0.299367 0 2.99097e+262 2.26716e+161 
 1.017 1.358 -2.03949 3.9315e-245 6.52168e-38 0.530598 0.922985 -2.98463 0.620541 -0.70931 -0.202917 1.295 0.687 -0.299436 0 2.99097e+262 2.26716e+161 
 1.036 1.366 -2.03952 3.9315e-245 6.52168e-38 0.530595 0.916976 -1.57128 0.642443 -0.716938 -0.198234 1.295 0.681 -0.299424 0 2.99097e+262 2.26716e+161 
 1.038 1.354 -2.03957 3.9315e-245 6.52168e-38 0.532587 0.919952 0.980751 0.630534 -0.747277 -0.210176 1.297 0.684 -0.299392 0 2.99097e+262 2.26716e+161 
 1.04 1.366 -2.03958 3.9315e-245 6.52168e-38 0.533601 0.920995 0.799919 0.639808 -0.726778 -0.201688 1.298 0.685 -0.299448 0 2.99097e+262 2.26716e+161 
 1.039 1.35 -2.03955 3.9315e-245 6.52168e-38 0.533599 0.920989 -1.87024 0.626529 -0.757681 -0.214336 1.298 0.685 -0.299441 0 2.99097e+262 2.26716e+161 
 1.047 1.361 -2.03951 3.9315e-245 6.52168e-38 0.535592 0.919967 -0.473913 0.639474 -0.744178 -0.206487 1.3 0.684 -0.299412 0 2.99097e+262 2.26716e+161 
 1.032 1.342 -2.03949 3.9315e-245 6.52168e-38 0.532604 0.922007 2.54233 0.615955 -0.765439 -0.220061 1.297 0.686 -0.299465 0 2.99097e+262 2.26716e+161 
 1.041 1.364 -2.03949 3.9315e-245 6.52168e-38 0.533618 0.926052 1.32523 0.634736 -0.743085 -0.207687 1.298 0.69 -0.299523 0 2.99097e+262 2.26716e+161 
 1.031 1.379 -2.03954 3.9315e-245 6.52168e-38 0.532614 0.927037 2.36613 0.640846 -0.697808 -0.193546 1.297 0.691 -0.299503 0 2.99097e+262 2.26716e+161 
 1.029 1.365 -2.03957 3.9315e-245 6.52168e-38 0.534616 0.932045 1.19043 0.623415 -0.728789 -0.207399 1.299 0.696 -0.299514 0 2.99097e+262 2.26716e+161 
 1.033 1.365 -2.03956 3.9315e-245 6.52168e-38 0.53162 0.935057 2.3535 0.624983 -0.748254 -0.212257 1.296 0.699 -0.299531 0 2.99097e+262 2.26716e+161 
 1.036 1.369 -2.03956 3.9315e-245 6.52168e-38 0.530634 0.929103 -1.7349 0.635154 -0.735248 -0.205427 1.295 0.693 -0.29959 0 2.99097e+262 2.26716e+161 
 1.04 1.349 -2.03952 3.9315e-245 6.52168e-38 0.522624 0.924069 -2.58059 0.630134 -0.787981 -0.2214 1.287 0.688 -0.299546 0 2.99097e+262 2.26716e+161 
 1.044 1.345 -2.03956 3.9315e-245 6.52168e-38 0.52062 0.930057 1.89376 0.625738 -0.819345 -0.231468 1.285 0.694 -0.29953 0 2.99097e+262 2.26716e+161 
 1.043 1.356 -2.03951 3.9315e-245 6.52168e-38 0.517625 0.930074 3.13595 0.635501 -0.800103 -0.222858 1.282 0.694 -0.299552 0 2.99097e+262 2.26716e+161 
 1.043 1.366 -2.03946 3.9315e-245 6.52168e-38 0.521626 0.930076 0.000461248 0.641089 -0.772631 -0.213624 1.286 0.694 -0.299554 0 2.99097e+262 2.26716e+161 
 1.038 1.357 -2.03951 3.9315e-245 6.52168e-38 0.517612 0.928032 -2.6706 0.635041 -0.78502 -0.218944 1.282 0.692 -0.299497 0 2.99097e+262 2.26716e+161 
 1.038 1.351 -2.03945 3.9315e-245 6.52168e-38 0.519609 0.924023 -1.10847 0.632317 -0.78568 -0.220036 1.284 0.688 -0.299486 0 2.99097e+262 2.26716e+161 
 1.045 1.356 -2.03948 3.9315e-245 6.52168e-38 0.52361 0.934025 1.1903 0.630102 -0.801312 -0.225032 1.288 0.698 -0.299488 0 2.99097e+262 2.26716e+161 
 1.038 1.354 -2.03952 3.9315e-245 6.52168e-38 0.521608 0.93202 -2.35531 0.627245 -0.792347 -0.223578 1.286 0.696 -0.299481 0 2.99097e+262 2.26716e+161 
 1.034 1.369 -2.03951 3.9315e-245 6.52168e-38 0.517613 0.940035 2.03322 0.63275 -0.777883 -0.217777 1.282 0.704 -0.299501 0 2.99097e+262 2.26716e+161 
 1.037 1.355 -2.03957 3.9315e-245 6.52168e-38 0.502623 0.959068 2.2379 0.617283 -0.878416 -0.250755 1.267 0.723 -0.299545 0 2.99097e+262 2.26716e+161 
 1.047 1.36 -2.03954 3.9315e-245 6.52168e-38 0.48862 0.974059 2.32214 0.623622 -0.938424 -0.264516 1.253 0.738 -0.299532 0 2.99097e+262 2.26716e+161 
 1.042 1.341 -2.03956 3.9315e-245 6.52168e-38 0.468626 0.985076 2.63797 0.609638 -1.02526 -0.293945 1.233 0.749 -0.299555 0 2.99097e+262 2.26716e+161 
 1.037 1.351 -2.03954 3.9315e-245 6.52168e-38 0.435631 1.00509 2.59625 0.618838 -1.08466 -0.305608 1.2 0.769 -0.299579 0 2.99097e+262 2.26716e+161 
 1.002 1.376 -2.03954 3.9315e-245 6.52168e-38 0.449631 0.995093 -0.620317 0.616221 -0.93984 -0.267929 1.214 0.759 -0.299577 0 2.99097e+262 2.26716e+161 
 0.999 1.385 -2.03956 3.9315e-245 6.52168e-38 0.478642 0.96813 -0.748833 0.62551 -0.809996 -0.229 1.243 0.732 -0.299625 0 2.99097e+262 2.26716e+161 
 0.999 1.383 -2.03959 3.9315e-245 6.52168e-38 0.505627 0.945079 -0.706926 0.626805 -0.71661 -0.202956 1.27 0.709 -0.299559 0 2.99097e+262 2.26716e+161 
 1.009 1.381 -2.03953 3.9315e-245 6.52168e-38 0.514634 0.939104 -0.585696 0.63053 -0.710499 -0.200114 1.279 0.703 -0.299592 0 2.99097e+262 2.26716e+161 
 1.041 1.366 -2.03947 3.9315e-245 6.52168e-38 0.521643 0.931132 -0.849611 0.639104 -0.771168 -0.213873 1.286 0.695 -0.299629 0 2.99097e+262 2.26716e+161 
 1.056 1.35 -2.03943 3.9315e-245 6.52168e-38 0.521634 0.922104 -1.57177 0.642201 -0.811761 -0.223717 1.286 0.686 -0.299591 0 2.99097e+262 2.26716e+161 
 1.048 1.349 -2.03939 3.9315e-245 6.52168e-38 0.516627 0.924079 2.76596 0.638138 -0.812802 -0.225373 1.281 0.688 -0.299558 0 2.99097e+262 2.26716e+161 
 1.034 1.347 -2.03944 3.9315e-245 6.52168e-38 0.523638 0.927115 0.408647 0.622129 -0.785978 -0.223604 1.288 0.691 -0.299605 0 2.99097e+262 2.26716e+161 
 1.044 1.363 -2.0394 3.9315e-245 6.52168e-38 0.51664 0.926124 -3.00093 0.645247 -0.781382 -0.214619 1.281 0.69 -0.299618 0 2.99097e+262 2.26716e+161 
 1.05 1.342 -2.03932 3.9315e-245 6.52168e-38 0.521647 0.926144 0.00391927 0.629279 -0.826513 -0.232154 1.286 0.69 -0.299643 0 2.99097e+262 2.26716e+161 
 1.05 1.331 -2.03934 3.9315e-245 6.52168e-38 0.522655 0.930172 1.32544 0.61696 -0.856463 -0.244862 1.287 0.694 -0.29968 0 2.99097e+262 2.26716e+161 
 1.05 1.338 -2.03933 3.9315e-245 6.52168e-38 0.519646 0.936141 2.03782 0.619509 -0.859418 -0.244702 1.284 0.7 -0.299639 0 2.99097e+262 2.26716e+161 
 1.058 1.346 -2.03939 3.9315e-245 6.52168e-38 0.513647 0.936145 3.14089 0.633869 -0.8659 -0.241107 1.278 0.7 -0.299645 0 2.99097e+262 2.26716e+161 
 1.066 1.336 -2.03947 3.9315e-245 6.52168e-38 0.51463 0.93209 -1.33294 0.633356 -0.889571 -0.247628 1.279 0.696 -0.299573 0 2.99097e+262 2.26716e+161 
 1.053 1.353 -2.03951 3.9315e-245 6.52168e-38 0.515626 0.928078 -1.32733 0.641613 -0.822836 -0.226867 1.28 0.692 -0.299558 0 2.99097e+262 2.26716e+161 
 1.027 1.366 -2.0396 3.9315e-245 6.52168e-38 0.519635 0.924105 -0.780988 0.637881 -0.734824 -0.204458 1.284 0.688 -0.299593 0 2.99097e+262 2.26716e+161 
 1.018 1.382 -2.03959 3.9315e-245 6.52168e-38 0.522634 0.923104 -0.322114 0.644719 -0.67815 -0.187119 1.287 0.687 -0.299592 0 2.99097e+262 2.26716e+161 
 1.002 1.387 -2.03962 3.9315e-245 6.52168e-38 0.522628 0.928084 1.57202 0.635832 -0.646798 -0.181098 1.287 0.692 -0.299566 0 2.99097e+262 2.26716e+161 
 1.018 1.381 -2.03964 3.9315e-245 6.52168e-38 0.521624 0.92607 -2.03331 0.64211 -0.687867 -0.190489 1.286 0.69 -0.299547 0 2.99097e+262 2.26716e+161 
 1.015 1.373 -2.03969 3.9315e-245 6.52168e-38 0.523621 0.93106 1.19014 0.628908 -0.704372 -0.198932 1.288 0.695 -0.299534 0 2.99097e+262 2.26716e+161 
 1.029 1.368 -2.03966 3.9315e-245 6.52168e-38 0.527626 0.935076 0.78674 0.627364 -0.741893 -0.20973 1.292 0.699 -0.299555 0 2.99097e+262 2.26716e+161 
 1.032 1.351 -2.03963 3.9315e-245 6.52168e-38 0.517619 0.935054 -3.13937 0.621361 -0.801164 -0.228049 1.282 0.699 -0.299526 0 2.99097e+262 2.26716e+161 
 1.017 1.363 -2.03959 3.9315e-245 6.52168e-38 0.519627 0.93708 0.789923 0.619518 -0.749028 -0.214288 1.284 0.701 -0.299561 0 2.99097e+262 2.26716e+161 
 1.018 1.349 -2.03955 3.9315e-245 6.52168e-38 0.508624 0.937069 -3.14059 0.615315 -0.800747 -0.230096 1.273 0.701 -0.299546 0 2.99097e+262 2.26716e+161 
 1.009 1.367 -2.03953 3.9315e-245 6.52168e-38 0.509611 0.936028 -0.811853 0.624665 -0.742451 -0.210763 1.274 0.7 -0.299492 0 2.99097e+262 2.26716e+161 
 1.024 1.368 -2.03951 3.9315e-245 6.52168e-38 0.516616 0.935043 -0.139711 0.630779 -0.753273 -0.211733 1.281 0.699 -0.299512 0 2.99097e+262 2.26716e+161 
 1.006 1.39 -2.03955 3.9315e-245 6.52168e-38 0.511617 0.935048 3.14072 0.640999 -0.684167 -0.189809 1.276 0.699 -0.299518 0 2.99097e+262 2.26716e+161 
 1.01 1.4 -2.03958 3.9315e-245 6.52168e-38 0.511636 0.94111 1.5676 0.646391 -0.683889 -0.188188 1.276 0.705 -0.2996 0 2.99097e+262 2.26716e+161 
 0.973 1.414 -2.03961 3.9315e-245 6.52168e-38 0.508637 0.944113 2.35562 0.636452 -0.594774 -0.166653 1.273 0.708 -0.299603 0 2.99097e+262 2.26716e+161 
 0.937 1.447 -2.03962 3.9315e-245 6.52168e-38 0.507643 0.939131 -1.76782 0.64896 -0.448193 -0.123679 1.272 0.703 -0.299627 0 2.99097e+262 2.26716e+161 
 0.962 1.446 -2.03964 3.9315e-245 6.52168e-38 0.461634 0.909105 -2.56337 0.710854 -0.542575 -0.136534 1.226 0.673 -0.299593 0 2.99097e+262 2.26716e+161 
 1.035 1.374 -2.03972 3.9315e-245 6.52168e-38 0.435634 0.880104 -2.30169 0.731388 -0.788396 -0.191649 1.2 0.644 -0.299591 0 2.99097e+262 2.26716e+161 
 1.009 1.402 -2.03979 3.9315e-245 6.52168e-38 0.417634 0.856104 -2.2143 0.76821 -0.684602 -0.159055 1.182 0.62 -0.299591 0 2.99097e+262 2.26716e+161 
 0.972 1.408 -2.03976 3.9315e-245 6.52168e-38 0.39663 0.827091 -2.19742 0.787633 -0.600927 -0.136478 1.161 0.591 -0.299574 0 2.99097e+262 2.26716e+161 
 0.877 1.505 -2.03973 3.9315e-245 6.52168e-38 0.386634 0.811102 -2.12955 0.837335 -0.284704 -0.0611259 1.151 0.575 -0.299589 0 2.99097e+262 2.26716e+161 
 0.96 1.464 -2.03963 3.9315e-245 6.52168e-38 0.402624 0.829071 0.843605 0.822255 -0.487211 -0.106254 1.167 0.593 -0.299549 0 2.99097e+262 2.26716e+161 
 1.026 1.365 -2.03964 3.9315e-245 6.52168e-38 0.412626 0.837078 0.675047 0.766226 -0.749277 -0.174233 1.177 0.601 -0.299558 0 2.99097e+262 2.26716e+161 
 1.038 1.373 -2.03963 3.9315e-245 6.52168e-38 0.453629 0.883086 0.842862 0.71968 -0.772857 -0.190945 1.218 0.647 -0.299568 0 2.99097e+262 2.26716e+161 
 1.043 1.369 -2.03958 3.9315e-245 6.52168e-38 0.483623 0.929069 0.992805 0.666057 -0.828789 -0.220341 1.248 0.693 -0.299546 0 2.99097e+262 2.26716e+161 
 1.047 1.348 -2.0395 3.9315e-245 6.52168e-38 0.513636 0.958108 0.768922 0.611999 -0.889807 -0.255968 1.278 0.722 -0.299597 0 2.99097e+262 2.26716e+161 
 1.014 1.361 -2.03944 3.9315e-245 6.52168e-38 0.546645 0.964138 0.180686 0.579362 -0.753076 -0.229836 1.311 0.728 -0.299636 0 2.99097e+262 2.26716e+161 
 1.019 1.374 -2.03954 3.9315e-245 6.52168e-38 0.544656 0.978173 1.7116 0.582542 -0.769156 -0.233333 1.309 0.742 -0.299681 0 2.99097e+262 2.26716e+161 
 1.024 1.382 -2.03949 3.9315e-245 6.52168e-38 0.540662 0.992194 1.84824 0.582936 -0.800134 -0.242216 1.305 0.756 -0.29971 0 2.99097e+262 2.26716e+161 
 1.019 1.376 -2.03948 3.9315e-245 6.52168e-38 0.538657 0.998177 1.89424 0.571795 -0.82121 -0.252977 1.303 0.762 -0.299687 0 2.99097e+262 2.26716e+161 
 0.993 1.39 -2.03947 3.9315e-245 6.52168e-38 0.544663 0.993197 -0.692209 0.568538 -0.713722 -0.222233 1.309 0.757 -0.299714 0 2.99097e+262 2.26716e+161 
 1.011 1.398 -2.03951 3.9315e-245 6.52168e-38 0.550667 0.991208 -0.319923 0.583296 -0.71683 -0.217702 1.315 0.755 -0.299728 0 2.99097e+262 2.26716e+161 
 0.999 1.404 -2.03954 3.9315e-245 6.52168e-38 0.550654 0.994167 1.57514 0.57899 -0.684991 -0.20982 1.315 0.758 -0.299674 0 2.99097e+262 2.26716e+161 
 0.989 1.404 -2.03958 3.9315e-245 6.52168e-38 0.542652 0.987161 -2.42245 0.583511 -0.665528 -0.202487 1.307 0.751 -0.299666 0 2.99097e+262 2.26716e+161 
 0.983 1.405 -2.03948 3.9315e-245 6.52168e-38 0.542663 0.977196 -1.56971 0.589018 -0.629389 -0.190017 1.307 0.741 -0.299711 0 2.99097e+262 2.26716e+161 
 0.971 1.428 -2.03948 3.9315e-245 6.52168e-38 0.537652 0.967161 -2.03392 0.612148 -0.546461 -0.159323 1.302 0.731 -0.299666 0 2.99097e+262 2.26716e+161 
 0.979 1.46 -2.03954 3.9315e-245 6.52168e-38 0.542644 0.970136 0.537439 0.637702 -0.496963 -0.139365 1.307 0.734 -0.299634 0 2.99097e+262 2.26716e+161 
 0.998 1.454 -2.03955 3.9315e-245 6.52168e-38 0.544648 0.966148 -1.10535 0.645163 -0.53735 -0.148812 1.309 0.73 -0.299648 0 2.99097e+262 2.26716e+161 
 0.963 1.464 -2.03959 3.9315e-245 6.52168e-38 0.546653 0.963164 -0.979161 0.636257 -0.431798 -0.121555 1.311 0.727 -0.29967 0 2.99097e+262 2.26716e+161 
 0.952 1.437 -2.03961 3.9315e-245 6.52168e-38 0.545645 0.960137 -1.89237 0.610998 -0.453466 -0.132805 1.31 0.724 -0.299635 0 2.99097e+262 2.26716e+161 
 0.955 1.436 -2.03955 3.9315e-245 6.52168e-38 0.542631 0.950093 -1.86228 0.6217 -0.450425 -0.129679 1.307 0.714 -0.299577 0 2.99097e+262 2.26716e+161 
 0.944 1.461 -2.03946 3.9315e-245 6.52168e-38 0.515629 0.938086 -2.72319 0.661004 -0.419475 -0.113736 1.28 0.702 -0.299568 0 2.99097e+262 2.26716e+161 
 0.944 1.434 -2.03945 3.9315e-245 6.52168e-38 0.495615 0.919041 -2.38099 0.664895 -0.477039 -0.128433 1.26 0.683 -0.299509 0 2.99097e+262 2.26716e+161 
 0.923 1.442 -2.03947 3.9315e-245 6.52168e-38 0.469616 0.886046 -2.23815 0.701719 -0.416591 -0.106457 1.234 0.65 -0.299516 0 2.99097e+262 2.26716e+161 
 0.881 1.511 -2.03946 3.9315e-245 6.52168e-38 0.450615 0.85404 -2.10656 0.776033 -0.216702 -0.0502216 1.215 0.618 -0.299507 0 2.99097e+262 2.26716e+161 
 0.925 1.444 -2.03946 3.9315e-245 6.52168e-38 0.453616 0.848046 -1.10646 0.744637 -0.38888 -0.093728 1.218 0.612 -0.299516 0 2.99097e+262 2.26716e+161 
 0.891 1.467 -2.03949 3.9315e-245 6.52168e-38 0.453614 0.852037 1.57152 0.743467 -0.290493 -0.0702155 1.218 0.616 -0.299504 0 2.99097e+262 2.26716e+161 
 0.908 1.457 -2.03953 3.9315e-245 6.52168e-38 0.458599 0.848989 -0.548799 0.743597 -0.325722 -0.0786836 1.223 0.613 -0.299441 0 2.99097e+262 2.26716e+161 
 0.905 1.498 -2.03956 3.9315e-245 6.52168e-38 0.445589 0.812957 -1.9173 0.81441 -0.237606 -0.0524672 1.21 0.577 -0.2994 0 2.99097e+262 2.26716e+161 
 0.916 1.498 -2.03958 3.9315e-245 6.52168e-38 0.463587 0.78995 -0.906977 0.830834 -0.194517 -0.0421172 1.228 0.554 -0.299389 0 2.99097e+262 2.26716e+161 
 0.904 1.489 -2.03949 3.9315e-245 6.52168e-38 0.506587 0.739951 -0.860511 0.84081 -0.037281 -0.00798091 1.271 0.504 -0.299391 0 2.99097e+262 2.26716e+161 
 0.93 1.487 -2.03946 3.9315e-245 6.52168e-38 0.570587 0.65295 -0.93656 0.899641 0.120482 0.0241014 1.335 0.417 -0.29939 0 2.99097e+262 2.26716e+161 
 0.94 1.465 -2.03946 3.9315e-245 6.52168e-38 0.616587 0.62895 -0.48089 0.886393 0.194025 0.0393803 1.381 0.393 -0.29939 0 2.99097e+262 2.26716e+161 
 0.938 1.444 -2.03947 3.9315e-245 6.52168e-38 0.628587 0.610949 -0.982818 0.877972 0.220244 0.0451233 1.393 0.375 -0.299389 0 2.99097e+262 2.26716e+161 
 0.926 1.457 -2.03947 3.9315e-245 6.52168e-38 0.646586 0.601946 -0.463799 0.885961 0.297308 0.0603305 1.411 0.366 -0.299385 0 2.99097e+262 2.26716e+161 
 0.901 1.486 -2.0395 3.9315e-245 6.52168e-38 0.670586 0.583947 -0.64348 0.910295 0.423602 0.0835673 1.435 0.348 -0.299386 0 2.99097e+262 2.26716e+161 
 0.95 1.458 -2.0395 3.9315e-245 6.52168e-38 0.670586 0.598949 1.57076 0.88959 0.300002 0.0606282 1.435 0.363 -0.299388 0 2.99097e+262 2.26716e+161 
 0.944 1.452 -2.0395 3.9315e-245 6.52168e-38 0.627586 0.655949 2.21709 0.84748 0.176206 0.0374077 1.392 0.42 -0.299389 0 2.99097e+262 2.26716e+161 
 0.924 1.451 -2.0395 3.9315e-245 6.52168e-38 0.597587 0.69695 2.20247 0.813976 0.117369 0.0259488 1.362 0.461 -0.29939 0 2.99097e+262 2.26716e+161 
 0.916 1.467 -2.0395 3.9315e-245 6.52168e-38 0.579587 0.72595 2.12629 0.806646 0.0830069 0.0185206 1.344 0.49 -0.29939 0 2.99097e+262 2.26716e+161 
 0.93 1.456 -2.0395 3.9315e-245 6.52168e-38 0.573587 0.753952 1.78185 0.780796 -0.00207817 -0.00047909 1.338 0.518 -0.299393 0 2.99097e+262 2.26716e+161 
 0.917 1.47 -2.0395 3.9315e-245 6.52168e-38 0.576587 0.721952 -1.47733 0.81462 0.0812429 0.0179497 1.341 0.486 -0.299392 0 2.99097e+262 2.26716e+161 
 0.908 1.484 -2.0395 3.9315e-245 6.52168e-38 0.586587 0.727951 0.540372 0.813645 0.130136 0.0287817 1.351 0.492 -0.299391 0 2.99097e+262 2.26716e+161 
 0.932 1.474 -2.0395 3.9315e-245 6.52168e-38 0.553588 0.750953 2.53285 0.80926 -0.0262546 -0.00583963 1.318 0.515 -0.299394 0 2.99097e+262 2.26716e+161 
 0.928 1.472 -2.0395 3.9315e-245 6.52168e-38 0.517588 0.738953 -2.81985 0.832712 -0.0813443 -0.0175817 1.282 0.503 -0.299394 0 2.99097e+262 2.26716e+161 
 0.946 1.457 -2.0395 3.9315e-245 6.52168e-38 0.540588 0.770953 0.947593 0.789282 -0.126766 -0.0289015 1.305 0.535 -0.299394 0 2.99097e+262 2.26716e+161 
 0.924 1.448 -2.0395 3.9315e-245 6.52168e-38 0.518587 0.768952 -3.05089 0.783183 -0.135511 -0.0311347 1.283 0.533 -0.299393 0 2.99097e+262 2.26716e+161 
 0.942 1.438 -2.0395 3.9315e-245 6.52168e-38 0.474587 0.796951 2.57488 0.780766 -0.313635 -0.0721807 1.239 0.561 -0.299391 0 2.99097e+262 2.26716e+161 
 0.941 1.44 -2.0395 3.9315e-245 6.52168e-38 0.488588 0.781953 -0.819771 0.787787 -0.260019 -0.0593415 1.253 0.546 -0.299394 0 2.99097e+262 2.26716e+161 
 0.931 1.45 -2.0395 3.9315e-245 6.52168e-38 0.517587 0.773952 -0.269202 0.784372 -0.156172 -0.0358235 1.282 0.538 -0.299393 0 2.99097e+262 2.26716e+161 
 0.921 1.46 -2.0395 3.9315e-245 6.52168e-38 0.518587 0.744952 -1.53633 0.813229 -0.0856399 -0.0189532 1.283 0.509 -0.299393 0 2.99097e+262 2.26716e+161 
 0.922 1.474 -2.0395 3.9315e-245 6.52168e-38 0.518588 0.745953 1.5706 0.825091 -0.0727541 -0.0158705 1.283 0.51 -0.299394 0 2.99097e+262 2.26716e+161 
 0.92 1.469 -2.0395 3.9315e-245 6.52168e-38 0.476588 0.762953 2.75699 0.824757 -0.179493 -0.0391537 1.241 0.527 -0.299393 0 2.99097e+262 2.26716e+161 
 0.899 1.493 -2.03949 3.9315e-245 6.52168e-38 0.383588 0.792952 2.82955 0.855132 -0.322756 -0.067834 1.148 0.557 -0.299393 0 2.99097e+262 2.26716e+161 
 0.911 1.49 -2.03949 3.9315e-245 6.52168e-38 0.353587 0.78995 -3.04186 0.876603 -0.395443 -0.0810219 1.118 0.554 -0.299391 0 2.99097e+262 2.26716e+161 
 0.913 1.491 -2.03949 3.9315e-245 6.52168e-38 0.340587 0.78995 -3.14155 0.885222 -0.418907 -0.0849749 1.105 0.554 -0.29939 0 2.99097e+262 2.26716e+161 
 0.916 1.463 -2.03949 3.9315e-245 6.52168e-38 0.333587 0.80595 1.98321 0.853863 -0.496474 -0.10428 1.098 0.57 -0.29939 0 2.99097e+262 2.26716e+161 
 0.958 1.465 -2.03949 3.9315e-245 6.52168e-38 0.325586 0.802948 -2.78265 0.884836 -0.566553 -0.114746 1.09 0.567 -0.299387 0 2.99097e+262 2.26716e+161 
 0.923 1.497 -2.03949 3.9315e-245 6.52168e-38 0.346587 0.822951 0.761071 0.864784 -0.462543 -0.09598 1.111 0.587 -0.299391 0 2.99097e+262 2.26716e+161 
 0.9 1.514 -2.03949 3.9315e-245 6.52168e-38 0.383587 0.847952 0.594232 0.826862 -0.370755 -0.0805353 1.148 0.612 -0.299393 0 2.99097e+262 2.26716e+161 
 0.941 1.52 -2.03949 3.9315e-245 6.52168e-38 0.398587 0.871951 1.01219 0.82525 -0.442499 -0.096218 1.163 0.636 -0.299392 0 2.99097e+262 2.26716e+161 
 1.059 1.616 -2.0395 3.9315e-245 6.52168e-38 0.416587 0.878949 0.370814 0.95197 -0.479275 -0.0903753 1.181 0.643 -0.299389 0 2.99097e+262 2.26716e+161 
 1.076 1.569 -2.03949 3.9315e-245 6.52168e-38 0.407587 0.874949 -2.72335 0.930507 -0.573297 -0.110449 1.172 0.639 -0.299389 0 2.99097e+262 2.26716e+161 
 1.095 1.572 -2.03949 3.9315e-245 6.52168e-38 0.413586 0.889949 1.19029 0.927814 -0.607616 -0.117339 1.178 0.654 -0.299389 0 2.99097e+262 2.26716e+161 
 1.04 1.51 -2.03949 3.9315e-245 6.52168e-38 0.422586 0.903948 0.999435 0.831073 -0.627637 -0.13511 1.187 0.668 -0.299387 0 2.99097e+262 2.26716e+161 
 1.034 1.492 -2.03949 3.9315e-245 6.52168e-38 0.430586 0.924947 1.20681 0.791861 -0.668563 -0.150819 1.195 0.689 -0.299386 0 2.99097e+262 2.26716e+161 
 0.943 1.454 -2.03949 3.9315e-245 6.52168e-38 0.435586 0.937947 1.20362 0.697617 -0.593118 -0.151859 1.2 0.702 -0.299386 0 2.99097e+262 2.26716e+161 
 0.962 1.428 -2.03949 3.9315e-245 6.52168e-38 0.443586 0.950947 1.01914 0.672173 -0.685986 -0.181674 1.208 0.715 -0.299386 0 2.99097e+262 2.26716e+161 
 0.972 1.461 -2.03949 3.9315e-245 6.52168e-38 0.461585 0.940946 -0.507142 0.702517 -0.591552 -0.150423 1.226 0.705 -0.299385 0 2.99097e+262 2.26716e+161 
 0.986 1.45 -2.03949 3.9315e-245 6.52168e-38 0.479585 0.940946 8.0104e-07 0.691372 -0.603929 -0.155957 1.244 0.705 -0.299385 0 2.99097e+262 2.26716e+161 
 0.927 1.476 -2.03949 3.9315e-245 6.52168e-38 0.488585 0.939946 -0.110671 0.67725 -0.418484 -0.11077 1.253 0.704 -0.299385 0 2.99097e+262 2.26716e+161 
 0.807 1.573 -2.03949 3.9315e-245 6.52168e-38 0.490586 0.937946 -0.785245 0.703611 0.0125303 0.00320552 1.255 0.702 -0.299385 0 2.99097e+262 2.26716e+161 
 0.844 1.552 -2.03949 3.9315e-245 6.52168e-38 0.500586 0.947947 0.785411 0.688604 -0.0935728 -0.0244549 1.265 0.712 -0.299386 0 2.99097e+262 2.26716e+161 
 0.926 1.413 -2.03949 3.9315e-245 6.52168e-38 0.509585 0.954945 0.66095 0.600734 -0.513712 -0.152727 1.274 0.719 -0.299383 0 2.99097e+262 2.26716e+161 
 0.962 1.381 -2.03949 3.9315e-245 6.52168e-38 0.516585 0.973945 1.21781 0.575109 -0.684862 -0.211155 1.281 0.738 -0.299384 0 2.99097e+262 2.26716e+161 
 0.973 1.399 -2.03949 3.9315e-245 6.52168e-38 0.528586 0.987946 0.862198 0.577763 -0.674008 -0.206978 1.293 0.752 -0.299385 0 2.99097e+262 2.26716e+161 
 0.917 1.459 -2.03949 3.9315e-245 6.52168e-38 0.542585 0.986945 -0.071409 0.590295 -0.385417 -0.11699 1.307 0.751 -0.299383 0 2.99097e+262 2.26716e+161 
 0.94 1.475 -2.03949 3.9315e-245 6.52168e-38 0.545585 0.984946 -0.587855 0.615783 -0.400622 -0.116575 1.31 0.749 -0.299384 0 2.99097e+262 2.26716e+161 
 0.925 1.459 -2.03949 3.9315e-245 6.52168e-38 0.525586 0.982946 -3.04197 0.606662 -0.438845 -0.129479 1.29 0.747 -0.299385 0 2.99097e+262 2.26716e+161 
 0.965 1.455 -2.03949 3.9315e-245 6.52168e-38 0.515586 0.973948 -2.40884 0.637441 -0.542012 -0.151874 1.28 0.738 -0.299387 0 2.99097e+262 2.26716e+161 
 0.93 1.377 -2.03949 3.9315e-245 6.52168e-38 0.517585 0.973945 -0.00126382 0.553515 -0.619719 -0.198865 1.282 0.738 -0.299384 0 2.99097e+262 2.26716e+161 
 0.947 1.425 -2.03949 3.9315e-245 6.52168e-38 0.509585 0.976944 2.78304 0.60389 -0.581069 -0.171497 1.274 0.741 -0.299382 0 2.99097e+262 2.26716e+161 
 0.923 1.418 -2.03949 3.9315e-245 6.52168e-38 0.477585 0.952944 -2.4981 0.622152 -0.564485 -0.161887 1.242 0.717 -0.299382 0 2.99097e+262 2.26716e+161 
 0.922 1.455 -2.03949 3.9315e-245 6.52168e-38 0.462585 0.934945 -2.26555 0.674987 -0.491017 -0.1302 1.227 0.699 -0.299383 0 2.99097e+262 2.26716e+161 
 0.944 1.373 -2.03949 3.9315e-245 6.52168e-38 0.458585 0.920944 -1.84909 0.63365 -0.672684 -0.188812 1.223 0.685 -0.299383 0 2.99097e+262 2.26716e+161 
 1.039 1.363 -2.03949 3.9315e-245 6.52168e-38 0.455585 0.923945 2.35607 0.679259 -0.868238 -0.226143 1.22 0.688 -0.299384 0 2.99097e+262 2.26716e+161 
 1.013 1.348 -2.03949 3.9315e-245 6.52168e-38 0.466585 0.906944 -0.996525 0.659468 -0.805421 -0.216395 1.231 0.671 -0.299383 0 2.99097e+262 2.26716e+161 
 1.02 1.363 -2.03949 3.9315e-245 6.52168e-38 0.473585 0.911945 0.620311 0.667338 -0.78558 -0.208805 1.238 0.676 -0.299384 0 2.99097e+262 2.26716e+161 
 1.007 1.361 -2.03949 3.9315e-245 6.52168e-38 0.481585 0.920945 0.84415 0.646663 -0.771358 -0.211498 1.246 0.685 -0.299384 0 2.99097e+262 2.26716e+161 
 1.011 1.329 -2.03949 3.9315e-245 6.52168e-38 0.492586 0.933948 0.868608 0.607305 -0.853102 -0.247661 1.257 0.698 -0.299387 0 2.99097e+262 2.26716e+161 
 0.987 1.311 -2.03949 3.9315e-245 6.52168e-38 0.502586 0.958949 1.19029 0.554069 -0.888232 -0.280928 1.267 0.723 -0.299388 0 2.99097e+262 2.26716e+161 
 0.939 1.249 -2.03949 3.9315e-245 6.52168e-38 0.521586 0.975948 0.729876 0.453608 -0.953113 -0.361584 1.286 0.74 -0.299387 0 2.99097e+262 2.26716e+161 
 0.931 1.286 -2.03949 3.9315e-245 6.52168e-38 0.532586 0.979947 0.348709 0.468079 -0.821072 -0.305837 1.297 0.744 -0.299386 0 2.99097e+262 2.26716e+161 
 0.963 1.301 -2.03949 3.9315e-245 6.52168e-38 0.537586 0.982947 0.540476 0.493166 -0.851619 -0.301364 1.302 0.747 -0.299386 0 2.99097e+262 2.26716e+161 
 0.939 1.266 -2.03949 3.9315e-245 6.52168e-38 0.542586 0.989947 0.950523 0.443494 -0.897355 -0.349275 1.307 0.754 -0.299385 0 2.99097e+262 2.26716e+161 
 0.961 1.319 -2.03949 3.9315e-245 6.52168e-38 0.547586 0.990949 0.197798 0.494056 -0.799349 -0.28339 1.312 0.755 -0.299388 0 2.99097e+262 2.26716e+161 
 0.964 1.315 -2.03949 3.9315e-245 6.52168e-38 0.549587 0.996951 1.24906 0.486769 -0.827059 -0.296801 1.314 0.761 -0.299392 0 2.99097e+262 2.26716e+161 
 0.695 1.031 -2.03949 3.9315e-245 6.52168e-38 0.542586 1.00195 2.52174 0.105948 -0.938002 -0.523599 1.307 0.766 -0.299387 0 2.99097e+262 2.26716e+161 
 0.738 0.983 -2.03949 3.9315e-245 6.52168e-38 0.544586 1.00195 0.000215851 0.0953281 -1.35525 -0.523599 1.309 0.766 -0.299388 0 2.99097e+262 2.26716e+161 
 0.729 1.034 -2.03949 3.9315e-245 6.52168e-38 0.548586 0.990949 -1.22197 0.133865 -1.01502 -0.523599 1.313 0.755 -0.299389 0 2.99097e+262 2.26716e+161 
 0.886 1.181 -2.0395 3.9315e-245 6.52168e-38 0.556586 0.975949 -1.08084 0.348853 -0.937129 -0.45039 1.321 0.74 -0.299389 0 2.99097e+262 2.26716e+161 
 0.932 1.208 -2.0395 3.9315e-245 6.52168e-38 0.565586 0.968949 -0.661059 0.397121 -0.93061 -0.399165 1.33 0.733 -0.299389 0 2.99097e+262 2.26716e+161 
 1.012 1.216 -2.0395 3.9315e-245 6.52168e-38 0.572587 0.96495 -0.518998 0.450073 -1.05933 -0.40074 1.337 0.729 -0.29939 0 2.99097e+262 2.26716e+161 
 1.117 1.21 -2.0395 3.9315e-245 6.52168e-38 0.580587 0.957951 -0.71872 0.509954 -1.21563 -0.405324 1.345 0.722 -0.299392 0 2.99097e+262 2.26716e+161 
 1.062 1.194 -2.0395 3.9315e-245 6.52168e-38 0.607587 0.906951 -1.0839 0.486369 -0.991783 -0.351781 1.372 0.671 -0.299391 0 2.99097e+262 2.26716e+161 
 1.1 1.164 -2.0395 3.9315e-245 6.52168e-38 0.655587 0.840951 -0.941996 0.508153 -0.879549 -0.302026 1.42 0.605 -0.299392 0 2.99097e+262 2.26716e+161 
 1.099 1.191 -2.0395 3.9315e-245 6.52168e-38 0.664587 0.823952 -1.08388 0.536943 -0.751524 -0.246798 1.429 0.588 -0.299392 0 2.99097e+262 2.26716e+161 
 1.027 1.232 -2.0395 3.9315e-245 6.52168e-38 0.642587 0.845951 2.35622 0.524269 -0.590102 -0.199897 1.407 0.61 -0.299391 0 2.99097e+262 2.26716e+161 
 1.002 1.263 -2.0395 3.9315e-245 6.52168e-38 0.605587 0.868952 2.58541 0.537377 -0.601632 -0.19886 1.37 0.633 -0.299392 0 2.99097e+262 2.26716e+161 
 0.988 1.294 -2.0395 3.9315e-245 6.52168e-38 0.574587 0.87995 2.80066 0.563008 -0.598022 -0.188915 1.339 0.644 -0.29939 0 2.99097e+262 2.26716e+161 
 0.983 1.306 -2.0395 3.9315e-245 6.52168e-38 0.535587 0.88695 2.96399 0.585875 -0.663229 -0.201014 1.3 0.651 -0.299391 0 2.99097e+262 2.26716e+161 
 0.987 1.312 -2.0395 3.9315e-245 6.52168e-38 0.501587 0.889951 3.05357 0.609642 -0.734419 -0.213535 1.266 0.654 -0.299391 0 2.99097e+262 2.26716e+161 
 1.003 1.317 -2.03949 3.9315e-245 6.52168e-38 0.479587 0.89095 3.09619 0.634471 -0.796425 -0.222215 1.244 0.655 -0.299391 0 2.99097e+262 2.26716e+161 
 1.009 1.289 -2.0395 3.9315e-245 6.52168e-38 0.462587 0.88395 -2.75097 0.631355 -0.879124 -0.24558 1.227 0.648 -0.29939 0 2.99097e+262 2.26716e+161 
 0.984 1.281 -2.0395 3.9315e-245 6.52168e-38 0.451587 0.89195 2.51279 0.61079 -0.890041 -0.256517 1.216 0.656 -0.29939 0 2.99097e+262 2.26716e+161 
 1.037 1.353 -2.0395 3.9315e-245 6.52168e-38 0.443586 0.868948 -1.90553 0.720197 -0.797807 -0.196816 1.208 0.633 -0.299387 0 2.99097e+262 2.26716e+161 
 0.838 0.962 -2.0395 3.9315e-245 6.52168e-38 0.430586 0.870947 2.98901 0.313391 -1.48744 -0.523599 1.195 0.635 -0.299386 0 2.99097e+262 2.26716e+161 
 0.665 0.939 -2.0395 3.9315e-245 6.52168e-38 0.416585 0.871945 3.07042 0.194421 -1.18993 -0.523599 1.181 0.636 -0.299383 0 2.99097e+262 2.26716e+161 
 0.763 0.978 -2.0395 3.9315e-245 6.52168e-38 0.399584 0.856942 -2.41855 0.306865 -1.30498 -0.523599 1.164 0.621 -0.29938 0 2.99097e+262 2.26716e+161 
 0.945 1.113 -2.0395 3.9315e-245 6.52168e-38 0.406584 0.851942 -0.620327 0.517791 -1.19609 -0.394051 1.171 0.616 -0.299379 0 2.99097e+262 2.26716e+161 
 0.998 1.286 -2.0395 3.9315e-245 6.52168e-38 0.423584 0.865941 0.688923 0.659298 -0.892382 -0.23898 1.188 0.63 -0.299379 0 2.99097e+262 2.26716e+161 
 1.009 1.322 -2.0395 3.9315e-245 6.52168e-38 0.448584 0.887942 0.721667 0.662051 -0.842331 -0.225133 1.213 0.652 -0.29938 0 2.99097e+262 2.26716e+161 
 1.013 1.319 -2.0395 3.9315e-245 6.52168e-38 0.445585 0.879944 -1.92958 0.669996 -0.843514 -0.222853 1.21 0.644 -0.299382 0 2.99097e+262 2.26716e+161 
 0.999 1.317 -2.0395 3.9315e-245 6.52168e-38 0.452585 0.889945 0.960108 0.648493 -0.83366 -0.227394 1.217 0.654 -0.299384 0 2.99097e+262 2.26716e+161 
 1.021 1.309 -2.03949 3.9315e-245 6.52168e-38 0.444585 0.881945 -2.35619 0.665879 -0.881377 -0.233893 1.209 0.646 -0.299384 0 2.99097e+262 2.26716e+161 
 1.018 1.307 -2.03949 3.9315e-245 6.52168e-38 0.445586 0.876946 -1.3733 0.665882 -0.869237 -0.230784 1.21 0.641 -0.299385 0 2.99097e+262 2.26716e+161 
 1.022 1.329 -2.0395 3.9315e-245 6.52168e-38 0.392585 0.839945 -2.53213 0.744783 -0.841116 -0.200549 1.157 0.604 -0.299384 0 2.99097e+262 2.26716e+161 
 0.998 1.333 -2.0395 3.9315e-245 6.52168e-38 0.394586 0.832946 -1.29244 0.738507 -0.783773 -0.188759 1.159 0.597 -0.299385 0 2.99097e+262 2.26716e+161 
 0.995 1.343 -2.03949 3.9315e-245 6.52168e-38 0.410586 0.856947 0.982804 0.716633 -0.780275 -0.193532 1.175 0.621 -0.299386 0 2.99097e+262 2.26716e+161 
 0.981 1.356 -2.0395 3.9315e-245 6.52168e-38 0.434586 0.877946 0.718823 0.688721 -0.733377 -0.189374 1.199 0.642 -0.299385 0 2.99097e+262 2.26716e+161 
 0.964 1.345 -2.0395 3.9315e-245 6.52168e-38 0.470585 0.901945 0.587987 0.630916 -0.706379 -0.198866 1.235 0.666 -0.299384 0 2.99097e+262 2.26716e+161 
 0.889 1.411 -2.0395 3.9315e-245 6.52168e-38 0.483586 0.921946 0.99443 0.620673 -0.428484 -0.12363 1.248 0.686 -0.299385 0 2.99097e+262 2.26716e+161 
 0.51 1.618 -2.03949 3.9315e-245 6.52168e-38 0.490586 0.931948 0.960111 0.64147 0.836377 0.23052 1.255 0.696 -0.299387 0 2.99097e+262 2.26716e+161 
 0.669 1.444 -2.0395 3.9315e-245 6.52168e-38 0.488586 0.923948 -1.81577 0.542926 0.254953 0.084326 1.253 0.688 -0.299388 0 2.99097e+262 2.26716e+161 
 0.873 1.414 -2.03949 3.9315e-245 6.52168e-38 0.477587 0.91295 -2.35625 0.625549 -0.382887 -0.109732 1.242 0.677 -0.29939 0 2.99097e+262 2.26716e+161 
 0.97 1.383 -2.03949 3.9315e-245 6.52168e-38 0.492586 0.932948 0.927268 0.627575 -0.660884 -0.187331 1.257 0.697 -0.299388 0 2.99097e+262 2.26716e+161 
 0.953 1.368 -2.03949 3.9315e-245 6.52168e-38 0.496587 0.94695 1.29249 0.592513 -0.678022 -0.203136 1.261 0.711 -0.29939 0 2.99097e+262 2.26716e+161 
 0.981 1.368 -2.0395 3.9315e-245 6.52168e-38 0.500586 0.944948 -0.464128 0.607613 -0.722527 -0.210861 1.265 0.709 -0.299387 0 2.99097e+262 2.26716e+161 
 0.96 1.377 -2.0395 3.9315e-245 6.52168e-38 0.485586 0.930949 -2.3907 0.622681 -0.662971 -0.189351 1.25 0.695 -0.299389 0 2.99097e+262 2.26716e+161 
 0.942 1.378 -2.0395 3.9315e-245 6.52168e-38 0.461586 0.906949 -2.35619 0.646211 -0.625235 -0.172428 1.226 0.671 -0.299388 0 2.99097e+262 2.26716e+161 
 0.916 1.379 -2.0395 3.9315e-245 6.52168e-38 0.433586 0.882949 -2.43297 0.667646 -0.581555 -0.155523 1.198 0.647 -0.299388 0 2.99097e+262 2.26716e+161 
 0.919 1.374 -2.0395 3.9315e-245 6.52168e-38 0.423586 0.881948 -3.04186 0.671513 -0.614443 -0.163237 1.188 0.646 -0.299388 0 2.99097e+262 2.26716e+161 
 0.959 1.377 -2.0395 3.9315e-245 6.52168e-38 0.430586 0.893948 1.04271 0.682582 -0.692559 -0.18064 1.195 0.658 -0.299387 0 2.99097e+262 2.26716e+161 
 1.005 1.42 -2.0395 3.9315e-245 6.52168e-38 0.423586 0.885948 -2.28966 0.753106 -0.689676 -0.16337 1.188 0.65 -0.299388 0 2.99097e+262 2.26716e+161 
 0.967 1.446 -2.0395 3.9315e-245 6.52168e-38 0.418586 0.877948 -2.12939 0.762402 -0.57714 -0.135426 1.183 0.642 -0.299387 0 2.99097e+262 2.26716e+161 
 0.987 1.446 -2.0395 3.9315e-245 6.52168e-38 0.437586 0.882948 0.257302 0.758868 -0.58717 -0.138384 1.202 0.647 -0.299387 0 2.99097e+262 2.26716e+161 
 0.976 1.439 -2.0395 3.9315e-245 6.52168e-38 0.462585 0.901946 0.649834 0.718034 -0.567106 -0.141218 1.227 0.666 -0.299384 0 2.99097e+262 2.26716e+161 
 0.964 1.413 -2.0395 3.9315e-245 6.52168e-38 0.476586 0.914946 0.748395 0.672011 -0.587674 -0.156129 1.241 0.679 -0.299385 0 2.99097e+262 2.26716e+161 
 0.975 1.419 -2.0395 3.9315e-245 6.52168e-38 0.483585 0.922946 0.851941 0.672572 -0.599205 -0.159011 1.248 0.687 -0.299384 0 2.99097e+262 2.26716e+161 
 1.005 1.415 -2.0395 3.9315e-245 6.52168e-38 0.497585 0.935945 0.748366 0.667644 -0.661846 -0.176578 1.262 0.7 -0.299384 0 2.99097e+262 2.26716e+161 
 1.002 1.412 -2.0395 3.9315e-245 6.52168e-38 0.497585 0.946945 1.57081 0.654714 -0.68333 -0.185703 1.262 0.711 -0.299383 0 2.99097e+262 2.26716e+161 
 1.004 1.415 -2.0395 3.9315e-245 6.52168e-38 0.512586 0.956947 0.588071 0.641824 -0.672369 -0.186378 1.277 0.721 -0.299385 0 2.99097e+262 2.26716e+161 
 1.013 1.428 -2.0395 3.9315e-245 6.52168e-38 0.519587 0.973949 1.1802 0.639725 -0.6842 -0.190187 1.284 0.738 -0.299389 0 2.99097e+262 2.26716e+161 
 0.992 1.434 -2.0395 3.9315e-245 6.52168e-38 0.518586 0.979949 1.73598 0.62858 -0.644792 -0.182586 1.283 0.744 -0.299389 0 2.99097e+262 2.26716e+161 
 0.994 1.406 -2.0395 3.9315e-245 6.52168e-38 0.513586 0.971947 -2.12933 0.616404 -0.69954 -0.201505 1.278 0.736 -0.299386 0 2.99097e+262 2.26716e+161 
 0.994 1.388 -2.0395 3.9315e-245 6.52168e-38 0.512586 0.958947 -1.64758 0.612968 -0.711906 -0.206085 1.277 0.723 -0.299386 0 2.99097e+262 2.26716e+161 
 0.999 1.367 -2.0395 3.9315e-245 6.52168e-38 0.523585 0.957946 -0.0907427 0.593636 -0.742487 -0.221442 1.288 0.722 -0.299384 0 2.99097e+262 2.26716e+161 
 1.031 1.34 -2.0395 3.9315e-245 6.52168e-38 0.531586 0.953948 -0.463398 0.589269 -0.838684 -0.250793 1.296 0.718 -0.299387 0 2.99097e+262 2.26716e+161 
 1.022 1.332 -2.0395 3.9315e-245 6.52168e-38 0.522586 0.969947 2.08325 0.570597 -0.892667 -0.274492 1.287 0.734 -0.299385 0 2.99097e+262 2.26716e+161 
 1.027 1.342 -2.0395 3.9315e-245 6.52168e-38 0.498586 0.987948 2.49805 0.581503 -0.960792 -0.289076 1.263 0.752 -0.299387 0 2.99097e+262 2.26716e+161 
 1.04 1.341 -2.0395 3.9315e-245 6.52168e-38 0.475587 0.990949 3.01183 0.599842 -1.02533 -0.298488 1.24 0.755 -0.299389 0 2.99097e+262 2.26716e+161 
 1.039 1.353 -2.0395 3.9315e-245 6.52168e-38 0.459587 0.99195 3.07914 0.617098 -1.02283 -0.289939 1.224 0.756 -0.29939 0 2.99097e+262 2.26716e+161 
 1.042 1.379 -2.0395 3.9315e-245 6.52168e-38 0.467587 0.96995 -1.22201 0.650795 -0.914767 -0.24781 1.232 0.734 -0.29939 0 2.99097e+262 2.26716e+161 
 1.059 1.37 -2.0395 3.9315e-245 6.52168e-38 0.461588 0.985953 1.92947 0.645217 -0.999343 -0.271889 1.226 0.75 -0.299394 0 2.99097e+262 2.26716e+161 
 1.07 1.363 -2.03949 3.9315e-245 6.52168e-38 0.461587 0.992952 1.57086 0.641167 -1.04301 -0.284849 1.226 0.757 -0.299392 0 2.99097e+262 2.26716e+161 
 1.044 1.364 -2.0395 3.9315e-245 6.52168e-38 0.478587 0.98095 -0.614745 0.625539 -0.955395 -0.268289 1.243 0.745 -0.29939 0 2.99097e+262 2.26716e+161 
 1.026 1.358 -2.0395 3.9315e-245 6.52168e-38 0.498586 0.957949 -0.855084 0.616423 -0.857951 -0.245475 1.263 0.722 -0.299388 0 2.99097e+262 2.26716e+161 
 1.038 1.361 -2.0395 3.9315e-245 6.52168e-38 0.519586 0.940949 -0.680531 0.626883 -0.800015 -0.225795 1.284 0.705 -0.299388 0 2.99097e+262 2.26716e+161 
 1.048 1.364 -2.0395 3.9315e-245 6.52168e-38 0.520586 0.930947 -1.47119 0.642279 -0.789078 -0.217638 1.285 0.695 -0.299386 0 2.99097e+262 2.26716e+161 
 1.05 1.355 -2.0395 3.9315e-245 6.52168e-38 0.521586 0.931946 0.785071 0.634988 -0.811349 -0.226062 1.286 0.696 -0.299385 0 2.99097e+262 2.26716e+161 
 1.031 1.346 -2.0395 3.9315e-245 6.52168e-38 0.517586 0.931947 3.14147 0.619295 -0.803651 -0.229469 1.282 0.696 -0.299386 0 2.99097e+262 2.26716e+161 
 1.047 1.361 -2.0395 3.9315e-245 6.52168e-38 0.517586 0.933949 1.57044 0.638702 -0.804846 -0.223049 1.282 0.698 -0.299389 0 2.99097e+262 2.26716e+161 
 1.056 1.361 -2.03949 3.9315e-245 6.52168e-38 0.520587 0.93695 0.78554 0.639797 -0.821332 -0.227087 1.285 0.701 -0.299391 0 2.99097e+262 2.26716e+161 
 1.031 1.345 -2.03949 3.9315e-245 6.52168e-38 0.512587 0.94395 2.42277 0.611985 -0.840196 -0.242268 1.277 0.708 -0.29939 0 2.99097e+262 2.26716e+161 
 1.033 1.363 -2.03949 3.9315e-245 6.52168e-38 0.515586 0.938948 -1.03062 0.629459 -0.789913 -0.222155 1.28 0.703 -0.299388 0 2.99097e+262 2.26716e+161 
 1.045 1.357 -2.03949 3.9315e-245 6.52168e-38 0.510587 0.935951 -2.60142 0.63687 -0.825814 -0.229297 1.275 0.7 -0.299391 0 2.99097e+262 2.26716e+161 
 1.051 1.353 -2.03949 3.9315e-245 6.52168e-38 0.509587 0.93895 1.89265 0.635448 -0.852109 -0.236842 1.274 0.703 -0.29939 0 2.99097e+262 2.26716e+161 
 1.04 1.382 -2.0395 3.9315e-245 6.52168e-38 0.508587 0.93595 -1.89256 0.654823 -0.769833 -0.208538 1.273 0.7 -0.29939 0 2.99097e+262 2.26716e+161 
 1.032 1.364 -2.0395 3.9315e-245 6.52168e-38 0.506586 0.938948 2.15928 0.634834 -0.801989 -0.223593 1.271 0.703 -0.299387 0 2.99097e+262 2.26716e+161 
 1.026 1.363 -2.0395 3.9315e-245 6.52168e-38 0.509587 0.93695 -0.587472 0.630463 -0.78397 -0.220198 1.274 0.701 -0.29939 0 2.99097e+262 2.26716e+161 
 1.023 1.362 -2.0395 3.9315e-245 6.52168e-38 0.512586 0.926949 -1.27939 0.63416 -0.754565 -0.210988 1.277 0.691 -0.299389 0 2.99097e+262 2.26716e+161 
 1.039 1.371 -2.0395 3.9315e-245 6.52168e-38 0.518586 0.931947 0.694552 0.643022 -0.764499 -0.210825 1.283 0.696 -0.299386 0 2.99097e+262 2.26716e+161 
 1.038 1.367 -2.0395 3.9315e-245 6.52168e-38 0.518586 0.931948 1.27141 0.639286 -0.770849 -0.213728 1.283 0.696 -0.299388 0 2.99097e+262 2.26716e+161 
 1.036 1.38 -2.0395 3.9315e-245 6.52168e-38 0.514587 0.932949 2.89633 0.649928 -0.75017 -0.204848 1.279 0.697 -0.299389 0 2.99097e+262 2.26716e+161 
 1.042 1.376 -2.0395 3.9315e-245 6.52168e-38 0.507586 0.933949 2.99968 0.653378 -0.783039 -0.212465 1.272 0.698 -0.299389 0 2.99097e+262 2.26716e+161 
 1.039 1.361 -2.0395 3.9315e-245 6.52168e-38 0.511587 0.934951 0.24525 0.636766 -0.803426 -0.223323 1.276 0.699 -0.299391 0 2.99097e+262 2.26716e+161 
 1.061 1.355 -2.0395 3.9315e-245 6.52168e-38 0.514587 0.938952 0.927375 0.639904 -0.85623 -0.236349 1.279 0.703 -0.299392 0 2.99097e+262 2.26716e+161 
 1.048 1.354 -2.0395 3.9315e-245 6.52168e-38 0.512587 0.93895 -3.14065 0.632756 -0.83995 -0.234543 1.277 0.703 -0.29939 0 2.99097e+262 2.26716e+161 
 1.04 1.351 -2.0395 3.9315e-245 6.52168e-38 0.519587 0.93695 -0.278291 0.623318 -0.81612 -0.231453 1.284 0.701 -0.29939 0 2.99097e+262 2.26716e+161 
 1.046 1.362 -2.0395 3.9315e-245 6.52168e-38 0.518586 0.931948 -1.76823 0.639915 -0.79521 -0.22006 1.283 0.696 -0.299388 0 2.99097e+262 2.26716e+161 
 1.056 1.352 -2.0395 3.9315e-245 6.52168e-38 0.517586 0.930948 -2.35595 0.639181 -0.832585 -0.230304 1.282 0.695 -0.299387 0 2.99097e+262 2.26716e+161 
 1.039 1.372 -2.0395 3.9315e-245 6.52168e-38 0.519587 0.92595 -1.18996 0.647997 -0.748594 -0.205022 1.284 0.69 -0.29939 0 2.99097e+262 2.26716e+161 
 1.027 1.361 -2.0395 3.9315e-245 6.52168e-38 0.521587 0.92095 -1.19037 0.635293 -0.735141 -0.205354 1.286 0.685 -0.29939 0 2.99097e+262 2.26716e+161 
 1.045 1.354 -2.0395 3.9315e-245 6.52168e-38 0.518587 0.929949 1.89257 0.634621 -0.805809 -0.224695 1.283 0.694 -0.299389 0 2.99097e+262 2.26716e+161 
 1.043 1.358 -2.0395 3.9315e-245 6.52168e-38 0.512587 0.937951 2.21419 0.633781 -0.821028 -0.229086 1.277 0.702 -0.299391 0 2.99097e+262 2.26716e+161 
 1.029 1.366 -2.03949 3.9315e-245 6.52168e-38 0.506587 0.94495 2.27944 0.629964 -0.805018 -0.226086 1.271 0.709 -0.299391 0 2.99097e+262 2.26716e+161 
 1.039 1.346 -2.03949 3.9315e-245 6.52168e-38 0.501586 0.942949 -2.76086 0.624566 -0.868492 -0.245261 1.266 0.707 -0.299389 0 2.99097e+262 2.26716e+161 
 1.06 1.356 -2.0395 3.9315e-245 6.52168e-38 0.494587 0.95295 2.18143 0.640902 -0.913406 -0.251119 1.259 0.717 -0.299391 0 2.99097e+262 2.26716e+161 
 1.052 1.34 -2.0395 3.9315e-245 6.52168e-38 0.491586 0.947949 -2.11112 0.629503 -0.928698 -0.259561 1.256 0.712 -0.299388 0 2.99097e+262 2.26716e+161 
 1.062 1.345 -2.0395 3.9315e-245 6.52168e-38 0.495586 0.944947 -0.643783 0.639179 -0.921168 -0.253816 1.26 0.709 -0.299386 0 2.99097e+262 2.26716e+161 
 1.046 1.363 -2.0395 3.9315e-245 6.52168e-38 0.501585 0.935945 -0.982936 0.64734 -0.830336 -0.226908 1.266 0.7 -0.299384 0 2.99097e+262 2.26716e+161 
 1.041 1.353 -2.0395 3.9315e-245 6.52168e-38 0.511585 0.930943 -0.463872 0.634782 -0.815144 -0.227155 1.276 0.695 -0.299381 0 2.99097e+262 2.26716e+161 
 1.048 1.35 -2.0395 3.9315e-245 6.52168e-38 0.517585 0.916944 -1.16583 0.644 -0.794303 -0.218467 1.282 0.681 -0.299383 0 2.99097e+262 2.26716e+161 
 1.064 1.347 -2.0395 3.9315e-245 6.52168e-38 0.518585 0.918945 1.10715 0.6487 -0.82996 -0.226349 1.283 0.683 -0.299383 0 2.99097e+262 2.26716e+161 
 1.058 1.358 -2.0395 3.9315e-245 6.52168e-38 0.519585 0.924945 1.40562 0.648589 -0.80804 -0.220602 1.284 0.689 -0.299384 0 2.99097e+262 2.26716e+161 
 1.052 1.363 -2.0395 3.9315e-245 6.52168e-38 0.519585 0.931945 1.5708 0.643572 -0.801839 -0.220615 1.284 0.696 -0.299384 0 2.99097e+262 2.26716e+161 
 1.054 1.342 -2.0395 3.9315e-245 6.52168e-38 0.519586 0.928947 -1.57063 0.630619 -0.842422 -0.235976 1.284 0.693 -0.299386 0 2.99097e+262 2.26716e+161 
 1.042 1.344 -2.0395 3.9315e-245 6.52168e-38 0.516585 0.929945 2.82043 0.626204 -0.824872 -0.232807 1.281 0.694 -0.299384 0 2.99097e+262 2.26716e+161 
 1.042 1.34 -2.0395 3.9315e-245 6.52168e-38 0.518586 0.929946 0.000504305 0.621917 -0.829803 -0.235704 1.283 0.694 -0.299385 0 2.99097e+262 2.26716e+161 
 1.043 1.341 -2.0395 3.9315e-245 6.52168e-38 0.517586 0.926948 -1.89257 0.626201 -0.824876 -0.232809 1.282 0.691 -0.299387 0 2.99097e+262 2.26716e+161 
