 1.468 1.524 -0.0262523 0 0 1.468 1.524 0.317229 0 0 0 2.414 2.97 0 0 0 0 
 1.471 1.523 -0.0262546 0 0 1.471 1.523 0.31922 6.90263e-05 2.68302e-14 1.55478e-10 2.416 2.972 0 0 0 0 
 1.473 1.521 -0.0262548 0 0 1.473 1.521 0.318804 6.90255e-05 2.69304e-14 1.56061e-10 2.417 2.969 0 0 0 0 
 1.476 1.523 -0.0262533 0 0 1.476 1.523 0.317552 6.90237e-05 2.68374e-14 1.55526e-10 2.417 2.968 0 0 0 0 
 1.472 1.527 -0.026254 0 0 1.472 1.527 0.316627 6.90244e-05 2.66327e-14 1.54338e-10 2.418 2.972 0 0 0 0 
 1.473 1.53 -0.0262537 0 0 1.473 1.53 0.315842 6.90233e-05 2.64837e-14 1.53477e-10 2.42 2.974 0 0 0 0 
 1.471 1.527 -0.0262534 0 0 1.471 1.527 0.317876 6.90251e-05 2.66259e-14 1.54297e-10 2.42 2.975 0 0 0 0 
 1.473 1.529 -0.0262526 0 0 1.473 1.529 0.313313 6.90221e-05 2.65259e-14 1.53724e-10 2.424 2.97 0 0 0 0 
 1.474 1.53 -0.0262535 0 0 1.474 1.53 0.312714 6.90213e-05 2.64769e-14 1.53442e-10 2.425 2.97 0 0 0 0 
 1.47 1.528 -0.026252 0 0 1.47 1.528 0.315159 6.9024e-05 2.65687e-14 1.53968e-10 2.424 2.973 0 0 0 0 
 1.472 1.53 -0.0262526 0 0 1.472 1.53 0.314875 6.90232e-05 2.64806e-14 1.53459e-10 2.421 2.973 0 0 0 0 
 1.471 1.527 -0.0262527 0 0 1.471 1.527 0.314459 6.90238e-05 2.66305e-14 1.54326e-10 2.419 2.969 0 0 0 0 
 1.469 1.523 -0.026253 0 0 1.469 1.523 0.317044 6.90262e-05 2.68285e-14 1.55469e-10 2.416 2.969 0 0 0 0 
 1.471 1.525 -0.0262518 0 0 1.471 1.525 0.318618 6.90259e-05 2.67321e-14 1.54911e-10 2.416 2.973 0 0 0 0 
 1.469 1.527 -0.0262523 0 0 1.469 1.527 0.318804 6.90268e-05 2.6637e-14 1.54357e-10 2.413 2.975 0 0 0 0 
 1.467 1.528 -0.0262529 0 0 1.467 1.528 0.31654 6.9026e-05 2.65714e-14 1.53979e-10 2.42 2.975 0 0 0 0 
 1.467 1.529 -0.026252 0 0 1.467 1.529 0.314926 6.90253e-05 2.65257e-14 1.53716e-10 2.419 2.973 0 0 0 0 
 1.468 1.528 -0.0262525 0 0 1.468 1.528 0.318062 6.90265e-05 2.65805e-14 1.5403e-10 2.416 2.976 0 0 0 0 
 1.47 1.529 -0.0262516 0 0 1.47 1.529 0.319636 6.90263e-05 2.65338e-14 1.5376e-10 2.416 2.979 0 0 0 0 
 1.467 1.529 -0.0262504 0 0 1.467 1.529 0.316491 6.90261e-05 2.65288e-14 1.53732e-10 2.417 2.975 0 0 0 0 
 1.471 1.531 -0.0262507 0 0 1.471 1.531 0.315928 6.90247e-05 2.64506e-14 1.53282e-10 2.411 2.973 0 0 0 0 
 1.468 1.532 -0.026252 0 0 1.468 1.532 0.31459 6.90251e-05 2.63958e-14 1.52963e-10 2.412 2.973 0 0 0 0 
 1.47 1.532 -0.0262524 0 0 1.47 1.532 0.314172 6.90241e-05 2.63971e-14 1.52973e-10 2.413 2.972 0 0 0 0 
 1.469 1.525 -0.0262549 0 0 1.469 1.525 0.316627 6.90259e-05 2.67325e-14 1.54913e-10 2.415 2.97 0 0 0 0 
 1.468 1.529 -0.0262551 0 0 1.468 1.529 0.313676 6.90246e-05 2.65325e-14 1.53756e-10 2.417 2.97 0 0 0 0 
 1.472 1.525 -0.026255 0 0 1.472 1.525 0.316627 6.90246e-05 2.6731e-14 1.54907e-10 2.418 2.97 0 0 0 0 
 1.468 1.527 -0.0262545 0 0 1.468 1.527 0.315292 6.90254e-05 2.66272e-14 1.54304e-10 2.418 2.971 0 0 0 0 
 1.471 1.528 -0.0262558 0 0 1.471 1.528 0.315793 6.90246e-05 2.6589e-14 1.54084e-10 2.415 2.971 0 0 0 0 
 1.474 1.526 -0.0262568 0 0 1.474 1.526 0.319275 6.90255e-05 2.67026e-14 1.5474e-10 2.409 2.972 0 0 0 0 
 1.474 1.524 -0.0262545 0 0 1.474 1.524 0.319506 6.90256e-05 2.67964e-14 1.55284e-10 2.411 2.971 0 0 0 0 
 1.472 1.525 -0.026254 0 0 1.472 1.525 0.321404 6.90267e-05 2.67341e-14 1.5492e-10 2.415 2.977 0 0 0 0 
 1.472 1.526 -0.0262538 0 0 1.472 1.526 0.315743 6.90245e-05 2.6693e-14 1.54687e-10 2.413 2.968 0 0 0 0 
 1.478 1.527 -0.0262551 0 0 1.478 1.527 0.319506 6.90235e-05 2.6647e-14 1.54423e-10 2.415 2.974 0 0 0 0 
 1.475 1.526 -0.0262541 0 0 1.475 1.526 0.317969 6.9024e-05 2.66879e-14 1.54658e-10 2.417 2.972 0 0 0 0 
 1.477 1.527 -0.0262537 0 0 1.477 1.527 0.316764 6.90225e-05 2.66386e-14 1.54376e-10 2.419 2.971 0 0 0 0 
 1.472 1.521 -0.0262525 0 0 1.472 1.521 0.32299 6.90279e-05 2.69344e-14 1.56078e-10 2.413 2.975 0 0 0 0 
 1.469 1.522 -0.0262525 0 0 1.469 1.522 0.322573 6.9029e-05 2.6889e-14 1.55813e-10 2.409 2.975 0 0 0 0 
 1.475 1.525 -0.0262529 0 0 1.475 1.525 0.319736 6.9025e-05 2.67422e-14 1.54971e-10 2.414 2.973 0 0 0 0 
 1.473 1.526 -0.0262508 0 0 1.473 1.526 0.320946 6.90263e-05 2.66933e-14 1.54685e-10 2.412 2.976 0 0 0 0 
 1.468 1.523 -0.026251 0 0 1.468 1.523 0.319406 6.90278e-05 2.68337e-14 1.55495e-10 2.412 2.972 0 0 0 0 
 1.471 1.524 -0.0262511 0 0 1.471 1.524 0.322008 6.90275e-05 2.67833e-14 1.55204e-10 2.414 2.977 0 0 0 0 
 1.474 1.528 -0.0262508 0 0 1.474 1.528 0.316161 6.90235e-05 2.65914e-14 1.541e-10 2.416 2.971 0 0 0 0 
 1.476 1.524 -0.0262503 0 0 1.476 1.524 0.320111 6.90249e-05 2.6795e-14 1.55277e-10 2.413 2.972 0 0 0 0 
 1.476 1.52 -0.0262506 0 0 1.476 1.52 0.321592 6.90255e-05 2.69805e-14 1.56351e-10 2.418 2.972 0 0 0 0 
 1.473 1.52 -0.0256147 0 0 1.473 1.52 0.3208 6.90265e-05 2.69693e-14 1.56284e-10 2.416 2.971 0 0 0 0 
 1.469 1.518 -0.0267887 0 0 1.469 1.518 0.319951 6.90273e-05 2.70679e-14 1.56853e-10 2.423 2.971 0 0 0 0 
 1.469 1.52 -0.0267149 0 0 1.469 1.52 0.319122 6.90269e-05 2.69725e-14 1.56301e-10 2.421 2.971 0 0 0 0 
 1.471 1.517 -0.0267698 0 0 1.471 1.517 0.321484 6.90275e-05 2.71258e-14 1.57188e-10 2.42 2.971 0 0 0 0 
 1.47 1.518 -0.026851 0 0 1.47 1.518 0.319723 6.90269e-05 2.7073e-14 1.56884e-10 2.422 2.97 0 0 0 0 
 1.473 1.522 -0.0268349 0 0 1.473 1.522 0.320654 6.90259e-05 2.68833e-14 1.55787e-10 2.42 2.974 0 0 0 0 
 1.477 1.526 -0.026259 0 0 1.477 1.526 0.318945 6.90236e-05 2.66906e-14 1.54675e-10 2.417 2.973 0 0 0 0 
 1.484 1.524 -0.0317851 0 0 1.484 1.524 0.319881 6.90215e-05 2.6891e-14 1.55841e-10 2.419 2.971 0 0 0 0 
 1.504 1.515 -0.0544518 0 0 1.504 1.515 0.330028 6.90194e-05 2.77412e-14 1.60773e-10 2.418 2.972 0 0 0 0 
 1.517 1.521 -0.0883573 0 0 1.517 1.521 0.327665 6.90132e-05 2.79887e-14 1.62222e-10 2.421 2.971 0 0 0 0 
 1.545 1.53 -0.120286 0 0 1.545 1.53 0.324869 6.9002e-05 2.80335e-14 1.62508e-10 2.422 2.967 0 0 0 0 
 1.563 1.521 -0.127848 0 0 1.563 1.521 0.334582 6.90016e-05 2.85961e-14 1.65771e-10 2.417 2.966 0 0 0 0 
 1.584 1.512 -0.128916 0 0 1.584 1.512 0.343095 6.90001e-05 2.90666e-14 1.68502e-10 2.416 2.963 0 0 0 0 
 1.595 1.511 -0.128522 0 0 1.595 1.511 0.345919 6.89979e-05 2.90997e-14 1.68699e-10 2.423 2.965 0 0 0 0 
 1.604 1.512 -0.12841 0 0 1.604 1.512 0.345044 6.89947e-05 2.90437e-14 1.68382e-10 2.427 2.963 0 0 0 0 
 1.606 1.508 -0.128462 0 0 1.606 1.508 0.351409 6.89975e-05 2.92531e-14 1.69589e-10 2.424 2.967 0 0 0 0 
 1.606 1.51 -0.128397 0 0 1.606 1.51 0.349652 6.89966e-05 2.91549e-14 1.69022e-10 2.423 2.966 0 0 0 0 
 1.605 1.508 -0.128324 0 0 1.605 1.508 0.350741 6.89974e-05 2.92455e-14 1.69545e-10 2.426 2.967 0 0 0 0 
 1.609 1.506 -0.128312 0 0 1.609 1.506 0.349873 6.89963e-05 2.93503e-14 1.70156e-10 2.425 2.962 0 0 0 0 
 1.606 1.512 -0.12825 0 0 1.606 1.512 0.347891 6.89955e-05 2.90483e-14 1.68407e-10 2.425 2.966 0 0 0 0 
 1.602 1.513 -0.128201 0 0 1.602 1.513 0.347231 6.89962e-05 2.89979e-14 1.68113e-10 2.424 2.967 0 0 0 0 
 1.604 1.513 -0.128282 0 0 1.604 1.513 0.345037 6.89951e-05 2.90148e-14 1.68214e-10 2.418 2.961 0 0 0 0 
 1.599 1.514 -0.128259 0 0 1.599 1.514 0.344388 6.89958e-05 2.8952e-14 1.67848e-10 2.422 2.964 0 0 0 0 
 1.6 1.519 -0.128343 0 0 1.6 1.519 0.340451 6.89934e-05 2.8711e-14 1.66456e-10 2.42 2.962 0 0 0 0 
 1.598 1.522 -0.128366 0 0 1.598 1.522 0.340461 6.89936e-05 2.85604e-14 1.65583e-10 2.421 2.966 0 0 0 0 
 1.591 1.524 -0.128385 0 0 1.591 1.524 0.338966 6.89947e-05 2.84589e-14 1.64992e-10 2.421 2.968 0 0 0 0 
 1.593 1.526 -0.128374 0 0 1.593 1.526 0.335067 6.89922e-05 2.83564e-14 1.64404e-10 2.423 2.964 0 0 0 0 
 1.594 1.526 -0.128357 0 0 1.594 1.526 0.337439 6.89929e-05 2.83596e-14 1.6442e-10 2.422 2.967 0 0 0 0 
 1.595 1.523 -0.128426 0 0 1.595 1.523 0.334838 6.89918e-05 2.85048e-14 1.65265e-10 2.423 2.96 0 0 0 0 
 1.589 1.523 -0.128412 0 0 1.589 1.523 0.337454 6.89948e-05 2.85094e-14 1.65284e-10 2.42 2.965 0 0 0 0 
 1.587 1.528 -0.128359 0 0 1.587 1.528 0.337016 6.89948e-05 2.82709e-14 1.63902e-10 2.417 2.969 0 0 0 0 
 1.586 1.532 -0.128418 0 0 1.586 1.532 0.330585 6.89918e-05 2.80638e-14 1.62708e-10 2.422 2.965 0 0 0 0 
 1.588 1.526 -0.128407 0 0 1.588 1.526 0.333561 6.89932e-05 2.8364e-14 1.64445e-10 2.419 2.962 0 0 0 0 
 1.584 1.529 -0.128394 0 0 1.584 1.529 0.334648 6.89947e-05 2.82233e-14 1.63626e-10 2.416 2.967 0 0 0 0 
 1.585 1.528 -0.128369 0 0 1.585 1.528 0.336999 6.89957e-05 2.82822e-14 1.63965e-10 2.412 2.968 0 0 0 0 
 1.583 1.526 -0.122839 0 0 1.583 1.526 0.340267 6.89978e-05 2.83021e-14 1.64076e-10 2.413 2.972 0 0 0 0 
 1.591 1.52 -0.0873131 0 0 1.591 1.52 0.348325 6.89995e-05 2.81062e-14 1.62936e-10 2.414 2.976 0 0 0 0 
 1.611 1.522 -0.0511021 0 0 1.611 1.522 0.348125 6.89935e-05 2.7499e-14 1.59429e-10 2.417 2.972 0 0 0 0 
 1.61 1.524 -0.0181391 0 0 1.61 1.524 0.345914 6.89928e-05 2.69011e-14 1.55965e-10 2.414 2.97 0 0 0 0 
 1.621 1.518 0.0179648 0 0 1.621 1.518 0.353062 6.89938e-05 2.66539e-14 1.54529e-10 2.411 2.97 0 0 0 0 
 1.619 1.528 0.0681173 0 0 1.619 1.528 0.343033 6.89885e-05 2.52862e-14 1.46611e-10 2.418 2.968 0 0 0 0 
 1.614 1.528 0.137626 0 0 1.614 1.528 0.338446 6.89875e-05 2.39797e-14 1.39038e-10 2.425 2.965 0 0 0 0 
 1.614 1.519 0.220807 0 0 1.614 1.519 0.339977 6.89893e-05 2.275e-14 1.31904e-10 2.424 2.958 0 0 0 0 
 1.626 1.507 0.286738 0 0 1.626 1.507 0.353228 6.8993e-05 2.19586e-14 1.27309e-10 2.43 2.964 0 0 0 0 
 1.644 1.499 0.292823 0 0 1.644 1.499 0.365475 6.8995e-05 2.2321e-14 1.29407e-10 2.43 2.968 0 0 0 0 
 1.671 1.495 0.29384 0 0 1.671 1.495 0.374646 6.89937e-05 2.26639e-14 1.31397e-10 2.425 2.966 0 0 0 0 
 1.694 1.507 0.295126 0 0 1.694 1.507 0.372549 6.89862e-05 2.21877e-14 1.2865e-10 2.42 2.965 0 0 0 0 
 1.73 1.523 0.296237 0 0 1.73 1.523 0.370635 6.89754e-05 2.15739e-14 1.2511e-10 2.427 2.968 0 0 0 0 
 1.771 1.524 0.297023 0 0 1.771 1.524 0.384003 6.89739e-05 2.17452e-14 1.26107e-10 2.423 2.971 0 0 0 0 
 1.829 1.551 0.29754 0 0 1.829 1.551 0.375196 6.89576e-05 2.07353e-14 1.20278e-10 2.422 2.965 0 0 0 0 
 1.876 1.568 0.298235 0 0 1.876 1.568 0.376754 6.89501e-05 2.01632e-14 1.16973e-10 2.419 2.966 0 0 0 0 
 1.927 1.583 0.298466 0 0 1.927 1.583 0.378126 6.89433e-05 1.96952e-14 1.14269e-10 2.421 2.965 0 0 0 0 
 1.975 1.612 0.298191 0 0 1.975 1.612 0.366994 6.89315e-05 1.85837e-14 1.07839e-10 2.422 2.964 0 0 0 0 
 2.018 1.625 0.298628 0 0 2.018 1.625 0.370519 6.89283e-05 1.81739e-14 1.05466e-10 2.428 2.968 0 0 0 0 
 2.066 1.645 0.299052 0 0 2.066 1.645 0.368455 6.8923e-05 1.74873e-14 1.01489e-10 2.426 2.968 0 0 0 0 
 2.103 1.653 0.299515 0 0 2.103 1.653 0.371739 6.8922e-05 1.72836e-14 1.00308e-10 2.422 2.965 0 0 0 0 
 2.147 1.67 0.299972 0 0 2.147 1.67 0.368462 6.8918e-05 1.67031e-14 9.69448e-11 2.422 2.963 0 0 0 0 
 2.2 1.694 0.300413 0 0 2.2 1.694 0.368285 6.8915e-05 1.59105e-14 9.23487e-11 2.416 2.966 0 0 0 0 
 2.246 1.713 0.301288 0 0 2.246 1.713 0.361295 6.89108e-05 1.52397e-14 8.84604e-11 2.421 2.964 0 0 0 0 
 2.289 1.721 0.301975 0 0 2.289 1.721 0.371639 6.89135e-05 1.50863e-14 8.75665e-11 2.42 2.966 0 0 0 0 
 2.339 1.729 0.302662 0 0 2.339 1.729 0.386802 6.89178e-05 1.49791e-14 8.6939e-11 2.42 2.969 0 0 0 0 
 2.378 1.724 0.30322 0 0 2.378 1.724 0.415374 6.89276e-05 1.54149e-14 8.94555e-11 2.419 2.972 0 0 0 0 
 2.419 1.747 0.303434 0 0 2.419 1.747 0.401543 6.89217e-05 1.45833e-14 8.46371e-11 2.418 2.968 0 0 0 0 
 2.447 1.743 0.304106 0 0 2.447 1.743 0.42467 6.89294e-05 1.49228e-14 8.65979e-11 2.42 2.971 0 0 0 0 
 2.489 1.749 0.30495 0 0 2.489 1.749 0.433394 6.89319e-05 1.48303e-14 8.60576e-11 2.427 2.969 0 0 0 0 
 2.54 1.766 0.305444 0 0 2.54 1.766 0.448499 6.89349e-05 1.44399e-14 8.37885e-11 2.432 2.977 0 0 0 0 
 2.577 1.785 0.305576 0 0 2.577 1.785 0.441637 6.89313e-05 1.38187e-14 8.01884e-11 2.434 2.977 0 0 0 0 
 2.626 1.821 0.305765 0 0 2.626 1.821 0.409562 6.89201e-05 1.24934e-14 7.25094e-11 2.437 2.975 0 0 0 0 
 2.659 1.823 0.305931 0 0 2.659 1.823 0.425205 6.89239e-05 1.2606e-14 7.31588e-11 2.442 2.975 0 0 0 0 
 2.671 1.825 0.306157 0 0 2.671 1.825 0.426315 6.89239e-05 1.25668e-14 7.29316e-11 2.445 2.974 0 0 0 0 
 2.67 1.833 0.306608 0 0 2.67 1.833 0.414878 6.89204e-05 1.22173e-14 7.09069e-11 2.445 2.976 0 0 0 0 
 2.671 1.837 0.306457 0 0 2.671 1.837 0.416611 6.89206e-05 1.21196e-14 7.03396e-11 2.441 2.979 0 0 0 0 
 2.677 1.84 0.306423 0 0 2.677 1.84 0.410447 6.89189e-05 1.19863e-14 6.95673e-11 2.443 2.977 0 0 0 0 
 2.674 1.833 0.30666 0 0 2.674 1.833 0.423817 6.89228e-05 1.23068e-14 7.14234e-11 2.439 2.977 0 0 0 0 
 2.669 1.832 0.306576 0 0 2.669 1.832 0.42345 6.89228e-05 1.23297e-14 7.15568e-11 2.437 2.977 0 0 0 0 
 2.664 1.835 0.306556 0 0 2.664 1.835 0.409748 6.89193e-05 1.21268e-14 7.03827e-11 2.431 2.972 0 0 0 0 
 2.654 1.835 0.306585 0 0 2.654 1.835 0.398892 6.89165e-05 1.20108e-14 6.97123e-11 2.437 2.972 0 0 0 0 
 2.655 1.836 0.306659 0 0 2.655 1.836 0.396304 6.89159e-05 1.19646e-14 6.94446e-11 2.434 2.97 0 0 0 0 
 2.654 1.836 0.306682 0 0 2.654 1.836 0.401963 6.89172e-05 1.20066e-14 6.96869e-11 2.435 2.974 0 0 0 0 
 2.651 1.839 0.306649 0 0 2.651 1.839 0.391311 6.89144e-05 1.18242e-14 6.8631e-11 2.435 2.972 0 0 0 0 
 2.651 1.838 0.306733 0 0 2.651 1.838 0.396272 6.89156e-05 1.18886e-14 6.9004e-11 2.438 2.975 0 0 0 0 
 2.65 1.838 0.306757 0 0 2.65 1.838 0.396923 6.89158e-05 1.18949e-14 6.90401e-11 2.436 2.975 0 0 0 0 
 2.648 1.833 0.306739 0 0 2.648 1.833 0.411198 6.89197e-05 1.21599e-14 7.05741e-11 2.436 2.979 0 0 0 0 
 2.646 1.826 0.306738 0 0 2.646 1.826 0.418569 6.89219e-05 1.24235e-14 7.21019e-11 2.441 2.979 0 0 0 0 
 2.643 1.825 0.306745 0 0 2.643 1.825 0.421004 6.89226e-05 1.24668e-14 7.23522e-11 2.442 2.981 0 0 0 0 
 2.636 1.831 0.306759 0 0 2.636 1.831 0.397485 6.89164e-05 1.20882e-14 7.01616e-11 2.437 2.974 0 0 0 0 
 2.633 1.829 0.306772 0 0 2.633 1.829 0.402712 6.89178e-05 1.2183e-14 7.07103e-11 2.439 2.977 0 0 0 0 
 2.633 1.83 0.306738 0 0 2.633 1.83 0.401671 6.89174e-05 1.21459e-14 7.04955e-11 2.438 2.977 0 0 0 0 
 2.632 1.829 0.306715 0 0 2.632 1.829 0.398304 6.89167e-05 1.21503e-14 7.05214e-11 2.437 2.974 0 0 0 0 
 2.631 1.827 0.306689 0 0 2.631 1.827 0.397667 6.89167e-05 1.22059e-14 7.08443e-11 2.437 2.972 0 0 0 0 
 2.64 1.83 0.306708 0 0 2.64 1.83 0.404918 6.89182e-05 1.21815e-14 7.07011e-11 2.44 2.977 0 0 0 0 
 2.642 1.829 0.306706 0 0 2.642 1.829 0.406502 6.89188e-05 1.22336e-14 7.10029e-11 2.437 2.975 0 0 0 0 
 2.644 1.827 0.306728 0 0 2.644 1.827 0.40822 6.89193e-05 1.23093e-14 7.1442e-11 2.439 2.974 0 0 0 0 
 2.646 1.832 0.306774 0 0 2.646 1.832 0.394537 6.89155e-05 1.20447e-14 6.991e-11 2.441 2.971 0 0 0 0 
 2.644 1.833 0.306796 0 0 2.644 1.833 0.398769 6.89165e-05 1.20407e-14 6.98859e-11 2.443 2.976 0 0 0 0 
 2.642 1.831 0.306786 0 0 2.642 1.831 0.400061 6.8917e-05 1.21157e-14 7.03205e-11 2.439 2.974 0 0 0 0 
 2.639 1.834 0.306799 0 0 2.639 1.834 0.396241 6.89159e-05 1.19952e-14 6.96224e-11 2.434 2.974 0 0 0 0 
 2.637 1.83 0.306815 0 0 2.637 1.83 0.400711 6.89173e-05 1.21521e-14 7.05317e-11 2.433 2.973 0 0 0 0 
 2.639 1.834 0.306783 0 0 2.639 1.834 0.395399 6.89158e-05 1.19951e-14 6.96216e-11 2.43 2.972 0 0 0 0 
 2.64 1.834 0.306828 0 0 2.64 1.834 0.402016 6.89174e-05 1.20428e-14 6.98972e-11 2.434 2.977 0 0 0 0 
 2.641 1.834 0.306848 0 0 2.641 1.834 0.39433 6.89155e-05 1.19873e-14 6.9577e-11 2.431 2.971 0 0 0 0 
 2.637 1.836 0.306816 0 0 2.637 1.836 0.386051 6.89133e-05 1.18517e-14 6.87919e-11 2.432 2.97 0 0 0 0 
 2.635 1.828 0.306788 0 0 2.635 1.828 0.398535 6.89168e-05 1.21872e-14 7.07356e-11 2.437 2.972 0 0 0 0 
 2.635 1.835 0.30686 0 0 2.635 1.835 0.390738 6.89145e-05 1.19095e-14 6.91263e-11 2.436 2.974 0 0 0 0 
 2.637 1.83 0.306856 0 0 2.637 1.83 0.405841 6.89186e-05 1.21926e-14 7.0765e-11 2.433 2.976 0 0 0 0 
 2.634 1.826 0.306828 0 0 2.634 1.826 0.405574 6.89188e-05 1.23095e-14 7.14436e-11 2.433 2.973 0 0 0 0 
 2.634 1.822 0.306833 0 0 2.634 1.822 0.420319 6.89228e-05 1.25503e-14 7.28368e-11 2.434 2.978 0 0 0 0 
 2.629 1.822 0.306853 0 0 2.629 1.822 0.411822 6.89206e-05 1.24731e-14 7.23908e-11 2.434 2.975 0 0 0 0 
 2.633 1.825 0.306829 0 0 2.633 1.825 0.407008 6.89192e-05 1.2347e-14 7.16607e-11 2.435 2.974 0 0 0 0 
 2.634 1.824 0.306853 0 0 2.634 1.824 0.415842 6.89215e-05 1.24534e-14 7.2276e-11 2.433 2.977 0 0 0 0 
 2.632 1.827 0.306819 0 0 2.632 1.827 0.412486 6.89204e-05 1.23253e-14 7.15333e-11 2.436 2.98 0 0 0 0 
 2.638 1.828 0.306745 0 0 2.638 1.828 0.406621 6.89188e-05 1.22561e-14 7.11334e-11 2.438 2.976 0 0 0 0 
 2.636 1.832 0.306692 0 0 2.636 1.832 0.411367 6.89198e-05 1.21744e-14 7.06583e-11 2.434 2.982 0 0 0 0 
 2.632 1.832 0.306693 0 0 2.632 1.832 0.405698 6.89183e-05 1.21186e-14 7.0336e-11 2.436 2.981 0 0 0 0 
 2.633 1.826 0.306713 0 0 2.633 1.826 0.414189 6.89209e-05 1.23717e-14 7.18024e-11 2.437 2.98 0 0 0 0 
 2.633 1.827 0.3067 0 0 2.633 1.827 0.421353 6.89226e-05 1.24033e-14 7.19837e-11 2.434 2.984 0 0 0 0 
 2.634 1.826 0.306591 0 0 2.634 1.826 0.421693 6.89228e-05 1.24439e-14 7.22196e-11 2.432 2.982 0 0 0 0 
 2.629 1.819 0.306566 0 0 2.629 1.819 0.420684 6.89231e-05 1.26388e-14 7.33502e-11 2.436 2.978 0 0 0 0 
 2.625 1.817 0.306514 0 0 2.625 1.817 0.42307 6.89238e-05 1.27141e-14 7.37862e-11 2.436 2.979 0 0 0 0 
 2.628 1.819 0.306486 0 0 2.628 1.819 0.41834 6.89224e-05 1.26111e-14 7.319e-11 2.441 2.979 0 0 0 0 
 2.649 1.826 0.306632 0 0 2.649 1.826 0.428751 6.89247e-05 1.25281e-14 7.27062e-11 2.432 2.98 0 0 0 0 
 2.679 1.834 0.306521 0 0 2.679 1.834 0.438033 6.89264e-05 1.24198e-14 7.20758e-11 2.43 2.98 0 0 0 0 
 2.714 1.836 0.306851 0 0 2.714 1.836 0.463534 6.89322e-05 1.26297e-14 7.32876e-11 2.434 2.982 0 0 0 0 
 2.767 1.853 0.306724 0 0 2.767 1.853 0.474364 6.89325e-05 1.23293e-14 7.15444e-11 2.432 2.98 0 0 0 0 
 2.805 1.856 0.307041 0 0 2.805 1.856 0.509555 6.89394e-05 1.26228e-14 7.32401e-11 2.437 2.983 0 0 0 0 
 2.823 1.853 0.307251 0 0 2.823 1.853 0.531146 6.89444e-05 1.29493e-14 7.51291e-11 2.435 2.979 0 0 0 0 
 2.832 1.852 0.3072 0 0 2.832 1.852 0.526846 6.89435e-05 1.29688e-14 7.52431e-11 2.433 2.971 0 0 0 0 
 2.847 1.861 0.307759 0 0 2.847 1.861 0.520645 6.89406e-05 1.26819e-14 7.35819e-11 2.43 2.969 0 0 0 0 
 2.871 1.869 0.308078 0 0 2.871 1.869 0.538104 6.89424e-05 1.26594e-14 7.34488e-11 2.433 2.973 0 0 0 0 
 2.887 1.867 0.308222 0 0 2.887 1.867 0.561964 6.89474e-05 1.29748e-14 7.52737e-11 2.435 2.972 0 0 0 0 
 2.906 1.872 0.308471 0 0 2.906 1.872 0.564025 6.89461e-05 1.28883e-14 7.4773e-11 2.441 2.971 0 0 0 0 
 2.926 1.883 0.308821 0 0 2.926 1.883 0.6016 6.89511e-05 1.29733e-14 7.52608e-11 2.443 2.984 0 0 0 0 
 2.949 1.898 0.30922 0 0 2.949 1.898 0.599356 6.89469e-05 1.25937e-14 7.30629e-11 2.445 2.987 0 0 0 0 
 2.963 1.912 0.309669 0 0 2.963 1.912 0.539947 6.89318e-05 1.16753e-14 6.77496e-11 2.451 2.98 0 0 0 0 
 2.968 1.912 0.310341 0 0 2.968 1.912 0.541672 6.89316e-05 1.16901e-14 6.78357e-11 2.455 2.98 0 0 0 0 
 2.97 1.908 0.310317 0 0 2.97 1.908 0.573632 6.89385e-05 1.21073e-14 7.02499e-11 2.455 2.984 0 0 0 0 
 2.972 1.906 0.311068 0 0 2.972 1.906 0.603457 6.89448e-05 1.24436e-14 7.21949e-11 2.453 2.988 0 0 0 0 
 2.971 1.908 0.311044 0 0 2.971 1.908 0.596005 6.89431e-05 1.23173e-14 7.14635e-11 2.452 2.988 0 0 0 0 
 2.969 1.904 0.31101 0 0 2.969 1.904 0.628259 6.89503e-05 1.27328e-14 7.38667e-11 2.449 2.992 0 0 0 0 
 2.966 1.904 0.310985 0 0 2.966 1.904 0.608208 6.89464e-05 1.25271e-14 7.26771e-11 2.452 2.99 0 0 0 0 
 2.967 1.906 0.310898 0 0 2.967 1.906 0.597151 6.89438e-05 1.23701e-14 7.17695e-11 2.453 2.989 0 0 0 0 
 2.963 1.905 0.310848 0 0 2.963 1.905 0.591291 6.89431e-05 1.23318e-14 7.15477e-11 2.452 2.988 0 0 0 0 
 2.962 1.9 0.310801 0 0 2.962 1.9 0.611918 6.89483e-05 1.26696e-14 7.35018e-11 2.448 2.987 0 0 0 0 
 2.956 1.894 0.310802 0 0 2.956 1.894 0.625548 6.89524e-05 1.29455e-14 7.50981e-11 2.448 2.988 0 0 0 0 
 2.958 1.898 0.310884 0 0 2.958 1.898 0.630653 6.89527e-05 1.28961e-14 7.48114e-11 2.444 2.99 0 0 0 0 
 2.956 1.896 0.310815 0 0 2.956 1.896 0.618567 6.89507e-05 1.28275e-14 7.44153e-11 2.446 2.987 0 0 0 0 
 2.951 1.896 0.310912 0 0 2.951 1.896 0.60294 6.89478e-05 1.26603e-14 7.34484e-11 2.447 2.986 0 0 0 0 
 2.955 1.902 0.310869 0 0 2.955 1.902 0.605536 6.89471e-05 1.25343e-14 7.27184e-11 2.446 2.99 0 0 0 0 
 2.955 1.906 0.310865 0 0 2.955 1.906 0.592974 6.8944e-05 1.23078e-14 7.14074e-11 2.445 2.99 0 0 0 0 
 2.955 1.907 0.310917 0 0 2.955 1.907 0.589365 6.89431e-05 1.22456e-14 7.10474e-11 2.445 2.99 0 0 0 0 
 2.958 1.902 0.310944 0 0 2.958 1.902 0.625549 6.89507e-05 1.27249e-14 7.38201e-11 2.45 2.996 0 0 0 0 
 2.957 1.901 0.31097 0 0 2.957 1.901 0.621853 6.89502e-05 1.27156e-14 7.37667e-11 2.449 2.994 0 0 0 0 
 2.957 1.9 0.311011 0 0 2.957 1.9 0.618171 6.89497e-05 1.27076e-14 7.3721e-11 2.449 2.992 0 0 0 0 
 2.95 1.901 0.310969 0 0 2.95 1.901 0.620627 6.89504e-05 1.26833e-14 7.35796e-11 2.448 2.997 0 0 0 0 
 2.947 1.901 0.310922 0 0 2.947 1.901 0.60589 6.89477e-05 1.25371e-14 7.27342e-11 2.447 2.994 0 0 0 0 
 2.947 1.901 0.310895 0 0 2.947 1.901 0.60335 6.89469e-05 1.25041e-14 7.25433e-11 2.452 2.996 0 0 0 0 
 2.945 1.899 0.310927 0 0 2.945 1.899 0.60526 6.89479e-05 1.25761e-14 7.296e-11 2.449 2.994 0 0 0 0 
 2.953 1.902 0.31097 0 0 2.953 1.902 0.619011 6.89496e-05 1.26464e-14 7.33658e-11 2.45 2.997 0 0 0 0 
 2.957 1.904 0.310962 0 0 2.957 1.904 0.611771 6.89475e-05 1.25284e-14 7.26836e-11 2.454 2.997 0 0 0 0 
 2.956 1.899 0.31092 0 0 2.956 1.899 0.605891 6.89472e-05 1.26038e-14 7.31213e-11 2.456 2.992 0 0 0 0 
 2.954 1.899 0.310912 0 0 2.954 1.899 0.616625 6.89495e-05 1.27027e-14 7.36926e-11 2.454 2.995 0 0 0 0 
 2.962 1.9 0.31094 0 0 2.962 1.9 0.63659 6.89531e-05 1.29038e-14 7.48552e-11 2.447 2.993 0 0 0 0 
 2.958 1.899 0.310925 0 0 2.958 1.899 0.616526 6.89495e-05 1.27241e-14 7.38169e-11 2.449 2.99 0 0 0 0 
 2.965 1.898 0.310927 0 0 2.965 1.898 0.62522 6.8951e-05 1.28551e-14 7.45754e-11 2.45 2.988 0 0 0 0 
 2.96 1.901 0.311015 0 0 2.96 1.901 0.617705 6.89495e-05 1.2693e-14 7.36366e-11 2.445 2.989 0 0 0 0 
 2.963 1.897 0.310955 0 0 2.963 1.897 0.631129 6.89526e-05 1.29378e-14 7.50535e-11 2.447 2.988 0 0 0 0 
 2.955 1.897 0.310905 0 0 2.955 1.897 0.615761 6.89498e-05 1.27608e-14 7.40297e-11 2.45 2.99 0 0 0 0 
 2.951 1.895 0.310918 0 0 2.951 1.895 0.625115 6.89525e-05 1.29015e-14 7.48426e-11 2.445 2.99 0 0 0 0 
 2.949 1.897 0.310935 0 0 2.949 1.897 0.62144 6.89515e-05 1.28084e-14 7.43038e-11 2.443 2.991 0 0 0 0 
 2.953 1.894 0.310959 0 0 2.953 1.894 0.63841 6.89548e-05 1.30451e-14 7.56732e-11 2.453 2.996 0 0 0 0 
 2.953 1.892 0.310995 0 0 2.953 1.892 0.653763 6.89582e-05 1.32497e-14 7.68563e-11 2.451 2.997 0 0 0 0 
 2.95 1.899 0.311024 0 0 2.95 1.899 0.620227 6.89506e-05 1.27299e-14 7.38495e-11 2.45 2.996 0 0 0 0 
 2.948 1.896 0.311058 0 0 2.948 1.896 0.60912 6.8949e-05 1.27011e-14 7.3684e-11 2.45 2.991 0 0 0 0 
 2.945 1.896 0.311132 0 0 2.945 1.896 0.60526 6.89484e-05 1.2656e-14 7.34231e-11 2.449 2.991 0 0 0 0 
 2.947 1.9 0.311158 0 0 2.947 1.9 0.584927 6.89438e-05 1.23672e-14 7.17522e-11 2.445 2.986 0 0 0 0 
 2.951 1.9 0.311176 0 0 2.951 1.9 0.58723 6.89441e-05 1.24029e-14 7.19593e-11 2.444 2.984 0 0 0 0 
 2.954 1.901 0.311093 0 0 2.954 1.901 0.589365 6.89442e-05 1.24061e-14 7.19778e-11 2.444 2.984 0 0 0 0 
 2.949 1.903 0.311055 0 0 2.949 1.903 0.558896 6.89379e-05 1.20453e-14 6.98908e-11 2.446 2.981 0 0 0 0 
 2.95 1.894 0.311111 0 0 2.95 1.894 0.598553 6.89477e-05 1.26837e-14 7.35842e-11 2.439 2.979 0 0 0 0 
 2.945 1.896 0.311101 0 0 2.945 1.896 0.590804 6.89461e-05 1.25411e-14 7.27589e-11 2.438 2.981 0 0 0 0 
 2.949 1.898 0.311176 0 0 2.949 1.898 0.578258 6.89428e-05 1.23693e-14 7.17654e-11 2.443 2.98 0 0 0 0 
 2.95 1.894 0.311137 0 0 2.95 1.894 0.592721 6.89464e-05 1.26225e-14 7.32308e-11 2.442 2.979 0 0 0 0 
 2.951 1.895 0.311207 0 0 2.951 1.895 0.606211 6.89485e-05 1.27107e-14 7.37402e-11 2.449 2.987 0 0 0 0 
 2.954 1.904 0.311166 0 0 2.954 1.904 0.58723 6.89431e-05 1.22969e-14 7.1345e-11 2.447 2.988 0 0 0 0 
 2.951 1.899 0.311119 0 0 2.951 1.899 0.592721 6.89454e-05 1.24851e-14 7.24347e-11 2.443 2.984 0 0 0 0 
 2.954 1.905 0.311125 0 0 2.954 1.905 0.579321 6.89419e-05 1.22154e-14 7.08734e-11 2.436 2.981 0 0 0 0 
 2.951 1.898 0.311192 0 0 2.951 1.898 0.629959 6.89527e-05 1.28542e-14 7.45684e-11 2.448 2.996 0 0 0 0 
 2.95 1.896 0.311238 0 0 2.95 1.896 0.630644 6.8953e-05 1.29042e-14 7.48577e-11 2.452 2.997 0 0 0 0 
 2.951 1.9 0.311235 0 0 2.951 1.9 0.595257 6.89454e-05 1.24647e-14 7.23166e-11 2.451 2.99 0 0 0 0 
 2.948 1.892 0.311449 0 0 2.948 1.892 0.621025 6.8952e-05 1.29129e-14 7.49097e-11 2.453 2.992 0 0 0 0 
 2.95 1.896 0.311626 0 0 2.95 1.896 0.604643 6.89476e-05 1.26415e-14 7.33396e-11 2.458 2.993 0 0 0 0 
 2.951 1.902 0.311048 0 0 2.951 1.902 0.56623 6.89397e-05 1.21588e-14 7.05474e-11 2.44 2.978 0 0 0 0 
 2.924 1.888 0.311259 0 0 2.924 1.888 0.573015 6.89445e-05 1.25239e-14 7.2661e-11 2.442 2.981 0 0 0 0 
 2.898 1.884 0.311745 0 0 2.898 1.884 0.530214 6.89373e-05 1.21598e-14 7.05555e-11 2.441 2.976 0 0 0 0 
 2.861 1.872 0.312242 0 0 2.861 1.872 0.516505 6.89372e-05 1.22672e-14 7.11792e-11 2.443 2.978 0 0 0 0 
 2.81 1.855 0.310816 0 0 2.81 1.855 0.502083 6.89377e-05 1.25345e-14 7.27294e-11 2.44 2.978 0 0 0 0 
 2.756 1.847 0.28748 0 0 2.756 1.847 0.462734 6.89303e-05 1.26705e-14 7.35265e-11 2.44 2.977 0 0 0 0 
 2.696 1.846 0.220171 0 0 2.696 1.846 0.417452 6.89201e-05 1.32237e-14 7.67477e-11 2.437 2.977 0 0 0 0 
 2.634 1.844 0.185377 0 0 2.634 1.844 0.383573 6.89121e-05 1.34169e-14 7.78781e-11 2.433 2.978 0 0 0 0 
 2.574 1.834 0.166034 0 0 2.574 1.834 0.366719 6.89081e-05 1.37803e-14 7.99921e-11 2.433 2.979 0 0 0 0 
 2.515 1.816 0.164745 0 0 2.515 1.816 0.368422 6.89087e-05 1.42916e-14 8.29597e-11 2.436 2.984 0 0 0 0 
 2.472 1.801 0.163983 0 0 2.472 1.801 0.370474 6.89094e-05 1.47447e-14 8.55891e-11 2.434 2.985 0 0 0 0 
 2.425 1.783 0.162413 0 0 2.425 1.783 0.371794 6.89102e-05 1.53088e-14 8.88626e-11 2.432 2.984 0 0 0 0 
 2.384 1.766 0.122941 0 0 2.384 1.766 0.370795 6.89105e-05 1.63923e-14 9.51513e-11 2.427 2.979 0 0 0 0 
 2.34 1.761 0.0529314 0 0 2.34 1.761 0.351079 6.89048e-05 1.7323e-14 1.00562e-10 2.422 2.971 0 0 0 0 
 2.309 1.769 0.00860732 0 0 2.309 1.769 0.332988 6.88991e-05 1.74404e-14 1.01252e-10 2.421 2.973 0 0 0 0 
 2.261 1.759 -0.00082861 0 0 2.261 1.759 0.327166 6.88978e-05 1.78088e-14 1.03392e-10 2.418 2.972 0 0 0 0 
 2.213 1.767 -0.00248491 0 0 2.213 1.767 0.299335 6.88901e-05 1.73144e-14 1.00534e-10 2.416 2.967 0 0 0 0 
 2.166 1.77 -0.00327631 0 0 2.166 1.77 0.279923 6.88853e-05 1.70382e-14 9.89365e-11 2.422 2.965 0 0 0 0 
 2.128 1.771 -0.00451349 0 0 2.128 1.771 0.269588 6.88836e-05 1.69195e-14 9.82499e-11 2.418 2.964 0 0 0 0 
 2.083 1.772 -0.00568345 0 0 2.083 1.772 0.262288 6.88837e-05 1.68127e-14 9.76296e-11 2.412 2.967 0 0 0 0 
 2.031 1.771 -0.00607116 0 0 2.031 1.771 0.258412 6.88857e-05 1.6769e-14 9.73731e-11 2.413 2.975 0 0 0 0 
 1.982 1.769 -0.0070335 0 0 1.982 1.769 0.244736 6.88855e-05 1.67343e-14 9.71719e-11 2.411 2.968 0 0 0 0 
 1.936 1.771 -0.00776119 0 0 1.936 1.771 0.233875 6.88868e-05 1.657e-14 9.6216e-11 2.415 2.968 0 0 0 0 
 1.892 1.771 -0.00831923 0 0 1.892 1.771 0.221505 6.88884e-05 1.64788e-14 9.56842e-11 2.417 2.962 0 0 0 0 
 1.835 1.754 -0.00880009 0 0 1.835 1.754 0.22749 6.88972e-05 1.70574e-14 9.90311e-11 2.418 2.966 0 0 0 0 
 1.804 1.754 -0.00928143 0 0 1.804 1.754 0.221683 6.89006e-05 1.70152e-14 9.87813e-11 2.415 2.964 0 0 0 0 
 1.758 1.747 -0.00941657 0 0 1.758 1.747 0.215973 6.89071e-05 1.72116e-14 9.9912e-11 2.412 2.958 0 0 0 0 
 1.72 1.742 -0.00984193 0 0 1.72 1.742 0.21309 6.89136e-05 1.73498e-14 1.00704e-10 2.418 2.958 0 0 0 0 
 1.676 1.735 -0.0102625 0 0 1.676 1.735 0.216429 6.89245e-05 1.7584e-14 1.02048e-10 2.416 2.965 0 0 0 0 
 1.638 1.75 -0.0104856 0 0 1.638 1.75 0.200669 6.89307e-05 1.69589e-14 9.84111e-11 2.416 2.963 0 0 0 0 
 1.581 1.758 -0.0109368 0 0 1.581 1.758 0.189624 6.89449e-05 1.66021e-14 9.63212e-11 2.416 2.964 0 0 0 0 
 1.53 1.762 -0.0113107 0 0 1.53 1.762 0.183185 6.89606e-05 1.64148e-14 9.52126e-11 2.413 2.966 0 0 0 0 
 1.488 1.765 -0.0122674 0 0 1.488 1.765 0.178337 6.89747e-05 1.62807e-14 9.44152e-11 2.418 2.969 0 0 0 0 
 1.465 1.766 -0.0125346 0 0 1.465 1.766 0.174568 6.8983e-05 1.62299e-14 9.41093e-11 2.416 2.967 0 0 0 0 
 1.452 1.763 -0.0121572 0 0 1.452 1.763 0.172758 6.89875e-05 1.63191e-14 9.46208e-11 2.416 2.963 0 0 0 0 
 1.447 1.76 -0.0123642 0 0 1.447 1.76 0.173299 6.89894e-05 1.64277e-14 9.52474e-11 2.417 2.962 0 0 0 0 
 1.451 1.76 -0.0124537 0 0 1.451 1.76 0.173777 6.89879e-05 1.64335e-14 9.52832e-11 2.416 2.962 0 0 0 0 
 1.453 1.766 -0.0123467 0 0 1.453 1.766 0.172677 6.89877e-05 1.62192e-14 9.40412e-11 2.412 2.965 0 0 0 0 
 1.459 1.769 -0.012365 0 0 1.459 1.769 0.167838 6.89838e-05 1.61047e-14 9.33827e-11 2.416 2.959 0 0 0 0 
 1.461 1.766 -0.0123045 0 0 1.461 1.766 0.172405 6.89839e-05 1.62186e-14 9.40429e-11 2.417 2.964 0 0 0 0 
 1.457 1.765 -0.0124169 0 0 1.457 1.765 0.174644 6.89864e-05 1.62611e-14 9.4286e-11 2.413 2.967 0 0 0 0 
 1.463 1.764 -0.0124537 0 0 1.463 1.764 0.174665 6.89838e-05 1.63015e-14 9.45234e-11 2.413 2.965 0 0 0 0 
 1.465 1.763 -0.0124881 0 0 1.465 1.763 0.174568 6.89827e-05 1.63364e-14 9.47276e-11 2.416 2.964 0 0 0 0 
 1.468 1.769 -0.0124651 0 0 1.468 1.769 0.174007 6.89818e-05 1.612e-14 9.34741e-11 2.419 2.969 0 0 0 0 
 1.469 1.761 -0.0124945 0 0 1.469 1.761 0.178436 6.8982e-05 1.64183e-14 9.52034e-11 2.415 2.968 0 0 0 0 
 1.479 1.765 -0.0125061 0 0 1.479 1.765 0.177705 6.89779e-05 1.62751e-14 9.43786e-11 2.421 2.97 0 0 0 0 
 1.482 1.761 -0.0124536 0 0 1.482 1.761 0.179601 6.89768e-05 1.64219e-14 9.52314e-11 2.422 2.969 0 0 0 0 
 1.481 1.76 -0.0125032 0 0 1.481 1.76 0.178036 6.89771e-05 1.64627e-14 9.54678e-11 2.414 2.964 0 0 0 0 
 1.486 1.76 -0.0125195 0 0 1.486 1.76 0.180817 6.8976e-05 1.64712e-14 9.55186e-11 2.414 2.968 0 0 0 0 
 1.49 1.761 -0.0125783 0 0 1.49 1.761 0.179208 6.89739e-05 1.64334e-14 9.53022e-11 2.417 2.966 0 0 0 0 
 1.494 1.764 -0.0125696 0 0 1.494 1.764 0.178774 6.89727e-05 1.63302e-14 9.47055e-11 2.414 2.967 0 0 0 0 
 1.498 1.759 -0.0125644 0 0 1.498 1.759 0.181269 6.89713e-05 1.65153e-14 9.57806e-11 2.416 2.966 0 0 0 0 
 1.497 1.756 -0.0126159 0 0 1.497 1.756 0.182312 6.89717e-05 1.66258e-14 9.64211e-11 2.416 2.965 0 0 0 0 
 1.499 1.752 -0.0126547 0 0 1.499 1.752 0.187326 6.89721e-05 1.67839e-14 9.73373e-11 2.414 2.969 0 0 0 0 
 1.498 1.753 -0.012649 0 0 1.498 1.753 0.182105 6.89708e-05 1.67329e-14 9.70437e-11 2.419 2.962 0 0 0 0 
 1.498 1.758 -0.0126418 0 0 1.498 1.758 0.17955 6.89707e-05 1.65497e-14 9.59811e-11 2.416 2.962 0 0 0 0 
 1.497 1.758 -0.012591 0 0 1.497 1.758 0.181003 6.89717e-05 1.65544e-14 9.60069e-11 2.412 2.964 0 0 0 0 
 1.498 1.758 -0.0125627 0 0 1.498 1.758 0.181842 6.89713e-05 1.65524e-14 9.59957e-11 2.416 2.966 0 0 0 0 
 1.499 1.76 -0.0125479 0 0 1.499 1.76 0.178875 6.89702e-05 1.64735e-14 9.55399e-11 2.418 2.963 0 0 0 0 
 1.497 1.758 -0.0124813 0 0 1.497 1.758 0.180123 6.89713e-05 1.65481e-14 9.59712e-11 2.415 2.963 0 0 0 0 
 1.504 1.757 -0.0124386 0 0 1.504 1.757 0.179217 6.89683e-05 1.65877e-14 9.6205e-11 2.414 2.959 0 0 0 0 
 1.506 1.76 -0.0123586 0 0 1.506 1.76 0.178405 6.8968e-05 1.64842e-14 9.56046e-11 2.407 2.959 0 0 0 0 
 1.507 1.763 -0.0123329 0 0 1.507 1.763 0.17657 6.89673e-05 1.63711e-14 9.49501e-11 2.409 2.959 0 0 0 0 
 1.509 1.763 -0.012293 0 0 1.509 1.763 0.178099 6.89668e-05 1.63711e-14 9.49504e-11 2.413 2.962 0 0 0 0 
 1.507 1.765 -0.0123123 0 0 1.507 1.765 0.176241 6.89669e-05 1.62904e-14 9.44821e-11 2.418 2.962 0 0 0 0 
 1.505 1.762 -0.0123183 0 0 1.505 1.762 0.178911 6.89681e-05 1.64017e-14 9.5126e-11 2.418 2.964 0 0 0 0 
 1.506 1.763 -0.0123226 0 0 1.506 1.763 0.180676 6.89687e-05 1.63744e-14 9.49671e-11 2.413 2.967 0 0 0 0 
 1.503 1.759 -0.0123176 0 0 1.503 1.759 0.179319 6.89691e-05 1.65146e-14 9.57797e-11 2.412 2.961 0 0 0 0 
 1.505 1.758 -0.0122031 0 0 1.505 1.758 0.177965 6.89676e-05 1.6544e-14 9.59526e-11 2.416 2.958 0 0 0 0 
 1.501 1.758 -0.0121892 0 0 1.501 1.758 0.17918 6.89694e-05 1.65423e-14 9.59399e-11 2.417 2.961 0 0 0 0 
 1.501 1.757 -0.012197 0 0 1.501 1.757 0.180225 6.89695e-05 1.65795e-14 9.61557e-11 2.418 2.962 0 0 0 0 
 1.501 1.76 -0.0121997 0 0 1.501 1.76 0.180532 6.89701e-05 1.64745e-14 9.55459e-11 2.415 2.965 0 0 0 0 
 1.507 1.762 -0.0122565 0 0 1.507 1.762 0.178778 6.89678e-05 1.6409e-14 9.5169e-11 2.41 2.962 0 0 0 0 
 1.508 1.764 -0.0121779 0 0 1.508 1.764 0.176643 6.89667e-05 1.6328e-14 9.47005e-11 2.415 2.961 0 0 0 0 
 1.511 1.762 -0.012163 0 0 1.511 1.762 0.180408 6.89665e-05 1.64086e-14 9.51687e-11 2.415 2.965 0 0 0 0 
 1.512 1.761 -0.0121667 0 0 1.512 1.761 0.180718 6.89663e-05 1.64478e-14 9.53961e-11 2.413 2.964 0 0 0 0 
 1.513 1.761 -0.0121012 0 0 1.513 1.761 0.180615 6.89657e-05 1.64453e-14 9.53825e-11 2.415 2.964 0 0 0 0 
 1.508 1.762 -0.0121117 0 0 1.508 1.762 0.176442 6.89663e-05 1.63965e-14 9.50985e-11 2.417 2.959 0 0 0 0 
 1.505 1.762 -0.0121028 0 0 1.505 1.762 0.17739 6.89678e-05 1.63969e-14 9.50991e-11 2.416 2.961 0 0 0 0 
 1.509 1.765 -0.0121242 0 0 1.509 1.765 0.175792 6.89663e-05 1.6292e-14 9.44927e-11 2.413 2.96 0 0 0 0 
 1.51 1.768 -0.0121665 0 0 1.51 1.768 0.173963 6.89656e-05 1.6181e-14 9.38494e-11 2.415 2.96 0 0 0 0 
 1.506 1.763 -0.0121638 0 0 1.506 1.763 0.175567 6.89669e-05 1.63576e-14 9.48721e-11 2.418 2.959 0 0 0 0 
 1.509 1.763 -0.012179 0 0 1.509 1.763 0.178472 6.89668e-05 1.6368e-14 9.49325e-11 2.415 2.963 0 0 0 0 
 1.507 1.766 -0.0121726 0 0 1.507 1.766 0.177795 6.89677e-05 1.62587e-14 9.42974e-11 2.414 2.965 0 0 0 0 
 1.504 1.766 -0.0121441 0 0 1.504 1.766 0.179485 6.89691e-05 1.62567e-14 9.42837e-11 2.417 2.969 0 0 0 0 
 1.5 1.76 -0.0121139 0 0 1.5 1.76 0.18002 6.89701e-05 1.64677e-14 9.55065e-11 2.419 2.965 0 0 0 0 
 1.502 1.758 -0.0121638 0 0 1.502 1.758 0.180593 6.89692e-05 1.65413e-14 9.59347e-11 2.421 2.964 0 0 0 0 
 1.508 1.763 -0.0121674 0 0 1.508 1.763 0.178708 6.89668e-05 1.63603e-14 9.48878e-11 2.423 2.965 0 0 0 0 
 1.505 1.763 -0.0122444 0 0 1.505 1.763 0.178303 6.89677e-05 1.63579e-14 9.48728e-11 2.424 2.965 0 0 0 0 
 1.503 1.76 -0.0122696 0 0 1.503 1.76 0.178572 6.89682e-05 1.64645e-14 9.54902e-11 2.425 2.963 0 0 0 0 
 1.505 1.754 -0.0122317 0 0 1.505 1.754 0.181475 6.89679e-05 1.66912e-14 9.68059e-11 2.421 2.961 0 0 0 0 
 1.502 1.757 -0.0122877 0 0 1.502 1.757 0.181372 6.89694e-05 1.65829e-14 9.61754e-11 2.419 2.964 0 0 0 0 
 1.501 1.756 -0.0123673 0 0 1.501 1.756 0.179078 6.89691e-05 1.66168e-14 9.63723e-11 2.418 2.959 0 0 0 0 
 1.501 1.758 -0.0123938 0 0 1.501 1.758 0.180532 6.89699e-05 1.65501e-14 9.59845e-11 2.415 2.963 0 0 0 0 
 1.506 1.76 -0.0124414 0 0 1.506 1.76 0.17854 6.89675e-05 1.64767e-14 9.55623e-11 2.417 2.961 0 0 0 0 
 1.508 1.764 -0.0124672 0 0 1.508 1.764 0.178438 6.8967e-05 1.63318e-14 9.47227e-11 2.42 2.965 0 0 0 0 
 1.505 1.76 -0.0124486 0 0 1.505 1.76 0.18006 6.89683e-05 1.6478e-14 9.55687e-11 2.418 2.964 0 0 0 0 
 1.506 1.757 -0.0123813 0 0 1.506 1.757 0.181106 6.89678e-05 1.6586e-14 9.61954e-11 2.42 2.963 0 0 0 0 
 1.506 1.759 -0.0123708 0 0 1.506 1.759 0.179855 6.89676e-05 1.65103e-14 9.57569e-11 2.421 2.963 0 0 0 0 
 1.504 1.755 -0.0123716 0 0 1.504 1.755 0.182671 6.89692e-05 1.66653e-14 9.66534e-11 2.414 2.963 0 0 0 0 
 1.501 1.758 -0.012392 0 0 1.501 1.758 0.182415 6.89702e-05 1.65497e-14 9.59818e-11 2.419 2.967 0 0 0 0 
 1.504 1.758 -0.0123956 0 0 1.504 1.758 0.184605 6.89695e-05 1.65521e-14 9.59965e-11 2.423 2.971 0 0 0 0 
 1.506 1.762 -0.0124299 0 0 1.506 1.762 0.181945 6.89684e-05 1.64053e-14 9.51468e-11 2.423 2.97 0 0 0 0 
 1.514 1.763 -0.0123836 0 0 1.514 1.763 0.1801 6.89651e-05 1.63726e-14 9.49615e-11 2.421 2.966 0 0 0 0 
 1.515 1.769 -0.0123846 0 0 1.515 1.769 0.177896 6.89647e-05 1.61548e-14 9.36988e-11 2.421 2.968 0 0 0 0 
 1.514 1.765 -0.012455 0 0 1.514 1.765 0.179894 6.89651e-05 1.63e-14 9.45403e-11 2.423 2.968 0 0 0 0 
 1.514 1.769 -0.0124103 0 0 1.514 1.769 0.173666 6.89638e-05 1.61454e-14 9.3646e-11 2.422 2.961 0 0 0 0 
 1.508 1.769 -0.0123808 0 0 1.508 1.769 0.173173 6.89659e-05 1.6141e-14 9.3617e-11 2.421 2.961 0 0 0 0 
 1.505 1.765 -0.0124281 0 0 1.505 1.765 0.173532 6.89664e-05 1.6279e-14 9.44168e-11 2.426 2.959 0 0 0 0 
 1.502 1.758 -0.0123805 0 0 1.502 1.758 0.178673 6.89685e-05 1.65399e-14 9.59275e-11 2.423 2.961 0 0 0 0 
 1.504 1.761 -0.0123286 0 0 1.504 1.761 0.176214 6.89674e-05 1.64296e-14 9.52888e-11 2.421 2.959 0 0 0 0 
 1.505 1.758 -0.0123311 0 0 1.505 1.758 0.17918 6.89676e-05 1.65439e-14 9.59514e-11 2.421 2.961 0 0 0 0 
 1.501 1.759 -0.0123118 0 0 1.501 1.759 0.180961 6.89697e-05 1.65068e-14 9.57339e-11 2.422 2.966 0 0 0 0 
 1.503 1.759 -0.0123219 0 0 1.503 1.759 0.181269 6.89691e-05 1.65099e-14 9.57524e-11 2.421 2.966 0 0 0 0 
