 0.752 0.56 -0.0239539 6.93538e-310 1.30371e-76 0.7358 0.634 0.245 0 0 0 3.21143e-322 7.36329e-317 7.36316e-317 9.30226e+242 3.11894e+161 9.09379e+223 
 0.756 0.556 -0.0239536 6.93538e-310 1.30371e-76 0.7164 0.6291 0.245 0.252294 1.0373 0.523599 3.21143e-322 7.36329e-317 7.36316e-317 9.30226e+242 3.11894e+161 9.09379e+223 
 0.744 0.56 -0.0238992 6.93538e-310 1.30371e-76 0.7358 0.634 0.245 0.28564 1.03114 0.523599 3.21143e-322 7.36329e-317 7.36316e-317 9.30226e+242 3.11894e+161 9.09379e+223 
 0.759 0.567 0.0300551 6.93538e-310 1.30371e-76 0.7358 0.634 0.245 0.272328 0.910108 0.523599 3.21143e-322 7.36329e-317 7.36316e-317 9.30226e+242 3.11894e+161 9.09379e+223 
 0.795 0.594 0.122571 6.93538e-310 1.30371e-76 0.7164 0.6291 0.245 0.207758 0.633238 0.501794 3.21143e-322 7.36329e-317 7.36316e-317 9.30226e+242 3.11894e+161 9.09379e+223 
 0.827 0.656 0.211857 6.93538e-310 1.30371e-76 0.7358 0.634 0.245 0.167524 0.193979 0.205483 3.21143e-322 7.36329e-317 7.36316e-317 9.30226e+242 3.11894e+161 9.09379e+223 
 0.855 0.661 0.272346 6.93538e-310 1.30371e-76 0.7746 0.6437 0.245 0.172839 0.122896 0.127296 3.21143e-322 7.36329e-317 7.36316e-317 9.30226e+242 3.11894e+161 9.09379e+223 
 0.878 0.708 0.288761 6.93538e-310 1.30371e-76 0.8328 0.6582 0.245 0.184918 -0.15584 -0.150548 3.21143e-322 7.36329e-317 7.36316e-317 9.30226e+242 3.11894e+161 9.09379e+223 
 0.889 0.723 0.298661 6.93538e-310 1.30371e-76 0.8522 0.6631 0.245 0.185996 -0.244158 -0.232031 3.21143e-322 7.36329e-317 7.36316e-317 9.30226e+242 3.11894e+161 9.09379e+223 
 0.818 0.652 0.295169 6.93538e-310 1.30371e-76 0.891 0.6728 0.245 0.338637 0.0527596 0.0280366 3.21143e-322 7.36329e-317 7.36316e-317 9.30226e+242 3.11894e+161 9.09379e+223 
 0.823 0.603 0.292339 6.93538e-310 1.30371e-76 0.9104 0.6776 0.245 0.376875 0.292295 0.138707 3.21143e-322 7.36329e-317 7.36316e-317 9.30226e+242 3.11894e+161 9.09379e+223 
 0.841 0.595 0.297816 6.93538e-310 1.30371e-76 0.8134 0.6534 0.245 0.263329 0.413327 0.275355 3.21143e-322 7.36329e-317 7.36316e-317 9.30226e+242 3.11894e+161 9.09379e+223 
 0.903 0.624 0.310113 6.93538e-310 1.30371e-76 0.8134 0.6534 0.245 0.17574 0.332897 0.328604 3.21143e-322 7.36329e-317 7.36316e-317 9.30226e+242 3.11894e+161 9.09379e+223 
 0.945 0.647 0.348809 6.93538e-310 1.30371e-76 0.8328 0.6582 0.245 0.137348 0.22706 0.289228 3.21143e-322 7.36329e-317 7.36316e-317 9.30226e+242 3.11894e+161 9.09379e+223 
 0.987 0.677 0.376137 6.93538e-310 1.30371e-76 0.891 0.6728 0.245 0.13562 0.0739241 0.097802 3.21143e-322 7.36329e-317 7.36316e-317 9.30226e+242 3.11894e+161 9.09379e+223 
 1.006 0.696 0.394025 6.93538e-310 1.30371e-76 0.9298 0.6825 0.245 0.145522 -0.0401588 -0.0496326 3.21143e-322 7.36329e-317 7.36316e-317 9.30226e+242 3.11894e+161 9.09379e+223 
 1.042 0.739 0.39916 6.93538e-310 1.30371e-76 0.9881 0.697 0.245 0.147788 -0.257413 -0.303813 3.21143e-322 7.36329e-317 7.36316e-317 9.30226e+242 3.11894e+161 9.09379e+223 
 1.062 0.739 0.398221 6.93538e-310 1.30371e-76 1.0075 0.7019 0.245 0.14711 -0.23193 -0.276513 3.21143e-322 7.36329e-317 7.36316e-317 9.30226e+242 3.11894e+161 9.09379e+223 
 1.022 0.724 0.394525 6.93538e-310 1.30371e-76 1.0463 0.7116 0.245 0.235905 -0.25721 -0.193793 3.21143e-322 7.36329e-317 7.36316e-317 9.30226e+242 3.11894e+161 9.09379e+223 
 1.036 0.725 0.389723 6.93538e-310 1.30371e-76 1.0657 0.7164 0.245 0.241068 -0.244416 -0.180513 3.21143e-322 7.36329e-317 7.36316e-317 9.30226e+242 3.11894e+161 9.09379e+223 
 1.046 0.742 0.370956 6.93538e-310 1.30371e-76 1.0269 0.7067 0.245 0.184046 -0.269298 -0.25753 3.21143e-322 7.36329e-317 7.36316e-317 9.30226e+242 3.11894e+161 9.09379e+223 
 1.077 0.741 0.345853 6.93538e-310 1.30371e-76 1.0463 0.7116 0.245 0.173101 -0.194282 -0.199342 3.21143e-322 7.36329e-317 7.36316e-317 9.30226e+242 3.11894e+161 9.09379e+223 
 1.084 0.783 0.320728 6.93538e-310 1.30371e-76 1.0463 0.7116 0.245 0.152859 -0.391913 -0.432375 3.21143e-322 7.36329e-317 7.36316e-317 9.30226e+242 3.11894e+161 9.09379e+223 
 1.105 0.756 0.299966 6.93538e-310 1.30371e-76 1.0851 0.7213 0.245 0.180867 -0.201864 -0.198258 3.21143e-322 7.36329e-317 7.36316e-317 9.30226e+242 3.11894e+161 9.09379e+223 
 1.119 0.78 0.257994 6.93538e-310 1.30371e-76 1.1045 0.7261 0.245 0.181564 -0.277001 -0.268009 3.21143e-322 7.36329e-317 7.36316e-317 9.30226e+242 3.11894e+161 9.09379e+223 
 1.148 0.763 0.240173 6.93538e-310 1.30371e-76 1.1045 0.7261 0.245 0.155705 -0.1278 -0.146679 3.21143e-322 7.36329e-317 7.36316e-317 9.30226e+242 3.11894e+161 9.09379e+223 
 1.169 0.795 0.213833 6.93538e-310 1.30371e-76 1.1239 0.731 0.245 0.147907 -0.260595 -0.307106 3.21143e-322 7.36329e-317 7.36316e-317 9.30226e+242 3.11894e+161 9.09379e+223 
 1.184 0.799 0.202511 6.93538e-310 1.30371e-76 1.1627 0.7407 0.245 0.17281 -0.246574 -0.251399 3.21143e-322 7.36329e-317 7.36316e-317 9.30226e+242 3.11894e+161 9.09379e+223 
 1.204 0.788 0.173935 6.93538e-310 1.30371e-76 1.1821 0.7455 0.245 0.174927 -0.130058 -0.133039 3.21143e-322 7.36329e-317 7.36316e-317 9.30226e+242 3.11894e+161 9.09379e+223 
 1.216 0.791 0.15078 6.93538e-310 1.30371e-76 1.2015 0.7504 0.245 0.182708 -0.103823 -0.101929 3.21143e-322 7.36329e-317 7.36316e-317 9.30226e+242 3.11894e+161 9.09379e+223 
 1.233 0.803 0.139962 6.93538e-310 1.30371e-76 1.2209 0.7552 0.245 0.183882 -0.137353 -0.133652 3.21143e-322 7.36329e-317 7.36316e-317 9.30226e+242 3.11894e+161 9.09379e+223 
 1.266 0.805 0.129058 6.93538e-310 1.30371e-76 1.2209 0.7552 0.245 0.149218 -0.116501 -0.139619 3.21143e-322 7.36329e-317 7.36316e-317 9.30226e+242 3.11894e+161 9.09379e+223 
 1.273 0.807 0.114185 6.93538e-310 1.30371e-76 1.2403 0.7601 0.245 0.162287 -0.095627 -0.105669 3.21143e-322 7.36329e-317 7.36316e-317 9.30226e+242 3.11894e+161 9.09379e+223 
 1.291 0.817 0.103403 6.93538e-310 1.30371e-76 1.2791 0.7698 0.245 0.1834 -0.100496 -0.0983155 3.21143e-322 7.36329e-317 7.36316e-317 9.30226e+242 3.11894e+161 9.09379e+223 
 1.302 0.787 0.0934418 6.93538e-310 1.30371e-76 1.2791 0.7698 0.245 0.174645 0.0886152 0.0910796 3.21143e-322 7.36329e-317 7.36316e-317 9.30226e+242 3.11894e+161 9.09379e+223 
 1.321 0.796 0.0842089 6.93538e-310 1.30371e-76 1.2985 0.7746 0.245 0.174145 0.0720624 0.0743479 3.21143e-322 7.36329e-317 7.36316e-317 9.30226e+242 3.11894e+161 9.09379e+223 
 1.341 0.783 0.0874053 6.93538e-310 1.30371e-76 1.2985 0.7746 0.245 0.154657 0.155294 0.178811 3.21143e-322 7.36329e-317 7.36316e-317 9.30226e+242 3.11894e+161 9.09379e+223 
 1.384 0.777 0.0887775 6.93538e-310 1.30371e-76 1.3179 0.7795 0.245 0.131163 0.230467 0.306322 3.21143e-322 7.36329e-317 7.36316e-317 9.30226e+242 3.11894e+161 9.09379e+223 
 1.385 0.783 0.091041 6.93538e-310 1.30371e-76 1.3373 0.7843 0.245 0.14997 0.210476 0.247443 3.21143e-322 7.36329e-317 7.36316e-317 9.30226e+242 3.11894e+161 9.09379e+223 
 1.396 0.796 0.0953526 6.93538e-310 1.30371e-76 1.3761 0.794 0.245 0.17813 0.169441 0.169576 3.21143e-322 7.36329e-317 7.36316e-317 9.30226e+242 3.11894e+161 9.09379e+223 
 1.411 0.808 0.10797 6.93538e-310 1.30371e-76 1.3761 0.794 0.245 0.161463 0.0972385 0.107981 3.21143e-322 7.36329e-317 7.36316e-317 9.30226e+242 3.11894e+161 9.09379e+223 
 1.427 0.79 0.124744 6.93538e-310 1.30371e-76 1.3955 0.7989 0.245 0.16849 0.21165 0.222368 3.21143e-322 7.36329e-317 7.36316e-317 9.30226e+242 3.11894e+161 9.09379e+223 
 1.43 0.79 0.134007 6.93538e-310 1.30371e-76 1.4149 0.8037 0.245 0.186357 0.21593 0.205617 3.21143e-322 7.36329e-317 7.36316e-317 9.30226e+242 3.11894e+161 9.09379e+223 
 1.448 0.77 0.157059 6.93538e-310 1.30371e-76 1.4149 0.8037 0.245 0.172918 0.323749 0.325054 3.21143e-322 7.36329e-317 7.36316e-317 9.30226e+242 3.11894e+161 9.09379e+223 
 1.449 0.785 0.180522 6.93538e-310 1.30371e-76 1.4343 0.8086 0.245 0.190334 0.222523 0.207415 3.21143e-322 7.36329e-317 7.36316e-317 9.30226e+242 3.11894e+161 9.09379e+223 
 1.469 0.798 0.214662 6.93538e-310 1.30371e-76 1.4343 0.8086 0.245 0.168009 0.138848 0.147675 3.21143e-322 7.36329e-317 7.36316e-317 9.30226e+242 3.11894e+161 9.09379e+223 
 1.475 0.82 0.235488 6.93538e-310 1.30371e-76 1.4343 0.8086 0.245 0.156798 0.00230157 0.00264214 3.21143e-322 7.36329e-317 7.36316e-317 9.30226e+242 3.11894e+161 9.09379e+223 
 1.516 0.841 0.247107 6.93538e-310 1.30371e-76 1.4731 0.8183 0.245 0.151605 -0.0695584 -0.0823997 3.21143e-322 7.36329e-317 7.36316e-317 9.30226e+242 3.11894e+161 9.09379e+223 
 1.526 0.843 0.24772 6.93538e-310 1.30371e-76 1.4731 0.8183 0.245 0.141015 -0.0673266 -0.085729 3.21143e-322 7.36329e-317 7.36316e-317 9.30226e+242 3.11894e+161 9.09379e+223 
 1.511 0.852 0.246406 6.93538e-310 1.30371e-76 1.5119 0.828 0.245 0.195499 -0.136448 -0.124976 3.21143e-322 7.36329e-317 7.36316e-317 9.30226e+242 3.11894e+161 9.09379e+223 
 1.531 0.838 0.245757 6.93538e-310 1.30371e-76 1.5313 0.8328 0.245 0.199296 -0.0298872 -0.0269869 3.21143e-322 7.36329e-317 7.36316e-317 9.30226e+242 3.11894e+161 9.09379e+223 
 1.563 0.858 0.244502 6.93538e-310 1.30371e-76 1.5119 0.828 0.245 0.141515 -0.0977409 -0.123687 3.21143e-322 7.36329e-317 7.36316e-317 9.30226e+242 3.11894e+161 9.09379e+223 
 1.578 0.823 0.244301 6.93538e-310 1.30371e-76 1.5313 0.8328 0.245 0.156006 0.123084 0.141071 3.21143e-322 7.36329e-317 7.36316e-317 9.30226e+242 3.11894e+161 9.09379e+223 
 1.587 0.847 0.243852 6.93538e-310 1.30371e-76 1.5701 0.8425 0.245 0.182061 -0.000141298 -0.000139698 3.21143e-322 7.36329e-317 7.36316e-317 9.30226e+242 3.11894e+161 9.09379e+223 
 1.611 0.855 0.245889 6.93538e-310 1.30371e-76 1.5701 0.8425 0.245 0.155905 -0.0135474 -0.0156399 3.21143e-322 7.36329e-317 7.36316e-317 9.30226e+242 3.11894e+161 9.09379e+223 
 1.629 0.834 0.246422 6.93538e-310 1.30371e-76 1.5895 0.8474 0.245 0.164143 0.130847 0.142515 3.21143e-322 7.36329e-317 7.36316e-317 9.30226e+242 3.11894e+161 9.09379e+223 
 1.644 0.84 0.246909 6.93538e-310 1.30371e-76 1.6089 0.8522 0.245 0.16819 0.117118 0.124692 3.21143e-322 7.36329e-317 7.36316e-317 9.30226e+242 3.11894e+161 9.09379e+223 
 1.68 0.857 0.249516 6.93538e-310 1.30371e-76 1.6284 0.8571 0.245 0.148402 0.0704779 0.0852768 3.21143e-322 7.36329e-317 7.36316e-317 9.30226e+242 3.11894e+161 9.09379e+223 
 1.689 0.847 0.253686 6.93538e-310 1.30371e-76 1.6478 0.8619 0.245 0.162972 0.135055 0.148074 3.21143e-322 7.36329e-317 7.36316e-317 9.30226e+242 3.11894e+161 9.09379e+223 
 1.684 0.828 0.257472 6.93538e-310 1.30371e-76 1.6866 0.8716 0.245 0.215114 0.222246 0.183868 3.21143e-322 7.36329e-317 7.36316e-317 9.30226e+242 3.11894e+161 9.09379e+223 
 1.697 0.825 0.269651 6.93538e-310 1.30371e-76 1.6866 0.8716 0.245 0.20369 0.245362 0.21352 3.21143e-322 7.36329e-317 7.36316e-317 9.30226e+242 3.11894e+161 9.09379e+223 
 1.706 0.838 0.293113 6.93538e-310 1.30371e-76 1.6672 0.8668 0.245 0.170661 0.171569 0.17902 3.21143e-322 7.36329e-317 7.36316e-317 9.30226e+242 3.11894e+161 9.09379e+223 
 1.719 0.864 0.317217 6.93538e-310 1.30371e-76 1.6866 0.8716 0.245 0.170133 0.0198079 0.0209536 3.21143e-322 7.36329e-317 7.36316e-317 9.30226e+242 3.11894e+161 9.09379e+223 
 1.736 0.872 0.333981 6.93538e-310 1.30371e-76 1.706 0.8765 0.245 0.171393 -0.0179212 -0.0188189 3.21143e-322 7.36329e-317 7.36316e-317 9.30226e+242 3.11894e+161 9.09379e+223 
 1.757 0.87 0.336613 6.93538e-310 1.30371e-76 1.706 0.8765 0.245 0.151634 0.0311396 0.0369479 3.21143e-322 7.36329e-317 7.36316e-317 9.30226e+242 3.11894e+161 9.09379e+223 
 1.759 0.879 0.337288 6.93538e-310 1.30371e-76 1.7254 0.8813 0.245 0.16709 -0.0263307 -0.0283575 3.21143e-322 7.36329e-317 7.36316e-317 9.30226e+242 3.11894e+161 9.09379e+223 
 1.778 0.875 0.339265 6.93538e-310 1.30371e-76 1.7448 0.8862 0.245 0.170616 0.019997 0.0210938 3.21143e-322 7.36329e-317 7.36316e-317 9.30226e+242 3.11894e+161 9.09379e+223 
 1.8 0.877 0.339464 6.93538e-310 1.30371e-76 1.7642 0.891 0.245 0.169098 0.040238 0.0428061 3.21143e-322 7.36329e-317 7.36316e-317 9.30226e+242 3.11894e+161 9.09379e+223 
 1.83 0.894 0.341678 6.93538e-310 1.30371e-76 1.7642 0.891 0.245 0.133835 0.00332018 0.00446541 3.21143e-322 7.36329e-317 7.36316e-317 9.30226e+242 3.11894e+161 9.09379e+223 
 1.85 0.913 0.344309 6.93538e-310 1.30371e-76 1.803 0.9007 0.245 0.14886 -0.087455 -0.105358 3.21143e-322 7.36329e-317 7.36316e-317 9.30226e+242 3.11894e+161 9.09379e+223 
 1.882 0.914 0.344656 6.93538e-310 1.30371e-76 1.8224 0.9056 0.245 0.137923 -0.0412698 -0.0538082 3.21143e-322 7.36329e-317 7.36316e-317 9.30226e+242 3.11894e+161 9.09379e+223 
 1.896 0.921 0.343575 6.93538e-310 1.30371e-76 1.8418 0.9104 0.245 0.142425 -0.063288 -0.079815 3.21143e-322 7.36329e-317 7.36316e-317 9.30226e+242 3.11894e+161 9.09379e+223 
 1.898 0.928 0.342927 6.93538e-310 1.30371e-76 1.8806 0.9201 0.245 0.179341 -0.118981 -0.118855 3.21143e-322 7.36329e-317 7.36316e-317 9.30226e+242 3.11894e+161 9.09379e+223 
 1.894 0.932 0.341729 6.93538e-310 1.30371e-76 1.9 0.925 0.245 0.202635 -0.156503 -0.138136 3.21143e-322 7.36329e-317 7.36316e-317 9.30226e+242 3.11894e+161 9.09379e+223 
 1.918 0.934 0.338669 6.93538e-310 1.30371e-76 1.9 0.925 0.245 0.178475 -0.119621 -0.120062 3.21143e-322 7.36329e-317 7.36316e-317 9.30226e+242 3.11894e+161 9.09379e+223 
 1.962 0.96 0.335155 6.93538e-310 1.30371e-76 1.9 0.925 0.245 0.126843 -0.177818 -0.247178 3.21143e-322 7.36329e-317 7.36316e-317 9.30226e+242 3.11894e+161 9.09379e+223 
 1.983 0.984 0.328617 6.93538e-310 1.30371e-76 1.9194 0.9298 0.245 0.119686 -0.277391 -0.395228 3.21143e-322 7.36329e-317 7.36316e-317 9.30226e+242 3.11894e+161 9.09379e+223 
 1.965 0.977 0.314438 6.93538e-310 1.30371e-76 1.9582 0.9395 0.245 0.181749 -0.272114 -0.263242 3.21143e-322 7.36329e-317 7.36316e-317 9.30226e+242 3.11894e+161 9.09379e+223 
 1.977 0.999 0.285609 6.93538e-310 1.30371e-76 1.997 0.9493 0.245 0.207137 -0.348591 -0.294135 3.21143e-322 7.36329e-317 7.36316e-317 9.30226e+242 3.11894e+161 9.09379e+223 
 1.987 1.003 0.260475 6.93538e-310 1.30371e-76 1.9776 0.9444 0.245 0.176785 -0.330876 -0.324951 3.21143e-322 7.36329e-317 7.36316e-317 9.30226e+242 3.11894e+161 9.09379e+223 
 2.014 1.007 0.223743 6.93538e-310 1.30371e-76 1.997 0.9493 0.245 0.171045 -0.280627 -0.287157 3.21143e-322 7.36329e-317 7.36316e-317 9.30226e+242 3.11894e+161 9.09379e+223 
 2.018 1.019 0.192076 6.93538e-310 1.30371e-76 1.997 0.9493 0.245 0.166672 -0.313752 -0.3267 3.21143e-322 7.36329e-317 7.36316e-317 9.30226e+242 3.11894e+161 9.09379e+223 
 2.03 1.036 0.162729 6.93538e-310 1.30371e-76 2.0358 0.959 0.245 0.195097 -0.347493 -0.310249 3.21143e-322 7.36329e-317 7.36316e-317 9.30226e+242 3.11894e+161 9.09379e+223 
 2.063 1.019 0.129766 6.93538e-310 1.30371e-76 2.0358 0.959 0.245 0.163832 -0.195954 -0.212056 3.21143e-322 7.36329e-317 7.36316e-317 9.30226e+242 3.11894e+161 9.09379e+223 
 2.082 1.006 0.0951702 6.93538e-310 1.30371e-76 2.0552 0.9638 0.245 0.166227 -0.0618056 -0.0668268 3.21143e-322 7.36329e-317 7.36316e-317 9.30226e+242 3.11894e+161 9.09379e+223 
 2.102 1.003 0.079743 6.93538e-310 1.30371e-76 2.0746 0.9687 0.245 0.16616 -0.00132843 -0.00143908 3.21143e-322 7.36329e-317 7.36316e-317 9.30226e+242 3.11894e+161 9.09379e+223 
 2.122 1.005 0.0747332 6.93538e-310 1.30371e-76 2.094 0.9735 0.245 0.165691 0.019885 0.021599 3.21143e-322 7.36329e-317 7.36316e-317 9.30226e+242 3.11894e+161 9.09379e+223 
 2.136 0.989 0.0730136 6.93538e-310 1.30371e-76 2.1134 0.9784 0.245 0.172768 0.140492 0.145341 3.21143e-322 7.36329e-317 7.36316e-317 9.30226e+242 3.11894e+161 9.09379e+223 
 2.152 0.987 0.0735732 6.93538e-310 1.30371e-76 2.1328 0.9832 0.245 0.176897 0.177686 0.178871 3.21143e-322 7.36329e-317 7.36316e-317 9.30226e+242 3.11894e+161 9.09379e+223 
 2.158 0.975 0.0757412 6.93538e-310 1.30371e-76 2.1328 0.9832 0.245 0.172006 0.248311 0.254229 3.21143e-322 7.36329e-317 7.36316e-317 9.30226e+242 3.11894e+161 9.09379e+223 
 2.178 0.973 0.0793191 6.93538e-310 1.30371e-76 2.1522 0.9881 0.245 0.172353 0.285103 0.289394 3.21143e-322 7.36329e-317 7.36316e-317 9.30226e+242 3.11894e+161 9.09379e+223 
 2.209 0.984 0.0871842 6.93538e-310 1.30371e-76 2.1522 0.9881 0.245 0.139469 0.232306 0.291288 3.21143e-322 7.36329e-317 7.36316e-317 9.30226e+242 3.11894e+161 9.09379e+223 
 2.238 0.987 0.115037 6.93538e-310 1.30371e-76 2.1716 0.9929 0.245 0.130989 0.227668 0.303207 3.21143e-322 7.36329e-317 7.36316e-317 9.30226e+242 3.11894e+161 9.09379e+223 
 2.243 0.978 0.137903 6.93538e-310 1.30371e-76 2.2104 1.0026 0.245 0.16976 0.288466 0.29683 3.21143e-322 7.36329e-317 7.36316e-317 9.30226e+242 3.11894e+161 9.09379e+223 
 2.275 0.978 0.160942 6.93538e-310 1.30371e-76 2.2298 1.0075 0.245 0.159117 0.307449 0.334713 3.21143e-322 7.36329e-317 7.36316e-317 9.30226e+242 3.11894e+161 9.09379e+223 
 2.28 0.967 0.189264 6.93538e-310 1.30371e-76 2.2298 1.0075 0.245 0.158275 0.350003 0.37882 3.21143e-322 7.36329e-317 7.36316e-317 9.30226e+242 3.11894e+161 9.09379e+223 
 2.285 0.975 0.220973 6.93538e-310 1.30371e-76 2.2686 1.0172 0.245 0.194264 0.284035 0.257344 3.21143e-322 7.36329e-317 7.36316e-317 9.30226e+242 3.11894e+161 9.09379e+223 
 2.279 0.982 0.254668 6.93538e-310 1.30371e-76 2.2686 1.0172 0.245 0.19951 0.199828 0.178371 3.21143e-322 7.36329e-317 7.36316e-317 9.30226e+242 3.11894e+161 9.09379e+223 
 2.315 0.986 0.281005 6.93538e-310 1.30371e-76 2.2686 1.0172 0.245 0.163583 0.209176 0.226228 3.21143e-322 7.36329e-317 7.36316e-317 9.30226e+242 3.11894e+161 9.09379e+223 
 2.339 1.004 0.299015 6.93538e-310 1.30371e-76 2.2686 1.0172 0.245 0.134522 0.134963 0.178665 3.21143e-322 7.36329e-317 7.36316e-317 9.30226e+242 3.11894e+161 9.09379e+223 
 2.366 1.026 0.32019 6.93538e-310 1.30371e-76 2.3075 1.0269 0.245 0.142276 0.0279625 0.035362 3.21143e-322 7.36329e-317 7.36316e-317 9.30226e+242 3.11894e+161 9.09379e+223 
 2.366 1.036 0.332859 6.93538e-310 1.30371e-76 2.3269 1.0317 0.245 0.159456 -0.0482787 -0.0544451 3.21143e-322 7.36329e-317 7.36316e-317 9.30226e+242 3.11894e+161 9.09379e+223 
 2.379 1.063 0.335493 6.93538e-310 1.30371e-76 2.3657 1.0414 0.245 0.179127 -0.194493 -0.193008 3.21143e-322 7.36329e-317 7.36316e-317 9.30226e+242 3.11894e+161 9.09379e+223 
 2.414 1.073 0.333671 6.93538e-310 1.30371e-76 2.3657 1.0414 0.245 0.141484 -0.183593 -0.229459 3.21143e-322 7.36329e-317 7.36316e-317 9.30226e+242 3.11894e+161 9.09379e+223 
 2.426 1.044 0.330746 6.93538e-310 1.30371e-76 2.3851 1.0463 0.245 0.159964 -0.00636632 -0.00716358 3.21143e-322 7.36329e-317 7.36316e-317 9.30226e+242 3.11894e+161 9.09379e+223 
 2.435 1.06 0.32912 6.93538e-310 1.30371e-76 2.4239 1.056 0.245 0.187076 -0.0951094 -0.0912579 3.21143e-322 7.36329e-317 7.36316e-317 9.30226e+242 3.11894e+161 9.09379e+223 
 2.454 1.048 0.329045 6.93538e-310 1.30371e-76 2.4239 1.056 0.245 0.172481 0.00630918 0.00658412 3.21143e-322 7.36329e-317 7.36316e-317 9.30226e+242 3.11894e+161 9.09379e+223 
 2.477 1.052 0.326184 6.93538e-310 1.30371e-76 2.4433 1.0608 0.245 0.169239 0.0202404 0.021524 3.21143e-322 7.36329e-317 7.36316e-317 9.30226e+242 3.11894e+161 9.09379e+223 
 2.485 1.06 0.326661 6.93538e-310 1.30371e-76 2.4433 1.0608 0.245 0.158681 -0.00949278 -0.0107677 3.21143e-322 7.36329e-317 7.36316e-317 9.30226e+242 3.11894e+161 9.09379e+223 
 2.505 1.07 0.327027 6.93538e-310 1.30371e-76 2.4821 1.0705 0.245 0.176995 -0.0465133 -0.0472678 3.21143e-322 7.36329e-317 7.36316e-317 9.30226e+242 3.11894e+161 9.09379e+223 
 2.517 1.069 0.325782 6.93538e-310 1.30371e-76 2.4821 1.0705 0.245 0.165577 -0.0175145 -0.0190378 3.21143e-322 7.36329e-317 7.36316e-317 9.30226e+242 3.11894e+161 9.09379e+223 
 2.534 1.083 0.323856 6.93538e-310 1.30371e-76 2.5015 1.0754 0.245 0.164939 -0.0706482 -0.0769471 3.21143e-322 7.36329e-317 7.36316e-317 9.30226e+242 3.11894e+161 9.09379e+223 
 2.547 1.079 0.32228 6.93538e-310 1.30371e-76 2.5209 1.0802 0.245 0.174125 -0.0320753 -0.0331453 3.21143e-322 7.36329e-317 7.36316e-317 9.30226e+242 3.11894e+161 9.09379e+223 
 2.544 1.1 0.319466 6.93538e-310 1.30371e-76 2.5403 1.0851 0.245 0.191172 -0.15804 -0.14772 3.21143e-322 7.36329e-317 7.36316e-317 9.30226e+242 3.11894e+161 9.09379e+223 
 2.586 1.12 0.315996 6.93538e-310 1.30371e-76 2.5403 1.0851 0.245 0.143641 -0.192418 -0.236607 3.21143e-322 7.36329e-317 7.36316e-317 9.30226e+242 3.11894e+161 9.09379e+223 
 2.622 1.112 0.303506 6.93538e-310 1.30371e-76 2.5403 1.0851 0.245 0.110589 -0.074515 -0.120695 3.21143e-322 7.36329e-317 7.36316e-317 9.30226e+242 3.11894e+161 9.09379e+223 
 2.62 1.117 0.285762 6.93538e-310 1.30371e-76 2.5985 1.0996 0.245 0.173507 -0.107851 -0.111423 3.21143e-322 7.36329e-317 7.36316e-317 9.30226e+242 3.11894e+161 9.09379e+223 
 2.66 1.137 0.279776 6.93538e-310 1.30371e-76 2.6179 1.1045 0.245 0.148985 -0.15478 -0.184866 3.21143e-322 7.36329e-317 7.36316e-317 9.30226e+242 3.11894e+161 9.09379e+223 
 2.657 1.135 0.267735 6.93538e-310 1.30371e-76 2.6179 1.1045 0.245 0.152807 -0.137762 -0.160875 3.21143e-322 7.36329e-317 7.36316e-317 9.30226e+242 3.11894e+161 9.09379e+223 
 2.689 1.137 0.252952 6.93538e-310 1.30371e-76 2.6567 1.1142 0.245 0.161827 -0.0909125 -0.100779 3.21143e-322 7.36329e-317 7.36316e-317 9.30226e+242 3.11894e+161 9.09379e+223 
 2.722 1.118 0.239501 6.93538e-310 1.30371e-76 2.6567 1.1142 0.245 0.133455 0.0759672 0.102106 3.21143e-322 7.36329e-317 7.36316e-317 9.30226e+242 3.11894e+161 9.09379e+223 
 2.731 1.124 0.232848 6.93538e-310 1.30371e-76 2.6955 1.1239 0.245 0.164238 0.0610982 0.0668622 3.21143e-322 7.36329e-317 7.36316e-317 9.30226e+242 3.11894e+161 9.09379e+223 
 2.736 1.148 0.235358 6.93538e-310 1.30371e-76 2.7149 1.1287 0.245 0.174179 -0.0698216 -0.0720302 3.21143e-322 7.36329e-317 7.36316e-317 9.30226e+242 3.11894e+161 9.09379e+223 
 2.747 1.132 0.235234 6.93538e-310 1.30371e-76 2.7343 1.1336 0.245 0.187603 0.037075 0.0355574 3.21143e-322 7.36329e-317 7.36316e-317 9.30226e+242 3.11894e+161 9.09379e+223 
 2.762 1.137 0.233331 6.93538e-310 1.30371e-76 2.7343 1.1336 0.245 0.171271 0.0312236 0.0328032 3.21143e-322 7.36329e-317 7.36316e-317 9.30226e+242 3.11894e+161 9.09379e+223 
 2.772 1.144 0.234687 6.93538e-310 1.30371e-76 2.7537 1.1384 0.245 0.180207 0.00465311 0.00464773 3.21143e-322 7.36329e-317 7.36316e-317 9.30226e+242 3.11894e+161 9.09379e+223 
 2.79 1.156 0.23514 6.93538e-310 1.30371e-76 2.7537 1.1384 0.245 0.159219 -0.0395917 -0.0447294 3.21143e-322 7.36329e-317 7.36316e-317 9.30226e+242 3.11894e+161 9.09379e+223 
 2.811 1.152 0.234413 6.93538e-310 1.30371e-76 2.7731 1.1433 0.245 0.159718 0.0139891 0.0157643 3.21143e-322 7.36329e-317 7.36316e-317 9.30226e+242 3.11894e+161 9.09379e+223 
 2.839 1.153 0.233042 6.93538e-310 1.30371e-76 2.7925 1.1481 0.245 0.151986 0.0486742 0.057582 3.21143e-322 7.36329e-317 7.36316e-317 9.30226e+242 3.11894e+161 9.09379e+223 
 2.845 1.149 0.233319 6.93538e-310 1.30371e-76 2.8119 1.153 0.245 0.167688 0.0806316 0.0863368 3.21143e-322 7.36329e-317 7.36316e-317 9.30226e+242 3.11894e+161 9.09379e+223 
 2.863 1.188 0.234047 6.93538e-310 1.30371e-76 2.8313 1.1578 0.245 0.161062 -0.116521 -0.129492 3.21143e-322 7.36329e-317 7.36316e-317 9.30226e+242 3.11894e+161 9.09379e+223 
 2.875 1.205 0.234419 6.93538e-310 1.30371e-76 2.8507 1.1627 0.245 0.166046 -0.195089 -0.208412 3.21143e-322 7.36329e-317 7.36316e-317 9.30226e+242 3.11894e+161 9.09379e+223 
 2.891 1.199 0.231489 6.93538e-310 1.30371e-76 2.8701 1.1675 0.245 0.17179 -0.135469 -0.141001 3.21143e-322 7.36329e-317 7.36316e-317 9.30226e+242 3.11894e+161 9.09379e+223 
 2.939 1.206 0.218625 6.93538e-310 1.30371e-76 2.8895 1.1724 0.245 0.142564 -0.0998958 -0.125465 3.21143e-322 7.36329e-317 7.36316e-317 9.30226e+242 3.11894e+161 9.09379e+223 
 2.951 1.199 0.207131 6.93538e-310 1.30371e-76 2.8895 1.1724 0.245 0.131908 -0.0358268 -0.0488498 3.21143e-322 7.36329e-317 7.36316e-317 9.30226e+242 3.11894e+161 9.09379e+223 
 2.927 1.214 0.198357 6.93538e-310 1.30371e-76 2.9477 1.1869 0.245 0.215663 -0.12311 -0.102392 3.21143e-322 7.36329e-317 7.36316e-317 9.30226e+242 3.11894e+161 9.09379e+223 
 2.967 1.209 0.194444 6.93538e-310 1.30371e-76 2.9477 1.1869 0.245 0.175795 -0.0476721 -0.0487735 3.21143e-322 7.36329e-317 7.36316e-317 9.30226e+242 3.11894e+161 9.09379e+223 
 2.975 1.203 0.183725 6.93538e-310 1.30371e-76 2.9283 1.1821 0.245 0.148116 -0.00106694 -0.00129661 3.21143e-322 7.36329e-317 7.36316e-317 9.30226e+242 3.11894e+161 9.09379e+223 
 3.001 1.213 0.179214 6.93538e-310 1.30371e-76 2.9671 1.1918 0.245 0.161115 -0.0123434 -0.0137894 3.21143e-322 7.36329e-317 7.36316e-317 9.30226e+242 3.11894e+161 9.09379e+223 
 3.018 1.222 0.177892 6.93538e-310 1.30371e-76 2.9866 1.1966 0.245 0.162951 -0.0378165 -0.0417489 3.21143e-322 7.36329e-317 7.36316e-317 9.30226e+242 3.11894e+161 9.09379e+223 
 3.034 1.223 0.175861 6.93538e-310 1.30371e-76 3 1.2 0.3805 0.156748 0.132065 0.150508 3.21143e-322 7.36329e-317 7.36316e-317 9.30226e+242 3.11894e+161 9.09379e+223 
 3.034 1.221 0.173599 6.93538e-310 1.30371e-76 3.0186 1.2074 0.3805 0.177398 0.167997 0.168839 3.21143e-322 7.36329e-317 7.36316e-317 9.30226e+242 3.11894e+161 9.09379e+223 
 3.046 1.211 0.176016 6.93538e-310 1.30371e-76 3.0371 1.2149 0.3805 0.187604 0.257848 0.242527 3.21143e-322 7.36329e-317 7.36316e-317 9.30226e+242 3.11894e+161 9.09379e+223 
 3.05 1.223 0.17922 6.93538e-310 1.30371e-76 3.0371 1.2149 0.3805 0.181202 0.19095 0.187456 3.21143e-322 7.36329e-317 7.36316e-317 9.30226e+242 3.11894e+161 9.09379e+223 
 3.056 1.237 0.187149 6.93538e-310 1.30371e-76 3.0371 1.2149 0.3805 0.172568 0.110011 0.114248 3.21143e-322 7.36329e-317 7.36316e-317 9.30226e+242 3.11894e+161 9.09379e+223 
 3.096 1.215 0.200173 6.93538e-310 1.30371e-76 3.0557 1.2223 0.3805 0.157786 0.291831 0.321375 3.21143e-322 7.36329e-317 7.36316e-317 9.30226e+242 3.11894e+161 9.09379e+223 
 3.124 1.221 0.212963 6.93538e-310 1.30371e-76 3.0557 1.2223 0.3805 0.128758 0.283303 0.377095 3.21143e-322 7.36329e-317 7.36316e-317 9.30226e+242 3.11894e+161 9.09379e+223 
 3.127 1.229 0.245068 6.93538e-310 1.30371e-76 3.0928 1.2371 0.3805 0.16624 0.246722 0.261048 3.21143e-322 7.36329e-317 7.36316e-317 9.30226e+242 3.11894e+161 9.09379e+223 
 3.149 1.235 0.272751 6.93538e-310 1.30371e-76 3.1114 1.2446 0.3805 0.164474 0.234689 0.251409 3.21143e-322 7.36329e-317 7.36316e-317 9.30226e+242 3.11894e+161 9.09379e+223 
 3.16 1.253 0.29803 6.93538e-310 1.30371e-76 3.1114 1.2446 0.3805 0.148727 0.130349 0.156468 3.21143e-322 7.36329e-317 7.36316e-317 9.30226e+242 3.11894e+161 9.09379e+223 
 3.173 1.268 0.318081 6.93538e-310 1.30371e-76 3.1486 1.2594 0.3805 0.172817 0.067112 0.069788 3.21143e-322 7.36329e-317 7.36316e-317 9.30226e+242 3.11894e+161 9.09379e+223 
 3.19 1.277 0.329865 6.93538e-310 1.30371e-76 3.1486 1.2594 0.3805 0.15326 0.0384088 0.0450796 3.21143e-322 7.36329e-317 7.36316e-317 9.30226e+242 3.11894e+161 9.09379e+223 
 3.198 1.277 0.336841 6.93538e-310 1.30371e-76 3.1671 1.2669 0.3805 0.166151 0.0532741 0.0576506 3.21143e-322 7.36329e-317 7.36316e-317 9.30226e+242 3.11894e+161 9.09379e+223 
 3.215 1.281 0.341323 6.93538e-310 1.30371e-76 3.1857 1.2743 0.3805 0.168952 0.0645948 0.0687106 3.21143e-322 7.36329e-317 7.36316e-317 9.30226e+242 3.11894e+161 9.09379e+223 
 3.219 1.289 0.347449 6.93538e-310 1.30371e-76 3.2043 1.2817 0.3805 0.182996 0.026255 0.0258193 3.21143e-322 7.36329e-317 7.36316e-317 9.30226e+242 3.11894e+161 9.09379e+223 
 3.246 1.312 0.354462 6.93538e-310 1.30371e-76 3.2043 1.2817 0.3805 0.148613 -0.0524141 -0.0633989 3.21143e-322 7.36329e-317 7.36316e-317 9.30226e+242 3.11894e+161 9.09379e+223 
 3.253 1.319 0.356463 6.93538e-310 1.30371e-76 3.2228 1.2891 0.3805 0.15996 -0.0751976 -0.0844172 3.21143e-322 7.36329e-317 7.36316e-317 9.30226e+242 3.11894e+161 9.09379e+223 
 3.287 1.314 0.355514 6.93538e-310 1.30371e-76 3.2414 1.2966 0.3805 0.14939 0.0258108 0.0310894 3.21143e-322 7.36329e-317 7.36316e-317 9.30226e+242 3.11894e+161 9.09379e+223 
 3.295 1.308 0.355779 6.93538e-310 1.30371e-76 3.26 1.304 0.3805 0.164584 0.0773238 0.0843659 3.21143e-322 7.36329e-317 7.36316e-317 9.30226e+242 3.11894e+161 9.09379e+223 
 3.315 1.311 0.356801 6.93538e-310 1.30371e-76 3.2785 1.3114 0.3805 0.164806 0.103529 0.112596 3.21143e-322 7.36329e-317 7.36316e-317 9.30226e+242 3.11894e+161 9.09379e+223 
 3.361 1.322 0.361575 6.93538e-310 1.30371e-76 3.2971 1.3188 0.3805 0.137164 0.137241 0.178191 3.21143e-322 7.36329e-317 7.36316e-317 9.30226e+242 3.11894e+161 9.09379e+223 
 3.402 1.328 0.369267 6.93538e-310 1.30371e-76 3.3157 1.3263 0.3805 0.116558 0.187684 0.282109 3.21143e-322 7.36329e-317 7.36316e-317 9.30226e+242 3.11894e+161 9.09379e+223 
 3.399 1.329 0.384626 6.93538e-310 1.30371e-76 3.3528 1.3411 0.3805 0.160824 0.162332 0.179727 3.21143e-322 7.36329e-317 7.36316e-317 9.30226e+242 3.11894e+161 9.09379e+223 
 3.389 1.345 0.403201 6.93538e-310 1.30371e-76 3.39 1.356 0.3805 0.205402 0.0306349 0.0268399 3.21143e-322 7.36329e-317 7.36316e-317 9.30226e+242 3.11894e+161 9.09379e+223 
 3.389 1.373 0.41629 6.93538e-310 1.30371e-76 3.39 1.356 0.3805 0.193917 -0.131913 -0.121839 3.21143e-322 7.36329e-317 7.36316e-317 9.30226e+242 3.11894e+161 9.09379e+223 
 3.393 1.376 0.418591 6.93538e-310 1.30371e-76 3.39 1.356 0.3805 0.188845 -0.14119 -0.133773 3.21143e-322 7.36329e-317 7.36316e-317 9.30226e+242 3.11894e+161 9.09379e+223 
 3.415 1.359 0.416057 6.93538e-310 1.30371e-76 3.39 1.356 0.3805 0.174937 0.00287678 0.00296003 3.21143e-322 7.36329e-317 7.36316e-317 9.30226e+242 3.11894e+161 9.09379e+223 
 3.433 1.386 0.413697 6.93538e-310 1.30371e-76 3.4085 1.3634 0.3805 0.167358 -0.100833 -0.108027 3.21143e-322 7.36329e-317 7.36316e-317 9.30226e+242 3.11894e+161 9.09379e+223 
 3.458 1.377 0.414285 6.93538e-310 1.30371e-76 3.4085 1.3634 0.3805 0.147291 0.00558418 0.00682413 3.21143e-322 7.36329e-317 7.36316e-317 9.30226e+242 3.11894e+161 9.09379e+223 
 3.463 1.393 0.413205 6.93538e-310 1.30371e-76 3.4457 1.3783 0.3805 0.17742 -0.0746668 -0.0756081 3.21143e-322 7.36329e-317 7.36316e-317 9.30226e+242 3.11894e+161 9.09379e+223 
 3.481 1.409 0.412581 6.93538e-310 1.30371e-76 3.4642 1.3857 0.3805 0.174463 -0.121178 -0.124379 3.21143e-322 7.36329e-317 7.36316e-317 9.30226e+242 3.11894e+161 9.09379e+223 
 3.511 1.421 0.410636 6.93538e-310 1.30371e-76 3.4642 1.3857 0.3805 0.141033 -0.114987 -0.145718 3.21143e-322 7.36329e-317 7.36316e-317 9.30226e+242 3.11894e+161 9.09379e+223 
 3.51 1.428 0.406553 6.93538e-310 1.30371e-76 3.4828 1.3931 0.3805 0.1601 -0.15419 -0.17165 3.21143e-322 7.36329e-317 7.36316e-317 9.30226e+242 3.11894e+161 9.09379e+223 
 3.517 1.407 0.396625 6.93538e-310 1.30371e-76 3.5199 1.408 0.3805 0.203145 -0.0190206 -0.0168519 3.21143e-322 7.36329e-317 7.36316e-317 9.30226e+242 3.11894e+161 9.09379e+223 
 3.521 1.411 0.383364 6.93538e-310 1.30371e-76 3.5199 1.408 0.3805 0.197785 -0.0168437 -0.0153279 3.21143e-322 7.36329e-317 7.36316e-317 9.30226e+242 3.11894e+161 9.09379e+223 
 3.543 1.425 0.381011 6.93538e-310 1.30371e-76 3.5199 1.408 0.3805 0.171276 -0.0425335 -0.0446703 3.21143e-322 7.36329e-317 7.36316e-317 9.30226e+242 3.11894e+161 9.09379e+223 
 3.589 1.427 0.378684 6.93538e-310 1.30371e-76 3.5199 1.408 0.3805 0.126269 0.0487708 0.0694123 3.21143e-322 7.36329e-317 7.36316e-317 9.30226e+242 3.11894e+161 9.09379e+223 
 3.601 1.438 0.375501 6.93538e-310 1.30371e-76 3.5385 1.4154 0.3805 0.131197 0.0169197 0.0232094 3.21143e-322 7.36329e-317 7.36316e-317 9.30226e+242 3.11894e+161 9.09379e+223 
 3.628 1.449 0.37672 6.93538e-310 1.30371e-76 3.5942 1.4377 0.3805 0.163145 0.0155534 0.0171585 3.21143e-322 7.36329e-317 7.36316e-317 9.30226e+242 3.11894e+161 9.09379e+223 
 3.643 1.455 0.376804 6.93538e-310 1.30371e-76 3.5942 1.4377 0.3805 0.146414 0.0152141 0.0187019 3.21143e-322 7.36329e-317 7.36316e-317 9.30226e+242 3.11894e+161 9.09379e+223 
 3.656 1.46 0.376888 6.93538e-310 1.30371e-76 3.6314 1.4525 0.3805 0.173454 0.016192 0.0168014 3.21143e-322 7.36329e-317 7.36316e-317 9.30226e+242 3.11894e+161 9.09379e+223 
 3.672 1.466 0.376497 6.93538e-310 1.30371e-76 3.6499 1.46 0.3805 0.176434 0.0193225 0.0197105 3.21143e-322 7.36329e-317 7.36316e-317 9.30226e+242 3.11894e+161 9.09379e+223 
 3.7 1.483 0.375806 6.93538e-310 1.30371e-76 3.6499 1.46 0.3805 0.142993 -0.0123769 -0.0155788 3.21143e-322 7.36329e-317 7.36316e-317 9.30226e+242 3.11894e+161 9.09379e+223 
 3.712 1.484 0.376504 6.93538e-310 1.30371e-76 3.6685 1.4674 0.3805 0.151782 0.00780929 0.00926087 3.21143e-322 7.36329e-317 7.36316e-317 9.30226e+242 3.11894e+161 9.09379e+223 
 3.731 1.491 0.375872 6.93538e-310 1.30371e-76 3.7056 1.4823 0.3805 0.172222 0.012396 0.0129551 3.21143e-322 7.36329e-317 7.36316e-317 9.30226e+242 3.11894e+161 9.09379e+223 
 3.726 1.495 0.37599 6.93538e-310 1.30371e-76 3.7056 1.4823 0.3805 0.175525 -0.0201003 -0.0206098 3.21143e-322 7.36329e-317 7.36316e-317 9.30226e+242 3.11894e+161 9.09379e+223 
 3.741 1.48 0.375435 6.93538e-310 1.30371e-76 3.7242 1.4897 0.3805 0.18764 0.0935605 0.0895111 3.21143e-322 7.36329e-317 7.36316e-317 9.30226e+242 3.11894e+161 9.09379e+223 
 3.739 1.521 0.375553 6.93538e-310 1.30371e-76 3.7242 1.4897 0.3805 0.174171 -0.132338 -0.135924 3.21143e-322 7.36329e-317 7.36316e-317 9.30226e+242 3.11894e+161 9.09379e+223 
 3.743 1.52 0.376229 6.93538e-310 1.30371e-76 3.7428 1.4971 0.3805 0.19135 -0.11781 -0.110372 3.21143e-322 7.36329e-317 7.36316e-317 9.30226e+242 3.11894e+161 9.09379e+223 
 3.782 1.529 0.372156 6.93538e-310 1.30371e-76 3.7428 1.4971 0.3805 0.150289 -0.0814078 -0.097194 3.21143e-322 7.36329e-317 7.36316e-317 9.30226e+242 3.11894e+161 9.09379e+223 
 3.797 1.546 0.366725 6.93538e-310 1.30371e-76 3.7428 1.4971 0.3805 0.129793 -0.139025 -0.190467 3.21143e-322 7.36329e-317 7.36316e-317 9.30226e+242 3.11894e+161 9.09379e+223 
 3.843 1.54 0.359389 6.93538e-310 1.30371e-76 3.7799 1.512 0.3805 0.128581 0.000369763 0.000517631 3.21143e-322 7.36329e-317 7.36316e-317 9.30226e+242 3.11894e+161 9.09379e+223 
 3.852 1.553 0.346483 6.93538e-310 1.30371e-76 3.7985 1.5194 0.3805 0.136007 -0.0404921 -0.0535384 3.21143e-322 7.36329e-317 7.36316e-317 9.30226e+242 3.11894e+161 9.09379e+223 
 3.869 1.543 0.346086 6.93538e-310 1.30371e-76 3.8356 1.5343 0.3805 0.164302 0.0573005 0.0626928 3.21143e-322 7.36329e-317 7.36316e-317 9.30226e+242 3.11894e+161 9.09379e+223 
 3.887 1.559 0.342923 6.93538e-310 1.30371e-76 3.8542 1.5417 0.3805 0.161835 0.0116745 0.0129841 3.21143e-322 7.36329e-317 7.36316e-317 9.30226e+242 3.11894e+161 9.09379e+223 
 3.888 1.571 0.345008 6.93538e-310 1.30371e-76 3.8728 1.5491 0.3805 0.177469 -0.0501057 -0.0507767 3.21143e-322 7.36329e-317 7.36316e-317 9.30226e+242 3.11894e+161 9.09379e+223 
 3.883 1.593 0.344342 6.93538e-310 1.30371e-76 3.8913 1.5565 0.3805 0.195867 -0.173489 -0.158104 3.21143e-322 7.36329e-317 7.36316e-317 9.30226e+242 3.11894e+161 9.09379e+223 
 3.896 1.605 0.341344 6.93538e-310 1.30371e-76 3.8913 1.5565 0.3805 0.179409 -0.211668 -0.209256 3.21143e-322 7.36329e-317 7.36316e-317 9.30226e+242 3.11894e+161 9.09379e+223 
 3.934 1.614 0.325945 6.93538e-310 1.30371e-76 3.8913 1.5565 0.3805 0.139484 -0.17776 -0.225492 3.21143e-322 7.36329e-317 7.36316e-317 9.30226e+242 3.11894e+161 9.09379e+223 
 3.946 1.593 0.302382 6.93538e-310 1.30371e-76 3.9099 1.564 0.3805 0.154773 -0.0108888 -0.012663 3.21143e-322 7.36329e-317 7.36316e-317 9.30226e+242 3.11894e+161 9.09379e+223 
 3.949 1.581 0.281895 6.93538e-310 1.30371e-76 3.947 1.5788 0.3805 0.196389 0.10057 0.0919178 3.21143e-322 7.36329e-317 7.36316e-317 9.30226e+242 3.11894e+161 9.09379e+223 
 3.958 1.569 0.281817 6.93538e-310 1.30371e-76 3.947 1.5788 0.3805 0.19114 0.18198 0.169725 3.21143e-322 7.36329e-317 7.36316e-317 9.30226e+242 3.11894e+161 9.09379e+223 
