 1.012 0.761 0.000160569 0 0 1.57357 1.02353 0.504832 0 0 0 2 2.52 0 0 0 0 
 1.015 0.752 9.58764e-05 0 0 1.57687 1.01723 0.510562 0.382419 0.50192 0.483443 2.004 2.52 0 0 0 0 
 1.017 0.755 -0.00127777 0 0 1.57797 1.01813 0.506803 0.381494 0.499964 0.482833 2.003 2.516 0 0 0 0 
 1.017 0.751 0.0014662 0 0 1.57977 1.01503 0.506928 0.383102 0.49794 0.479443 2.009 2.515 0 0 0 0 
 1.027 0.766 0.0242598 0 0 1.58707 1.02643 0.501702 0.383948 0.467248 0.453018 2.01 2.518 0 0 0 0 
 1.038 0.769 0.0687611 0 0 1.59537 1.02823 0.501827 0.387246 0.416793 0.406537 2.012 2.517 0 0 0 0 
 1.064 0.763 0.116134 0 0 1.61297 1.02433 0.515601 0.386934 0.371607 0.366773 2.01 2.518 0 0 0 0 
 1.082 0.751 0.159035 0 0 1.62677 1.01503 0.52657 0.388549 0.330748 0.328183 2.014 2.515 0 0 0 0 
 1.122 0.75 0.197052 0 0 1.65387 1.01463 0.543139 0.383484 0.296618 0.300052 2.011 2.516 0 0 0 0 
 1.193 0.766 0.229737 0 0 1.70537 1.02733 0.559432 0.372856 0.266334 0.278308 2.017 2.521 0 0 0 0 
 1.236 0.778 0.261166 0 0 1.73517 1.03363 0.562152 0.365399 0.230313 0.246975 2.016 2.514 0 0 0 0 
 1.275 0.776 0.286972 0 0 1.76247 1.03283 0.581732 0.359773 0.212733 0.232252 2.016 2.516 0 0 0 0 
 1.301 0.802 0.309243 0 0 1.78097 1.05193 0.573539 0.35468 0.181764 0.202188 2.017 2.519 0 0 0 0 
 1.338 0.82 0.329937 0 0 1.80387 1.06393 0.577375 0.345435 0.159393 0.182517 2.007 2.517 0 0 0 0 
 1.386 0.829 0.346833 0 0 1.83807 1.07293 0.598888 0.33759 0.152515 0.178781 2.009 2.526 0 0 0 0 
 1.431 0.84 0.363015 0 0 1.87017 1.08093 0.611209 0.329525 0.140772 0.169244 2.011 2.527 0 0 0 0 
 1.478 0.846 0.378495 0 0 1.90367 1.08243 0.620627 0.320647 0.128046 0.158396 2.013 2.518 0 0 0 0 
 1.536 0.845 0.392002 0 0 1.94577 1.08294 0.656115 0.311842 0.131202 0.166731 2.018 2.522 0 0 0 0 
 1.569 0.855 0.405139 0 0 1.96677 1.08993 0.670479 0.304198 0.123534 0.161032 2.011 2.522 0 0 0 0 
 1.609 0.867 0.419025 0 0 1.99567 1.09833 0.681619 0.296934 0.113704 0.15199 2.014 2.522 0 0 0 0 
 1.637 0.871 0.431366 0 0 2.01407 1.09933 0.692328 0.290675 0.10551 0.144185 2.01 2.516 0 0 0 0 
 1.66 0.862 0.442349 0 0 2.03107 1.09483 0.725258 0.288733 0.109599 0.150683 2.013 2.522 0 0 0 0 
 1.679 0.863 0.453932 0 0 2.04287 1.09373 0.735448 0.284153 0.102099 0.142746 2.008 2.516 0 0 0 0 
 1.705 0.88 0.465095 0 0 2.06017 1.10713 0.743797 0.278207 0.0939585 0.134278 2.005 2.521 0 0 0 0 
 1.742 0.895 0.475506 0 0 2.08517 1.11463 0.744586 0.269076 0.0828706 0.122575 2.002 2.511 0 0 0 0 
 1.772 0.91 0.48461 0 0 2.10767 1.12873 0.762806 0.264608 0.081099 0.121986 2.007 2.523 0 0 0 0 
 1.793 0.927 0.492824 0 0 2.12117 1.13913 0.754583 0.258292 0.0694838 0.107193 2.003 2.518 0 0 0 0 
 1.818 0.928 0.500219 0 0 2.14137 1.14193 0.778655 0.256231 0.0718401 0.111682 2.012 2.525 0 0 0 0 
 1.835 0.942 0.507119 0 0 2.15177 1.15143 0.777978 0.251068 0.0647295 0.102763 2.007 2.524 0 0 0 0 
 1.857 0.961 0.513565 0 0 2.16807 1.16414 0.764997 0.245801 0.0536841 0.0871405 2.01 2.522 0 0 0 0 
 1.872 0.977 0.519744 0 0 2.17857 1.17293 0.743193 0.240893 0.0398562 0.0660845 2.01 2.514 0 0 0 0 
 1.89 0.994 0.524883 0 0 2.18937 1.18423 0.737513 0.234911 0.0329212 0.0559988 2.004 2.512 0 0 0 0 
 1.909 1.011 0.529122 0 0 2.20327 1.19643 0.729364 0.230413 0.0261266 0.0453252 2.006 2.513 0 0 0 0 
 1.919 1.029 0.533131 0 0 2.21117 1.20874 0.706662 0.227307 0.0143211 0.0251961 2.009 2.512 0 0 0 0 
 1.937 1.04 0.535871 0 0 2.22377 1.21733 0.711494 0.223428 0.0138194 0.0247357 2.009 2.515 0 0 0 0 
 1.944 1.04 0.53841 0 0 2.23077 1.21703 0.709919 0.223333 0.0112797 0.0201997 2.016 2.514 0 0 0 0 
 1.97 1.053 0.540466 0 0 2.24597 1.22583 0.723452 0.215772 0.0142762 0.0264592 2.006 2.513 0 0 0 0 
 1.986 1.061 0.542538 0 0 2.25747 1.23113 0.724117 0.212301 0.0127974 0.0241072 2.007 2.512 0 0 0 0 
 2.031 1.081 0.544179 0 0 2.29076 1.24543 0.733741 0.203718 0.0144414 0.028348 2.013 2.513 0 0 0 0 
 2.045 1.088 0.545749 0 0 2.29967 1.25063 0.742406 0.200218 0.015959 0.0318726 2.01 2.514 0 0 0 0 
 2.06 1.106 0.547679 0 0 2.30956 1.26413 0.734708 0.195784 0.0118778 0.0242624 2.008 2.517 0 0 0 0 
 2.074 1.121 0.549302 0 0 2.32176 1.27524 0.717697 0.193418 0.00515683 0.0106642 2.016 2.519 0 0 0 0 
 2.097 1.124 0.550982 0 0 2.33906 1.27703 0.732499 0.189787 0.00865562 0.0182408 2.02 2.518 0 0 0 0 
 2.117 1.136 0.552359 0 0 2.34947 1.28633 0.755009 0.183439 0.0142945 0.0311599 2.008 2.521 0 0 0 0 
 2.137 1.156 0.553675 0 0 2.36317 1.29943 0.735575 0.177483 0.00738778 0.0166485 2.007 2.518 0 0 0 0 
 2.156 1.161 0.555278 0 0 2.37526 1.30113 0.743165 0.172448 0.00840027 0.0194823 2.003 2.512 0 0 0 0 
 2.167 1.174 0.556303 0 0 2.38417 1.30963 0.720832 0.169691 0.00122904 0.0028971 2.007 2.51 0 0 0 0 
 2.173 1.163 0.557178 0 0 2.38897 1.30223 0.751891 0.170281 0.00959438 0.0225339 2.009 2.511 0 0 0 0 
 2.191 1.168 0.557837 0 0 2.39947 1.30693 0.786519 0.165968 0.0182357 0.0439217 2.002 2.515 0 0 0 0 
 2.204 1.183 0.558949 0 0 2.40767 1.31623 0.766832 0.161267 0.0120742 0.0299394 1.999 2.511 0 0 0 0 
 2.209 1.195 0.560019 0 0 2.41237 1.32343 0.73149 0.159408 0.0019235 0.00482657 2.003 2.507 0 0 0 0 
 2.219 1.2 0.560656 0 0 2.41937 1.32664 0.732215 0.15709 0.00172636 0.00439582 2.003 2.506 0 0 0 0 
 2.236 1.202 0.561267 0 0 2.43247 1.32953 0.758861 0.155222 0.00833231 0.0214687 2.007 2.511 0 0 0 0 
 2.24 1.21 0.561913 0 0 2.43527 1.33573 0.750654 0.153913 0.00580229 0.0150782 2.007 2.513 0 0 0 0 
 2.245 1.222 0.562565 0 0 2.43876 1.34503 0.736754 0.152118 0.00179086 0.0047091 2.007 2.516 0 0 0 0 
 2.239 1.218 0.563438 0 0 2.43277 1.34494 0.768279 0.153501 0.00939484 0.0244765 2.001 2.525 0 0 0 0 
 2.264 1.234 0.564264 0 0 2.44847 1.35433 0.763912 0.145955 0.0075011 0.0205544 1.995 2.519 0 0 0 0 
 2.283 1.245 0.565224 0 0 2.46027 1.36053 0.762991 0.140223 0.00652843 0.0186208 1.99 2.514 0 0 0 0 
 2.289 1.24 0.566056 0 0 2.46507 1.35703 0.783705 0.140089 0.0108466 0.0309609 1.992 2.514 0 0 0 0 
 2.307 1.249 0.566855 0 0 2.47916 1.36213 0.771518 0.136521 0.00747515 0.0218984 1.997 2.51 0 0 0 0 
 2.313 1.26 0.567767 0 0 2.48187 1.36893 0.752502 0.13318 0.00259895 0.00780564 1.992 2.507 0 0 0 0 
 2.32 1.275 0.56834 0 0 2.48707 1.38033 0.729885 0.130891 -0.00287693 -0.0087916 1.993 2.51 0 0 0 0 
 2.342 1.278 0.56875 0 0 2.50067 1.38333 0.782345 0.126202 0.00833356 0.0264073 1.987 2.513 0 0 0 0 
 2.36 1.288 0.569311 0 0 2.51446 1.38943 0.770807 0.122464 0.00550576 0.0179813 1.991 2.51 0 0 0 0 
 2.357 1.292 0.570034 0 0 2.51207 1.39133 0.74548 0.122048 -0.000137207 -0.000449684 1.99 2.507 0 0 0 0 
 2.362 1.316 0.570667 0 0 2.51557 1.40933 0.695631 0.119067 -0.0112202 -0.0376761 1.99 2.511 0 0 0 0 
 2.383 1.325 0.571365 0 0 2.53296 1.41653 0.699477 0.116412 -0.0104667 -0.0359488 1.999 2.514 0 0 0 0 
 2.41 1.338 0.572001 0 0 2.55667 1.42804 0.704712 0.114033 -0.00943443 -0.0330817 2.015 2.522 0 0 0 0 
 2.414 1.353 0.572582 0 0 2.56847 1.44123 0.642704 0.117745 -0.0242757 -0.0822828 2.045 2.531 0 0 0 0 
 2.416 1.364 0.573142 0 0 2.57736 1.44383 0.539502 0.118626 -0.0519916 -0.173549 2.07 2.514 0 0 0 0 
 2.428 1.367 0.573003 0 0 2.59297 1.44533 0.514093 0.120121 -0.0600102 -0.197235 2.094 2.512 0 0 0 0 
 2.442 1.367 0.572694 0 0 2.60787 1.44473 0.506286 0.12042 -0.0623691 -0.204283 2.111 2.51 0 0 0 0 
 2.458 1.38 0.57241 0 0 2.61966 1.45353 0.489063 0.116589 -0.0656805 -0.221639 2.113 2.509 0 0 0 0 
 2.468 1.392 0.571264 0 0 2.62666 1.46043 0.460216 0.113134 -0.0722188 -0.249998 2.113 2.504 0 0 0 0 
 2.478 1.404 0.569454 0 0 2.63276 1.46824 0.440646 0.109503 -0.0753722 -0.268669 2.11 2.502 0 0 0 0 
 2.487 1.409 0.566887 0 0 2.63907 1.47113 0.432977 0.107294 -0.0752769 -0.273599 2.11 2.5 0 0 0 0 
 2.507 1.405 0.561957 0 0 2.64977 1.46893 0.480386 0.102738 -0.0568137 -0.217694 2.099 2.502 0 0 0 0 
 2.523 1.402 0.55533 0 0 2.65767 1.46383 0.494423 0.0975096 -0.0479799 -0.194337 2.088 2.492 0 0 0 0 
 2.54 1.405 0.550641 0 0 2.67226 1.46743 0.51054 0.0964021 -0.0416402 -0.171088 2.097 2.497 0 0 0 0 
 2.549 1.406 0.546525 0 0 2.68607 1.47023 0.506263 0.0997848 -0.0424304 -0.168475 2.122 2.504 0 0 0 0 
 2.539 1.411 0.543567 0 0 2.68387 1.47553 0.477496 0.104366 -0.0508387 -0.192436 2.138 2.51 0 0 0 0 
 2.544 1.422 0.540241 0 0 2.69156 1.48143 0.426063 0.10425 -0.0643679 -0.242129 2.152 2.504 0 0 0 0 
 2.559 1.431 0.534569 0 0 2.71197 1.48803 0.391161 0.106652 -0.0743175 -0.27183 2.185 2.505 0 0 0 0 
 2.568 1.441 0.527726 0 0 2.72907 1.49173 0.325846 0.109422 -0.0957243 -0.336611 2.221 2.494 0 0 0 0 
 2.581 1.444 0.520356 0 0 2.75437 1.49713 0.316464 0.117504 -0.10212 -0.334564 2.275 2.505 0 0 0 0 
 2.58 1.445 0.509828 0 0 2.77077 1.50024 0.297917 0.128595 -0.11304 -0.338112 2.332 2.513 0 0 0 0 
 2.589 1.459 0.499481 0 0 2.78937 1.51513 0.287731 0.134795 -0.116834 -0.333733 2.373 2.53 0 0 0 0 
 2.599 1.46 0.487868 0 0 2.80867 1.52214 0.305345 0.142396 -0.107748 -0.293907 2.414 2.551 0 0 0 0 
 2.621 1.46 0.47524 0 0 2.83277 1.52483 0.316104 0.14474 -0.09722 -0.262476 2.443 2.56 0 0 0 0 
 2.634 1.472 0.464364 0 0 2.84517 1.54163 0.342263 0.145992 -0.0799538 -0.215658 2.454 2.588 0 0 0 0 
 2.636 1.48 0.455308 0 0 2.85586 1.55594 0.359791 0.15315 -0.0699715 -0.180758 2.485 2.617 0 0 0 0 
 2.631 1.481 0.44726 0 0 2.86017 1.56863 0.40221 0.162133 -0.048919 -0.120108 2.511 2.657 0 0 0 0 
 2.639 1.487 0.440107 0 0 2.86697 1.58543 0.460799 0.164492 -0.0195884 -0.0475978 2.515 2.699 0 0 0 0 
 2.669 1.504 0.436477 0 0 2.88917 1.60303 0.482835 0.159984 -0.00811138 -0.0202777 2.519 2.718 0 0 0 0 
 2.686 1.511 0.433653 0 0 2.89747 1.61753 0.55124 0.156855 0.0191376 0.0487648 2.507 2.75 0 0 0 0 
 2.702 1.512 0.432584 0 0 2.90356 1.62663 0.639171 0.153202 0.0480922 0.124912 2.49 2.778 0 0 0 0 
 2.718 1.518 0.432701 0 0 2.91057 1.63863 0.723712 0.149538 0.070937 0.18752 2.476 2.804 0 0 0 0 
 2.737 1.521 0.432908 0 0 2.92207 1.64943 0.832081 0.147326 0.0962362 0.255574 2.47 2.833 0 0 0 0 
 2.763 1.529 0.433454 0 0 2.93607 1.66193 0.966029 0.141522 0.119159 0.324862 2.456 2.856 0 0 0 0 
 2.777 1.548 0.436092 0 0 2.94256 1.68753 1.12189 0.139115 0.140806 0.384691 2.445 2.897 0 0 0 0 
 2.778 1.555 0.440574 0 0 2.93727 1.70083 1.30155 0.137454 0.159577 0.434748 2.425 2.925 0 0 0 0 
 2.787 1.565 0.450725 0 0 2.93607 1.71773 1.64512 0.134004 0.181484 0.496467 2.4 2.958 0 0 0 0 
 2.803 1.572 0.465303 0 0 2.93767 1.72984 2.37355 0.127916 0.202876 0.523599 2.368 2.982 0 0 0 0 
 2.807 1.568 0.483164 0 0 2.93327 1.73453 3.88606 0.12686 0.223589 0.523599 2.344 3.007 0 0 0 0 
 2.812 1.567 0.503604 0 0 2.93107 1.74824 20.5407 0.128999 0.254209 0.523599 2.325 3.055 0 0 0 0 
 2.834 1.573 0.526511 0 0 2.94197 1.76323 -5.16596 0.127495 0.276889 0.523599 2.31 3.091 0 0 0 0 
 2.837 1.583 0.552458 0 0 2.94466 1.78283 -3.40968 0.132648 0.283849 0.523599 2.312 3.133 0 0 0 0 
 2.853 1.584 0.580452 0 0 2.95946 1.79883 -2.0856 0.139806 0.300601 0.523599 2.324 3.184 0 0 0 0 
 2.868 1.594 0.608852 0 0 2.97567 1.81903 -1.7492 0.146612 0.302807 0.523599 2.343 3.228 0 0 0 0 
 2.884 1.619 0.638808 0 0 2.99227 1.84523 -1.75123 0.149515 0.287444 0.523599 2.361 3.257 0 0 0 0 
 2.885 1.616 0.668639 0 0 2.99807 1.85574 -1.63276 0.159822 0.286699 0.523599 2.378 3.299 0 0 0 0 
 2.9 1.628 0.697467 0 0 3.01577 1.87343 -1.63354 0.165618 0.274798 0.523599 2.402 3.33 0 0 0 0 
 2.916 1.636 0.725809 0 0 3.03386 1.88653 -1.61357 0.170778 0.262348 0.523599 2.425 3.355 0 0 0 0 
 2.933 1.643 0.752641 0 0 3.05897 1.89923 -2.00135 0.178834 0.240639 0.49377 2.469 3.381 0 0 0 0 
 2.956 1.652 0.777612 0 0 3.09247 1.91123 -2.9305 0.186389 0.210667 0.4246 2.527 3.4 0 0 0 0 
 2.986 1.662 0.801214 0 0 3.12127 1.92363 -2.62923 0.18819 0.200671 0.403163 2.553 3.418 0 0 0 0 
 2.999 1.668 0.822298 0 0 3.13607 1.93803 -2.36967 0.194172 0.195744 0.383294 2.572 3.452 0 0 0 0 
 3.021 1.676 0.842125 0 0 3.15176 1.94933 -1.74865 0.194114 0.19835 0.388009 2.573 3.471 0 0 0 0 
 3.031 1.689 0.860057 0 0 3.15876 1.96323 -1.54106 0.194172 0.192793 0.378056 2.573 3.487 0 0 0 0 
 3.042 1.701 0.880318 0 0 3.16857 1.97373 -1.51275 0.193796 0.178947 0.353809 2.58 3.494 0 0 0 0 
 3.049 1.719 0.899418 0 0 3.17167 1.98753 -1.40556 0.190808 0.167459 0.337612 2.574 3.498 0 0 0 0 
 3.062 1.74 0.917323 0 0 3.18017 2.00073 -1.35513 0.185555 0.153462 0.319484 2.572 3.493 0 0 0 0 
 3.074 1.757 0.933713 0 0 3.18946 2.01323 -1.31993 0.182661 0.141857 0.301195 2.575 3.495 0 0 0 0 
 3.096 1.762 0.948854 0 0 3.20607 2.01673 -1.08728 0.180333 0.140657 0.302424 2.579 3.495 0 0 0 0 
 3.105 1.779 0.963043 0 0 3.21147 2.02623 -1.07037 0.175324 0.128997 0.286223 2.576 3.487 0 0 0 0 
 3.109 1.791 0.977189 0 0 3.21307 2.03343 -1.05455 0.172204 0.118771 0.269188 2.572 3.483 0 0 0 0 
 3.113 1.799 0.989677 0 0 3.21646 2.03874 -1.08149 0.170813 0.108783 0.249436 2.574 3.482 0 0 0 0 
 3.129 1.806 1.00143 0 0 3.22737 2.04243 -0.909328 0.167482 0.107932 0.252284 2.573 3.478 0 0 0 0 
 3.146 1.822 1.01157 0 0 3.23836 2.05273 -0.750025 0.162455 0.107294 0.258281 2.57 3.475 0 0 0 0 
 3.149 1.838 1.02259 0 0 3.23926 2.06334 -0.752694 0.158931 0.0986169 0.243284 2.566 3.473 0 0 0 0 
 3.162 1.867 1.03257 0 0 3.24837 2.08333 -0.739432 0.152694 0.090282 0.232236 2.566 3.472 0 0 0 0 
 3.168 1.879 1.04248 0 0 3.25257 2.09113 -0.733798 0.149887 0.0835433 0.219363 2.566 3.47 0 0 0 0 
 3.178 1.896 1.05131 0 0 3.26077 2.10274 -0.750371 0.146344 0.0761512 0.205213 2.57 3.469 0 0 0 0 
 3.186 1.908 1.05969 0 0 3.26727 2.11143 -0.741812 0.144092 0.0709888 0.194572 2.573 3.47 0 0 0 0 
 3.192 1.922 1.0668 0 0 3.27056 2.12273 -0.66461 0.141788 0.0699513 0.194837 2.57 3.475 0 0 0 0 
 3.204 1.932 1.07335 0 0 3.27927 2.13184 -0.528914 0.140351 0.072717 0.204351 2.571 3.482 0 0 0 0 
 3.21 1.945 1.0802 0 0 3.28317 2.14034 -0.510241 0.137176 0.0686684 0.197621 2.57 3.48 0 0 0 0 
 3.235 1.958 1.08709 0 0 3.29916 2.14943 -0.159449 0.13229 0.0808755 0.239834 2.565 3.48 0 0 0 0 
 3.253 1.966 1.09386 0 0 3.31117 2.15143 0.0465237 0.127089 0.0843952 0.25963 2.563 3.468 0 0 0 0 
 3.26 1.979 1.10231 0 0 3.31667 2.15873 0.0302988 0.123419 0.0774855 0.246042 2.565 3.462 0 0 0 0 
 3.265 1.984 1.11075 0 0 3.32017 2.16133 0.0731641 0.121705 0.0743449 0.23965 2.565 3.459 0 0 0 0 
 3.263 1.986 1.11831 0 0 3.31847 2.16213 0.0340254 0.121196 0.0688479 0.223434 2.564 3.457 0 0 0 0 
 3.274 1.996 1.12656 0 0 3.32467 2.17094 0.321628 0.11928 0.0748573 0.245948 2.559 3.463 0 0 0 0 
 3.285 2.009 1.13468 0 0 3.33237 2.18063 0.523245 0.11653 0.075411 0.253295 2.559 3.465 0 0 0 0 
 3.296 2.035 1.14296 0 0 3.33977 2.20004 0.728097 0.111709 0.0734301 0.257113 2.558 3.469 0 0 0 0 
 3.304 2.059 1.1499 0 0 3.34716 2.21473 0.503321 0.106006 0.0624628 0.23147 2.564 3.462 0 0 0 0 
 3.314 2.071 1.15645 0 0 3.35356 2.22224 0.810054 0.102423 0.0638143 0.244243 2.562 3.459 0 0 0 0 
 3.323 2.089 1.16222 0 0 3.35987 2.23453 1.04245 0.0983322 0.0623129 0.24825 2.562 3.458 0 0 0 0 
 3.329 2.095 1.16861 0 0 3.36377 2.23873 1.53325 0.096792 0.0631377 0.255231 2.561 3.458 0 0 0 0 
 3.331 2.101 1.17548 0 0 3.36547 2.24264 1.45275 0.0955255 0.0592199 0.243072 2.562 3.457 0 0 0 0 
 3.328 2.109 1.18165 0 0 3.36367 2.24673 0.877621 0.0934987 0.0502623 0.211804 2.563 3.452 0 0 0 0 
 3.322 2.115 1.18721 0 0 3.36007 2.25153 0.477261 0.0934024 0.0412426 0.17482 2.565 3.454 0 0 0 0 
 3.31 2.117 1.1919 0 0 3.35167 2.25264 0.114263 0.0937559 0.0299065 0.126907 2.565 3.453 0 0 0 0 
 3.313 2.124 1.19517 0 0 3.35377 2.25874 0.165037 0.0930068 0.0300465 0.128511 2.565 3.457 0 0 0 0 
 3.312 2.135 1.19842 0 0 3.35427 2.26613 -0.0389304 0.0911582 0.0218267 0.0954837 2.569 3.456 0 0 0 0 
 3.297 2.145 1.20213 0 0 3.34616 2.27253 -0.609774 0.0905869 0.000256283 0.00113165 2.577 3.454 0 0 0 0 
 3.295 2.159 1.20373 0 0 3.34447 2.28263 -0.747892 0.0882463 -0.00472364 -0.0214079 2.576 3.455 0 0 0 0 
 3.301 2.172 1.20457 0 0 3.34657 2.29293 -0.530147 0.0856485 0.002008 0.00937757 2.569 3.459 0 0 0 0 
 3.304 2.188 1.20512 0 0 3.34927 2.30383 -0.658832 0.0824211 -0.00224804 -0.0109096 2.571 3.458 0 0 0 0 
 3.32 2.205 1.20585 0 0 3.36016 2.31633 -0.387467 0.0784292 0.00586803 0.0299188 2.57 3.46 0 0 0 0 
 3.326 2.209 1.20611 0 0 3.36647 2.31854 -0.46431 0.0773853 0.00334689 0.0172981 2.577 3.458 0 0 0 0 
 3.328 2.207 1.20685 0 0 3.36637 2.31863 -0.236025 0.0781938 0.0102983 0.0526322 2.572 3.463 0 0 0 0 
 3.33 2.204 1.20745 0 0 3.36747 2.31653 -0.138745 0.0785428 0.0131819 0.0670319 2.571 3.463 0 0 0 0 
 3.337 2.216 1.20838 0 0 3.37266 2.32374 -0.121445 0.0751481 0.0128818 0.0684602 2.572 3.459 0 0 0 0 
 3.341 2.233 1.20947 0 0 3.37457 2.33443 -0.120124 0.0707531 0.0119071 0.067215 2.569 3.455 0 0 0 0 
 3.337 2.232 1.21074 0 0 3.37386 2.33194 -0.459547 0.0705931 0.00189026 0.0107103 2.576 3.449 0 0 0 0 
 3.342 2.238 1.21176 0 0 3.37677 2.33583 -0.339638 0.0688021 0.00488914 0.0284167 2.574 3.448 0 0 0 0 
 3.347 2.247 1.21241 0 0 3.37966 2.34333 -0.194833 0.0673851 0.00857224 0.0508412 2.572 3.452 0 0 0 0 
 3.346 2.256 1.21318 0 0 3.37927 2.34843 -0.379663 0.0651029 0.00320912 0.0197146 2.573 3.448 0 0 0 0 
 3.346 2.253 1.21424 0 0 3.37897 2.34813 -0.261381 0.066712 0.00620332 0.0371775 2.572 3.454 0 0 0 0 
 3.341 2.251 1.21487 0 0 3.37637 2.34613 -0.484917 0.0672662 5.84058e-06 3.47312e-05 2.575 3.452 0 0 0 0 
 3.352 2.262 1.21556 0 0 3.38347 2.35383 -0.226729 0.0643178 0.00655348 0.0407343 2.573 3.452 0 0 0 0 
 3.352 2.27 1.2161 0 0 3.38407 2.36033 -0.336229 0.0635237 0.00350756 0.0220831 2.575 3.455 0 0 0 0 
 3.346 2.277 1.21664 0 0 3.38046 2.36493 -0.669798 0.0625842 -0.0049226 -0.0314519 2.577 3.454 0 0 0 0 
 3.338 2.285 1.2171 0 0 3.37367 2.37114 -0.888603 0.061742 -0.0097528 -0.0631004 2.573 3.456 0 0 0 0 
 3.34 2.281 1.21731 0 0 3.37386 2.36983 -0.570426 0.0630049 -0.00274021 -0.017395 2.569 3.461 0 0 0 0 
 3.351 2.288 1.21745 0 0 3.38277 2.37534 -0.413613 0.0615903 0.00112639 0.00731522 2.573 3.463 0 0 0 0 
 3.36 2.295 1.21769 0 0 3.38936 2.37904 -0.287401 0.0589886 0.0040693 0.0275868 2.574 3.459 0 0 0 0 
 3.365 2.295 1.21792 0 0 3.39197 2.37873 -0.0362991 0.0582547 0.00981815 0.0673135 2.571 3.458 0 0 0 0 
 3.367 2.291 1.21817 0 0 3.39277 2.37773 0.228657 0.0598506 0.0155771 0.103733 2.569 3.464 0 0 0 0 
 3.371 2.295 1.21884 0 0 3.39407 2.37873 0.531842 0.0573736 0.0195043 0.135152 2.564 3.458 0 0 0 0 
 3.386 2.305 1.21978 0 0 3.40577 2.38514 1.29376 0.0543915 0.0243829 0.177428 2.568 3.456 0 0 0 0 
 3.386 2.301 1.22101 0 0 3.40516 2.38294 2.13983 0.0553873 0.0272838 0.194548 2.566 3.458 0 0 0 0 
 3.381 2.301 1.22259 0 0 3.39987 2.38234 2.35882 0.054956 0.0271463 0.195073 2.56 3.456 0 0 0 0 
 3.384 2.303 1.22438 0 0 3.40317 2.38313 1.70254 0.054284 0.0248917 0.181402 2.564 3.454 0 0 0 0 
 3.389 2.305 1.22627 0 0 3.40936 2.38244 0.777309 0.0528726 0.0189645 0.1425 2.573 3.447 0 0 0 0 
 3.383 2.316 1.22843 0 0 3.40576 2.38893 0.062295 0.0505993 0.00827505 0.0653232 2.575 3.443 0 0 0 0 
 3.388 2.324 1.23006 0 0 3.40747 2.39453 0.52326 0.0483761 0.014247 0.117261 2.569 3.443 0 0 0 0 
 3.387 2.334 1.23096 0 0 3.40647 2.40334 0.447084 0.0476284 0.0129859 0.108631 2.568 3.449 0 0 0 0 
 3.39 2.333 1.23238 0 0 3.40857 2.40323 0.747019 0.0479997 0.0158338 0.131192 2.568 3.451 0 0 0 0 
 3.39 2.336 1.23377 0 0 3.40977 2.40473 0.349255 0.0473264 0.0111247 0.0937496 2.572 3.449 0 0 0 0 
 3.397 2.346 1.23534 0 0 3.41557 2.41173 0.421848 0.0451914 0.0112369 0.0991343 2.575 3.449 0 0 0 0 
 3.393 2.349 1.23642 0 0 3.41306 2.41383 0.0898804 0.0449548 0.00635489 0.0564845 2.576 3.449 0 0 0 0 
 3.4 2.363 1.2374 0 0 3.41677 2.42393 0.53732 0.0418005 0.0112446 0.10719 2.572 3.45 0 0 0 0 
 3.394 2.368 1.23806 0 0 3.40927 2.42834 1.05234 0.041104 0.0144909 0.140093 2.561 3.453 0 0 0 0 
 3.398 2.377 1.23913 0 0 3.41147 2.43343 1.74177 0.0382762 0.0155359 0.160951 2.559 3.449 0 0 0 0 
 3.401 2.388 1.2407 0 0 3.41237 2.44263 -10.5078 0.0367058 0.0191746 0.20599 2.555 3.454 0 0 0 0 
 3.404 2.394 1.24197 0 0 3.41627 2.44533 1.71879 0.0348295 0.0137203 0.156286 2.561 3.449 0 0 0 0 
 3.409 2.406 1.24374 0 0 3.42097 2.45283 0.974943 0.0319449 0.0102836 0.128061 2.565 3.446 0 0 0 0 
 3.416 2.412 1.245 0 0 3.42736 2.45643 0.966169 0.0303134 0.00957736 0.125711 2.57 3.444 0 0 0 0 
 3.418 2.415 1.2462 0 0 3.42937 2.45763 0.698639 0.0291847 0.0078418 0.107067 2.572 3.441 0 0 0 0 
 3.425 2.421 1.24722 0 0 3.43457 2.46153 1.94656 0.0274891 0.0106171 0.15328 2.573 3.44 0 0 0 0 
 3.418 2.427 1.24782 0 0 3.43027 2.46723 0.139754 0.0278672 0.00316487 0.0453966 2.575 3.445 0 0 0 0 
 3.411 2.425 1.24888 0 0 3.42507 2.46643 -0.198166 0.0289997 -0.000647098 -0.00892536 2.574 3.447 0 0 0 0 
 3.4 2.422 1.24906 0 0 3.41647 2.46403 -0.667543 0.029881 -0.00645711 -0.0862234 2.571 3.446 0 0 0 0 
 3.404 2.432 1.24942 0 0 3.42017 2.47073 -0.922984 0.0277433 -0.00862019 -0.123651 2.574 3.445 0 0 0 0 
 3.409 2.448 1.24926 0 0 3.42366 2.48163 -1.13385 0.024223 -0.00915437 -0.150033 2.574 3.444 0 0 0 0 
 3.408 2.453 1.24913 0 0 3.42357 2.48543 -1.7751 0.0236592 -0.012585 -0.209645 2.576 3.445 0 0 0 0 
 3.407 2.456 1.24916 0 0 3.42317 2.48754 -2.50355 0.0232207 -0.0149752 -0.252459 2.577 3.445 0 0 0 0 
 3.404 2.458 1.24891 0 0 3.42107 2.48893 -4.05169 0.0230356 -0.0178656 -0.300812 2.577 3.445 0 0 0 0 
 3.416 2.467 1.2486 0 0 3.42976 2.49253 -3.42269 0.0189464 -0.0139234 -0.285901 2.578 3.436 0 0 0 0 
 3.425 2.475 1.24857 0 0 3.43547 2.49813 -1.3434 0.0167415 -0.007297 -0.17261 2.576 3.436 0 0 0 0 
 3.427 2.473 1.24854 0 0 3.43597 2.49704 -0.496226 0.0169911 -0.0025011 -0.0588122 2.573 3.437 0 0 0 0 
 3.422 2.471 1.24857 0 0 3.43066 2.49923 0.117429 0.0195684 0.00202179 0.0413041 2.567 3.449 0 0 0 0 
 3.426 2.468 1.24874 0 0 3.43407 2.49773 0.606676 0.0203861 0.00492659 0.096366 2.569 3.451 0 0 0 0 
 3.417 2.459 1.24874 0 0 3.42687 2.49054 0.0550986 0.0218947 0.00174185 0.0318115 2.566 3.448 0 0 0 0 
 3.409 2.448 1.24879 0 0 3.42156 2.48043 -0.627266 0.0230275 -0.00461698 -0.0800283 2.567 3.44 0 0 0 0 
 3.402 2.435 1.24893 0 0 3.41487 2.47073 -0.380891 0.0251646 -0.00250714 -0.0398308 2.561 3.438 0 0 0 0 
 3.394 2.424 1.24893 0 0 3.41017 2.46333 -0.856498 0.0281213 -0.00803273 -0.113765 2.564 3.439 0 0 0 0 
 3.387 2.421 1.24905 0 0 3.40497 2.46423 -0.903917 0.030951 -0.00934064 -0.120134 2.563 3.449 0 0 0 0 
 3.386 2.419 1.24903 0 0 3.40426 2.46193 -1.01112 0.0308259 -0.0103901 -0.134015 2.563 3.446 0 0 0 0 
 3.387 2.421 1.24883 0 0 3.40557 2.46123 -1.47291 0.0291938 -0.01354 -0.183434 2.565 3.439 0 0 0 0 
 3.393 2.431 1.2488 0 0 3.41006 2.46943 -1.23292 0.0277461 -0.0111837 -0.159854 2.566 3.443 0 0 0 0 
 3.407 2.444 1.24883 0 0 3.41897 2.47853 -0.260957 0.0242213 -0.00117673 -0.0194305 2.563 3.443 0 0 0 0 
 3.418 2.455 1.24886 0 0 3.42817 2.48593 -0.0986539 0.0215804 0.000405339 0.00751294 2.568 3.442 0 0 0 0 
 3.423 2.456 1.24894 0 0 3.43197 2.48604 0.211724 0.0207632 0.00278561 0.0536129 2.569 3.44 0 0 0 0 
 3.416 2.454 1.24903 0 0 3.42496 2.48493 0.319232 0.0213293 0.00357213 0.0668902 2.562 3.441 0 0 0 0 
 3.405 2.44 1.24915 0 0 3.41727 2.47574 -0.232074 0.0250386 -0.000944899 -0.015094 2.562 3.443 0 0 0 0 
 3.403 2.432 1.24921 0 0 3.41827 2.47133 -0.633633 0.0279314 -0.00569524 -0.0813803 2.57 3.447 0 0 0 0 
 3.412 2.44 1.24922 0 0 3.42576 2.47543 -0.637198 0.0251648 -0.00518011 -0.0821537 2.574 3.442 0 0 0 0 
 3.425 2.455 1.24932 0 0 3.43367 2.48593 0.456797 0.0212669 0.00434128 0.0814727 2.57 3.442 0 0 0 0 
 3.428 2.46 1.24934 0 0 3.43637 2.48853 0.276334 0.0196947 0.00301987 0.061257 2.572 3.439 0 0 0 0 
 3.417 2.465 1.24955 0 0 3.42867 2.49353 -0.834449 0.0203861 -0.00575795 -0.112501 2.572 3.444 0 0 0 0 
 3.412 2.464 1.24958 0 0 3.42576 2.49343 -1.56844 0.0213935 -0.0105293 -0.194385 2.574 3.446 0 0 0 0 
 3.411 2.468 1.24943 0 0 3.42807 2.49413 25.426 0.0200196 -0.0222067 -0.417602 2.584 3.439 0 0 0 0 
 3.41 2.473 1.24919 0 0 3.42527 2.49704 -268.972 0.0183202 -0.0192949 -0.398717 2.577 3.437 0 0 0 0 
 3.424 2.475 1.24895 0 0 3.43657 2.49633 -7.82118 0.0160535 -0.0145209 -0.347159 2.582 3.43 0 0 0 0 
 3.425 2.484 1.2491 0 0 3.43457 2.50293 -2.30836 0.0139118 -0.00868676 -0.244759 2.573 3.431 0 0 0 0 
 3.424 2.486 1.249 0 0 3.43327 2.50404 -2.53485 0.0132833 -0.00868599 -0.25583 2.571 3.43 0 0 0 0 
 3.423 2.482 1.24875 0 0 3.43137 2.50094 -1.20476 0.0136596 -0.00546458 -0.158677 2.567 3.429 0 0 0 0 
 3.418 2.471 1.24878 0 0 3.42847 2.49323 -1.6169 0.0161756 -0.00811547 -0.198053 2.569 3.429 0 0 0 0 
 3.416 2.47 1.24836 0 0 3.42826 2.49403 -2.44088 0.0176874 -0.0112632 -0.249414 2.573 3.434 0 0 0 0 
 3.405 2.466 1.2483 0 0 3.42057 2.49094 -32.0533 0.0189528 -0.0192134 -0.385238 2.573 3.433 0 0 0 0 
 3.406 2.472 1.24792 0 0 3.42006 2.49693 -4.88222 0.0186355 -0.0152029 -0.315426 2.569 3.439 0 0 0 0 
 3.414 2.476 1.24764 0 0 3.42687 2.49853 -5.46917 0.0168749 -0.0141505 -0.323629 2.573 3.435 0 0 0 0 
