 2.5 1.248 -0.0286332 9.57005e-321 1.55716e+142 2.355 1.349 3.21143e-322 0 0 0 2.355 0.349 3.21143e-322 0 1.97626e-323 1.6263e-316 
 2.479 1.239 -0.0285888 9.57005e-321 1.55716e+142 2.353 1.344 3.21143e-322 1.21243e-08 1.07265 0.523599 2.353 0.344 3.21143e-322 0 1.97626e-323 1.6263e-316 
 2.483 1.226 -0.0286089 9.57005e-321 1.55716e+142 2.348 1.346 3.21143e-322 1.14848e-08 1.22555 0.523599 2.348 0.346 3.21143e-322 0 1.97626e-323 1.6263e-316 
 2.478 1.254 -0.0285447 9.57005e-321 1.55716e+142 2.349 1.344 3.21143e-322 1.07328e-08 0.946851 0.523599 2.349 0.344 3.21143e-322 0 1.97626e-323 1.6263e-316 
 2.473 1.232 -0.0285576 9.57005e-321 1.55716e+142 2.348 1.348 3.21143e-322 1.30679e-08 1.16058 0.523599 2.348 0.348 3.21143e-322 0 1.97626e-323 1.6263e-316 
 2.493 1.235 -0.0285058 9.57005e-321 1.55716e+142 2.345 1.348 3.21143e-322 9.08547e-09 1.21269 0.523599 2.345 0.348 3.21143e-322 0 1.97626e-323 1.6263e-316 
 2.476 1.25 -0.0285673 9.57005e-321 1.55716e+142 2.347 1.349 3.21143e-322 1.12226e-08 1.02928 0.523599 2.347 0.349 3.21143e-322 0 1.97626e-323 1.6263e-316 
 2.473 1.247 -0.0285565 9.57005e-321 1.55716e+142 2.355 1.349 3.21143e-322 1.35209e-08 1.02285 0.523599 2.355 0.349 3.21143e-322 0 1.97626e-323 1.6263e-316 
 2.501 1.24 -0.0285756 9.57005e-321 1.55716e+142 2.365 1.348 3.21143e-322 1.05776e-08 1.12996 0.523599 2.365 0.348 3.21143e-322 0 1.97626e-323 1.6263e-316 
 2.483 1.242 -0.0285506 9.57005e-321 1.55716e+142 2.384 1.344 3.21143e-322 1.84256e-08 0.968578 0.523599 2.384 0.344 3.21143e-322 0 1.97626e-323 1.6263e-316 
 2.48 1.237 -0.0285228 9.57005e-321 1.55716e+142 2.399 1.328 3.21143e-322 2.3723e-09 0.831483 0.523599 2.399 0.328 3.21143e-322 0 1.97626e-323 1.6263e-316 
 2.464 1.233 -0.0285034 9.57005e-321 1.55716e+142 2.432 1.318 3.21143e-322 8.67746e-08 0.679139 0.523599 2.432 0.318 3.21143e-322 0 1.97626e-323 1.6263e-316 
 2.468 1.237 -0.0285188 9.57005e-321 1.55716e+142 2.441 1.324 3.21143e-322 3.43874e-08 0.684038 0.523599 2.441 0.324 3.21143e-322 0 1.97626e-323 1.6263e-316 
 2.49 1.246 -0.0285897 9.57005e-321 1.55716e+142 2.465 1.329 3.21143e-322 3.728e-08 0.651277 0.523599 2.465 0.329 3.21143e-322 0 1.97626e-323 1.6263e-316 
 2.481 1.258 -0.0286983 9.57005e-321 1.55716e+142 2.48 1.335 3.21143e-322 0.00212253 0.573337 0.523599 2.48 0.335 3.21143e-322 0 1.97626e-323 1.6263e-316 
 2.489 1.259 -0.0286462 9.57005e-321 1.55716e+142 2.509 1.359 3.21143e-322 0.0230196 0.716202 0.523599 2.509 0.359 3.21143e-322 0 1.97626e-323 1.6263e-316 
 2.489 1.231 -0.0237677 9.57005e-321 1.55716e+142 2.545 1.377 3.21143e-322 0.0615671 0.961083 0.523599 2.545 0.377 3.21143e-322 0 1.97626e-323 1.6263e-316 
 2.512 1.241 0.0279468 9.57005e-321 1.55716e+142 2.576 1.394 3.21143e-322 0.0757201 0.96055 0.523599 2.576 0.394 3.21143e-322 0 1.97626e-323 1.6263e-316 
 2.489 1.25 0.122503 9.57005e-321 1.55716e+142 2.602 1.402 3.21143e-322 0.126549 0.799801 0.523599 2.602 0.402 3.21143e-322 0 1.97626e-323 1.6263e-316 
 2.489 1.254 0.216791 9.57005e-321 1.55716e+142 2.635 1.396 3.21143e-322 0.15875 0.59487 0.523599 2.635 0.396 3.21143e-322 0 1.97626e-323 1.6263e-316 
 2.493 1.248 0.294962 9.57005e-321 1.55716e+142 2.676 1.41 3.21143e-322 0.200611 0.523291 0.438974 2.676 0.41 3.21143e-322 0 1.97626e-323 1.6263e-316 
 2.529 1.277 0.353336 9.57005e-321 1.55716e+142 2.707 1.427 3.21143e-322 0.19552 0.412054 0.362575 2.707 0.427 3.21143e-322 0 1.97626e-323 1.6263e-316 
 2.542 1.298 0.405281 9.57005e-321 1.55716e+142 2.733 1.433 3.21143e-322 0.201971 0.251678 0.220648 2.733 0.433 3.21143e-322 0 1.97626e-323 1.6263e-316 
 2.558 1.298 0.447055 9.57005e-321 1.55716e+142 2.757 1.45 3.21143e-322 0.21644 0.256453 0.210128 2.757 0.45 3.21143e-322 0 1.97626e-323 1.6263e-316 
 2.546 1.287 0.471898 9.57005e-321 1.55716e+142 2.782 1.463 3.21143e-322 0.255782 0.231649 0.161596 2.782 0.463 3.21143e-322 0 1.97626e-323 1.6263e-316 
 2.575 1.335 0.497922 9.57005e-321 1.55716e+142 2.805 1.471 3.21143e-322 0.234271 0.046974 0.0360764 2.805 0.471 3.21143e-322 0 1.97626e-323 1.6263e-316 
 2.617 1.307 0.516623 9.57005e-321 1.55716e+142 2.831 1.481 3.21143e-322 0.239671 0.219707 0.163533 2.831 0.481 3.21143e-322 0 1.97626e-323 1.6263e-316 
 2.613 1.304 0.520697 9.57005e-321 1.55716e+142 2.851 1.475 3.21143e-322 0.256162 0.140192 0.0981931 2.851 0.475 3.21143e-322 0 1.97626e-323 1.6263e-316 
 2.651 1.31 0.542159 9.57005e-321 1.55716e+142 2.873 1.467 3.21143e-322 0.238066 0.0964799 0.0728186 2.873 0.467 3.21143e-322 0 1.97626e-323 1.6263e-316 
 2.691 1.372 0.555067 9.57005e-321 1.55716e+142 2.894 1.468 3.21143e-322 0.196068 -0.132716 -0.121243 2.894 0.468 3.21143e-322 0 1.97626e-323 1.6263e-316 
 2.726 1.407 0.565453 9.57005e-321 1.55716e+142 2.896 1.488 3.21143e-322 0.164282 -0.12591 -0.137091 2.896 0.488 3.21143e-322 0 1.97626e-323 1.6263e-316 
 2.732 1.373 0.562961 9.57005e-321 1.55716e+142 2.924 1.482 3.21143e-322 0.193509 -0.0540604 -0.050244 2.924 0.482 3.21143e-322 0 1.97626e-323 1.6263e-316 
 2.742 1.387 0.561637 9.57005e-321 1.55716e+142 2.951 1.487 3.21143e-322 0.202273 -0.137775 -0.121995 2.951 0.487 3.21143e-322 0 1.97626e-323 1.6263e-316 
 2.732 1.364 0.560081 9.57005e-321 1.55716e+142 2.971 1.495 3.21143e-322 0.238786 -0.0772642 -0.0581772 2.971 0.495 3.21143e-322 0 1.97626e-323 1.6263e-316 
 2.779 1.386 0.55613 9.57005e-321 1.55716e+142 2.987 1.509 3.21143e-322 0.211924 -0.0271116 -0.0230234 2.987 0.509 3.21143e-322 0 1.97626e-323 1.6263e-316 
 2.786 1.402 0.553012 9.57005e-321 1.55716e+142 3.014 1.515 3.21143e-322 0.22254 -0.117469 -0.0947295 3.014 0.515 3.21143e-322 0 1.97626e-323 1.6263e-316 
 2.792 1.413 0.551041 9.57005e-321 1.55716e+142 3.049 1.519 3.21143e-322 0.241745 -0.21248 -0.156909 3.049 0.519 3.21143e-322 0 1.97626e-323 1.6263e-316 
 2.853 1.412 0.540672 9.57005e-321 1.55716e+142 3.077 1.532 3.21143e-322 0.222716 -0.0617783 -0.049888 3.077 0.532 3.21143e-322 0 1.97626e-323 1.6263e-316 
 2.869 1.429 0.520221 9.57005e-321 1.55716e+142 3.102 1.543 3.21143e-322 0.227195 -0.0834172 -0.065993 3.102 0.543 3.21143e-322 0 1.97626e-323 1.6263e-316 
 2.891 1.446 0.513658 9.57005e-321 1.55716e+142 3.112 1.525 3.21143e-322 0.203759 -0.20483 -0.179009 3.112 0.525 3.21143e-322 0 1.97626e-323 1.6263e-316 
 2.935 1.445 0.503848 9.57005e-321 1.55716e+142 3.138 1.518 3.21143e-322 0.187513 -0.180895 -0.171932 3.138 0.518 3.21143e-322 0 1.97626e-323 1.6263e-316 
 2.965 1.442 0.482196 9.57005e-321 1.55716e+142 3.14 1.501 3.21143e-322 0.160502 -0.161331 -0.178993 3.14 0.501 3.21143e-322 0 1.97626e-323 1.6263e-316 
 2.956 1.461 0.464421 9.57005e-321 1.55716e+142 3.134 1.477 3.21143e-322 0.148523 -0.372548 -0.424103 3.134 0.477 3.21143e-322 0 1.97626e-323 1.6263e-316 
 2.928 1.485 0.448274 9.57005e-321 1.55716e+142 3.132 1.469 3.21143e-322 0.161483 -0.567924 -0.523599 3.132 0.469 3.21143e-322 0 1.97626e-323 1.6263e-316 
 2.948 1.483 0.409294 9.57005e-321 1.55716e+142 3.145 1.481 3.21143e-322 0.161685 -0.444768 -0.459761 3.145 0.481 3.21143e-322 0 1.97626e-323 1.6263e-316 
 2.994 1.507 0.350877 9.57005e-321 1.55716e+142 3.177 1.51 3.21143e-322 0.153849 -0.338963 -0.377555 3.177 0.51 3.21143e-322 0 1.97626e-323 1.6263e-316 
 2.988 1.475 0.305252 9.57005e-321 1.55716e+142 3.194 1.529 3.21143e-322 0.186637 -0.055378 -0.0533579 3.194 0.529 3.21143e-322 0 1.97626e-323 1.6263e-316 
 2.993 1.491 0.272926 9.57005e-321 1.55716e+142 3.207 1.539 3.21143e-322 0.192186 -0.0603565 -0.0564694 3.207 0.539 3.21143e-322 0 1.97626e-323 1.6263e-316 
 3.004 1.514 0.270149 9.57005e-321 1.55716e+142 3.233 1.556 3.21143e-322 0.20365 -0.10637 -0.0937414 3.233 0.556 3.21143e-322 0 1.97626e-323 1.6263e-316 
 3.005 1.515 0.264071 9.57005e-321 1.55716e+142 3.258 1.564 3.21143e-322 0.225631 -0.0927388 -0.0738491 3.258 0.564 3.21143e-322 0 1.97626e-323 1.6263e-316 
 3.025 1.518 0.253161 9.57005e-321 1.55716e+142 3.29 1.577 3.21143e-322 0.238042 -0.0447951 -0.0338597 3.29 0.577 3.21143e-322 0 1.97626e-323 1.6263e-316 
 3.06 1.5 0.244704 9.57005e-321 1.55716e+142 3.312 1.589 3.21143e-322 0.233704 0.123369 0.0947349 3.312 0.589 3.21143e-322 0 1.97626e-323 1.6263e-316 
 3.069 1.499 0.240602 9.57005e-321 1.55716e+142 3.329 1.596 3.21143e-322 0.242298 0.154815 0.114507 3.329 0.596 3.21143e-322 0 1.97626e-323 1.6263e-316 
 3.09 1.53 0.243002 9.57005e-321 1.55716e+142 3.339 1.61 3.21143e-322 0.229044 0.0872518 0.0684618 3.339 0.61 3.21143e-322 0 1.97626e-323 1.6263e-316 
 3.118 1.537 0.246944 9.57005e-321 1.55716e+142 3.344 1.617 3.21143e-322 0.209648 0.113811 0.0974071 3.344 0.617 3.21143e-322 0 1.97626e-323 1.6263e-316 
 3.138 1.51 0.249674 9.57005e-321 1.55716e+142 3.352 1.636 3.21143e-322 0.211797 0.350197 0.289273 3.352 0.636 3.21143e-322 0 1.97626e-323 1.6263e-316 
 3.181 1.5 0.252801 9.57005e-321 1.55716e+142 3.361 1.66 3.21143e-322 0.194698 0.570143 0.485094 3.361 0.66 3.21143e-322 0 1.97626e-323 1.6263e-316 
 3.197 1.524 0.28233 9.57005e-321 1.55716e+142 3.367 1.676 3.21143e-322 0.185884 0.521079 0.46731 3.367 0.676 3.21143e-322 0 1.97626e-323 1.6263e-316 
 3.213 1.548 0.341182 9.57005e-321 1.55716e+142 3.4 1.689 3.21143e-322 0.198707 0.364303 0.318753 3.4 0.689 3.21143e-322 0 1.97626e-323 1.6263e-316 
 3.218 1.559 0.392931 9.57005e-321 1.55716e+142 3.426 1.694 3.21143e-322 0.214982 0.227195 0.18798 3.426 0.694 3.21143e-322 0 1.97626e-323 1.6263e-316 
 3.256 1.562 0.427109 9.57005e-321 1.55716e+142 3.458 1.694 3.21143e-322 0.209956 0.185634 0.157824 3.458 0.694 3.21143e-322 0 1.97626e-323 1.6263e-316 
 3.278 1.565 0.448059 9.57005e-321 1.55716e+142 3.48 1.704 3.21143e-322 0.213288 0.191082 0.159883 3.48 0.704 3.21143e-322 0 1.97626e-323 1.6263e-316 
 3.287 1.569 0.466544 9.57005e-321 1.55716e+142 3.51 1.712 3.21143e-322 0.231514 0.134203 0.103966 3.51 0.712 3.21143e-322 0 1.97626e-323 1.6263e-316 
 3.332 1.558 0.486491 9.57005e-321 1.55716e+142 3.538 1.722 3.21143e-322 0.22823 0.239382 0.186599 3.538 0.722 3.21143e-322 0 1.97626e-323 1.6263e-316 
 3.339 1.576 0.501195 9.57005e-321 1.55716e+142 3.562 1.735 3.21143e-322 0.239096 0.155941 0.116863 3.562 0.735 3.21143e-322 0 1.97626e-323 1.6263e-316 
 3.345 1.612 0.525479 9.57005e-321 1.55716e+142 3.563 1.757 3.21143e-322 0.229357 0.0790757 0.0619794 3.563 0.757 3.21143e-322 0 1.97626e-323 1.6263e-316 
 3.316 1.619 0.540285 9.57005e-321 1.55716e+142 3.568 1.773 3.21143e-322 0.259044 0.0113784 0.00790625 3.568 0.773 3.21143e-322 0 1.97626e-323 1.6263e-316 
 3.376 1.592 0.547814 9.57005e-321 1.55716e+142 3.566 1.787 3.21143e-322 0.233723 0.328274 0.247629 3.566 0.787 3.21143e-322 0 1.97626e-323 1.6263e-316 
 3.393 1.628 0.549677 9.57005e-321 1.55716e+142 3.578 1.811 3.21143e-322 0.224096 0.294135 0.232003 3.578 0.811 3.21143e-322 0 1.97626e-323 1.6263e-316 
 3.43 1.67 0.578932 9.57005e-321 1.55716e+142 3.598 1.821 3.21143e-322 0.196483 0.179961 0.163394 3.598 0.821 3.21143e-322 0 1.97626e-323 1.6263e-316 
 3.456 1.691 0.608117 9.57005e-321 1.55716e+142 3.612 1.828 3.21143e-322 0.181275 0.125267 0.12375 3.612 0.828 3.21143e-322 0 1.97626e-323 1.6263e-316 
 3.457 1.693 0.626557 9.57005e-321 1.55716e+142 3.64 1.841 3.21143e-322 0.206236 0.0645623 0.0562896 3.64 0.841 3.21143e-322 0 1.97626e-323 1.6263e-316 
 3.457 1.695 0.637108 9.57005e-321 1.55716e+142 3.66 1.86 3.21143e-322 0.2293 0.0583798 0.0457961 3.66 0.86 3.21143e-322 0 1.97626e-323 1.6263e-316 
 3.487 1.725 0.642564 9.57005e-321 1.55716e+142 3.683 1.863 3.21143e-322 0.210198 -0.035531 -0.0304171 3.683 0.863 3.21143e-322 0 1.97626e-323 1.6263e-316 
 3.526 1.737 0.647444 9.57005e-321 1.55716e+142 3.707 1.877 3.21143e-322 0.200706 0.0129492 0.0116128 3.707 0.877 3.21143e-322 0 1.97626e-323 1.6263e-316 
 3.56 1.76 0.64734 9.57005e-321 1.55716e+142 3.712 1.888 3.21143e-322 0.174127 0.0568689 0.0587193 3.712 0.888 3.21143e-322 0 1.97626e-323 1.6263e-316 
 3.557 1.756 0.650025 9.57005e-321 1.55716e+142 3.728 1.898 3.21143e-322 0.194838 0.0500557 0.0462108 3.728 0.898 3.21143e-322 0 1.97626e-323 1.6263e-316 
 3.549 1.775 0.653891 9.57005e-321 1.55716e+142 3.748 1.916 3.21143e-322 0.213823 -0.0462064 -0.0388778 3.748 0.916 3.21143e-322 0 1.97626e-323 1.6263e-316 
 3.577 1.754 0.656814 9.57005e-321 1.55716e+142 3.764 1.931 3.21143e-322 0.225057 0.128768 0.102626 3.764 0.931 3.21143e-322 0 1.97626e-323 1.6263e-316 
 3.594 1.75 0.656381 9.57005e-321 1.55716e+142 3.783 1.943 3.21143e-322 0.235376 0.182507 0.138674 3.783 0.943 3.21143e-322 0 1.97626e-323 1.6263e-316 
 3.616 1.758 0.666615 9.57005e-321 1.55716e+142 3.789 1.963 3.21143e-322 0.231977 0.264427 0.20237 3.789 0.963 3.21143e-322 0 1.97626e-323 1.6263e-316 
 3.65 1.783 0.686149 9.57005e-321 1.55716e+142 3.795 1.979 3.21143e-322 0.209277 0.304137 0.255856 3.795 0.979 3.21143e-322 0 1.97626e-323 1.6263e-316 
 3.657 1.804 0.713555 9.57005e-321 1.55716e+142 3.809 1.989 3.21143e-322 0.207907 0.206287 0.176735 3.809 0.989 3.21143e-322 0 1.97626e-323 1.6263e-316 
 3.666 1.807 0.744441 9.57005e-321 1.55716e+142 3.831 1.994 3.21143e-322 0.217939 0.129165 0.106278 3.831 0.994 3.21143e-322 0 1.97626e-323 1.6263e-316 
 3.658 1.805 0.762778 9.57005e-321 1.55716e+142 3.851 2.007 3.21143e-322 0.244888 0.0606203 0.0445283 3.851 1.007 3.21143e-322 0 1.97626e-323 1.6263e-316 
 3.7 1.828 0.774583 9.57005e-321 1.55716e+142 3.88 2.029 3.21143e-322 0.236321 0.086233 0.0655875 3.88 1.029 3.21143e-322 0 1.97626e-323 1.6263e-316 
 3.705 1.882 0.781651 9.57005e-321 1.55716e+142 3.912 2.039 3.21143e-322 0.226507 -0.16986 -0.134173 3.912 1.039 3.21143e-322 0 1.97626e-323 1.6263e-316 
 3.718 1.895 0.789372 9.57005e-321 1.55716e+142 3.933 2.046 3.21143e-322 0.227977 -0.227822 -0.177975 3.933 1.046 3.21143e-322 0 1.97626e-323 1.6263e-316 
 3.76 1.927 0.786668 9.57005e-321 1.55716e+142 3.948 2.058 3.21143e-322 0.198732 -0.210917 -0.188762 3.948 1.058 3.21143e-322 0 1.97626e-323 1.6263e-316 
 3.766 1.944 0.780529 9.57005e-321 1.55716e+142 3.965 2.076 3.21143e-322 0.206674 -0.236647 -0.203258 3.965 1.076 3.21143e-322 0 1.97626e-323 1.6263e-316 
 3.817 1.956 0.769628 9.57005e-321 1.55716e+142 3.972 2.096 3.21143e-322 0.183126 -0.0391908 -0.0385029 3.972 1.096 3.21143e-322 0 1.97626e-323 1.6263e-316 
 3.82 1.959 0.747136 9.57005e-321 1.55716e+142 3.969 2.13 3.21143e-322 0.198138 0.125998 0.113969 3.969 1.13 3.21143e-322 0 1.97626e-323 1.6263e-316 
 3.837 1.937 0.74685 9.57005e-321 1.55716e+142 3.969 2.159 3.21143e-322 0.220111 0.364805 0.289921 3.969 1.159 3.21143e-322 0 1.97626e-323 1.6263e-316 
 3.845 1.944 0.748217 9.57005e-321 1.55716e+142 3.974 2.189 3.21143e-322 0.2335 0.445284 0.330657 3.974 1.189 3.21143e-322 0 1.97626e-323 1.6263e-316 
 3.859 1.979 0.76076 9.57005e-321 1.55716e+142 3.979 2.211 3.21143e-322 0.220418 0.424029 0.333352 3.979 1.211 3.21143e-322 0 1.97626e-323 1.6263e-316 
 3.882 2.031 0.799475 9.57005e-321 1.55716e+142 3.984 2.223 3.21143e-322 0.185229 0.322889 0.304045 3.984 1.223 3.21143e-322 0 1.97626e-323 1.6263e-316 
 3.921 2.037 0.841004 9.57005e-321 1.55716e+142 3.995 2.228 3.21143e-322 0.171209 0.393584 0.39234 3.995 1.228 3.21143e-322 0 1.97626e-323 1.6263e-316 
 3.927 2.075 0.872828 9.57005e-321 1.55716e+142 4.011 2.235 3.21143e-322 0.155779 0.216697 0.245344 4.011 1.235 3.21143e-322 0 1.97626e-323 1.6263e-316 
 3.94 2.082 0.910769 9.57005e-321 1.55716e+142 4.032 2.241 3.21143e-322 0.160027 0.138759 0.154828 4.032 1.241 3.21143e-322 0 1.97626e-323 1.6263e-316 
 3.959 2.088 0.930043 9.57005e-321 1.55716e+142 4.052 2.26 3.21143e-322 0.170183 0.15506 0.162558 4.052 1.26 3.21143e-322 0 1.97626e-323 1.6263e-316 
 3.956 2.118 0.943225 9.57005e-321 1.55716e+142 4.062 2.285 3.21143e-322 0.173256 0.0668848 0.0693769 4.062 1.285 3.21143e-322 0 1.97626e-323 1.6263e-316 
 3.98 2.138 0.959247 9.57005e-321 1.55716e+142 4.08 2.298 3.21143e-322 0.165328 0.0553173 0.0601536 4.08 1.298 3.21143e-322 0 1.97626e-323 1.6263e-316 
 3.991 2.12 0.965049 9.57005e-321 1.55716e+142 4.092 2.317 3.21143e-322 0.192977 0.153133 0.141876 4.092 1.317 3.21143e-322 0 1.97626e-323 1.6263e-316 
 3.987 2.145 0.971071 9.57005e-321 1.55716e+142 4.111 2.344 3.21143e-322 0.205536 0.0511589 0.0447729 4.111 1.344 3.21143e-322 0 1.97626e-323 1.6263e-316 
 3.975 2.134 0.985442 9.57005e-321 1.55716e+142 4.116 2.341 3.21143e-322 0.219679 -0.0158157 -0.0129583 4.116 1.341 3.21143e-322 0 1.97626e-323 1.6263e-316 
 4 2.191 0.989524 9.57005e-321 1.55716e+142 4.128 2.361 3.21143e-322 0.186381 -0.0725778 -0.0699785 4.128 1.361 3.21143e-322 0 1.97626e-323 1.6263e-316 
 4.014 2.188 0.990169 9.57005e-321 1.55716e+142 4.128 2.398 3.21143e-322 0.209083 0.101431 0.0871007 4.128 1.398 3.21143e-322 0 1.97626e-323 1.6263e-316 
 4.058 2.189 0.989331 9.57005e-321 1.55716e+142 4.141 2.424 3.21143e-322 0.214169 0.301106 0.247863 4.141 1.424 3.21143e-322 0 1.97626e-323 1.6263e-316 
 4.051 2.183 0.998088 9.57005e-321 1.55716e+142 4.156 2.454 3.21143e-322 0.251415 0.276333 0.195318 4.156 1.454 3.21143e-322 0 1.97626e-323 1.6263e-316 
 4.063 2.222 1.02899 9.57005e-321 1.55716e+142 4.163 2.468 3.21143e-322 0.230997 0.201668 0.155871 4.163 1.468 3.21143e-322 0 1.97626e-323 1.6263e-316 
 4.072 2.214 1.05366 9.57005e-321 1.55716e+142 4.192 2.489 3.21143e-322 0.262208 0.146615 0.100311 4.192 1.489 3.21143e-322 0 1.97626e-323 1.6263e-316 
 4.08 2.238 1.07305 9.57005e-321 1.55716e+142 4.197 2.497 3.21143e-322 0.248835 0.0989873 0.0714825 4.197 1.497 3.21143e-322 0 1.97626e-323 1.6263e-316 
 4.083 2.296 1.08535 9.57005e-321 1.55716e+142 4.219 2.515 3.21143e-322 0.225738 -0.0895868 -0.0713138 4.219 1.515 3.21143e-322 0 1.97626e-323 1.6263e-316 
 4.086 2.324 1.09379 9.57005e-321 1.55716e+142 4.227 2.519 3.21143e-322 0.209433 -0.182086 -0.155237 4.227 1.519 3.21143e-322 0 1.97626e-323 1.6263e-316 
 4.102 2.353 1.09145 9.57005e-321 1.55716e+142 4.234 2.548 3.21143e-322 0.205574 -0.139602 -0.121631 4.234 1.548 3.21143e-322 0 1.97626e-323 1.6263e-316 
 4.123 2.381 1.08842 9.57005e-321 1.55716e+142 4.248 2.572 3.21143e-322 0.199555 -0.114947 -0.103314 4.248 1.572 3.21143e-322 0 1.97626e-323 1.6263e-316 
 4.136 2.349 1.08386 9.57005e-321 1.55716e+142 4.28 2.584 3.21143e-322 0.241429 -0.083224 -0.0619691 4.28 1.584 3.21143e-322 0 1.97626e-323 1.6263e-316 
 4.157 2.362 1.077 9.57005e-321 1.55716e+142 4.301 2.596 3.21143e-322 0.240731 -0.0765239 -0.0571563 4.301 1.596 3.21143e-322 0 1.97626e-323 1.6263e-316 
 4.146 2.397 1.07007 9.57005e-321 1.55716e+142 4.31 2.624 3.21143e-322 0.244349 -0.166855 -0.1223 4.31 1.624 3.21143e-322 0 1.97626e-323 1.6263e-316 
 4.132 2.479 1.06186 9.57005e-321 1.55716e+142 4.316 2.657 3.21143e-322 0.217914 -0.369792 -0.296453 4.316 1.657 3.21143e-322 0 1.97626e-323 1.6263e-316 
 4.183 2.502 1.04577 9.57005e-321 1.55716e+142 4.297 2.699 3.21143e-322 0.199646 0.00050439 0.000454756 4.297 1.699 3.21143e-322 0 1.97626e-323 1.6263e-316 
 4.217 2.515 1.01788 9.57005e-321 1.55716e+142 4.282 2.719 3.21143e-322 0.183763 0.276619 0.2646 4.282 1.719 3.21143e-322 0 1.97626e-323 1.6263e-316 
 4.194 2.485 1.01959 9.57005e-321 1.55716e+142 4.292 2.737 3.21143e-322 0.234546 0.235824 0.179043 4.292 1.737 3.21143e-322 0 1.97626e-323 1.6263e-316 
 4.186 2.485 1.02523 9.57005e-321 1.55716e+142 4.289 2.752 3.21143e-322 0.248373 0.239532 0.17188 4.289 1.752 3.21143e-322 0 1.97626e-323 1.6263e-316 
 4.221 2.543 1.03768 9.57005e-321 1.55716e+142 4.287 2.781 3.21143e-322 0.211447 0.32477 0.269732 4.287 1.781 3.21143e-322 0 1.97626e-323 1.6263e-316 
 4.205 2.561 1.06101 9.57005e-321 1.55716e+142 4.297 2.798 3.21143e-322 0.221499 0.176206 0.142226 4.297 1.798 3.21143e-322 0 1.97626e-323 1.6263e-316 
 4.225 2.583 1.09402 9.57005e-321 1.55716e+142 4.318 2.805 3.21143e-322 0.21065 0.0979471 0.083501 4.318 1.805 3.21143e-322 0 1.97626e-323 1.6263e-316 
 4.313 2.606 1.1073 9.57005e-321 1.55716e+142 4.325 2.828 3.21143e-322 0.183373 0.470679 0.432806 4.325 1.828 3.21143e-322 0 1.97626e-323 1.6263e-316 
 4.271 2.593 1.11658 9.57005e-321 1.55716e+142 4.333 2.856 3.21143e-322 0.233016 0.290786 0.220958 4.333 1.856 3.21143e-322 0 1.97626e-323 1.6263e-316 
 4.276 2.607 1.15786 9.57005e-321 1.55716e+142 4.357 2.891 3.21143e-322 0.257472 0.185759 0.129143 4.357 1.891 3.21143e-322 0 1.97626e-323 1.6263e-316 
 4.298 2.669 1.18352 9.57005e-321 1.55716e+142 4.37 2.906 3.21143e-322 0.216622 0.114925 0.0952068 4.37 1.906 3.21143e-322 0 1.97626e-323 1.6263e-316 
 4.327 2.73 1.2007 9.57005e-321 1.55716e+142 4.39 2.929 3.21143e-322 0.182824 0.0709877 0.0697778 4.39 1.929 3.21143e-322 0 1.97626e-323 1.6263e-316 
 4.359 2.694 1.21093 9.57005e-321 1.55716e+142 4.4 2.939 3.21143e-322 0.215041 0.241402 0.199382 4.4 1.939 3.21143e-322 0 1.97626e-323 1.6263e-316 
 4.365 2.672 1.22046 9.57005e-321 1.55716e+142 4.392 2.942 3.21143e-322 0.232931 0.327774 0.248074 4.392 1.942 3.21143e-322 0 1.97626e-323 1.6263e-316 
 4.374 2.697 1.2459 9.57005e-321 1.55716e+142 4.399 2.961 3.21143e-322 0.228382 0.297629 0.230412 4.399 1.961 3.21143e-322 0 1.97626e-323 1.6263e-316 
 4.385 2.746 1.27818 9.57005e-321 1.55716e+142 4.401 2.995 3.21143e-322 0.214899 0.284633 0.23404 4.401 1.995 3.21143e-322 0 1.97626e-323 1.6263e-316 
 4.375 2.787 1.30915 9.57005e-321 1.55716e+142 4.403 3.039 3.21143e-322 0.22065 0.19036 0.15406 4.403 2.039 3.21143e-322 0 1.97626e-323 1.6263e-316 
 4.392 2.796 1.33543 9.57005e-321 1.55716e+142 4.396 3.075 3.21143e-322 0.240716 0.293916 0.216342 4.396 2.075 3.21143e-322 0 1.97626e-323 1.6263e-316 
 4.349 2.852 1.35417 9.57005e-321 1.55716e+142 4.401 3.096 3.21143e-322 0.218828 0.00832445 0.00684729 4.401 2.096 3.21143e-322 0 1.97626e-323 1.6263e-316 
 4.373 2.819 1.38023 9.57005e-321 1.55716e+142 4.409 3.118 3.21143e-322 0.263725 0.0983908 0.067054 4.409 2.118 3.21143e-322 0 1.97626e-323 1.6263e-316 
 4.373 2.879 1.3799 9.57005e-321 1.55716e+142 4.405 3.148 3.21143e-322 0.237193 0.0951006 0.0720447 4.405 2.148 3.21143e-322 0 1.97626e-323 1.6263e-316 
 4.403 2.905 1.38753 9.57005e-321 1.55716e+142 4.388 3.169 3.21143e-322 0.227372 0.309343 0.240166 4.388 2.169 3.21143e-322 0 1.97626e-323 1.6263e-316 
 4.416 2.922 1.40023 9.57005e-321 1.55716e+142 4.381 3.187 3.21143e-322 0.22718 0.390536 0.300087 4.381 2.187 3.21143e-322 0 1.97626e-323 1.6263e-316 
 4.417 2.921 1.43476 9.57005e-321 1.55716e+142 4.372 3.207 3.21143e-322 0.246709 0.395392 0.280854 4.372 2.207 3.21143e-322 0 1.97626e-323 1.6263e-316 
 4.392 2.986 1.47487 9.57005e-321 1.55716e+142 4.362 3.218 3.21143e-322 0.201548 0.268985 0.23576 4.362 2.218 3.21143e-322 0 1.97626e-323 1.6263e-316 
 4.404 2.997 1.51419 9.57005e-321 1.55716e+142 4.379 3.236 3.21143e-322 0.208873 0.196268 0.167551 4.379 2.236 3.21143e-322 0 1.97626e-323 1.6263e-316 
 4.383 3.036 1.53897 9.57005e-321 1.55716e+142 4.392 3.281 3.21143e-322 0.215045 -0.00605481 -0.00506803 4.392 2.281 3.21143e-322 0 1.97626e-323 1.6263e-316 
 4.408 3.065 1.55681 9.57005e-321 1.55716e+142 4.389 3.311 3.21143e-322 0.215797 0.11308 0.0940434 4.389 2.311 3.21143e-322 0 1.97626e-323 1.6263e-316 
 4.372 3.101 1.55855 9.57005e-321 1.55716e+142 4.379 3.338 3.21143e-322 0.207954 -0.0209506 -0.0181324 4.379 2.338 3.21143e-322 0 1.97626e-323 1.6263e-316 
 4.412 3.091 1.56845 9.57005e-321 1.55716e+142 4.386 3.358 3.21143e-322 0.234514 0.129656 0.0991901 4.386 2.358 3.21143e-322 0 1.97626e-323 1.6263e-316 
 4.424 3.129 1.57019 9.57005e-321 1.55716e+142 4.395 3.381 3.21143e-322 0.221481 0.145355 0.117587 4.395 2.381 3.21143e-322 0 1.97626e-323 1.6263e-316 
 4.382 3.17 1.58302 9.57005e-321 1.55716e+142 4.419 3.408 3.21143e-322 0.209221 -0.203391 -0.17323 4.419 2.408 3.21143e-322 0 1.97626e-323 1.6263e-316 
 4.418 3.169 1.58998 9.57005e-321 1.55716e+142 4.426 3.435 3.21143e-322 0.233234 -0.0639672 -0.049327 4.426 2.435 3.21143e-322 0 1.97626e-323 1.6263e-316 
 4.39 3.195 1.5873 9.57005e-321 1.55716e+142 4.449 3.444 3.21143e-322 0.219655 -0.314906 -0.252545 4.449 2.444 3.21143e-322 0 1.97626e-323 1.6263e-316 
 4.4 3.219 1.5831 9.57005e-321 1.55716e+142 4.442 3.447 3.21143e-322 0.200639 -0.231903 -0.205122 4.442 2.447 3.21143e-322 0 1.97626e-323 1.6263e-316 
 4.38 3.218 1.56475 9.57005e-321 1.55716e+142 4.44 3.475 3.21143e-322 0.22754 -0.287646 -0.223738 4.44 2.475 3.21143e-322 0 1.97626e-323 1.6263e-316 
 4.363 3.254 1.54134 9.57005e-321 1.55716e+142 4.448 3.514 3.21143e-322 0.23326 -0.375831 -0.282273 4.448 2.514 3.21143e-322 0 1.97626e-323 1.6263e-316 
 4.395 3.259 1.51267 9.57005e-321 1.55716e+142 4.455 3.537 3.21143e-322 0.247464 -0.207944 -0.150116 4.455 2.537 3.21143e-322 0 1.97626e-323 1.6263e-316 
 4.413 3.297 1.47571 9.57005e-321 1.55716e+142 4.442 3.569 3.21143e-322 0.239927 -0.0146873 -0.0110184 4.442 2.569 3.21143e-322 0 1.97626e-323 1.6263e-316 
 4.426 3.33 1.45845 9.57005e-321 1.55716e+142 4.43 3.578 3.21143e-322 0.216862 0.119845 0.0991478 4.43 2.578 3.21143e-322 0 1.97626e-323 1.6263e-316 
 4.448 3.35 1.45736 9.57005e-321 1.55716e+142 4.431 3.601 3.21143e-322 0.218164 0.227038 0.185175 4.431 2.601 3.21143e-322 0 1.97626e-323 1.6263e-316 
 4.445 3.37 1.45975 9.57005e-321 1.55716e+142 4.427 3.637 3.21143e-322 0.232185 0.23191 0.177887 4.427 2.637 3.21143e-322 0 1.97626e-323 1.6263e-316 
 4.448 3.374 1.46544 9.57005e-321 1.55716e+142 4.413 3.672 3.21143e-322 0.258879 0.307544 0.210665 4.413 2.672 3.21143e-322 0 1.97626e-323 1.6263e-316 
 4.426 3.399 1.47533 9.57005e-321 1.55716e+142 4.388 3.684 3.21143e-322 0.247809 0.308227 0.220253 4.388 2.684 3.21143e-322 0 1.97626e-323 1.6263e-316 
 4.423 3.473 1.50483 9.57005e-321 1.55716e+142 4.378 3.681 3.21143e-322 0.181433 0.314036 0.302025 4.378 2.681 3.21143e-322 0 1.97626e-323 1.6263e-316 
 4.443 3.486 1.53552 9.57005e-321 1.55716e+142 4.378 3.692 3.21143e-322 0.181575 0.386236 0.365666 4.378 2.692 3.21143e-322 0 1.97626e-323 1.6263e-316 
 4.448 3.482 1.56798 9.57005e-321 1.55716e+142 4.363 3.712 3.21143e-322 0.205552 0.437398 0.365787 4.363 2.712 3.21143e-322 0 1.97626e-323 1.6263e-316 
 4.435 3.504 1.60848 9.57005e-321 1.55716e+142 4.353 3.767 3.21143e-322 0.23592 0.348727 0.260044 4.353 2.767 3.21143e-322 0 1.97626e-323 1.6263e-316 
 4.451 3.523 1.65244 9.57005e-321 1.55716e+142 4.34 3.808 3.21143e-322 0.260852 0.404018 0.271888 4.34 2.808 3.21143e-322 0 1.97626e-323 1.6263e-316 
 4.446 3.562 1.68848 9.57005e-321 1.55716e+142 4.324 3.823 3.21143e-322 0.244076 0.430899 0.307686 4.324 2.823 3.21143e-322 0 1.97626e-323 1.6263e-316 
 4.454 3.588 1.72866 9.57005e-321 1.55716e+142 4.326 3.848 3.21143e-322 0.246573 0.405651 0.287901 4.326 2.848 3.21143e-322 0 1.97626e-323 1.6263e-316 
 4.408 3.64 1.77138 9.57005e-321 1.55716e+142 4.323 3.88 3.21143e-322 0.221822 0.176728 0.142437 4.323 2.88 3.21143e-322 0 1.97626e-323 1.6263e-316 
 4.394 3.663 1.81146 9.57005e-321 1.55716e+142 4.318 3.906 3.21143e-322 0.223028 0.079049 0.0637119 4.318 2.906 3.21143e-322 0 1.97626e-323 1.6263e-316 
 4.408 3.683 1.82441 9.57005e-321 1.55716e+142 4.314 3.927 3.21143e-322 0.228333 0.14659 0.11505 4.314 2.927 3.21143e-322 0 1.97626e-323 1.6263e-316 
 4.394 3.695 1.83178 9.57005e-321 1.55716e+142 4.306 3.953 3.21143e-322 0.238735 0.0891728 0.067133 4.306 2.953 3.21143e-322 0 1.97626e-323 1.6263e-316 
 4.394 3.741 1.84594 9.57005e-321 1.55716e+142 4.299 3.97 3.21143e-322 0.216412 0.147005 0.121667 4.299 2.97 3.21143e-322 0 1.97626e-323 1.6263e-316 
 4.421 3.737 1.85528 9.57005e-321 1.55716e+142 4.298 3.992 3.21143e-322 0.246063 0.221471 0.160615 4.298 2.992 3.21143e-322 0 1.97626e-323 1.6263e-316 
 4.38 3.75 1.8735 9.57005e-321 1.55716e+142 4.291 4.021 3.21143e-322 0.250181 0.0197438 0.0142043 4.291 3.021 3.21143e-322 0 1.97626e-323 1.6263e-316 
 4.355 3.789 1.89619 9.57005e-321 1.55716e+142 4.277 4.054 3.21143e-322 0.242179 -0.0519241 -0.0385734 4.277 3.054 3.21143e-322 0 1.97626e-323 1.6263e-316 
 4.386 3.815 1.89796 9.57005e-321 1.55716e+142 4.276 4.084 3.21143e-322 0.254602 0.0832411 0.0587824 4.276 3.084 3.21143e-322 0 1.97626e-323 1.6263e-316 
 4.372 3.84 1.89696 9.57005e-321 1.55716e+142 4.271 4.123 3.21143e-322 0.263545 0.0231194 0.0157891 4.271 3.123 3.21143e-322 0 1.97626e-323 1.6263e-316 
 4.377 3.88 1.90109 9.57005e-321 1.55716e+142 4.259 4.151 3.21143e-322 0.258707 0.110659 0.0768411 4.259 3.151 3.21143e-322 0 1.97626e-323 1.6263e-316 
 4.353 3.92 1.90467 9.57005e-321 1.55716e+142 4.232 4.175 3.21143e-322 0.246584 0.1465 0.106536 4.232 3.175 3.21143e-322 0 1.97626e-323 1.6263e-316 
 4.354 3.972 1.91517 9.57005e-321 1.55716e+142 4.217 4.213 3.21143e-322 0.240716 0.228912 0.16953 4.217 3.213 3.21143e-322 0 1.97626e-323 1.6263e-316 
 4.327 3.979 1.93181 9.57005e-321 1.55716e+142 4.231 4.209 3.21143e-322 0.218523 0.0429872 0.0353942 4.231 3.209 3.21143e-322 0 1.97626e-323 1.6263e-316 
 4.323 3.974 1.95562 9.57005e-321 1.55716e+142 4.246 4.191 3.21143e-322 0.201832 -0.0522002 -0.0465201 4.246 3.191 3.21143e-322 0 1.97626e-323 1.6263e-316 
 4.33 3.979 1.95669 9.57005e-321 1.55716e+142 4.258 4.203 3.21143e-322 0.205975 -0.0903617 -0.078803 4.258 3.203 3.21143e-322 0 1.97626e-323 1.6263e-316 
 4.342 3.981 1.95612 9.57005e-321 1.55716e+142 4.268 4.217 3.21143e-322 0.216445 -0.101323 -0.0840634 4.268 3.217 3.21143e-322 0 1.97626e-323 1.6263e-316 
 4.316 4.02 1.95491 9.57005e-321 1.55716e+142 4.272 4.237 3.21143e-322 0.191865 -0.213268 -0.197471 4.272 3.237 3.21143e-322 0 1.97626e-323 1.6263e-316 
 4.301 4.047 1.95234 9.57005e-321 1.55716e+142 4.262 4.249 3.21143e-322 0.178069 -0.210741 -0.20989 4.262 3.249 3.21143e-322 0 1.97626e-323 1.6263e-316 
 4.292 4.073 1.9453 9.57005e-321 1.55716e+142 4.237 4.273 3.21143e-322 0.181199 -0.118096 -0.116781 4.237 3.273 3.21143e-322 0 1.97626e-323 1.6263e-316 
 4.325 4.084 1.92897 9.57005e-321 1.55716e+142 4.219 4.293 3.21143e-322 0.204659 0.133752 0.117098 4.219 3.293 3.21143e-322 0 1.97626e-323 1.6263e-316 
 4.317 4.114 1.92042 9.57005e-321 1.55716e+142 4.216 4.304 3.21143e-322 0.187431 0.15827 0.15084 4.216 3.304 3.21143e-322 0 1.97626e-323 1.6263e-316 
 4.331 4.097 1.92378 9.57005e-321 1.55716e+142 4.201 4.319 3.21143e-322 0.22323 0.224641 0.179195 4.201 3.319 3.21143e-322 0 1.97626e-323 1.6263e-316 
 4.342 4.122 1.92764 9.57005e-321 1.55716e+142 4.19 4.341 3.21143e-322 0.228848 0.323461 0.249131 4.19 3.341 3.21143e-322 0 1.97626e-323 1.6263e-316 
 4.317 4.125 1.93701 9.57005e-321 1.55716e+142 4.189 4.365 3.21143e-322 0.237344 0.162591 0.122688 4.189 3.365 3.21143e-322 0 1.97626e-323 1.6263e-316 
 4.318 4.144 1.96701 9.57005e-321 1.55716e+142 4.181 4.385 3.21143e-322 0.241965 0.160308 0.118694 4.181 3.385 3.21143e-322 0 1.97626e-323 1.6263e-316 
 4.257 4.212 1.98189 9.57005e-321 1.55716e+142 4.153 4.398 3.21143e-322 0.186265 0.111834 0.107655 4.153 3.398 3.21143e-322 0 1.97626e-323 1.6263e-316 
 4.253 4.254 1.99764 9.57005e-321 1.55716e+142 4.137 4.418 3.21143e-322 0.173905 0.205213 0.209295 4.137 3.418 3.21143e-322 0 1.97626e-323 1.6263e-316 
 4.271 4.241 2.01003 9.57005e-321 1.55716e+142 4.134 4.441 3.21143e-322 0.210707 0.197961 0.167526 4.134 3.441 3.21143e-322 0 1.97626e-323 1.6263e-316 
 4.28 4.243 2.03084 9.57005e-321 1.55716e+142 4.128 4.462 3.21143e-322 0.232114 0.190454 0.146634 4.128 3.462 3.21143e-322 0 1.97626e-323 1.6263e-316 
 4.245 4.23 2.05025 9.57005e-321 1.55716e+142 4.126 4.476 3.21143e-322 0.239632 -0.0381115 -0.0286197 4.126 3.476 3.21143e-322 0 1.97626e-323 1.6263e-316 
 4.249 4.221 2.06136 9.57005e-321 1.55716e+142 4.112 4.498 3.21143e-322 0.270977 -0.0440804 -0.0292726 4.112 3.498 3.21143e-322 0 1.97626e-323 1.6263e-316 
 4.252 4.263 2.06108 9.57005e-321 1.55716e+142 4.095 4.519 3.21143e-322 0.263103 0.083111 0.0567985 4.095 3.519 3.21143e-322 0 1.97626e-323 1.6263e-316 
 4.213 4.286 2.06317 9.57005e-321 1.55716e+142 4.074 4.533 3.21143e-322 0.248573 0.0271977 0.0196922 4.074 3.533 3.21143e-322 0 1.97626e-323 1.6263e-316 
 4.191 4.297 2.06786 9.57005e-321 1.55716e+142 4.062 4.555 3.21143e-322 0.252922 -0.0454199 -0.0323132 4.062 3.555 3.21143e-322 0 1.97626e-323 1.6263e-316 
 4.181 4.383 2.06971 9.57005e-321 1.55716e+142 4.034 4.579 3.21143e-322 0.213336 0.178606 0.149572 4.034 3.579 3.21143e-322 0 1.97626e-323 1.6263e-316 
 4.203 4.392 2.07224 9.57005e-321 1.55716e+142 4.027 4.578 3.21143e-322 0.219526 0.324018 0.259679 4.027 3.578 3.21143e-322 0 1.97626e-323 1.6263e-316 
 4.179 4.408 2.08761 9.57005e-321 1.55716e+142 4.025 4.59 3.21143e-322 0.206599 0.225058 0.193625 4.025 3.59 3.21143e-322 0 1.97626e-323 1.6263e-316 
 4.22 4.416 2.12028 9.57005e-321 1.55716e+142 4.017 4.599 3.21143e-322 0.233006 0.377157 0.28351 4.017 3.599 3.21143e-322 0 1.97626e-323 1.6263e-316 
 4.178 4.452 2.14254 9.57005e-321 1.55716e+142 3.992 4.609 3.21143e-322 0.206888 0.364754 0.307297 3.992 3.609 3.21143e-322 0 1.97626e-323 1.6263e-316 
 4.149 4.436 2.1799 9.57005e-321 1.55716e+142 3.986 4.623 3.21143e-322 0.216714 0.134297 0.111086 3.986 3.623 3.21143e-322 0 1.97626e-323 1.6263e-316 
 4.114 4.468 2.21729 9.57005e-321 1.55716e+142 3.969 4.621 3.21143e-322 0.184058 0.126005 0.122609 3.969 3.621 3.21143e-322 0 1.97626e-323 1.6263e-316 
 4.106 4.505 2.22845 9.57005e-321 1.55716e+142 3.954 4.631 3.21143e-322 0.170076 0.237201 0.245959 3.954 3.631 3.21143e-322 0 1.97626e-323 1.6263e-316 
 4.062 4.564 2.24417 9.57005e-321 1.55716e+142 3.939 4.649 3.21143e-322 0.126772 0.256699 0.349516 3.939 3.649 3.21143e-322 0 1.97626e-323 1.6263e-316 
 4.041 4.628 2.26895 9.57005e-321 1.55716e+142 3.938 4.671 3.21143e-322 0.0888109 0.327525 0.523599 3.938 3.671 3.21143e-322 0 1.97626e-323 1.6263e-316 
 4.041 4.619 2.2952 9.57005e-321 1.55716e+142 3.918 4.681 3.21143e-322 0.113956 0.310835 0.456407 3.918 3.681 3.21143e-322 0 1.97626e-323 1.6263e-316 
 4.078 4.593 2.32664 9.57005e-321 1.55716e+142 3.893 4.695 3.21143e-322 0.178835 0.347892 0.336816 3.893 3.695 3.21143e-322 0 1.97626e-323 1.6263e-316 
 4.107 4.58 2.35711 9.57005e-321 1.55716e+142 3.874 4.739 3.21143e-322 0.244558 0.248655 0.181013 3.874 3.739 3.21143e-322 0 1.97626e-323 1.6263e-316 
 4.09 4.566 2.388 9.57005e-321 1.55716e+142 3.865 4.764 3.21143e-322 0.262807 0.0443102 0.0303394 3.865 3.764 3.21143e-322 0 1.97626e-323 1.6263e-316 
 4.056 4.616 2.41004 9.57005e-321 1.55716e+142 3.86 4.776 3.21143e-322 0.221762 0.0591906 0.0480068 3.86 3.776 3.21143e-322 0 1.97626e-323 1.6263e-316 
 4.032 4.639 2.41522 9.57005e-321 1.55716e+142 3.856 4.795 3.21143e-322 0.206293 0.00138024 0.00120432 3.856 3.795 3.21143e-322 0 1.97626e-323 1.6263e-316 
 3.991 4.653 2.41963 9.57005e-321 1.55716e+142 3.85 4.805 3.21143e-322 0.181185 -0.112313 -0.111118 3.85 3.805 3.21143e-322 0 1.97626e-323 1.6263e-316 
 3.985 4.623 2.41924 9.57005e-321 1.55716e+142 3.841 4.813 3.21143e-322 0.206183 -0.242503 -0.208627 3.841 3.813 3.21143e-322 0 1.97626e-323 1.6263e-316 
 3.963 4.644 2.41822 9.57005e-321 1.55716e+142 3.83 4.816 3.21143e-322 0.188264 -0.216655 -0.204256 3.83 3.816 3.21143e-322 0 1.97626e-323 1.6263e-316 
 3.96 4.662 2.41093 9.57005e-321 1.55716e+142 3.805 4.837 3.21143e-322 0.204094 -0.138424 -0.121482 3.805 3.837 3.21143e-322 0 1.97626e-323 1.6263e-316 
 3.901 4.701 2.39966 9.57005e-321 1.55716e+142 3.786 4.858 3.21143e-322 0.168274 -0.209215 -0.220166 3.786 3.858 3.21143e-322 0 1.97626e-323 1.6263e-316 
 3.875 4.766 2.38775 9.57005e-321 1.55716e+142 3.768 4.881 3.21143e-322 0.13754 -0.0619463 -0.080893 3.768 3.881 3.21143e-322 0 1.97626e-323 1.6263e-316 
 3.856 4.771 2.36693 9.57005e-321 1.55716e+142 3.758 4.902 3.21143e-322 0.142202 -0.14504 -0.18157 3.758 3.902 3.21143e-322 0 1.97626e-323 1.6263e-316 
 3.86 4.789 2.35975 9.57005e-321 1.55716e+142 3.759 4.931 3.21143e-322 0.151167 -0.168317 -0.1978 3.759 3.931 3.21143e-322 0 1.97626e-323 1.6263e-316 
 3.866 4.789 2.34464 9.57005e-321 1.55716e+142 3.744 4.948 3.21143e-322 0.174875 -0.129784 -0.132802 3.744 3.948 3.21143e-322 0 1.97626e-323 1.6263e-316 
 3.858 4.758 2.32727 9.57005e-321 1.55716e+142 3.712 4.958 3.21143e-322 0.216004 -0.156567 -0.129737 3.712 3.958 3.21143e-322 0 1.97626e-323 1.6263e-316 
 3.847 4.778 2.31471 9.57005e-321 1.55716e+142 3.693 4.957 3.21143e-322 0.20704 -0.0404592 -0.0351607 3.693 3.957 3.21143e-322 0 1.97626e-323 1.6263e-316 
 3.836 4.791 2.30027 9.57005e-321 1.55716e+142 3.678 4.963 3.21143e-322 0.20485 0.0162541 0.0142814 3.678 3.963 3.21143e-322 0 1.97626e-323 1.6263e-316 
 3.835 4.856 2.29783 9.57005e-321 1.55716e+142 3.659 4.986 3.21143e-322 0.188964 0.238522 0.223414 3.659 3.986 3.21143e-322 0 1.97626e-323 1.6263e-316 
 3.851 4.84 2.29812 9.57005e-321 1.55716e+142 3.624 5.002 3.21143e-322 0.240489 0.297278 0.218939 3.624 4.002 3.21143e-322 0 1.97626e-323 1.6263e-316 
 3.868 4.844 2.30204 9.57005e-321 1.55716e+142 3.602 5.007 3.21143e-322 0.266104 0.408272 0.26945 3.602 4.007 3.21143e-322 0 1.97626e-323 1.6263e-316 
 3.877 4.844 2.31745 9.57005e-321 1.55716e+142 3.595 5.014 3.21143e-322 0.281408 0.408021 0.255292 3.595 4.014 3.21143e-322 0 1.97626e-323 1.6263e-316 
 3.874 4.855 2.3553 9.57005e-321 1.55716e+142 3.576 5.005 3.21143e-322 0.282966 0.465824 0.288076 3.576 4.005 3.21143e-322 0 1.97626e-323 1.6263e-316 
 3.854 4.912 2.39658 9.57005e-321 1.55716e+142 3.562 5.003 3.21143e-322 0.250931 0.612559 0.414009 3.562 4.003 3.21143e-322 0 1.97626e-323 1.6263e-316 
 3.778 4.95 2.44405 9.57005e-321 1.55716e+142 3.545 5.027 3.21143e-322 0.204529 0.463477 0.387292 3.545 4.027 3.21143e-322 0 1.97626e-323 1.6263e-316 
 3.757 4.962 2.50425 9.57005e-321 1.55716e+142 3.52 5.04 3.21143e-322 0.211115 0.39643 0.325946 3.52 4.04 3.21143e-322 0 1.97626e-323 1.6263e-316 
 3.762 4.965 2.55027 9.57005e-321 1.55716e+142 3.497 5.064 3.21143e-322 0.243576 0.313146 0.227409 3.497 4.064 3.21143e-322 0 1.97626e-323 1.6263e-316 
 3.735 4.993 2.59004 9.57005e-321 1.55716e+142 3.488 5.082 3.21143e-322 0.226953 0.264325 0.206648 3.488 4.082 3.21143e-322 0 1.97626e-323 1.6263e-316 
 3.678 4.99 2.6202 9.57005e-321 1.55716e+142 3.478 5.097 3.21143e-322 0.198895 0.0355562 0.0321673 3.478 4.097 3.21143e-322 0 1.97626e-323 1.6263e-316 
 3.653 5.034 2.64127 9.57005e-321 1.55716e+142 3.471 5.122 3.21143e-322 0.177162 0.0546748 0.0554936 3.471 4.122 3.21143e-322 0 1.97626e-323 1.6263e-316 
 3.676 5.029 2.64329 9.57005e-321 1.55716e+142 3.453 5.149 3.21143e-322 0.222126 0.00584497 0.00473644 3.453 4.149 3.21143e-322 0 1.97626e-323 1.6263e-316 
 3.606 5.024 2.64818 9.57005e-321 1.55716e+142 3.423 5.153 3.21143e-322 0.195374 -0.140952 -0.129138 3.423 4.153 3.21143e-322 0 1.97626e-323 1.6263e-316 
 3.565 5.032 2.64968 9.57005e-321 1.55716e+142 3.4 5.16 3.21143e-322 0.181303 -0.187361 -0.183912 3.4 4.16 3.21143e-322 0 1.97626e-323 1.6263e-316 
 3.591 5.027 2.64775 9.57005e-321 1.55716e+142 3.371 5.178 3.21143e-322 0.233129 -0.139976 -0.107658 3.371 4.178 3.21143e-322 0 1.97626e-323 1.6263e-316 
 3.593 5.028 2.64532 9.57005e-321 1.55716e+142 3.359 5.184 3.21143e-322 0.245985 -0.122883 -0.0896791 3.359 4.184 3.21143e-322 0 1.97626e-323 1.6263e-316 
 3.534 5.086 2.643 9.57005e-321 1.55716e+142 3.364 5.178 3.21143e-322 0.169551 0.00270803 0.00287491 3.364 4.178 3.21143e-322 0 1.97626e-323 1.6263e-316 
 3.545 5.086 2.64554 9.57005e-321 1.55716e+142 3.359 5.178 3.21143e-322 0.181928 0.0408936 0.0404382 3.359 4.178 3.21143e-322 0 1.97626e-323 1.6263e-316 
 3.552 5.052 2.64604 9.57005e-321 1.55716e+142 3.354 5.166 3.21143e-322 0.200354 -0.0318154 -0.0285755 3.354 4.166 3.21143e-322 0 1.97626e-323 1.6263e-316 
 3.548 5.016 2.64562 9.57005e-321 1.55716e+142 3.362 5.172 3.21143e-322 0.209904 -0.247678 -0.209282 3.362 4.172 3.21143e-322 0 1.97626e-323 1.6263e-316 
 3.558 5.044 2.64546 9.57005e-321 1.55716e+142 3.363 5.171 3.21143e-322 0.203647 -0.0972279 -0.0857272 3.363 4.171 3.21143e-322 0 1.97626e-323 1.6263e-316 
 3.549 5.044 2.64541 9.57005e-321 1.55716e+142 3.364 5.159 3.21143e-322 0.190823 -0.0689489 -0.0649467 3.364 4.159 3.21143e-322 0 1.97626e-323 1.6263e-316 
 3.568 5.057 2.64548 9.57005e-321 1.55716e+142 3.371 5.163 3.21143e-322 0.196225 0.00289772 0.00265812 3.371 4.163 3.21143e-322 0 1.97626e-323 1.6263e-316 
 3.568 5.041 2.64545 9.57005e-321 1.55716e+142 3.365 5.161 3.21143e-322 0.206742 -0.045602 -0.0396825 3.365 4.161 3.21143e-322 0 1.97626e-323 1.6263e-316 
 3.569 5.047 2.64542 9.57005e-321 1.55716e+142 3.371 5.162 3.21143e-322 0.200781 -0.0356148 -0.0319179 3.371 4.162 3.21143e-322 0 1.97626e-323 1.6263e-316 
 3.583 5.046 2.64538 9.57005e-321 1.55716e+142 3.375 5.163 3.21143e-322 0.209311 -0.0197024 -0.0169417 3.375 4.163 3.21143e-322 0 1.97626e-323 1.6263e-316 
 3.582 5.027 2.64538 9.57005e-321 1.55716e+142 3.369 5.154 3.21143e-322 0.217393 -0.0516402 -0.0427317 3.369 4.154 3.21143e-322 0 1.97626e-323 1.6263e-316 
 3.567 5.024 2.64535 9.57005e-321 1.55716e+142 3.368 5.159 3.21143e-322 0.210192 -0.122031 -0.104124 3.368 4.159 3.21143e-322 0 1.97626e-323 1.6263e-316 
 3.556 5.031 2.64531 9.57005e-321 1.55716e+142 3.371 5.156 3.21143e-322 0.195173 -0.114295 -0.105022 3.371 4.156 3.21143e-322 0 1.97626e-323 1.6263e-316 
 3.571 5.053 2.64529 9.57005e-321 1.55716e+142 3.371 5.157 3.21143e-322 0.197711 0.0197237 0.0179549 3.371 4.157 3.21143e-322 0 1.97626e-323 1.6263e-316 
 3.556 5.033 2.64519 9.57005e-321 1.55716e+142 3.371 5.161 3.21143e-322 0.196495 -0.127642 -0.116398 3.371 4.161 3.21143e-322 0 1.97626e-323 1.6263e-316 
 3.562 5.036 2.64516 9.57005e-321 1.55716e+142 3.366 5.156 3.21143e-322 0.201385 -0.0629663 -0.0562207 3.366 4.156 3.21143e-322 0 1.97626e-323 1.6263e-316 
 3.557 5.044 2.64515 9.57005e-321 1.55716e+142 3.373 5.155 3.21143e-322 0.188344 -0.0528438 -0.0504599 3.373 4.155 3.21143e-322 0 1.97626e-323 1.6263e-316 
 3.566 5.031 2.64517 9.57005e-321 1.55716e+142 3.375 5.157 3.21143e-322 0.200171 -0.102821 -0.0921977 3.375 4.157 3.21143e-322 0 1.97626e-323 1.6263e-316 
 3.581 5.041 2.64512 9.57005e-321 1.55716e+142 3.373 5.155 3.21143e-322 0.208052 -0.00594195 -0.00514074 3.373 4.155 3.21143e-322 0 1.97626e-323 1.6263e-316 
 3.569 5.036 2.6452 9.57005e-321 1.55716e+142 3.379 5.155 3.21143e-322 0.196369 -0.0739345 -0.0676679 3.379 4.155 3.21143e-322 0 1.97626e-323 1.6263e-316 
 3.569 5.042 2.6452 9.57005e-321 1.55716e+142 3.377 5.148 3.21143e-322 0.19237 -0.00929815 -0.00870004 3.377 4.148 3.21143e-322 0 1.97626e-323 1.6263e-316 
 3.567 5.052 2.64516 9.57005e-321 1.55716e+142 3.384 5.147 3.21143e-322 0.180839 0.0195307 0.0194377 3.384 4.147 3.21143e-322 0 1.97626e-323 1.6263e-316 
 3.557 5.031 2.64518 9.57005e-321 1.55716e+142 3.379 5.148 3.21143e-322 0.186353 -0.0963602 -0.0928076 3.379 4.148 3.21143e-322 0 1.97626e-323 1.6263e-316 
 3.556 5.039 2.64511 9.57005e-321 1.55716e+142 3.377 5.145 3.21143e-322 0.182378 -0.0425853 -0.0420052 3.377 4.145 3.21143e-322 0 1.97626e-323 1.6263e-316 
 3.56 5.028 2.64512 9.57005e-321 1.55716e+142 3.379 5.15 3.21143e-322 0.190821 -0.111148 -0.104463 3.379 4.15 3.21143e-322 0 1.97626e-323 1.6263e-316 
 3.568 5.026 2.64513 9.57005e-321 1.55716e+142 3.379 5.142 3.21143e-322 0.194314 -0.062801 -0.0581094 3.379 4.142 3.21143e-322 0 1.97626e-323 1.6263e-316 
 3.559 5.041 2.64511 9.57005e-321 1.55716e+142 3.381 5.145 3.21143e-322 0.180761 -0.0358137 -0.0356478 3.381 4.145 3.21143e-322 0 1.97626e-323 1.6263e-316 
 3.574 5.047 2.64511 9.57005e-321 1.55716e+142 3.383 5.149 3.21143e-322 0.189927 0.00685052 0.00649238 3.383 4.149 3.21143e-322 0 1.97626e-323 1.6263e-316 
 3.564 5.037 2.64517 9.57005e-321 1.55716e+142 3.383 5.145 3.21143e-322 0.184764 -0.0467624 -0.0455252 3.383 4.145 3.21143e-322 0 1.97626e-323 1.6263e-316 
 3.583 5.045 2.64512 9.57005e-321 1.55716e+142 3.391 5.15 3.21143e-322 0.191951 -0.00457783 -0.00429279 3.391 4.15 3.21143e-322 0 1.97626e-323 1.6263e-316 
 3.565 5.051 2.64516 9.57005e-321 1.55716e+142 3.389 5.146 3.21143e-322 0.175432 0.00160491 0.0016467 3.389 4.146 3.21143e-322 0 1.97626e-323 1.6263e-316 
 3.563 5.049 2.64514 9.57005e-321 1.55716e+142 3.394 5.148 3.21143e-322 0.17173 -0.0358577 -0.0375668 3.394 4.148 3.21143e-322 0 1.97626e-323 1.6263e-316 
 3.574 5.058 2.64513 9.57005e-321 1.55716e+142 3.391 5.141 3.21143e-322 0.175935 0.0770207 0.0786377 3.391 4.141 3.21143e-322 0 1.97626e-323 1.6263e-316 
 3.567 5.062 2.64523 9.57005e-321 1.55716e+142 3.39 5.14 3.21143e-322 0.169249 0.0863458 0.091574 3.39 4.14 3.21143e-322 0 1.97626e-323 1.6263e-316 
 3.579 5.055 2.64524 9.57005e-321 1.55716e+142 3.391 5.139 3.21143e-322 0.180236 0.084367 0.0840582 3.391 4.139 3.21143e-322 0 1.97626e-323 1.6263e-316 
 3.563 5.034 2.64524 9.57005e-321 1.55716e+142 3.388 5.135 3.21143e-322 0.177185 -0.0296453 -0.0301071 3.388 4.135 3.21143e-322 0 1.97626e-323 1.6263e-316 
 3.572 5.027 2.64527 9.57005e-321 1.55716e+142 3.393 5.143 3.21143e-322 0.186679 -0.0891967 -0.0857943 3.393 4.143 3.21143e-322 0 1.97626e-323 1.6263e-316 
 3.569 5.046 2.64535 9.57005e-321 1.55716e+142 3.385 5.142 3.21143e-322 0.182027 0.0171114 0.0169193 3.385 4.142 3.21143e-322 0 1.97626e-323 1.6263e-316 
 3.565 5.035 2.6454 9.57005e-321 1.55716e+142 3.386 5.148 3.21143e-322 0.185378 -0.0754909 -0.0731698 3.386 4.148 3.21143e-322 0 1.97626e-323 1.6263e-316 
 3.56 5.039 2.64537 9.57005e-321 1.55716e+142 3.385 5.145 3.21143e-322 0.179312 -0.0533982 -0.0535519 3.385 4.145 3.21143e-322 0 1.97626e-323 1.6263e-316 
 3.573 5.046 2.64531 9.57005e-321 1.55716e+142 3.384 5.144 3.21143e-322 0.186721 0.0203062 0.0195728 3.384 4.144 3.21143e-322 0 1.97626e-323 1.6263e-316 
 3.559 5.05 2.64528 9.57005e-321 1.55716e+142 3.388 5.149 3.21143e-322 0.173265 -0.0307053 -0.031888 3.388 4.149 3.21143e-322 0 1.97626e-323 1.6263e-316 
 3.557 5.054 2.6452 9.57005e-321 1.55716e+142 3.382 5.146 3.21143e-322 0.173411 0.0133551 0.0138616 3.382 4.146 3.21143e-322 0 1.97626e-323 1.6263e-316 
 3.556 5.054 2.64524 9.57005e-321 1.55716e+142 3.387 5.149 3.21143e-322 0.170039 -0.0167682 -0.0177486 3.387 4.149 3.21143e-322 0 1.97626e-323 1.6263e-316 
 3.553 5.059 2.6453 9.57005e-321 1.55716e+142 3.386 5.149 3.21143e-322 0.166402 0.00208963 0.00226038 3.386 4.149 3.21143e-322 0 1.97626e-323 1.6263e-316 
 3.568 5.059 2.64525 9.57005e-321 1.55716e+142 3.387 5.146 3.21143e-322 0.176002 0.0526261 0.0537696 3.387 4.146 3.21143e-322 0 1.97626e-323 1.6263e-316 
 3.561 5.053 2.64518 9.57005e-321 1.55716e+142 3.389 5.154 3.21143e-322 0.174882 -0.0374893 -0.0385673 3.389 4.154 3.21143e-322 0 1.97626e-323 1.6263e-316 
 3.558 5.042 2.64518 9.57005e-321 1.55716e+142 3.387 5.142 3.21143e-322 0.17369 -0.0353688 -0.0366374 3.387 4.142 3.21143e-322 0 1.97626e-323 1.6263e-316 
 3.58 5.043 2.64517 9.57005e-321 1.55716e+142 3.391 5.143 3.21143e-322 0.18755 0.0110963 0.0106492 3.391 4.143 3.21143e-322 0 1.97626e-323 1.6263e-316 
 3.568 5.049 2.64515 9.57005e-321 1.55716e+142 3.385 5.14 3.21143e-322 0.17919 0.0385758 0.0387308 3.385 4.14 3.21143e-322 0 1.97626e-323 1.6263e-316 
 3.566 5.047 2.64518 9.57005e-321 1.55716e+142 3.386 5.143 3.21143e-322 0.178936 0.00711166 0.00715382 3.386 4.143 3.21143e-322 0 1.97626e-323 1.6263e-316 
 3.578 5.044 2.64517 9.57005e-321 1.55716e+142 3.388 5.15 3.21143e-322 0.19083 -0.0143171 -0.0135037 3.388 4.15 3.21143e-322 0 1.97626e-323 1.6263e-316 
 3.572 5.04 2.64513 9.57005e-321 1.55716e+142 3.385 5.145 3.21143e-322 0.1881 -0.0172583 -0.0165136 3.385 4.145 3.21143e-322 0 1.97626e-323 1.6263e-316 
 3.566 5.045 2.64509 9.57005e-321 1.55716e+142 3.387 5.149 3.21143e-322 0.181529 -0.0331765 -0.0328853 3.387 4.149 3.21143e-322 0 1.97626e-323 1.6263e-316 
 3.56 5.046 2.64501 9.57005e-321 1.55716e+142 3.383 5.144 3.21143e-322 0.177459 -0.00994043 -0.0100824 3.383 4.144 3.21143e-322 0 1.97626e-323 1.6263e-316 
 3.56 5.039 2.64501 9.57005e-321 1.55716e+142 3.387 5.145 3.21143e-322 0.177783 -0.0583087 -0.0589673 3.387 4.145 3.21143e-322 0 1.97626e-323 1.6263e-316 
 3.571 5.051 2.64497 9.57005e-321 1.55716e+142 3.389 5.146 3.21143e-322 0.180065 0.0172006 0.0171926 3.389 4.146 3.21143e-322 0 1.97626e-323 1.6263e-316 
 3.573 5.059 2.64492 9.57005e-321 1.55716e+142 3.381 5.143 3.21143e-322 0.183353 0.0944217 0.0924309 3.381 4.143 3.21143e-322 0 1.97626e-323 1.6263e-316 
 3.561 5.04 2.64484 9.57005e-321 1.55716e+142 3.387 5.153 3.21143e-322 0.181571 -0.0881916 -0.0872069 3.387 4.153 3.21143e-322 0 1.97626e-323 1.6263e-316 
 3.561 5.031 2.64483 9.57005e-321 1.55716e+142 3.378 5.147 3.21143e-322 0.189733 -0.0781092 -0.0739672 3.378 4.147 3.21143e-322 0 1.97626e-323 1.6263e-316 
 3.556 5.044 2.6449 9.57005e-321 1.55716e+142 3.381 5.148 3.21143e-322 0.17846 -0.0434604 -0.0438073 3.381 4.148 3.21143e-322 0 1.97626e-323 1.6263e-316 
 3.561 5.051 2.64489 9.57005e-321 1.55716e+142 3.383 5.145 3.21143e-322 0.176559 0.0118275 0.0120574 3.383 4.145 3.21143e-322 0 1.97626e-323 1.6263e-316 
 3.556 5.035 2.645 9.57005e-321 1.55716e+142 3.381 5.145 3.21143e-322 0.181033 -0.0717262 -0.0711964 3.381 4.145 3.21143e-322 0 1.97626e-323 1.6263e-316 
 3.551 5.048 2.64502 9.57005e-321 1.55716e+142 3.389 5.148 3.21143e-322 0.166794 -0.0593474 -0.063959 3.389 4.148 3.21143e-322 0 1.97626e-323 1.6263e-316 
 3.553 5.054 2.645 9.57005e-321 1.55716e+142 3.387 5.141 3.21143e-322 0.164381 0.0144084 0.0157761 3.387 4.141 3.21143e-322 0 1.97626e-323 1.6263e-316 
 3.557 5.043 2.64493 9.57005e-321 1.55716e+142 3.386 5.144 3.21143e-322 0.174116 -0.0398643 -0.0411883 3.386 4.144 3.21143e-322 0 1.97626e-323 1.6263e-316 
 3.553 5.039 2.64501 9.57005e-321 1.55716e+142 3.39 5.149 3.21143e-322 0.17189 -0.104238 -0.108726 3.39 4.149 3.21143e-322 0 1.97626e-323 1.6263e-316 
 3.561 5.044 2.64502 9.57005e-321 1.55716e+142 3.386 5.146 3.21143e-322 0.17761 -0.0341463 -0.0345921 3.386 4.146 3.21143e-322 0 1.97626e-323 1.6263e-316 
 3.571 5.073 2.645 9.57005e-321 1.55716e+142 3.385 5.148 3.21143e-322 0.175088 0.123277 0.126063 3.385 4.148 3.21143e-322 0 1.97626e-323 1.6263e-316 
 3.55 5.026 2.64505 9.57005e-321 1.55716e+142 3.381 5.14 3.21143e-322 0.1782 -0.106605 -0.107268 3.381 4.14 3.21143e-322 0 1.97626e-323 1.6263e-316 
 3.565 5.039 2.64501 9.57005e-321 1.55716e+142 3.388 5.145 3.21143e-322 0.180846 -0.0477205 -0.0474616 3.388 4.145 3.21143e-322 0 1.97626e-323 1.6263e-316 
 3.557 5.038 2.64503 9.57005e-321 1.55716e+142 3.386 5.138 3.21143e-322 0.17369 -0.0352104 -0.0364734 3.386 4.138 3.21143e-322 0 1.97626e-323 1.6263e-316 
 3.557 5.043 2.64507 9.57005e-321 1.55716e+142 3.384 5.147 3.21143e-322 0.176927 -0.0489347 -0.0497437 3.384 4.147 3.21143e-322 0 1.97626e-323 1.6263e-316 
 3.561 5.038 2.64512 9.57005e-321 1.55716e+142 3.386 5.146 3.21143e-322 0.180171 -0.0624964 -0.0623561 3.386 4.146 3.21143e-322 0 1.97626e-323 1.6263e-316 
 3.556 5.052 2.6451 9.57005e-321 1.55716e+142 3.384 5.147 3.21143e-322 0.172349 -0.00873395 -0.00912144 3.384 4.147 3.21143e-322 0 1.97626e-323 1.6263e-316 
 3.551 5.036 2.64512 9.57005e-321 1.55716e+142 3.387 5.148 3.21143e-322 0.173524 -0.111026 -0.114664 3.387 4.148 3.21143e-322 0 1.97626e-323 1.6263e-316 
 3.555 5.043 2.64509 9.57005e-321 1.55716e+142 3.381 5.143 3.21143e-322 0.175994 -0.0273599 -0.0279754 3.381 4.143 3.21143e-322 0 1.97626e-323 1.6263e-316 
 3.563 5.057 2.64505 9.57005e-321 1.55716e+142 3.387 5.149 3.21143e-322 0.174184 0.0161007 0.0166368 3.387 4.149 3.21143e-322 0 1.97626e-323 1.6263e-316 
 3.559 5.049 2.64504 9.57005e-321 1.55716e+142 3.383 5.14 3.21143e-322 0.17377 0.0209163 0.0216628 3.383 4.14 3.21143e-322 0 1.97626e-323 1.6263e-316 
 3.576 5.04 2.64512 9.57005e-321 1.55716e+142 3.385 5.152 3.21143e-322 0.194136 -0.0393602 -0.0364781 3.385 4.152 3.21143e-322 0 1.97626e-323 1.6263e-316 
 3.555 5.041 2.64515 9.57005e-321 1.55716e+142 3.384 5.149 3.21143e-322 0.177114 -0.0732195 -0.0742756 3.384 4.149 3.21143e-322 0 1.97626e-323 1.6263e-316 
 3.544 5.035 2.64516 9.57005e-321 1.55716e+142 3.381 5.147 3.21143e-322 0.172764 -0.113822 -0.118038 3.381 4.147 3.21143e-322 0 1.97626e-323 1.6263e-316 
 3.546 5.032 2.64516 9.57005e-321 1.55716e+142 3.388 5.151 3.21143e-322 0.172086 -0.160581 -0.166413 3.388 4.151 3.21143e-322 0 1.97626e-323 1.6263e-316 
 3.559 5.038 2.64519 9.57005e-321 1.55716e+142 3.39 5.148 3.21143e-322 0.176454 -0.088048 -0.0895772 3.39 4.148 3.21143e-322 0 1.97626e-323 1.6263e-316 
 3.565 5.035 2.64526 9.57005e-321 1.55716e+142 3.392 5.15 3.21143e-322 0.181676 -0.100644 -0.0993871 3.392 4.15 3.21143e-322 0 1.97626e-323 1.6263e-316 
 3.556 5.041 2.64528 9.57005e-321 1.55716e+142 3.388 5.142 3.21143e-322 0.171814 -0.048237 -0.0504923 3.388 4.142 3.21143e-322 0 1.97626e-323 1.6263e-316 
 3.565 5.062 2.64525 9.57005e-321 1.55716e+142 3.395 5.146 3.21143e-322 0.16624 0.039222 0.042443 3.395 4.146 3.21143e-322 0 1.97626e-323 1.6263e-316 
 3.571 5.037 2.64521 9.57005e-321 1.55716e+142 3.39 5.143 3.21143e-322 0.183912 -0.0374728 -0.0366592 3.39 4.143 3.21143e-322 0 1.97626e-323 1.6263e-316 
 3.554 5.034 2.64524 9.57005e-321 1.55716e+142 3.395 5.147 3.21143e-322 0.17017 -0.129734 -0.136376 3.395 4.147 3.21143e-322 0 1.97626e-323 1.6263e-316 
 3.544 5.043 2.64523 9.57005e-321 1.55716e+142 3.391 5.148 3.21143e-322 0.162098 -0.108455 -0.119856 3.391 4.148 3.21143e-322 0 1.97626e-323 1.6263e-316 
 3.557 5.042 2.64525 9.57005e-321 1.55716e+142 3.392 5.151 3.21143e-322 0.172972 -0.0942867 -0.0978047 3.392 4.151 3.21143e-322 0 1.97626e-323 1.6263e-316 
 3.546 5.027 2.6453 9.57005e-321 1.55716e+142 3.386 5.146 3.21143e-322 0.173592 -0.155087 -0.159447 3.386 4.146 3.21143e-322 0 1.97626e-323 1.6263e-316 
 3.566 5.042 2.64531 9.57005e-321 1.55716e+142 3.387 5.145 3.21143e-322 0.181104 -0.028725 -0.0285421 3.387 4.145 3.21143e-322 0 1.97626e-323 1.6263e-316 
 3.551 5.039 2.64531 9.57005e-321 1.55716e+142 3.39 5.144 3.21143e-322 0.168185 -0.0863245 -0.0921271 3.39 4.144 3.21143e-322 0 1.97626e-323 1.6263e-316 
 3.569 5.047 2.64528 9.57005e-321 1.55716e+142 3.392 5.147 3.21143e-322 0.1783 -0.0197236 -0.019909 3.392 4.147 3.21143e-322 0 1.97626e-323 1.6263e-316 
 3.546 5.038 2.6453 9.57005e-321 1.55716e+142 3.395 5.149 3.21143e-322 0.163229 -0.142891 -0.156287 3.395 4.149 3.21143e-322 0 1.97626e-323 1.6263e-316 
 3.566 5.049 2.64521 9.57005e-321 1.55716e+142 3.391 5.144 3.21143e-322 0.174661 -0.00103728 -0.00106898 3.391 4.144 3.21143e-322 0 1.97626e-323 1.6263e-316 
 3.564 5.04 2.64521 9.57005e-321 1.55716e+142 3.399 5.151 3.21143e-322 0.173845 -0.103672 -0.106934 3.399 4.151 3.21143e-322 0 1.97626e-323 1.6263e-316 
 3.548 5.045 2.64517 9.57005e-321 1.55716e+142 3.392 5.147 3.21143e-322 0.163074 -0.0855934 -0.094198 3.392 4.147 3.21143e-322 0 1.97626e-323 1.6263e-316 
 3.548 5.037 2.64518 9.57005e-321 1.55716e+142 3.395 5.151 3.21143e-322 0.166078 -0.151307 -0.162543 3.395 4.151 3.21143e-322 0 1.97626e-323 1.6263e-316 
 3.558 5.033 2.64514 9.57005e-321 1.55716e+142 3.39 5.143 3.21143e-322 0.175693 -0.0907022 -0.0926598 3.39 4.143 3.21143e-322 0 1.97626e-323 1.6263e-316 
 3.55 5.048 2.64509 9.57005e-321 1.55716e+142 3.392 5.147 3.21143e-322 0.163305 -0.065516 -0.0720888 3.392 4.147 3.21143e-322 0 1.97626e-323 1.6263e-316 
