 2.504 1.297 0.0250757 4.74303e-322 7.69844e+218 3.11468 0.99379 6.96411e+252 0 0 0 2.358 0.34 6.96411e+252 0 1.08538e-75 3.80985e+180 
 2.487 1.317 0.0250758 4.74303e-322 7.69844e+218 3.11568 0.99379 6.96411e+252 0 0 -nan 2.359 0.34 6.96411e+252 0 1.08538e-75 3.80985e+180 
 2.493 1.312 0.0250754 4.74303e-322 7.69844e+218 3.11868 0.99079 6.96411e+252 0 0 -nan 2.362 0.337 6.96411e+252 0 1.08538e-75 3.80985e+180 
 2.506 1.304 0.0250743 4.74303e-322 7.69844e+218 3.11868 0.98979 6.96411e+252 0 0 -nan 2.362 0.336 6.96411e+252 0 1.08538e-75 3.80985e+180 
 2.499 1.296 0.025074 4.74303e-322 7.69844e+218 3.11768 0.98879 6.96411e+252 0 0 -nan 2.361 0.335 6.96411e+252 0 1.08538e-75 3.80985e+180 
 2.511 1.308 0.0250732 4.74303e-322 7.69844e+218 3.11368 0.99079 6.96411e+252 0 0 -nan 2.357 0.337 6.96411e+252 0 1.08538e-75 3.80985e+180 
 2.495 1.306 0.025072 4.74303e-322 7.69844e+218 3.11068 0.98879 6.96411e+252 0 0 -nan 2.354 0.335 6.96411e+252 0 1.08538e-75 3.80985e+180 
 2.517 1.293 0.0250719 4.74303e-322 7.69844e+218 3.10968 0.99079 6.96411e+252 0 0 -nan 2.353 0.337 6.96411e+252 0 1.08538e-75 3.80985e+180 
 2.504 1.288 0.0250719 4.74303e-322 7.69844e+218 3.10968 0.98979 6.96411e+252 0 0 -nan 2.353 0.336 6.96411e+252 0 1.08538e-75 3.80985e+180 
 2.503 1.286 0.0250721 4.74303e-322 7.69844e+218 3.11068 0.99079 6.96411e+252 0 0 -nan 2.354 0.337 6.96411e+252 0 1.08538e-75 3.80985e+180 
 2.499 1.303 0.0250724 4.74303e-322 7.69844e+218 3.10768 0.99379 6.96411e+252 0 0 -nan 2.351 0.34 6.96411e+252 0 1.08538e-75 3.80985e+180 
 2.519 1.303 0.0250733 4.74303e-322 7.69844e+218 3.10468 0.98679 6.96411e+252 0 0 -nan 2.348 0.333 6.96411e+252 0 1.08538e-75 3.80985e+180 
 2.503 1.315 0.0250752 4.74303e-322 7.69844e+218 3.10368 0.98279 6.96411e+252 0 0 -nan 2.347 0.329 6.96411e+252 0 1.08538e-75 3.80985e+180 
 2.513 1.311 0.0250722 4.74303e-322 7.69844e+218 3.10568 0.98079 6.96411e+252 0 0 -nan 2.349 0.327 6.96411e+252 0 1.08538e-75 3.80985e+180 
 2.514 1.3 0.0250728 4.74303e-322 7.69844e+218 3.11068 0.98879 6.96411e+252 0 0 -nan 2.354 0.335 6.96411e+252 0 1.08538e-75 3.80985e+180 
 2.501 1.325 0.0250733 4.74303e-322 7.69844e+218 3.10468 0.98479 6.96411e+252 0 0 -nan 2.348 0.331 6.96411e+252 0 1.08538e-75 3.80985e+180 
 2.5 1.31 0.0250744 4.74303e-322 7.69844e+218 3.10768 0.98679 6.96411e+252 0 0 -nan 2.351 0.333 6.96411e+252 0 1.08538e-75 3.80985e+180 
 2.502 1.3 0.0250734 4.74303e-322 7.69844e+218 3.10568 0.98479 6.96411e+252 0 0 -nan 2.349 0.331 6.96411e+252 0 1.08538e-75 3.80985e+180 
 2.505 1.296 0.0250727 4.74303e-322 7.69844e+218 3.10968 0.98379 6.96411e+252 0 0 -nan 2.353 0.33 6.96411e+252 0 1.08538e-75 3.80985e+180 
 2.502 1.318 0.0250721 4.74303e-322 7.69844e+218 3.10668 0.98579 6.96411e+252 0 0 -nan 2.35 0.332 6.96411e+252 0 1.08538e-75 3.80985e+180 
 2.488 1.321 0.0250724 4.74303e-322 7.69844e+218 3.11068 0.99379 6.96411e+252 0 0 -nan 2.354 0.34 6.96411e+252 0 1.08538e-75 3.80985e+180 
 2.508 1.299 0.0250712 4.74303e-322 7.69844e+218 3.11168 0.98779 6.96411e+252 0 0 -nan 2.355 0.334 6.96411e+252 0 1.08538e-75 3.80985e+180 
 2.519 1.301 0.0250712 4.74303e-322 7.69844e+218 3.10968 0.99379 6.96411e+252 0 0 -nan 2.353 0.34 6.96411e+252 0 1.08538e-75 3.80985e+180 
 2.516 1.307 0.0250707 4.74303e-322 7.69844e+218 3.10368 0.99379 6.96411e+252 0 0 -nan 2.347 0.34 6.96411e+252 0 1.08538e-75 3.80985e+180 
 2.517 1.315 0.0250702 4.74303e-322 7.69844e+218 3.09568 0.99079 6.96411e+252 0 0 -nan 2.339 0.337 6.96411e+252 0 1.08538e-75 3.80985e+180 
 2.51 1.303 0.0250701 4.74303e-322 7.69844e+218 3.09168 0.98479 6.96411e+252 0 0 -nan 2.335 0.331 6.96411e+252 0 1.08538e-75 3.80985e+180 
 2.514 1.295 0.0250704 4.74303e-322 7.69844e+218 3.09268 0.98179 6.96411e+252 0 0 -nan 2.336 0.328 6.96411e+252 0 1.08538e-75 3.80985e+180 
 2.507 1.312 0.0250714 4.74303e-322 7.69844e+218 3.09368 0.97979 6.96411e+252 0 0 -nan 2.337 0.326 6.96411e+252 0 1.08538e-75 3.80985e+180 
 2.501 1.306 0.0250715 4.74303e-322 7.69844e+218 3.09768 0.97779 6.96411e+252 0 0 -nan 2.341 0.324 6.96411e+252 0 1.08538e-75 3.80985e+180 
 2.492 1.311 0.0250701 4.74303e-322 7.69844e+218 3.10268 0.97979 6.96411e+252 0 0 -nan 2.346 0.326 6.96411e+252 0 1.08538e-75 3.80985e+180 
 2.509 1.334 0.0250707 4.74303e-322 7.69844e+218 3.10168 0.98379 6.96411e+252 0 0 -nan 2.345 0.33 6.96411e+252 0 1.08538e-75 3.80985e+180 
 2.514 1.288 0.0250713 4.74303e-322 7.69844e+218 3.10368 0.99079 6.96411e+252 0 0 -nan 2.347 0.337 6.96411e+252 0 1.08538e-75 3.80985e+180 
 2.523 1.294 0.0250716 4.74303e-322 7.69844e+218 3.10668 0.98679 6.96411e+252 0 0 -nan 2.35 0.333 6.96411e+252 0 1.08538e-75 3.80985e+180 
 2.505 1.309 0.0250719 4.74303e-322 7.69844e+218 3.11168 0.98879 6.96411e+252 0 0 -nan 2.355 0.335 6.96411e+252 0 1.08538e-75 3.80985e+180 
 2.508 1.313 0.0250724 4.74303e-322 7.69844e+218 3.10868 0.98979 6.96411e+252 0 0 -nan 2.352 0.336 6.96411e+252 0 1.08538e-75 3.80985e+180 
 2.504 1.328 0.0250724 4.74303e-322 7.69844e+218 3.10268 0.98979 6.96411e+252 0 0 -nan 2.346 0.336 6.96411e+252 0 1.08538e-75 3.80985e+180 
 2.502 1.32 0.0250732 4.74303e-322 7.69844e+218 3.10368 0.99479 6.96411e+252 0 0 -nan 2.347 0.341 6.96411e+252 0 1.08538e-75 3.80985e+180 
 2.505 1.311 0.025073 4.74303e-322 7.69844e+218 3.10768 0.98579 6.96411e+252 0 0 -nan 2.351 0.332 6.96411e+252 0 1.08538e-75 3.80985e+180 
 2.514 1.292 0.0250734 4.74303e-322 7.69844e+218 3.10668 0.98679 6.96411e+252 0 0 -nan 2.35 0.333 6.96411e+252 0 1.08538e-75 3.80985e+180 
