 0.708 0.519 0 6.93396e-310 6.52168e-38 0.697 0.6243 0.245 0 0 0 3.21143e-322 1.67047e-316 1.6705e-316 9.30226e+242 3.77675e+209 4.26137e+257 
 0.717 0.536 0 6.93396e-310 6.52168e-38 0.697 0.6243 0.245 0.295364 1.11674 0.523599 3.21143e-322 1.67047e-316 1.6705e-316 9.30226e+242 3.77675e+209 4.26137e+257 
 0.715 0.531 0 6.93396e-310 6.52168e-38 0.6776 0.6194 0.245 0.280657 1.13826 0.523599 3.21143e-322 1.67047e-316 1.6705e-316 9.30226e+242 3.77675e+209 4.26137e+257 
 0.717 0.535 0 6.93396e-310 6.52168e-38 0.697 0.6243 0.245 0.295807 1.12175 0.523599 3.21143e-322 1.67047e-316 1.6705e-316 9.30226e+242 3.77675e+209 4.26137e+257 
 0.692 0.526 0 6.93396e-310 6.52168e-38 0.697 0.6243 0.245 0.332156 1.17118 0.523599 3.21143e-322 1.67047e-316 1.6705e-316 9.30226e+242 3.77675e+209 4.26137e+257 
 0.704 0.525 0 6.93396e-310 6.52168e-38 0.697 0.6243 0.245 0.317116 1.174 0.523599 3.21143e-322 1.67047e-316 1.6705e-316 9.30226e+242 3.77675e+209 4.26137e+257 
 0.699 0.54 0 6.93396e-310 6.52168e-38 0.6776 0.6194 0.245 0.297259 1.09846 0.523599 3.21143e-322 1.67047e-316 1.6705e-316 9.30226e+242 3.77675e+209 4.26137e+257 
 0.701 0.522 0 6.93396e-310 6.52168e-38 0.6776 0.6194 0.245 0.302883 1.18747 0.523599 3.21143e-322 1.67047e-316 1.6705e-316 9.30226e+242 3.77675e+209 4.26137e+257 
 0.701 0.518 0 6.93396e-310 6.52168e-38 0.6776 0.6194 0.245 0.304747 1.20684 0.523599 3.21143e-322 1.67047e-316 1.6705e-316 9.30226e+242 3.77675e+209 4.26137e+257 
 0.706 0.518 0 6.93396e-310 6.52168e-38 0.6776 0.6194 0.245 0.298256 1.20551 0.523599 3.21143e-322 1.67047e-316 1.6705e-316 9.30226e+242 3.77675e+209 4.26137e+257 
 0.711 0.523 0 6.93396e-310 6.52168e-38 0.6776 0.6194 0.245 0.28946 1.17958 0.523599 3.21143e-322 1.67047e-316 1.6705e-316 9.30226e+242 3.77675e+209 4.26137e+257 
 0.696 0.522 0 6.93396e-310 6.52168e-38 0.6776 0.6194 0.245 0.309358 1.18877 0.523599 3.21143e-322 1.67047e-316 1.6705e-316 9.30226e+242 3.77675e+209 4.26137e+257 
 0.699 0.506 0 6.93396e-310 6.52168e-38 0.6776 0.6194 0.245 0.313028 1.26408 0.523599 3.21143e-322 1.67047e-316 1.6705e-316 9.30226e+242 3.77675e+209 4.26137e+257 
 0.703 0.519 0 6.93396e-310 6.52168e-38 0.6776 0.6194 0.245 0.301685 1.20149 0.523599 3.21143e-322 1.67047e-316 1.6705e-316 9.30226e+242 3.77675e+209 4.26137e+257 
 0.708 0.519 0 6.93396e-310 6.52168e-38 0.6776 0.6194 0.245 0.295195 1.20009 0.523599 3.21143e-322 1.67047e-316 1.6705e-316 9.30226e+242 3.77675e+209 4.26137e+257 
 0.706 0.527 0 6.93396e-310 6.52168e-38 0.6776 0.6194 0.245 0.294108 1.16142 0.523599 3.21143e-322 1.67047e-316 1.6705e-316 9.30226e+242 3.77675e+209 4.26137e+257 
 0.702 0.54 0 6.93396e-310 6.52168e-38 0.6776 0.6194 0.245 0.293401 1.09739 0.523599 3.21143e-322 1.67047e-316 1.6705e-316 9.30226e+242 3.77675e+209 4.26137e+257 
 0.7 0.535 0 6.93396e-310 6.52168e-38 0.6776 0.6194 0.245 0.29822 1.12341 0.523599 3.21143e-322 1.67047e-316 1.6705e-316 9.30226e+242 3.77675e+209 4.26137e+257 
 0.698 0.524 0 6.93396e-310 6.52168e-38 0.6776 0.6194 0.245 0.30584 1.17853 0.523599 3.21143e-322 1.67047e-316 1.6705e-316 9.30226e+242 3.77675e+209 4.26137e+257 
 0.699 0.52 0 6.93396e-310 6.52168e-38 0.6776 0.6194 0.245 0.306406 1.1977 0.523599 3.21143e-322 1.67047e-316 1.6705e-316 9.30226e+242 3.77675e+209 4.26137e+257 
 0.705 0.519 0 6.93396e-310 6.52168e-38 0.6776 0.6194 0.245 0.29909 1.20094 0.523599 3.21143e-322 1.67047e-316 1.6705e-316 9.30226e+242 3.77675e+209 4.26137e+257 
 0.699 0.517 0 6.93396e-310 6.52168e-38 0.6776 0.6194 0.245 0.307811 1.21214 0.523599 3.21143e-322 1.67047e-316 1.6705e-316 9.30226e+242 3.77675e+209 4.26137e+257 
 0.709 0.513 0 6.93396e-310 6.52168e-38 0.6776 0.6194 0.245 0.296688 1.22876 0.523599 3.21143e-322 1.67047e-316 1.6705e-316 9.30226e+242 3.77675e+209 4.26137e+257 
 0.701 0.528 0 6.93396e-310 6.52168e-38 0.6776 0.6194 0.245 0.300116 1.15802 0.523599 3.21143e-322 1.67047e-316 1.6705e-316 9.30226e+242 3.77675e+209 4.26137e+257 
 0.698 0.514 0 6.93396e-310 6.52168e-38 0.6776 0.6194 0.245 0.310523 1.22669 0.523599 3.21143e-322 1.67047e-316 1.6705e-316 9.30226e+242 3.77675e+209 4.26137e+257 
 0.702 0.51 0 6.93396e-310 6.52168e-38 0.6776 0.6194 0.245 0.307215 1.24474 0.523599 3.21143e-322 1.67047e-316 1.6705e-316 9.30226e+242 3.77675e+209 4.26137e+257 
 0.703 0.525 0 6.93396e-310 6.52168e-38 0.6776 0.6194 0.245 0.298907 1.17222 0.523599 3.21143e-322 1.67047e-316 1.6705e-316 9.30226e+242 3.77675e+209 4.26137e+257 
 0.703 0.523 0 6.93396e-310 6.52168e-38 0.6776 0.6194 0.245 0.299829 1.18203 0.523599 3.21143e-322 1.67047e-316 1.6705e-316 9.30226e+242 3.77675e+209 4.26137e+257 
 0.691 0.52 0 6.93396e-310 6.52168e-38 0.6776 0.6194 0.245 0.316768 1.19958 0.523599 3.21143e-322 1.67047e-316 1.6705e-316 9.30226e+242 3.77675e+209 4.26137e+257 
 0.701 0.531 0 6.93396e-310 6.52168e-38 0.6776 0.6194 0.245 0.298745 1.14312 0.523599 3.21143e-322 1.67047e-316 1.6705e-316 9.30226e+242 3.77675e+209 4.26137e+257 
 0.705 0.527 0 6.93396e-310 6.52168e-38 0.6582 0.6146 0.245 0.27593 1.1581 0.523599 3.21143e-322 1.67047e-316 1.6705e-316 9.30226e+242 3.77675e+209 4.26137e+257 
 0.703 0.53 0 6.93396e-310 6.52168e-38 0.6776 0.6194 0.245 0.296618 1.14747 0.523599 3.21143e-322 1.67047e-316 1.6705e-316 9.30226e+242 3.77675e+209 4.26137e+257 
 0.715 0.518 0 6.93396e-310 6.52168e-38 0.6776 0.6194 0.245 0.286561 1.20282 0.523599 3.21143e-322 1.67047e-316 1.6705e-316 9.30226e+242 3.77675e+209 4.26137e+257 
 0.704 0.518 0 6.93396e-310 6.52168e-38 0.6776 0.6194 0.245 0.300853 1.20606 0.523599 3.21143e-322 1.67047e-316 1.6705e-316 9.30226e+242 3.77675e+209 4.26137e+257 
 0.695 0.521 0 6.93396e-310 6.52168e-38 0.697 0.6243 0.245 0.330613 1.19452 0.523599 3.21143e-322 1.67047e-316 1.6705e-316 9.30226e+242 3.77675e+209 4.26137e+257 
 0.691 0.528 0 6.93396e-310 6.52168e-38 0.6776 0.6194 0.245 0.31303 1.16081 0.523599 3.21143e-322 1.67047e-316 1.6705e-316 9.30226e+242 3.77675e+209 4.26137e+257 
 0.698 0.52 0 6.93396e-310 6.52168e-38 0.6776 0.6194 0.245 0.307702 1.19795 0.523599 3.21143e-322 1.67047e-316 1.6705e-316 9.30226e+242 3.77675e+209 4.26137e+257 
 0.723 0.527 0 6.93396e-310 6.52168e-38 0.6776 0.6194 0.245 0.272088 1.15531 0.523599 3.21143e-322 1.67047e-316 1.6705e-316 9.30226e+242 3.77675e+209 4.26137e+257 
 0.711 0.535 0 6.93396e-310 6.52168e-38 0.6776 0.6194 0.245 0.284036 1.11951 0.523599 3.21143e-322 1.67047e-316 1.6705e-316 9.30226e+242 3.77675e+209 4.26137e+257 
 0.698 0.526 0 6.93396e-310 6.52168e-38 0.697 0.6243 0.245 0.32441 1.17025 0.523599 3.21143e-322 1.67047e-316 1.6705e-316 9.30226e+242 3.77675e+209 4.26137e+257 
 0.705 0.522 0 6.93396e-310 6.52168e-38 0.697 0.6243 0.245 0.317205 1.18823 0.523599 3.21143e-322 1.67047e-316 1.6705e-316 9.30226e+242 3.77675e+209 4.26137e+257 
 0.707 0.517 0 6.93396e-310 6.52168e-38 0.6776 0.6194 0.245 0.297423 1.21007 0.523599 3.21143e-322 1.67047e-316 1.6705e-316 9.30226e+242 3.77675e+209 4.26137e+257 
 0.707 0.525 0 6.93396e-310 6.52168e-38 0.6776 0.6194 0.245 0.293728 1.171 0.523599 3.21143e-322 1.67047e-316 1.6705e-316 9.30226e+242 3.77675e+209 4.26137e+257 
 0.693 0.521 0 6.93396e-310 6.52168e-38 0.6776 0.6194 0.245 0.313709 1.19433 0.523599 3.21143e-322 1.67047e-316 1.6705e-316 9.30226e+242 3.77675e+209 4.26137e+257 
 0.708 0.522 0 6.93396e-310 6.52168e-38 0.6776 0.6194 0.245 0.29381 1.18544 0.523599 3.21143e-322 1.67047e-316 1.6705e-316 9.30226e+242 3.77675e+209 4.26137e+257 
 0.708 0.526 0 6.93396e-310 6.52168e-38 0.6776 0.6194 0.245 0.291976 1.16573 0.523599 3.21143e-322 1.67047e-316 1.6705e-316 9.30226e+242 3.77675e+209 4.26137e+257 
 0.706 0.513 0 6.93396e-310 6.52168e-38 0.6776 0.6194 0.245 0.300593 1.22955 0.523599 3.21143e-322 1.67047e-316 1.6705e-316 9.30226e+242 3.77675e+209 4.26137e+257 
 0.686 0.52 0 6.93396e-310 6.52168e-38 0.6776 0.6194 0.245 0.323237 1.20062 0.523599 3.21143e-322 1.67047e-316 1.6705e-316 9.30226e+242 3.77675e+209 4.26137e+257 
 0.705 0.52 0 6.93396e-310 6.52168e-38 0.6776 0.6194 0.245 0.298625 1.19609 0.523599 3.21143e-322 1.67047e-316 1.6705e-316 9.30226e+242 3.77675e+209 4.26137e+257 
 0.712 0.518 0 6.93396e-310 6.52168e-38 0.6582 0.6146 0.245 0.270975 1.20011 0.523599 3.21143e-322 1.67047e-316 1.6705e-316 9.30226e+242 3.77675e+209 4.26137e+257 
 0.698 0.526 0 6.93396e-310 6.52168e-38 0.6776 0.6194 0.245 0.304914 1.16874 0.523599 3.21143e-322 1.67047e-316 1.6705e-316 9.30226e+242 3.77675e+209 4.26137e+257 
 0.701 0.531 0 6.93396e-310 6.52168e-38 0.6776 0.6194 0.245 0.298745 1.14312 0.523599 3.21143e-322 1.67047e-316 1.6705e-316 9.30226e+242 3.77675e+209 4.26137e+257 
 0.691 0.522 0 6.93396e-310 6.52168e-38 0.6776 0.6194 0.245 0.315828 1.18997 0.523599 3.21143e-322 1.67047e-316 1.6705e-316 9.30226e+242 3.77675e+209 4.26137e+257 
 0.693 0.524 0 6.93396e-310 6.52168e-38 0.6776 0.6194 0.245 0.312307 1.17981 0.523599 3.21143e-322 1.67047e-316 1.6705e-316 9.30226e+242 3.77675e+209 4.26137e+257 
 0.703 0.524 0 6.93396e-310 6.52168e-38 0.6582 0.6146 0.245 0.279897 1.17402 0.523599 3.21143e-322 1.67047e-316 1.6705e-316 9.30226e+242 3.77675e+209 4.26137e+257 
