 0.75 0.69 0.01 6.93693e-310 6.52168e-38 0.7746 0.6437 1.32515 0 0 0 3.21143e-322 1.88194e-316 1.88198e-316 9.30226e+242 3.77675e+209 4.26137e+257 
 0.738 0.702 0.01 6.93693e-310 6.52168e-38 0.7552 0.6388 1.32515 0.128401 0.953182 0.523599 3.21143e-322 1.88194e-316 1.88198e-316 9.30226e+242 3.77675e+209 4.26137e+257 
 0.748 0.68 0.0197305 6.93693e-310 6.52168e-38 0.7552 0.6388 1.32515 0.12489 1.07914 0.523599 3.21143e-322 1.88194e-316 1.88198e-316 9.30226e+242 3.77675e+209 4.26137e+257 
 0.747 0.695 0.109648 6.93693e-310 6.52168e-38 0.7552 0.6388 1.32515 0.136911 0.927191 0.523599 3.21143e-322 1.88194e-316 1.88198e-316 9.30226e+242 3.77675e+209 4.26137e+257 
 0.729 0.718 0.213833 6.93693e-310 6.52168e-38 0.7552 0.6388 1.32515 0.164313 0.698423 0.523599 3.21143e-322 1.88194e-316 1.88198e-316 9.30226e+242 3.77675e+209 4.26137e+257 
 0.738 0.717 0.300321 6.93693e-310 6.52168e-38 0.7552 0.6388 1.32515 0.16499 0.640187 0.523599 3.21143e-322 1.88194e-316 1.88198e-316 9.30226e+242 3.77675e+209 4.26137e+257 
 0.719 0.719 0.367142 6.93693e-310 6.52168e-38 0.7552 0.6388 1.32515 0.193733 0.535956 0.462019 3.21143e-322 1.88194e-316 1.88198e-316 9.30226e+242 3.77675e+209 4.26137e+257 
 0.697 0.719 0.427917 6.93693e-310 6.52168e-38 0.7552 0.6388 1.32515 0.225169 0.428708 0.330165 3.21143e-322 1.88194e-316 1.88198e-316 9.30226e+242 3.77675e+209 4.26137e+257 
 0.666 0.734 0.478412 6.93693e-310 6.52168e-38 0.7358 0.634 1.32515 0.235329 0.264418 0.199558 3.21143e-322 1.88194e-316 1.88198e-316 9.30226e+242 3.77675e+209 4.26137e+257 
 0.635 0.734 0.516199 6.93693e-310 6.52168e-38 0.7164 0.6291 1.32515 0.25379 0.184982 0.130453 3.21143e-322 1.88194e-316 1.88198e-316 9.30226e+242 3.77675e+209 4.26137e+257 
 0.62 0.761 0.539201 6.93693e-310 6.52168e-38 0.697 0.6243 1.32515 0.232897 0.0356482 0.0275446 3.21143e-322 1.88194e-316 1.88198e-316 9.30226e+242 3.77675e+209 4.26137e+257 
 0.614 0.753 0.5509 6.93693e-310 6.52168e-38 0.6582 0.6146 1.32515 0.208234 0.116391 0.100273 3.21143e-322 1.88194e-316 1.88198e-316 9.30226e+242 3.77675e+209 4.26137e+257 
 0.621 0.728 0.555948 6.93693e-310 6.52168e-38 0.6582 0.6146 1.32515 0.220096 0.242127 0.195488 3.21143e-322 1.88194e-316 1.88198e-316 9.30226e+242 3.77675e+209 4.26137e+257 
 0.592 0.774 0.570866 6.93693e-310 6.52168e-38 0.6582 0.6146 1.32515 0.21728 -0.049687 -0.0411386 3.21143e-322 1.88194e-316 1.88198e-316 9.30226e+242 3.77675e+209 4.26137e+257 
 0.565 0.793 0.594385 6.93693e-310 6.52168e-38 0.6582 0.6146 1.32515 0.232646 -0.21632 -0.165831 3.21143e-322 1.88194e-316 1.88198e-316 9.30226e+242 3.77675e+209 4.26137e+257 
 0.568 0.818 0.586228 6.93693e-310 6.52168e-38 0.6388 0.6097 1.32515 0.191632 -0.275699 -0.253397 3.21143e-322 1.88194e-316 1.88198e-316 9.30226e+242 3.77675e+209 4.26137e+257 
 0.559 0.85 0.563692 6.93693e-310 6.52168e-38 0.6194 0.6049 1.32515 0.160402 -0.378958 -0.40209 3.21143e-322 1.88194e-316 1.88198e-316 9.30226e+242 3.77675e+209 4.26137e+257 
 0.533 0.882 0.535505 6.93693e-310 6.52168e-38 0.6194 0.6049 1.32515 0.169871 -0.534147 -0.515041 3.21143e-322 1.88194e-316 1.88198e-316 9.30226e+242 3.77675e+209 4.26137e+257 
 0.536 0.892 0.496692 6.93693e-310 6.52168e-38 0.6194 0.6049 1.32515 0.164024 -0.540836 -0.523599 3.21143e-322 1.88194e-316 1.88198e-316 9.30226e+242 3.77675e+209 4.26137e+257 
 0.571 0.9 0.459617 6.93693e-310 6.52168e-38 0.6 0.6 1.32515 0.103785 -0.483193 -0.523599 3.21143e-322 1.88194e-316 1.88198e-316 9.30226e+242 3.77675e+209 4.26137e+257 
 0.565 0.9 0.391295 6.93693e-310 6.52168e-38 0.6 0.6 1.32515 0.116654 -0.454919 -0.523599 3.21143e-322 1.88194e-316 1.88198e-316 9.30226e+242 3.77675e+209 4.26137e+257 
 0.561 0.93 0.344307 6.93693e-310 6.52168e-38 0.6388 0.6097 1.32515 0.153185 -0.58238 -0.523599 3.21143e-322 1.88194e-316 1.88198e-316 9.30226e+242 3.77675e+209 4.26137e+257 
 0.555 0.986 0.307039 6.93693e-310 6.52168e-38 0.6388 0.6097 1.32515 0.146006 -0.782174 -0.523599 3.21143e-322 1.88194e-316 1.88198e-316 9.30226e+242 3.77675e+209 4.26137e+257 
 0.57 1.022 0.239891 6.93693e-310 6.52168e-38 0.6388 0.6097 1.32515 0.133099 -0.866439 -0.523599 3.21143e-322 1.88194e-316 1.88198e-316 9.30226e+242 3.77675e+209 4.26137e+257 
 0.583 1.058 0.176506 6.93693e-310 6.52168e-38 0.6582 0.6146 1.32515 0.147771 -0.943349 -0.523599 3.21143e-322 1.88194e-316 1.88198e-316 9.30226e+242 3.77675e+209 4.26137e+257 
 0.575 1.054 0.079897 6.93693e-310 6.52168e-38 0.6776 0.6194 1.32515 0.197125 -0.862183 -0.523599 3.21143e-322 1.88194e-316 1.88198e-316 9.30226e+242 3.77675e+209 4.26137e+257 
 0.531 1.013 0.00477838 6.93693e-310 6.52168e-38 0.697 0.6243 1.32515 0.27246 -0.60171 -0.378365 3.21143e-322 1.88194e-316 1.88198e-316 9.30226e+242 3.77675e+209 4.26137e+257 
 0.455 0.972 -0.113728 6.93693e-310 6.52168e-38 0.6776 0.6194 1.32515 0.337254 -0.234907 -0.124724 3.21143e-322 1.88194e-316 1.88198e-316 9.30226e+242 3.77675e+209 4.26137e+257 
 0.447 0.972 -0.154654 6.93693e-310 6.52168e-38 0.6388 0.6097 1.32515 0.310319 -0.231048 -0.133225 3.21143e-322 1.88194e-316 1.88198e-316 9.30226e+242 3.77675e+209 4.26137e+257 
 0.48 1.01 -0.177398 6.93693e-310 6.52168e-38 0.6 0.6 1.32515 0.252244 -0.484564 -0.332913 3.21143e-322 1.88194e-316 1.88198e-316 9.30226e+242 3.77675e+209 4.26137e+257 
 0.457 1.046 -0.197802 6.93693e-310 6.52168e-38 0.6 0.6 1.32515 0.286673 -0.568773 -0.343011 3.21143e-322 1.88194e-316 1.88198e-316 9.30226e+242 3.77675e+209 4.26137e+257 
 0.486 1.097 -0.251632 6.93693e-310 6.52168e-38 0.6 0.6 1.32515 0.285527 -0.734643 -0.433719 3.21143e-322 1.88194e-316 1.88198e-316 9.30226e+242 3.77675e+209 4.26137e+257 
 0.488 1.135 -0.301412 6.93693e-310 6.52168e-38 0.6 0.6 1.32515 0.30939 -0.800093 -0.435657 3.21143e-322 1.88194e-316 1.88198e-316 9.30226e+242 3.77675e+209 4.26137e+257 
 0.501 1.161 -0.384095 6.93693e-310 6.52168e-38 0.6194 0.6049 1.32515 0.341894 -0.771343 -0.385751 3.21143e-322 1.88194e-316 1.88198e-316 9.30226e+242 3.77675e+209 4.26137e+257 
 0.494 1.209 -0.448397 6.93693e-310 6.52168e-38 0.6194 0.6049 1.32515 0.388451 -0.801174 -0.355476 3.21143e-322 1.88194e-316 1.88198e-316 9.30226e+242 3.77675e+209 4.26137e+257 
 0.539 1.25 -0.557037 6.93693e-310 6.52168e-38 0.6388 0.6097 1.32515 0.41624 -0.805073 -0.335024 3.21143e-322 1.88194e-316 1.88198e-316 9.30226e+242 3.77675e+209 4.26137e+257 
 0.544 1.288 -0.629596 6.93693e-310 6.52168e-38 0.6388 0.6097 1.32515 0.456182 -0.79491 -0.303937 3.21143e-322 1.88194e-316 1.88198e-316 9.30226e+242 3.77675e+209 4.26137e+257 
 0.54 1.288 -0.717836 6.93693e-310 6.52168e-38 0.697 0.6243 1.32515 0.502473 -0.550119 -0.194575 3.21143e-322 1.88194e-316 1.88198e-316 9.30226e+242 3.77675e+209 4.26137e+257 
 0.547 1.345 -0.778929 6.93693e-310 6.52168e-38 0.7164 0.6291 1.32515 0.561989 -0.525467 -0.16674 3.21143e-322 1.88194e-316 1.88198e-316 9.30226e+242 3.77675e+209 4.26137e+257 
 0.57 1.382 -0.827954 6.93693e-310 6.52168e-38 0.697 0.6243 1.32515 0.58007 -0.596464 -0.183016 3.21143e-322 1.88194e-316 1.88198e-316 9.30226e+242 3.77675e+209 4.26137e+257 
 0.597 1.441 -0.878349 6.93693e-310 6.52168e-38 0.7358 0.634 1.32515 0.638641 -0.559165 -0.156314 3.21143e-322 1.88194e-316 1.88198e-316 9.30226e+242 3.77675e+209 4.26137e+257 
 0.642 1.47 -0.93106 6.93693e-310 6.52168e-38 0.7552 0.6388 1.32515 0.656225 -0.558787 -0.15209 3.21143e-322 1.88194e-316 1.88198e-316 9.30226e+242 3.77675e+209 4.26137e+257 
 0.684 1.491 -0.987554 6.93693e-310 6.52168e-38 0.794 0.6485 1.32515 0.674033 -0.495642 -0.131596 3.21143e-322 1.88194e-316 1.88198e-316 9.30226e+242 3.77675e+209 4.26137e+257 
 0.735 1.548 -1.05953 6.93693e-310 6.52168e-38 0.8522 0.6631 1.32515 0.726731 -0.408607 -0.100862 3.21143e-322 1.88194e-316 1.88198e-316 9.30226e+242 3.77675e+209 4.26137e+257 
 0.789 1.584 -1.10808 6.93693e-310 6.52168e-38 0.891 0.6728 1.32515 0.752003 -0.383144 -0.0914539 3.21143e-322 1.88194e-316 1.88198e-316 9.30226e+242 3.77675e+209 4.26137e+257 
 0.841 1.606 -1.14466 6.93693e-310 6.52168e-38 0.9493 0.6873 1.32515 0.765381 -0.320211 -0.0751645 3.21143e-322 1.88194e-316 1.88198e-316 9.30226e+242 3.77675e+209 4.26137e+257 
 0.934 1.608 -1.18175 6.93693e-310 6.52168e-38 1.0075 0.7019 1.32515 0.745479 -0.327221 -0.0788455 3.21143e-322 1.88194e-316 1.88198e-316 9.30226e+242 3.77675e+209 4.26137e+257 
 1.005 1.631 -1.20732 6.93693e-310 6.52168e-38 1.0657 0.7164 1.32515 0.752635 -0.318771 -0.0760901 3.21143e-322 1.88194e-316 1.88198e-316 9.30226e+242 3.77675e+209 4.26137e+257 
 1.069 1.651 -1.24383 6.93693e-310 6.52168e-38 1.1627 0.7407 1.32515 0.760053 -0.194382 -0.0460021 3.21143e-322 1.88194e-316 1.88198e-316 9.30226e+242 3.77675e+209 4.26137e+257 
 1.129 1.681 -1.27138 6.93693e-310 6.52168e-38 1.2209 0.7552 1.32515 0.776423 -0.163018 -0.0377748 3.21143e-322 1.88194e-316 1.88198e-316 9.30226e+242 3.77675e+209 4.26137e+257 
 1.192 1.719 -1.2915 6.93693e-310 6.52168e-38 1.8078 1.2022 -2.8633 0.717946 0.584515 0.145511 3.21143e-322 1.88194e-316 1.88198e-316 9.30226e+242 3.77675e+209 4.26137e+257 
 1.288 1.704 -1.3031 6.93693e-310 6.52168e-38 1.8078 1.2022 -2.8633 0.66247 0.427399 0.115611 3.21143e-322 1.88194e-316 1.88198e-316 9.30226e+242 3.77675e+209 4.26137e+257 
 1.376 1.712 -1.25013 6.93693e-310 6.52168e-38 1.8078 1.2022 -2.8633 0.63734 0.124805 0.0352333 3.21143e-322 1.88194e-316 1.88198e-316 9.30226e+242 3.77675e+209 4.26137e+257 
 1.443 1.754 -1.21662 6.93693e-310 6.52168e-38 1.8078 1.2022 -2.8633 0.65071 -0.146093 -0.0403903 3.21143e-322 1.88194e-316 1.88198e-316 9.30226e+242 3.77675e+209 4.26137e+257 
 1.49 1.78 -1.20457 6.93693e-310 6.52168e-38 1.8078 1.2022 -2.8633 0.657757 -0.315284 -0.0860666 3.21143e-322 1.88194e-316 1.88198e-316 9.30226e+242 3.77675e+209 4.26137e+257 
 1.555 1.797 -1.21264 6.93693e-310 6.52168e-38 1.8078 1.2022 -2.8633 0.653716 -0.493417 -0.135035 3.21143e-322 1.88194e-316 1.88198e-316 9.30226e+242 3.77675e+209 4.26137e+257 
 1.638 1.791 -1.24108 6.93693e-310 6.52168e-38 1.8078 1.2022 -2.8633 0.629033 -0.682418 -0.192849 3.21143e-322 1.88194e-316 1.88198e-316 9.30226e+242 3.77675e+209 4.26137e+257 
 1.692 1.829 -1.30549 6.93693e-310 6.52168e-38 1.8078 1.2022 -2.8633 0.668049 -0.732967 -0.194982 3.21143e-322 1.88194e-316 1.88198e-316 9.30226e+242 3.77675e+209 4.26137e+257 
 1.756 1.888 -1.37625 6.93693e-310 6.52168e-38 1.8078 1.2022 -2.8633 0.734379 -0.777089 -0.188214 3.21143e-322 1.88194e-316 1.88198e-316 9.30226e+242 3.77675e+209 4.26137e+257 
 1.811 1.882 -1.43424 6.93693e-310 6.52168e-38 1.8654 1.2187 -2.8633 0.722092 -0.663834 -0.163992 3.21143e-322 1.88194e-316 1.88198e-316 9.30226e+242 3.77675e+209 4.26137e+257 
 1.887 1.858 -1.51689 6.93693e-310 6.52168e-38 1.9424 1.2407 -2.8633 0.687058 -0.514658 -0.134025 3.21143e-322 1.88194e-316 1.88198e-316 9.30226e+242 3.77675e+209 4.26137e+257 
 1.956 1.838 -1.5704 6.93693e-310 6.52168e-38 1.9808 1.2517 -2.8633 0.662935 -0.515984 -0.139194 3.21143e-322 1.88194e-316 1.88198e-316 9.30226e+242 3.77675e+209 4.26137e+257 
 2.021 1.846 -1.62939 6.93693e-310 6.52168e-38 2.0578 1.2736 -2.8633 0.654532 -0.371739 -0.101876 3.21143e-322 1.88194e-316 1.88198e-316 9.30226e+242 3.77675e+209 4.26137e+257 
 2.093 1.836 -1.67013 6.93693e-310 6.52168e-38 2.1154 1.2901 -2.8633 0.632671 -0.352963 -0.100085 3.21143e-322 1.88194e-316 1.88198e-316 9.30226e+242 3.77675e+209 4.26137e+257 
 2.151 1.834 -1.72438 6.93693e-310 6.52168e-38 2.1731 1.3066 -2.8633 0.618341 -0.261249 -0.0759039 3.21143e-322 1.88194e-316 1.88198e-316 9.30226e+242 3.77675e+209 4.26137e+257 
 2.196 1.82 -1.75878 6.93693e-310 6.52168e-38 2.2308 1.3231 -2.8633 0.587296 -0.176194 -0.0539491 3.21143e-322 1.88194e-316 1.88198e-316 9.30226e+242 3.77675e+209 4.26137e+257 
 2.254 1.799 -1.77853 6.93693e-310 6.52168e-38 2.2885 1.3396 -2.8633 0.550181 -0.169834 -0.0555066 3.21143e-322 1.88194e-316 1.88198e-316 9.30226e+242 3.77675e+209 4.26137e+257 
 2.318 1.787 -1.79813 6.93693e-310 6.52168e-38 2.327 1.3506 -2.8633 0.533349 -0.243324 -0.0819355 3.21143e-322 1.88194e-316 1.88198e-316 9.30226e+242 3.77675e+209 4.26137e+257 
 2.389 1.768 -1.81178 6.93693e-310 6.52168e-38 2.3847 1.367 -2.8633 0.501748 -0.304774 -0.108904 3.21143e-322 1.88194e-316 1.88198e-316 9.30226e+242 3.77675e+209 4.26137e+257 
 2.412 1.774 -1.83879 6.93693e-310 6.52168e-38 2.4424 1.3835 -2.8633 0.484306 -0.140679 -0.0522381 3.21143e-322 1.88194e-316 1.88198e-316 9.30226e+242 3.77675e+209 4.26137e+257 
 2.495 1.751 -1.86366 6.93693e-310 6.52168e-38 2.5001 1.4 -2.8633 0.452778 -0.240325 -0.095251 3.21143e-322 1.88194e-316 1.88198e-316 9.30226e+242 3.77675e+209 4.26137e+257 
 2.55 1.717 -1.88623 6.93693e-310 6.52168e-38 2.5193 1.4055 -2.8633 0.426651 -0.400624 -0.167437 3.21143e-322 1.88194e-316 1.88198e-316 9.30226e+242 3.77675e+209 4.26137e+257 
 2.596 1.689 -1.91132 6.93693e-310 6.52168e-38 2.5962 1.4275 -2.8633 0.369038 -0.321266 -0.155435 3.21143e-322 1.88194e-316 1.88198e-316 9.30226e+242 3.77675e+209 4.26137e+257 
 2.615 1.659 -1.95578 6.93693e-310 6.52168e-38 2.6347 1.4385 -2.8633 0.325047 -0.24728 -0.136089 3.21143e-322 1.88194e-316 1.88198e-316 9.30226e+242 3.77675e+209 4.26137e+257 
 2.657 1.653 -1.9807 6.93693e-310 6.52168e-38 2.6731 1.4495 -2.8633 0.311557 -0.261727 -0.150074 3.21143e-322 1.88194e-316 1.88198e-316 9.30226e+242 3.77675e+209 4.26137e+257 
 2.685 1.653 -2.00261 6.93693e-310 6.52168e-38 2.6731 1.4495 -2.8633 0.324823 -0.350849 -0.192027 3.21143e-322 1.88194e-316 1.88198e-316 9.30226e+242 3.77675e+209 4.26137e+257 
 2.717 1.604 -2.03176 6.93693e-310 6.52168e-38 2.7116 1.4605 -2.8633 0.268183 -0.431299 -0.281779 3.21143e-322 1.88194e-316 1.88198e-316 9.30226e+242 3.77675e+209 4.26137e+257 
 2.763 1.585 -2.06076 6.93693e-310 6.52168e-38 2.7308 1.4659 -2.8633 0.262404 -0.581329 -0.379446 3.21143e-322 1.88194e-316 1.88198e-316 9.30226e+242 3.77675e+209 4.26137e+257 
 2.787 1.554 -2.10838 6.93693e-310 6.52168e-38 2.75 1.4714 -2.8633 0.238522 -0.655338 -0.459277 3.21143e-322 1.88194e-316 1.88198e-316 9.30226e+242 3.77675e+209 4.26137e+257 
 2.795 1.54 -2.18747 6.93693e-310 6.52168e-38 2.7885 1.4824 -2.8633 0.207296 -0.514565 -0.420197 3.21143e-322 1.88194e-316 1.88198e-316 9.30226e+242 3.77675e+209 4.26137e+257 
 2.829 1.507 -2.24899 6.93693e-310 6.52168e-38 2.8077 1.4879 -2.8633 0.193126 -0.655165 -0.523599 3.21143e-322 1.88194e-316 1.88198e-316 9.30226e+242 3.77675e+209 4.26137e+257 
 2.849 1.506 -2.29056 6.93693e-310 6.52168e-38 2.8077 1.4879 -2.8633 0.211947 -0.693213 -0.523599 3.21143e-322 1.88194e-316 1.88198e-316 9.30226e+242 3.77675e+209 4.26137e+257 
 2.854 1.509 -2.36163 6.93693e-310 6.52168e-38 2.827 1.4934 -2.8633 0.207167 -0.568783 -0.458993 3.21143e-322 1.88194e-316 1.88198e-316 9.30226e+242 3.77675e+209 4.26137e+257 
 2.835 1.478 -2.42016 6.93693e-310 6.52168e-38 2.8462 1.4989 -2.8633 0.158065 -0.530401 -0.523599 3.21143e-322 1.88194e-316 1.88198e-316 9.30226e+242 3.77675e+209 4.26137e+257 
 2.834 1.451 -2.47589 6.93693e-310 6.52168e-38 2.8654 1.5044 -2.8633 0.126585 -0.563721 -0.523599 3.21143e-322 1.88194e-316 1.88198e-316 9.30226e+242 3.77675e+209 4.26137e+257 
 2.851 1.435 -2.51779 6.93693e-310 6.52168e-38 2.827 1.4934 -2.8633 0.177622 -0.730247 -0.523599 3.21143e-322 1.88194e-316 1.88198e-316 9.30226e+242 3.77675e+209 4.26137e+257 
 2.855 1.417 -2.57824 6.93693e-310 6.52168e-38 2.827 1.4934 -2.8633 0.180455 -0.767157 -0.523599 3.21143e-322 1.88194e-316 1.88198e-316 9.30226e+242 3.77675e+209 4.26137e+257 
 2.87 1.423 -2.64228 6.93693e-310 6.52168e-38 2.827 1.4934 -2.8633 0.205363 -0.705889 -0.523599 3.21143e-322 1.88194e-316 1.88198e-316 9.30226e+242 3.77675e+209 4.26137e+257 
 2.886 1.409 -2.71797 6.93693e-310 6.52168e-38 2.827 1.4934 -2.8633 0.22525 -0.718545 -0.521232 3.21143e-322 1.88194e-316 1.88198e-316 9.30226e+242 3.77675e+209 4.26137e+257 
 2.876 1.375 -2.81725 6.93693e-310 6.52168e-38 2.8462 1.4989 -2.8633 0.198082 -0.757774 -0.523599 3.21143e-322 1.88194e-316 1.88198e-316 9.30226e+242 3.77675e+209 4.26137e+257 
 2.884 1.343 -2.88095 6.93693e-310 6.52168e-38 2.8654 1.5044 -2.8633 0.189783 -0.862577 -0.523599 3.21143e-322 1.88194e-316 1.88198e-316 9.30226e+242 3.77675e+209 4.26137e+257 
 2.885 1.338 -2.9705 6.93693e-310 6.52168e-38 2.8462 1.4989 -2.8633 0.223368 -0.775798 -0.523599 3.21143e-322 1.88194e-316 1.88198e-316 9.30226e+242 3.77675e+209 4.26137e+257 
 2.9 1.325 -3.03922 6.93693e-310 6.52168e-38 2.8462 1.4989 -2.8633 0.247995 -0.757086 -0.502466 3.21143e-322 1.88194e-316 1.88198e-316 9.30226e+242 3.77675e+209 4.26137e+257 
 2.881 1.32 -3.10872 6.93693e-310 6.52168e-38 2.9283 1.1821 1.32515 6.28926e-09 -0.296096 -0.523599 3.21143e-322 1.88194e-316 1.88198e-316 9.30226e+242 3.77675e+209 4.26137e+257 
 2.872 1.294 3.09931 6.93693e-310 6.52168e-38 2.9283 1.1821 1.32515 3.36863e-08 -0.499537 -0.523599 3.21143e-322 1.88194e-316 1.88198e-316 9.30226e+242 3.77675e+209 4.26137e+257 
 2.866 1.277 3.05907 6.93693e-310 6.52168e-38 2.9089 1.1772 1.32515 9.30458e-09 -0.574456 -0.523599 3.21143e-322 1.88194e-316 1.88198e-316 9.30226e+242 3.77675e+209 4.26137e+257 
 2.853 1.282 3.02278 6.93693e-310 6.52168e-38 2.9089 1.1772 1.32515 3.78815e-08 -0.574593 -0.523599 3.21143e-322 1.88194e-316 1.88198e-316 9.30226e+242 3.77675e+209 4.26137e+257 
 2.861 1.283 2.95997 6.93693e-310 6.52168e-38 2.8895 1.1724 1.32515 6.23412e-08 -0.518701 -0.523599 3.21143e-322 1.88194e-316 1.88198e-316 9.30226e+242 3.77675e+209 4.26137e+257 
 2.864 1.3 2.90767 6.93693e-310 6.52168e-38 2.8895 1.1724 1.32515 6.73472e-08 -0.426646 -0.523599 3.21143e-322 1.88194e-316 1.88198e-316 9.30226e+242 3.77675e+209 4.26137e+257 
 2.853 1.311 2.85505 6.93693e-310 6.52168e-38 2.8895 1.1724 1.32515 5.72399e-08 -0.399032 -0.523599 3.21143e-322 1.88194e-316 1.88198e-316 9.30226e+242 3.77675e+209 4.26137e+257 
 2.836 1.31 2.80045 6.93693e-310 6.52168e-38 2.8895 1.1724 1.32515 4.79566e-08 -0.462608 -0.523599 3.21143e-322 1.88194e-316 1.88198e-316 9.30226e+242 3.77675e+209 4.26137e+257 
 2.844 1.298 2.75432 6.93693e-310 6.52168e-38 2.8895 1.1724 1.32515 6.2586e-08 -0.529273 -0.523599 3.21143e-322 1.88194e-316 1.88198e-316 9.30226e+242 3.77675e+209 4.26137e+257 
 2.856 1.279 2.71695 6.93693e-310 6.52168e-38 2.8701 1.1675 1.32515 1.62382e-07 -0.533393 -0.523599 3.21143e-322 1.88194e-316 1.88198e-316 9.30226e+242 3.77675e+209 4.26137e+257 
 2.856 1.296 2.66894 6.93693e-310 6.52168e-38 2.8701 1.1675 1.32515 1.46605e-07 -0.449018 -0.523599 3.21143e-322 1.88194e-316 1.88198e-316 9.30226e+242 3.77675e+209 4.26137e+257 
 2.844 1.308 2.61528 6.93693e-310 6.52168e-38 2.8895 1.1724 1.32515 7.51307e-08 -0.519309 -0.523599 3.21143e-322 1.88194e-316 1.88198e-316 9.30226e+242 3.77675e+209 4.26137e+257 
 2.831 1.3 2.57298 6.93693e-310 6.52168e-38 2.8895 1.1724 1.32515 1.98112e-08 -0.618906 -0.523599 3.21143e-322 1.88194e-316 1.88198e-316 9.30226e+242 3.77675e+209 4.26137e+257 
 2.817 1.307 2.52121 6.93693e-310 6.52168e-38 2.8701 1.1675 1.32515 2.15421e-08 -0.556031 -0.523599 3.21143e-322 1.88194e-316 1.88198e-316 9.30226e+242 3.77675e+209 4.26137e+257 
 2.814 1.313 2.43911 6.93693e-310 6.52168e-38 2.8701 1.1675 1.32515 8.1009e-08 -0.566152 -0.523599 3.21143e-322 1.88194e-316 1.88198e-316 9.30226e+242 3.77675e+209 4.26137e+257 
 2.797 1.324 2.38971 6.93693e-310 6.52168e-38 2.8507 1.1627 1.32515 2.08665e-08 -0.498898 -0.523599 3.21143e-322 1.88194e-316 1.88198e-316 9.30226e+242 3.77675e+209 4.26137e+257 
 2.813 1.319 2.32933 6.93693e-310 6.52168e-38 2.8507 1.1627 1.32515 1.20929e-07 -0.471501 -0.523599 3.21143e-322 1.88194e-316 1.88198e-316 9.30226e+242 3.77675e+209 4.26137e+257 
 2.804 1.328 2.29038 6.93693e-310 6.52168e-38 2.75 1.4714 -2.8633 0.231495 0.613487 0.445095 3.21143e-322 1.88194e-316 1.88198e-316 9.30226e+242 3.77675e+209 4.26137e+257 
 2.769 1.344 2.24793 6.93693e-310 6.52168e-38 2.8507 1.1627 1.32515 1.33574e-08 -0.598142 -0.523599 3.21143e-322 1.88194e-316 1.88198e-316 9.30226e+242 3.77675e+209 4.26137e+257 
 2.763 1.342 2.27597 6.93693e-310 6.52168e-38 2.7693 1.4769 -2.8633 0.181299 0.437546 0.409814 3.21143e-322 1.88194e-316 1.88198e-316 9.30226e+242 3.77675e+209 4.26137e+257 
 2.754 1.327 2.25409 6.93693e-310 6.52168e-38 2.7308 1.4659 -2.8633 0.202289 0.556494 0.459782 3.21143e-322 1.88194e-316 1.88198e-316 9.30226e+242 3.77675e+209 4.26137e+257 
 2.762 1.316 2.28745 6.93693e-310 6.52168e-38 2.7308 1.4659 -2.8633 0.219969 0.510191 0.395491 3.21143e-322 1.88194e-316 1.88198e-316 9.30226e+242 3.77675e+209 4.26137e+257 
 2.75 1.314 2.35625 6.93693e-310 6.52168e-38 2.7116 1.4605 -2.8633 0.229455 0.473031 0.355328 3.21143e-322 1.88194e-316 1.88198e-316 9.30226e+242 3.77675e+209 4.26137e+257 
 2.726 1.297 2.40057 6.93693e-310 6.52168e-38 2.7116 1.4605 -2.8633 0.22735 0.274928 0.214326 3.21143e-322 1.88194e-316 1.88198e-316 9.30226e+242 3.77675e+209 4.26137e+257 
 2.72 1.26 2.4461 6.93693e-310 6.52168e-38 2.7116 1.4605 -2.8633 0.251524 0.0598352 0.0427942 3.21143e-322 1.88194e-316 1.88198e-316 9.30226e+242 3.77675e+209 4.26137e+257 
 2.736 1.253 2.46435 6.93693e-310 6.52168e-38 2.7731 1.1433 1.32515 2.35598e-07 -0.657781 -0.523599 3.21143e-322 1.88194e-316 1.88198e-316 9.30226e+242 3.77675e+209 4.26137e+257 
 2.706 1.239 2.46871 6.93693e-310 6.52168e-38 2.7537 1.1384 1.32515 2.07878e-07 -0.741877 -0.523599 3.21143e-322 1.88194e-316 1.88198e-316 9.30226e+242 3.77675e+209 4.26137e+257 
 2.709 1.23 2.41977 6.93693e-310 6.52168e-38 2.7731 1.1433 1.32515 2.70907e-07 -0.881059 -0.523599 3.21143e-322 1.88194e-316 1.88198e-316 9.30226e+242 3.77675e+209 4.26137e+257 
 2.694 1.243 2.34026 6.93693e-310 6.52168e-38 2.7343 1.1336 1.32515 5.93789e-07 -0.687345 -0.523599 3.21143e-322 1.88194e-316 1.88198e-316 9.30226e+242 3.77675e+209 4.26137e+257 
 2.681 1.262 2.26877 6.93693e-310 6.52168e-38 2.7343 1.1336 1.32515 2.23765e-07 -0.672335 -0.523599 3.21143e-322 1.88194e-316 1.88198e-316 9.30226e+242 3.77675e+209 4.26137e+257 
 2.665 1.242 2.1702 6.93693e-310 6.52168e-38 2.7149 1.1287 1.32515 0.0038626 -0.721775 -0.523599 3.21143e-322 1.88194e-316 1.88198e-316 9.30226e+242 3.77675e+209 4.26137e+257 
 2.657 1.259 2.10985 6.93693e-310 6.52168e-38 2.7149 1.1287 1.32515 7.51652e-07 -0.705275 -0.523599 3.21143e-322 1.88194e-316 1.88198e-316 9.30226e+242 3.77675e+209 4.26137e+257 
 2.651 1.249 2.03095 6.93693e-310 6.52168e-38 2.6955 1.1239 1.32515 0.0136672 -0.649952 -0.523599 3.21143e-322 1.88194e-316 1.88198e-316 9.30226e+242 3.77675e+209 4.26137e+257 
 2.626 1.259 1.97538 6.93693e-310 6.52168e-38 2.6955 1.1239 1.32515 0.00183933 -0.754539 -0.523599 3.21143e-322 1.88194e-316 1.88198e-316 9.30226e+242 3.77675e+209 4.26137e+257 
 2.638 1.26 1.91714 6.93693e-310 6.52168e-38 2.6761 1.119 1.32515 0.0137268 -0.566749 -0.523599 3.21143e-322 1.88194e-316 1.88198e-316 9.30226e+242 3.77675e+209 4.26137e+257 
 2.642 1.243 1.84136 6.93693e-310 6.52168e-38 2.6567 1.1142 1.32515 0.0399415 -0.445632 -0.523599 3.21143e-322 1.88194e-316 1.88198e-316 9.30226e+242 3.77675e+209 4.26137e+257 
 2.659 1.244 1.7771 6.93693e-310 6.52168e-38 2.6761 1.119 1.32515 0.0487744 -0.448614 -0.523599 3.21143e-322 1.88194e-316 1.88198e-316 9.30226e+242 3.77675e+209 4.26137e+257 
 2.66 1.228 1.74068 6.93693e-310 6.52168e-38 2.6761 1.119 1.32515 0.0684708 -0.448655 -0.523599 3.21143e-322 1.88194e-316 1.88198e-316 9.30226e+242 3.77675e+209 4.26137e+257 
 2.666 1.225 1.67864 6.93693e-310 6.52168e-38 2.6955 1.1239 1.32515 0.0809242 -0.507147 -0.523599 3.21143e-322 1.88194e-316 1.88198e-316 9.30226e+242 3.77675e+209 4.26137e+257 
 2.676 1.213 1.63774 6.93693e-310 6.52168e-38 2.6955 1.1239 1.32515 0.0973056 -0.433045 -0.523599 3.21143e-322 1.88194e-316 1.88198e-316 9.30226e+242 3.77675e+209 4.26137e+257 
 2.671 1.23 1.58571 6.93693e-310 6.52168e-38 2.6955 1.1239 1.32515 0.083824 -0.431735 -0.523599 3.21143e-322 1.88194e-316 1.88198e-316 9.30226e+242 3.77675e+209 4.26137e+257 
 2.662 1.238 1.55211 6.93693e-310 6.52168e-38 2.6955 1.1239 1.32515 0.0788763 -0.468801 -0.523599 3.21143e-322 1.88194e-316 1.88198e-316 9.30226e+242 3.77675e+209 4.26137e+257 
 2.643 1.233 1.51337 6.93693e-310 6.52168e-38 2.6955 1.1239 1.32515 0.0899314 -0.558932 -0.523599 3.21143e-322 1.88194e-316 1.88198e-316 9.30226e+242 3.77675e+209 4.26137e+257 
 2.65 1.236 1.46605 6.93693e-310 6.52168e-38 2.6955 1.1239 1.32515 0.090221 -0.495771 -0.523599 3.21143e-322 1.88194e-316 1.88198e-316 9.30226e+242 3.77675e+209 4.26137e+257 
 2.646 1.261 1.41521 6.93693e-310 6.52168e-38 2.6761 1.119 1.32515 0.0607487 -0.406472 -0.523599 3.21143e-322 1.88194e-316 1.88198e-316 9.30226e+242 3.77675e+209 4.26137e+257 
 2.631 1.261 1.36533 6.93693e-310 6.52168e-38 2.6761 1.119 1.32515 0.0687976 -0.472567 -0.523599 3.21143e-322 1.88194e-316 1.88198e-316 9.30226e+242 3.77675e+209 4.26137e+257 
 2.63 1.259 1.30383 6.93693e-310 6.52168e-38 2.6761 1.119 1.32515 0.0763563 -0.450089 -0.523599 3.21143e-322 1.88194e-316 1.88198e-316 9.30226e+242 3.77675e+209 4.26137e+257 
 2.611 1.271 1.26141 6.93693e-310 6.52168e-38 2.6761 1.119 1.32515 0.0761652 -0.551116 -0.523599 3.21143e-322 1.88194e-316 1.88198e-316 9.30226e+242 3.77675e+209 4.26137e+257 
 2.575 1.28 1.20937 6.93693e-310 6.52168e-38 2.6567 1.1142 1.32515 0.0766075 -0.635815 -0.523599 3.21143e-322 1.88194e-316 1.88198e-316 9.30226e+242 3.77675e+209 4.26137e+257 
 2.576 1.297 1.16423 6.93693e-310 6.52168e-38 2.577 1.422 -2.8633 3.34095e-06 1.06126 0.523599 3.21143e-322 1.88194e-316 1.88198e-316 9.30226e+242 3.77675e+209 4.26137e+257 
 2.602 1.309 1.10474 6.93693e-310 6.52168e-38 2.5385 1.411 -2.8633 7.9956e-08 1.41147 0.523599 3.21143e-322 1.88194e-316 1.88198e-316 9.30226e+242 3.77675e+209 4.26137e+257 
 2.586 1.326 1.16099 6.93693e-310 6.52168e-38 2.5385 1.411 -2.8633 7.97727e-08 1.3233 0.523599 3.21143e-322 1.88194e-316 1.88198e-316 9.30226e+242 3.77675e+209 4.26137e+257 
 2.569 1.317 1.31252 6.93693e-310 6.52168e-38 2.577 1.422 -2.8633 0.00835878 0.983721 0.523599 3.21143e-322 1.88194e-316 1.88198e-316 9.30226e+242 3.77675e+209 4.26137e+257 
 2.564 1.299 1.41883 6.93693e-310 6.52168e-38 2.5577 1.4165 -2.8633 0.0405041 1.04596 0.523599 3.21143e-322 1.88194e-316 1.88198e-316 9.30226e+242 3.77675e+209 4.26137e+257 
 2.584 1.292 1.56429 6.93693e-310 6.52168e-38 2.5385 1.411 -2.8633 0.0750013 1.20889 0.523599 3.21143e-322 1.88194e-316 1.88198e-316 9.30226e+242 3.77675e+209 4.26137e+257 
 2.584 1.286 1.62705 6.93693e-310 6.52168e-38 2.5385 1.411 -2.8633 0.0950001 1.17461 0.523599 3.21143e-322 1.88194e-316 1.88198e-316 9.30226e+242 3.77675e+209 4.26137e+257 
 2.575 1.269 1.78201 6.93693e-310 6.52168e-38 2.5577 1.4165 -2.8633 0.140321 0.906297 0.523599 3.21143e-322 1.88194e-316 1.88198e-316 9.30226e+242 3.77675e+209 4.26137e+257 
 2.571 1.246 1.89717 6.93693e-310 6.52168e-38 2.5385 1.411 -2.8633 0.182201 0.849517 0.523599 3.21143e-322 1.88194e-316 1.88198e-316 9.30226e+242 3.77675e+209 4.26137e+257 
 2.559 1.241 1.97518 6.93693e-310 6.52168e-38 2.5385 1.411 -2.8633 0.193309 0.713433 0.523599 3.21143e-322 1.88194e-316 1.88198e-316 9.30226e+242 3.77675e+209 4.26137e+257 
 2.549 1.222 2.05755 6.93693e-310 6.52168e-38 2.5985 1.0996 1.32515 0.0107046 -0.68595 -0.523599 3.21143e-322 1.88194e-316 1.88198e-316 9.30226e+242 3.77675e+209 4.26137e+257 
 2.523 1.231 2.11474 6.93693e-310 6.52168e-38 2.5985 1.0996 1.32515 3.15898e-07 -0.790191 -0.523599 3.21143e-322 1.88194e-316 1.88198e-316 9.30226e+242 3.77675e+209 4.26137e+257 
 2.543 1.212 2.10301 6.93693e-310 6.52168e-38 2.5791 1.0948 1.32515 0.0161547 -0.635067 -0.523599 3.21143e-322 1.88194e-316 1.88198e-316 9.30226e+242 3.77675e+209 4.26137e+257 
 2.516 1.22 2.01432 6.93693e-310 6.52168e-38 2.5597 1.0899 1.32515 0.0112312 -0.630881 -0.523599 3.21143e-322 1.88194e-316 1.88198e-316 9.30226e+242 3.77675e+209 4.26137e+257 
 2.515 1.235 1.95032 6.93693e-310 6.52168e-38 2.5791 1.0948 1.32515 0.00213166 -0.712691 -0.523599 3.21143e-322 1.88194e-316 1.88198e-316 9.30226e+242 3.77675e+209 4.26137e+257 
 2.501 1.244 1.89229 6.93693e-310 6.52168e-38 2.5403 1.0851 1.32515 6.26048e-06 -0.534732 -0.523599 3.21143e-322 1.88194e-316 1.88198e-316 9.30226e+242 3.77675e+209 4.26137e+257 
 2.505 1.246 1.82309 6.93693e-310 6.52168e-38 2.5597 1.0899 1.32515 0.0050405 -0.625237 -0.523599 3.21143e-322 1.88194e-316 1.88198e-316 9.30226e+242 3.77675e+209 4.26137e+257 
 2.5 1.258 1.77413 6.93693e-310 6.52168e-38 2.4616 1.389 -2.8633 0.129286 1.04748 0.523599 3.21143e-322 1.88194e-316 1.88198e-316 9.30226e+242 3.77675e+209 4.26137e+257 
 2.48 1.271 1.71071 6.93693e-310 6.52168e-38 2.4616 1.389 -2.8633 0.0981432 1.0084 0.523599 3.21143e-322 1.88194e-316 1.88198e-316 9.30226e+242 3.77675e+209 4.26137e+257 
 2.481 1.249 1.75847 6.93693e-310 6.52168e-38 2.4616 1.389 -2.8633 0.129366 0.946627 0.523599 3.21143e-322 1.88194e-316 1.88198e-316 9.30226e+242 3.77675e+209 4.26137e+257 
