 -0.069 5.074 0.000730244 0 0 1.63167 4.33366 -0.465077 0 0 0 2.802 3.063 0 0 0 0 
 -0.066 5.076 0.000729384 0 0 1.63467 4.33367 -0.466508 1.16379 -0.670476 -0.226491 2.805 3.061 0 0 0 0 
 -0.061 5.075 0.00065127 0 0 1.64217 4.32866 -0.468589 1.1658 -0.672745 -0.226853 2.815 3.052 0 0 0 0 
 -0.047 5.066 -0.00069789 0 0 1.65017 4.32067 -0.46976 1.16227 -0.671666 -0.227166 2.817 3.045 0 0 0 0 
 -0.033 5.079 -0.00451992 0 0 1.65367 4.33017 -0.475644 1.15706 -0.67166 -0.228153 2.81 3.051 0 0 0 0 
 -0.001 5.083 -0.0260506 0 0 1.67067 4.33367 -0.480907 1.15419 -0.643005 -0.21926 2.812 3.054 0 0 0 0 
 0.034 5.098 -0.0770716 0 0 1.68817 4.34467 -0.489754 1.15801 -0.571313 -0.19484 2.812 3.061 0 0 0 0 
 0.106 5.101 -0.14503 0 0 1.72067 4.34816 -0.503255 1.14914 -0.47584 -0.164143 2.805 3.065 0 0 0 0 
 0.209 5.103 -0.21226 0 0 1.77367 4.34767 -0.524105 1.13101 -0.387891 -0.136333 2.808 3.062 0 0 0 0 
 0.324 5.086 -0.268117 0 0 1.83117 4.33617 -0.543078 1.10247 -0.315305 -0.113905 2.808 3.056 0 0 0 0 
 0.431 5.074 -0.309856 0 0 1.88567 4.32817 -0.562934 1.0742 -0.266128 -0.0987752 2.81 3.052 0 0 0 0 
 0.532 5.048 -0.342959 0 0 1.93417 4.31516 -0.57608 1.04216 -0.224052 -0.0857842 2.806 3.052 0 0 0 0 
 0.627 5.021 -0.371897 0 0 1.98566 4.29967 -0.587146 1.01512 -0.186926 -0.073524 2.814 3.048 0 0 0 0 
 0.744 4.971 -0.393875 0 0 2.04417 4.27617 -0.591871 0.974088 -0.154771 -0.0634701 2.814 3.051 0 0 0 0 
 0.837 4.947 -0.414015 0 0 2.09317 4.26067 -0.608126 0.946436 -0.136598 -0.0576674 2.819 3.044 0 0 0 0 
 0.91 4.912 -0.429761 0 0 2.12767 4.24367 -0.611546 0.919032 -0.113934 -0.0495481 2.815 3.045 0 0 0 0 
 0.98 4.874 -0.443295 0 0 2.15967 4.22417 -0.614295 0.891555 -0.0943579 -0.0423088 2.809 3.044 0 0 0 0 
 1.077 4.839 -0.456246 0 0 2.20417 4.20617 -0.628957 0.855864 -0.0858803 -0.0401158 2.801 3.043 0 0 0 0 
 1.185 4.799 -0.4666 0 0 2.25867 4.18416 -0.644714 0.819221 -0.082055 -0.0400435 2.802 3.039 0 0 0 0 
 1.272 4.758 -0.476848 0 0 2.30517 4.16367 -0.64841 0.789414 -0.0686406 -0.0347665 2.808 3.039 0 0 0 0 
 1.362 4.73 -0.485136 0 0 2.34917 4.14917 -0.667222 0.758546 -0.0701419 -0.0369707 2.806 3.038 0 0 0 0 
 1.458 4.693 -0.486357 0 0 2.39416 4.13316 -0.681218 0.722257 -0.0778215 -0.0430724 2.8 3.043 0 0 0 0 
 1.516 4.669 -0.481832 0 0 2.42517 4.11917 -0.691161 0.703266 -0.0910798 -0.0517576 2.804 3.039 0 0 0 0 
 1.557 4.665 -0.482425 0 0 2.44667 4.11417 -0.712625 0.692293 -0.105014 -0.0606015 2.806 3.033 0 0 0 0 
 1.575 4.67 -0.481962 0 0 2.45617 4.11967 -0.720806 0.687193 -0.111104 -0.0645812 2.807 3.039 0 0 0 0 
 1.582 4.673 -0.48207 0 0 2.46117 4.12216 -0.723834 0.6862 -0.112974 -0.0657601 2.81 3.041 0 0 0 0 
 1.577 4.674 -0.48218 0 0 2.45767 4.12366 -0.721345 0.686911 -0.111142 -0.0646295 2.808 3.043 0 0 0 0 
 1.567 4.678 -0.482119 0 0 2.45117 4.12867 -0.715879 0.688614 -0.107539 -0.0623861 2.805 3.049 0 0 0 0 
 1.56 4.684 -0.4821 0 0 2.44667 4.13517 -0.712382 0.689902 -0.105196 -0.0609163 2.803 3.056 0 0 0 0 
 1.555 4.681 -0.482037 0 0 2.44567 4.13317 -0.706515 0.691897 -0.101265 -0.0584764 2.806 3.055 0 0 0 0 
 1.55 4.686 -0.482085 0 0 2.44516 4.13466 -0.707742 0.69563 -0.102243 -0.058724 2.81 3.053 0 0 0 0 
 1.541 4.677 -0.482078 0 0 2.43967 4.13167 -0.694208 0.69574 -0.0925992 -0.0531876 2.808 3.056 0 0 0 0 
 1.534 4.662 -0.482065 0 0 2.43517 4.12717 -0.674626 0.693847 -0.0782139 -0.0450595 2.806 3.062 0 0 0 0 
 1.531 4.653 -0.482026 0 0 2.43267 4.12217 -0.667714 0.692868 -0.0730779 -0.0421636 2.804 3.061 0 0 0 0 
 1.53 4.668 -0.482081 0 0 2.43267 4.12617 -0.684521 0.696946 -0.0856073 -0.0490933 2.805 3.054 0 0 0 0 
 1.527 4.694 -0.482133 0 0 2.43117 4.13766 -0.706841 0.702453 -0.101864 -0.0579397 2.805 3.051 0 0 0 0 
 1.519 4.702 -0.482045 0 0 2.42517 4.14117 -0.712265 0.705054 -0.105954 -0.0600389 2.801 3.05 0 0 0 0 
 1.518 4.701 -0.482013 0 0 2.42617 4.14067 -0.709385 0.706052 -0.104015 -0.0588594 2.804 3.05 0 0 0 0 
 1.508 4.704 -0.482059 0 0 2.42067 4.14416 -0.704002 0.708502 -0.100234 -0.0565289 2.803 3.054 0 0 0 0 
 1.511 4.715 -0.48207 0 0 2.42167 4.15517 -0.706019 0.707342 -0.101603 -0.0573931 2.802 3.065 0 0 0 0 
 1.508 4.713 -0.482178 0 0 2.42067 4.15616 -0.699097 0.707545 -0.0964985 -0.0545 2.803 3.069 0 0 0 0 
 1.51 4.715 -0.482186 0 0 2.41967 4.15467 -0.707857 0.706927 -0.10272 -0.0580565 2.799 3.064 0 0 0 0 
 1.509 4.704 -0.482175 0 0 2.42067 4.14517 -0.703368 0.707605 -0.0995682 -0.0562253 2.802 3.056 0 0 0 0 
 1.5 4.703 -0.482166 0 0 2.41617 4.14717 -0.694014 0.709256 -0.0929169 -0.0523546 2.802 3.061 0 0 0 0 
 1.509 4.706 -0.482171 0 0 2.42117 4.14916 -0.699595 0.707254 -0.0968529 -0.0547222 2.803 3.062 0 0 0 0 
 1.502 4.703 -0.48226 0 0 2.41867 4.14917 -0.690298 0.70891 -0.0900589 -0.0507718 2.805 3.065 0 0 0 0 
 1.495 4.7 -0.482368 0 0 2.41867 4.14566 -0.684353 0.713138 -0.0857055 -0.0480354 2.812 3.061 0 0 0 0 
 1.494 4.686 -0.482378 0 0 2.41817 4.13367 -0.680704 0.712791 -0.0829768 -0.0465308 2.812 3.051 0 0 0 0 
 1.498 4.683 -0.482404 0 0 2.41817 4.13117 -0.683716 0.710309 -0.0850727 -0.0478708 2.808 3.049 0 0 0 0 
 1.493 4.681 -0.482441 0 0 2.41367 4.13417 -0.675301 0.709009 -0.0787238 -0.0443843 2.804 3.057 0 0 0 0 
 1.495 4.687 -0.48244 0 0 2.41317 4.13716 -0.682437 0.70851 -0.084005 -0.0473908 2.801 3.057 0 0 0 0 
 1.491 4.687 -0.482387 0 0 2.41217 4.14066 -0.674042 0.709139 -0.0778652 -0.0438928 2.803 3.064 0 0 0 0 
 1.492 4.691 -0.482417 0 0 2.41017 4.14617 -0.674484 0.706919 -0.0780726 -0.0441476 2.798 3.071 0 0 0 0 
 1.488 4.692 -0.48246 0 0 2.40717 4.13867 -0.687073 0.710208 -0.0874558 -0.0492167 2.796 3.055 0 0 0 0 
 1.487 4.684 -0.482432 0 0 2.40917 4.13416 -0.678636 0.710835 -0.0812887 -0.0457108 2.801 3.054 0 0 0 0 
 1.49 4.671 -0.482498 0 0 2.41017 4.13167 -0.663963 0.706339 -0.0700121 -0.0396271 2.8 3.062 0 0 0 0 
 1.491 4.676 -0.482484 0 0 2.41267 4.13467 -0.665717 0.707846 -0.0714108 -0.040332 2.804 3.063 0 0 0 0 
 1.491 4.688 -0.482366 0 0 2.41067 4.13817 -0.681006 0.70938 -0.0830898 -0.0468178 2.8 3.058 0 0 0 0 
 1.487 4.704 -0.482382 0 0 2.40767 4.14617 -0.69284 0.712513 -0.0918817 -0.0515361 2.798 3.058 0 0 0 0 
 1.491 4.696 -0.482356 0 0 2.41117 4.14267 -0.68611 0.710785 -0.0869254 -0.048879 2.801 3.059 0 0 0 0 
 1.486 4.69 -0.482325 0 0 2.40516 4.14417 -0.675128 0.707816 -0.0787222 -0.0444581 2.794 3.068 0 0 0 0 
 1.486 4.7 -0.482301 0 0 2.40816 4.14566 -0.685787 0.712264 -0.0868264 -0.0487222 2.8 3.061 0 0 0 0 
 1.483 4.696 -0.482352 0 0 2.40517 4.14517 -0.680221 0.711151 -0.0825961 -0.0464244 2.797 3.064 0 0 0 0 
 1.49 4.696 -0.482407 0 0 2.40817 4.14367 -0.686435 0.709306 -0.0870295 -0.0490393 2.796 3.061 0 0 0 0 
 1.492 4.684 -0.482363 0 0 2.41017 4.13916 -0.674485 0.706917 -0.078152 -0.0441925 2.798 3.064 0 0 0 0 
 1.497 4.687 -0.482364 0 0 2.41367 4.13966 -0.679879 0.706841 -0.0821608 -0.0464612 2.8 3.062 0 0 0 0 
 1.496 4.693 -0.482338 0 0 2.41617 4.13717 -0.690114 0.711583 -0.0899187 -0.0505028 2.806 3.051 0 0 0 0 
 1.489 4.7 -0.482295 0 0 2.41217 4.14266 -0.689614 0.713802 -0.0897061 -0.0502272 2.805 3.055 0 0 0 0 
 1.493 4.708 -0.48232 0 0 2.41767 4.15117 -0.687374 0.714514 -0.0880543 -0.0492548 2.812 3.064 0 0 0 0 
 1.49 4.718 -0.482304 0 0 2.40967 4.15266 -0.705965 0.714332 -0.101542 -0.0567989 2.799 3.057 0 0 0 0 
 1.489 4.704 -0.482338 0 0 2.40917 4.14467 -0.695744 0.712701 -0.0940642 -0.0527441 2.799 3.055 0 0 0 0 
 1.488 4.696 -0.482388 0 0 2.41067 4.13967 -0.688499 0.713195 -0.0887283 -0.0497228 2.803 3.053 0 0 0 0 
 1.491 4.689 -0.482327 0 0 2.41017 4.14017 -0.67989 0.70877 -0.0822965 -0.0464114 2.799 3.061 0 0 0 0 
 1.485 4.687 -0.482332 0 0 2.40617 4.13716 -0.679582 0.710251 -0.0821173 -0.046214 2.797 3.057 0 0 0 0 
 1.488 4.705 -0.482287 0 0 2.40967 4.14466 -0.695886 0.71389 -0.0942922 -0.0527838 2.801 3.054 0 0 0 0 
 1.484 4.689 -0.482284 0 0 2.40717 4.13567 -0.68324 0.712526 -0.0849832 -0.047672 2.8 3.052 0 0 0 0 
 1.481 4.677 -0.482278 0 0 2.40266 4.13167 -0.671998 0.70911 -0.0764927 -0.0431219 2.794 3.056 0 0 0 0 
 1.479 4.668 -0.482324 0 0 2.40417 4.12517 -0.66485 0.710354 -0.0710714 -0.0399989 2.799 3.052 0 0 0 0 
 1.477 4.676 -0.48234 0 0 2.40267 4.13117 -0.667512 0.711279 -0.0730947 -0.0410829 2.798 3.056 0 0 0 0 
 1.478 4.681 -0.482302 0 0 2.40617 4.13567 -0.666 0.712892 -0.0720588 -0.0404098 2.804 3.06 0 0 0 0 
 1.474 4.683 -0.482233 0 0 2.40067 4.13567 -0.670498 0.712652 -0.0755531 -0.0423814 2.797 3.058 0 0 0 0 
 1.477 4.672 -0.482162 0 0 2.40617 4.13017 -0.659668 0.712363 -0.0674199 -0.037839 2.805 3.058 0 0 0 0 
 1.481 4.671 -0.482081 0 0 2.40916 4.13067 -0.658251 0.711304 -0.0664218 -0.0373348 2.807 3.06 0 0 0 0 
 1.478 4.679 -0.482035 0 0 2.40967 4.13217 -0.665138 0.715398 -0.0718788 -0.0401679 2.811 3.055 0 0 0 0 
 1.479 4.685 -0.482016 0 0 2.40717 4.13766 -0.669115 0.713519 -0.0748594 -0.0419417 2.805 3.06 0 0 0 0 
 1.478 4.709 -0.482056 0 0 2.40217 4.15317 -0.686261 0.713898 -0.0876005 -0.0490436 2.796 3.067 0 0 0 0 
 1.483 4.706 -0.482092 0 0 2.40567 4.14966 -0.688499 0.713187 -0.0891637 -0.049967 2.798 3.063 0 0 0 0 
 1.493 4.693 -0.48204 0 0 2.41167 4.14166 -0.684354 0.709268 -0.0860375 -0.0484839 2.8 3.06 0 0 0 0 
 1.486 4.699 -0.482074 0 0 2.40967 4.14517 -0.683558 0.71297 -0.0855443 -0.0479564 2.803 3.061 0 0 0 0 
 1.487 4.692 -0.482031 0 0 2.40967 4.13867 -0.683717 0.712229 -0.085697 -0.0480918 2.802 3.055 0 0 0 0 
 1.483 4.692 -0.482023 0 0 2.41017 4.13717 -0.681821 0.715321 -0.0844241 -0.0471741 2.807 3.052 0 0 0 0 
 1.486 4.695 -0.481975 0 0 2.41367 4.13667 -0.686887 0.716725 -0.0882936 -0.0492363 2.811 3.048 0 0 0 0 
 1.486 4.696 -0.481988 0 0 2.41367 4.13467 -0.691658 0.717683 -0.0918133 -0.0511275 2.811 3.043 0 0 0 0 
 1.491 4.687 -0.481981 0 0 2.41317 4.13066 -0.688981 0.712893 -0.0896693 -0.0502705 2.805 3.044 0 0 0 0 
 1.494 4.696 -0.481996 0 0 2.41267 4.13867 -0.693987 0.711181 -0.0932283 -0.0523878 2.801 3.051 0 0 0 0 
 1.494 4.703 -0.481914 0 0 2.41367 4.14317 -0.697042 0.712558 -0.0956234 -0.0536275 2.803 3.053 0 0 0 0 
 1.489 4.699 -0.481971 0 0 2.41067 4.14217 -0.690264 0.712762 -0.0906176 -0.0508105 2.802 3.055 0 0 0 0 
 1.492 4.714 -0.482036 0 0 2.41367 4.15217 -0.698304 0.714362 -0.096434 -0.0539449 2.805 3.06 0 0 0 0 
 1.487 4.704 -0.482004 0 0 2.40967 4.14667 -0.690098 0.713503 -0.0904778 -0.0506797 2.802 3.059 0 0 0 0 
 1.492 4.697 -0.482033 0 0 2.41067 4.14667 -0.682757 0.708949 -0.0848574 -0.0478413 2.799 3.066 0 0 0 0 
 1.487 4.677 -0.482047 0 0 2.40917 4.13467 -0.666822 0.708443 -0.0729105 -0.0411433 2.801 3.062 0 0 0 0 
 1.485 4.689 -0.482086 0 0 2.40917 4.13817 -0.678332 0.712306 -0.0816268 -0.045806 2.803 3.057 0 0 0 0 
 1.487 4.687 -0.482148 0 0 2.40867 4.14016 -0.674363 0.709583 -0.0784737 -0.0442077 2.8 3.063 0 0 0 0 
 1.489 4.673 -0.482138 0 0 2.40867 4.13067 -0.669134 0.706991 -0.0744729 -0.0421102 2.798 3.058 0 0 0 0 
 1.491 4.673 -0.482199 0 0 2.41317 4.12866 -0.66996 0.709081 -0.0750769 -0.0423264 2.805 3.054 0 0 0 0 
 1.484 4.692 -0.482086 0 0 2.41217 4.13867 -0.678514 0.715427 -0.0818773 -0.0457462 2.81 3.055 0 0 0 0 
 1.476 4.693 -0.482121 0 0 2.40867 4.14217 -0.670429 0.71725 -0.0758231 -0.0422603 2.811 3.061 0 0 0 0 
 1.48 4.701 -0.482212 0 0 2.41117 4.14417 -0.681202 0.718287 -0.0837966 -0.0466308 2.812 3.057 0 0 0 0 
 1.48 4.694 -0.48217 0 0 2.41067 4.13766 -0.680886 0.717836 -0.0836077 -0.046555 2.811 3.051 0 0 0 0 
 1.476 4.697 -0.482177 0 0 2.40967 4.13717 -0.683565 0.720695 -0.0856922 -0.0475251 2.813 3.047 0 0 0 0 
 1.479 4.705 -0.482159 0 0 2.41267 4.14116 -0.689869 0.72197 -0.0904211 -0.0500551 2.816 3.047 0 0 0 0 
 1.492 4.715 -0.48215 0 0 2.41167 4.15167 -0.702712 0.713686 -0.0994112 -0.0556595 2.801 3.058 0 0 0 0 
 1.496 4.695 -0.482163 0 0 2.41217 4.13917 -0.694014 0.709256 -0.0929209 -0.0523568 2.798 3.053 0 0 0 0 
 1.488 4.679 -0.48221 0 0 2.40717 4.13217 -0.676713 0.708131 -0.0800837 -0.0452058 2.796 3.055 0 0 0 0 
 1.481 4.694 -0.481314 0 0 2.40167 4.14016 -0.686429 0.711206 -0.0887099 -0.0498514 2.792 3.056 0 0 0 0 
 1.476 4.689 -0.483152 0 0 2.40117 4.14067 -0.673457 0.71212 -0.0764061 -0.0428912 2.796 3.062 0 0 0 0 
 1.486 4.655 -0.486101 0 0 2.40516 4.12417 -0.651628 0.703136 -0.0551867 -0.0313843 2.794 3.063 0 0 0 0 
 1.511 4.622 -0.48745 0 0 2.41517 4.10767 -0.639349 0.689201 -0.0433474 -0.0251528 2.789 3.063 0 0 0 0 
 1.55 4.549 -0.488626 0 0 2.43267 4.07266 -0.598961 0.664724 -0.00897968 -0.00540351 2.785 3.066 0 0 0 0 
 1.639 4.513 -0.490979 0 0 2.47617 4.05517 -0.608831 0.632363 -0.0133834 -0.00846543 2.783 3.067 0 0 0 0 
 1.695 4.479 -0.491497 0 0 2.50517 4.03617 -0.608435 0.611896 -0.0121828 -0.00796379 2.785 3.063 0 0 0 0 
 1.718 4.463 -0.491066 0 0 2.51717 4.02366 -0.612751 0.604377 -0.0160803 -0.0106421 2.786 3.054 0 0 0 0 
 1.731 4.461 -0.491008 0 0 2.52916 4.02367 -0.610254 0.603164 -0.0142097 -0.00942317 2.797 3.056 0 0 0 0 
 1.74 4.457 -0.491251 0 0 2.53517 4.01966 -0.613095 0.601415 -0.0160584 -0.01068 2.8 3.052 0 0 0 0 
 1.738 4.459 -0.491175 0 0 2.53817 4.01917 -0.612665 0.605118 -0.0158705 -0.0104904 2.808 3.049 0 0 0 0 
 1.732 4.451 -0.491219 0 0 2.53567 4.01617 -0.600878 0.60559 -0.00658579 -0.00434997 2.809 3.051 0 0 0 0 
 1.726 4.453 -0.491298 0 0 2.53166 4.01467 -0.60497 0.607856 -0.0097123 -0.0063911 2.807 3.046 0 0 0 0 
 1.73 4.45 -0.491277 0 0 2.53317 4.01416 -0.603033 0.605612 -0.00820427 -0.00541878 2.806 3.048 0 0 0 0 
 1.738 4.445 -0.49103 0 0 2.53167 4.01817 -0.596446 0.597243 -0.00331692 -0.00222148 2.795 3.061 0 0 0 0 
 1.732 4.462 -0.491137 0 0 2.52567 4.02816 -0.608467 0.599439 -0.0126083 -0.0084132 2.789 3.064 0 0 0 0 
 1.718 4.474 -0.491172 0 0 2.51867 4.03517 -0.610478 0.605095 -0.0141734 -0.00936913 2.789 3.066 0 0 0 0 
 1.682 4.482 -0.491135 0 0 2.49467 4.04316 -0.599423 0.612099 -0.0055744 -0.00364279 2.777 3.074 0 0 0 0 
 1.649 4.492 -0.490792 0 0 2.47517 4.04917 -0.594023 0.621237 -0.00175361 -0.0011291 2.771 3.076 0 0 0 0 
 1.614 4.497 -0.490378 0 0 2.45616 4.05617 -0.577158 0.629974 0.0114905 0.00729572 2.768 3.085 0 0 0 0 
 1.575 4.504 -0.490233 0 0 2.43567 4.06017 -0.566851 0.641741 0.0200519 0.0124978 2.766 3.086 0 0 0 0 
 1.567 4.517 -0.489621 0 0 2.44017 4.05767 -0.580633 0.653871 0.00764696 0.00467792 2.783 3.068 0 0 0 0 
 1.552 4.577 -0.48917 0 0 2.43917 4.08117 -0.625416 0.673474 -0.0296027 -0.0175803 2.796 3.055 0 0 0 0 
 1.534 4.592 -0.489082 0 0 2.43217 4.08816 -0.628288 0.682408 -0.0321458 -0.0188404 2.8 3.054 0 0 0 0 
 1.518 4.588 -0.488176 0 0 2.42467 4.08716 -0.616402 0.686412 -0.02401 -0.0139907 2.801 3.056 0 0 0 0 
 1.51 4.586 -0.488859 0 0 2.42267 4.09117 -0.602406 0.688039 -0.0115994 -0.00674337 2.805 3.066 0 0 0 0 
 1.504 4.586 -0.488804 0 0 2.41916 4.10666 -0.577577 0.684675 0.00919088 0.00536943 2.804 3.097 0 0 0 0 
 1.507 4.579 -0.48879 0 0 2.42066 4.11517 -0.556296 0.67901 0.0275864 0.0162495 2.804 3.121 0 0 0 0 
 1.509 4.583 -0.488805 0 0 2.42367 4.12717 -0.544179 0.677143 0.0383321 0.0226395 2.808 3.141 0 0 0 0 
 1.511 4.583 -0.488806 0 0 2.42717 4.12917 -0.540298 0.677413 0.0418237 0.0246911 2.813 3.145 0 0 0 0 
 1.508 4.586 -0.48877 0 0 2.42417 4.12667 -0.548079 0.679097 0.0348357 0.0205159 2.81 3.137 0 0 0 0 
 1.502 4.583 -0.488618 0 0 2.41767 4.12017 -0.553417 0.679879 0.0298885 0.0175828 2.803 3.127 0 0 0 0 
 1.504 4.577 -0.457784 0 0 2.41317 4.10267 -0.574856 0.679504 -0.0334847 -0.0197087 2.792 3.098 0 0 0 0 
 1.498 4.577 -0.363879 0 0 2.40917 4.10167 -0.574793 0.677988 -0.169544 -0.0996959 2.79 3.096 0 0 0 0 
 1.494 4.564 -0.260216 0 0 2.40266 4.09217 -0.571582 0.667692 -0.315797 -0.186977 2.781 3.09 0 0 0 0 
 1.496 4.559 -0.158307 0 0 2.40017 4.08767 -0.57428 0.652244 -0.462517 -0.276387 2.774 3.086 0 0 0 0 
 1.492 4.55 -0.0560029 0 0 2.39367 4.08417 -0.568107 0.632644 -0.599574 -0.362352 2.765 3.088 0 0 0 0 
 1.474 4.554 0.0468288 0 0 2.38417 4.08666 -0.563912 0.616356 -0.738787 -0.447076 2.764 3.089 0 0 0 0 
 1.455 4.591 0.148701 0 0 2.37317 4.10617 -0.583298 0.59549 -0.893933 -0.523599 2.761 3.091 0 0 0 0 
 1.44 4.605 0.220704 0 0 2.36267 4.11567 -0.586387 0.576134 -0.991233 -0.523599 2.755 3.096 0 0 0 0 
 1.467 4.643 0.226184 0 0 2.37617 4.13317 -0.628027 0.565332 -1.02727 -0.523599 2.755 3.093 0 0 0 0 
 1.527 4.657 0.226625 0 0 2.40817 4.13967 -0.665369 0.546998 -1.04585 -0.523599 2.759 3.092 0 0 0 0 
 1.576 4.762 0.227523 0 0 2.43417 4.18917 -0.788212 0.531439 -1.12105 -0.523599 2.762 3.086 0 0 0 0 
 1.622 4.697 0.228021 0 0 2.46217 4.15417 -0.754077 0.519809 -1.09224 -0.523599 2.772 3.081 0 0 0 0 
 1.673 4.627 0.228319 0 0 2.48817 4.11616 -0.724018 0.503804 -1.06129 -0.523599 2.773 3.075 0 0 0 0 
 1.712 4.612 0.22884 0 0 2.51517 4.10167 -0.737425 0.495868 -1.0652 -0.523599 2.788 3.061 0 0 0 0 
 1.76 4.615 0.229201 0 0 2.54317 4.10066 -0.770892 0.482769 -1.07733 -0.523599 2.796 3.056 0 0 0 0 
 1.81 4.624 0.229609 0 0 2.56917 4.10367 -0.817639 0.467053 -1.09358 -0.523599 2.798 3.053 0 0 0 0 
 1.876 4.608 0.26037 0 0 2.60317 4.09766 -0.845395 0.435897 -1.12587 -0.523599 2.8 3.057 0 0 0 0 
 1.909 4.624 0.365819 0 0 2.62017 4.10367 -0.897922 0.386079 -1.25632 -0.523599 2.801 3.053 0 0 0 0 
 1.977 4.644 0.488616 0 0 2.65267 4.11667 -0.990188 0.311941 -1.38938 -0.523599 2.798 3.059 0 0 0 0 
 2.032 4.651 0.559558 0 0 2.68517 4.11567 -1.07086 0.264829 -1.46094 -0.523599 2.808 3.05 0 0 0 0 
 2.098 4.669 0.56244 0 0 2.71917 4.12617 -1.19474 0.242249 -1.47333 -0.523599 2.81 3.053 0 0 0 0 
 2.148 4.695 0.562199 0 0 2.74367 4.14067 -1.3426 0.224296 -1.48755 -0.523599 2.809 3.056 0 0 0 0 
 2.197 4.694 0.561441 0 0 2.76567 4.14016 -1.47154 0.207985 -1.48677 -0.523599 2.804 3.056 0 0 0 0 
 2.251 4.734 0.560488 0 0 2.79317 4.16367 -1.75125 0.188684 -1.50613 -0.523599 2.805 3.063 0 0 0 0 
 2.273 4.807 0.560185 0 0 2.80467 4.19617 -2.22798 0.174298 -1.55317 -0.523599 2.806 3.055 0 0 0 0 
 2.308 4.831 0.56087 0 0 2.82417 4.20866 -2.61613 0.162008 -1.56669 -0.523599 2.81 3.056 0 0 0 0 
 2.348 4.864 0.561549 0 0 2.84917 4.21916 -3.42436 0.147808 -1.59178 -0.523599 2.82 3.044 0 0 0 0 
 2.377 4.905 0.56096 0 0 2.85767 4.24217 -5.14966 0.131651 -1.61066 -0.523599 2.808 3.049 0 0 0 0 
 2.421 4.933 0.557253 0 0 2.87967 4.25767 -10.1294 0.117227 -1.62184 -0.523599 2.808 3.052 0 0 0 0 
 2.461 4.949 0.548945 0 0 2.90217 4.25966 -121.013 0.107735 -1.63227 -0.523599 2.813 3.04 0 0 0 0 
 2.521 4.952 0.533582 0 0 2.93066 4.26267 8.90056 0.0957131 -1.62563 -0.523599 2.81 3.043 0 0 0 0 
 2.565 4.982 0.517752 0 0 2.95117 4.27766 3.86586 0.0861786 -1.63454 -0.523599 2.807 3.043 0 0 0 0 
 2.602 5.013 0.500753 0 0 2.97117 4.29417 2.53012 0.0816468 -1.64271 -0.523599 2.81 3.045 0 0 0 0 
 2.652 5.049 0.481347 0 0 2.99616 4.31316 1.56968 0.0730004 -1.65292 -0.523599 2.81 3.047 0 0 0 0 
 2.707 5.06 0.435777 0 0 3.02267 4.32067 1.02849 0.0779372 -1.64127 -0.523599 2.808 3.051 0 0 0 0 
 2.765 5.087 0.348215 0 0 3.04967 4.33816 0.560684 0.101964 -1.61964 -0.523599 2.804 3.059 0 0 0 0 
 2.809 5.117 0.228922 0 0 3.07017 4.35267 0.218331 0.146374 -1.58356 -0.523599 2.801 3.058 0 0 0 0 
 2.875 5.13 0.103142 0 0 3.10217 4.36067 -0.250114 0.18567 -1.5293 -0.523599 2.799 3.061 0 0 0 0 
 2.985 5.143 -0.102116 0 0 3.15817 4.36767 -4.17747 0.245887 -1.42496 -0.523599 2.801 3.062 0 0 0 0 
 3.032 5.138 -0.188423 0 0 3.18367 4.36267 2.36678 0.269587 -1.37335 -0.523599 2.805 3.057 0 0 0 0 
 3.052 5.171 -0.255082 0 0 3.19267 4.37717 0.744143 0.296035 -1.34394 -0.523599 2.803 3.053 0 0 0 0 
 3.062 5.202 -0.262609 0 0 3.19767 4.39167 0.320468 0.301478 -1.35691 -0.523599 2.803 3.051 0 0 0 0 
 3.07 5.219 -0.262952 0 0 3.20067 4.39867 0.00503917 0.301963 -1.37005 -0.523599 2.801 3.048 0 0 0 0 
 3.078 5.234 -0.262828 0 0 3.20617 4.40667 -0.173768 0.302718 -1.37849 -0.523599 2.804 3.049 0 0 0 0 
 3.073 5.24 -0.262804 0 0 3.20467 4.41066 -0.0156377 0.305315 -1.37694 -0.523599 2.806 3.051 0 0 0 0 
 3.069 5.237 -0.26768 0 0 3.20117 4.41216 0.0422631 0.306234 -1.36831 -0.523599 2.803 3.057 0 0 0 0 
 3.068 5.234 -0.343399 0 0 3.20017 4.40967 0.0460534 0.337073 -1.29811 -0.523599 2.802 3.055 0 0 0 0 
 3.085 5.223 -0.453263 0 0 3.20617 4.40517 -0.503668 0.370445 -1.19612 -0.523599 2.797 3.057 0 0 0 0 
 3.098 5.251 -0.570751 0 0 3.21217 4.42216 -1.48065 0.412232 -1.08833 -0.523599 2.796 3.063 0 0 0 0 
 3.125 5.221 -0.686257 0 0 3.22667 4.40667 6.35838 0.435031 -0.964475 -0.523599 2.798 3.062 0 0 0 0 
 3.155 5.189 -0.79685 0 0 3.24417 4.38817 0.474802 0.452343 -0.844014 -0.523599 2.803 3.057 0 0 0 0 
 3.197 5.183 -0.898103 0 0 3.26667 4.38567 2.07178 0.467012 -0.748995 -0.523599 2.806 3.058 0 0 0 0 
 3.217 5.159 -0.989572 0 0 3.27717 4.37116 -0.583503 0.476914 -0.646759 -0.49703 2.807 3.053 0 0 0 0 
 3.24 5.13 -1.06866 0 0 3.28917 4.35567 -0.041753 0.479434 -0.559959 -0.437052 2.808 3.051 0 0 0 0 
 3.282 5.09 -1.1404 0 0 3.31067 4.33617 -2.32969 0.47275 -0.49571 -0.397141 2.809 3.052 0 0 0 0 
 3.325 5.049 -1.20296 0 0 3.33167 4.31566 -0.0710095 0.463794 -0.447939 -0.368663 2.808 3.052 0 0 0 0 
 3.357 5.014 -1.25864 0 0 3.34767 4.29767 4.22748 0.45685 -0.402071 -0.338489 2.808 3.051 0 0 0 0 
 3.392 4.971 -1.30702 0 0 3.36616 4.27717 -6.48913 0.445165 -0.366736 -0.318322 2.81 3.053 0 0 0 0 
 3.411 4.943 -1.35029 0 0 3.37467 4.26366 -0.154286 0.438652 -0.330679 -0.29287 2.808 3.054 0 0 0 0 
 3.435 4.903 -1.38966 0 0 3.38667 4.24016 2.21674 0.430153 -0.303016 -0.274654 2.808 3.047 0 0 0 0 
 3.472 4.843 -1.42501 0 0 3.40616 4.21067 0.182049 0.411739 -0.290755 -0.275293 2.81 3.048 0 0 0 0 
 3.487 4.798 -1.4575 0 0 3.41517 4.18366 -1.19195 0.40196 -0.263796 -0.256718 2.813 3.039 0 0 0 0 
 3.488 4.744 -1.48871 0 0 3.41467 4.16167 -11.4939 0.382765 -0.231302 -0.237168 2.811 3.049 0 0 0 0 
 3.48 4.7 -1.51641 0 0 3.40817 4.14166 12.2405 0.36843 -0.198603 -0.212369 2.806 3.053 0 0 0 0 
 3.481 4.661 -1.5407 0 0 3.40667 4.12316 1.40463 0.356023 -0.178513 -0.197937 2.802 3.055 0 0 0 0 
 3.478 4.622 -1.56115 0 0 3.40916 4.10167 3.29314 0.345217 -0.147487 -0.169257 2.81 3.051 0 0 0 0 
 3.468 4.598 -1.57914 0 0 3.40717 4.08717 -1.65664 0.339365 -0.113755 -0.133285 2.816 3.046 0 0 0 0 
 3.48 4.56 -1.59454 0 0 3.41317 4.06967 1.75679 0.326397 -0.11252 -0.137029 2.816 3.049 0 0 0 0 
 3.494 4.501 -1.60592 0 0 3.41716 4.03916 -0.279393 0.308255 -0.125966 -0.162024 2.81 3.047 0 0 0 0 
 3.489 4.47 -1.61773 0 0 3.41267 4.02416 -0.474061 0.29801 -0.11638 -0.154958 2.806 3.048 0 0 0 0 
 3.484 4.45 -1.63086 0 0 3.41416 4.01216 -0.0136227 0.29273 -0.0918848 -0.124902 2.814 3.044 0 0 0 0 
 3.499 4.406 -1.64255 0 0 3.42017 3.99017 -1.58667 0.279016 -0.104827 -0.149164 2.811 3.044 0 0 0 0 
 3.491 4.368 -1.65176 0 0 3.41617 3.97217 -1.53617 0.265788 -0.0927562 -0.138698 2.811 3.046 0 0 0 0 
 3.468 4.348 -1.66307 0 0 3.40517 3.96217 -0.143706 0.258582 -0.0593279 -0.0915179 2.812 3.046 0 0 0 0 
 3.451 4.338 -1.67222 0 0 3.39567 3.95666 0.696249 0.255189 -0.0362419 -0.056747 2.81 3.045 0 0 0 0 
 3.435 4.334 -1.67747 0 0 3.38517 3.95667 3.448 0.252188 -0.0207367 -0.0328789 2.805 3.049 0 0 0 0 
 3.432 4.312 -1.68131 0 0 3.38616 3.94766 -10.5098 0.243345 -0.0119951 -0.0197144 2.81 3.053 0 0 0 0 
 3.431 4.282 -1.68412 0 0 3.38667 3.93167 -20.8064 0.234021 -0.0100011 -0.0170927 2.812 3.051 0 0 0 0 
 3.394 4.18 -1.69007 0 0 3.37067 3.88016 0.290551 0.199171 0.0292818 0.0587397 2.817 3.05 0 0 0 0 
 3.4 4.128 -1.69244 0 0 3.37067 3.85466 -0.10747 0.182176 0.00965226 0.0211901 2.811 3.051 0 0 0 0 
 3.407 4.095 -1.69232 0 0 3.38117 3.83366 0.826633 0.174004 0.0145118 0.0333473 2.825 3.042 0 0 0 0 
 3.405 4.088 -1.69198 0 0 3.37417 3.83366 -2.40345 0.169795 0.00032854 0.00077397 2.813 3.049 0 0 0 0 
 3.393 4.07 -1.69138 0 0 3.36966 3.82317 2.25354 0.16427 0.0158517 0.0385801 2.816 3.046 0 0 0 0 
 3.393 4.055 -1.69073 0 0 3.37016 3.81817 1.38902 0.157651 0.0138561 0.035142 2.817 3.051 0 0 0 0 
 3.387 4.06 -1.69068 0 0 3.36767 3.82417 -0.386757 0.156725 0.0220537 0.0562269 2.818 3.058 0 0 0 0 
 3.386 4.039 -1.69083 0 0 3.36966 3.81317 3.10162 0.149913 0.026689 0.0710919 2.823 3.057 0 0 0 0 
 3.387 4.03 -1.69029 0 0 3.36767 3.80917 -2.20386 0.146852 0.0176328 0.0479919 2.818 3.058 0 0 0 0 
 3.374 4.036 -1.68968 0 0 3.36117 3.80916 -2.40228 0.150319 0.0348892 0.0925749 2.818 3.052 0 0 0 0 
 3.368 4.028 -1.68866 0 0 3.35867 3.80517 -3.1321 0.14744 0.0418486 0.11305 2.819 3.052 0 0 0 0 
 3.366 4.024 -1.68677 0 0 3.35816 3.80367 -0.153466 0.145705 0.0438594 0.119829 2.82 3.053 0 0 0 0 
 3.348 4.015 -1.6842 0 0 3.34867 3.79966 -0.219362 0.141863 0.0622071 0.173635 2.819 3.054 0 0 0 0 
 3.349 3.977 -1.68141 0 0 3.34717 3.78017 0.492867 0.129864 0.0500903 0.153079 2.815 3.053 0 0 0 0 
 3.35 3.955 -1.67815 0 0 3.34617 3.77116 1.0581 0.121455 0.0403153 0.132002 2.812 3.057 0 0 0 0 
 3.341 3.925 -1.67537 0 0 3.33667 3.76067 0.213156 0.108649 0.0330194 0.12097 2.802 3.066 0 0 0 0 
 3.331 3.919 -1.67251 0 0 3.33267 3.75417 23.446 0.108632 0.0472926 0.172409 2.804 3.059 0 0 0 0 
 3.325 3.913 -1.66965 0 0 3.32767 3.75317 -0.293397 0.105304 0.0475346 0.178636 2.8 3.063 0 0 0 0 
 3.333 3.913 -1.66564 0 0 3.33016 3.75567 -1.74551 0.104011 0.0311976 0.119407 2.797 3.068 0 0 0 0 
 3.325 3.906 -1.66156 0 0 3.32667 3.74917 0.0567432 0.103463 0.0410229 0.157289 2.798 3.062 0 0 0 0 
 3.322 3.896 -1.65841 0 0 3.32567 3.74616 -0.041464 0.098764 0.0435215 0.174472 2.799 3.066 0 0 0 0 
 3.32 3.887 -1.65434 0 0 3.32617 3.74217 -14.423 0.0953781 0.0474923 0.196602 2.802 3.067 0 0 0 0 
 3.319 3.881 -1.6501 0 0 3.33017 3.73517 -0.540232 0.0958618 0.0590635 0.241638 2.811 3.059 0 0 0 0 
 3.319 3.87 -1.64517 0 0 3.32967 3.72866 -0.818353 0.0929723 0.0551963 0.233155 2.81 3.057 0 0 0 0 
 3.325 3.854 -1.63901 0 0 3.33017 3.72267 -0.303706 0.0866453 0.0370661 0.169475 2.805 3.061 0 0 0 0 
 3.324 3.832 -1.6342 0 0 3.33216 3.71417 3.29786 0.0776433 0.0413956 0.210113 2.81 3.066 0 0 0 0 
 3.328 3.809 -1.63079 0 0 3.34067 3.69967 1.01314 0.0719011 0.051173 0.277348 2.823 3.06 0 0 0 0 
 3.324 3.796 -1.62638 0 0 3.33967 3.69067 -0.471979 0.0692178 0.0574373 0.32048 2.825 3.055 0 0 0 0 
 3.324 3.792 -1.62103 0 0 3.34016 3.69167 0.076445 0.0659643 0.0567878 0.331637 2.826 3.061 0 0 0 0 
 3.315 3.801 -1.61508 0 0 3.33917 3.69817 -2.03444 0.0675415 0.0767951 0.42684 2.833 3.065 0 0 0 0 
 3.315 3.804 -1.60881 0 0 3.33467 3.69967 1.48313 0.0687132 0.0631415 0.352237 2.824 3.065 0 0 0 0 
 3.312 3.804 -1.60093 0 0 3.33167 3.69767 1.19959 0.0701522 0.0610365 0.334912 2.821 3.061 0 0 0 0 
 3.306 3.804 -1.59474 0 0 3.33067 3.69817 -2.23024 0.0698772 0.0726138 0.393938 2.825 3.062 0 0 0 0 
 3.312 3.795 -1.58858 0 0 3.32667 3.69617 -0.490843 0.0653734 0.0440472 0.263256 2.811 3.067 0 0 0 0 
 3.317 3.797 -1.58274 0 0 3.32817 3.69417 0.217737 0.068091 0.0331586 0.192381 2.809 3.061 0 0 0 0 
 3.3 3.814 -1.57902 0 0 3.32216 3.69967 2.09169 0.0757573 0.061355 0.313287 2.814 3.055 0 0 0 0 
 3.293 3.809 -1.57508 0 0 3.31366 3.70166 1.91307 0.0711653 0.0563489 0.306726 2.804 3.064 0 0 0 0 
 3.288 3.81 -1.56851 0 0 3.31017 3.71117 -3.86248 0.065632 0.0588327 0.344281 2.802 3.082 0 0 0 0 
 3.293 3.808 -1.56251 0 0 3.31267 3.70617 1.98788 0.0676671 0.0503751 0.28942 2.802 3.074 0 0 0 0 
 3.299 3.797 -1.55673 0 0 3.31967 3.69267 2.85894 0.0694067 0.0512926 0.287421 2.81 3.058 0 0 0 0 
 3.294 3.795 -1.55182 0 0 3.31516 3.69217 6.78552 0.068481 0.0513747 0.291531 2.806 3.059 0 0 0 0 
 3.291 3.777 -1.54667 0 0 3.31167 3.68817 -2.27831 0.0592571 0.0499596 0.325262 2.802 3.069 0 0 0 0 
 3.294 3.76 -1.54124 0 0 3.31516 3.67817 -0.8858 0.0546974 0.0507747 0.355534 2.806 3.066 0 0 0 0 
 3.299 3.747 -1.53633 0 0 3.32167 3.66317 -0.623171 0.0561245 0.0534791 0.364148 2.814 3.049 0 0 0 0 
 3.306 3.741 -1.5315 0 0 3.32417 3.65967 -4.17955 0.054381 0.04054 0.289798 2.812 3.048 0 0 0 0 
 3.31 3.733 -1.52604 0 0 3.32167 3.66367 0.353022 0.0462665 0.0233588 0.19927 2.803 3.064 0 0 0 0 
 3.308 3.734 -1.52258 0 0 3.32067 3.67317 10.958 0.0406952 0.0266845 0.256508 2.803 3.082 0 0 0 0 
 3.307 3.733 -1.52066 0 0 3.32267 3.67317 -0.805421 0.0401586 0.0347417 0.333147 2.808 3.083 0 0 0 0 
 3.313 3.728 -1.51796 0 0 3.32917 3.66566 -0.867476 0.0418542 0.0352458 0.324907 2.815 3.073 0 0 0 0 
 3.316 3.73 -1.51448 0 0 3.32717 3.66617 0.635085 0.0426676 0.0207058 0.191728 2.808 3.072 0 0 0 0 
 3.32 3.72 -1.51176 0 0 3.33067 3.66067 0.876602 0.0396831 0.0196401 0.195442 2.811 3.071 0 0 0 0 
 3.331 3.712 -1.51011 0 0 3.34167 3.65116 0.653778 0.0406827 0.0190992 0.185625 2.822 3.06 0 0 0 0 
 3.334 3.707 -1.50775 0 0 3.34567 3.64817 2.90666 0.0394153 0.021813 0.217852 2.827 3.059 0 0 0 0 
 3.334 3.7 -1.50595 0 0 3.34667 3.64567 -2.22599 0.0364957 0.0251321 0.268787 2.829 3.061 0 0 0 0 
 3.324 3.696 -1.50091 0 0 3.34016 3.65067 0.35047 0.030755 0.0359103 0.436941 2.826 3.075 0 0 0 0 
 3.323 3.676 -1.49421 0 0 3.34516 3.62517 1.134 0.0347838 0.0502713 0.523599 2.837 3.044 0 0 0 0 
 3.322 3.666 -1.49021 0 0 3.34217 3.62466 1.92536 0.0284393 0.0465705 0.523599 2.832 3.053 0 0 0 0 
 3.329 3.662 -1.48533 0 0 3.33767 3.62816 -0.956516 0.0228394 0.0160349 0.273778 2.816 3.064 0 0 0 0 
 3.319 3.672 -1.48138 0 0 3.32917 3.63517 -0.523266 0.024926 0.0190414 0.296556 2.809 3.068 0 0 0 0 
 3.317 3.676 -1.47982 0 0 3.33117 3.63917 0.601049 0.0251882 0.0299673 0.444178 2.815 3.072 0 0 0 0 
 3.308 3.68 -1.47756 0 0 3.32767 3.63917 1.80578 0.0282103 0.0438191 0.523599 2.817 3.068 0 0 0 0 
 3.304 3.682 -1.47525 0 0 3.32317 3.63816 1.1484 0.0301764 0.0412954 0.500835 2.812 3.064 0 0 0 0 
 3.302 3.686 -1.47544 0 0 3.32267 3.63867 1.14065 0.0325855 0.0444363 0.49936 2.813 3.061 0 0 0 0 
 3.302 3.693 -1.47532 0 0 3.32367 3.63967 0.80832 0.036611 0.0454232 0.460667 2.815 3.056 0 0 0 0 
 3.299 3.698 -1.47539 0 0 3.32067 3.64467 0.808329 0.0366102 0.0454336 0.460766 2.812 3.061 0 0 0 0 
 3.295 3.698 -1.47534 0 0 3.31717 3.64317 0.788442 0.0376342 0.0463606 0.45783 2.809 3.058 0 0 0 0 
 3.298 3.694 -1.47538 0 0 3.31817 3.64067 0.541985 0.0365061 0.0413223 0.425157 2.808 3.057 0 0 0 0 
 3.299 3.701 -1.47533 0 0 3.31967 3.64217 0.303332 0.0401663 0.0411027 0.38852 2.81 3.053 0 0 0 0 
 3.293 3.696 -1.47536 0 0 3.31366 3.64167 0.562338 0.0372 0.0424017 0.427776 2.804 3.057 0 0 0 0 
 3.289 3.692 -1.47533 0 0 3.31067 3.64017 0.929797 0.0356222 0.0458601 0.475544 2.802 3.058 0 0 0 0 
 3.291 3.69 -1.47535 0 0 3.31416 3.63717 1.1634 0.0363864 0.0496837 0.499904 2.807 3.054 0 0 0 0 
 3.292 3.693 -1.47535 0 0 3.31817 3.63517 1.34422 0.039894 0.0564172 0.514795 2.814 3.047 0 0 0 0 
 3.294 3.69 -1.47539 0 0 3.31866 3.63017 0.869475 0.0411047 0.0517411 0.466448 2.813 3.04 0 0 0 0 
 3.296 3.687 -1.47533 0 0 3.31867 3.62917 0.669368 0.0396466 0.046854 0.441584 2.811 3.041 0 0 0 0 
 3.294 3.689 -1.47534 0 0 3.31716 3.62766 0.538356 0.041988 0.0472049 0.422603 2.81 3.036 0 0 0 0 
 3.289 3.692 -1.47541 0 0 3.31617 3.62867 1.05068 0.0435885 0.0575243 0.485706 2.813 3.035 0 0 0 0 
 3.297 3.685 -1.47547 0 0 3.31716 3.62867 0.362652 0.0384826 0.0404746 0.398228 2.807 3.042 0 0 0 0 
 3.299 3.687 -1.4755 0 0 3.31817 3.63367 0.374867 0.036436 0.038599 0.400808 2.807 3.05 0 0 0 0 
 3.295 3.687 -1.47553 0 0 3.31367 3.63517 0.38152 0.0354126 0.0376607 0.402204 2.802 3.053 0 0 0 0 
 3.296 3.682 -1.4755 0 0 3.31567 3.63217 0.695071 0.0341633 0.0409753 0.447323 2.805 3.052 0 0 0 0 
 3.291 3.681 -1.47555 0 0 3.31317 3.63117 1.24283 0.0343368 0.0478466 0.508492 2.805 3.051 0 0 0 0 
 3.296 3.67 -1.47561 0 0 3.31717 3.62417 1.47814 0.03163 0.0462711 0.523599 2.808 3.048 0 0 0 0 
 3.297 3.662 -1.47558 0 0 3.31417 3.62217 1.07366 0.0273989 0.0369663 0.494882 2.801 3.052 0 0 0 0 
 3.3 3.666 -1.47556 0 0 3.31366 3.62917 0.478175 0.0251839 0.0281306 0.420192 2.797 3.062 0 0 0 0 
 3.298 3.666 -1.47556 0 0 3.31167 3.63116 0.673026 0.0238653 0.0286941 0.44828 2.795 3.066 0 0 0 0 
 3.296 3.667 -1.47559 0 0 3.31516 3.63167 3.57252 0.0245705 0.0438006 0.523599 2.804 3.066 0 0 0 0 
 3.295 3.672 -1.47558 0 0 3.31817 3.63266 7.81717 0.0274875 0.0536896 0.523599 2.811 3.063 0 0 0 0 
 3.301 3.672 -1.47562 0 0 3.32267 3.63067 2.85305 0.0286991 0.048964 0.523599 2.814 3.059 0 0 0 0 
 3.29 3.693 -1.47568 0 0 3.31866 3.63867 2.97056 0.0377633 0.0643454 0.523599 2.817 3.054 0 0 0 0 
 3.291 3.706 -1.47567 0 0 3.31967 3.64367 1.44986 0.0430339 0.0619501 0.522455 2.818 3.051 0 0 0 0 
 3.292 3.706 -1.47568 0 0 3.32017 3.64467 1.44026 0.0423389 0.0608882 0.522019 2.818 3.053 0 0 0 0 
 3.295 3.705 -1.47563 0 0 3.31767 3.64667 0.637874 0.0399728 0.0467581 0.437639 2.81 3.058 0 0 0 0 
 3.291 3.704 -1.47564 0 0 3.31617 3.64566 1.07928 0.0401486 0.0535872 0.490389 2.811 3.057 0 0 0 0 
 3.3 3.695 -1.47563 0 0 3.32216 3.64017 0.788442 0.0376311 0.046405 0.458243 2.814 3.055 0 0 0 0 
 3.297 3.696 -1.47561 0 0 3.31917 3.63867 0.619833 0.039279 0.0456798 0.435408 2.811 3.051 0 0 0 0 
 3.293 3.701 -1.4757 0 0 3.31667 3.64067 0.67253 0.0413602 0.0489197 0.441904 2.81 3.05 0 0 0 0 
 3.291 3.701 -1.47569 0 0 3.31617 3.63766 0.72121 0.0434428 0.0521335 0.447536 2.811 3.044 0 0 0 0 
 3.299 3.688 -1.47569 0 0 3.32217 3.63217 0.897233 0.0383595 0.048861 0.471223 2.815 3.046 0 0 0 0 
 3.294 3.687 -1.47564 0 0 3.32066 3.63267 1.98391 0.0376197 0.0588685 0.523599 2.817 3.048 0 0 0 0 
 3.297 3.676 -1.47566 0 0 3.32167 3.62717 2.3063 0.0338529 0.0550198 0.523599 2.816 3.048 0 0 0 0 
 3.3 3.673 -1.4756 0 0 3.32666 3.62467 4.0534 0.0336672 0.0606518 0.523599 2.823 3.046 0 0 0 0 
 3.3 3.667 -1.47554 0 0 3.32767 3.61767 4.63494 0.034399 0.0630873 0.523599 2.825 3.038 0 0 0 0 
 3.296 3.672 -1.47554 0 0 3.32167 3.62466 3.5641 0.0329373 0.0581958 0.523599 2.817 3.047 0 0 0 0 
 3.293 3.673 -1.4756 0 0 3.32267 3.62617 125.052 0.0328966 0.0693425 0.523599 2.822 3.049 0 0 0 0 
 3.29 3.669 -1.47562 0 0 3.31817 3.62217 10.83 0.0327869 0.0652253 0.523599 2.816 3.045 0 0 0 0 
 3.291 3.669 -1.47563 0 0 3.31716 3.62367 6.12447 0.0316542 0.0601797 0.523599 2.813 3.048 0 0 0 0 
 3.284 3.672 -1.47557 0 0 3.31566 3.62466 -13.1445 0.0333736 0.0746759 0.523599 2.817 3.047 0 0 0 0 
 3.282 3.677 -1.47555 0 0 3.31217 3.63067 -28.7694 0.0326048 0.0708615 0.523599 2.812 3.054 0 0 0 0 
