 2.482 1.3 0.0250764 2.26236e+271 32.502 3.73369 2.00912 2.26716e+161 0 0 0 3.859 1.017 2.26716e+161 0 2.16677e-27 6.96411e+252 
 2.496 1.312 0.0250747 2.26236e+271 32.502 3.75669 2.02112 2.26716e+161 0 0 -nan 3.882 1.029 2.26716e+161 0 2.16677e-27 6.96411e+252 
 2.51 1.3 0.0250751 2.26236e+271 32.502 3.77369 2.04312 2.26716e+161 0 0 -nan 3.899 1.051 2.26716e+161 0 2.16677e-27 6.96411e+252 
 2.491 1.301 0.0250757 2.26236e+271 32.502 3.79569 2.04812 2.26716e+161 0 0 -nan 3.921 1.056 2.26716e+161 0 2.16677e-27 6.96411e+252 
 2.505 1.304 0.0250775 2.26236e+271 32.502 3.80969 2.05512 2.26716e+161 0 0 -nan 3.935 1.063 2.26716e+161 0 2.16677e-27 6.96411e+252 
 2.489 1.3 0.0250771 2.26236e+271 32.502 3.82769 2.06512 2.26716e+161 0 0 -nan 3.953 1.073 2.26716e+161 0 2.16677e-27 6.96411e+252 
 2.501 1.311 0.0250758 2.26236e+271 32.502 3.84569 2.08412 2.26716e+161 0 0 -nan 3.971 1.092 2.26716e+161 0 2.16677e-27 6.96411e+252 
 2.498 1.317 0.025076 2.26236e+271 32.502 3.84669 2.11712 2.26716e+161 0 0 -nan 3.972 1.125 2.26716e+161 0 2.16677e-27 6.96411e+252 
 2.493 1.311 0.0250754 2.26236e+271 32.502 3.85069 2.13512 2.26716e+161 0 0 -nan 3.976 1.143 2.26716e+161 0 2.16677e-27 6.96411e+252 
 2.471 1.302 0.0250741 2.26236e+271 32.502 3.85569 2.16312 2.26716e+161 0 0 -nan 3.981 1.171 2.26716e+161 0 2.16677e-27 6.96411e+252 
 2.469 1.301 0.0250738 2.26236e+271 32.502 3.85069 2.19412 2.26716e+161 0 0 -nan 3.976 1.202 2.26716e+161 0 2.16677e-27 6.96411e+252 
 2.487 1.307 0.0250736 2.26236e+271 32.502 3.86169 2.21212 2.26716e+161 0 0 -nan 3.987 1.22 2.26716e+161 0 2.16677e-27 6.96411e+252 
 2.48 1.317 0.0250727 2.26236e+271 32.502 3.88069 2.22712 2.26716e+161 0 0 -nan 4.006 1.235 2.26716e+161 0 2.16677e-27 6.96411e+252 
 2.481 1.322 0.0250729 2.26236e+271 32.502 3.89569 2.24812 2.26716e+161 0 0 -nan 4.021 1.256 2.26716e+161 0 2.16677e-27 6.96411e+252 
 2.479 1.303 0.0250712 2.26236e+271 32.502 3.90669 2.26012 2.26716e+161 0 0 -nan 4.032 1.268 2.26716e+161 0 2.16677e-27 6.96411e+252 
 2.471 1.302 0.0250719 2.26236e+271 32.502 3.92469 2.27212 2.26716e+161 0 0 -nan 4.05 1.28 2.26716e+161 0 2.16677e-27 6.96411e+252 
 2.481 1.297 0.0250725 2.26236e+271 32.502 3.94069 2.28912 2.26716e+161 0 0 -nan 4.066 1.297 2.26716e+161 0 2.16677e-27 6.96411e+252 
 2.485 1.304 0.0250736 2.26236e+271 32.502 3.94569 2.31112 2.26716e+161 0 0 -nan 4.071 1.319 2.26716e+161 0 2.16677e-27 6.96411e+252 
 2.484 1.3 0.0250736 2.26236e+271 32.502 3.95969 2.31812 2.26716e+161 0 0 -nan 4.085 1.326 2.26716e+161 0 2.16677e-27 6.96411e+252 
 2.487 1.294 0.0250743 2.26236e+271 32.502 3.98569 2.34412 2.26716e+161 0 0 -nan 4.111 1.352 2.26716e+161 0 2.16677e-27 6.96411e+252 
 2.495 1.301 0.0250735 2.26236e+271 32.502 3.99569 2.35012 2.26716e+161 0 0 -nan 4.121 1.358 2.26716e+161 0 2.16677e-27 6.96411e+252 
 2.494 1.307 0.0250739 2.26236e+271 32.502 4.00669 2.36912 2.26716e+161 0 0 -nan 4.132 1.377 2.26716e+161 0 2.16677e-27 6.96411e+252 
 2.489 1.298 0.0250734 2.26236e+271 32.502 4.01669 2.38212 2.26716e+161 0 0 -nan 4.142 1.39 2.26716e+161 0 2.16677e-27 6.96411e+252 
 2.477 1.291 0.0250744 2.26236e+271 32.502 4.03169 2.40112 2.26716e+161 0 0 -nan 4.157 1.409 2.26716e+161 0 2.16677e-27 6.96411e+252 
 2.484 1.3 0.0250755 2.26236e+271 32.502 4.03669 2.43212 2.26716e+161 0 0 -nan 4.162 1.44 2.26716e+161 0 2.16677e-27 6.96411e+252 
