 2.5 1.307 0.024751 2.88525e+214 6.94876e-310 2.70849 1.4302 6.20428e+223 0 0 0 2.382 0.485 6.20428e+223 0 1.97626e-323 5.28651e-317 
 2.497 1.301 0.0247093 2.88525e+214 6.94876e-310 2.71249 1.4222 6.20428e+223 0 0 -nan 2.386 0.477 6.20428e+223 0 1.97626e-323 5.28651e-317 
 2.49 1.3 0.0247651 2.88525e+214 6.94876e-310 2.72649 1.4142 6.20428e+223 0 0 -nan 2.4 0.469 6.20428e+223 0 1.97626e-323 5.28651e-317 
 2.484 1.292 0.0247373 2.88525e+214 6.94876e-310 2.75249 1.3952 6.20428e+223 0 0 -nan 2.426 0.45 6.20428e+223 0 1.97626e-323 5.28651e-317 
 2.492 1.295 0.0246834 2.88525e+214 6.94876e-310 2.78149 1.3812 6.20428e+223 0 0 -nan 2.455 0.436 6.20428e+223 0 1.97626e-323 5.28651e-317 
 2.488 1.301 0.0247001 2.88525e+214 6.94876e-310 2.79049 1.3682 6.20428e+223 0 0 -nan 2.464 0.423 6.20428e+223 0 1.97626e-323 5.28651e-317 
 2.485 1.294 0.0246418 2.88525e+214 6.94876e-310 2.81849 1.3412 6.20428e+223 0 0 -nan 2.492 0.396 6.20428e+223 0 1.97626e-323 5.28651e-317 
 2.475 1.3 0.0246586 2.88525e+214 6.94876e-310 2.84649 1.3402 6.20428e+223 0 0 -nan 2.52 0.395 6.20428e+223 0 1.97626e-323 5.28651e-317 
 2.488 1.307 0.0246774 2.88525e+214 6.94876e-310 2.86849 1.3382 6.20428e+223 0 0 -nan 2.542 0.393 6.20428e+223 0 1.97626e-323 5.28651e-317 
 2.49 1.282 0.0247175 2.88525e+214 6.94876e-310 2.89849 1.3352 6.20428e+223 0 0 -nan 2.572 0.39 6.20428e+223 0 1.97626e-323 5.28651e-317 
 2.497 1.285 0.0247551 2.88525e+214 6.94876e-310 2.90549 1.3352 6.20428e+223 0 0 -nan 2.579 0.39 6.20428e+223 0 1.97626e-323 5.28651e-317 
 2.491 1.295 0.0247693 2.88525e+214 6.94876e-310 2.93449 1.3302 6.20428e+223 0 0 -nan 2.608 0.385 6.20428e+223 0 1.97626e-323 5.28651e-317 
 2.489 1.281 0.0247476 2.88525e+214 6.94876e-310 2.96249 1.3302 6.20428e+223 0 0 -nan 2.636 0.385 6.20428e+223 0 1.97626e-323 5.28651e-317 
 2.508 1.283 0.0247008 2.88525e+214 6.94876e-310 3.00449 1.3242 6.20428e+223 0 0 -nan 2.678 0.379 6.20428e+223 0 1.97626e-323 5.28651e-317 
 2.484 1.279 0.0246971 2.88525e+214 6.94876e-310 3.03249 1.3302 6.20428e+223 0 0 -nan 2.706 0.385 6.20428e+223 0 1.97626e-323 5.28651e-317 
 2.499 1.272 0.0247264 2.88525e+214 6.94876e-310 3.05049 1.3472 6.20428e+223 0 0 -nan 2.724 0.402 6.20428e+223 0 1.97626e-323 5.28651e-317 
 2.495 1.299 0.0248427 2.88525e+214 6.94876e-310 3.06449 1.3732 6.20428e+223 0 0 -nan 2.738 0.428 6.20428e+223 0 1.97626e-323 5.28651e-317 
 2.478 1.309 0.0249109 2.88525e+214 6.94876e-310 3.08549 1.3892 6.20428e+223 0 0 -nan 2.759 0.444 6.20428e+223 0 1.97626e-323 5.28651e-317 
 2.49 1.307 0.0249238 2.88525e+214 6.94876e-310 3.10949 1.3992 6.20428e+223 0 0 -nan 2.783 0.454 6.20428e+223 0 1.97626e-323 5.28651e-317 
 2.482 1.297 0.0249917 2.88525e+214 6.94876e-310 3.13549 1.3992 6.20428e+223 0 0 -nan 2.809 0.454 6.20428e+223 0 1.97626e-323 5.28651e-317 
 2.478 1.304 0.0249717 2.88525e+214 6.94876e-310 3.16649 1.4072 6.20428e+223 0 0 -nan 2.84 0.462 6.20428e+223 0 1.97626e-323 5.28651e-317 
 2.486 1.26 0.0250564 2.88525e+214 6.94876e-310 3.19449 1.4212 6.20428e+223 0 0 -nan 2.868 0.476 6.20428e+223 0 1.97626e-323 5.28651e-317 
 2.476 1.281 0.0250811 2.88525e+214 6.94876e-310 3.21249 1.4252 6.20428e+223 0 0 -nan 2.886 0.48 6.20428e+223 0 1.97626e-323 5.28651e-317 
 2.486 1.273 0.0250661 2.88525e+214 6.94876e-310 3.23449 1.4282 6.20428e+223 0 0 -nan 2.908 0.483 6.20428e+223 0 1.97626e-323 5.28651e-317 
 2.489 1.284 0.02504 2.88525e+214 6.94876e-310 3.26049 1.4282 6.20428e+223 0 0 -nan 2.934 0.483 6.20428e+223 0 1.97626e-323 5.28651e-317 
 2.472 1.289 0.0250476 2.88525e+214 6.94876e-310 3.28049 1.4342 6.20428e+223 0 0 -nan 2.954 0.489 6.20428e+223 0 1.97626e-323 5.28651e-317 
 2.476 1.284 0.0250059 2.88525e+214 6.94876e-310 3.29849 1.4412 6.20428e+223 0 0 -nan 2.972 0.496 6.20428e+223 0 1.97626e-323 5.28651e-317 
 2.454 1.296 0.0250504 2.88525e+214 6.94876e-310 3.33249 1.4502 6.20428e+223 0 0 -nan 3.006 0.505 6.20428e+223 0 1.97626e-323 5.28651e-317 
 2.472 1.29 0.0250828 2.88525e+214 6.94876e-310 3.37949 1.4502 6.20428e+223 0 0 -nan 3.053 0.505 6.20428e+223 0 1.97626e-323 5.28651e-317 
 2.467 1.283 0.0251108 2.88525e+214 6.94876e-310 3.40749 1.4662 6.20428e+223 0 0 -nan 3.081 0.521 6.20428e+223 0 1.97626e-323 5.28651e-317 
 2.506 1.296 0.0250176 2.88525e+214 6.94876e-310 3.40749 1.5002 6.20428e+223 0 0 -nan 3.081 0.555 6.20428e+223 0 1.97626e-323 5.28651e-317 
 2.486 1.274 0.0250268 2.88525e+214 6.94876e-310 3.45949 1.5092 6.20428e+223 0 0 -nan 3.133 0.564 6.20428e+223 0 1.97626e-323 5.28651e-317 
 2.496 1.275 0.0249802 2.88525e+214 6.94876e-310 3.45549 1.4752 6.20428e+223 0 0 -nan 3.129 0.53 6.20428e+223 0 1.97626e-323 5.28651e-317 
 2.473 1.281 0.0250387 2.88525e+214 6.94876e-310 3.45649 1.4482 6.20428e+223 0 0 -nan 3.13 0.503 6.20428e+223 0 1.97626e-323 5.28651e-317 
 2.534 1.284 0.0250499 2.88525e+214 6.94876e-310 3.48949 1.4582 6.20428e+223 0 0 -nan 3.163 0.513 6.20428e+223 0 1.97626e-323 5.28651e-317 
 2.5 1.301 0.0250628 2.88525e+214 6.94876e-310 3.50249 1.4412 6.20428e+223 0 0 -nan 3.176 0.496 6.20428e+223 0 1.97626e-323 5.28651e-317 
 2.501 1.302 0.0250188 2.88525e+214 6.94876e-310 3.49149 1.4212 6.20428e+223 0 0 -nan 3.165 0.476 6.20428e+223 0 1.97626e-323 5.28651e-317 
