 2.313 1.23 0.0133166 9.57005e-321 1.55716e+142 2.62028 1.21738 0.434929 0 0 0 2.805 0.439 0.233001 0 9.30237e+242 9.30237e+242 
 2.313 1.235 0.0133166 9.57005e-321 1.55716e+142 2.66007 1.25361 0.738625 0.1379 0.0390395 0.0509141 2.848 0.476 0.237127 0 9.30237e+242 9.30237e+242 
 2.321 1.223 0.0120111 9.57005e-321 1.55716e+142 2.70496 1.27534 0.450836 0.152927 0.126355 0.147641 2.894 0.498 0.238554 0 9.30237e+242 9.30237e+242 
 2.315 1.227 0.0137346 9.57005e-321 1.55716e+142 2.75621 1.2714 -0.076751 0.17554 0.0940886 0.0961815 2.945 0.494 0.23824 0 9.30237e+242 9.30237e+242 
 2.38 1.237 0.0155629 9.57005e-321 1.55716e+142 2.77932 1.29543 0.804702 0.159173 0.13528 0.151804 2.968 0.518 0.238088 0 9.30237e+242 9.30237e+242 
 2.352 1.215 0.0198535 9.57005e-321 1.55716e+142 2.81684 1.31532 0.487313 0.18612 0.214548 0.204589 3.006 0.538 0.238706 0 9.30237e+242 9.30237e+242 
 2.389 1.216 0.0268522 9.57005e-321 1.55716e+142 2.85059 1.33074 0.428704 0.185444 0.241165 0.229945 3.038 0.553 0.236466 0 9.30237e+242 9.30237e+242 
 2.365 1.215 0.0447591 9.57005e-321 1.55716e+142 2.86768 1.321 -0.517871 0.201904 0.186607 0.164853 3.054 0.543 0.235062 0 9.30237e+242 9.30237e+242 
 2.39 1.236 0.068817 9.57005e-321 1.55716e+142 2.8932 1.31464 -0.244115 0.201629 0.0985649 0.0877654 3.081 0.537 0.236967 0 9.30237e+242 9.30237e+242 
 2.398 1.227 0.08362 9.57005e-321 1.55716e+142 2.91366 1.31029 -0.20976 0.206918 0.0881862 0.0765642 3.107 0.534 0.244089 0 9.30237e+242 9.30237e+242 
 2.409 1.234 0.0928333 9.57005e-321 1.55716e+142 2.93675 1.30842 -0.0806246 0.211419 0.0548221 0.0466412 3.145 0.536 0.263341 0 9.30237e+242 9.30237e+242 
 2.454 1.245 0.100763 9.57005e-321 1.55716e+142 2.94926 1.3144 0.445721 0.198435 0.0437213 0.0396387 3.182 0.549 0.295187 0 9.30237e+242 9.30237e+242 
 2.479 1.249 0.106149 9.57005e-321 1.55716e+142 2.9454 1.30667 -2.0347 0.186556 0.0187788 0.0181169 3.208 0.551 0.334451 0 9.30237e+242 9.30237e+242 
 2.494 1.247 0.110356 9.57005e-321 1.55716e+142 2.93621 1.31067 2.7316 0.177299 0.0356012 0.0361279 3.226 0.565 0.370671 0 9.30237e+242 9.30237e+242 
 2.523 1.254 0.113432 9.57005e-321 1.55716e+142 2.95227 1.31763 0.409039 0.172212 0.0363544 0.0379802 3.269 0.583 0.407059 0 9.30237e+242 9.30237e+242 
 2.528 1.274 0.116868 9.57005e-321 1.55716e+142 2.98909 1.3536 0.773686 0.185558 0.0600408 0.0581768 3.326 0.628 0.434698 0 9.30237e+242 9.30237e+242 
 2.553 1.251 0.120737 9.57005e-321 1.55716e+142 2.98885 1.37985 1.58003 0.178514 0.182628 0.182108 3.346 0.664 0.462783 0 9.30237e+242 9.30237e+242 
 2.572 1.258 0.12732 9.57005e-321 1.55716e+142 2.99273 1.38874 1.1589 0.172875 0.188192 0.193496 3.358 0.677 0.474151 0 9.30237e+242 9.30237e+242 
 2.547 1.246 0.145596 9.57005e-321 1.55716e+142 3.00671 1.40022 0.687426 0.190179 0.199762 0.186864 3.373 0.689 0.475594 0 9.30237e+242 9.30237e+242 
 2.567 1.26 0.163976 9.57005e-321 1.55716e+142 3.03907 1.41785 0.498944 0.195726 0.17978 0.163853 3.408 0.708 0.479305 0 9.30237e+242 9.30237e+242 
 2.609 1.266 0.183857 9.57005e-321 1.55716e+142 3.06648 1.43203 0.477166 0.191231 0.1846 0.172041 3.437 0.723 0.48154 0 9.30237e+242 9.30237e+242 
 2.61 1.281 0.201423 9.57005e-321 1.55716e+142 3.08672 1.43705 0.243193 0.198146 0.130649 0.118132 3.461 0.73 0.486855 0 9.30237e+242 9.30237e+242 
 2.641 1.249 0.218776 9.57005e-321 1.55716e+142 3.11517 1.44862 0.38634 0.201758 0.205617 0.181426 3.494 0.744 0.493298 0 9.30237e+242 9.30237e+242 
 2.645 1.279 0.23202 9.57005e-321 1.55716e+142 3.13106 1.46141 0.677884 0.204854 0.145962 0.127557 3.523 0.764 0.512006 0 9.30237e+242 9.30237e+242 
 2.658 1.257 0.252683 9.57005e-321 1.55716e+142 3.15541 1.47974 0.645079 0.214066 0.196073 0.1634 3.559 0.789 0.528784 0 9.30237e+242 9.30237e+242 
 2.684 1.285 0.267179 9.57005e-321 1.55716e+142 3.16186 1.50027 1.26638 0.206164 0.179773 0.155688 3.573 0.814 0.539747 0 9.30237e+242 9.30237e+242 
 2.732 1.246 0.287561 9.57005e-321 1.55716e+142 3.17834 1.52323 0.948509 0.202936 0.307824 0.266537 3.601 0.844 0.556634 0 9.30237e+242 9.30237e+242 
 2.734 1.223 0.308274 9.57005e-321 1.55716e+142 3.1866 1.53336 0.886085 0.210861 0.339859 0.282366 3.617 0.859 0.568056 0 9.30237e+242 9.30237e+242 
 2.757 1.263 0.341743 9.57005e-321 1.55716e+142 3.21886 1.54266 0.280692 0.211041 0.235201 0.197979 3.655 0.872 0.576596 0 9.30237e+242 9.30237e+242 
 2.782 1.271 0.374507 9.57005e-321 1.55716e+142 3.24308 1.54354 0.0362428 0.210607 0.1847 0.156566 3.687 0.878 0.588236 0 9.30237e+242 9.30237e+242 
 2.783 1.279 0.396574 9.57005e-321 1.55716e+142 3.25866 1.55415 0.598282 0.216819 0.149449 0.123439 3.712 0.895 0.602467 0 9.30237e+242 9.30237e+242 
 2.819 1.296 0.413768 9.57005e-321 1.55716e+142 3.26157 1.58214 1.46722 0.207202 0.184777 0.159161 3.736 0.938 0.63483 0 9.30237e+242 9.30237e+242 
 2.842 1.3 0.428571 9.57005e-321 1.55716e+142 3.2572 1.59098 2.0293 0.198743 0.208055 0.18625 3.749 0.96 0.662064 0 9.30237e+242 9.30237e+242 
 2.892 1.33 0.448124 9.57005e-321 1.55716e+142 3.26724 1.59987 0.724923 0.18134 0.193315 0.189582 3.763 0.972 0.668357 0 9.30237e+242 9.30237e+242 
 2.892 1.326 0.469102 9.57005e-321 1.55716e+142 3.27991 1.60621 0.463482 0.188207 0.174809 0.165654 3.784 0.985 0.681694 0 9.30237e+242 9.30237e+242 
 2.901 1.316 0.487954 9.57005e-321 1.55716e+142 3.2935 1.61428 0.536307 0.193765 0.182748 0.168163 3.806 1 0.69532 0 9.30237e+242 9.30237e+242 
 2.927 1.298 0.505006 9.57005e-321 1.55716e+142 3.31018 1.63624 0.921193 0.19926 0.248784 0.221064 3.831 1.029 0.708934 0 9.30237e+242 9.30237e+242 
 2.907 1.312 0.524767 9.57005e-321 1.55716e+142 3.3275 1.63803 0.102476 0.209794 0.156014 0.133066 3.86 1.041 0.728337 0 9.30237e+242 9.30237e+242 
 2.933 1.317 0.548128 9.57005e-321 1.55716e+142 3.34681 1.64632 0.405653 0.208743 0.14341 0.123039 3.89 1.059 0.74638 0 9.30237e+242 9.30237e+242 
 2.962 1.343 0.562358 9.57005e-321 1.55716e+142 3.34185 1.65015 2.48426 0.192917 0.132491 0.122996 3.901 1.078 0.773906 0 9.30237e+242 9.30237e+242 
 2.989 1.367 0.575905 9.57005e-321 1.55716e+142 3.34622 1.64541 -0.82551 0.179295 0.0944061 0.094495 3.922 1.09 0.803399 0 9.30237e+242 9.30237e+242 
 2.972 1.409 0.588026 9.57005e-321 1.55716e+142 3.35619 1.65439 0.733392 0.180958 -0.0215725 -0.021455 3.947 1.115 0.830865 0 9.30237e+242 9.30237e+242 
 2.983 1.431 0.595957 9.57005e-321 1.55716e+142 3.34785 1.66726 2.14555 0.172538 -0.0229906 -0.0239804 3.953 1.144 0.857842 0 9.30237e+242 9.30237e+242 
 3.014 1.416 0.595557 9.57005e-321 1.55716e+142 3.34995 1.69517 1.49574 0.172777 0.10561 0.109584 3.967 1.186 0.880895 0 9.30237e+242 9.30237e+242 
 3.057 1.376 0.597871 9.57005e-321 1.55716e+142 3.36794 1.7105 0.705734 0.177826 0.245352 0.243427 3.988 1.205 0.88683 0 9.30237e+242 9.30237e+242 
 3.079 1.401 0.605495 9.57005e-321 1.55716e+142 3.38407 1.7312 0.908788 0.175176 0.238902 0.240721 4.006 1.228 0.890536 0 9.30237e+242 9.30237e+242 
 3.072 1.403 0.629205 9.57005e-321 1.55716e+142 3.39947 1.75397 0.976107 0.187927 0.213185 0.201423 4.024 1.254 0.895716 0 9.30237e+242 9.30237e+242 
 3.091 1.4 0.652114 9.57005e-321 1.55716e+142 3.41189 1.76018 0.464244 0.188854 0.213684 0.200918 4.041 1.266 0.904944 0 9.30237e+242 9.30237e+242 
 3.132 1.436 0.672868 9.57005e-321 1.55716e+142 3.42035 1.78706 1.26559 0.177302 0.229974 0.229365 4.055 1.3 0.916222 0 9.30237e+242 9.30237e+242 
 3.146 1.472 0.695312 9.57005e-321 1.55716e+142 3.4231 1.81111 1.45711 0.171432 0.205314 0.212326 4.066 1.335 0.933361 0 9.30237e+242 9.30237e+242 
 3.141 1.433 0.718352 9.57005e-321 1.55716e+142 3.42701 1.84053 1.43878 0.193323 0.271613 0.247702 4.074 1.37 0.942008 0 9.30237e+242 9.30237e+242 
 3.131 1.467 0.740418 9.57005e-321 1.55716e+142 3.45638 1.87051 0.795517 0.204001 0.174216 0.152526 4.107 1.405 0.949749 0 9.30237e+242 9.30237e+242 
 3.167 1.497 0.767733 9.57005e-321 1.55716e+142 3.47273 1.89259 0.933615 0.196902 0.164665 0.149408 4.124 1.428 0.951165 0 9.30237e+242 9.30237e+242 
 3.204 1.505 0.783781 9.57005e-321 1.55716e+142 3.49247 1.92069 0.958354 0.198402 0.205267 0.184119 4.15 1.465 0.964757 0 9.30237e+242 9.30237e+242 
 3.199 1.535 0.801441 9.57005e-321 1.55716e+142 3.51938 1.9418 0.664983 0.204763 0.117465 0.102894 4.185 1.498 0.982741 0 9.30237e+242 9.30237e+242 
 3.215 1.54 0.820946 9.57005e-321 1.55716e+142 3.53487 1.94018 -0.10395 0.202952 0.0865272 0.0765917 4.21 1.511 1.00454 0 9.30237e+242 9.30237e+242 
 3.22 1.545 0.831963 9.57005e-321 1.55716e+142 3.53381 1.94091 2.53708 0.200209 0.0782451 0.0702313 4.222 1.533 1.03574 0 9.30237e+242 9.30237e+242 
 3.251 1.566 0.839836 9.57005e-321 1.55716e+142 3.53271 1.94129 2.81074 0.18576 0.0967098 0.0934383 4.236 1.56 1.074 0 9.30237e+242 9.30237e+242 
 3.24 1.585 0.848186 9.57005e-321 1.55716e+142 3.53253 1.95288 1.58657 0.186413 0.0565248 0.054526 4.25 1.599 1.11258 0 9.30237e+242 9.30237e+242 
 3.244 1.616 0.856697 9.57005e-321 1.55716e+142 3.53202 1.96453 1.61395 0.179467 0.0257282 0.0257989 4.261 1.635 1.14624 0 9.30237e+242 9.30237e+242 
 3.266 1.609 0.862177 9.57005e-321 1.55716e+142 3.54066 1.96773 0.35498 0.179162 0.0604538 0.0606622 4.277 1.655 1.16917 0 9.30237e+242 9.30237e+242 
 3.308 1.621 0.865803 9.57005e-321 1.55716e+142 3.54333 2.01288 1.51166 0.179602 0.18029 0.178761 4.285 1.713 1.18656 0 9.30237e+242 9.30237e+242 
 3.314 1.639 0.874372 9.57005e-321 1.55716e+142 3.54199 2.02369 1.69453 0.175753 0.175733 0.178073 4.29 1.74 1.2083 0 9.30237e+242 9.30237e+242 
 3.311 1.662 0.893029 9.57005e-321 1.55716e+142 3.5351 2.03921 1.98878 0.17284 0.153164 0.158176 4.287 1.766 1.22228 0 9.30237e+242 9.30237e+242 
 3.292 1.679 0.91044 9.57005e-321 1.55716e+142 3.54282 2.06 1.21539 0.180671 0.0859221 0.0853949 4.298 1.796 1.23449 0 9.30237e+242 9.30237e+242 
 3.305 1.683 0.924268 9.57005e-321 1.55716e+142 3.55789 2.08942 1.09731 0.189451 0.100627 0.0953175 4.315 1.831 1.24188 0 9.30237e+242 9.30237e+242 
 3.336 1.695 0.932453 9.57005e-321 1.55716e+142 3.58494 2.11965 0.84081 0.194556 0.122143 0.112527 4.344 1.867 1.24948 0 9.30237e+242 9.30237e+242 
 3.345 1.721 0.942887 9.57005e-321 1.55716e+142 3.5881 2.1448 1.44586 0.193123 0.120706 0.112033 4.351 1.904 1.26505 0 9.30237e+242 9.30237e+242 
 3.369 1.724 0.955292 9.57005e-321 1.55716e+142 3.57871 2.15801 2.1889 0.189372 0.185216 0.174265 4.347 1.935 1.28829 0 9.30237e+242 9.30237e+242 
 3.371 1.739 0.967739 9.57005e-321 1.55716e+142 3.57941 2.16087 1.33047 0.185323 0.160177 0.154338 4.353 1.957 1.31312 0 9.30237e+242 9.30237e+242 
 3.351 1.785 0.98656 9.57005e-321 1.55716e+142 3.59375 2.15843 -0.168223 0.176823 0.00852236 0.00867525 4.371 1.969 1.33174 0 9.30237e+242 9.30237e+242 
 3.385 1.808 0.995375 9.57005e-321 1.55716e+142 3.60017 2.17452 1.19103 0.168605 0.0476101 0.050784 4.38 1.996 1.34575 0 9.30237e+242 9.30237e+242 
 3.384 1.837 0.998321 9.57005e-321 1.55716e+142 3.6046 2.20122 1.40645 0.169003 0.0298224 0.0317524 4.389 2.044 1.37299 0 9.30237e+242 9.30237e+242 
 3.404 1.831 1.00197 9.57005e-321 1.55716e+142 3.60271 2.22035 1.66954 0.172914 0.104722 0.108585 4.391 2.084 1.39952 0 9.30237e+242 9.30237e+242 
 3.414 1.853 1.00641 9.57005e-321 1.55716e+142 3.60495 2.23132 1.36906 0.16763 0.103393 0.11057 4.396 2.112 1.42109 0 9.30237e+242 9.30237e+242 
 3.453 1.867 1.01704 9.57005e-321 1.55716e+142 3.5957 2.22836 -2.83192 0.152338 0.181727 0.211513 4.389 2.125 1.44124 0 9.30237e+242 9.30237e+242 
 3.432 1.862 1.0288 9.57005e-321 1.55716e+142 3.60023 2.27036 1.46339 0.173797 0.163847 0.168093 4.395 2.179 1.45635 0 9.30237e+242 9.30237e+242 
 3.428 1.875 1.04754 9.57005e-321 1.55716e+142 3.59708 2.30068 1.67448 0.180372 0.159605 0.15795 4.393 2.22 1.46978 0 9.30237e+242 9.30237e+242 
 3.452 1.869 1.06336 9.57005e-321 1.55716e+142 3.59096 2.32278 1.84083 0.185231 0.233794 0.223399 4.388 2.254 1.48472 0 9.30237e+242 9.30237e+242 
 3.452 1.889 1.08122 9.57005e-321 1.55716e+142 3.58738 2.34365 1.74081 0.18545 0.222614 0.212801 4.385 2.282 1.49366 0 9.30237e+242 9.30237e+242 
 3.464 1.907 1.10502 9.57005e-321 1.55716e+142 3.58395 2.38988 1.64475 0.193828 0.251176 0.229159 4.382 2.334 1.50089 0 9.30237e+242 9.30237e+242 
 3.462 1.906 1.12737 9.57005e-321 1.55716e+142 3.58974 2.42071 1.38534 0.207362 0.231044 0.197931 4.388 2.368 1.50486 0 9.30237e+242 9.30237e+242 
 3.474 1.916 1.15304 9.57005e-321 1.55716e+142 3.58656 2.45285 1.6695 0.214123 0.245953 0.203885 4.385 2.403 1.50844 0 9.30237e+242 9.30237e+242 
 3.483 1.916 1.17626 9.57005e-321 1.55716e+142 3.58333 2.48613 1.6674 0.225651 0.260313 0.204741 4.382 2.44 1.51311 0 9.30237e+242 9.30237e+242 
 3.485 1.939 1.20152 9.57005e-321 1.55716e+142 3.583 2.51599 1.58187 0.228843 0.238336 0.185316 4.382 2.476 1.52078 0 9.30237e+242 9.30237e+242 
 3.494 1.968 1.22827 9.57005e-321 1.55716e+142 3.58854 2.5164 0.0737266 0.218484 0.20127 0.164323 4.388 2.487 1.53404 0 9.30237e+242 9.30237e+242 
 3.498 2.007 1.25179 9.57005e-321 1.55716e+142 3.58327 2.54161 1.77704 0.212836 0.187038 0.156882 4.383 2.521 1.54503 0 9.30237e+242 9.30237e+242 
 3.51 2.044 1.27117 9.57005e-321 1.55716e+142 3.56503 2.57105 2.12535 0.207347 0.225749 0.193522 4.365 2.564 1.56198 0 9.30237e+242 9.30237e+242 
 3.512 2.046 1.29057 9.57005e-321 1.55716e+142 3.579 2.57746 0.429592 0.210743 0.179494 0.152125 4.379 2.58 1.57398 0 9.30237e+242 9.30237e+242 
 3.548 2.044 1.31285 9.57005e-321 1.55716e+142 3.58602 2.60177 1.28968 0.21895 0.222576 0.180979 4.386 2.608 1.57859 0 9.30237e+242 9.30237e+242 
 3.523 2.097 1.3309 9.57005e-321 1.55716e+142 3.58725 2.61203 1.45205 0.205014 0.133095 0.116329 4.387 2.632 1.59576 0 9.30237e+242 9.30237e+242 
 3.523 2.122 1.3521 9.57005e-321 1.55716e+142 3.56723 2.6167 2.91273 0.195926 0.146718 0.133985 4.366 2.661 1.6262 0 9.30237e+242 9.30237e+242 
 3.531 2.131 1.36403 9.57005e-321 1.55716e+142 3.56267 2.63565 1.80659 0.199166 0.164127 0.147259 4.36 2.701 1.65257 0 9.30237e+242 9.30237e+242 
 3.552 2.134 1.37876 9.57005e-321 1.55716e+142 3.54034 2.67593 2.07699 0.211509 0.247942 0.207955 4.337 2.749 1.66226 0 9.30237e+242 9.30237e+242 
 3.56 2.161 1.39641 9.57005e-321 1.55716e+142 3.52614 2.69372 2.24461 0.207404 0.274653 0.233996 4.322 2.775 1.67257 0 9.30237e+242 9.30237e+242 
 3.547 2.188 1.42216 9.57005e-321 1.55716e+142 3.51723 2.74581 1.74014 0.218378 0.236562 0.192572 4.313 2.828 1.67371 0 9.30237e+242 9.30237e+242 
 3.53 2.212 1.44918 9.57005e-321 1.55716e+142 3.50729 2.7753 1.89615 0.221616 0.1904 0.153431 4.303 2.858 1.67436 0 9.30237e+242 9.30237e+242 
 3.543 2.241 1.47139 9.57005e-321 1.55716e+142 3.48058 2.80554 2.29428 0.221783 0.246457 0.19742 4.276 2.891 1.67783 0 9.30237e+242 9.30237e+242 
 3.559 2.283 1.49195 9.57005e-321 1.55716e+142 3.48093 2.84632 1.56217 0.221816 0.254731 0.203839 4.276 2.935 1.68187 0 9.30237e+242 9.30237e+242 
 3.572 2.308 1.5181 9.57005e-321 1.55716e+142 3.47287 2.8959 1.73204 0.232433 0.261461 0.199779 4.268 2.984 1.68114 0 9.30237e+242 9.30237e+242 
 3.559 2.311 1.54401 9.57005e-321 1.55716e+142 3.47041 2.93012 1.64245 0.245668 0.203481 0.148 4.265 3.023 1.68715 0 9.30237e+242 9.30237e+242 
 3.561 2.318 1.56974 9.57005e-321 1.55716e+142 3.48222 2.95747 1.16321 0.254344 0.150008 0.105765 4.276 3.057 1.69553 0 9.30237e+242 9.30237e+242 
 3.557 2.334 1.58909 9.57005e-321 1.55716e+142 3.47382 2.97406 2.03943 0.255077 0.134685 0.0947582 4.264 3.099 1.72761 0 9.30237e+242 9.30237e+242 
 3.562 2.355 1.60279 9.57005e-321 1.55716e+142 3.44627 2.97343 -3.1186 0.24761 0.184625 0.133416 4.231 3.129 1.76651 0 9.30237e+242 9.30237e+242 
 3.553 2.395 1.61757 9.57005e-321 1.55716e+142 3.42676 2.97493 3.06446 0.233161 0.199561 0.152858 4.206 3.156 1.79911 0 9.30237e+242 9.30237e+242 
 3.582 2.433 1.63696 9.57005e-321 1.55716e+142 3.43399 3.0006 1.29615 0.229773 0.224192 0.173855 4.209 3.199 1.82141 0 9.30237e+242 9.30237e+242 
 3.573 2.429 1.65757 9.57005e-321 1.55716e+142 3.44365 3.02223 1.15086 0.239583 0.1533 0.11467 4.217 3.227 1.82964 0 9.30237e+242 9.30237e+242 
 3.589 2.468 1.67946 9.57005e-321 1.55716e+142 3.45266 3.01075 -0.905388 0.220598 0.161418 0.130957 4.22 3.237 1.85752 0 9.30237e+242 9.30237e+242 
 3.592 2.499 1.69413 9.57005e-321 1.55716e+142 3.43894 3.00838 -2.97034 0.208899 0.194952 0.166429 4.197 3.264 1.89602 0 9.30237e+242 9.30237e+242 
 3.577 2.521 1.71197 9.57005e-321 1.55716e+142 3.44095 2.99841 -1.3714 0.195686 0.154491 0.141162 4.189 3.282 1.93317 0 9.30237e+242 9.30237e+242 
 3.569 2.535 1.7312 9.57005e-321 1.55716e+142 3.42883 2.99244 -2.68411 0.188583 0.153057 0.145064 4.169 3.296 1.96 0 9.30237e+242 9.30237e+242 
 3.538 2.562 1.74605 9.57005e-321 1.55716e+142 3.43521 3.00603 1.1318 0.180756 0.0574103 0.057108 4.168 3.327 1.98364 0 9.30237e+242 9.30237e+242 
 3.512 2.575 1.75839 9.57005e-321 1.55716e+142 3.43857 3.02827 1.42116 0.182247 -0.0297511 -0.0293758 4.167 3.359 1.997 0 9.30237e+242 9.30237e+242 
 3.524 2.618 1.76178 9.57005e-321 1.55716e+142 3.44605 3.03725 0.876395 0.169298 -0.00766497 -0.00814934 4.167 3.384 2.01909 0 9.30237e+242 9.30237e+242 
 3.525 2.62 1.7624 9.57005e-321 1.55716e+142 3.4303 3.0407 2.92603 0.171144 0.032037 0.033682 4.141 3.408 2.0478 0 9.30237e+242 9.30237e+242 
 3.513 2.672 1.76362 9.57005e-321 1.55716e+142 3.40421 3.05796 2.55721 0.158786 0.0852579 0.096349 4.101 3.451 2.08437 0 9.30237e+242 9.30237e+242 
 3.517 2.674 1.76681 9.57005e-321 1.55716e+142 3.39134 3.07518 2.21226 0.166156 0.114232 0.123123 4.079 3.484 2.10717 0 9.30237e+242 9.30237e+242 
 3.556 2.674 1.7744 9.57005e-321 1.55716e+142 3.37245 3.09009 2.47371 0.177443 0.231783 0.230928 4.054 3.509 2.12191 0 9.30237e+242 9.30237e+242 
 3.552 2.703 1.787 9.57005e-321 1.55716e+142 3.35839 3.11516 2.08197 0.177339 0.243941 0.24272 4.035 3.542 2.13359 0 9.30237e+242 9.30237e+242 
 3.521 2.711 1.81171 9.57005e-321 1.55716e+142 3.35798 3.12551 1.60996 0.175617 0.145523 0.148063 4.031 3.558 2.14196 0 9.30237e+242 9.30237e+242 
 3.527 2.71 1.83263 9.57005e-321 1.55716e+142 3.35259 3.13042 2.40307 0.179505 0.144177 0.14358 4.021 3.57 2.15253 0 9.30237e+242 9.30237e+242 
 3.539 2.741 1.84641 9.57005e-321 1.55716e+142 3.33798 3.13793 2.667 0.174105 0.209661 0.213457 3.998 3.59 2.17134 0 9.30237e+242 9.30237e+242 
 3.51 2.775 1.86277 9.57005e-321 1.55716e+142 3.31031 3.13982 3.07343 0.162319 0.22018 0.239478 3.964 3.601 2.18521 0 9.30237e+242 9.30237e+242 
 3.481 2.782 1.88469 9.57005e-321 1.55716e+142 3.30367 3.14993 2.15169 0.160996 0.141742 0.157166 3.951 3.62 2.19888 0 9.30237e+242 9.30237e+242 
 3.511 2.793 1.90565 9.57005e-321 1.55716e+142 3.29249 3.17281 2.0255 0.17161 0.201982 0.20877 3.939 3.644 2.20061 0 9.30237e+242 9.30237e+242 
 3.508 2.846 1.92063 9.57005e-321 1.55716e+142 3.27912 3.19694 2.07664 0.162987 0.241045 0.260172 3.925 3.669 2.20195 0 9.30237e+242 9.30237e+242 
 3.523 2.853 1.94204 9.57005e-321 1.55716e+142 3.25112 3.21222 2.64211 0.173604 0.300649 0.30218 3.895 3.687 2.20616 0 9.30237e+242 9.30237e+242 
 3.519 2.888 1.96867 9.57005e-321 1.55716e+142 3.22635 3.23021 2.51341 0.172193 0.335818 0.337603 3.868 3.708 2.21084 0 9.30237e+242 9.30237e+242 
 3.5 2.892 2.00066 9.57005e-321 1.55716e+142 3.21759 3.24921 2.00261 0.176821 0.261428 0.2601 3.857 3.73 2.21553 0 9.30237e+242 9.30237e+242 
 3.496 2.95 2.03257 9.57005e-321 1.55716e+142 3.20118 3.27211 2.19273 0.168144 0.299819 0.310573 3.839 3.755 2.21883 0 9.30237e+242 9.30237e+242 
 3.463 2.955 2.05988 9.57005e-321 1.55716e+142 3.18041 3.28057 2.75462 0.167786 0.241559 0.253565 3.814 3.769 2.22753 0 9.30237e+242 9.30237e+242 
 3.471 2.949 2.08913 9.57005e-321 1.55716e+142 3.14886 3.29258 2.77797 0.183042 0.260142 0.250448 3.777 3.788 2.23862 0 9.30237e+242 9.30237e+242 
 3.47 2.967 2.11298 9.57005e-321 1.55716e+142 3.13771 3.3115 2.1036 0.186351 0.251001 0.237857 3.761 3.813 2.24834 0 9.30237e+242 9.30237e+242 
 3.447 3 2.13912 9.57005e-321 1.55716e+142 3.12482 3.35212 1.878 0.187324 0.192684 0.183077 3.747 3.855 2.25055 0 9.30237e+242 9.30237e+242 
 3.424 2.976 2.16365 9.57005e-321 1.55716e+142 3.11282 3.37099 2.13704 0.199213 0.0847309 0.07641 3.73 3.88 2.26044 0 9.30237e+242 9.30237e+242 
 3.428 3.006 2.18054 9.57005e-321 1.55716e+142 3.10918 3.38368 1.85004 0.195601 0.103371 0.0948404 3.716 3.905 2.28055 0 9.30237e+242 9.30237e+242 
 3.44 3.058 2.18806 9.57005e-321 1.55716e+142 3.11483 3.37991 -0.588919 0.179568 0.19017 0.188368 3.705 3.92 2.31191 0 9.30237e+242 9.30237e+242 
 3.423 3.054 2.20106 9.57005e-321 1.55716e+142 3.10667 3.38106 3.00138 0.179314 0.151865 0.151281 3.68 3.939 2.34259 0 9.30237e+242 9.30237e+242 
 3.385 3.061 2.22024 9.57005e-321 1.55716e+142 3.11072 3.37514 -0.971809 0.165266 0.0723814 0.0786717 3.665 3.952 2.37615 0 9.30237e+242 9.30237e+242 
 3.369 3.099 2.23253 9.57005e-321 1.55716e+142 3.09628 3.38067 2.77575 0.154949 0.110676 0.127867 3.634 3.973 2.40448 0 9.30237e+242 9.30237e+242 
 3.363 3.089 2.24014 9.57005e-321 1.55716e+142 3.08937 3.39592 1.99642 0.163026 0.0618958 0.0682344 3.615 3.999 2.4247 0 9.30237e+242 9.30237e+242 
 3.337 3.106 2.25011 9.57005e-321 1.55716e+142 3.07298 3.39815 3.00621 0.156143 0.0573375 0.0660022 3.586 4.012 2.44544 0 9.30237e+242 9.30237e+242 
 3.338 3.13 2.2555 9.57005e-321 1.55716e+142 3.04977 3.4035 2.9151 0.156753 0.131397 0.149753 3.546 4.031 2.47249 0 9.30237e+242 9.30237e+242 
 3.348 3.121 2.26272 9.57005e-321 1.55716e+142 3.04056 3.40936 2.57533 0.166323 0.13343 0.143411 3.525 4.046 2.49113 0 9.30237e+242 9.30237e+242 
 3.359 3.177 2.2763 9.57005e-321 1.55716e+142 3.02288 3.41163 3.01354 0.158601 0.267484 0.294732 3.497 4.056 2.50725 0 9.30237e+242 9.30237e+242 
 3.312 3.186 2.29158 9.57005e-321 1.55716e+142 3.01209 3.43667 1.97763 0.153743 0.157912 0.182816 3.478 4.087 2.51993 0 9.30237e+242 9.30237e+242 
 3.295 3.174 2.31573 9.57005e-321 1.55716e+142 2.98813 3.45459 2.49934 0.164618 0.0900815 0.0981818 3.444 4.112 2.53528 0 9.30237e+242 9.30237e+242 
 3.309 3.17 2.32857 9.57005e-321 1.55716e+142 2.97196 3.46522 2.56038 0.17728 0.102226 0.103424 3.414 4.132 2.55617 0 9.30237e+242 9.30237e+242 
 3.309 3.215 2.33739 9.57005e-321 1.55716e+142 2.96897 3.47013 2.11637 0.167087 0.17109 0.182267 3.397 4.146 2.57705 0 9.30237e+242 9.30237e+242 
 3.316 3.209 2.35006 9.57005e-321 1.55716e+142 2.95589 3.46752 -2.94453 0.174062 0.183187 0.187218 3.37 4.152 2.5975 0 9.30237e+242 9.30237e+242 
 3.276 3.249 2.36827 9.57005e-321 1.55716e+142 2.94298 3.47819 2.45083 0.158679 0.177774 0.198992 3.343 4.171 2.61796 0 9.30237e+242 9.30237e+242 
 3.259 3.227 2.38678 9.57005e-321 1.55716e+142 2.93939 3.48652 1.97797 0.163116 0.0766855 0.0844221 3.324 4.188 2.64006 0 9.30237e+242 9.30237e+242 
 3.261 3.248 2.40352 9.57005e-321 1.55716e+142 2.91796 3.4952 2.75657 0.167029 0.121011 0.129677 3.287 4.205 2.66213 0 9.30237e+242 9.30237e+242 
 3.251 3.236 2.41054 9.57005e-321 1.55716e+142 2.91229 3.49843 2.62417 0.169771 0.0770213 0.081481 3.268 4.215 2.68082 0 9.30237e+242 9.30237e+242 
 3.234 3.265 2.42142 9.57005e-321 1.55716e+142 2.89065 3.51848 2.39432 0.168971 0.0900986 0.0956864 3.232 4.242 2.70077 0 9.30237e+242 9.30237e+242 
 3.235 3.272 2.42968 9.57005e-321 1.55716e+142 2.8615 3.53166 2.717 0.17984 0.1146 0.114202 3.188 4.262 2.72119 0 9.30237e+242 9.30237e+242 
 3.22 3.288 2.43966 9.57005e-321 1.55716e+142 2.8388 3.53775 2.87942 0.179898 0.133884 0.133167 3.147 4.276 2.74611 0 9.30237e+242 9.30237e+242 
 3.182 3.31 2.45232 9.57005e-321 1.55716e+142 2.81639 3.54065 3.01297 0.17056 0.135913 0.142464 3.107 4.286 2.76983 0 9.30237e+242 9.30237e+242 
 3.154 3.307 2.46599 9.57005e-321 1.55716e+142 2.79586 3.52744 -2.56985 0.165968 0.131561 0.141728 3.07 4.279 2.79183 0 9.30237e+242 9.30237e+242 
 3.136 3.299 2.48019 9.57005e-321 1.55716e+142 2.78398 3.53717 2.45495 0.168448 0.0710947 0.0758248 3.049 4.292 2.80394 0 9.30237e+242 9.30237e+242 
 3.137 3.332 2.492 9.57005e-321 1.55716e+142 2.75569 3.55254 2.64411 0.173822 0.135645 0.139553 3.016 4.309 2.81017 0 9.30237e+242 9.30237e+242 
 3.135 3.325 2.49979 9.57005e-321 1.55716e+142 2.74135 3.55695 2.84291 0.180562 0.120205 0.119262 2.991 4.317 2.82424 0 9.30237e+242 9.30237e+242 
 3.123 3.342 2.51313 9.57005e-321 1.55716e+142 2.7302 3.56347 2.61244 0.178115 0.125833 0.126486 2.969 4.327 2.83847 0 9.30237e+242 9.30237e+242 
 3.139 3.356 2.52586 9.57005e-321 1.55716e+142 2.70996 3.5606 -3.00038 0.186607 0.190226 0.181472 2.936 4.328 2.85515 0 9.30237e+242 9.30237e+242 
 3.143 3.387 2.53976 9.57005e-321 1.55716e+142 2.68407 3.56686 2.90437 0.191815 0.25711 0.236749 2.897 4.338 2.87218 0 9.30237e+242 9.30237e+242 
 3.113 3.392 2.56149 9.57005e-321 1.55716e+142 2.66921 3.57013 2.92489 0.187001 0.221309 0.209887 2.872 4.344 2.88531 0 9.30237e+242 9.30237e+242 
 3.069 3.387 2.5866 9.57005e-321 1.55716e+142 2.64684 3.55592 -2.57585 0.178416 0.191022 0.190384 2.841 4.332 2.89644 0 9.30237e+242 9.30237e+242 
 3.068 3.41 2.60755 9.57005e-321 1.55716e+142 2.61957 3.55955 3.00926 0.184446 0.235517 0.225917 2.804 4.338 2.90896 0 9.30237e+242 9.30237e+242 
 3.036 3.446 2.62704 9.57005e-321 1.55716e+142 2.59048 3.55033 -2.83482 0.17603 0.310961 0.307865 2.774 4.329 2.91013 0 9.30237e+242 9.30237e+242 
 3.045 3.433 2.65242 9.57005e-321 1.55716e+142 2.56816 3.54694 -2.99059 0.189841 0.285849 0.264673 2.75 4.326 2.91229 0 9.30237e+242 9.30237e+242 
 3.006 3.456 2.68395 9.57005e-321 1.55716e+142 2.53363 3.54807 3.10901 0.18595 0.295596 0.278692 2.716 4.327 2.9116 0 9.30237e+242 9.30237e+242 
 2.996 3.447 2.71198 9.57005e-321 1.55716e+142 2.50754 3.56109 2.67864 0.196116 0.226989 0.205399 2.69 4.34 2.91149 0 9.30237e+242 9.30237e+242 
 2.989 3.461 2.74133 9.57005e-321 1.55716e+142 2.46327 3.56615 3.02772 0.209553 0.234888 0.199089 2.646 4.345 2.91115 0 9.30237e+242 9.30237e+242 
 2.971 3.454 2.76265 9.57005e-321 1.55716e+142 2.43003 3.57874 2.77954 0.218483 0.17843 0.145956 2.611 4.358 2.91341 0 9.30237e+242 9.30237e+242 
 2.909 3.486 2.78505 9.57005e-321 1.55716e+142 2.39499 3.58252 3.03416 0.205343 0.196659 0.17071 2.575 4.362 2.91463 0 9.30237e+242 9.30237e+242 
 2.905 3.504 2.80349 9.57005e-321 1.55716e+142 2.36311 3.58935 2.93039 0.21508 0.212151 0.175717 2.538 4.37 2.9212 0 9.30237e+242 9.30237e+242 
 2.903 3.476 2.82428 9.57005e-321 1.55716e+142 2.32052 3.59538 3.00106 0.23489 0.137415 0.104917 2.491 4.377 2.92684 0 9.30237e+242 9.30237e+242 
 2.932 3.5 2.84491 9.57005e-321 1.55716e+142 2.29857 3.59964 2.94958 0.252701 0.170416 0.120797 2.456 4.384 2.94351 0 9.30237e+242 9.30237e+242 
 2.897 3.495 2.85793 9.57005e-321 1.55716e+142 2.27594 3.59453 -2.9196 0.24827 0.150639 0.108785 2.417 4.382 2.96434 0 9.30237e+242 9.30237e+242 
 2.845 3.506 2.87526 9.57005e-321 1.55716e+142 2.26282 3.6019 2.62976 0.233317 0.122776 0.0944375 2.375 4.394 3.0009 0 9.30237e+242 9.30237e+242 
 2.796 3.502 2.88951 9.57005e-321 1.55716e+142 2.26605 3.59674 -1.01252 0.213278 0.0874531 0.0736742 2.353 4.392 3.03268 0 9.30237e+242 9.30237e+242 
 2.79 3.476 2.90084 9.57005e-321 1.55716e+142 2.26249 3.59769 2.88128 0.214911 0.0163646 0.0137054 2.328 4.395 3.05961 0 9.30237e+242 9.30237e+242 
 2.759 3.491 2.90689 9.57005e-321 1.55716e+142 2.24761 3.59892 3.05881 0.207444 0.0308157 0.0267326 2.286 4.398 3.09359 0 9.30237e+242 9.30237e+242 
 2.756 3.536 2.91021 9.57005e-321 1.55716e+142 2.23586 3.59709 -2.98716 0.206892 0.131951 0.114299 2.248 4.397 3.12641 0 9.30237e+242 9.30237e+242 
 2.715 3.577 2.91574 9.57005e-321 1.55716e+142 2.21832 3.58909 -2.71371 0.194203 0.22777 0.208057 2.206 4.389 -3.12619 0 9.30237e+242 9.30237e+242 
 2.7 3.574 2.93142 9.57005e-321 1.55716e+142 2.19185 3.58149 -2.86163 0.198841 0.222631 0.198872 2.164 4.381 -3.10677 0 9.30237e+242 9.30237e+242 
 2.703 3.545 2.95505 9.57005e-321 1.55716e+142 2.17154 3.56747 -2.5378 0.209525 0.166992 0.142489 2.123 4.366 -3.08088 0 9.30237e+242 9.30237e+242 
 2.69 3.565 2.97632 9.57005e-321 1.55716e+142 2.1438 3.55255 -2.64793 0.214017 0.219062 0.1822 2.08 4.35 -3.06175 0 9.30237e+242 9.30237e+242 
 2.689 3.584 2.99433 9.57005e-321 1.55716e+142 2.10644 3.54547 -2.95439 0.227847 0.252599 0.196967 2.032 4.342 -3.04841 0 9.30237e+242 9.30237e+242 
 2.636 3.614 3.01696 9.57005e-321 1.55716e+142 2.08537 3.55005 2.92772 0.215307 0.280397 0.230258 2.005 4.346 -3.04097 0 9.30237e+242 9.30237e+242 
 2.608 3.615 3.04009 9.57005e-321 1.55716e+142 2.06625 3.54799 -3.0346 0.212611 0.26114 0.217586 1.977 4.343 -3.0298 0 9.30237e+242 9.30237e+242 
 2.589 3.554 3.07045 9.57005e-321 1.55716e+142 2.05318 3.54217 -2.72239 0.21208 0.108247 0.0916161 1.954 4.336 -3.01729 0 9.30237e+242 9.30237e+242 
 2.556 3.569 3.09291 9.57005e-321 1.55716e+142 2.04152 3.54095 -3.03743 0.203733 0.118322 0.10416 1.929 4.333 -3.00047 0 9.30237e+242 9.30237e+242 
 2.509 3.578 3.10229 9.57005e-321 1.55716e+142 2.03661 3.52908 -1.96315 0.187085 0.158821 0.151634 1.91 4.319 -2.98266 0 9.30237e+242 9.30237e+242 
 2.518 3.598 3.1157 9.57005e-321 1.55716e+142 2.02857 3.53181 2.81486 0.194161 0.181107 0.166346 1.886 4.319 -2.96242 0 9.30237e+242 9.30237e+242 
 2.516 3.595 3.13197 9.57005e-321 1.55716e+142 1.98504 3.51058 -2.68793 0.211195 0.194107 0.163951 1.833 4.296 -2.95038 0 9.30237e+242 9.30237e+242 
 2.491 3.607 -3.13166 9.57005e-321 1.55716e+142 1.94972 3.48956 -2.60485 0.216467 0.238065 0.195432 1.783 4.272 -2.93166 0 9.30237e+242 9.30237e+242 
 2.456 3.561 -3.10861 9.57005e-321 1.55716e+142 1.92405 3.47394 -2.59477 0.212652 0.150227 0.126481 1.751 4.255 -2.92356 0 9.30237e+242 9.30237e+242 
 2.417 3.549 -3.08695 9.57005e-321 1.55716e+142 1.90506 3.46884 -2.87919 0.204934 0.115702 0.101277 1.728 4.249 -2.91842 0 9.30237e+242 9.30237e+242 
 2.383 3.562 -3.07418 9.57005e-321 1.55716e+142 1.89939 3.4666 -2.7657 0.19449 0.143883 0.132384 1.719 4.246 -2.91415 0 9.30237e+242 9.30237e+242 
 2.417 3.582 -3.06324 9.57005e-321 1.55716e+142 1.88729 3.4687 2.97 0.213639 0.154059 0.129079 1.694 4.245 -2.89757 0 9.30237e+242 9.30237e+242 
 2.417 3.581 -3.04742 9.57005e-321 1.55716e+142 1.87779 3.47065 2.93878 0.217558 0.125977 0.103854 1.673 4.244 -2.88273 0 9.30237e+242 9.30237e+242 
 2.384 3.527 -3.03227 9.57005e-321 1.55716e+142 1.85513 3.44888 -2.37612 0.212135 0.0433382 0.0367566 1.635 4.218 -2.86284 0 9.30237e+242 9.30237e+242 
 2.377 3.529 -3.02343 9.57005e-321 1.55716e+142 1.83606 3.4304 -2.37171 0.217981 0.0727242 0.0599807 1.604 4.196 -2.84729 0 9.30237e+242 9.30237e+242 
 2.322 3.519 -3.0176 9.57005e-321 1.55716e+142 1.81458 3.41566 -2.54043 0.205126 0.088399 0.0774158 1.572 4.178 -2.83352 0 9.30237e+242 9.30237e+242 
 2.279 3.527 -3.00964 9.57005e-321 1.55716e+142 1.78227 3.40817 -2.91376 0.201959 0.11766 0.104485 1.535 4.169 -2.82736 0 9.30237e+242 9.30237e+242 
 2.272 3.533 -2.99935 9.57005e-321 1.55716e+142 1.75333 3.41617 2.87207 0.210577 0.0919067 0.0784001 1.5 4.175 -2.81939 0 9.30237e+242 9.30237e+242 
 2.246 3.52 -2.98821 9.57005e-321 1.55716e+142 1.74976 3.40204 -1.8177 0.202009 0.0915076 0.0813577 1.488 4.158 -2.80825 0 9.30237e+242 9.30237e+242 
 2.221 3.529 -2.97877 9.57005e-321 1.55716e+142 1.77512 3.40392 0.0739706 0.182988 0.122304 0.119731 1.489 4.151 -2.77584 0 9.30237e+242 9.30237e+242 
 2.207 3.536 -2.96823 9.57005e-321 1.55716e+142 1.79218 3.39274 -0.580104 0.172531 0.171975 0.177531 1.484 4.131 -2.74614 0 9.30237e+242 9.30237e+242 
 2.186 3.538 -2.9562 9.57005e-321 1.55716e+142 1.78199 3.38148 -2.30625 0.169758 0.197831 0.206769 1.465 4.116 -2.73418 0 9.30237e+242 9.30237e+242 
 2.145 3.526 -2.93631 9.57005e-321 1.55716e+142 1.76278 3.37669 -2.89721 0.161144 0.175402 0.193476 1.443 4.11 -2.73038 0 9.30237e+242 9.30237e+242 
 2.171 3.478 -2.91647 9.57005e-321 1.55716e+142 1.74058 3.36304 -2.59028 0.176784 0.0390791 0.039769 1.42 4.096 -2.72929 0 9.30237e+242 9.30237e+242 
 2.155 3.498 -2.90382 9.57005e-321 1.55716e+142 1.70054 3.33423 -2.51785 0.190928 0.121328 0.113889 1.375 4.065 -2.72251 0 9.30237e+242 9.30237e+242 
 2.131 3.512 -2.90081 9.57005e-321 1.55716e+142 1.65595 3.29876 -2.46961 0.204166 0.208054 0.181411 1.327 4.028 -2.71784 0 9.30237e+242 9.30237e+242 
 2.152 3.501 -2.88747 9.57005e-321 1.55716e+142 1.6265 3.27129 -2.39093 0.225563 0.186624 0.14784 1.292 3.998 -2.71021 0 9.30237e+242 9.30237e+242 
 2.155 3.49 -2.86581 9.57005e-321 1.55716e+142 1.59805 3.265 -2.92417 0.237437 0.129357 0.0977529 1.262 3.991 -2.70808 0 9.30237e+242 9.30237e+242 
 2.125 3.443 -2.85033 9.57005e-321 1.55716e+142 1.58867 3.26253 -2.88424 0.224566 0.0393142 0.0315017 1.243 3.984 -2.69479 0 9.30237e+242 9.30237e+242 
 2.104 3.467 -2.83911 9.57005e-321 1.55716e+142 1.57903 3.27009 2.477 0.222333 0.0663338 0.0536521 1.222 3.986 -2.67898 0 9.30237e+242 9.30237e+242 
 2.09 3.472 -2.83436 9.57005e-321 1.55716e+142 1.57799 3.27739 1.71218 0.217205 0.065455 0.0541902 1.201 3.983 -2.6509 0 9.30237e+242 9.30237e+242 
 2.024 3.514 -2.82801 9.57005e-321 1.55716e+142 1.5749 3.27054 -1.99494 0.200235 0.209097 0.185798 1.176 3.964 -2.61959 0 9.30237e+242 9.30237e+242 
 2.011 3.475 -2.816 9.57005e-321 1.55716e+142 1.55177 3.27598 2.91082 0.19818 0.0947526 0.0858489 1.132 3.957 -2.58921 0 9.30237e+242 9.30237e+242 
 1.967 3.5 -2.79859 9.57005e-321 1.55716e+142 1.55468 3.25204 -1.44995 0.18815 0.221814 0.209104 1.119 3.923 -2.56568 0 9.30237e+242 9.30237e+242 
 1.962 3.471 -2.78484 9.57005e-321 1.55716e+142 1.54311 3.26056 2.50706 0.185268 0.120788 0.116819 1.083 3.915 -2.52882 0 9.30237e+242 9.30237e+242 
 1.931 3.445 -2.76448 9.57005e-321 1.55716e+142 1.55085 3.25015 -0.931419 0.168983 0.103289 0.109582 1.068 3.888 -2.49363 0 9.30237e+242 9.30237e+242 
 1.941 3.423 -2.75325 9.57005e-321 1.55716e+142 1.54014 3.23802 -2.29395 0.175141 0.0477706 0.0490566 1.042 3.864 -2.46943 0 9.30237e+242 9.30237e+242 
 1.933 3.417 -2.74519 9.57005e-321 1.55716e+142 1.535 3.23213 -2.28931 0.174127 0.0416202 0.0429975 1.022 3.846 -2.44547 0 9.30237e+242 9.30237e+242 
 1.931 3.402 -2.7408 9.57005e-321 1.55716e+142 1.51603 3.22166 -2.63704 0.179627 0.010063 0.0100835 0.993 3.827 -2.42901 0 9.30237e+242 9.30237e+242 
 1.915 3.399 -2.73723 9.57005e-321 1.55716e+142 1.49623 3.23163 2.67501 0.179002 -0.0264171 -0.0265582 0.963 3.828 -2.41203 0 9.30237e+242 9.30237e+242 
 1.873 3.386 -2.73518 9.57005e-321 1.55716e+142 1.507 3.21211 -1.06658 0.160784 0.0388392 0.0434537 0.958 3.794 -2.38526 0 9.30237e+242 9.30237e+242 
 1.838 3.436 -2.73412 9.57005e-321 1.55716e+142 1.52612 3.19877 -0.6092 0.151983 0.248755 0.286506 0.957 3.761 -2.3501 0 9.30237e+242 9.30237e+242 
 1.816 3.403 -2.7278 9.57005e-321 1.55716e+142 1.5243 3.17422 -1.6447 0.143516 0.250491 0.304406 0.946 3.727 -2.33363 0 9.30237e+242 9.30237e+242 
 1.787 3.403 -2.70191 9.57005e-321 1.55716e+142 1.50606 3.15518 -2.33475 0.144042 0.283282 0.340234 0.924 3.704 -2.32681 0 9.30237e+242 9.30237e+242 
 1.786 3.401 -2.67625 9.57005e-321 1.55716e+142 1.48375 3.13485 -2.40261 0.15579 0.266126 0.298308 0.902 3.684 -2.32738 0 9.30237e+242 9.30237e+242 
 1.811 3.362 -2.64781 9.57005e-321 1.55716e+142 1.45539 3.13847 3.01458 0.166463 0.0716164 0.0772859 0.874 3.688 -2.32803 0 9.30237e+242 9.30237e+242 
 1.807 3.348 -2.62409 9.57005e-321 1.55716e+142 1.42915 3.1234 -2.62046 0.174486 0.0203644 0.0210048 0.845 3.67 -2.32299 0 9.30237e+242 9.30237e+242 
 1.798 3.349 -2.61997 9.57005e-321 1.55716e+142 1.41622 3.10136 -2.10151 0.180464 0.059086 0.0588658 0.822 3.637 -2.30439 0 9.30237e+242 9.30237e+242 
 1.751 3.353 -2.61709 9.57005e-321 1.55716e+142 1.4054 3.10688 2.67015 0.167865 0.100638 0.107497 0.795 3.624 -2.27366 0 9.30237e+242 9.30237e+242 
 1.734 3.353 -2.61127 9.57005e-321 1.55716e+142 1.3989 3.09477 -2.06328 0.166919 0.134426 0.143958 0.777 3.598 -2.25111 0 9.30237e+242 9.30237e+242 
 1.729 3.375 -2.60002 9.57005e-321 1.55716e+142 1.40211 3.08154 -1.33314 0.171977 0.205151 0.21151 0.767 3.568 -2.22443 0 9.30237e+242 9.30237e+242 
 1.719 3.368 -2.58478 9.57005e-321 1.55716e+142 1.39904 3.06616 -1.76756 0.171955 0.215422 0.221791 0.753 3.538 -2.20161 0 9.30237e+242 9.30237e+242 
 1.695 3.372 -2.5631 9.57005e-321 1.55716e+142 1.37094 3.0486 -2.58296 0.178806 0.225885 0.223591 0.716 3.508 -2.18249 0 9.30237e+242 9.30237e+242 
 1.653 3.327 -2.54127 9.57005e-321 1.55716e+142 1.35353 3.02114 -2.13588 0.167428 0.208949 0.220971 0.692 3.471 -2.16799 0 9.30237e+242 9.30237e+242 
 1.635 3.299 -2.51904 9.57005e-321 1.55716e+142 1.34614 3.0026 -1.95032 0.162344 0.185082 0.202401 0.675 3.438 -2.1463 0 9.30237e+242 9.30237e+242 
 1.637 3.315 -2.49842 9.57005e-321 1.55716e+142 1.3381 2.99235 -2.23606 0.172423 0.19498 0.200805 0.657 3.412 -2.12299 0 9.30237e+242 9.30237e+242 
 1.632 3.295 -2.48033 9.57005e-321 1.55716e+142 1.3263 2.99396 3.00595 0.16944 0.124774 0.131782 0.637 3.4 -2.10313 0 9.30237e+242 9.30237e+242 
 1.624 3.29 -2.4618 9.57005e-321 1.55716e+142 1.31825 2.96997 -1.89452 0.174606 0.139354 0.142683 0.617 3.355 -2.07293 0 9.30237e+242 9.30237e+242 
 1.603 3.265 -2.44996 9.57005e-321 1.55716e+142 1.32085 2.95294 -1.41924 0.16568 0.152975 0.164691 0.609 3.318 -2.04466 0 9.30237e+242 9.30237e+242 
 1.603 3.246 -2.43586 9.57005e-321 1.55716e+142 1.31745 2.92921 -1.71327 0.16819 0.140472 0.149218 0.597 3.277 -2.02055 0 9.30237e+242 9.30237e+242 
 1.54 3.254 -2.42068 9.57005e-321 1.55716e+142 1.30778 2.91132 -2.06648 0.160219 0.267015 0.29144 0.583 3.25 -2.00793 0 9.30237e+242 9.30237e+242 
 1.567 3.253 -2.40476 9.57005e-321 1.55716e+142 1.29295 2.89041 -2.18736 0.178028 0.204463 0.203856 0.564 3.22 -1.99543 0 9.30237e+242 9.30237e+242 
 1.51 3.209 -2.3768 9.57005e-321 1.55716e+142 1.28877 2.86998 -1.77281 0.157469 0.237114 0.264682 0.556 3.191 -1.9837 0 9.30237e+242 9.30237e+242 
 1.482 3.211 -2.35648 9.57005e-321 1.55716e+142 1.29108 2.8524 -1.43998 0.155779 0.308012 0.341924 0.553 3.161 -1.96682 0 9.30237e+242 9.30237e+242 
 1.452 3.193 -2.3314 9.57005e-321 1.55716e+142 1.27918 2.8289 -2.03986 0.153737 0.328206 0.366876 0.538 3.13 -1.95667 0 9.30237e+242 9.30237e+242 
 1.452 3.189 -2.29932 9.57005e-321 1.55716e+142 1.27542 2.81901 -1.93383 0.157692 0.295696 0.325519 0.531 3.112 -1.94576 0 9.30237e+242 9.30237e+242 
 1.439 3.166 -2.26638 9.57005e-321 1.55716e+142 1.27546 2.79187 -1.56914 0.157044 0.295431 0.326499 0.528 3.077 -1.93523 0 9.30237e+242 9.30237e+242 
 1.435 3.175 -2.23707 9.57005e-321 1.55716e+142 1.27104 2.77042 -1.77428 0.168031 0.301702 0.312596 0.52 3.046 -1.92248 0 9.30237e+242 9.30237e+242 
 1.427 3.167 -2.20718 9.57005e-321 1.55716e+142 1.25581 2.7363 -1.99057 0.179315 0.283814 0.277546 0.503 3.007 -1.91598 0 9.30237e+242 9.30237e+242 
 1.398 3.141 -2.17654 9.57005e-321 1.55716e+142 1.24841 2.7068 -1.81648 0.177083 0.300023 0.296005 0.494 2.973 -1.91001 0 9.30237e+242 9.30237e+242 
 1.425 3.119 -2.1481 9.57005e-321 1.55716e+142 1.25034 2.67434 -1.51136 0.186681 0.226345 0.214876 0.494 2.935 -1.90268 0 9.30237e+242 9.30237e+242 
 1.432 3.119 -2.11841 9.57005e-321 1.55716e+142 1.23631 2.6631 -2.4665 0.195453 0.160907 0.147115 0.477 2.915 -1.89111 0 9.30237e+242 9.30237e+242 
 1.412 3.072 -2.09687 9.57005e-321 1.55716e+142 1.22481 2.65179 -2.36392 0.181831 0.117953 0.116239 0.463 2.896 -1.88101 0 9.30237e+242 9.30237e+242 
 1.396 3.063 -2.08187 9.57005e-321 1.55716e+142 1.22603 2.62736 -1.52096 0.184277 0.154152 0.149452 0.46 2.858 -1.86325 0 9.30237e+242 9.30237e+242 
 1.397 3.028 -2.07007 9.57005e-321 1.55716e+142 1.22133 2.59313 -1.70745 0.185254 0.128061 0.123793 0.451 2.809 -1.84402 0 9.30237e+242 9.30237e+242 
 1.394 3.027 -2.05453 9.57005e-321 1.55716e+142 1.23469 2.55653 -1.22064 0.195346 0.177976 0.162548 0.461 2.76 -1.82796 0 9.30237e+242 9.30237e+242 
 1.395 3.014 -2.0419 9.57005e-321 1.55716e+142 1.22902 2.52359 -1.74138 0.203918 0.166144 0.145618 0.453 2.718 -1.81627 0 9.30237e+242 9.30237e+242 
 1.379 3.015 -2.0236 9.57005e-321 1.55716e+142 1.22306 2.4928 -1.76192 0.214213 0.18944 0.157859 0.446 2.683 -1.81085 0 9.30237e+242 9.30237e+242 
 1.334 2.976 -2.00678 9.57005e-321 1.55716e+142 1.20535 2.47616 -2.38742 0.20228 0.210819 0.185442 0.427 2.661 -1.80395 0 9.30237e+242 9.30237e+242 
 1.337 2.97 -1.98758 9.57005e-321 1.55716e+142 1.18984 2.46853 -2.68454 0.20613 0.15124 0.131308 0.41 2.647 -1.79577 0 9.30237e+242 9.30237e+242 
 1.331 2.957 -1.96703 9.57005e-321 1.55716e+142 1.18565 2.47003 2.79935 0.200899 0.121253 0.108215 0.401 2.626 -1.76702 0 9.30237e+242 9.30237e+242 
 1.323 2.921 -1.95279 9.57005e-321 1.55716e+142 1.19118 2.45888 -1.11017 0.189996 0.116656 0.110071 0.402 2.59 -1.73544 0 9.30237e+242 9.30237e+242 
 1.292 2.892 -1.94129 9.57005e-321 1.55716e+142 1.20147 2.42596 -1.26795 0.186185 0.198851 0.189928 0.408 2.528 -1.69869 0 9.30237e+242 9.30237e+242 
 1.317 2.879 -1.92903 9.57005e-321 1.55716e+142 1.2114 2.40535 -1.12152 0.191243 0.156016 0.145802 0.416 2.491 -1.67806 0 9.30237e+242 9.30237e+242 
 1.327 2.883 -1.90871 9.57005e-321 1.55716e+142 1.20667 2.40505 -3.07674 0.195054 0.103193 0.0949427 0.41 2.478 -1.66212 0 9.30237e+242 9.30237e+242 
 1.321 2.859 -1.89499 9.57005e-321 1.55716e+142 1.20948 2.3885 -1.40257 0.191356 0.102716 0.0963211 0.412 2.452 -1.65025 0 9.30237e+242 9.30237e+242 
 1.323 2.842 -1.88468 9.57005e-321 1.55716e+142 1.22064 2.36542 -1.12027 0.192751 0.115224 0.107189 0.422 2.412 -1.62906 0 9.30237e+242 9.30237e+242 
 1.291 2.827 -1.87419 9.57005e-321 1.55716e+142 1.23212 2.31454 -1.34887 0.202022 0.216387 0.190462 0.433 2.352 -1.61764 0 9.30237e+242 9.30237e+242 
 1.267 2.801 -1.8604 9.57005e-321 1.55716e+142 1.24828 2.26508 -1.25508 0.207696 0.294255 0.249694 0.449 2.299 -1.61321 0 9.30237e+242 9.30237e+242 
 1.284 2.768 -1.83574 9.57005e-321 1.55716e+142 1.2572 2.23518 -1.28096 0.208125 0.248096 0.211365 0.458 2.271 -1.61559 0 9.30237e+242 9.30237e+242 
 1.311 2.746 -1.80551 9.57005e-321 1.55716e+142 1.25727 2.2059 -1.56822 0.213992 0.157864 0.132016 0.458 2.24 -1.61343 0 9.30237e+242 9.30237e+242 
 1.295 2.738 -1.78166 9.57005e-321 1.55716e+142 1.24423 2.18085 -2.05092 0.22091 0.140958 0.114353 0.445 2.216 -1.61475 0 9.30237e+242 9.30237e+242 
 1.272 2.703 -1.76641 9.57005e-321 1.55716e+142 1.2462 2.14729 -1.51201 0.219012 0.174912 0.142777 0.447 2.183 -1.61545 0 9.30237e+242 9.30237e+242 
 1.302 2.671 -1.75114 9.57005e-321 1.55716e+142 1.25849 2.1144 -1.21331 0.220778 0.120195 0.0976832 0.459 2.143 -1.60655 0 9.30237e+242 9.30237e+242 
 1.292 2.631 -1.73495 9.57005e-321 1.55716e+142 1.26171 2.08562 -1.45921 0.215893 0.126865 0.105382 0.462 2.107 -1.59753 0 9.30237e+242 9.30237e+242 
 1.265 2.637 -1.72291 9.57005e-321 1.55716e+142 1.27997 2.04673 -1.13194 0.231661 0.211018 0.162514 0.48 2.054 -1.57988 0 9.30237e+242 9.30237e+242 
 1.287 2.644 -1.70803 9.57005e-321 1.55716e+142 1.27499 2.02101 -1.76175 0.2461 0.142196 0.103631 0.475 2.018 -1.56704 0 9.30237e+242 9.30237e+242 
 1.277 2.61 -1.68748 9.57005e-321 1.55716e+142 1.27185 1.99753 -1.70396 0.242104 0.130078 0.0964107 0.472 1.982 -1.55138 0 9.30237e+242 9.30237e+242 
 1.268 2.561 -1.67435 9.57005e-321 1.55716e+142 1.26139 1.97712 -2.04433 0.231082 0.109629 0.0851885 0.462 1.946 -1.53188 0 9.30237e+242 9.30237e+242 
 1.282 2.574 -1.66137 9.57005e-321 1.55716e+142 1.25123 1.96525 -2.27887 0.241845 0.048128 0.0358054 0.453 1.912 -1.50419 0 9.30237e+242 9.30237e+242 
 1.255 2.542 -1.65161 9.57005e-321 1.55716e+142 1.25884 1.96147 -0.460733 0.229823 0.103767 0.0810934 0.463 1.88 -1.46878 0 9.30237e+242 9.30237e+242 
 1.27 2.484 -1.6459 9.57005e-321 1.55716e+142 1.25375 1.97957 1.84476 0.200227 0.0489336 0.043962 0.462 1.865 -1.42709 0 9.30237e+242 9.30237e+242 
 1.267 2.436 -1.63581 9.57005e-321 1.55716e+142 1.28371 1.9712 -0.272514 0.183929 0.111758 0.108938 0.497 1.826 -1.38828 0 9.30237e+242 9.30237e+242 
 1.251 2.442 -1.62966 9.57005e-321 1.55716e+142 1.31775 1.97143 0.00661043 0.185819 0.222331 0.212129 0.537 1.797 -1.351 0 9.30237e+242 9.30237e+242 
 1.273 2.399 -1.61607 9.57005e-321 1.55716e+142 1.33655 1.94818 -0.890741 0.178367 0.203037 0.202098 0.559 1.76 -1.33335 0 9.30237e+242 9.30237e+242 
 1.259 2.397 -1.59262 9.57005e-321 1.55716e+142 1.34156 1.91315 -1.42881 0.192171 0.21489 0.198626 0.564 1.725 -1.33338 0 9.30237e+242 9.30237e+242 
 1.272 2.363 -1.57211 9.57005e-321 1.55716e+142 1.34524 1.88647 -1.43375 0.189682 0.172324 0.162093 0.568 1.697 -1.33169 0 9.30237e+242 9.30237e+242 
 1.287 2.379 -1.5516 9.57005e-321 1.55716e+142 1.35419 1.86673 -1.14514 0.204157 0.127668 0.112089 0.578 1.673 -1.3262 0 9.30237e+242 9.30237e+242 
 1.245 2.372 -1.53518 9.57005e-321 1.55716e+142 1.37346 1.82753 -1.11391 0.218891 0.229832 0.186794 0.599 1.627 -1.31743 0 9.30237e+242 9.30237e+242 
 1.244 2.337 -1.52214 9.57005e-321 1.55716e+142 1.37153 1.81115 -1.68837 0.211921 0.219845 0.184604 0.601 1.596 -1.2985 0 9.30237e+242 9.30237e+242 
 1.278 2.293 -1.4981 9.57005e-321 1.55716e+142 1.37984 1.79954 -0.94921 0.198737 0.148909 0.13406 0.612 1.575 -1.2863 0 9.30237e+242 9.30237e+242 
 1.282 2.268 -1.47768 9.57005e-321 1.55716e+142 1.38936 1.78934 -0.820188 0.19355 0.143838 0.132979 0.626 1.55 -1.26697 0 9.30237e+242 9.30237e+242 
 1.274 2.239 -1.46322 9.57005e-321 1.55716e+142 1.40504 1.77069 -0.871513 0.191058 0.185662 0.173165 0.646 1.518 -1.24943 0 9.30237e+242 9.30237e+242 
 1.264 2.237 -1.44805 9.57005e-321 1.55716e+142 1.42452 1.73772 -1.03724 0.205421 0.216716 0.187663 0.671 1.469 -1.22823 0 9.30237e+242 9.30237e+242 
 1.284 2.198 -1.42841 9.57005e-321 1.55716e+142 1.43983 1.69915 -1.19296 0.205471 0.18454 0.160277 0.689 1.423 -1.21836 0 9.30237e+242 9.30237e+242 
 1.263 2.215 -1.40621 9.57005e-321 1.55716e+142 1.43711 1.67977 -1.71006 0.221569 0.176276 0.142238 0.688 1.399 -1.2122 0 9.30237e+242 9.30237e+242 
 1.293 2.164 -1.3879 9.57005e-321 1.55716e+142 1.42344 1.67445 -2.77075 0.200678 0.0884742 0.0791917 0.68 1.379 -1.19252 0 9.30237e+242 9.30237e+242 
 1.291 2.149 -1.37109 9.57005e-321 1.55716e+142 1.43431 1.66347 -0.79056 0.200399 0.0996163 0.0892383 0.7 1.346 -1.16272 0 9.30237e+242 9.30237e+242 
 1.29 2.16 -1.36262 9.57005e-321 1.55716e+142 1.44795 1.66681 0.240189 0.204791 0.116938 0.102422 0.728 1.318 -1.11963 0 9.30237e+242 9.30237e+242 
 1.28 2.142 -1.35198 9.57005e-321 1.55716e+142 1.45195 1.65646 -1.20204 0.203354 0.139362 0.122737 0.745 1.282 -1.08369 0 9.30237e+242 9.30237e+242 
 1.274 2.118 -1.33928 9.57005e-321 1.55716e+142 1.44897 1.65849 2.5433 0.19391 0.149351 0.137759 0.753 1.264 -1.05514 0 9.30237e+242 9.30237e+242 
 1.263 2.132 -1.32456 9.57005e-321 1.55716e+142 1.46142 1.64956 -0.622482 0.205479 0.165623 0.144081 0.776 1.237 -1.02898 0 9.30237e+242 9.30237e+242 
 1.268 2.067 -1.30943 9.57005e-321 1.55716e+142 1.4781 1.6488 -0.0453739 0.182843 0.225921 0.218846 0.804 1.218 -1.00214 0 9.30237e+242 9.30237e+242 
 1.273 2.036 -1.29112 9.57005e-321 1.55716e+142 1.48189 1.64939 0.154471 0.171333 0.232724 0.239793 0.816 1.206 -0.983352 0 9.30237e+242 9.30237e+242 
 1.313 2.014 -1.26813 9.57005e-321 1.55716e+142 1.49777 1.64051 -0.509852 0.163857 0.165692 0.180045 0.836 1.191 -0.974137 0 9.30237e+242 9.30237e+242 
 1.28 1.991 -1.24512 9.57005e-321 1.55716e+142 1.52227 1.62162 -0.656711 0.170992 0.275058 0.281841 0.864 1.167 -0.966382 0 9.30237e+242 9.30237e+242 
 1.292 1.995 -1.22847 9.57005e-321 1.55716e+142 1.54965 1.60396 -0.5729 0.181812 0.265495 0.257035 0.893 1.147 -0.962824 0 9.30237e+242 9.30237e+242 
 1.312 1.976 -1.20042 9.57005e-321 1.55716e+142 1.56106 1.58224 -1.08717 0.182319 0.213929 0.208148 0.906 1.123 -0.959351 0 9.30237e+242 9.30237e+242 
 1.314 1.972 -1.17525 9.57005e-321 1.55716e+142 1.5789 1.55146 -1.04537 0.195242 0.188542 0.172104 0.924 1.092 -0.959019 0 9.30237e+242 9.30237e+242 
 1.339 1.948 -1.15582 9.57005e-321 1.55716e+142 1.59241 1.52399 -1.11378 0.194966 0.139891 0.128442 0.94 1.061 -0.95361 0 9.30237e+242 9.30237e+242 
 1.343 1.937 -1.13776 9.57005e-321 1.55716e+142 1.60352 1.49442 -1.21133 0.203132 0.113451 0.100194 0.955 1.026 -0.945262 0 9.30237e+242 9.30237e+242 
 1.368 1.93 -1.12594 9.57005e-321 1.55716e+142 1.59235 1.48019 -2.2363 0.199534 0.0202763 0.0182892 0.954 0.998 -0.923865 0 9.30237e+242 9.30237e+242 
 1.335 1.889 -1.11646 9.57005e-321 1.55716e+142 1.58618 1.49539 1.95612 0.184457 0.125992 0.122334 0.962 0.995 -0.895033 0 9.30237e+242 9.30237e+242 
 1.354 1.87 -1.1129 9.57005e-321 1.55716e+142 1.57551 1.51929 1.99095 0.163969 0.111364 0.121649 0.973 0.993 -0.852811 0 9.30237e+242 9.30237e+242 
 1.339 1.875 -1.09955 9.57005e-321 1.55716e+142 1.57063 1.52601 2.19866 0.165446 0.121661 0.131598 0.985 0.981 -0.821316 0 9.30237e+242 9.30237e+242 
 1.361 1.857 -1.08828 9.57005e-321 1.55716e+142 1.57197 1.52533 -0.4696 0.155628 0.086624 0.0998566 1 0.966 -0.796575 0 9.30237e+242 9.30237e+242 
 1.381 1.832 -1.07652 9.57005e-321 1.55716e+142 1.59041 1.51291 -0.592633 0.15108 0.0879234 0.104373 1.03 0.942 -0.776113 0 9.30237e+242 9.30237e+242 
 1.349 1.819 -1.06804 9.57005e-321 1.55716e+142 1.61004 1.50597 -0.340226 0.159489 0.201056 0.223134 1.059 0.926 -0.759824 0 9.30237e+242 9.30237e+242 
 1.36 1.787 -1.057 9.57005e-321 1.55716e+142 1.63158 1.48503 -0.771032 0.158237 0.22801 0.253778 1.087 0.899 -0.748751 0 9.30237e+242 9.30237e+242 
 1.361 1.758 -1.03502 9.57005e-321 1.55716e+142 1.653 1.46017 -0.859663 0.161901 0.252745 0.273935 1.114 0.869 -0.739272 0 9.30237e+242 9.30237e+242 
 1.395 1.741 -1.01122 9.57005e-321 1.55716e+142 1.67141 1.44311 -0.747299 0.159105 0.196771 0.219041 1.139 0.846 -0.72818 0 9.30237e+242 9.30237e+242 
 1.389 1.755 -0.986219 9.57005e-321 1.55716e+142 1.69426 1.43614 -0.295895 0.173085 0.19379 0.198869 1.171 0.831 -0.712959 0 9.30237e+242 9.30237e+242 
 1.418 1.743 -0.966536 9.57005e-321 1.55716e+142 1.70848 1.42478 -0.674022 0.169841 0.145498 0.152996 1.193 0.813 -0.700176 0 9.30237e+242 9.30237e+242 
 1.443 1.728 -0.947681 9.57005e-321 1.55716e+142 1.7285 1.41777 -0.3368 0.166434 0.128462 0.138049 1.219 0.801 -0.690437 0 9.30237e+242 9.30237e+242 
 1.433 1.722 -0.933432 9.57005e-321 1.55716e+142 1.74471 1.40932 -0.480749 0.173837 0.15872 0.162891 1.242 0.787 -0.679485 0 9.30237e+242 9.30237e+242 
 1.454 1.709 -0.920326 9.57005e-321 1.55716e+142 1.75855 1.39925 -0.629185 0.171394 0.136177 0.142051 1.262 0.772 -0.669621 0 9.30237e+242 9.30237e+242 
 1.447 1.696 -0.904592 9.57005e-321 1.55716e+142 1.77591 1.38067 -0.819212 0.179532 0.153934 0.153127 1.285 0.749 -0.660664 0 9.30237e+242 9.30237e+242 
 1.471 1.696 -0.891013 9.57005e-321 1.55716e+142 1.79738 1.37421 -0.292305 0.181079 0.124032 0.122674 1.315 0.736 -0.647225 0 9.30237e+242 9.30237e+242 
 1.469 1.649 -0.876193 9.57005e-321 1.55716e+142 1.81654 1.36579 -0.413814 0.175455 0.209506 0.211713 1.343 0.721 -0.63345 0 9.30237e+242 9.30237e+242 
 1.487 1.652 -0.862453 9.57005e-321 1.55716e+142 1.83164 1.35852 -0.448734 0.178009 0.171836 0.172041 1.366 0.708 -0.621243 0 9.30237e+242 9.30237e+242 
 1.493 1.605 -0.841319 9.57005e-321 1.55716e+142 1.85165 1.33456 -0.875028 0.17572 0.212681 0.214509 1.396 0.677 -0.605976 0 9.30237e+242 9.30237e+242 
 1.526 1.608 -0.824194 9.57005e-321 1.55716e+142 1.8608 1.31327 -1.16476 0.17637 0.111495 0.113302 1.415 0.649 -0.591072 0 9.30237e+242 9.30237e+242 
 1.524 1.57 -0.805612 9.57005e-321 1.55716e+142 1.87586 1.31413 0.0570031 0.170636 0.190324 0.198134 1.442 0.642 -0.573204 0 9.30237e+242 9.30237e+242 
 1.558 1.573 -0.79327 9.57005e-321 1.55716e+142 1.88686 1.32542 0.798123 0.162034 0.155582 0.171142 1.471 0.642 -0.546648 0 9.30237e+242 9.30237e+242 
 1.577 1.577 -0.774457 9.57005e-321 1.55716e+142 1.90595 1.34042 0.66623 0.159435 0.157626 0.176113 1.507 0.647 -0.522085 0 9.30237e+242 9.30237e+242 
 1.564 1.569 -0.759414 9.57005e-321 1.55716e+142 1.92592 1.3381 -0.115883 0.168021 0.204843 0.216023 1.537 0.639 -0.507678 0 9.30237e+242 9.30237e+242 
 1.564 1.55 -0.742818 9.57005e-321 1.55716e+142 1.96296 1.32752 -0.278221 0.177543 0.256342 0.254264 1.573 0.629 -0.509167 0 9.30237e+242 9.30237e+242 
 1.57 1.526 -0.72145 9.57005e-321 1.55716e+142 1.99215 1.30641 -0.626036 0.184701 0.268758 0.256163 1.602 0.608 -0.509439 0 9.30237e+242 9.30237e+242 
 1.588 1.519 -0.695633 9.57005e-321 1.55716e+142 2.03273 1.29309 -0.317254 0.194209 0.255136 0.232204 1.642 0.595 -0.510269 0 9.30237e+242 9.30237e+242 
 1.6 1.531 -0.669181 9.57005e-321 1.55716e+142 2.06001 1.27993 -0.449381 0.2058 0.195238 0.169131 1.669 0.582 -0.510673 0 9.30237e+242 9.30237e+242 
 1.622 1.482 -0.644698 9.57005e-321 1.55716e+142 2.08637 1.25729 -0.709692 0.201893 0.222087 0.195476 1.696 0.559 -0.50975 0 9.30237e+242 9.30237e+242 
 1.614 1.468 -0.624736 9.57005e-321 1.55716e+142 1.01999 0.937634 -2.85036 1.11053e-07 -1.41035 -0.523599 1.722 0.554 -0.500134 0 9.30237e+242 9.30237e+242 
 1.637 1.506 -0.603783 9.57005e-321 1.55716e+142 1.0485 0.913307 -0.70635 3.03163e-07 -1.39125 -0.523599 1.755 0.538 -0.48831 0 9.30237e+242 9.30237e+242 
 1.669 1.469 -0.658055 9.57005e-321 1.55716e+142 1.07143 0.885601 -0.879458 1.50205e-05 -1.38508 -0.523599 1.783 0.52 -0.474621 0 9.30237e+242 9.30237e+242 
 1.664 1.466 -0.787311 9.57005e-321 1.55716e+142 1.09353 0.845803 -1.06386 0.0611689 -1.37222 -0.523599 1.813 0.496 -0.452542 0 9.30237e+242 9.30237e+242 
 1.664 1.483 -0.933207 9.57005e-321 1.55716e+142 1.09774 0.828316 -1.33423 0.120312 -1.31467 -0.523599 1.825 0.495 -0.429752 0 9.30237e+242 9.30237e+242 
 1.667 1.483 -1.07365 9.57005e-321 1.55716e+142 1.12559 0.791905 -0.918015 0.178954 -1.2153 -0.523599 1.861 0.477 -0.404578 0 9.30237e+242 9.30237e+242 
 1.663 1.464 -1.20641 9.57005e-321 1.55716e+142 1.14734 0.763906 -0.910257 0.220122 -1.1011 -0.523599 1.891 0.469 -0.377537 0 9.30237e+242 9.30237e+242 
 1.694 1.45 -1.32818 9.57005e-321 1.55716e+142 1.17371 0.734348 -0.842396 0.254119 -0.991538 -0.523599 1.927 0.465 -0.343394 0 9.30237e+242 9.30237e+242 
 1.711 1.447 -1.44064 9.57005e-321 1.55716e+142 1.20608 0.722047 -0.363101 0.280855 -0.865018 -0.506207 1.966 0.472 -0.317886 0 9.30237e+242 9.30237e+242 
 1.712 1.433 -1.54079 9.57005e-321 1.55716e+142 1.22526 0.712311 -0.469705 0.296071 -0.746018 -0.425803 1.988 0.471 -0.306411 0 9.30237e+242 9.30237e+242 
 1.715 1.419 -1.6264 9.57005e-321 1.55716e+142 1.26402 0.704114 -0.208417 0.303946 -0.616266 -0.349938 2.029 0.47 -0.296989 0 9.30237e+242 9.30237e+242 
 1.694 1.395 -1.7012 9.57005e-321 1.55716e+142 1.30253 0.673811 -0.666714 0.309691 -0.451937 -0.256874 2.07 0.448 -0.286153 0 9.30237e+242 9.30237e+242 
 1.705 1.363 -1.76153 9.57005e-321 1.55716e+142 1.31916 0.655104 -0.844097 0.308908 -0.381146 -0.218546 2.088 0.434 -0.280025 0 9.30237e+242 9.30237e+242 
 1.668 1.372 -1.80484 9.57005e-321 1.55716e+142 1.34524 0.627307 -0.817294 0.318604 -0.217946 -0.122515 2.116 0.413 -0.271196 0 9.30237e+242 9.30237e+242 
 1.662 1.31 -1.84303 9.57005e-321 1.55716e+142 1.36213 0.598 -1.04796 0.304917 -0.157152 -0.0925059 2.138 0.403 -0.246231 0 9.30237e+242 9.30237e+242 
 1.675 1.266 -1.86176 9.57005e-321 1.55716e+142 1.37753 0.569572 -1.07422 0.299249 -0.139948 -0.0839816 2.16 0.403 -0.20975 0 9.30237e+242 9.30237e+242 
 1.62 1.208 -1.87683 9.57005e-321 1.55716e+142 1.41515 0.54787 -0.523353 0.274406 0.00631382 0.00414161 2.203 0.409 -0.174471 0 9.30237e+242 9.30237e+242 
 1.609 1.211 -1.89042 9.57005e-321 1.55716e+142 1.43916 0.530973 -0.613118 0.277695 0.0921899 0.059686 2.231 0.417 -0.142953 0 9.30237e+242 9.30237e+242 
 1.58 1.187 -1.89059 9.57005e-321 1.55716e+142 1.46545 0.511353 -0.641193 0.269748 0.18601 0.123491 2.259 0.41 -0.127033 0 9.30237e+242 9.30237e+242 
 1.564 1.164 -1.88952 9.57005e-321 1.55716e+142 1.49756 0.48714 -0.64608 0.265141 0.269559 0.180996 2.292 0.393 -0.117948 0 9.30237e+242 9.30237e+242 
 1.577 1.124 -1.88397 9.57005e-321 1.55716e+142 1.51456 0.491322 0.241164 0.248075 0.259154 0.185868 2.31 0.406 -0.106856 0 9.30237e+242 9.30237e+242 
 1.548 1.094 -1.86988 9.57005e-321 1.55716e+142 1.55029 0.489534 -0.0499875 0.231782 0.35997 0.272591 2.347 0.417 -0.0907927 0 9.30237e+242 9.30237e+242 
 1.545 1.094 -1.84414 9.57005e-321 1.55716e+142 1.58412 0.501554 0.341455 0.225605 0.400657 0.3094 2.381 0.431 -0.0883073 0 9.30237e+242 9.30237e+242 
 1.554 1.092 -1.8059 9.57005e-321 1.55716e+142 1.61021 0.500566 -0.0378497 0.226296 0.389835 0.300681 2.407 0.429 -0.0895773 0 9.30237e+242 9.30237e+242 
 1.548 1.026 -1.76581 9.57005e-321 1.55716e+142 1.62241 0.510745 0.695408 0.197752 0.385696 0.337629 2.419 0.437 -0.0923128 0 9.30237e+242 9.30237e+242 
 1.523 0.98 -1.72694 9.57005e-321 1.55716e+142 1.63301 0.498314 -0.864651 0.185383 0.425286 0.391609 2.43 0.429 -0.0867509 0 9.30237e+242 9.30237e+242 
 1.528 0.983 -1.68701 9.57005e-321 1.55716e+142 1.66689 0.491973 -0.184979 0.190841 0.442143 0.395097 2.464 0.424 -0.0850692 0 9.30237e+242 9.30237e+242 
 1.513 0.957 -1.64249 9.57005e-321 1.55716e+142 1.69552 0.47046 -0.64444 0.191897 0.487126 0.428598 2.493 0.407 -0.0794087 0 9.30237e+242 9.30237e+242 
 1.533 0.899 -1.59746 9.57005e-321 1.55716e+142 1.7295 0.433905 -0.821959 0.18668 0.478147 0.431995 2.528 0.385 -0.0611696 0 9.30237e+242 9.30237e+242 
 1.528 0.931 -1.54675 9.57005e-321 1.55716e+142 1.76522 0.412922 -0.531033 0.212329 0.471643 0.38036 2.565 0.394 -0.0236549 0 9.30237e+242 9.30237e+242 
 1.53 0.911 -1.49897 9.57005e-321 1.55716e+142 1.79209 0.37907 -0.899974 0.222357 0.454161 0.352309 2.592 0.391 0.0149134 0 9.30237e+242 9.30237e+242 
 1.533 0.867 -1.45266 9.57005e-321 1.55716e+142 1.83009 0.34734 -0.695767 0.223407 0.472529 0.363774 2.629 0.389 0.0520989 0 9.30237e+242 9.30237e+242 
 1.507 0.817 -1.40759 9.57005e-321 1.55716e+142 1.86114 0.31015 -0.875007 0.227306 0.527684 0.395811 2.658 0.381 0.0886793 0 9.30237e+242 9.30237e+242 
 1.52 0.79 -1.36021 9.57005e-321 1.55716e+142 1.88218 0.291731 -0.719073 0.228692 0.494642 0.371269 2.676 0.391 0.124407 0 9.30237e+242 9.30237e+242 
 1.553 0.789 -1.30671 9.57005e-321 1.55716e+142 1.91798 0.279002 -0.341608 0.2372 0.42615 0.312771 2.708 0.405 0.158156 0 9.30237e+242 9.30237e+242 
 1.569 0.745 -1.25901 9.57005e-321 1.55716e+142 1.95517 0.278458 -0.0146204 0.22755 0.449036 0.341303 2.742 0.423 0.181675 0 9.30237e+242 9.30237e+242 
 1.551 0.755 -1.2167 9.57005e-321 1.55716e+142 1.99995 0.293028 0.314513 0.239284 0.497864 0.358346 2.784 0.452 0.200046 0 9.30237e+242 9.30237e+242 
 1.551 0.7 -1.16996 9.57005e-321 1.55716e+142 2.04327 0.302686 0.219389 0.228744 0.580098 0.428232 2.826 0.468 0.208142 0 9.30237e+242 9.30237e+242 
 1.58 0.669 -1.11795 9.57005e-321 1.55716e+142 2.08473 0.318492 0.36418 0.220347 0.59913 0.455153 2.867 0.486 0.210946 0 9.30237e+242 9.30237e+242 
 1.589 0.675 -1.05817 9.57005e-321 1.55716e+142 2.14382 0.328085 0.160945 0.235854 0.593163 0.425091 2.926 0.496 0.211466 0 9.30237e+242 9.30237e+242 
 1.592 0.658 -0.997573 9.57005e-321 1.55716e+142 2.1708 0.343159 0.509425 0.237499 0.593857 0.422923 2.953 0.511 0.211372 0 9.30237e+242 9.30237e+242 
 1.598 0.631 -0.938331 9.57005e-321 1.55716e+142 2.19872 0.367533 0.717706 0.233923 0.622153 0.446492 2.981 0.535 0.210894 0 9.30237e+242 9.30237e+242 
 1.621 0.655 -0.878305 9.57005e-321 1.55716e+142 2.22436 0.368575 0.0406227 0.246623 0.521808 0.363886 3.006 0.539 0.214676 0 9.30237e+242 9.30237e+242 
 1.626 0.659 -0.81625 9.57005e-321 1.55716e+142 2.25438 0.375519 0.227361 0.258132 0.474667 0.319643 3.036 0.546 0.214748 0 9.30237e+242 9.30237e+242 
 1.631 0.63 -0.766064 9.57005e-321 1.55716e+142 2.30142 0.367295 -0.173036 0.269646 0.477515 0.308578 3.083 0.538 0.215034 0 9.30237e+242 9.30237e+242 
 1.656 0.565 -0.718966 9.57005e-321 1.55716e+142 2.32519 0.367837 0.0227657 0.257878 0.522055 0.349442 3.106 0.542 0.219462 0 9.30237e+242 9.30237e+242 
 1.681 0.55 -0.670795 9.57005e-321 1.55716e+142 2.36104 0.360498 -0.201873 0.263827 0.483895 0.318878 3.139 0.547 0.235292 0 9.30237e+242 9.30237e+242 
 1.694 0.571 -0.619343 9.57005e-321 1.55716e+142 2.39439 0.349441 -0.32013 0.281128 0.383835 0.240985 3.167 0.557 0.262451 0 9.30237e+242 9.30237e+242 
 1.71 0.531 -0.573262 9.57005e-321 1.55716e+142 2.42042 0.326585 -0.720627 0.284208 0.360169 0.224272 3.185 0.562 0.298691 0 9.30237e+242 9.30237e+242 
 1.717 0.538 -0.537883 9.57005e-321 1.55716e+142 2.43732 0.306306 -0.875974 0.294726 0.280258 0.169521 3.194 0.566 0.330607 0 9.30237e+242 9.30237e+242 
 1.743 0.513 -0.504748 9.57005e-321 1.55716e+142 2.47796 0.297716 -0.208312 0.298645 0.272141 0.162578 3.228 0.576 0.355282 0 9.30237e+242 9.30237e+242 
 1.768 0.493 -0.477577 9.57005e-321 1.55716e+142 2.52565 0.28732 -0.214654 0.306508 0.263719 0.153651 3.269 0.583 0.378579 0 9.30237e+242 9.30237e+242 
 1.814 0.446 -0.450423 9.57005e-321 1.55716e+142 2.57569 0.284857 -0.0491824 0.302441 0.299621 0.176467 3.311 0.6 0.404903 0 9.30237e+242 9.30237e+242 
 1.861 0.44 -0.422938 9.57005e-321 1.55716e+142 2.61653 0.295981 0.265946 0.299174 0.290331 0.172935 3.343 0.631 0.432094 0 9.30237e+242 9.30237e+242 
 1.84 0.432 -0.392418 9.57005e-321 1.55716e+142 2.65344 0.294272 -0.0462874 0.32147 0.279544 0.155265 3.37 0.65 0.460795 0 9.30237e+242 9.30237e+242 
 1.881 0.44 -0.363283 9.57005e-321 1.55716e+142 2.67795 0.295629 0.0553434 0.317544 0.229214 0.129206 3.386 0.668 0.484158 0 9.30237e+242 9.30237e+242 
 1.93 0.455 -0.335678 9.57005e-321 1.55716e+142 2.70763 0.29937 0.125351 0.312641 0.172085 0.0987538 3.408 0.686 0.504406 0 9.30237e+242 9.30237e+242 
 1.982 0.435 -0.314291 9.57005e-321 1.55716e+142 2.73732 0.313996 0.45775 0.300994 0.192943 0.114876 3.433 0.709 0.516403 0 9.30237e+242 9.30237e+242 
 2.022 0.451 -0.296955 9.57005e-321 1.55716e+142 2.76741 0.330081 0.490927 0.297759 0.168884 0.101741 3.462 0.727 0.519157 0 9.30237e+242 9.30237e+242 
 2.061 0.401 -0.278115 9.57005e-321 1.55716e+142 2.81468 0.337141 0.148258 0.296148 0.239696 0.14467 3.507 0.738 0.524839 0 9.30237e+242 9.30237e+242 
 2.063 0.358 -0.259368 9.57005e-321 1.55716e+142 2.84869 0.334936 -0.0647416 0.305992 0.285251 0.16625 3.535 0.746 0.539643 0 9.30237e+242 9.30237e+242 
 2.043 0.387 -0.233928 9.57005e-321 1.55716e+142 2.8898 0.348676 0.322483 0.332137 0.235438 0.126909 3.568 0.773 0.559079 0 9.30237e+242 9.30237e+242 
 2.13 0.381 -0.207331 9.57005e-321 1.55716e+142 2.90966 0.365835 0.712617 0.305575 0.23331 0.136576 3.579 0.804 0.57962 0 9.30237e+242 9.30237e+242 
 2.181 0.367 -0.184453 9.57005e-321 1.55716e+142 2.93776 0.374179 0.288671 0.296297 0.240142 0.144864 3.6 0.823 0.595625 0 9.30237e+242 9.30237e+242 
 2.212 0.364 -0.161063 9.57005e-321 1.55716e+142 2.95143 0.392267 0.923672 0.289479 0.246127 0.151865 3.611 0.845 0.601544 0 9.30237e+242 9.30237e+242 
 2.184 0.399 -0.136944 9.57005e-321 1.55716e+142 2.97538 0.398001 0.235022 0.31206 0.168993 0.0971703 3.632 0.855 0.608026 0 9.30237e+242 9.30237e+242 
 2.215 0.379 -0.11408 9.57005e-321 1.55716e+142 3.02329 0.408262 0.210944 0.318448 0.187342 0.1055 3.678 0.868 0.612205 0 9.30237e+242 9.30237e+242 
 2.252 0.325 -0.0974816 9.57005e-321 1.55716e+142 3.05103 0.422594 0.476984 0.313949 0.272198 0.154814 3.701 0.889 0.622426 0 9.30237e+242 9.30237e+242 
 2.317 0.372 -0.0755262 9.57005e-321 1.55716e+142 3.07449 0.423684 0.0464263 0.299141 0.178257 0.106853 3.715 0.903 0.642433 0 9.30237e+242 9.30237e+242 
 2.349 0.367 -0.0509165 9.57005e-321 1.55716e+142 3.09835 0.436503 0.493009 0.296514 0.177798 0.107516 3.728 0.93 0.664761 0 9.30237e+242 9.30237e+242 
 2.388 0.349 -0.0341296 9.57005e-321 1.55716e+142 3.12628 0.454546 0.573529 0.292703 0.217926 0.133222 3.748 0.958 0.680674 0 9.30237e+242 9.30237e+242 
 2.375 0.328 -0.0156649 9.57005e-321 1.55716e+142 3.15915 0.470385 0.449041 0.311973 0.242815 0.139192 3.775 0.981 0.692248 0 9.30237e+242 9.30237e+242 
 2.38 0.31 0.00799678 9.57005e-321 1.55716e+142 3.18326 0.476659 0.254595 0.321072 0.244831 0.136405 3.796 0.991 0.698313 0 9.30237e+242 9.30237e+242 
 2.407 0.323 0.0332564 9.57005e-321 1.55716e+142 3.21708 0.494804 0.492444 0.325035 0.219162 0.120778 3.824 1.016 0.709553 0 9.30237e+242 9.30237e+242 
 2.466 0.325 0.0575101 9.57005e-321 1.55716e+142 3.24417 0.504525 0.344492 0.313721 0.210664 0.120287 3.843 1.035 0.724944 0 9.30237e+242 9.30237e+242 
 2.491 0.311 0.0792236 9.57005e-321 1.55716e+142 3.28493 0.517892 0.316898 0.322033 0.219022 0.121816 3.876 1.057 0.739454 0 9.30237e+242 9.30237e+242 
 2.507 0.339 0.100511 9.57005e-321 1.55716e+142 3.31489 0.529167 0.359876 0.327443 0.163236 0.0894936 3.896 1.079 0.757754 0 9.30237e+242 9.30237e+242 
 2.545 0.338 0.118975 9.57005e-321 1.55716e+142 3.33591 0.547719 0.723242 0.322505 0.174996 0.0973615 3.902 1.113 0.784683 0 9.30237e+242 9.30237e+242 
 2.608 0.314 0.135933 9.57005e-321 1.55716e+142 3.36439 0.557382 0.327078 0.311893 0.21819 0.125263 3.921 1.132 0.801317 0 9.30237e+242 9.30237e+242 
 2.649 0.353 0.1535 9.57005e-321 1.55716e+142 3.38637 0.575596 0.691898 0.303599 0.173574 0.102549 3.938 1.155 0.809954 0 9.30237e+242 9.30237e+242 
 2.679 0.313 0.175332 9.57005e-321 1.55716e+142 3.40213 0.596101 0.915477 0.303873 0.245461 0.144388 3.949 1.18 0.818138 0 9.30237e+242 9.30237e+242 
 2.683 0.322 0.192396 9.57005e-321 1.55716e+142 3.41991 0.619831 0.927966 0.31129 0.238341 0.136955 3.96 1.21 0.829675 0 9.30237e+242 9.30237e+242 
 2.689 0.337 0.21966 9.57005e-321 1.55716e+142 3.45156 0.63741 0.506896 0.322498 0.194124 0.107928 3.989 1.23 0.834168 0 9.30237e+242 9.30237e+242 
 2.731 0.335 0.242495 9.57005e-321 1.55716e+142 3.47335 0.658899 0.778661 0.318181 0.210479 0.118513 4.008 1.254 0.838852 0 9.30237e+242 9.30237e+242 
 2.803 0.314 0.262379 9.57005e-321 1.55716e+142 3.50215 0.665859 0.237103 0.30599 0.253073 0.147786 4.03 1.267 0.850221 0 9.30237e+242 9.30237e+242 
 2.828 0.336 0.284685 9.57005e-321 1.55716e+142 3.51845 0.678117 0.644679 0.302462 0.217648 0.128808 4.035 1.289 0.868876 0 9.30237e+242 9.30237e+242 
 2.828 0.373 0.310118 9.57005e-321 1.55716e+142 3.54181 0.704071 0.838039 0.310616 0.15463 0.0893682 4.045 1.326 0.890541 0 9.30237e+242 9.30237e+242 
 2.862 0.417 0.328448 9.57005e-321 1.55716e+142 3.56386 0.736285 0.970427 0.305032 0.122525 0.0721763 4.056 1.367 0.908193 0 9.30237e+242 9.30237e+242 
 2.896 0.384 0.34426 9.57005e-321 1.55716e+142 3.59409 0.759778 0.660646 0.312166 0.186209 0.106961 4.083 1.393 0.913304 0 9.30237e+242 9.30237e+242 
 2.927 0.393 0.357823 9.57005e-321 1.55716e+142 3.62783 0.785213 0.646078 0.316123 0.189899 0.10771 4.116 1.419 0.91446 0 9.30237e+242 9.30237e+242 
 2.947 0.397 0.377114 9.57005e-321 1.55716e+142 3.66221 0.813099 0.68137 0.325799 0.187002 0.102951 4.145 1.451 0.922934 0 9.30237e+242 9.30237e+242 
 2.989 0.389 0.396112 9.57005e-321 1.55716e+142 3.70989 0.847158 0.620304 0.335513 0.21237 0.113445 4.182 1.493 0.939567 0 9.30237e+242 9.30237e+242 
 3.027 0.402 0.414886 9.57005e-321 1.55716e+142 3.75646 0.836253 -0.23005 0.33519 0.152692 0.0818136 4.206 1.498 0.974078 0 9.30237e+242 9.30237e+242 
 3.07 0.422 0.435913 9.57005e-321 1.55716e+142 3.79727 0.837059 0.0197505 0.331612 0.103466 0.0561026 4.222 1.515 1.01112 0 9.30237e+242 9.30237e+242 
 3.083 0.413 0.448635 9.57005e-321 1.55716e+142 3.83602 0.853174 0.394133 0.345466 0.100673 0.052406 4.229 1.55 1.0573 0 9.30237e+242 9.30237e+242 
 3.158 0.467 0.45853 9.57005e-321 1.55716e+142 3.88902 0.864598 0.212288 0.330182 0.0495836 0.0270242 4.253 1.577 1.09845 0 9.30237e+242 9.30237e+242 
 3.18 0.478 0.467216 9.57005e-321 1.55716e+142 3.9156 0.900032 0.927117 0.336337 0.0672044 0.0359507 4.256 1.624 1.13129 0 9.30237e+242 9.30237e+242 
 3.242 0.52 0.473126 9.57005e-321 1.55716e+142 3.9582 0.92954 0.605812 0.327286 0.0579436 0.0318569 4.273 1.665 1.16636 0 9.30237e+242 9.30237e+242 
 3.265 0.504 0.480023 9.57005e-321 1.55716e+142 3.97549 0.963401 1.09874 0.334813 0.117586 0.0631321 4.278 1.704 1.18301 0 9.30237e+242 9.30237e+242 
 3.27 0.531 0.487874 9.57005e-321 1.55716e+142 3.99798 0.992648 0.915357 0.341478 0.0968093 0.0509859 4.286 1.739 1.2025 0 9.30237e+242 9.30237e+242 
 3.296 0.546 0.499572 9.57005e-321 1.55716e+142 4.02263 1.01699 0.779163 0.343061 0.0946331 0.0496121 4.301 1.767 1.2154 0 9.30237e+242 9.30237e+242 
 3.324 0.549 0.50922 9.57005e-321 1.55716e+142 4.03571 1.04104 1.07242 0.342356 0.119821 0.062915 4.306 1.794 1.22616 0 9.30237e+242 9.30237e+242 
 3.307 0.552 0.518345 9.57005e-321 1.55716e+142 4.05103 1.07107 1.09909 0.359081 0.113812 0.0569899 4.31 1.828 1.24115 0 9.30237e+242 9.30237e+242 
 3.365 0.571 0.531984 9.57005e-321 1.55716e+142 4.07032 1.09063 0.792387 0.346455 0.128974 0.0669083 4.319 1.851 1.25471 0 9.30237e+242 9.30237e+242 
 3.385 0.6 0.544398 9.57005e-321 1.55716e+142 4.07623 1.11915 1.36648 0.341952 0.124943 0.0656742 4.314 1.883 1.26902 0 9.30237e+242 9.30237e+242 
 3.423 0.614 0.558036 9.57005e-321 1.55716e+142 4.08566 1.14948 1.2693 0.336407 0.152128 0.0812193 4.318 1.915 1.27613 0 9.30237e+242 9.30237e+242 
 3.479 0.63 0.571332 9.57005e-321 1.55716e+142 4.09044 1.19405 1.46396 0.3266 0.21678 0.118911 4.318 1.961 1.28237 0 9.30237e+242 9.30237e+242 
 3.507 0.674 0.588116 9.57005e-321 1.55716e+142 4.12408 1.21369 0.528472 0.323428 0.162901 0.0904134 4.347 1.982 1.28841 0 9.30237e+242 9.30237e+242 
 3.578 0.664 0.609951 9.57005e-321 1.55716e+142 4.14997 1.25285 0.986591 0.321592 0.236697 0.131716 4.37 2.022 1.29217 0 9.30237e+242 9.30237e+242 
 3.558 0.688 0.628211 9.57005e-321 1.55716e+142 4.17367 1.2736 0.719165 0.335175 0.165258 0.0885168 4.382 2.046 1.30735 0 9.30237e+242 9.30237e+242 
 3.576 0.683 0.649762 9.57005e-321 1.55716e+142 4.19964 1.30801 0.924208 0.348128 0.171117 0.0882462 4.386 2.086 1.33569 0 9.30237e+242 9.30237e+242 
 3.602 0.719 0.665573 9.57005e-321 1.55716e+142 4.22665 1.33483 0.781839 0.346625 0.14114 0.0731624 4.385 2.119 1.37155 0 9.30237e+242 9.30237e+242 
 3.61 0.728 0.681601 9.57005e-321 1.55716e+142 4.24116 1.35279 0.891392 0.351326 0.123696 0.0632902 4.378 2.141 1.3989 0 9.30237e+242 9.30237e+242 
 3.643 0.76 0.695137 9.57005e-321 1.55716e+142 4.24821 1.39017 1.38441 0.345325 0.138323 0.0719761 4.369 2.181 1.41923 0 9.30237e+242 9.30237e+242 
 3.677 0.779 0.707659 9.57005e-321 1.55716e+142 4.2419 1.42375 1.75651 0.337746 0.179617 0.0954349 4.353 2.216 1.43147 0 9.30237e+242 9.30237e+242 
 3.696 0.767 0.722379 9.57005e-321 1.55716e+142 4.25904 1.46432 1.17109 0.352086 0.211488 0.107702 4.367 2.257 1.43543 0 9.30237e+242 9.30237e+242 
 3.727 0.819 0.741832 9.57005e-321 1.55716e+142 4.27111 1.50031 1.24724 0.343105 0.193892 0.101371 4.379 2.293 1.43552 0 9.30237e+242 9.30237e+242 
 3.782 0.877 0.763051 9.57005e-321 1.55716e+142 4.27489 1.52694 1.42981 0.320835 0.198162 0.110721 4.38 2.32 1.43902 0 9.30237e+242 9.30237e+242 
 3.809 0.881 0.78296 9.57005e-321 1.55716e+142 4.30265 1.56619 0.955168 0.331986 0.204191 0.110262 4.402 2.36 1.44629 0 9.30237e+242 9.30237e+242 
 3.794 0.909 0.803517 9.57005e-321 1.55716e+142 4.30891 1.60475 1.40988 0.341504 0.162856 0.0856281 4.396 2.4 1.46172 0 9.30237e+242 9.30237e+242 
 3.815 0.925 0.82145 9.57005e-321 1.55716e+142 4.32427 1.63479 1.09814 0.344772 0.158924 0.0827819 4.391 2.432 1.48729 0 9.30237e+242 9.30237e+242 
 3.845 0.955 0.837326 9.57005e-321 1.55716e+142 4.35446 1.68347 1.01581 0.350955 0.154244 0.0789452 4.403 2.482 1.51008 0 9.30237e+242 9.30237e+242 
 3.88 0.976 0.853433 9.57005e-321 1.55716e+142 4.36281 1.71973 1.34434 0.349442 0.177157 0.0910026 4.397 2.519 1.52805 0 9.30237e+242 9.30237e+242 
 3.893 1.024 0.868656 9.57005e-321 1.55716e+142 4.3732 1.73012 0.785437 0.337649 0.131328 0.0698968 4.387 2.53 1.55354 0 9.30237e+242 9.30237e+242 
 3.89 1.021 0.886146 9.57005e-321 1.55716e+142 4.38374 1.74401 0.921931 0.346656 0.107137 0.0555731 4.379 2.544 1.57671 0 9.30237e+242 9.30237e+242 
 3.932 1.009 0.898478 9.57005e-321 1.55716e+142 4.40317 1.78323 1.11064 0.35774 0.157312 0.078988 4.384 2.583 1.59476 0 9.30237e+242 9.30237e+242 
 3.974 1.072 0.909566 9.57005e-321 1.55716e+142 4.41725 1.81465 1.1497 0.341451 0.1541 0.0810576 4.385 2.614 1.61111 0 9.30237e+242 9.30237e+242 
 3.98 1.081 0.925988 9.57005e-321 1.55716e+142 4.422 1.83932 1.3803 0.346718 0.146598 0.0759604 4.376 2.638 1.62833 0 9.30237e+242 9.30237e+242 
 4.011 1.121 0.942158 9.57005e-321 1.55716e+142 4.429 1.86448 1.29973 0.336936 0.145721 0.0776912 4.366 2.662 1.64962 0 9.30237e+242 9.30237e+242 
 4.033 1.107 0.956565 9.57005e-321 1.55716e+142 4.42325 1.90136 1.72544 0.34817 0.197085 0.10154 4.35 2.698 1.66248 0 9.30237e+242 9.30237e+242 
 4.072 1.127 0.971583 9.57005e-321 1.55716e+142 4.40893 1.94821 1.86737 0.346708 0.261871 0.135127 4.327 2.744 1.67339 0 9.30237e+242 9.30237e+242 
 4.082 1.199 0.992672 9.57005e-321 1.55716e+142 4.39784 1.99341 1.81135 0.334434 0.249109 0.133281 4.314 2.789 1.67579 0 9.30237e+242 9.30237e+242 
 4.124 1.251 1.01946 9.57005e-321 1.55716e+142 4.3823 2.04124 1.88502 0.323354 0.292838 0.161591 4.3 2.837 1.67385 0 9.30237e+242 9.30237e+242 
 4.105 1.264 1.04567 9.57005e-321 1.55716e+142 4.36757 2.07307 2.00411 0.332167 0.263407 0.141781 4.287 2.869 1.67168 0 9.30237e+242 9.30237e+242 
 4.137 1.273 1.07539 9.57005e-321 1.55716e+142 4.35308 2.09702 2.11504 0.331119 0.297437 0.160303 4.273 2.893 1.67106 0 9.30237e+242 9.30237e+242 
 4.151 1.337 1.10205 9.57005e-321 1.55716e+142 4.35809 2.12502 1.3938 0.318148 0.263453 0.147966 4.278 2.921 1.67107 0 9.30237e+242 9.30237e+242 
 4.173 1.352 1.13271 9.57005e-321 1.55716e+142 4.34956 2.16407 1.78581 0.323854 0.278789 0.15373 4.269 2.96 1.67167 0 9.30237e+242 9.30237e+242 
 4.186 1.399 1.15932 9.57005e-321 1.55716e+142 4.35396 2.21031 1.47598 0.323739 0.258228 0.142601 4.271 3.006 1.67468 0 9.30237e+242 9.30237e+242 
 4.196 1.414 1.1872 9.57005e-321 1.55716e+142 4.36925 2.24766 1.18212 0.334084 0.223083 0.11962 4.283 3.043 1.67882 0 9.30237e+242 9.30237e+242 
 4.202 1.484 1.21262 9.57005e-321 1.55716e+142 4.3773 2.29744 1.41051 0.327776 0.182221 0.0997359 4.276 3.091 1.69776 0 9.30237e+242 9.30237e+242 
 4.239 1.484 1.23372 9.57005e-321 1.55716e+142 4.38055 2.34307 1.4997 0.34183 0.217113 0.113833 4.254 3.133 1.72965 0 9.30237e+242 9.30237e+242 
 4.232 1.521 1.25141 9.57005e-321 1.55716e+142 4.40181 2.39267 1.16584 0.350481 0.158991 0.0814739 4.23 3.174 1.78724 0 9.30237e+242 9.30237e+242 
 4.262 1.566 1.27237 9.57005e-321 1.55716e+142 4.42915 2.42122 0.807154 0.344546 0.132006 0.0688544 4.226 3.195 1.82754 0 9.30237e+242 9.30237e+242 
 4.267 1.602 1.28774 9.57005e-321 1.55716e+142 4.45417 2.46318 1.03302 0.349269 0.0865448 0.0445724 4.233 3.232 1.85091 0 9.30237e+242 9.30237e+242 
 4.299 1.639 1.30104 9.57005e-321 1.55716e+142 4.48572 2.47732 0.421337 0.340656 0.0634134 0.0334946 4.238 3.238 1.88562 0 9.30237e+242 9.30237e+242 
 4.332 1.663 1.30899 9.57005e-321 1.55716e+142 4.50005 2.50913 1.14745 0.341939 0.0823757 0.0433362 4.216 3.257 1.93378 0 9.30237e+242 9.30237e+242 
 4.323 1.693 1.31626 9.57005e-321 1.55716e+142 4.51212 2.54625 1.25645 0.346801 0.0456665 0.0236978 4.198 3.282 1.97431 0 9.30237e+242 9.30237e+242 
 4.358 1.736 1.32385 9.57005e-321 1.55716e+142 4.5146 2.56387 1.43102 0.334061 0.0751161 0.0404522 4.181 3.291 2.00094 0 9.30237e+242 9.30237e+242 
 4.365 1.766 1.32986 9.57005e-321 1.55716e+142 4.52304 2.58119 1.11715 0.329371 0.0618682 0.0337979 4.176 3.302 2.01951 0 9.30237e+242 9.30237e+242 
 4.387 1.794 1.33681 9.57005e-321 1.55716e+142 4.50405 2.62511 1.97901 0.332132 0.117691 0.0636968 4.149 3.342 2.03065 0 9.30237e+242 9.30237e+242 
 4.381 1.849 1.34425 9.57005e-321 1.55716e+142 4.49452 2.65685 1.86254 0.322978 0.108631 0.0604678 4.132 3.37 2.04109 0 9.30237e+242 9.30237e+242 
 4.392 1.871 1.35664 9.57005e-321 1.55716e+142 4.48968 2.70454 1.67196 0.332025 0.121975 0.06603 4.12 3.414 2.05115 0 9.30237e+242 9.30237e+242 
 4.42 1.882 1.36765 9.57005e-321 1.55716e+142 4.47693 2.73724 1.94255 0.337958 0.170934 0.0907911 4.104 3.445 2.05574 0 9.30237e+242 9.30237e+242 
 4.419 1.942 1.38137 9.57005e-321 1.55716e+142 4.46072 2.76649 2.07674 0.325429 0.173391 0.0956129 4.078 3.469 2.06963 0 9.30237e+242 9.30237e+242 
 4.431 1.955 1.3991 9.57005e-321 1.55716e+142 4.45598 2.80088 1.70774 0.333476 0.177685 0.0956162 4.06 3.496 2.08861 0 9.30237e+242 9.30237e+242 
 4.434 1.976 1.41688 9.57005e-321 1.55716e+142 4.45424 2.82482 1.64337 0.334994 0.162651 0.0871744 4.048 3.514 2.10343 0 9.30237e+242 9.30237e+242 
 4.416 2.011 1.43441 9.57005e-321 1.55716e+142 4.45618 2.85939 1.51474 0.336215 0.111479 0.0596119 4.039 3.542 2.11938 0 9.30237e+242 9.30237e+242 
 4.433 2.044 1.4497 9.57005e-321 1.55716e+142 4.44681 2.88655 1.90317 0.333198 0.130983 0.0706415 4.015 3.56 2.14095 0 9.30237e+242 9.30237e+242 
 4.444 2.109 1.46087 9.57005e-321 1.55716e+142 4.44946 2.91649 1.48263 0.319337 0.128781 0.0724625 4.004 3.581 2.16135 0 9.30237e+242 9.30237e+242 
 4.434 2.111 1.47387 9.57005e-321 1.55716e+142 4.4292 2.92606 2.70031 0.322338 0.128424 0.0715921 3.977 3.586 2.17153 0 9.30237e+242 9.30237e+242 
 4.432 2.177 1.48729 9.57005e-321 1.55716e+142 4.4112 2.94413 2.35444 0.303298 0.137529 0.0814397 3.956 3.602 2.17608 0 9.30237e+242 9.30237e+242 
 4.434 2.248 1.50043 9.57005e-321 1.55716e+142 4.39572 2.97418 2.04626 0.287092 0.152063 0.0950524 3.939 3.631 2.1784 0 9.30237e+242 9.30237e+242 
 4.48 2.26 1.51479 9.57005e-321 1.55716e+142 4.37513 3.00347 2.18372 0.293865 0.242655 0.147552 3.918 3.66 2.17902 0 9.30237e+242 9.30237e+242 
 4.46 2.285 1.53261 9.57005e-321 1.55716e+142 4.34716 3.02259 2.54171 0.292302 0.234952 0.143687 3.887 3.677 2.18365 0 9.30237e+242 9.30237e+242 
 4.452 2.312 1.55831 9.57005e-321 1.55716e+142 4.32719 3.04602 2.27689 0.292034 0.223773 0.137062 3.865 3.699 2.18675 0 9.30237e+242 9.30237e+242 
 4.48 2.326 1.58216 9.57005e-321 1.55716e+142 4.31481 3.06889 2.06673 0.297354 0.256834 0.154237 3.85 3.72 2.19078 0 9.30237e+242 9.30237e+242 
 4.498 2.36 1.60518 9.57005e-321 1.55716e+142 4.30658 3.09615 1.86408 0.296601 0.272233 0.163732 3.84 3.746 2.19349 0 9.30237e+242 9.30237e+242 
 4.505 2.39 1.63225 9.57005e-321 1.55716e+142 4.29359 3.12478 1.99684 0.298209 0.270749 0.161993 3.822 3.771 2.20122 0 9.30237e+242 9.30237e+242 
 4.464 2.43 1.66013 9.57005e-321 1.55716e+142 4.27264 3.14473 2.3806 0.290538 0.213005 0.131207 3.793 3.785 2.21373 0 9.30237e+242 9.30237e+242 
 4.474 2.453 1.68735 9.57005e-321 1.55716e+142 4.26705 3.17322 1.76433 0.294586 0.202181 0.122916 3.775 3.804 2.23327 0 9.30237e+242 9.30237e+242 
 4.471 2.474 1.70839 9.57005e-321 1.55716e+142 4.2445 3.2241 1.98808 0.308307 0.19361 0.112558 3.745 3.849 2.24513 0 9.30237e+242 9.30237e+242 
 4.493 2.531 1.72813 9.57005e-321 1.55716e+142 4.23972 3.25824 1.70986 0.302175 0.220653 0.130689 3.729 3.874 2.26322 0 9.30237e+242 9.30237e+242 
 4.487 2.549 1.74822 9.57005e-321 1.55716e+142 4.23392 3.2887 1.75891 0.307737 0.189331 0.110293 3.712 3.895 2.28155 0 9.30237e+242 9.30237e+242 
 4.486 2.575 1.76993 9.57005e-321 1.55716e+142 4.23975 3.31579 1.35884 0.308234 0.151598 0.0882987 3.703 3.909 2.30627 0 9.30237e+242 9.30237e+242 
 4.486 2.612 1.78787 9.57005e-321 1.55716e+142 4.23954 3.35043 1.57678 0.307807 0.130796 0.0763384 3.686 3.928 2.33495 0 9.30237e+242 9.30237e+242 
 4.478 2.68 1.80202 9.57005e-321 1.55716e+142 4.24416 3.38883 1.45109 0.295495 0.108463 0.0659738 3.674 3.95 2.36414 0 9.30237e+242 9.30237e+242 
 4.445 2.67 1.81507 9.57005e-321 1.55716e+142 4.22698 3.43029 1.96355 0.313869 0.0436604 0.0250335 3.642 3.976 2.39092 0 9.30237e+242 9.30237e+242 
 4.399 2.682 1.82481 9.57005e-321 1.55716e+142 4.22186 3.47243 1.69187 0.32146 -0.0419261 -0.023472 3.624 4.004 2.41482 0 9.30237e+242 9.30237e+242 
 4.441 2.716 1.82831 9.57005e-321 1.55716e+142 4.19976 3.49988 2.24848 0.325411 0.0513258 0.0283831 3.586 4.013 2.44527 0 9.30237e+242 9.30237e+242 
 4.408 2.769 1.82972 9.57005e-321 1.55716e+142 4.1921 3.53308 1.7976 0.315194 0.0205411 0.0117301 3.562 4.026 2.47775 0 9.30237e+242 9.30237e+242 
 4.397 2.807 1.83333 9.57005e-321 1.55716e+142 4.18185 3.55714 1.9737 0.30979 0.0209208 0.0121552 3.544 4.04 2.49362 0 9.30237e+242 9.30237e+242 
 4.368 2.85 1.8363 9.57005e-321 1.55716e+142 4.16627 3.58011 2.16651 0.300722 0.00505616 0.0030264 3.521 4.053 2.50916 0 9.30237e+242 9.30237e+242 
 4.378 2.856 1.83897 9.57005e-321 1.55716e+142 4.14928 3.60924 2.09901 0.312444 0.0332141 0.0191324 3.496 4.071 2.52629 0 9.30237e+242 9.30237e+242 
 4.39 2.882 1.84069 9.57005e-321 1.55716e+142 4.12772 3.64158 2.15875 0.318575 0.0781531 0.0441291 3.47 4.097 2.53597 0 9.30237e+242 9.30237e+242 
 4.363 2.926 1.84387 9.57005e-321 1.55716e+142 4.10726 3.66667 2.25501 0.310685 0.0740468 0.0428738 3.442 4.111 2.55273 0 9.30237e+242 9.30237e+242 
 4.327 2.967 1.85064 9.57005e-321 1.55716e+142 4.08938 3.68451 2.35728 0.299899 0.0496698 0.0298031 3.417 4.118 2.56894 0 9.30237e+242 9.30237e+242 
 4.34 2.98 1.85716 9.57005e-321 1.55716e+142 4.06734 3.71575 2.18511 0.310975 0.0854253 0.0494061 3.386 4.135 2.58998 0 9.30237e+242 9.30237e+242 
 4.398 3.028 1.86208 9.57005e-321 1.55716e+142 4.04159 3.74539 2.2862 0.314655 0.21144 0.12037 3.355 4.156 2.60261 0 9.30237e+242 9.30237e+242 
 4.359 3.09 1.87254 9.57005e-321 1.55716e+142 4.02086 3.77206 2.23141 0.299443 0.196655 0.117666 3.328 4.172 2.61809 0 9.30237e+242 9.30237e+242 
 4.319 3.107 1.89432 9.57005e-321 1.55716e+142 4.00099 3.78808 2.46303 0.29701 0.140595 0.0850008 3.303 4.179 2.63106 0 9.30237e+242 9.30237e+242 
 4.329 3.14 1.91307 9.57005e-321 1.55716e+142 3.98557 3.82308 1.98584 0.301829 0.153556 0.0913208 3.281 4.202 2.64816 0 9.30237e+242 9.30237e+242 
 4.277 3.157 1.927 9.57005e-321 1.55716e+142 3.96578 3.85593 2.11288 0.303309 0.0780192 0.0462677 3.256 4.225 2.66209 0 9.30237e+242 9.30237e+242 
 4.264 3.179 1.94052 9.57005e-321 1.55716e+142 3.93452 3.8812 2.4618 0.307403 0.0859213 0.0502688 3.218 4.237 2.68069 0 9.30237e+242 9.30237e+242 
 4.262 3.22 1.94782 9.57005e-321 1.55716e+142 3.90736 3.92274 2.14985 0.311571 0.112598 0.0649581 3.181 4.258 2.70917 0 9.30237e+242 9.30237e+242 
 4.23 3.213 1.9566 9.57005e-321 1.55716e+142 3.87445 3.95155 2.42251 0.324948 0.0785975 0.0435103 3.141 4.271 2.73083 0 9.30237e+242 9.30237e+242 
 4.255 3.254 1.96705 9.57005e-321 1.55716e+142 3.84288 3.96717 2.68208 0.325054 0.159526 0.0881097 3.102 4.269 2.75473 0 9.30237e+242 9.30237e+242 
 4.248 3.299 1.97585 9.57005e-321 1.55716e+142 3.82002 3.9777 2.71002 0.315647 0.196279 0.111466 3.073 4.264 2.7756 0 9.30237e+242 9.30237e+242 
 4.208 3.337 1.99322 9.57005e-321 1.55716e+142 3.7919 4.00534 2.3647 0.310485 0.167381 0.0967341 3.042 4.284 2.78581 0 9.30237e+242 9.30237e+242 
 4.219 3.367 2.01315 9.57005e-321 1.55716e+142 3.7593 4.01914 2.74124 0.313337 0.213663 0.12213 3.008 4.294 2.79087 0 9.30237e+242 9.30237e+242 
 4.207 3.399 2.03092 9.57005e-321 1.55716e+142 3.74397 4.03656 2.29249 0.309581 0.208957 0.120901 2.99 4.304 2.80073 0 9.30237e+242 9.30237e+242 
 4.168 3.409 2.05281 9.57005e-321 1.55716e+142 3.70419 4.05191 2.77335 0.312365 0.178018 0.102225 2.948 4.313 2.80913 0 9.30237e+242 9.30237e+242 
 4.185 3.419 2.0735 9.57005e-321 1.55716e+142 3.67789 4.07186 2.49272 0.325201 0.196797 0.1085 2.918 4.322 2.82358 0 9.30237e+242 9.30237e+242 
 4.169 3.455 2.09214 9.57005e-321 1.55716e+142 3.65152 4.088 2.59236 0.321391 0.20447 0.11402 2.889 4.33 2.83427 0 9.30237e+242 9.30237e+242 
 4.139 3.533 2.11247 9.57005e-321 1.55716e+142 3.62267 4.10518 2.60441 0.301807 0.238718 0.141423 2.857 4.337 2.8476 0 9.30237e+242 9.30237e+242 
 4.133 3.565 2.13466 9.57005e-321 1.55716e+142 3.59623 4.11577 2.76052 0.300442 0.258579 0.153697 2.828 4.339 2.85881 0 9.30237e+242 9.30237e+242 
 4.133 3.604 2.16005 9.57005e-321 1.55716e+142 3.569 4.12156 2.9321 0.297517 0.29568 0.177016 2.798 4.335 2.87152 0 9.30237e+242 9.30237e+242 
 4.117 3.654 2.18721 9.57005e-321 1.55716e+142 3.54619 4.11944 -3.04892 0.284537 0.332507 0.207324 2.772 4.321 2.8869 0 9.30237e+242 9.30237e+242 
 4.096 3.656 2.21843 9.57005e-321 1.55716e+142 3.51118 4.12227 3.06107 0.290107 0.30846 0.189101 2.736 4.32 2.89184 0 9.30237e+242 9.30237e+242 
 4.101 3.642 2.25221 9.57005e-321 1.55716e+142 3.47765 4.13411 2.80203 0.30964 0.274521 0.15825 2.702 4.33 2.89422 0 9.30237e+242 9.30237e+242 
 4.077 3.646 2.28098 9.57005e-321 1.55716e+142 3.44849 4.1445 2.79923 0.314256 0.236467 0.134625 2.673 4.341 2.89343 0 9.30237e+242 9.30237e+242 
 4.085 3.661 2.30704 9.57005e-321 1.55716e+142 3.40546 4.15538 2.89397 0.328451 0.256226 0.139507 2.63 4.352 2.89327 0 9.30237e+242 9.30237e+242 
 4.064 3.696 2.33066 9.57005e-321 1.55716e+142 3.36675 4.15753 3.08613 0.325729 0.281589 0.15437 2.591 4.353 2.89476 0 9.30237e+242 9.30237e+242 
 4.032 3.743 2.35654 9.57005e-321 1.55716e+142 3.33381 4.17074 2.76023 0.31846 0.29258 0.163888 2.558 4.366 2.89503 0 9.30237e+242 9.30237e+242 
 4.039 3.791 2.38484 9.57005e-321 1.55716e+142 3.30045 4.1824 2.80519 0.323003 0.334522 0.184303 2.523 4.371 2.90361 0 9.30237e+242 9.30237e+242 
 3.956 3.78 2.41614 9.57005e-321 1.55716e+142 3.26767 4.20973 2.44682 0.318843 0.208563 0.117203 2.486 4.38 2.92711 0 9.30237e+242 9.30237e+242 
 3.93 3.792 2.44794 9.57005e-321 1.55716e+142 3.23545 4.23811 2.41946 0.325911 0.153302 0.0844666 2.45 4.39 2.95057 0 9.30237e+242 9.30237e+242 
 3.919 3.819 2.46702 9.57005e-321 1.55716e+142 3.20091 4.26132 2.54994 0.33299 0.153181 0.0826145 2.411 4.388 2.98257 0 9.30237e+242 9.30237e+242 
