 3.643 2.644 0.959934 0 0 3.53277 2.77177 -2.28994 0 0 0 2.704 1.824 0 0 0 0 
 3.644 2.639 0.959933 0 0 3.54177 2.77477 -4.03771 0.0400886 0.439174 0.523599 2.709 1.823 0 0 0 0 
 3.642 2.639 0.960642 0 0 3.55377 2.77477 -31.1779 0.0447515 0.406789 0.523599 2.714 1.823 0 0 0 0 
 3.643 2.638 0.998727 0 0 3.54677 2.77377 -6.19741 0.0458955 0.417792 0.523599 2.711 1.822 0 0 0 0 
 3.646 2.645 1.03981 0 0 3.54377 2.76877 -2.65544 0.0409933 0.410111 0.523599 2.711 1.823 0 0 0 0 
 3.644 2.645 1.08183 0 0 3.54377 2.77877 -4.15399 0.0516247 0.407446 0.523599 2.71 1.828 0 0 0 0 
 3.64 2.635 1.12261 0 0 3.54577 2.78877 16.3794 0.0692914 0.401421 0.523599 2.709 1.828 0 0 0 0 
 3.64 2.63 1.16411 0 0 3.55377 2.79377 2.93558 0.0811105 0.377426 0.523599 2.713 1.828 0 0 0 0 
 3.651 2.636 1.20825 0 0 3.55077 2.80577 8.09382 0.0862249 0.401067 0.523599 2.717 1.837 0 0 0 0 
 3.657 2.642 1.25117 0 0 3.53677 2.79577 -3.32813 0.0768522 0.426657 0.523599 2.713 1.835 0 0 0 0 
 3.67 2.653 1.29495 0 0 3.49577 2.76077 -0.711675 0.0449884 0.530122 0.523599 2.699 1.823 0 0 0 0 
 3.673 2.646 1.34031 0 0 3.48477 2.76777 -0.755315 0.0588078 0.559624 0.523599 2.695 1.823 0 0 0 0 
 3.684 2.644 1.39489 0 0 3.48377 2.79777 -0.965679 0.0867167 0.577613 0.523599 2.7 1.837 0 0 0 0 
 3.695 2.649 1.45285 0 0 3.48277 2.79477 -0.820014 0.0892932 0.585749 0.523599 2.705 1.838 0 0 0 0 
 3.707 2.664 1.51273 0 0 3.48277 2.77777 -0.555898 0.0768781 0.598918 0.523599 2.711 1.837 0 0 0 0 
 3.71 2.672 1.57315 0 0 3.47377 2.77177 -0.449364 0.0772025 0.612509 0.523599 2.708 1.838 0 0 0 0 
 3.723 2.699 1.63446 0 0 3.46877 2.75277 -0.214698 0.0584768 0.658912 0.523599 2.712 1.842 0 0 0 0 
 3.739 2.726 1.69695 0 0 3.45877 2.74177 -0.0563228 0.0485851 0.728861 0.523599 2.715 1.85 0 0 0 0 
 3.749 2.742 1.7655 0 0 3.42877 2.72977 0.0382196 0.0523706 0.824777 0.523599 2.705 1.852 0 0 0 0 
 3.753 2.751 1.84128 0 0 3.40877 2.73077 0.0588445 0.069481 0.860809 0.523599 2.697 1.857 0 0 0 0 
 3.754 2.755 1.9247 0 0 3.39177 2.76077 -0.0159211 0.107678 0.833636 0.523599 2.689 1.874 0 0 0 0 
 3.738 2.765 2.01106 0 0 3.40977 2.78077 -0.0480727 0.117642 0.717513 0.523599 2.69 1.889 0 0 0 0 
 3.733 2.759 2.09305 0 0 3.42277 2.78677 -0.0897433 0.130424 0.627134 0.523599 2.694 1.889 0 0 0 0 
 3.726 2.773 2.16398 0 0 3.42577 2.77477 -0.0058853 0.123544 0.6146 0.523599 2.692 1.89 0 0 0 0 
 3.721 2.787 2.22618 0 0 3.44877 2.76277 0.0892509 0.107213 0.582391 0.523599 2.701 1.891 0 0 0 0 
 3.708 2.803 2.28718 0 0 3.46577 2.74077 0.26272 0.0838977 0.577905 0.523599 2.703 1.888 0 0 0 0 
 3.7 2.817 2.34631 0 0 3.46977 2.72677 0.4133 0.0741252 0.593231 0.523599 2.701 1.888 0 0 0 0 
 3.703 2.83 2.40583 0 0 3.47477 2.73377 0.448544 0.0790331 0.582936 0.523599 2.705 1.898 0 0 0 0 
 3.71 2.851 2.46472 0 0 3.50377 2.72877 0.673465 0.0656123 0.590042 0.523599 2.723 1.906 0 0 0 0 
 3.704 2.869 2.52413 0 0 3.52977 2.76277 0.698498 0.0603057 0.498325 0.523599 2.733 1.932 0 0 0 0 
 3.695 2.886 2.58265 0 0 3.53477 2.82777 0.380319 0.0731074 0.355225 0.523599 2.731 1.973 0 0 0 0 
 3.696 2.883 2.62659 0 0 3.54577 2.88277 0.00155033 0.0876484 0.194401 0.523599 2.737 1.999 0 0 0 0 
 3.704 2.874 2.65393 0 0 3.54177 2.94177 -0.443832 0.11608 0.0412116 0.141068 2.739 2.024 0 0 0 0 
 3.7 2.875 2.6657 0 0 3.53577 2.99677 -0.915711 0.133926 -0.0826665 -0.24206 2.734 2.052 0 0 0 0 
 3.691 2.885 2.66548 0 0 3.52677 3.07277 -2.19491 0.155309 -0.22399 -0.523253 2.725 2.095 0 0 0 0 
 3.683 2.887 2.66524 0 0 3.50277 3.16877 -134.261 0.196685 -0.390475 -0.523599 2.709 2.144 0 0 0 0 
 3.669 2.891 2.66039 0 0 3.51677 3.25677 0.911089 0.212558 -0.574814 -0.523599 2.709 2.19 0 0 0 0 
 3.644 2.897 2.63231 0 0 3.53577 3.31877 -0.941451 0.215557 -0.705035 -0.523599 2.706 2.224 0 0 0 0 
 3.624 2.903 2.56765 0 0 3.51377 3.38277 -2.65591 0.25287 -0.734425 -0.523599 2.685 2.259 0 0 0 0 
 3.598 2.916 2.49101 0 0 3.50377 3.43177 1.05018 0.276262 -0.737268 -0.523599 2.667 2.29 0 0 0 0 
 3.582 2.921 2.41638 0 0 3.48577 3.46277 0.765637 0.303706 -0.694478 -0.523599 2.65 2.308 0 0 0 0 
 3.556 2.915 2.34086 0 0 3.48177 3.49877 100.028 0.330484 -0.697021 -0.523599 2.635 2.323 0 0 0 0 
 3.538 2.927 2.26876 0 0 3.45177 3.48077 -0.139449 0.330503 -0.577547 -0.523599 2.611 2.32 0 0 0 0 
 3.505 2.952 2.19743 0 0 3.42677 3.47577 -0.436724 0.320634 -0.493726 -0.523599 2.582 2.33 0 0 0 0 
 3.485 2.983 2.13642 0 0 3.36077 3.45077 -0.719438 0.309167 -0.301671 -0.372119 2.539 2.333 0 0 0 0 
 3.456 3.002 2.08672 0 0 3.30577 3.40177 0.521396 0.280293 -0.142612 -0.200776 2.497 2.318 0 0 0 0 
 3.438 3.041 2.05726 0 0 3.25177 3.33677 57.5946 0.2311 0.0596196 0.102829 2.461 2.305 0 0 0 0 
 3.429 3.076 2.04366 0 0 3.20277 3.26377 -1.09337 0.181462 0.275312 0.523599 2.432 2.286 0 0 0 0 
 3.423 3.106 2.046 0 0 3.14077 3.19977 -0.345022 0.148698 0.506257 0.523599 2.398 2.269 0 0 0 0 
 3.416 3.137 2.05212 0 0 3.04377 3.16277 -0.0693332 0.147344 0.759767 0.523599 2.346 2.266 0 0 0 0 
 3.414 3.161 2.08916 0 0 2.96577 3.14477 0.0362312 0.164942 0.915928 0.523599 2.306 2.269 0 0 0 0 
 3.405 3.179 2.16345 0 0 2.86477 3.12077 0.108211 0.205296 1.04219 0.523599 2.251 2.266 0 0 0 0 
 3.385 3.182 2.2552 0 0 2.77277 3.11577 0.108606 0.262996 1.04999 0.523599 2.195 2.265 0 0 0 0 
 3.368 3.185 2.35691 0 0 2.70177 3.12277 0.0936828 0.321503 0.990945 0.523599 2.151 2.27 0 0 0 0 
 3.368 3.195 2.45809 0 0 2.58977 3.10677 0.113864 0.404317 0.984452 0.523599 2.095 2.267 0 0 0 0 
 3.37 3.214 2.55389 0 0 2.48177 3.08977 0.140785 0.487205 0.960664 0.523599 2.042 2.268 0 0 0 0 
 3.356 3.225 2.64895 0 0 2.39777 3.06477 0.168793 0.549673 0.90418 0.523599 1.993 2.261 0 0 0 0 
 3.337 3.232 2.73914 0 0 2.31677 3.03177 0.198822 0.607157 0.843751 0.507339 1.943 2.248 0 0 0 0 
 3.298 3.255 2.82895 0 0 2.27977 3.00477 0.250822 0.623794 0.788864 0.468316 1.905 2.246 0 0 0 0 
 3.258 3.275 2.91353 0 0 2.22777 2.99877 0.274743 0.65037 0.706048 0.409674 1.859 2.253 0 0 0 0 
 3.201 3.298 2.99337 0 0 2.19677 3.00577 0.299504 0.650078 0.620399 0.364665 1.815 2.268 0 0 0 0 
 3.149 3.306 3.06587 0 0 2.19277 2.99777 0.33399 0.632246 0.551376 0.335638 1.787 2.268 0 0 0 0 
 3.09 3.315 3.1309 0 0 2.20777 3.00077 0.372047 0.594404 0.490322 0.31871 1.765 2.274 0 0 0 0 
 3.019 3.326 -3.09044 0 0 2.20277 3.01177 0.405198 0.559697 0.428626 0.297251 1.727 2.285 0 0 0 0 
 2.944 3.342 -3.03722 0 0 2.21777 3.02777 0.461879 0.507441 0.394602 0.301566 1.697 2.301 0 0 0 0 
 2.872 3.349 -2.99031 0 0 2.21577 3.02277 0.542581 0.469081 0.388003 0.319524 1.66 2.302 0 0 0 0 
 2.802 3.356 -2.94767 0 0 2.22777 3.05777 0.571711 0.416126 0.334912 0.311456 1.631 2.323 0 0 0 0 
 2.735 3.358 -2.907 0 0 2.26677 3.10377 0.603465 0.343866 0.27603 0.310692 1.617 2.347 0 0 0 0 
 2.688 3.36 -2.87167 0 0 2.33977 3.15177 0.681161 0.261143 0.235498 0.346192 1.63 2.372 0 0 0 0 
 2.639 3.34 -2.8438 0 0 2.41077 3.20577 0.666866 0.171385 0.147753 0.332075 1.641 2.389 0 0 0 0 
 2.604 3.317 -2.82124 0 0 2.44177 3.27677 0.253205 0.110478 -0.0331101 -0.11931 1.639 2.413 0 0 0 0 
 2.593 3.301 -2.80847 0 0 2.47077 3.33677 -0.301258 0.0698813 -0.196636 -0.523599 1.648 2.435 0 0 0 0 
 2.575 3.283 -2.8109 0 0 2.48277 3.38077 -1.78441 0.0398013 -0.334311 -0.523599 1.645 2.448 0 0 0 0 
 2.564 3.267 -2.81281 0 0 2.48977 3.42477 1.61468 0.0189156 -0.478962 -0.523599 1.643 2.462 0 0 0 0 
 2.563 3.262 -2.82968 0 0 2.49477 3.47377 0.038028 0.010015 -0.614219 -0.523599 1.645 2.484 0 0 0 0 
 2.566 3.259 -2.87836 0 0 2.54377 3.52477 0.702887 4.90483e-08 -0.738528 -0.523599 1.671 2.508 0 0 0 0 
 2.571 3.255 -2.94045 0 0 2.58877 3.57877 -0.723556 1.96431e-08 -0.888012 -0.523599 1.696 2.533 0 0 0 0 
 2.576 3.251 -3.01504 0 0 2.63777 3.62277 -0.270669 1.24742e-08 -1.01745 -0.523599 1.723 2.553 0 0 0 0 
 2.585 3.252 -3.10426 0 0 2.66077 3.61777 -8.64619 7.69015e-08 -1.00596 -0.523599 1.739 2.551 0 0 0 0 
 2.601 3.24 3.07246 0 0 2.68077 3.63977 -3.24066 1.0693e-06 -1.06956 -0.523599 1.757 2.556 0 0 0 0 
 2.612 3.233 2.96914 0 0 2.70977 3.67077 4.18172 0.0233991 -1.14261 -0.523599 1.777 2.568 0 0 0 0 
 2.62 3.212 2.8608 0 0 2.73977 3.71977 1.9552 0.0647959 -1.25087 -0.523599 1.796 2.582 0 0 0 0 
 2.618 3.195 2.74558 0 0 2.77977 3.76477 0.400054 0.104289 -1.33153 -0.523599 1.815 2.596 0 0 0 0 
 2.618 3.19 2.62026 0 0 2.82177 3.79777 -0.160287 0.146248 -1.35485 -0.523599 1.836 2.61 0 0 0 0 
 2.614 3.179 2.48773 0 0 2.86177 3.83877 -0.519006 0.203617 -1.36376 -0.523599 1.854 2.625 0 0 0 0 
 2.595 3.185 2.35176 0 0 2.88477 3.84877 -1.1404 0.243126 -1.3198 -0.523599 1.856 2.633 0 0 0 0 
 2.561 3.184 2.21667 0 0 2.92077 3.86577 -2.9754 0.285151 -1.30894 -0.523599 1.857 2.641 0 0 0 0 
 2.54 3.184 2.08327 0 0 2.95777 3.85777 -23.8038 0.318955 -1.268 -0.523599 1.865 2.637 0 0 0 0 
 2.519 3.194 1.95295 0 0 3.00677 3.85577 4.59984 0.351038 -1.24016 -0.523599 1.879 2.641 0 0 0 0 
 2.496 3.202 1.82511 0 0 3.05377 3.86177 2.4472 0.393595 -1.20355 -0.523599 1.891 2.648 0 0 0 0 
 2.478 3.221 1.69946 0 0 3.07577 3.85477 1.78536 0.422734 -1.13089 -0.523599 1.893 2.654 0 0 0 0 
 2.459 3.245 1.57828 0 0 3.08277 3.82477 1.33937 0.43095 -1.05894 -0.523599 1.887 2.651 0 0 0 0 
 2.42 3.257 1.46125 0 0 3.11377 3.80077 0.996787 0.457418 -1.0362 -0.523599 1.883 2.645 0 0 0 0 
 2.38 3.283 1.35029 0 0 3.15377 3.77077 0.729696 0.478183 -1.04123 -0.523599 1.883 2.643 0 0 0 0 
 2.359 3.312 1.24183 0 0 3.16277 3.74777 0.602363 0.491439 -0.990086 -0.523599 1.877 2.646 0 0 0 0 
 2.33 3.354 1.13198 0 0 3.17977 3.69777 0.428158 0.49198 -0.994129 -0.523599 1.871 2.642 0 0 0 0 
 2.31 3.391 1.02633 0 0 3.19177 3.64677 0.29848 0.493875 -0.990451 -0.523599 1.867 2.635 0 0 0 0 
 2.32 3.434 0.917187 0 0 3.18577 3.59177 0.184272 0.474751 -0.96563 -0.523599 1.869 2.629 0 0 0 0 
 2.332 3.494 0.808147 0 0 3.16777 3.52377 0.0356315 0.440108 -0.98646 -0.523599 1.866 2.625 0 0 0 0 
 2.334 3.539 0.698986 0 0 3.14177 3.47677 -0.077196 0.424831 -0.976612 -0.523599 1.854 2.624 0 0 0 0 
 2.358 3.578 0.586064 0 0 3.10977 3.43577 -0.191489 0.400963 -0.948154 -0.523599 1.85 2.623 0 0 0 0 
 2.393 3.615 0.474932 0 0 3.08277 3.38877 -0.340275 0.37458 -0.944323 -0.523599 1.854 2.618 0 0 0 0 
 2.402 3.662 0.365128 0 0 3.07377 3.33777 -0.523993 0.379079 -0.981663 -0.523599 1.854 2.616 0 0 0 0 
 2.431 3.713 0.25681 0 0 3.04077 3.30677 -0.786105 0.363706 -1.00424 -0.523599 1.852 2.626 0 0 0 0 
 2.456 3.752 0.148425 0 0 3.02177 3.25977 -1.18539 0.366886 -1.03662 -0.523599 1.855 2.622 0 0 0 0 
 2.482 3.773 0.0383674 0 0 3.00177 3.24077 -1.64277 0.372143 -1.00244 -0.523599 1.858 2.623 0 0 0 0 
 2.511 3.79 -0.0734482 0 0 2.96877 3.22577 -2.84305 0.368491 -0.97003 -0.523599 1.856 2.624 0 0 0 0 
 2.548 3.796 -0.182624 0 0 2.91577 3.22977 -32.0985 0.342022 -0.930314 -0.523599 1.848 2.629 0 0 0 0 
 2.595 3.801 -0.290319 0 0 2.87277 3.21877 1.72516 0.320199 -0.930278 -0.523599 1.85 2.626 0 0 0 0 
 2.633 3.818 -0.396419 0 0 2.84277 3.19977 0.196842 0.32121 -0.948127 -0.523599 1.854 2.625 0 0 0 0 
 2.663 3.825 -0.503539 0 0 2.80277 3.18477 -7.5512 0.321178 -0.955032 -0.523599 1.849 2.621 0 0 0 0 
 2.713 3.835 -0.611319 0 0 2.75477 3.18277 0.092197 0.308773 -0.995232 -0.523599 1.85 2.625 0 0 0 0 
 2.75 3.834 -0.718491 0 0 2.71977 3.17177 -0.0871348 0.312832 -1.00531 -0.523599 1.851 2.619 0 0 0 0 
 2.766 3.825 -0.828863 0 0 2.71177 3.17477 -0.650545 0.326668 -0.926118 -0.523599 1.855 2.616 0 0 0 0 
 2.785 3.826 -0.937777 0 0 2.68077 3.18577 -0.141813 0.33222 -0.892627 -0.523599 1.849 2.622 0 0 0 0 
 2.801 3.828 -1.03844 0 0 2.66677 3.17777 -7.55096 0.354396 -0.844015 -0.523599 1.85 2.619 0 0 0 0 
 2.827 3.831 -1.13766 0 0 2.64677 3.17477 0.545576 0.371611 -0.818281 -0.523599 1.853 2.619 0 0 0 0 
 2.849 3.829 -1.2294 0 0 2.62477 3.18677 -0.284806 0.376711 -0.792453 -0.523599 1.853 2.624 0 0 0 0 
 2.891 3.81 -1.31885 0 0 2.58277 3.20377 -2.39182 0.366554 -0.840531 -0.523599 1.853 2.623 0 0 0 0 
 2.926 3.777 -1.40762 0 0 2.55977 3.24077 9.3442 0.340213 -0.860879 -0.523599 1.859 2.625 0 0 0 0 
 2.966 3.764 -1.50509 0 0 2.53177 3.24977 2.45674 0.352109 -0.88251 -0.523599 1.865 2.623 0 0 0 0 
 2.995 3.732 -1.60476 0 0 2.49277 3.28577 1.23082 0.34068 -0.926077 -0.523599 1.86 2.625 0 0 0 0 
 3.008 3.705 -1.70079 0 0 2.47977 3.28877 1.00516 0.350247 -0.888822 -0.523599 1.86 2.613 0 0 0 0 
 3.024 3.682 -1.80126 0 0 2.46377 3.31777 0.760434 0.350213 -0.875914 -0.523599 1.86 2.616 0 0 0 0 
 3.044 3.653 -1.89826 0 0 2.42577 3.36277 0.507282 0.348165 -0.928097 -0.523599 1.851 2.624 0 0 0 0 
 3.059 3.61 -1.99474 0 0 2.42077 3.39977 0.341852 0.336063 -0.944551 -0.523599 1.856 2.621 0 0 0 0 
 3.062 3.562 -2.09636 0 0 2.43377 3.44977 0.180574 0.308133 -0.956521 -0.523599 1.864 2.622 0 0 0 0 
 3.056 3.52 -2.19877 0 0 2.44177 3.50377 0.0264341 0.283618 -0.980081 -0.523599 1.865 2.628 0 0 0 0 
 3.042 3.492 -2.3041 0 0 2.44777 3.53977 -0.0805574 0.274226 -0.963976 -0.523599 1.861 2.632 0 0 0 0 
 3.026 3.456 -2.41329 0 0 2.46377 3.56577 -0.197753 0.261876 -0.944004 -0.523599 1.861 2.627 0 0 0 0 
 3.024 3.431 -2.5202 0 0 2.46977 3.59477 -0.304395 0.267469 -0.938296 -0.523599 1.863 2.629 0 0 0 0 
 3.02 3.405 -2.62539 0 0 2.47177 3.62277 -0.419516 0.277029 -0.937175 -0.523599 1.862 2.63 0 0 0 0 
 3.022 3.389 -2.72818 0 0 2.47377 3.63277 -0.476463 0.29738 -0.889184 -0.523599 1.864 2.627 0 0 0 0 
 3.012 3.364 -2.82931 0 0 2.48577 3.66777 -0.651241 0.300427 -0.899552 -0.523599 1.865 2.632 0 0 0 0 
 2.99 3.343 -2.92322 0 0 2.51177 3.70477 -0.943748 0.288973 -0.920586 -0.523599 1.867 2.64 0 0 0 0 
 2.966 3.314 -3.0206 0 0 2.55977 3.72977 -1.64087 0.266813 -0.949719 -0.523599 1.879 2.638 0 0 0 0 
 2.954 3.292 -3.12215 0 0 2.57977 3.76377 -3.11995 0.276706 -0.971446 -0.523599 1.883 2.644 0 0 0 0 
 2.955 3.264 3.05341 0 0 2.58277 3.80777 -9.05657 0.315089 -0.987092 -0.523599 1.885 2.652 0 0 0 0 
 2.937 3.24 2.95056 0 0 2.57077 3.84177 13.8015 0.35204 -0.972786 -0.523599 1.87 2.657 0 0 0 0 
 2.915 3.219 2.84736 0 0 2.54677 3.88277 4.23695 0.398462 -0.941312 -0.523599 1.847 2.667 0 0 0 0 
 2.871 3.217 2.74598 0 0 2.57277 3.90877 1.07611 0.395823 -0.935775 -0.523599 1.838 2.679 0 0 0 0 
 2.841 3.205 2.6484 0 0 2.59677 3.95877 0.0553885 0.418329 -0.953847 -0.523599 1.835 2.698 0 0 0 0 
 2.813 3.195 2.54742 0 0 2.61277 3.97277 -0.918088 0.435085 -0.914509 -0.523599 1.829 2.7 0 0 0 0 
 2.78 3.192 2.44586 0 0 2.64977 3.99377 0.127463 0.44306 -0.906849 -0.523599 1.831 2.709 0 0 0 0 
 2.734 3.194 2.34799 0 0 2.70177 4.02577 -0.795693 0.447711 -0.945155 -0.523599 1.834 2.726 0 0 0 0 
 2.703 3.196 2.24936 0 0 2.72077 4.07177 -1.4686 0.483301 -0.918222 -0.523599 1.828 2.75 0 0 0 0 
 2.662 3.216 2.14589 0 0 2.76177 4.08977 -0.7869 0.48807 -0.907527 -0.523599 1.828 2.769 0 0 0 0 
 2.616 3.24 2.04812 0 0 2.78977 4.14177 -1.93438 0.51625 -0.897084 -0.523599 1.819 2.807 0 0 0 0 
 2.572 3.27 1.94855 0 0 2.78777 4.18377 1.93299 0.543743 -0.831143 -0.523599 1.796 2.843 0 0 0 0 
 2.523 3.296 1.85297 0 0 2.77077 4.24577 0.828224 0.587177 -0.749744 -0.472206 1.763 2.887 0 0 0 0 
 2.494 3.317 1.76528 0 0 2.74777 4.30877 0.963066 0.633454 -0.634727 -0.381199 1.737 2.929 0 0 0 0 
 2.464 3.359 1.6883 0 0 2.76577 4.34077 0.112271 0.641313 -0.594857 -0.355281 1.731 2.966 0 0 0 0 
 2.435 3.402 1.62277 0 0 2.74477 4.39777 0.073105 0.662275 -0.510508 -0.299087 1.706 3.016 0 0 0 0 
 2.406 3.448 1.55893 0 0 2.68377 4.44177 0.466032 0.668313 -0.37678 -0.221801 1.661 3.061 0 0 0 0 
 2.385 3.502 1.50347 0 0 2.63477 4.44377 0.727565 0.6377 -0.272502 -0.169292 1.626 3.089 0 0 0 0 
 2.366 3.569 1.46467 0 0 2.56577 4.46277 4.11584 0.604277 -0.158091 -0.104269 1.582 3.132 0 0 0 0 
 2.351 3.66 1.43578 0 0 2.48277 4.40977 -0.674028 0.504252 -0.0500069 -0.0396474 1.533 3.151 0 0 0 0 
 2.351 3.726 1.41975 0 0 2.39077 4.41177 29.3482 0.45383 0.113556 0.0997542 1.487 3.185 0 0 0 0 
 2.367 3.798 1.41658 0 0 2.32477 4.42177 1.36458 0.406855 0.256356 0.246895 1.462 3.226 0 0 0 0 
 2.376 3.861 1.41847 0 0 2.30977 4.41477 1.80076 0.359399 0.292948 0.315175 1.459 3.254 0 0 0 0 
 2.407 3.912 1.42704 0 0 2.20277 4.43577 0.650944 0.33563 0.550281 0.523599 1.421 3.29 0 0 0 0 
 2.417 3.953 1.4489 0 0 2.11677 4.46077 8.26233 0.329033 0.710367 0.523599 1.383 3.323 0 0 0 0 
 2.435 4.003 1.5055 0 0 2.03077 4.47477 -2.34085 0.322238 0.851016 0.523599 1.349 3.355 0 0 0 0 
 2.454 4.055 1.58015 0 0 1.92777 4.49277 -1.09759 0.332209 0.992903 0.523599 1.307 3.39 0 0 0 0 
 2.456 4.095 1.66881 0 0 1.85777 4.50677 -0.822492 0.353038 1.02604 0.523599 1.273 3.417 0 0 0 0 
 2.46 4.13 1.76874 0 0 1.79977 4.54377 -0.72407 0.397361 1.0003 0.523599 1.246 3.453 0 0 0 0 
 2.46 4.166 1.87227 0 0 1.72177 4.58977 -0.646667 0.45542 0.965643 0.523599 1.207 3.494 0 0 0 0 
 2.454 4.21 1.97453 0 0 1.63377 4.60977 -0.53003 0.499835 0.951249 0.523599 1.16 3.526 0 0 0 0 
 2.466 4.256 2.07132 0 0 1.54177 4.59777 -0.387615 0.540282 0.98176 0.523599 1.12 3.543 0 0 0 0 
 2.443 4.29 2.16537 0 0 1.48877 4.62177 -0.362401 0.577019 0.894997 0.523599 1.082 3.572 0 0 0 0 
 2.419 4.333 2.26012 0 0 1.45677 4.66477 -0.359134 0.606263 0.775522 0.472943 1.054 3.615 0 0 0 0 
 2.386 4.384 2.34807 0 0 1.44977 4.67777 -0.324496 0.597763 0.685623 0.430141 1.034 3.647 0 0 0 0 
 2.353 4.427 2.4264 0 0 1.41077 4.71077 -0.310612 0.612885 0.595583 0.370734 0.998 3.685 0 0 0 0 
 2.323 4.477 2.49836 0 0 1.37877 4.72077 -0.264056 0.613013 0.549729 0.34441 0.967 3.715 0 0 0 0 
 2.286 4.532 2.56217 0 0 1.39177 4.72177 -0.215456 0.577486 0.509266 0.33912 0.955 3.743 0 0 0 0 
 2.244 4.565 2.62052 0 0 1.38977 4.73677 -0.203832 0.556772 0.436342 0.303778 0.933 3.767 0 0 0 0 
 2.204 4.582 2.67385 0 0 1.38177 4.80777 -0.281694 0.557302 0.269058 0.190766 0.909 3.811 0 0 0 0 
 2.158 4.606 2.71974 0 0 1.36577 4.87977 -0.360009 0.553986 0.119466 0.0860465 0.878 3.859 0 0 0 0 
 2.106 4.631 2.74577 0 0 1.34377 4.91877 -0.396553 0.539743 0.0461387 0.0341798 0.841 3.891 0 0 0 0 
 2.059 4.666 2.75541 0 0 1.31277 4.92977 -0.36896 0.524155 0.0606886 0.0462805 0.802 3.914 0 0 0 0 
 2.003 4.697 2.76135 0 0 1.30677 4.95877 -0.394754 0.492889 0.0261814 0.0212441 0.771 3.944 0 0 0 0 
 1.955 4.718 2.76764 0 0 1.30077 5.02377 -0.504658 0.477927 -0.0791402 -0.0661396 0.744 3.987 0 0 0 0 
 1.902 4.733 2.77075 0 0 1.32377 5.09277 -0.71721 0.445718 -0.225032 -0.19927 0.729 4.029 0 0 0 0 
 1.846 4.755 2.77058 0 0 1.32777 5.14477 -0.93554 0.418008 -0.32222 -0.299089 0.703 4.066 0 0 0 0 
 1.79 4.768 2.76452 0 0 1.34377 5.19577 -1.42416 0.387108 -0.441067 -0.42763 0.683 4.098 0 0 0 0 
 1.743 4.788 2.73955 0 0 1.36877 5.27777 -3.72795 0.368579 -0.581564 -0.523599 0.672 4.149 0 0 0 0 
 1.707 4.817 2.69258 0 0 1.41077 5.34477 4.67339 0.346285 -0.674298 -0.523599 0.675 4.197 0 0 0 0 
 1.678 4.849 2.63252 0 0 1.42577 5.37677 1.74014 0.333376 -0.666666 -0.523599 0.668 4.229 0 0 0 0 
 1.665 4.877 2.56337 0 0 1.44877 5.40477 0.843757 0.326867 -0.644541 -0.523599 0.673 4.257 0 0 0 0 
 1.639 4.889 2.49357 0 0 1.48077 5.48477 -0.71925 0.342937 -0.73622 -0.523599 0.676 4.303 0 0 0 0 
 1.617 4.894 2.42454 0 0 1.52877 5.55977 -3.1388 0.361862 -0.834564 -0.523599 0.689 4.343 0 0 0 0 
 1.578 4.905 2.34805 0 0 1.60377 5.60877 -1.43364 0.357084 -0.952844 -0.523599 0.707 4.373 0 0 0 0 
 1.557 4.925 2.26168 0 0 1.69277 5.65877 -1.20617 0.362175 -1.04389 -0.523599 0.741 4.408 0 0 0 0 
 1.517 4.943 2.1618 0 0 1.80277 5.70477 -0.51541 0.371369 -1.16675 -0.523599 0.776 4.44 0 0 0 0 
 1.494 4.955 2.05236 0 0 1.88377 5.75677 -1.89188 0.415251 -1.19521 -0.523599 0.805 4.472 0 0 0 0 
 1.447 4.946 1.93076 0 0 1.96077 5.83777 -6.00754 0.504307 -1.19898 -0.523599 0.82 4.508 0 0 0 0 
 1.412 4.957 1.8059 0 0 2.04177 5.88077 9.58468 0.57038 -1.16985 -0.523599 0.843 4.535 0 0 0 0 
 1.402 4.996 1.68548 0 0 2.06377 5.89777 4.73512 0.603989 -1.06299 -0.523599 0.849 4.563 0 0 0 0 
 1.392 5.039 1.57313 0 0 2.12777 5.95077 2.90442 0.657776 -0.989595 -0.523599 0.876 4.611 0 0 0 0 
 1.372 5.078 1.51032 0 0 2.18777 5.97177 1.94363 0.680526 -0.995318 -0.523599 0.896 4.641 0 0 0 0 
 1.357 5.107 1.4298 0 0 2.22477 6.03677 1.83333 0.740629 -0.912132 -0.457731 0.907 4.688 0 0 0 0 
 1.348 5.138 1.33451 0 0 2.29777 6.07577 1.51496 0.796083 -0.844882 -0.401464 0.939 4.723 0 0 0 0 
 1.322 5.168 1.24468 0 0 2.35377 6.12177 1.32533 0.856607 -0.770897 -0.345535 0.954 4.761 0 0 0 0 
 1.333 5.233 1.16093 0 0 2.38277 6.16077 1.21903 0.871368 -0.679256 -0.302257 0.974 4.813 0 0 0 0 
 1.363 5.311 1.08328 0 0 2.34477 6.18877 1.24492 0.83745 -0.545563 -0.254914 0.97 4.866 0 0 0 0 
 1.381 5.397 1.00766 0 0 2.32277 6.18877 1.11726 0.7901 -0.469174 -0.233205 0.968 4.909 0 0 0 0 
 1.414 5.483 0.940857 0 0 2.33777 6.20277 0.987612 0.7563 -0.419052 -0.218107 0.992 4.959 0 0 0 0 
 1.457 5.587 0.883434 0 0 2.34877 6.16477 0.756881 0.681891 -0.449336 -0.257721 1.019 4.992 0 0 0 0 
 1.508 5.672 0.832218 0 0 2.34177 6.18977 0.715416 0.633681 -0.392433 -0.242829 1.041 5.047 0 0 0 0 
 1.571 5.742 0.780806 0 0 2.27277 6.19577 0.754863 0.545628 -0.276112 -0.199719 1.038 5.085 0 0 0 0 
 1.618 5.815 0.736754 0 0 2.24577 6.19677 0.696147 0.480664 -0.239637 -0.19684 1.048 5.122 0 0 0 0 
 1.662 5.867 0.706995 0 0 2.21177 6.18077 0.641994 0.414064 -0.219449 -0.208902 1.053 5.14 0 0 0 0 
 1.699 5.908 0.68379 0 0 2.18677 6.15777 0.56207 0.357111 -0.225425 -0.247329 1.059 5.149 0 0 0 0 
 1.732 5.948 0.661293 0 0 2.13977 6.12177 0.453961 0.286057 -0.240783 -0.32477 1.052 5.151 0 0 0 0 
 1.752 5.962 0.638112 0 0 2.09577 6.08977 0.389785 0.2352 -0.22945 -0.372049 1.04 5.142 0 0 0 0 
 1.771 5.977 0.614799 0 0 2.08277 6.02477 0.154423 0.190535 -0.330691 -0.523599 1.043 5.117 0 0 0 0 
 1.786 5.987 0.590039 0 0 2.05377 5.93477 -0.19758 0.135018 -0.475575 -0.523599 1.036 5.077 0 0 0 0 
 1.802 6.005 0.553751 0 0 1.98977 5.82477 -1.42798 0.0554195 -0.665071 -0.523599 1.012 5.031 0 0 0 0 
 1.811 6.022 0.503273 0 0 1.92477 5.69777 0.300177 6.24911e-08 -0.928461 -0.523599 0.984 4.976 0 0 0 0 
 1.834 6.044 0.435205 0 0 1.87177 5.56777 -0.0434481 4.42766e-09 -1.24683 -0.523599 0.969 4.922 0 0 0 0 
 1.85 6.056 0.342095 0 0 1.85977 5.44577 0.367874 3.18848e-08 -1.48583 -0.523599 0.971 4.867 0 0 0 0 
 1.853 6.084 0.218688 0 0 1.84677 5.27377 2.45559 3.1527e-08 -1.70398 -0.523599 0.966 4.795 0 0 0 0 
 1.833 6.113 0.0730803 0 0 1.81077 5.15477 -1.21575 0.0586068 -1.77023 -0.523599 0.938 4.75 0 0 0 0 
 1.811 6.12 -0.0938254 0 0 1.79477 5.04577 0.205485 0.190526 -1.7516 -0.523599 0.919 4.699 0 0 0 0 
 1.821 6.113 -0.269908 0 0 1.75277 5.01277 0.442604 0.282522 -1.68391 -0.523599 0.903 4.679 0 0 0 0 
 1.884 6.082 -0.441938 0 0 1.68577 5.02177 -1.3543 0.306433 -1.63997 -0.523599 0.901 4.668 0 0 0 0 
 1.919 6.076 -0.604656 0 0 1.63477 5.03377 0.579533 0.355352 -1.57541 -0.523599 0.893 4.671 0 0 0 0 
 1.943 6.09 -0.765514 0 0 1.61677 5.01177 0.164985 0.447953 -1.46858 -0.523599 0.896 4.667 0 0 0 0 
 1.956 6.108 -0.922908 0 0 1.59577 4.99977 -0.065252 0.536213 -1.33494 -0.523599 0.892 4.67 0 0 0 0 
 1.955 6.107 -1.0657 0 0 1.59077 4.99477 -0.0881903 0.602993 -1.16966 -0.523599 0.889 4.667 0 0 0 0 
 1.966 6.094 -1.18978 0 0 1.57977 5.00577 -0.335875 0.633624 -1.03923 -0.523599 0.889 4.666 0 0 0 0 
 1.989 6.08 -1.29941 0 0 1.57077 5.03577 -0.75206 0.640536 -0.940103 -0.523599 0.896 4.674 0 0 0 0 
 2.021 6.029 -1.40541 0 0 1.54277 5.07677 -2.23716 0.612574 -0.896489 -0.523599 0.898 4.669 0 0 0 0 
 2.059 5.978 -1.50935 0 0 1.50477 5.14377 15.2236 0.57014 -0.900405 -0.523599 0.898 4.677 0 0 0 0 
 2.075 5.897 -1.61572 0 0 1.48477 5.23677 2.05858 0.492752 -0.90495 -0.523599 0.896 4.683 0 0 0 0 
 2.101 5.823 -1.72442 0 0 1.46477 5.31877 1.01436 0.433872 -0.944647 -0.523599 0.899 4.687 0 0 0 0 
 2.117 5.75 -1.83328 0 0 1.44477 5.39977 0.57389 0.38176 -1.00345 -0.523599 0.897 4.691 0 0 0 0 
 2.149 5.687 -1.94426 0 0 1.41077 5.45677 0.32239 0.369509 -1.08397 -0.523599 0.896 4.688 0 0 0 0 
 2.169 5.653 -2.06118 0 0 1.38277 5.49477 0.204016 0.388333 -1.08824 -0.523599 0.892 4.69 0 0 0 0 
 2.172 5.62 -2.18344 0 0 1.38177 5.52377 0.122383 0.399242 -1.03641 -0.523599 0.893 4.688 0 0 0 0 
 2.181 5.597 -2.30418 0 0 1.39277 5.55877 0.0485437 0.409657 -0.97963 -0.523599 0.903 4.694 0 0 0 0 
 2.183 5.563 -2.42068 0 0 1.38477 5.60677 -0.0548848 0.419017 -0.970572 -0.523599 0.9 4.701 0 0 0 0 
 2.175 5.528 -2.52962 0 0 1.39477 5.64177 -0.146855 0.418261 -0.94329 -0.523599 0.901 4.701 0 0 0 0 
 2.173 5.493 -2.63739 0 0 1.39477 5.67277 -0.235191 0.430865 -0.919764 -0.523599 0.9 4.699 0 0 0 0 
 2.154 5.452 -2.7424 0 0 1.41177 5.70777 -0.358911 0.42326 -0.912343 -0.523599 0.899 4.696 0 0 0 0 
 2.113 5.384 -2.84534 0 0 1.46277 5.77977 -0.696918 0.379093 -1.02146 -0.523599 0.904 4.698 0 0 0 0 
 2.072 5.347 -2.94801 0 0 1.50377 5.80277 -1.03393 0.354268 -1.02721 -0.523599 0.904 4.691 0 0 0 0 
 2.023 5.311 -3.06058 0 0 1.54077 5.84877 -2.04071 0.335921 -1.07434 -0.523599 0.898 4.696 0 0 0 0 
 1.996 5.294 3.10328 0 0 1.56177 5.86177 -3.71004 0.344364 -1.02757 -0.523599 0.895 4.694 0 0 0 0 
 1.958 5.262 2.98238 0 0 1.59577 5.89777 5.36326 0.348829 -1.05409 -0.523599 0.893 4.696 0 0 0 0 
 1.906 5.22 2.86603 0 0 1.64577 5.95377 0.33354 0.352774 -1.14823 -0.523599 0.892 4.703 0 0 0 0 
 1.869 5.205 2.74743 0 0 1.70077 5.97477 -7.26501 0.354927 -1.16171 -0.523599 0.901 4.706 0 0 0 0 
 1.825 5.203 2.62077 0 0 1.75077 5.95877 -0.943266 0.344262 -1.13249 -0.523599 0.904 4.697 0 0 0 0 
 1.808 5.221 2.49148 0 0 1.76377 5.94277 -0.698078 0.354441 -1.0131 -0.523599 0.902 4.698 0 0 0 0 
 1.759 5.22 2.36688 0 0 1.82877 5.96777 3.51026 0.360017 -1.06292 -0.523599 0.91 4.71 0 0 0 0 
 1.734 5.253 2.25052 0 0 1.84577 5.92877 -0.241516 0.338935 -0.969334 -0.523599 0.906 4.707 0 0 0 0 
 1.68 5.245 2.13086 0 0 1.89777 5.93477 0.0258665 0.352712 -1.0198 -0.523599 0.905 4.706 0 0 0 0 
 1.64 5.277 2.01669 0 0 1.92377 5.89877 -1.39979 0.329876 -0.998515 -0.523599 0.898 4.704 0 0 0 0 
 1.6 5.273 1.90149 0 0 1.97577 5.89477 -11.8959 0.351896 -1.03067 -0.523599 0.904 4.7 0 0 0 0 
 1.566 5.286 1.786 0 0 2.00977 5.88177 4.30434 0.365883 -1.02249 -0.523599 0.904 4.7 0 0 0 0 
 1.565 5.313 1.67342 0 0 2.00677 5.85677 2.82781 0.362673 -0.920169 -0.523599 0.902 4.701 0 0 0 0 
 1.537 5.333 1.5633 0 0 2.03077 5.84677 1.70558 0.376024 -0.899625 -0.523599 0.9 4.706 0 0 0 0 
 1.515 5.343 1.45748 0 0 2.05877 5.83077 1.25246 0.393869 -0.876248 -0.523599 0.903 4.703 0 0 0 0 
 1.495 5.374 1.35625 0 0 2.07877 5.79977 0.893737 0.38947 -0.871253 -0.523599 0.903 4.703 0 0 0 0 
 1.47 5.399 1.25686 0 0 2.09977 5.78077 0.693281 0.400754 -0.863814 -0.523599 0.901 4.706 0 0 0 0 
 1.473 5.444 1.15551 0 0 2.10477 5.74577 0.517635 0.380717 -0.839946 -0.523599 0.905 4.711 0 0 0 0 
 1.485 5.504 1.05637 0 0 2.09477 5.67777 0.292945 0.328032 -0.865864 -0.523599 0.906 4.707 0 0 0 0 
 1.484 5.539 0.95894 0 0 2.09177 5.63677 0.162265 0.313249 -0.871545 -0.523599 0.904 4.704 0 0 0 0 
 1.496 5.586 0.859143 0 0 2.07177 5.59177 0.0100164 0.280707 -0.883318 -0.523599 0.9 4.705 0 0 0 0 
 1.495 5.641 0.759094 0 0 2.07477 5.54877 -0.160442 0.26995 -0.954413 -0.523599 0.901 4.711 0 0 0 0 
 1.495 5.66 0.655892 0 0 2.07677 5.52777 -0.231292 0.28412 -0.930023 -0.523599 0.902 4.71 0 0 0 0 
 1.493 5.68 0.5477 0 0 2.08477 5.50777 -0.299555 0.306171 -0.902359 -0.523599 0.905 4.71 0 0 0 0 
 1.51 5.711 0.444565 0 0 2.07177 5.47277 -0.451472 0.299393 -0.911041 -0.523599 0.907 4.708 0 0 0 0 
 1.523 5.745 0.346617 0 0 2.05277 5.43477 -0.663206 0.293686 -0.942968 -0.523599 0.904 4.706 0 0 0 0 
 1.536 5.796 0.245522 0 0 2.03377 5.37577 -1.12519 0.293461 -1.04121 -0.523599 0.901 4.702 0 0 0 0 
 1.547 5.834 0.140187 0 0 2.01677 5.33977 -1.75175 0.306972 -1.07143 -0.523599 0.898 4.703 0 0 0 0 
 1.57 5.855 0.0268435 0 0 1.99177 5.31677 -3.29497 0.313239 -1.05598 -0.523599 0.897 4.702 0 0 0 0 
 1.576 5.874 -0.076438 0 0 1.99177 5.29577 -5.49434 0.345504 -1.017 -0.523599 0.9 4.701 0 0 0 0 
 1.592 5.897 -0.190623 0 0 1.97177 5.27077 12.7622 0.366221 -0.994159 -0.523599 0.898 4.7 0 0 0 0 
 1.663 5.91 -0.30017 0 0 1.89277 5.26377 0.341449 0.315416 -1.05389 -0.523599 0.894 4.703 0 0 0 0 
 1.721 5.922 -0.407119 0 0 1.84277 5.24577 0.894353 0.298969 -1.10808 -0.523599 0.898 4.7 0 0 0 0 
 1.762 5.925 -0.521908 0 0 1.80577 5.24277 0.120686 0.297547 -1.10446 -0.523599 0.9 4.7 0 0 0 0 
 1.801 5.928 -0.643285 0 0 1.76877 5.24777 -1.22834 0.29935 -1.093 -0.523599 0.901 4.704 0 0 0 0 
 1.846 5.926 -0.762441 0 0 1.71977 5.24377 -1.2063 0.300314 -1.11913 -0.523599 0.899 4.701 0 0 0 0 
 1.852 5.924 -0.88169 0 0 1.71577 5.25177 -4.4294 0.326929 -1.01518 -0.523599 0.9 4.704 0 0 0 0 
 1.864 5.924 -1.00251 0 0 1.69977 5.25577 1.33312 0.34967 -0.93677 -0.523599 0.898 4.706 0 0 0 0 
 1.873 5.917 -1.11172 0 0 1.67877 5.26677 0.209067 0.359404 -0.868026 -0.523599 0.892 4.708 0 0 0 0 
 1.877 5.874 -1.21269 0 0 1.68077 5.29977 -0.218701 0.33266 -0.754148 -0.523599 0.895 4.703 0 0 0 0 
 1.903 5.85 -1.30584 0 0 1.65677 5.30577 -1.34467 0.326778 -0.749696 -0.523599 0.896 4.694 0 0 0 0 
 1.921 5.814 -1.3897 0 0 1.63277 5.33977 -13.3949 0.29559 -0.752614 -0.523599 0.893 4.693 0 0 0 0 
 1.929 5.77 -1.47122 0 0 1.63277 5.39177 3.30294 0.247766 -0.716698 -0.523599 0.897 4.697 0 0 0 0 
