 1.78 0.086 0.707126 2.88525e+214 6.90271e-310 4.73909 3.31611 2.5633 0 0 0 3.483 4.136 2.5633 0 1.97626e-323 1.60687e-316 
 1.782 0.079 0.707126 2.88525e+214 6.90271e-310 4.72609 3.3051 2.5633 3.81566 0.283349 0.0133659 3.47 4.125 2.5633 0 1.97626e-323 1.60687e-316 
 1.794 0.07 0.707126 2.88525e+214 6.90271e-310 4.72809 3.3081 2.56329 3.81664 0.291411 0.0137426 3.472 4.128 2.56329 0 1.97626e-323 1.60687e-316 
 1.78 0.091 0.707124 2.88525e+214 6.90271e-310 4.72809 3.3171 2.5633 3.81818 0.281819 0.013285 3.472 4.137 2.5633 0 1.97626e-323 1.60687e-316 
 1.766 0.065 0.707124 2.88525e+214 6.90271e-310 4.73309 3.3191 2.5633 3.84716 0.284383 0.0133048 3.477 4.139 2.5633 0 1.97626e-323 1.60687e-316 
 1.777 0.062 0.707126 2.88525e+214 6.90271e-310 4.7361 3.31511 2.5633 3.84152 0.287082 0.0134508 3.48 4.135 2.5633 0 1.97626e-323 1.60687e-316 
 1.77 0.078 0.707126 2.88525e+214 6.90271e-310 4.7341 3.31311 2.5633 3.83375 0.278866 0.0130924 3.478 4.133 2.5633 0 1.97626e-323 1.60687e-316 
 1.782 0.098 0.707126 2.88525e+214 6.90271e-310 4.7351 3.31811 2.5633 3.81771 0.277783 0.0130964 3.479 4.138 2.5633 0 1.97626e-323 1.60687e-316 
 1.764 0.078 0.707126 2.88525e+214 6.90271e-310 4.7281 3.31811 2.5633 3.83678 0.28062 0.0131644 3.472 4.138 2.5633 0 1.97626e-323 1.60687e-316 
 1.779 0.065 0.707126 2.88525e+214 6.90271e-310 4.7241 3.31411 2.56331 3.83027 0.29104 0.0136763 3.468 4.134 2.56331 0 1.97626e-323 1.60687e-316 
 1.769 0.046 0.707126 2.88525e+214 6.90271e-310 4.7321 3.31311 2.56331 3.85255 0.290433 0.0135689 3.476 4.133 2.56331 0 1.97626e-323 1.60687e-316 
 1.773 0.092 0.707125 2.88525e+214 6.90271e-310 4.7411 3.32012 2.56331 3.83204 0.274877 0.0129109 3.485 4.14 2.56331 0 1.97626e-323 1.60687e-316 
 1.777 0.086 0.707126 2.88525e+214 6.90271e-310 4.7361 3.31312 2.56331 3.82575 0.277959 0.0130771 3.48 4.133 2.56331 0 1.97626e-323 1.60687e-316 
 1.812 0.091 0.707126 2.88525e+214 6.90271e-310 4.72613 3.30516 2.56334 3.78951 0.290687 0.0138066 3.47 4.125 2.56334 0 1.97626e-323 1.60687e-316 
 1.793 0.052 0.707126 2.88525e+214 6.90271e-310 4.7308 3.31891 2.57029 3.8365 0.300039 0.0140762 3.469 4.13 2.57029 0 1.97626e-323 1.60687e-316 
 1.765 0.079 0.707125 2.88525e+214 6.90271e-310 4.71867 3.3249 2.58763 3.83372 0.286637 0.0134573 3.443 4.114 2.58763 0 1.97626e-323 1.60687e-316 
 1.777 0.125 0.707125 2.88525e+214 6.90271e-310 4.69253 3.34654 2.61069 3.79488 0.292752 0.013885 3.399 4.106 2.61069 0 1.97626e-323 1.60687e-316 
 1.785 0.104 0.707125 2.88525e+214 6.90271e-310 4.67774 3.38496 2.62564 3.81681 0.322296 0.0151983 3.373 4.125 2.62564 0 1.97626e-323 1.60687e-316 
 1.784 0.113 0.707125 2.88525e+214 6.90271e-310 4.66322 3.42335 2.62901 3.82637 0.337624 0.0158811 3.356 4.159 2.62901 0 1.97626e-323 1.60687e-316 
 1.833 0.105 0.707125 2.88525e+214 6.90271e-310 4.64244 3.44632 2.63204 3.8021 0.375465 0.0177735 3.333 4.178 2.63204 0 1.97626e-323 1.60687e-316 
 1.78 0.091 0.707124 2.88525e+214 6.90271e-310 4.62966 3.49255 2.6406 3.86418 0.379681 0.0176843 3.314 4.213 2.6406 0 1.97626e-323 1.60687e-316 
 1.773 0.109 0.707126 2.88525e+214 6.90271e-310 4.60886 3.52486 2.65069 3.86452 0.389755 0.0181519 3.286 4.232 2.65069 0 1.97626e-323 1.60687e-316 
 1.757 0.115 0.707127 2.88525e+214 6.90271e-310 4.59841 3.54802 2.65005 3.87857 0.393182 0.0182451 3.276 4.256 2.65005 0 1.97626e-323 1.60687e-316 
 1.763 0.088 0.707126 2.88525e+214 6.90271e-310 4.58731 3.54084 2.64992 3.88035 0.406271 0.0188437 3.265 4.249 2.64992 0 1.97626e-323 1.60687e-316 
 1.778 0.06 0.707126 2.88525e+214 6.90271e-310 4.56613 3.5295 2.64966 3.86853 0.425807 0.0198099 3.244 4.238 2.64966 0 1.97626e-323 1.60687e-316 
 1.776 0.047 0.707125 2.88525e+214 6.90271e-310 4.55312 3.53048 2.64964 3.87052 0.434597 0.0202083 3.231 4.239 2.64964 0 1.97626e-323 1.60687e-316 
 1.813 0.071 0.707125 2.88525e+214 6.90271e-310 4.55621 3.52765 2.64977 3.83307 0.439503 0.020636 3.234 4.236 2.64977 0 1.97626e-323 1.60687e-316 
 1.765 0.045 0.707125 2.88525e+214 6.90271e-310 4.55422 3.53066 2.64978 3.87927 0.430525 0.0199739 3.232 4.239 2.64978 0 1.97626e-323 1.60687e-316 
 1.772 0.074 0.707124 2.88525e+214 6.90271e-310 4.55923 3.54169 2.6498 3.86685 0.425588 0.0198083 3.237 4.25 2.6498 0 1.97626e-323 1.60687e-316 
 1.774 0.099 0.707124 2.88525e+214 6.90271e-310 4.56021 3.54266 2.64977 3.85126 0.418279 0.019547 3.238 4.251 2.64977 0 1.97626e-323 1.60687e-316 
 1.804 0.107 0.707126 2.88525e+214 6.90271e-310 4.56599 3.54711 2.65087 3.83422 0.426726 0.0200303 3.243 4.254 2.65087 0 1.97626e-323 1.60687e-316 
 1.783 0.082 0.707125 2.88525e+214 6.90271e-310 4.57742 3.56337 2.65861 3.87977 0.427116 0.0198132 3.249 4.26 2.65861 0 1.97626e-323 1.60687e-316 
 1.815 0.113 0.707126 2.88525e+214 6.90271e-310 4.58153 3.60305 2.68529 3.86817 0.440854 0.0205117 3.235 4.264 2.68529 0 1.97626e-323 1.60687e-316 
 1.765 0.096 0.707127 2.88525e+214 6.90271e-310 4.56829 3.66489 2.72927 3.93985 0.451051 0.0206042 3.194 4.266 2.72927 0 1.97626e-323 1.60687e-316 
 1.758 0.084 0.707126 2.88525e+214 6.90271e-310 4.55157 3.71166 2.76808 3.97081 0.47274 0.0214264 3.155 4.259 2.76808 0 1.97626e-323 1.60687e-316 
 1.767 0.069 0.707126 2.88525e+214 6.90271e-310 4.52093 3.73158 2.78941 3.96887 0.498588 0.0226086 3.113 4.249 2.78941 0 1.97626e-323 1.60687e-316 
 1.771 0.082 0.707127 2.88525e+214 6.90271e-310 4.48717 3.74857 2.80569 3.94869 0.514545 0.0234511 3.071 4.243 2.80569 0 1.97626e-323 1.60687e-316 
 1.752 0.086 0.707128 2.88525e+214 6.90271e-310 4.44902 3.76515 2.8054 3.94519 0.525764 0.0239835 3.033 4.26 2.8054 0 1.97626e-323 1.60687e-316 
 1.789 0.105 0.707128 2.88525e+214 6.90271e-310 4.45084 3.79677 2.80301 3.93219 0.54334 0.0248668 3.036 4.295 2.80301 0 1.97626e-323 1.60687e-316 
 1.77 0.108 0.707129 2.88525e+214 6.90271e-310 4.40678 3.78776 2.80088 3.90964 0.549839 0.0253092 2.993 4.289 2.80088 0 1.97626e-323 1.60687e-316 
 1.753 0.101 0.707127 2.88525e+214 6.90271e-310 4.38107 3.83228 2.80549 3.93728 0.568055 0.0259639 2.965 4.327 2.80549 0 1.97626e-323 1.60687e-316 
 1.802 0.093 0.707127 2.88525e+214 6.90271e-310 4.35213 3.85632 2.80763 3.9118 0.608184 0.027978 2.935 4.348 2.80763 0 1.97626e-323 1.60687e-316 
 1.79 0.092 0.707126 2.88525e+214 6.90271e-310 4.28088 3.88122 2.82164 3.8938 0.639185 0.0295392 2.857 4.353 2.82164 0 1.97626e-323 1.60687e-316 
 1.773 0.092 0.707126 2.88525e+214 6.90271e-310 4.23331 3.90163 2.85615 3.88917 0.657067 0.0304012 2.794 4.324 2.85615 0 1.97626e-323 1.60687e-316 
 1.769 0.116 0.707127 2.88525e+214 6.90271e-310 4.21903 3.94559 2.87759 3.89611 0.666527 0.0307837 2.771 4.337 2.87759 0 1.97626e-323 1.60687e-316 
 1.778 0.088 0.707126 2.88525e+214 6.90271e-310 4.20071 3.96163 2.88452 3.90884 0.689087 0.0317214 2.75 4.343 2.88452 0 1.97626e-323 1.60687e-316 
 1.767 0.074 0.707125 2.88525e+214 6.90271e-310 4.18634 3.98504 2.88619 3.93117 0.700001 0.0320406 2.735 4.364 2.88619 0 1.97626e-323 1.60687e-316 
 1.793 0.052 0.707125 2.88525e+214 6.90271e-310 4.16001 4.03844 2.90159 3.95029 0.739792 0.0336967 2.703 4.395 2.90159 0 1.97626e-323 1.60687e-316 
 1.772 0.079 0.707126 2.88525e+214 6.90271e-310 4.13827 4.09569 2.92912 3.96961 0.747378 0.0338765 2.672 4.412 2.92912 0 1.97626e-323 1.60687e-316 
 1.778 0.087 0.707126 2.88525e+214 6.90271e-310 4.12548 4.17104 2.96808 4.00298 0.770762 0.0346446 2.648 4.43 2.96808 0 1.97626e-323 1.60687e-316 
 1.766 0.091 0.707126 2.88525e+214 6.90271e-310 4.09183 4.22929 3.01411 4.02631 0.791765 0.0353818 2.604 4.42 3.01411 0 1.97626e-323 1.60687e-316 
 1.767 0.097 0.707125 2.88525e+214 6.90271e-310 4.06778 4.28897 3.05814 4.0475 0.813589 0.0361661 2.573 4.414 3.05814 0 1.97626e-323 1.60687e-316 
 1.776 0.093 0.707126 2.88525e+214 6.90271e-310 4.02946 4.30175 3.08339 4.0321 0.83587 0.0372974 2.532 4.389 3.08339 0 1.97626e-323 1.60687e-316 
 1.79 0.114 0.707126 2.88525e+214 6.90271e-310 3.97419 4.32062 3.10867 3.99221 0.862872 0.0388854 2.475 4.37 3.10867 0 1.97626e-323 1.60687e-316 
 1.816 0.108 0.707126 2.88525e+214 6.90271e-310 3.92825 4.32166 3.11003 3.95715 0.893066 0.0406008 2.429 4.369 3.11003 0 1.97626e-323 1.60687e-316 
 1.812 0.128 0.707126 2.88525e+214 6.90271e-310 3.89726 4.33787 3.11016 3.9398 0.903128 0.0412384 2.398 4.385 3.11016 0 1.97626e-323 1.60687e-316 
 1.779 0.138 0.713386 2.88525e+214 6.90271e-310 3.88122 4.34967 3.10937 3.95604 0.883397 0.040173 2.382 4.398 3.10937 0 1.97626e-323 1.60687e-316 
 1.76 0.117 0.731892 2.88525e+214 6.90271e-310 3.84837 4.3475 3.11259 3.97757 0.853391 0.0385999 2.349 4.391 3.11259 0 1.97626e-323 1.60687e-316 
 1.852 0.179 0.752994 2.88525e+214 6.90271e-310 3.80374 4.36012 3.12301 3.88965 0.854576 0.0395264 2.304 4.388 3.12301 0 1.97626e-323 1.60687e-316 
 1.953 0.246 0.810853 2.88525e+214 6.90271e-310 3.746 4.38957 -3.13988 3.82954 0.790828 0.0371542 2.246 4.387 -3.13988 0 1.97626e-323 1.60687e-316 
 1.978 0.327 0.896446 2.88525e+214 6.90271e-310 3.71273 4.41137 -3.12268 3.81591 0.618054 0.0291459 2.213 4.383 -3.12268 0 1.97626e-323 1.60687e-316 
 2.025 0.345 0.979394 2.88525e+214 6.90271e-310 3.68763 4.45607 -3.09887 3.84602 0.471603 0.0220682 2.189 4.392 -3.09887 0 1.97626e-323 1.60687e-316 
 2.103 0.399 1.0478 2.88525e+214 6.90271e-310 3.6555 4.47259 -3.08383 3.79864 0.362657 0.017183 2.158 4.386 -3.08383 0 1.97626e-323 1.60687e-316 
 2.137 0.41 1.09535 2.88525e+214 6.90271e-310 3.61222 4.49072 -3.0617 3.78973 0.293781 0.0139528 2.117 4.371 -3.0617 0 1.97626e-323 1.60687e-316 
 2.205 0.537 1.13068 2.88525e+214 6.90271e-310 3.57145 4.50035 -3.04119 3.66609 0.247038 0.0121286 2.079 4.35 -3.04119 0 1.97626e-323 1.60687e-316 
 2.241 0.591 1.16066 2.88525e+214 6.90271e-310 3.5183 4.52481 -3.0221 3.61916 0.219782 0.0109305 2.029 4.346 -3.0221 0 1.97626e-323 1.60687e-316 
 2.322 0.677 1.18657 2.88525e+214 6.90271e-310 3.52373 4.55457 -3.01891 3.55433 0.191221 0.0096836 2.035 4.371 -3.01891 0 1.97626e-323 1.60687e-316 
 2.373 0.762 1.20872 2.88525e+214 6.90271e-310 3.52726 4.59107 -3.01118 3.50359 0.158305 0.00813291 2.04 4.396 -3.01118 0 1.97626e-323 1.60687e-316 
 2.392 0.851 1.22821 2.88525e+214 6.90271e-310 3.50573 4.6274 -2.98536 3.45074 0.127462 0.00664865 2.024 4.394 -2.98536 0 1.97626e-323 1.60687e-316 
 2.417 0.928 1.24415 2.88525e+214 6.90271e-310 3.43241 4.64749 -2.94263 3.37877 0.137293 0.007314 1.962 4.351 -2.94263 0 1.97626e-323 1.60687e-316 
 2.484 0.916 1.25873 2.88525e+214 6.90271e-310 3.34343 4.62449 -2.90849 3.33295 0.192356 0.010388 1.884 4.278 -2.90849 0 1.97626e-323 1.60687e-316 
 2.527 1.059 1.27447 2.88525e+214 6.90271e-310 3.25193 4.56675 -2.9042 3.13487 0.210618 0.0120928 1.794 4.214 -2.9042 0 1.97626e-323 1.60687e-316 
 2.54 1.14 1.2952 2.88525e+214 6.90271e-310 3.21406 4.52905 -2.90743 3.026 0.180269 0.0107228 1.755 4.181 -2.90743 0 1.97626e-323 1.60687e-316 
 2.587 1.268 1.31676 2.88525e+214 6.90271e-310 3.23851 4.50491 -2.93962 2.8939 0.125889 0.00783014 1.769 4.204 -2.93962 0 1.97626e-323 1.60687e-316 
 2.629 1.342 1.33483 2.88525e+214 6.90271e-310 3.26549 4.52409 -2.97205 2.84537 0.0875448 0.00553808 1.787 4.271 -2.97205 0 1.97626e-323 1.60687e-316 
 2.677 1.43 1.3475 2.88525e+214 6.90271e-310 3.28966 4.55084 -2.98506 2.78907 0.0668377 0.00431352 1.808 4.317 -2.98506 0 1.97626e-323 1.60687e-316 
 2.698 1.464 1.35729 2.88525e+214 6.90271e-310 3.26841 4.57858 -2.97173 2.77664 0.0734458 0.0047612 1.79 4.325 -2.97173 0 1.97626e-323 1.60687e-316 
 2.733 1.548 1.36548 2.88525e+214 6.90271e-310 3.19474 4.59244 -2.93381 2.69888 0.124175 0.00828156 1.727 4.283 -2.93381 0 1.97626e-323 1.60687e-316 
 2.783 1.63 1.37542 2.88525e+214 6.90271e-310 3.04379 4.54086 -2.88212 2.55603 0.239523 0.0168661 1.594 4.156 -2.88212 0 1.97626e-323 1.60687e-316 
 2.842 1.735 1.38968 2.88525e+214 6.90271e-310 2.97214 4.52732 -2.85341 2.44044 0.303103 0.0223523 1.534 4.101 -2.85341 0 1.97626e-323 1.60687e-316 
 2.846 1.804 1.41453 2.88525e+214 6.90271e-310 2.92017 4.50782 -2.85584 2.36236 0.289902 0.0220855 1.481 4.085 -2.85584 0 1.97626e-323 1.60687e-316 
 2.87 1.905 1.44602 2.88525e+214 6.90271e-310 2.88811 4.47963 -2.86777 2.25029 0.264423 0.0211479 1.444 4.074 -2.86777 0 1.97626e-323 1.60687e-316 
 2.897 1.91 1.47476 2.88525e+214 6.90271e-310 2.91757 4.511 -2.86889 2.27696 0.198185 0.0156658 1.473 4.107 -2.86889 0 1.97626e-323 1.60687e-316 
 2.923 2.056 1.50022 2.88525e+214 6.90271e-310 2.95568 4.5507 -2.86425 2.18656 0.129062 0.0106242 1.513 4.14 -2.86425 0 1.97626e-323 1.60687e-316 
 2.918 2.117 1.52037 2.88525e+214 6.90271e-310 2.97326 4.63967 -2.83993 2.21283 0.0641099 0.0052149 1.541 4.194 -2.83993 0 1.97626e-323 1.60687e-316 
 2.937 2.238 1.53391 2.88525e+214 6.90271e-310 2.91817 4.66628 -2.80368 2.12894 0.100126 0.00846537 1.503 4.169 -2.80368 0 1.97626e-323 1.60687e-316 
 2.937 2.294 1.5431 2.88525e+214 6.90271e-310 2.78403 4.61727 -2.76526 2.03767 0.208944 0.0184552 1.389 4.066 -2.76526 0 1.97626e-323 1.60687e-316 
 3.014 2.419 1.55513 2.88525e+214 6.90271e-310 2.68856 4.61078 -2.72805 1.93021 0.36281 0.0338207 1.315 4.008 -2.72805 0 1.97626e-323 1.60687e-316 
 3.049 2.487 1.57715 2.88525e+214 6.90271e-310 2.63829 4.57838 -2.72762 1.85243 0.415902 0.0403911 1.265 3.975 -2.72762 0 1.97626e-323 1.60687e-316 
 2.998 2.522 1.61347 2.88525e+214 6.90271e-310 2.60584 4.56714 -2.72852 1.81639 0.325567 0.0322517 1.232 3.965 -2.72852 0 1.97626e-323 1.60687e-316 
 2.989 2.603 1.65585 2.88525e+214 6.90271e-310 2.59124 4.57928 -2.72258 1.76237 0.251632 0.0256948 1.221 3.969 -2.72258 0 1.97626e-323 1.60687e-316 
 2.976 2.647 1.68839 2.88525e+214 6.90271e-310 2.56731 4.6111 -2.7066 1.75623 0.194085 0.0198896 1.207 3.979 -2.7066 0 1.97626e-323 1.60687e-316 
 2.976 2.772 1.71374 2.88525e+214 6.90271e-310 2.51584 4.65937 -2.67231 1.69993 0.212745 0.0225231 1.178 3.981 -2.67231 0 1.97626e-323 1.60687e-316 
 3.005 2.883 1.73361 2.88525e+214 6.90271e-310 2.44177 4.70698 -2.62569 1.66635 0.301564 0.0325636 1.137 3.967 -2.62569 0 1.97626e-323 1.60687e-316 
 3.018 2.999 1.75683 2.88525e+214 6.90271e-310 2.3507 4.74699 -2.57512 1.62759 0.392963 0.0434317 1.085 3.942 -2.57512 0 1.97626e-323 1.60687e-316 
 2.957 2.982 1.78835 2.88525e+214 6.90271e-310 2.259 4.76667 -2.52641 1.6704 0.34243 0.0368831 1.034 3.901 -2.52641 0 1.97626e-323 1.60687e-316 
 2.942 3.089 1.82738 2.88525e+214 6.90271e-310 2.1876 4.79346 -2.48008 1.62411 0.35235 0.0390312 1.004 3.872 -2.48008 0 1.97626e-323 1.60687e-316 
 2.953 3.17 1.86152 2.88525e+214 6.90271e-310 2.11511 4.82676 -2.43422 1.6152 0.390253 0.0434629 0.975 3.852 -2.43422 0 1.97626e-323 1.60687e-316 
 2.937 3.306 1.89681 2.88525e+214 6.90271e-310 2.08627 4.86066 -2.39232 1.54218 0.382794 0.0446491 0.988 3.839 -2.39232 0 1.97626e-323 1.60687e-316 
 2.91 3.411 1.93735 2.88525e+214 6.90271e-310 2.05487 4.89239 -2.34888 1.49077 0.343265 0.0414232 1.002 3.824 -2.34888 0 1.97626e-323 1.60687e-316 
 2.962 3.493 1.97685 2.88525e+214 6.90271e-310 2.00687 4.88247 -2.32574 1.46416 0.427811 0.0525457 0.979 3.79 -2.32574 0 1.97626e-323 1.60687e-316 
 2.905 3.574 2.01119 2.88525e+214 6.90271e-310 1.99578 4.84995 -2.31745 1.36287 0.387642 0.051153 0.977 3.749 -2.31745 0 1.97626e-323 1.60687e-316 
 2.838 3.635 2.05306 2.88525e+214 6.90271e-310 1.97149 4.82614 -2.31628 1.28479 0.316641 0.0443326 0.954 3.724 -2.31628 0 1.97626e-323 1.60687e-316 
 2.83 3.769 2.0924 2.88525e+214 6.90271e-310 1.94867 4.81112 -2.31826 1.18699 0.386009 0.0584693 0.929 3.711 -2.31826 0 1.97626e-323 1.60687e-316 
 2.801 3.831 2.12584 2.88525e+214 6.90271e-310 1.92339 4.79259 -2.32074 1.13174 0.393166 0.0624508 0.901 3.695 -2.32074 0 1.97626e-323 1.60687e-316 
 2.723 3.92 2.16568 2.88525e+214 6.90271e-310 1.90092 4.77117 -2.32213 1.0298 0.364451 0.0636172 0.877 3.675 -2.32213 0 1.97626e-323 1.60687e-316 
 2.687 4.004 2.2068 2.88525e+214 6.90271e-310 1.90297 4.76205 -2.32127 0.949617 0.346182 0.0655249 0.88 3.665 -2.32127 0 1.97626e-323 1.60687e-316 
 2.705 4.08 2.24619 2.88525e+214 6.90271e-310 1.87303 4.73686 -2.31949 0.917088 0.469869 0.0919628 0.852 3.638 -2.31949 0 1.97626e-323 1.60687e-316 
 2.698 4.09 2.26455 2.88525e+214 6.90271e-310 1.85425 4.7182 -2.31425 0.908937 0.489722 0.0966791 0.839 3.614 -2.31425 0 1.97626e-323 1.60687e-316 
 2.668 4.089 2.26422 2.88525e+214 6.90271e-310 1.79661 4.70318 -2.30735 0.917884 0.544559 0.106387 0.789 3.592 -2.30735 0 1.97626e-323 1.60687e-316 
 2.681 4.051 2.26419 2.88525e+214 6.90271e-310 1.75505 4.68361 -2.28988 0.963505 0.578409 0.107639 0.767 3.555 -2.28988 0 1.97626e-323 1.60687e-316 
 2.673 4.033 2.26409 2.88525e+214 6.90271e-310 1.67996 4.66674 -2.26093 1.0071 0.64675 0.115084 0.725 3.51 -2.26093 0 1.97626e-323 1.60687e-316 
 2.674 4.097 2.26374 2.88525e+214 6.90271e-310 1.60481 4.6541 -2.23176 1.01295 0.82761 0.146018 0.684 3.47 -2.23176 0 1.97626e-323 1.60687e-316 
 2.646 4.049 2.26387 2.88525e+214 6.90271e-310 1.54052 4.62991 -2.19981 1.05015 0.823705 0.140259 0.658 3.417 -2.19981 0 1.97626e-323 1.60687e-316 
 2.685 4.072 2.26381 2.88525e+214 6.90271e-310 1.47998 4.62745 -2.16195 1.10203 0.933922 0.151375 0.644 3.382 -2.16195 0 1.97626e-323 1.60687e-316 
 2.679 4.05 2.26385 2.88525e+214 6.90271e-310 1.42891 4.60654 -2.12619 1.13265 0.962856 0.151838 0.638 3.332 -2.12619 0 1.97626e-323 1.60687e-316 
 2.708 4.066 2.26382 2.88525e+214 6.90271e-310 1.35753 4.57483 -2.09866 1.17452 1.08363 0.16457 0.602 3.279 -2.09866 0 1.97626e-323 1.60687e-316 
 2.664 4.041 2.26389 2.88525e+214 6.90271e-310 1.29333 4.54631 -2.07779 1.1863 1.09858 0.165171 0.565 3.235 -2.07779 0 1.97626e-323 1.60687e-316 
 2.66 4.053 2.26389 2.88525e+214 6.90271e-310 1.24548 4.53998 -2.05441 1.2063 1.14285 0.168907 0.548 3.212 -2.05441 0 1.97626e-323 1.60687e-316 
 2.678 4.041 2.26387 2.88525e+214 6.90271e-310 1.17152 4.526 -2.01567 1.26734 1.1867 0.166977 0.526 3.172 -2.01567 0 1.97626e-323 1.60687e-316 
 2.689 4.037 2.26385 2.88525e+214 6.90271e-310 1.1214 4.51247 -1.98115 1.30373 1.22214 0.167161 0.523 3.137 -1.98115 0 1.97626e-323 1.60687e-316 
 2.684 4.056 2.26394 2.88525e+214 6.90271e-310 1.04808 4.4981 -1.94699 1.33301 1.28246 0.171474 0.497 3.103 -1.94699 0 1.97626e-323 1.60687e-316 
 2.656 4.055 2.26397 2.88525e+214 6.90271e-310 1.02197 4.48992 -1.91911 1.32812 1.28935 0.173 0.51 3.08 -1.91911 0 1.97626e-323 1.60687e-316 
 2.67 4.039 2.26394 2.88525e+214 6.90271e-310 0.981781 4.45888 -1.89286 1.35719 1.3221 0.173581 0.507 3.036 -1.89286 0 1.97626e-323 1.60687e-316 
 2.699 4.044 2.26397 2.88525e+214 6.90271e-310 0.953193 4.43485 -1.87562 1.38163 1.3673 0.176284 0.503 3.004 -1.87562 0 1.97626e-323 1.60687e-316 
 2.687 4.066 2.26393 2.88525e+214 6.90271e-310 0.920905 4.40304 -1.86844 1.36851 1.42469 0.185241 0.481 2.969 -1.86844 0 1.97626e-323 1.60687e-316 
 2.699 4.048 2.26393 2.88525e+214 6.90271e-310 0.90686 4.38539 -1.86075 1.38631 1.43015 0.183601 0.478 2.948 -1.86075 0 1.97626e-323 1.60687e-316 
 2.688 4.035 2.26384 2.88525e+214 6.90271e-310 0.880103 4.36428 -1.84911 1.39288 1.44131 0.184149 0.468 2.922 -1.84911 0 1.97626e-323 1.60687e-316 
 2.674 4.043 2.2638 2.88525e+214 6.90271e-310 0.874884 4.34571 -1.83305 1.37373 1.46448 0.189587 0.486 2.897 -1.83305 0 1.97626e-323 1.60687e-316 
 2.671 4.021 2.2638 2.88525e+214 6.90271e-310 0.863916 4.33118 -1.8186 1.38282 1.45909 0.187693 0.496 2.877 -1.8186 0 1.97626e-323 1.60687e-316 
 2.707 4.048 2.26388 2.88525e+214 6.90271e-310 0.867689 4.29024 -1.8157 1.37104 1.52684 0.197833 0.504 2.835 -1.8157 0 1.97626e-323 1.60687e-316 
 2.701 4.036 2.26387 2.88525e+214 6.90271e-310 0.839791 4.25572 -1.81714 1.37469 1.55006 0.200243 0.474 2.801 -1.81714 0 1.97626e-323 1.60687e-316 
 2.689 4.038 2.2639 2.88525e+214 6.90271e-310 0.828458 4.22279 -1.81966 1.35699 1.58041 0.206642 0.459 2.769 -1.81966 0 1.97626e-323 1.60687e-316 
 2.673 4.048 2.26384 2.88525e+214 6.90271e-310 0.825151 4.1731 -1.82152 1.31889 1.63034 0.218939 0.453 2.72 -1.82152 0 1.97626e-323 1.60687e-316 
 2.666 4.038 2.2639 2.88525e+214 6.90271e-310 0.839879 4.13917 -1.82133 1.29247 1.64869 0.225699 0.468 2.686 -1.82133 0 1.97626e-323 1.60687e-316 
 2.699 4.042 2.2639 2.88525e+214 6.90271e-310 0.835885 4.10719 -1.81858 1.29952 1.68112 0.22878 0.468 2.653 -1.81858 0 1.97626e-323 1.60687e-316 
 2.672 4.033 2.26391 2.88525e+214 6.90271e-310 0.827071 4.07339 -1.81802 1.27497 1.70022 0.235579 0.46 2.619 -1.81802 0 1.97626e-323 1.60687e-316 
 2.66 4.038 2.26387 2.88525e+214 6.90271e-310 0.817275 4.04484 -1.81679 1.25673 1.72698 0.242486 0.452 2.59 -1.81679 0 1.97626e-323 1.60687e-316 
 2.66 4.04 2.26382 2.88525e+214 6.90271e-310 0.800737 4.01722 -1.81298 1.25293 1.75044 0.246364 0.441 2.561 -1.81298 0 1.97626e-323 1.60687e-316 
 2.681 4.042 2.26675 2.88525e+214 6.90271e-310 0.790724 3.97994 -1.80817 1.25681 1.77587 0.249059 0.438 2.522 -1.80817 0 1.97626e-323 1.60687e-316 
 2.633 4.029 2.30047 2.88525e+214 6.90271e-310 0.765161 3.94889 -1.79067 1.26541 1.74211 0.242916 0.438 2.485 -1.79067 0 1.97626e-323 1.60687e-316 
 2.607 4.029 2.3604 2.88525e+214 6.90271e-310 0.730794 3.89853 -1.77269 1.3038 1.69351 0.229678 0.43 2.429 -1.77269 0 1.97626e-323 1.60687e-316 
 2.595 4.032 2.42055 2.88525e+214 6.90271e-310 0.70205 3.8684 -1.74843 1.35516 1.62729 0.212872 0.437 2.392 -1.74843 0 1.97626e-323 1.60687e-316 
 2.64 4.075 2.48011 2.88525e+214 6.90271e-310 0.677171 3.82039 -1.72418 1.42583 1.60285 0.199652 0.448 2.338 -1.72418 0 1.97626e-323 1.60687e-316 
 2.648 4.077 2.54064 2.88525e+214 6.90271e-310 0.667743 3.7854 -1.71041 1.4782 1.53223 0.184459 0.459 2.3 -1.71041 0 1.97626e-323 1.60687e-316 
 2.623 4.09 2.60121 2.88525e+214 6.90271e-310 0.647317 3.74951 -1.69466 1.50888 1.47054 0.173659 0.462 2.261 -1.69466 0 1.97626e-323 1.60687e-316 
 2.635 4.121 2.66308 2.88525e+214 6.90271e-310 0.650152 3.73528 -1.69589 1.55171 1.39921 0.160907 0.463 2.247 -1.69589 0 1.97626e-323 1.60687e-316 
 2.653 4.102 2.72424 2.88525e+214 6.90271e-310 0.641065 3.72142 -1.69516 1.61599 1.27801 0.141403 0.455 2.233 -1.69516 0 1.97626e-323 1.60687e-316 
 2.668 4.142 2.78576 2.88525e+214 6.90271e-310 0.643984 3.7213 -1.69578 1.65805 1.1953 0.129043 0.457 2.233 -1.69578 0 1.97626e-323 1.60687e-316 
 2.706 4.154 2.84788 2.88525e+214 6.90271e-310 0.642933 3.71931 -1.69574 1.72408 1.07941 0.11222 0.456 2.231 -1.69574 0 1.97626e-323 1.60687e-316 
 2.713 4.153 2.90903 2.88525e+214 6.90271e-310 0.648102 3.71529 -1.69586 1.75519 0.957949 0.0979263 0.461 2.227 -1.69586 0 1.97626e-323 1.60687e-316 
 2.735 4.178 2.9701 2.88525e+214 6.90271e-310 0.655093 3.72329 -1.69585 1.79353 0.844776 0.0845801 0.468 2.235 -1.69585 0 1.97626e-323 1.60687e-316 
 2.691 4.151 3.03108 2.88525e+214 6.90271e-310 0.66017 3.73028 -1.6959 1.77187 0.691197 0.070102 0.473 2.242 -1.6959 0 1.97626e-323 1.60687e-316 
 2.735 4.179 3.09219 2.88525e+214 6.90271e-310 0.658207 3.73027 -1.69593 1.83025 0.578812 0.0568631 0.471 2.242 -1.69593 0 1.97626e-323 1.60687e-316 
 2.753 4.192 -3.12601 2.88525e+214 6.90271e-310 0.649187 3.73127 -1.69591 1.86947 0.443503 0.0426763 0.462 2.243 -1.69591 0 1.97626e-323 1.60687e-316 
 2.708 4.17 -3.06477 2.88525e+214 6.90271e-310 0.64619 3.73727 -1.69592 1.83984 0.288838 0.0282508 0.459 2.249 -1.69592 0 1.97626e-323 1.60687e-316 
 2.726 4.176 -3.00344 2.88525e+214 6.90271e-310 0.636195 3.73627 -1.69592 1.8709 0.154123 0.0148272 0.449 2.248 -1.69592 0 1.97626e-323 1.60687e-316 
 2.734 4.18 -2.94158 2.88525e+214 6.90271e-310 0.629242 3.73727 -1.69595 1.88657 0.016286 0.00155387 0.442 2.249 -1.69595 0 1.97626e-323 1.60687e-316 
 2.706 4.166 -2.89232 2.88525e+214 6.90271e-310 0.631216 3.74127 -1.69593 1.85657 -0.105395 -0.010218 0.444 2.253 -1.69593 0 1.97626e-323 1.60687e-316 
 2.738 4.219 -2.87537 2.88525e+214 6.90271e-310 0.633127 3.74528 -1.69587 1.89149 -0.0999542 -0.00951166 0.446 2.257 -1.69587 0 1.97626e-323 1.60687e-316 
 2.726 4.176 -2.87238 2.88525e+214 6.90271e-310 0.635014 3.7493 -1.6958 1.86968 -0.151165 -0.0145521 0.448 2.261 -1.6958 0 1.97626e-323 1.60687e-316 
 2.745 4.216 -2.87217 2.88525e+214 6.90271e-310 0.638038 3.74829 -1.69581 1.89184 -0.113606 -0.0108087 0.451 2.26 -1.69581 0 1.97626e-323 1.60687e-316 
 2.735 4.195 -2.85912 2.88525e+214 6.90271e-310 0.641072 3.75429 -1.69584 1.87421 -0.167025 -0.0160398 0.454 2.266 -1.69584 0 1.97626e-323 1.60687e-316 
 2.77 4.212 -2.82571 2.88525e+214 6.90271e-310 0.647009 3.7603 -1.69579 1.89832 -0.236539 -0.0224251 0.46 2.272 -1.69579 0 1.97626e-323 1.60687e-316 
 2.703 4.172 -2.79635 2.88525e+214 6.90271e-310 0.651122 3.75828 -1.69587 1.82586 -0.324576 -0.031987 0.464 2.27 -1.69587 0 1.97626e-323 1.60687e-316 
 2.7 4.188 -2.77704 2.88525e+214 6.90271e-310 0.643987 3.7573 -1.69578 1.83066 -0.350614 -0.0344605 0.457 2.269 -1.69578 0 1.97626e-323 1.60687e-316 
 2.687 4.163 -2.76798 2.88525e+214 6.90271e-310 0.635042 3.75729 -1.69582 1.81958 -0.395343 -0.0390891 0.448 2.269 -1.69582 0 1.97626e-323 1.60687e-316 
 2.717 4.197 -2.76577 2.88525e+214 6.90271e-310 0.638993 3.7613 -1.69578 1.84855 -0.375296 -0.0365277 0.452 2.273 -1.69578 0 1.97626e-323 1.60687e-316 
 2.7 4.169 -2.76549 2.88525e+214 6.90271e-310 0.634099 3.76029 -1.69585 1.83157 -0.400725 -0.0393615 0.447 2.272 -1.69585 0 1.97626e-323 1.60687e-316 
 2.705 4.206 -2.76545 2.88525e+214 6.90271e-310 0.642225 3.76227 -1.69594 1.83782 -0.364383 -0.0356733 0.455 2.274 -1.69594 0 1.97626e-323 1.60687e-316 
 2.703 4.188 -2.76541 2.88525e+214 6.90271e-310 0.640274 3.76226 -1.69597 1.83318 -0.382817 -0.037571 0.453 2.274 -1.69597 0 1.97626e-323 1.60687e-316 
 2.705 4.189 -2.7654 2.88525e+214 6.90271e-310 0.6444 3.76925 -1.69606 1.82989 -0.388478 -0.0381946 0.457 2.281 -1.69606 0 1.97626e-323 1.60687e-316 
 2.686 4.167 -2.76262 2.88525e+214 6.90271e-310 0.652357 3.77525 -1.69603 1.79983 -0.417617 -0.0417414 0.465 2.287 -1.69603 0 1.97626e-323 1.60687e-316 
 2.715 4.165 -2.7533 2.88525e+214 6.90271e-310 0.661327 3.77626 -1.69601 1.81409 -0.445363 -0.0441616 0.474 2.288 -1.69601 0 1.97626e-323 1.60687e-316 
 2.704 4.142 -2.74228 2.88525e+214 6.90271e-310 0.647377 3.77125 -1.69604 1.80977 -0.488537 -0.0485518 0.46 2.283 -1.69604 0 1.97626e-323 1.60687e-316 
 2.668 4.103 -2.73712 2.88525e+214 6.90271e-310 0.648427 3.77424 -1.69608 1.76715 -0.536095 -0.0545519 0.461 2.286 -1.69608 0 1.97626e-323 1.60687e-316 
 2.624 4.103 -2.72997 2.88525e+214 6.90271e-310 0.646438 3.76724 -1.69608 1.73227 -0.536177 -0.0556565 0.459 2.279 -1.69608 0 1.97626e-323 1.60687e-316 
 2.569 4.09 -2.72291 2.88525e+214 6.90271e-310 0.640519 3.77023 -1.69614 1.68573 -0.558929 -0.0596109 0.453 2.282 -1.69614 0 1.97626e-323 1.60687e-316 
 2.583 4.108 -2.71518 2.88525e+214 6.90271e-310 0.641527 3.76923 -1.69614 1.69969 -0.557697 -0.0589926 0.454 2.281 -1.69614 0 1.97626e-323 1.60687e-316 
 2.556 4.105 -2.70744 2.88525e+214 6.90271e-310 0.642504 3.77423 -1.69613 1.67257 -0.577299 -0.0620486 0.455 2.286 -1.69613 0 1.97626e-323 1.60687e-316 
 2.536 4.096 -2.70024 2.88525e+214 6.90271e-310 0.640409 3.77625 -1.69606 1.65307 -0.601147 -0.0653645 0.453 2.288 -1.69606 0 1.97626e-323 1.60687e-316 
 2.476 4.084 -2.69289 2.88525e+214 6.90271e-310 0.641329 3.77426 -1.69601 1.59825 -0.61528 -0.0691841 0.454 2.286 -1.69601 0 1.97626e-323 1.60687e-316 
 2.46 4.093 -2.68527 2.88525e+214 6.90271e-310 0.644442 3.77524 -1.69608 1.58285 -0.618317 -0.0701989 0.457 2.287 -1.69608 0 1.97626e-323 1.60687e-316 
 2.434 4.081 -2.67759 2.88525e+214 6.90271e-310 0.651517 3.77423 -1.69614 1.5507 -0.639955 -0.0741478 0.464 2.286 -1.69614 0 1.97626e-323 1.60687e-316 
 2.426 4.073 -2.66902 2.88525e+214 6.90271e-310 0.650525 3.77223 -1.69614 1.54109 -0.663602 -0.0773541 0.463 2.284 -1.69614 0 1.97626e-323 1.60687e-316 
 2.379 4.022 -2.66017 2.88525e+214 6.90271e-310 0.653484 3.76924 -1.69611 1.48428 -0.728061 -0.0880642 0.466 2.281 -1.69611 0 1.97626e-323 1.60687e-316 
 2.346 3.99 -2.65128 2.88525e+214 6.90271e-310 0.650489 3.77024 -1.69612 1.44799 -0.780351 -0.096703 0.463 2.282 -1.69612 0 1.97626e-323 1.60687e-316 
 2.198 3.92 -2.64222 2.88525e+214 6.90271e-310 0.646502 3.76823 -1.69613 1.30883 -0.858154 -0.117476 0.459 2.28 -1.69613 0 1.97626e-323 1.60687e-316 
 2.257 4.018 -2.63293 2.88525e+214 6.90271e-310 0.637523 3.76623 -1.69614 1.38998 -0.763242 -0.0985185 0.45 2.278 -1.69614 0 1.97626e-323 1.60687e-316 
 2.165 3.957 -2.62393 2.88525e+214 6.90271e-310 0.638402 3.76725 -1.69606 1.29386 -0.841039 -0.116475 0.451 2.279 -1.69606 0 1.97626e-323 1.60687e-316 
 2.148 3.926 -2.61537 2.88525e+214 6.90271e-310 0.640472 3.76024 -1.69611 1.26891 -0.886486 -0.125095 0.453 2.272 -1.69611 0 1.97626e-323 1.60687e-316 
 2.167 3.925 -2.60644 2.88525e+214 6.90271e-310 0.643468 3.76224 -1.6961 1.27823 -0.911728 -0.127691 0.456 2.274 -1.6961 0 1.97626e-323 1.60687e-316 
 2.153 3.952 -2.598 2.88525e+214 6.90271e-310 0.647504 3.76123 -1.69613 1.26943 -0.888245 -0.12529 0.46 2.273 -1.69613 0 1.97626e-323 1.60687e-316 
 2.122 3.956 -2.58913 2.88525e+214 6.90271e-310 0.656442 3.76124 -1.69608 1.23588 -0.891915 -0.12918 0.469 2.273 -1.69608 0 1.97626e-323 1.60687e-316 
 2.135 3.937 -2.57985 2.88525e+214 6.90271e-310 0.652428 3.76024 -1.69608 1.24108 -0.938764 -0.135321 0.465 2.272 -1.69608 0 1.97626e-323 1.60687e-316 
 2.137 3.979 -2.57088 2.88525e+214 6.90271e-310 0.65839 3.75925 -1.69605 1.24875 -0.898522 -0.1288 0.471 2.271 -1.69605 0 1.97626e-323 1.60687e-316 
 2.141 4.012 -2.56225 2.88525e+214 6.90271e-310 0.660328 3.75926 -1.69601 1.25866 -0.872626 -0.124152 0.473 2.271 -1.69601 0 1.97626e-323 1.60687e-316 
 2.11 3.937 -2.55321 2.88525e+214 6.90271e-310 0.66237 3.76225 -1.69604 1.20396 -0.987292 -0.146549 0.475 2.274 -1.69604 0 1.97626e-323 1.60687e-316 
 2.038 3.871 -2.54447 2.88525e+214 6.90271e-310 0.658287 3.76026 -1.69598 1.12662 -1.07876 -0.170678 0.471 2.272 -1.69598 0 1.97626e-323 1.60687e-316 
 1.979 3.913 -2.5363 2.88525e+214 6.90271e-310 0.654214 3.76127 -1.69593 1.09376 -1.02448 -0.167027 0.467 2.273 -1.69593 0 1.97626e-323 1.60687e-316 
 1.943 3.865 -2.52735 2.88525e+214 6.90271e-310 0.648292 3.76526 -1.69598 1.05002 -1.11144 -0.188272 0.461 2.277 -1.69598 0 1.97626e-323 1.60687e-316 
 1.888 3.854 -2.51919 2.88525e+214 6.90271e-310 0.646241 3.76427 -1.69595 1.00235 -1.13134 -0.200436 0.459 2.276 -1.69595 0 1.97626e-323 1.60687e-316 
 1.907 3.867 -2.51016 2.88525e+214 6.90271e-310 0.642254 3.76727 -1.69596 1.02058 -1.1383 -0.198129 0.455 2.279 -1.69596 0 1.97626e-323 1.60687e-316 
 1.896 3.853 -2.50129 2.88525e+214 6.90271e-310 0.643276 3.76426 -1.69597 1.00438 -1.16917 -0.206544 0.456 2.276 -1.69597 0 1.97626e-323 1.60687e-316 
 1.87 3.814 -2.4924 2.88525e+214 6.90271e-310 0.648307 3.76726 -1.69599 0.962808 -1.24335 -0.228393 0.461 2.279 -1.69599 0 1.97626e-323 1.60687e-316 
 1.817 3.785 -2.48309 2.88525e+214 6.90271e-310 0.653239 3.76427 -1.69595 0.905615 -1.29125 -0.251227 0.466 2.276 -1.69595 0 1.97626e-323 1.60687e-316 
 1.818 3.812 -2.47343 2.88525e+214 6.90271e-310 0.654283 3.76326 -1.69598 0.911592 -1.26508 -0.244789 0.467 2.275 -1.69598 0 1.97626e-323 1.60687e-316 
 1.806 3.779 -2.46386 2.88525e+214 6.90271e-310 0.65421 3.76627 -1.69593 0.886248 -1.33668 -0.265095 0.467 2.278 -1.69593 0 1.97626e-323 1.60687e-316 
 1.762 3.774 -2.4543 2.88525e+214 6.90271e-310 0.648242 3.76627 -1.69595 0.851646 -1.35594 -0.279106 0.461 2.278 -1.69595 0 1.97626e-323 1.60687e-316 
 1.764 3.753 -2.44505 2.88525e+214 6.90271e-310 0.650166 3.76828 -1.6959 0.839867 -1.40854 -0.293179 0.463 2.28 -1.6959 0 1.97626e-323 1.60687e-316 
 1.703 3.716 -2.43527 2.88525e+214 6.90271e-310 0.646193 3.76627 -1.69592 0.780059 -1.47476 -0.328011 0.459 2.278 -1.69592 0 1.97626e-323 1.60687e-316 
 1.65 3.69 -2.4249 2.88525e+214 6.90271e-310 0.647213 3.76227 -1.69593 0.727012 -1.5234 -0.360678 0.46 2.274 -1.69593 0 1.97626e-323 1.60687e-316 
 1.596 3.63 -2.41458 2.88525e+214 6.90271e-310 0.652178 3.76528 -1.69591 0.655399 -1.64122 -0.423475 0.465 2.277 -1.69591 0 1.97626e-323 1.60687e-316 
 1.547 3.596 -2.40457 2.88525e+214 6.90271e-310 0.664165 3.76828 -1.6959 0.591728 -1.71868 -0.481731 0.477 2.28 -1.6959 0 1.97626e-323 1.60687e-316 
 1.498 3.607 -2.39485 2.88525e+214 6.90271e-310 0.667191 3.76927 -1.69592 0.552442 -1.7184 -0.510412 0.48 2.281 -1.69592 0 1.97626e-323 1.60687e-316 
 1.509 3.621 -2.3854 2.88525e+214 6.90271e-310 0.65888 3.76531 -1.69571 0.569479 -1.70084 -0.493272 0.472 2.277 -1.69571 0 1.97626e-323 1.60687e-316 
 1.489 3.619 -2.37561 2.88525e+214 6.90271e-310 0.610409 3.74374 -1.69338 0.593798 -1.6822 -0.471562 0.427 2.255 -1.69338 0 1.97626e-323 1.60687e-316 
 1.517 3.617 -2.36428 2.88525e+214 6.90271e-310 0.589719 3.69719 -1.6909 0.64222 -1.62718 -0.427884 0.41 2.208 -1.6909 0 1.97626e-323 1.60687e-316 
 1.528 3.652 -2.36631 2.88525e+214 6.90271e-310 0.555497 3.65641 -1.6646 0.706675 -1.50237 -0.365483 0.415 2.163 -1.6646 0 1.97626e-323 1.60687e-316 
 1.477 3.615 -2.36584 2.88525e+214 6.90271e-310 0.481217 3.61701 -1.6223 0.724492 -1.50364 -0.357523 0.404 2.119 -1.6223 0 1.97626e-323 1.60687e-316 
 1.492 3.614 -2.36631 2.88525e+214 6.90271e-310 0.418381 3.57599 -1.57438 0.797943 -1.45368 -0.316872 0.413 2.076 -1.57438 0 1.97626e-323 1.60687e-316 
 1.506 3.634 -2.36614 2.88525e+214 6.90271e-310 0.357463 3.54565 -1.52843 0.873411 -1.39348 -0.279654 0.421 2.047 -1.52843 0 1.97626e-323 1.60687e-316 
 1.494 3.607 -2.36626 2.88525e+214 6.90271e-310 0.297697 3.51742 -1.48449 0.908824 -1.40274 -0.270991 0.427 2.023 -1.48449 0 1.97626e-323 1.60687e-316 
 1.513 3.621 -2.36802 2.88525e+214 6.90271e-310 0.256408 3.48897 -1.44406 0.97133 -1.35342 -0.245737 0.446 2.001 -1.44406 0 1.97626e-323 1.60687e-316 
 1.508 3.601 -2.38874 2.88525e+214 6.90271e-310 0.219451 3.44177 -1.40636 1.01486 -1.28592 -0.224241 0.465 1.962 -1.40636 0 1.97626e-323 1.60687e-316 
 1.472 3.609 -2.45124 2.88525e+214 6.90271e-310 0.227624 3.38569 -1.38684 1.03026 -1.06089 -0.183272 0.502 1.911 -1.38684 0 1.97626e-323 1.60687e-316 
 1.423 3.6 -2.55712 2.88525e+214 6.90271e-310 0.228184 3.35667 -1.38315 1.02766 -0.800584 -0.139318 0.508 1.883 -1.38315 0 1.97626e-323 1.60687e-316 
 1.379 3.595 -2.65933 2.88525e+214 6.90271e-310 0.223358 3.29675 -1.37988 1.03235 -0.482899 -0.0840003 0.508 1.824 -1.37988 0 1.97626e-323 1.60687e-316 
 1.173 3.402 -2.7506 2.88525e+214 6.90271e-310 0.232674 3.27184 -1.3733 0.818348 -0.514838 -0.112761 0.527 1.801 -1.3733 0 1.97626e-323 1.60687e-316 
 1.17 3.446 -2.8118 2.88525e+214 6.90271e-310 0.2243 3.23719 -1.35806 0.846645 -0.230323 -0.0489285 0.541 1.771 -1.35806 0 1.97626e-323 1.60687e-316 
 0.958 3.355 -2.86555 2.88525e+214 6.90271e-310 0.249206 3.21039 -1.34639 0.633552 -0.144622 -0.0410658 0.583 1.748 -1.34639 0 1.97626e-323 1.60687e-316 
 1.018 3.401 -2.88458 2.88525e+214 6.90271e-310 0.259975 3.17354 -1.33802 0.693967 0.0680894 0.0176591 0.606 1.714 -1.33802 0 1.97626e-323 1.60687e-316 
 0.89 3.369 -2.89538 2.88525e+214 6.90271e-310 0.267404 3.13912 -1.33968 0.580274 0.203416 0.0630159 0.611 1.679 -1.33968 0 1.97626e-323 1.60687e-316 
 0.784 3.372 -2.89361 2.88525e+214 6.90271e-310 0.285566 3.11186 -1.34185 0.485469 0.419432 0.154279 0.626 1.651 -1.34185 0 1.97626e-323 1.60687e-316 
 0.76 3.392 -2.8862 2.88525e+214 6.90271e-310 0.307026 3.10226 -1.34011 0.45818 0.554842 0.214618 0.65 1.642 -1.34011 0 1.97626e-323 1.60687e-316 
 0.643 3.315 -2.85831 2.88525e+214 6.90271e-310 0.305077 3.05628 -1.34014 0.357708 0.599848 0.293149 0.648 1.596 -1.34014 0 1.97626e-323 1.60687e-316 
 0.601 3.308 -2.80543 2.88525e+214 6.90271e-310 0.319614 3.0331 -1.34256 0.324525 0.683443 0.362339 0.659 1.572 -1.34256 0 1.97626e-323 1.60687e-316 
 0.563 3.315 -2.7701 2.88525e+214 6.90271e-310 0.325312 2.9978 -1.34167 0.314266 0.864188 0.45962 0.666 1.537 -1.34167 0 1.97626e-323 1.60687e-316 
 0.574 3.339 -2.77143 2.88525e+214 6.90271e-310 0.317046 2.96985 -1.33601 0.352572 0.966123 0.458224 0.666 1.511 -1.33601 0 1.97626e-323 1.60687e-316 
 0.552 3.328 -2.77188 2.88525e+214 6.90271e-310 0.275532 2.91055 -1.32674 0.389663 1.04196 0.448594 0.638 1.455 -1.32674 0 1.97626e-323 1.60687e-316 
 0.575 3.318 -2.77199 2.88525e+214 6.90271e-310 0.246014 2.86773 -1.29603 0.442842 1.00266 0.386995 0.653 1.424 -1.29603 0 1.97626e-323 1.60687e-316 
 0.593 3.288 -2.77181 2.88525e+214 6.90271e-310 0.179032 2.81514 -1.24509 0.514825 0.883456 0.299589 0.659 1.394 -1.24509 0 1.97626e-323 1.60687e-316 
 0.609 3.291 -2.77189 2.88525e+214 6.90271e-310 0.118584 2.75398 -1.18718 0.600125 0.877498 0.257358 0.68 1.363 -1.18718 0 1.97626e-323 1.60687e-316 
 0.609 3.322 -2.77187 2.88525e+214 6.90271e-310 0.0669157 2.70271 -1.13802 0.675711 0.939836 0.245317 0.696 1.341 -1.13802 0 1.97626e-323 1.60687e-316 
 0.591 3.317 -2.77184 2.88525e+214 6.90271e-310 0.0310573 2.63383 -1.08984 0.718507 1.01296 0.248521 0.725 1.304 -1.08984 0 1.97626e-323 1.60687e-316 
 0.611 3.332 -2.77188 2.88525e+214 6.90271e-310 0.00993952 2.58642 -1.05713 0.777349 1.0419 0.236734 0.747 1.28 -1.05713 0 1.97626e-323 1.60687e-316 
 0.632 3.333 -2.77188 2.88525e+214 6.90271e-310 -0.00232522 2.54008 -1.02759 0.823454 1.05817 0.22731 0.773 1.256 -1.02759 0 1.97626e-323 1.60687e-316 
 0.62 3.338 -2.7719 2.88525e+214 6.90271e-310 -0.00621357 2.50064 -1.00177 0.838904 1.12416 0.236684 0.802 1.237 -1.00177 0 1.97626e-323 1.60687e-316 
 0.619 3.303 -2.77191 2.88525e+214 6.90271e-310 0.0351388 2.46181 -0.990936 0.811066 1.18667 0.257511 0.857 1.207 -0.990936 0 1.97626e-323 1.60687e-316 
 0.591 3.295 -2.7719 2.88525e+214 6.90271e-310 0.0389122 2.44869 -0.988362 0.791472 1.23704 0.274244 0.864 1.196 -0.988362 0 1.97626e-323 1.60687e-316 
 0.596 3.303 -2.77189 2.88525e+214 6.90271e-310 0.0388455 2.4193 -0.989107 0.813246 1.27072 0.274172 0.863 1.166 -0.989107 0 1.97626e-323 1.60687e-316 
 0.596 3.323 -2.77192 2.88525e+214 6.90271e-310 0.0650588 2.39247 -0.986882 0.818253 1.35371 0.289429 0.892 1.141 -0.986882 0 1.97626e-323 1.60687e-316 
 0.608 3.306 -2.77199 2.88525e+214 6.90271e-310 0.0752216 2.37225 -0.980606 0.821063 1.3544 0.288632 0.91 1.126 -0.980606 0 1.97626e-323 1.60687e-316 
 0.627 3.313 -2.77207 2.88525e+214 6.90271e-310 0.0786179 2.3454 -0.971266 0.848361 1.36512 0.281928 0.925 1.107 -0.971266 0 1.97626e-323 1.60687e-316 
 0.619 3.331 -2.77209 2.88525e+214 6.90271e-310 0.0811325 2.33547 -0.961962 0.854949 1.40347 0.287309 0.939 1.105 -0.961962 0 1.97626e-323 1.60687e-316 
 0.611 3.33 -2.77207 2.88525e+214 6.90271e-310 0.0802248 2.30823 -0.948975 0.863085 1.43438 0.290674 0.954 1.089 -0.948975 0 1.97626e-323 1.60687e-316 
 0.62 3.325 -2.77202 2.88525e+214 6.90271e-310 0.0711183 2.27292 -0.940661 0.890342 1.4357 0.282492 0.955 1.061 -0.940661 0 1.97626e-323 1.60687e-316 
 0.608 3.314 -2.77202 2.88525e+214 6.90271e-310 0.0785493 2.22436 -0.934401 0.895699 1.48769 0.290509 0.97 1.018 -0.934401 0 1.97626e-323 1.60687e-316 
 0.609 3.283 -2.77198 2.88525e+214 6.90271e-310 0.078677 2.18258 -0.913622 0.901623 1.49425 0.289907 0.995 0.995 -0.913622 0 1.97626e-323 1.60687e-316 
 0.609 3.314 -2.77201 2.88525e+214 6.90271e-310 0.094438 2.13199 -0.886181 0.931155 1.5657 0.293899 1.043 0.97 -0.886181 0 1.97626e-323 1.60687e-316 
 0.606 3.329 -2.77196 2.88525e+214 6.90271e-310 0.0812589 2.09668 -0.866067 0.962763 1.58341 0.287818 1.053 0.954 -0.866067 0 1.97626e-323 1.60687e-316 
 0.627 3.322 -2.77189 2.88525e+214 6.90271e-310 0.0834277 2.05627 -0.850357 0.991896 1.58152 0.279488 1.073 0.929 -0.850357 0 1.97626e-323 1.60687e-316 
 0.609 3.317 -2.77188 2.88525e+214 6.90271e-310 0.0844599 2.01686 -0.827987 0.995892 1.61918 0.284704 1.099 0.912 -0.827987 0 1.97626e-323 1.60687e-316 
 0.61 3.318 -2.77195 2.88525e+214 6.90271e-310 0.0996718 1.98545 -0.808083 1.00207 1.64913 0.287996 1.136 0.901 -0.808083 0 1.97626e-323 1.60687e-316 
 0.604 3.313 -2.77198 2.88525e+214 6.90271e-310 0.11901 1.9543 -0.790729 0.99763 1.68558 0.295237 1.174 0.888 -0.790729 0 1.97626e-323 1.60687e-316 
 0.609 3.325 -2.77203 2.88525e+214 6.90271e-310 0.154948 1.92627 -0.784085 0.996014 1.73073 0.303138 1.217 0.867 -0.784085 0 1.97626e-323 1.60687e-316 
 0.596 3.315 -2.77203 2.88525e+214 6.90271e-310 0.17765 1.90395 -0.780967 0.977649 1.76777 0.31466 1.243 0.848 -0.780967 0 1.97626e-323 1.60687e-316 
 0.616 3.342 -2.77203 2.88525e+214 6.90271e-310 0.208238 1.87654 -0.781524 0.996522 1.79389 0.313351 1.273 0.82 -0.781524 0 1.97626e-323 1.60687e-316 
 0.606 3.343 -2.77196 2.88525e+214 6.90271e-310 0.220572 1.84488 -0.782785 0.99682 1.82142 0.317757 1.284 0.787 -0.782785 0 1.97626e-323 1.60687e-316 
 0.577 3.31 -2.77193 2.88525e+214 6.90271e-310 0.242449 1.84071 -0.777931 0.94799 1.85599 0.338818 1.311 0.788 -0.777931 0 1.97626e-323 1.60687e-316 
 0.593 3.337 -2.77192 2.88525e+214 6.90271e-310 0.250822 1.80599 -0.773526 0.982489 1.86346 0.328993 1.324 0.758 -0.773526 0 1.97626e-323 1.60687e-316 
 0.582 3.316 -2.77189 2.88525e+214 6.90271e-310 0.252501 1.77396 -0.756855 0.978888 1.87531 0.332067 1.343 0.744 -0.756855 0 1.97626e-323 1.60687e-316 
 0.577 3.327 -2.77185 2.88525e+214 6.90271e-310 0.260926 1.72341 -0.733679 0.99839 1.89607 0.32939 1.375 0.719 -0.733679 0 1.97626e-323 1.60687e-316 
 0.595 3.318 -2.77187 2.88525e+214 6.90271e-310 0.272932 1.7086 -0.726688 1.00531 1.89284 0.326763 1.394 0.712 -0.726688 0 1.97626e-323 1.60687e-316 
 0.613 3.343 -2.77183 2.88525e+214 6.90271e-310 0.282222 1.70492 -0.726979 1.02488 1.89144 0.320724 1.403 0.708 -0.726979 0 1.97626e-323 1.60687e-316 
 0.591 3.321 -2.77178 2.88525e+214 6.90271e-310 0.285126 1.70582 -0.726883 0.996674 1.90492 0.331347 1.406 0.709 -0.726883 0 1.97626e-323 1.60687e-316 
 0.597 3.322 -2.77185 2.88525e+214 6.90271e-310 0.283141 1.70983 -0.726898 1.00084 1.89901 0.329114 1.404 0.713 -0.726898 0 1.97626e-323 1.60687e-316 
 0.587 3.326 -2.77183 2.88525e+214 6.90271e-310 0.282144 1.71184 -0.726901 0.995433 1.90552 0.331827 1.403 0.715 -0.726901 0 1.97626e-323 1.60687e-316 
 0.618 3.315 -2.77189 2.88525e+214 6.90271e-310 0.280171 1.71587 -0.726928 1.01155 1.87988 0.322815 1.401 0.719 -0.726928 0 1.97626e-323 1.60687e-316 
 0.601 3.283 -2.77197 2.88525e+214 6.90271e-310 0.280201 1.7229 -0.726958 0.981209 1.88531 0.332977 1.401 0.726 -0.726958 0 1.97626e-323 1.60687e-316 
 0.619 3.334 -2.77197 2.88525e+214 6.90271e-310 0.273247 1.71695 -0.727004 1.02542 1.87752 0.318364 1.394 0.72 -0.727004 0 1.97626e-323 1.60687e-316 
 0.61 3.321 -2.77198 2.88525e+214 6.90271e-310 0.26928 1.71699 -0.727038 1.01577 1.87879 0.321388 1.39 0.72 -0.727038 0 1.97626e-323 1.60687e-316 
 0.615 3.341 -2.77205 2.88525e+214 6.90271e-310 0.26725 1.71895 -0.727007 1.02909 1.87709 0.317235 1.388 0.722 -0.727007 0 1.97626e-323 1.60687e-316 
 0.612 3.328 -2.77205 2.88525e+214 6.90271e-310 0.268266 1.72197 -0.727024 1.01876 1.87707 0.320236 1.389 0.725 -0.727024 0 1.97626e-323 1.60687e-316 
 0.612 3.321 -2.772 2.88525e+214 6.90271e-310 0.267268 1.72898 -0.727025 1.01293 1.87371 0.321416 1.388 0.732 -0.727025 0 1.97626e-323 1.60687e-316 
 0.612 3.335 -2.77209 2.88525e+214 6.90271e-310 0.266277 1.73299 -0.727035 1.01824 1.87495 0.32005 1.387 0.736 -0.727035 0 1.97626e-323 1.60687e-316 
 0.615 3.343 -2.77211 2.88525e+214 6.90271e-310 0.265283 1.72899 -0.72704 1.02665 1.8743 0.3175 1.386 0.732 -0.72704 0 1.97626e-323 1.60687e-316 
 0.603 3.309 -2.77214 2.88525e+214 6.90271e-310 0.270266 1.73197 -0.727024 0.997363 1.87985 0.327082 1.391 0.735 -0.727024 0 1.97626e-323 1.60687e-316 
 0.604 3.316 -2.77213 2.88525e+214 6.90271e-310 0.270289 1.737 -0.727047 0.998985 1.87949 0.326529 1.391 0.74 -0.727047 0 1.97626e-323 1.60687e-316 
 0.604 3.316 -2.77218 2.88525e+214 6.90271e-310 0.267292 1.737 -0.72705 1.00103 1.87735 0.325563 1.388 0.74 -0.72705 0 1.97626e-323 1.60687e-316 
 0.58 3.304 -2.77212 2.88525e+214 6.90271e-310 0.262299 1.73001 -0.727057 0.985415 1.89022 0.33246 1.383 0.733 -0.727057 0 1.97626e-323 1.60687e-316 
 0.599 3.31 -2.77215 2.88525e+214 6.90271e-310 0.256252 1.73196 -0.727009 1.00483 1.87271 0.323669 1.377 0.735 -0.727009 0 1.97626e-323 1.60687e-316 
 0.583 3.31 -2.77216 2.88525e+214 6.90271e-310 0.265214 1.72991 -0.726971 0.988291 1.89127 0.331732 1.386 0.733 -0.726971 0 1.97626e-323 1.60687e-316 
 0.604 3.334 -2.77106 2.88525e+214 6.90271e-310 0.269218 1.72692 -0.726975 1.01394 1.88247 0.322516 1.39 0.73 -0.726975 0 1.97626e-323 1.60687e-316 
 0.582 3.321 -2.76445 2.88525e+214 6.90271e-310 0.269211 1.72691 -0.726968 0.998812 1.88804 0.327964 1.39 0.73 -0.726968 0 1.97626e-323 1.60687e-316 
 0.592 3.3 -2.72383 2.88525e+214 6.90271e-310 0.275262 1.72797 -0.727019 1.02837 1.8301 0.310003 1.396 0.731 -0.727019 0 1.97626e-323 1.60687e-316 
 0.622 3.327 -2.66243 2.88525e+214 6.90271e-310 0.269302 1.73501 -0.72706 1.11411 1.71881 0.270873 1.39 0.738 -0.72706 0 1.97626e-323 1.60687e-316 
 0.618 3.346 -2.60103 2.88525e+214 6.90271e-310 0.271251 1.73196 -0.727008 1.17054 1.63576 0.246428 1.392 0.735 -0.727008 0 1.97626e-323 1.60687e-316 
 0.605 3.352 -2.53997 2.88525e+214 6.90271e-310 0.265315 1.73403 -0.727073 1.21226 1.54428 0.225403 1.386 0.737 -0.727073 0 1.97626e-323 1.60687e-316 
 0.584 3.324 -2.47903 2.88525e+214 6.90271e-310 0.264265 1.73597 -0.727022 1.2213 1.45239 0.210877 1.385 0.739 -0.727022 0 1.97626e-323 1.60687e-316 
 0.596 3.332 -2.41658 2.88525e+214 6.90271e-310 0.255283 1.74499 -0.727041 1.26629 1.31714 0.185086 1.376 0.748 -0.727041 0 1.97626e-323 1.60687e-316 
 0.591 3.334 -2.35528 2.88525e+214 6.90271e-310 0.253273 1.74098 -0.72703 1.29966 1.20698 0.165634 1.374 0.744 -0.72703 0 1.97626e-323 1.60687e-316 
 0.578 3.363 -2.29351 2.88525e+214 6.90271e-310 0.247254 1.73996 -0.727012 1.34629 1.10385 0.146528 1.368 0.743 -0.727012 0 1.97626e-323 1.60687e-316 
 0.583 3.36 -2.23114 2.88525e+214 6.90271e-310 0.246286 1.739 -0.727044 1.37176 0.971855 0.12684 1.367 0.742 -0.727044 0 1.97626e-323 1.60687e-316 
 0.586 3.344 -2.16931 2.88525e+214 6.90271e-310 0.243299 1.73601 -0.727057 1.38451 0.8343 0.108045 1.364 0.739 -0.727057 0 1.97626e-323 1.60687e-316 
 0.587 3.344 -2.10685 2.88525e+214 6.90271e-310 0.242254 1.73696 -0.727011 1.40173 0.701156 0.089795 1.363 0.74 -0.727011 0 1.97626e-323 1.60687e-316 
 0.578 3.341 -2.04507 2.88525e+214 6.90271e-310 0.235277 1.73599 -0.727035 1.41338 0.572163 0.0727391 1.356 0.739 -0.727035 0 1.97626e-323 1.60687e-316 
 0.576 3.336 -1.98283 2.88525e+214 6.90271e-310 0.23424 1.73794 -0.726997 1.41831 0.437858 0.055512 1.355 0.741 -0.726997 0 1.97626e-323 1.60687e-316 
 0.548 3.324 -1.92062 2.88525e+214 6.90271e-310 0.239226 1.73693 -0.726983 1.40905 0.343186 0.0438124 1.36 0.74 -0.726983 0 1.97626e-323 1.60687e-316 
 0.528 3.304 -1.85815 2.88525e+214 6.90271e-310 0.239217 1.73492 -0.726974 1.39541 0.229394 0.0295818 1.36 0.738 -0.726974 0 1.97626e-323 1.60687e-316 
 0.543 3.279 -1.79619 2.88525e+214 6.90271e-310 0.238212 1.73691 -0.72697 1.37848 0.065885 0.00860293 1.359 0.74 -0.72697 0 1.97626e-323 1.60687e-316 
 0.541 3.293 -1.73352 2.88525e+214 6.90271e-310 0.241193 1.73189 -0.72695 1.39409 -0.0588754 -0.00760164 1.362 0.735 -0.72695 0 1.97626e-323 1.60687e-316 
 0.538 3.305 -1.67143 2.88525e+214 6.90271e-310 0.239175 1.73487 -0.726932 1.39919 -0.190489 -0.0245008 1.36 0.738 -0.726932 0 1.97626e-323 1.60687e-316 
 0.518 3.271 -1.6095 2.88525e+214 6.90271e-310 0.233123 1.72781 -0.72688 1.36909 -0.312421 -0.0410523 1.354 0.731 -0.72688 0 1.97626e-323 1.60687e-316 
 0.512 3.276 -1.54753 2.88525e+214 6.90271e-310 0.227072 1.73176 -0.726829 1.36222 -0.445752 -0.0588326 1.348 0.735 -0.726829 0 1.97626e-323 1.60687e-316 
 0.545 3.278 -1.48532 2.88525e+214 6.90271e-310 0.231106 1.73579 -0.726863 1.35084 -0.617588 -0.0821087 1.352 0.739 -0.726863 0 1.97626e-323 1.60687e-316 
 0.548 3.256 -1.42328 2.88525e+214 6.90271e-310 0.23312 1.73781 -0.726877 1.31558 -0.754748 -0.102902 1.354 0.741 -0.726877 0 1.97626e-323 1.60687e-316 
 0.503 3.228 -1.36238 2.88525e+214 6.90271e-310 0.234149 1.74184 -0.726906 1.27209 -0.826112 -0.116366 1.355 0.745 -0.726906 0 1.97626e-323 1.60687e-316 
 0.511 3.245 -1.30125 2.88525e+214 6.90271e-310 0.242127 1.74382 -0.726884 1.26649 -0.947922 -0.133917 1.363 0.747 -0.726884 0 1.97626e-323 1.60687e-316 
 0.547 3.257 -1.23972 2.88525e+214 6.90271e-310 0.246159 1.74785 -0.726916 1.24831 -1.10981 -0.158683 1.367 0.751 -0.726916 0 1.97626e-323 1.60687e-316 
 0.534 3.272 -1.19939 2.88525e+214 6.90271e-310 0.261175 1.74087 -0.726932 1.25339 -1.14947 -0.1636 1.382 0.744 -0.726932 0 1.97626e-323 1.60687e-316 
 0.531 3.265 -1.20003 2.88525e+214 6.90271e-310 0.272159 1.74185 -0.726916 1.24872 -1.13211 -0.161765 1.393 0.745 -0.726916 0 1.97626e-323 1.60687e-316 
 0.513 3.239 -1.20003 2.88525e+214 6.90271e-310 0.266104 1.73679 -0.726861 1.23263 -1.12022 -0.162149 1.387 0.74 -0.726861 0 1.97626e-323 1.60687e-316 
 0.519 3.258 -1.20007 2.88525e+214 6.90271e-310 0.255092 1.73378 -0.726849 1.249 -1.13817 -0.162581 1.376 0.737 -0.726849 0 1.97626e-323 1.60687e-316 
 0.508 3.269 -1.20008 2.88525e+214 6.90271e-310 0.255134 1.72982 -0.726891 1.26299 -1.12214 -0.158583 1.376 0.733 -0.726891 0 1.97626e-323 1.60687e-316 
 0.533 3.261 -1.20008 2.88525e+214 6.90271e-310 0.255129 1.73082 -0.726886 1.25225 -1.15452 -0.164453 1.376 0.734 -0.726886 0 1.97626e-323 1.60687e-316 
 0.536 3.255 -1.20012 2.88525e+214 6.90271e-310 0.255088 1.72877 -0.726845 1.24857 -1.15885 -0.165536 1.376 0.732 -0.726845 0 1.97626e-323 1.60687e-316 
 0.514 3.247 -1.20007 2.88525e+214 6.90271e-310 0.258143 1.73083 -0.7269 1.24324 -1.12935 -0.162077 1.379 0.734 -0.7269 0 1.97626e-323 1.60687e-316 
 0.527 3.249 -1.20004 2.88525e+214 6.90271e-310 0.263156 1.73185 -0.726913 1.24304 -1.13929 -0.163503 1.384 0.735 -0.726913 0 1.97626e-323 1.60687e-316 
 0.517 3.262 -1.20003 2.88525e+214 6.90271e-310 0.256157 1.73285 -0.726914 1.25352 -1.13366 -0.161374 1.377 0.736 -0.726914 0 1.97626e-323 1.60687e-316 
 0.548 3.251 -1.20007 2.88525e+214 6.90271e-310 0.249145 1.73384 -0.726902 1.23873 -1.18265 -0.170189 1.37 0.737 -0.726902 0 1.97626e-323 1.60687e-316 
 0.545 3.252 -1.1982 2.88525e+214 6.90271e-310 0.251136 1.73583 -0.726893 1.23769 -1.18028 -0.169995 1.372 0.739 -0.726893 0 1.97626e-323 1.60687e-316 
 0.532 3.252 -1.20107 2.88525e+214 6.90271e-310 0.247084 1.73177 -0.726841 1.24344 -1.163 -0.166792 1.368 0.735 -0.726841 0 1.97626e-323 1.60687e-316 
 0.542 3.176 -1.23538 2.88525e+214 6.90271e-310 0.246097 1.73378 -0.726854 1.19045 -1.12515 -0.168513 1.367 0.737 -0.726854 0 1.97626e-323 1.60687e-316 
 0.554 3.129 -1.31756 2.88525e+214 6.90271e-310 0.25315 1.73884 -0.726908 1.17498 -0.981324 -0.149215 1.374 0.742 -0.726908 0 1.97626e-323 1.60687e-316 
 0.585 3.036 -1.42636 2.88525e+214 6.90271e-310 0.258142 1.74283 -0.726899 1.12222 -0.825769 -0.131684 1.379 0.746 -0.726899 0 1.97626e-323 1.60687e-316 
 0.641 3.006 -1.52869 2.88525e+214 6.90271e-310 0.26717 1.74287 -0.726927 1.12226 -0.697367 -0.111388 1.388 0.746 -0.726927 0 1.97626e-323 1.60687e-316 
 0.695 2.952 -1.61994 2.88525e+214 6.90271e-310 0.26319 1.74189 -0.726947 1.1014 -0.620566 -0.101073 1.384 0.745 -0.726947 0 1.97626e-323 1.60687e-316 
 0.65 2.841 -1.7024 2.88525e+214 6.90271e-310 0.258227 1.73893 -0.726984 1.01404 -0.440669 -0.0780634 1.379 0.742 -0.726984 0 1.97626e-323 1.60687e-316 
 0.621 2.745 -1.77349 2.88525e+214 6.90271e-310 0.256224 1.72793 -0.726981 0.942752 -0.29485 -0.0562364 1.377 0.731 -0.726981 0 1.97626e-323 1.60687e-316 
 0.614 2.696 -1.82623 2.88525e+214 6.90271e-310 0.25921 1.73291 -0.726967 0.89801 -0.201623 -0.040392 1.38 0.736 -0.726967 0 1.97626e-323 1.60687e-316 
 0.581 2.662 -1.85197 2.88525e+214 6.90271e-310 0.255266 1.73397 -0.727024 0.861979 -0.115863 -0.0241899 1.376 0.737 -0.727024 0 1.97626e-323 1.60687e-316 
 0.577 2.664 -1.85078 2.88525e+214 6.90271e-310 0.267257 1.73596 -0.727014 0.857768 -0.0865454 -0.0181593 1.388 0.739 -0.727014 0 1.97626e-323 1.60687e-316 
 0.6 2.703 -1.85025 2.88525e+214 6.90271e-310 0.273228 1.73793 -0.726985 0.8932 -0.0971758 -0.0195806 1.394 0.741 -0.726985 0 1.97626e-323 1.60687e-316 
 0.603 2.695 -1.85041 2.88525e+214 6.90271e-310 0.278238 1.73994 -0.726995 0.884297 -0.0993723 -0.0202246 1.399 0.743 -0.726995 0 1.97626e-323 1.60687e-316 
 0.604 2.704 -1.8503 2.88525e+214 6.90271e-310 0.278266 1.74697 -0.727024 0.886196 -0.100214 -0.0203521 1.399 0.75 -0.727024 0 1.97626e-323 1.60687e-316 
 0.59 2.681 -1.85023 2.88525e+214 6.90271e-310 0.272305 1.74002 -0.727062 0.870666 -0.0950233 -0.0196424 1.393 0.743 -0.727062 0 1.97626e-323 1.60687e-316 
 0.595 2.692 -1.85024 2.88525e+214 6.90271e-310 0.269261 1.73297 -0.727019 0.887875 -0.099065 -0.0200809 1.39 0.736 -0.727019 0 1.97626e-323 1.60687e-316 
 0.593 2.665 -1.8502 2.88525e+214 6.90271e-310 0.269227 1.73493 -0.726984 0.863124 -0.114258 -0.0238235 1.39 0.738 -0.726984 0 1.97626e-323 1.60687e-316 
 0.581 2.661 -1.85027 2.88525e+214 6.90271e-310 0.281285 1.73799 -0.727042 0.850961 -0.07074 -0.0149622 1.402 0.741 -0.727042 0 1.97626e-323 1.60687e-316 
 0.559 2.67 -1.85024 2.88525e+214 6.90271e-310 0.283372 1.74409 -0.72713 0.847361 -0.02026 -0.00430368 1.404 0.747 -0.72713 0 1.97626e-323 1.60687e-316 
 0.586 2.692 -1.85022 2.88525e+214 6.90271e-310 0.280329 1.75004 -0.727087 0.868381 -0.0706949 -0.0146527 1.401 0.753 -0.727087 0 1.97626e-323 1.60687e-316 
 0.589 2.685 -1.85018 2.88525e+214 6.90271e-310 0.278279 1.74699 -0.727036 0.866369 -0.0832836 -0.0173016 1.399 0.75 -0.727036 0 1.97626e-323 1.60687e-316 
 0.602 2.702 -1.85019 2.88525e+214 6.90271e-310 0.27326 1.75797 -0.727017 0.876111 -0.114748 -0.0235709 1.394 0.761 -0.727017 0 1.97626e-323 1.60687e-316 
 0.608 2.693 -1.85016 2.88525e+214 6.90271e-310 0.268213 1.75191 -0.72697 0.876586 -0.138288 -0.0283888 1.389 0.755 -0.72697 0 1.97626e-323 1.60687e-316 
 0.591 2.689 -1.85015 2.88525e+214 6.90271e-310 0.26522 1.74992 -0.726978 0.871185 -0.112329 -0.0232047 1.386 0.753 -0.726978 0 1.97626e-323 1.60687e-316 
 0.596 2.694 -1.85021 2.88525e+214 6.90271e-310 0.264214 1.74791 -0.726971 0.878632 -0.119288 -0.0244329 1.385 0.751 -0.726971 0 1.97626e-323 1.60687e-316 
 0.593 2.689 -1.85018 2.88525e+214 6.90271e-310 0.265187 1.74088 -0.726945 0.879279 -0.110294 -0.0225747 1.386 0.744 -0.726945 0 1.97626e-323 1.60687e-316 
 0.597 2.7 -1.85017 2.88525e+214 6.90271e-310 0.260198 1.7469 -0.726956 0.885825 -0.124454 -0.0252837 1.381 0.75 -0.726956 0 1.97626e-323 1.60687e-316 
 0.596 2.703 -1.85014 2.88525e+214 6.90271e-310 0.256199 1.7469 -0.726956 0.889128 -0.128294 -0.0259668 1.377 0.75 -0.726956 0 1.97626e-323 1.60687e-316 
 0.588 2.695 -1.85008 2.88525e+214 6.90271e-310 0.262214 1.74391 -0.726971 0.881231 -0.104617 -0.0213658 1.383 0.747 -0.726971 0 1.97626e-323 1.60687e-316 
 0.585 2.697 -1.85006 2.88525e+214 6.90271e-310 0.264158 1.74985 -0.726915 0.876644 -0.0975605 -0.0200293 1.385 0.753 -0.726915 0 1.97626e-323 1.60687e-316 
 0.583 2.699 -1.8501 2.88525e+214 6.90271e-310 0.262126 1.75082 -0.726883 0.87752 -0.0968707 -0.0198678 1.383 0.754 -0.726883 0 1.97626e-323 1.60687e-316 
 0.57 2.681 -1.85012 2.88525e+214 6.90271e-310 0.260167 1.74886 -0.726924 0.861215 -0.0854258 -0.0178527 1.381 0.752 -0.726924 0 1.97626e-323 1.60687e-316 
 0.566 2.681 -1.85009 2.88525e+214 6.90271e-310 0.257156 1.73985 -0.726913 0.868516 -0.0777452 -0.0161113 1.378 0.743 -0.726913 0 1.97626e-323 1.60687e-316 
 0.597 2.696 -1.85003 2.88525e+214 6.90271e-310 0.25814 1.73683 -0.726897 0.891436 -0.124704 -0.0251751 1.379 0.74 -0.726897 0 1.97626e-323 1.60687e-316 
 0.61 2.689 -1.85001 2.88525e+214 6.90271e-310 0.259148 1.73884 -0.726905 0.887132 -0.153779 -0.0311919 1.38 0.742 -0.726905 0 1.97626e-323 1.60687e-316 
 0.592 2.686 -1.85006 2.88525e+214 6.90271e-310 0.256205 1.7419 -0.726962 0.878029 -0.128713 -0.0263807 1.377 0.745 -0.726962 0 1.97626e-323 1.60687e-316 
 0.595 2.687 -1.85007 2.88525e+214 6.90271e-310 0.256182 1.73288 -0.72694 0.887209 -0.127874 -0.0259378 1.377 0.736 -0.72694 0 1.97626e-323 1.60687e-316 
 0.602 2.705 -1.85012 2.88525e+214 6.90271e-310 0.257139 1.73283 -0.726896 0.903897 -0.127442 -0.025373 1.378 0.736 -0.726896 0 1.97626e-323 1.60687e-316 
 0.589 2.705 -1.85008 2.88525e+214 6.90271e-310 0.256112 1.7348 -0.726869 0.899088 -0.106001 -0.0212184 1.377 0.738 -0.726869 0 1.97626e-323 1.60687e-316 
 0.597 2.692 -1.85009 2.88525e+214 6.90271e-310 0.259138 1.74183 -0.726895 0.883655 -0.12861 -0.0261918 1.38 0.745 -0.726895 0 1.97626e-323 1.60687e-316 
 0.594 2.691 -1.85008 2.88525e+214 6.90271e-310 0.254193 1.73989 -0.72695 0.884957 -0.131752 -0.0267919 1.375 0.743 -0.72695 0 1.97626e-323 1.60687e-316 
 0.598 2.691 -1.85001 2.88525e+214 6.90271e-310 0.258215 1.74092 -0.726972 0.884093 -0.132534 -0.0269771 1.379 0.744 -0.726972 0 1.97626e-323 1.60687e-316 
 0.617 2.708 -1.85001 2.88525e+214 6.90271e-310 0.259168 1.74086 -0.726925 0.903179 -0.155548 -0.0309902 1.38 0.744 -0.726925 0 1.97626e-323 1.60687e-316 
 0.581 2.699 -1.84995 2.88525e+214 6.90271e-310 0.255161 1.74185 -0.726918 0.886314 -0.101074 -0.0205241 1.376 0.745 -0.726918 0 1.97626e-323 1.60687e-316 
 0.582 2.694 -1.84996 2.88525e+214 6.90271e-310 0.255206 1.73591 -0.726964 0.887358 -0.102289 -0.0207463 1.376 0.739 -0.726964 0 1.97626e-323 1.60687e-316 
 0.596 2.692 -1.84987 2.88525e+214 6.90271e-310 0.259118 1.73381 -0.726875 0.890092 -0.12186 -0.0246383 1.38 0.737 -0.726875 0 1.97626e-323 1.60687e-316 
 0.594 2.704 -1.8499 2.88525e+214 6.90271e-310 0.254114 1.7338 -0.726871 0.900924 -0.119729 -0.0239166 1.375 0.737 -0.726871 0 1.97626e-323 1.60687e-316 
 0.601 2.703 -1.84984 2.88525e+214 6.90271e-310 0.252122 1.73881 -0.726879 0.898298 -0.140912 -0.0282282 1.373 0.742 -0.726879 0 1.97626e-323 1.60687e-316 
 0.594 2.709 -1.84994 2.88525e+214 6.90271e-310 0.24821 1.73691 -0.726967 0.904073 -0.129631 -0.0258036 1.369 0.74 -0.726967 0 1.97626e-323 1.60687e-316 
 0.586 2.703 -1.85001 2.88525e+214 6.90271e-310 0.231244 1.73895 -0.727001 0.899773 -0.151819 -0.0303621 1.352 0.742 -0.727001 0 1.97626e-323 1.60687e-316 
 0.596 2.701 -1.85004 2.88525e+214 6.90271e-310 0.231243 1.73895 -0.727001 0.900833 -0.172014 -0.0343575 1.352 0.742 -0.727001 0 1.97626e-323 1.60687e-316 
 0.608 2.699 -1.85004 2.88525e+214 6.90271e-310 0.235243 1.73595 -0.727001 0.90387 -0.186386 -0.0371005 1.356 0.739 -0.727001 0 1.97626e-323 1.60687e-316 
 0.6 2.706 -1.85006 2.88525e+214 6.90271e-310 0.240245 1.73195 -0.727002 0.909465 -0.154422 -0.0305535 1.361 0.735 -0.727002 0 1.97626e-323 1.60687e-316 
 0.591 2.707 -1.85003 2.88525e+214 6.90271e-310 0.241245 1.73495 -0.727003 0.905101 -0.136967 -0.0272322 1.362 0.738 -0.727003 0 1.97626e-323 1.60687e-316 
 0.584 2.696 -1.85001 2.88525e+214 6.90271e-310 0.243243 1.73395 -0.727001 0.894349 -0.126478 -0.0254498 1.364 0.737 -0.727001 0 1.97626e-323 1.60687e-316 
 0.599 2.696 -1.84998 2.88525e+214 6.90271e-310 0.254243 1.73295 -0.727 0.89625 -0.133529 -0.0268111 1.375 0.736 -0.727 0 1.97626e-323 1.60687e-316 
 0.593 2.696 -1.84994 2.88525e+214 6.90271e-310 0.263241 1.73395 -0.726999 0.891448 -0.105505 -0.0213002 1.384 0.737 -0.726999 0 1.97626e-323 1.60687e-316 
 0.598 2.694 -1.84999 2.88525e+214 6.90271e-310 0.262242 1.73795 -0.727 0.888009 -0.120858 -0.0244931 1.383 0.741 -0.727 0 1.97626e-323 1.60687e-316 
 0.592 2.688 -1.85001 2.88525e+214 6.90271e-310 0.257243 1.74495 -0.727001 0.876879 -0.12749 -0.0261643 1.378 0.748 -0.727001 0 1.97626e-323 1.60687e-316 
 0.595 2.704 -1.84993 2.88525e+214 6.90271e-310 0.256243 1.73895 -0.727001 0.896324 -0.12085 -0.0242643 1.377 0.742 -0.727001 0 1.97626e-323 1.60687e-316 
 0.601 2.707 -1.84983 2.88525e+214 6.90271e-310 0.253244 1.74295 -0.727001 0.897882 -0.138895 -0.0278374 1.374 0.746 -0.727001 0 1.97626e-323 1.60687e-316 
 0.593 2.707 -1.84981 2.88525e+214 6.90271e-310 0.253242 1.74795 -0.727 0.891572 -0.126944 -0.0256232 1.374 0.751 -0.727 0 1.97626e-323 1.60687e-316 
 0.6 2.698 -1.84982 2.88525e+214 6.90271e-310 0.253243 1.74695 -0.727001 0.886764 -0.14571 -0.0295684 1.374 0.75 -0.727001 0 1.97626e-323 1.60687e-316 
 0.588 2.703 -1.84987 2.88525e+214 6.90271e-310 0.250241 1.74694 -0.726998 0.888538 -0.12497 -0.0253111 1.371 0.75 -0.726998 0 1.97626e-323 1.60687e-316 
 0.6 2.705 -1.84986 2.88525e+214 6.90271e-310 0.252241 1.74794 -0.726998 0.892044 -0.143504 -0.0289486 1.373 0.751 -0.726998 0 1.97626e-323 1.60687e-316 
 0.588 2.709 -1.84982 2.88525e+214 6.90271e-310 0.245244 1.73995 -0.727002 0.900723 -0.126098 -0.025194 1.366 0.743 -0.727002 0 1.97626e-323 1.60687e-316 
 0.602 2.719 -1.84986 2.88525e+214 6.90271e-310 0.243244 1.73895 -0.727001 0.914192 -0.148965 -0.029322 1.364 0.742 -0.727001 0 1.97626e-323 1.60687e-316 
 0.601 2.698 -1.84984 2.88525e+214 6.90271e-310 0.250244 1.73695 -0.727002 0.896184 -0.146578 -0.0294319 1.371 0.74 -0.727002 0 1.97626e-323 1.60687e-316 
 0.59 2.693 -1.8498 2.88525e+214 6.90271e-310 0.248242 1.73795 -0.727 0.888763 -0.133451 -0.0270212 1.369 0.741 -0.727 0 1.97626e-323 1.60687e-316 
 0.577 2.686 -1.84981 2.88525e+214 6.90271e-310 0.247242 1.73795 -0.727 0.879731 -0.114879 -0.0235008 1.368 0.741 -0.727 0 1.97626e-323 1.60687e-316 
 0.584 2.693 -1.84977 2.88525e+214 6.90271e-310 0.241242 1.73495 -0.726999 0.891535 -0.133453 -0.0269375 1.362 0.738 -0.726999 0 1.97626e-323 1.60687e-316 
 0.587 2.693 -1.84971 2.88525e+214 6.90271e-310 0.244241 1.73994 -0.726998 0.88736 -0.136899 -0.0277626 1.365 0.743 -0.726998 0 1.97626e-323 1.60687e-316 
 0.586 2.693 -1.84977 2.88525e+214 6.90271e-310 0.247238 1.74194 -0.726995 0.884626 -0.130422 -0.0265315 1.368 0.745 -0.726995 0 1.97626e-323 1.60687e-316 
 0.592 2.693 -1.84984 2.88525e+214 6.90271e-310 0.250238 1.74294 -0.726995 0.884595 -0.136717 -0.0278123 1.371 0.746 -0.726995 0 1.97626e-323 1.60687e-316 
 0.595 2.682 -1.84985 2.88525e+214 6.90271e-310 0.248239 1.74294 -0.726997 0.876762 -0.153844 -0.0315739 1.369 0.746 -0.726997 0 1.97626e-323 1.60687e-316 
 0.586 2.695 -1.84988 2.88525e+214 6.90271e-310 0.253238 1.74794 -0.726995 0.879694 -0.121218 -0.0247982 1.374 0.751 -0.726995 0 1.97626e-323 1.60687e-316 
 0.581 2.679 -1.84985 2.88525e+214 6.90271e-310 0.253238 1.74094 -0.726996 0.870846 -0.117491 -0.0242801 1.374 0.744 -0.726996 0 1.97626e-323 1.60687e-316 
 0.588 2.676 -1.84989 2.88525e+214 6.90271e-310 0.253239 1.73894 -0.726996 0.871869 -0.131793 -0.0272023 1.374 0.742 -0.726996 0 1.97626e-323 1.60687e-316 
 0.587 2.683 -1.84988 2.88525e+214 6.90271e-310 0.25424 1.74494 -0.726997 0.87217 -0.127233 -0.0262525 1.375 0.748 -0.726997 0 1.97626e-323 1.60687e-316 
 0.587 2.681 -1.84993 2.88525e+214 6.90271e-310 0.248238 1.74494 -0.726996 0.872106 -0.140188 -0.0289263 1.369 0.748 -0.726996 0 1.97626e-323 1.60687e-316 
 0.61 2.691 -1.84994 2.88525e+214 6.90271e-310 0.249237 1.74894 -0.726995 0.883091 -0.178554 -0.0363784 1.37 0.752 -0.726995 0 1.97626e-323 1.60687e-316 
 0.606 2.698 -1.84999 2.88525e+214 6.90271e-310 0.246238 1.74494 -0.726995 0.891974 -0.168853 -0.0340613 1.367 0.748 -0.726995 0 1.97626e-323 1.60687e-316 
 0.573 2.689 -1.85001 2.88525e+214 6.90271e-310 0.247237 1.74894 -0.726995 0.871997 -0.111928 -0.0231003 1.368 0.752 -0.726995 0 1.97626e-323 1.60687e-316 
 0.586 2.699 -1.85 2.88525e+214 6.90271e-310 0.250238 1.75094 -0.726995 0.881328 -0.126136 -0.025756 1.371 0.754 -0.726995 0 1.97626e-323 1.60687e-316 
 0.598 2.714 -1.85004 2.88525e+214 6.90271e-310 0.251238 1.74794 -0.726995 0.899298 -0.135224 -0.0270594 1.372 0.751 -0.726995 0 1.97626e-323 1.60687e-316 
 0.592 2.701 -1.85 2.88525e+214 6.90271e-310 0.251235 1.74994 -0.726993 0.885171 -0.133797 -0.027201 1.372 0.753 -0.726993 0 1.97626e-323 1.60687e-316 
 0.584 2.685 -1.85 2.88525e+214 6.90271e-310 0.249238 1.74994 -0.726995 0.870203 -0.132909 -0.027485 1.37 0.753 -0.726995 0 1.97626e-323 1.60687e-316 
 0.571 2.697 -1.85002 2.88525e+214 6.90271e-310 0.248239 1.74994 -0.726997 0.877066 -0.101453 -0.0208181 1.369 0.753 -0.726997 0 1.97626e-323 1.60687e-316 
 0.567 2.67 -1.84995 2.88525e+214 6.90271e-310 0.247238 1.75194 -0.726996 0.852014 -0.114854 -0.0242598 1.368 0.755 -0.726996 0 1.97626e-323 1.60687e-316 
 0.543 2.678 -1.84999 2.88525e+214 6.90271e-310 0.25124 1.74194 -0.726997 0.859903 -0.0471429 -0.00986792 1.372 0.745 -0.726997 0 1.97626e-323 1.60687e-316 
 0.59 2.672 -1.85001 2.88525e+214 6.90271e-310 0.24724 1.74094 -0.726997 0.869013 -0.151276 -0.0313237 1.368 0.744 -0.726997 0 1.97626e-323 1.60687e-316 
 0.581 2.692 -1.85004 2.88525e+214 6.90271e-310 0.244241 1.74194 -0.726998 0.883264 -0.126662 -0.0258068 1.365 0.745 -0.726998 0 1.97626e-323 1.60687e-316 
 0.576 2.676 -1.85011 2.88525e+214 6.90271e-310 0.247237 1.74194 -0.726994 0.867776 -0.121601 -0.025218 1.368 0.745 -0.726994 0 1.97626e-323 1.60687e-316 
 0.579 2.685 -1.85012 2.88525e+214 6.90271e-310 0.245242 1.73495 -0.726999 0.882468 -0.12068 -0.0246105 1.366 0.738 -0.726999 0 1.97626e-323 1.60687e-316 
 0.59 2.69 -1.85012 2.88525e+214 6.90271e-310 0.248243 1.74395 -0.727 0.881258 -0.138837 -0.0283504 1.369 0.747 -0.727 0 1.97626e-323 1.60687e-316 
 0.567 2.682 -1.85019 2.88525e+214 6.90271e-310 0.244245 1.74495 -0.727003 0.868694 -0.10764 -0.0223002 1.365 0.748 -0.727003 0 1.97626e-323 1.60687e-316 
 0.561 2.679 -1.85018 2.88525e+214 6.90271e-310 0.246244 1.74195 -0.727002 0.866607 -0.0918749 -0.0190807 1.367 0.745 -0.727002 0 1.97626e-323 1.60687e-316 
 0.554 2.684 -1.85018 2.88525e+214 6.90271e-310 0.243245 1.74095 -0.727002 0.870602 -0.0801376 -0.0165672 1.364 0.744 -0.727002 0 1.97626e-323 1.60687e-316 
 0.584 2.676 -1.85016 2.88525e+214 6.90271e-310 0.243246 1.73795 -0.727004 0.87431 -0.142247 -0.0292769 1.364 0.741 -0.727004 0 1.97626e-323 1.60687e-316 
 0.596 2.677 -1.85012 2.88525e+214 6.90271e-310 0.244245 1.73295 -0.727003 0.882289 -0.159491 -0.0325271 1.365 0.736 -0.727003 0 1.97626e-323 1.60687e-316 
 0.559 2.678 -1.85009 2.88525e+214 6.90271e-310 0.244245 1.73895 -0.727002 0.86828 -0.090779 -0.0188169 1.365 0.742 -0.727002 0 1.97626e-323 1.60687e-316 
 0.611 2.694 -1.85009 2.88525e+214 6.90271e-310 0.245243 1.74295 -0.727 0.891957 -0.181459 -0.0366028 1.366 0.746 -0.727 0 1.97626e-323 1.60687e-316 
 0.572 2.673 -1.85015 2.88525e+214 6.90271e-310 0.245245 1.73695 -0.727002 0.86891 -0.11625 -0.0240772 1.366 0.74 -0.727002 0 1.97626e-323 1.60687e-316 
 0.568 2.681 -1.85013 2.88525e+214 6.90271e-310 0.241244 1.73595 -0.727001 0.876438 -0.110336 -0.0226566 1.362 0.739 -0.727001 0 1.97626e-323 1.60687e-316 
 0.582 2.675 -1.85011 2.88525e+214 6.90271e-310 0.239243 1.72895 -0.727 0.881526 -0.14079 -0.0287402 1.36 0.732 -0.727 0 1.97626e-323 1.60687e-316 
 0.58 2.692 -1.85017 2.88525e+214 6.90271e-310 0.239243 1.73095 -0.727 0.893519 -0.126794 -0.0255373 1.36 0.734 -0.727 0 1.97626e-323 1.60687e-316 
 0.575 2.69 -1.85017 2.88525e+214 6.90271e-310 0.237243 1.73095 -0.727 0.891051 -0.12236 -0.0247127 1.358 0.734 -0.727 0 1.97626e-323 1.60687e-316 
 0.581 2.692 -1.85017 2.88525e+214 6.90271e-310 0.234241 1.73694 -0.726998 0.890117 -0.142301 -0.0287684 1.355 0.74 -0.726998 0 1.97626e-323 1.60687e-316 
 0.569 2.687 -1.85026 2.88525e+214 6.90271e-310 0.232239 1.73794 -0.726997 0.882436 -0.126869 -0.025873 1.353 0.741 -0.726997 0 1.97626e-323 1.60687e-316 
 0.587 2.701 -1.85027 2.88525e+214 6.90271e-310 0.233243 1.74395 -0.727 0.893676 -0.154117 -0.0310316 1.354 0.747 -0.727 0 1.97626e-323 1.60687e-316 
 0.593 2.695 -1.85021 2.88525e+214 6.90271e-310 0.24024 1.74494 -0.726998 0.88757 -0.157105 -0.0318502 1.361 0.748 -0.726998 0 1.97626e-323 1.60687e-316 
 0.598 2.703 -1.85015 2.88525e+214 6.90271e-310 0.243241 1.74494 -0.726998 0.894779 -0.155587 -0.0312887 1.364 0.748 -0.726998 0 1.97626e-323 1.60687e-316 
 0.585 2.698 -1.85012 2.88525e+214 6.90271e-310 0.243242 1.74495 -0.726999 0.887103 -0.134132 -0.0272097 1.364 0.748 -0.726999 0 1.97626e-323 1.60687e-316 
 0.604 2.704 -1.85011 2.88525e+214 6.90271e-310 0.243243 1.73895 -0.727001 0.90224 -0.162279 -0.032364 1.364 0.742 -0.727001 0 1.97626e-323 1.60687e-316 
 0.604 2.697 -1.85012 2.88525e+214 6.90271e-310 0.243244 1.74695 -0.727001 0.889748 -0.172582 -0.0349 1.364 0.75 -0.727001 0 1.97626e-323 1.60687e-316 
 0.594 2.687 -1.85011 2.88525e+214 6.90271e-310 0.236242 1.74495 -0.726999 0.882267 -0.172429 -0.0351645 1.357 0.748 -0.726999 0 1.97626e-323 1.60687e-316 
 0.59 2.693 -1.85011 2.88525e+214 6.90271e-310 0.230244 1.74395 -0.727001 0.888641 -0.171373 -0.0346988 1.351 0.747 -0.727001 0 1.97626e-323 1.60687e-316 
 0.571 2.684 -1.85011 2.88525e+214 6.90271e-310 0.227245 1.73495 -0.727003 0.884296 -0.140681 -0.028628 1.348 0.738 -0.727003 0 1.97626e-323 1.60687e-316 
 0.575 2.689 -1.85011 2.88525e+214 6.90271e-310 0.224247 1.73895 -0.727005 0.887016 -0.153461 -0.0311314 1.345 0.742 -0.727005 0 1.97626e-323 1.60687e-316 
 0.565 2.681 -1.85011 2.88525e+214 6.90271e-310 0.221246 1.73095 -0.727004 0.885129 -0.140006 -0.028464 1.342 0.734 -0.727004 0 1.97626e-323 1.60687e-316 
 0.571 2.699 -1.85011 2.88525e+214 6.90271e-310 0.226248 1.73095 -0.727005 0.900424 -0.129946 -0.025971 1.347 0.734 -0.727005 0 1.97626e-323 1.60687e-316 
 0.59 2.695 -1.85011 2.88525e+214 6.90271e-310 0.231246 1.73795 -0.727003 0.895027 -0.163941 -0.0329585 1.352 0.741 -0.727003 0 1.97626e-323 1.60687e-316 
 0.598 2.697 -1.85012 2.88525e+214 6.90271e-310 0.241247 1.73595 -0.727004 0.897814 -0.157413 -0.0315487 1.362 0.739 -0.727004 0 1.97626e-323 1.60687e-316 
 0.594 2.708 -1.85012 2.88525e+214 6.90271e-310 0.248248 1.73195 -0.727005 0.907374 -0.126612 -0.0251114 1.369 0.735 -0.727005 0 1.97626e-323 1.60687e-316 
 0.625 2.708 -1.85011 2.88525e+214 6.90271e-310 0.253247 1.73695 -0.727004 0.910246 -0.178819 -0.0353465 1.374 0.74 -0.727004 0 1.97626e-323 1.60687e-316 
 0.585 2.695 -1.85012 2.88525e+214 6.90271e-310 0.250245 1.74095 -0.727002 0.886073 -0.119983 -0.024369 1.371 0.744 -0.727002 0 1.97626e-323 1.60687e-316 
 0.573 2.704 -1.85011 2.88525e+214 6.90271e-310 0.247247 1.74995 -0.727004 0.883703 -0.102558 -0.0208869 1.368 0.753 -0.727004 0 1.97626e-323 1.60687e-316 
 0.567 2.668 -1.85011 2.88525e+214 6.90271e-310 0.241244 1.74295 -0.727002 0.859449 -0.121723 -0.0254876 1.362 0.746 -0.727002 0 1.97626e-323 1.60687e-316 
 0.573 2.673 -1.85011 2.88525e+214 6.90271e-310 0.237244 1.73895 -0.727001 0.869631 -0.135307 -0.0279991 1.358 0.742 -0.727001 0 1.97626e-323 1.60687e-316 
 0.574 2.687 -1.85011 2.88525e+214 6.90271e-310 0.248244 1.73895 -0.727002 0.878684 -0.106457 -0.0218044 1.369 0.742 -0.727002 0 1.97626e-323 1.60687e-316 
 0.587 2.697 -1.85011 2.88525e+214 6.90271e-310 0.247245 1.73495 -0.727003 0.894084 -0.124346 -0.0250284 1.368 0.738 -0.727003 0 1.97626e-323 1.60687e-316 
 0.595 2.698 -1.85011 2.88525e+214 6.90271e-310 0.251248 1.72895 -0.727006 0.900993 -0.12739 -0.0254443 1.372 0.732 -0.727006 0 1.97626e-323 1.60687e-316 
 0.576 2.69 -1.85011 2.88525e+214 6.90271e-310 0.255245 1.72795 -0.727003 0.889105 -0.0877659 -0.0177664 1.376 0.731 -0.727003 0 1.97626e-323 1.60687e-316 
 0.593 2.692 -1.85011 2.88525e+214 6.90271e-310 0.250244 1.72695 -0.727001 0.89739 -0.128109 -0.0256907 1.371 0.73 -0.727001 0 1.97626e-323 1.60687e-316 
 0.577 2.672 -1.85012 2.88525e+214 6.90271e-310 0.247244 1.72695 -0.727001 0.877228 -0.116218 -0.0238424 1.368 0.73 -0.727001 0 1.97626e-323 1.60687e-316 
 0.581 2.68 -1.85011 2.88525e+214 6.90271e-310 0.245245 1.72995 -0.727002 0.882995 -0.12456 -0.0253863 1.366 0.733 -0.727002 0 1.97626e-323 1.60687e-316 
 0.581 2.694 -1.85011 2.88525e+214 6.90271e-310 0.246248 1.73195 -0.727006 0.892758 -0.11475 -0.0231321 1.367 0.735 -0.727006 0 1.97626e-323 1.60687e-316 
 0.611 2.696 -1.85011 2.88525e+214 6.90271e-310 0.244252 1.73996 -0.727009 0.896383 -0.179792 -0.0360879 1.365 0.743 -0.727009 0 1.97626e-323 1.60687e-316 
 0.628 2.703 -1.85011 2.88525e+214 6.90271e-310 0.244251 1.73296 -0.727009 0.912744 -0.201844 -0.0397842 1.365 0.736 -0.727009 0 1.97626e-323 1.60687e-316 
 0.595 2.703 -1.85012 2.88525e+214 6.90271e-310 0.237249 1.73195 -0.727007 0.906419 -0.152555 -0.0302858 1.358 0.735 -0.727007 0 1.97626e-323 1.60687e-316 
 0.572 2.689 -1.85011 2.88525e+214 6.90271e-310 0.235251 1.72796 -0.727008 0.892447 -0.11924 -0.0240453 1.356 0.731 -0.727008 0 1.97626e-323 1.60687e-316 
 0.588 2.671 -1.85012 2.88525e+214 6.90271e-310 0.24025 1.72295 -0.727007 0.884534 -0.149054 -0.0303227 1.361 0.726 -0.727007 0 1.97626e-323 1.60687e-316 
 0.575 2.681 -1.85011 2.88525e+214 6.90271e-310 0.246251 1.73296 -0.727008 0.879465 -0.112289 -0.0229782 1.367 0.736 -0.727008 0 1.97626e-323 1.60687e-316 
 0.584 2.7 -1.85012 2.88525e+214 6.90271e-310 0.253254 1.73596 -0.727011 0.893373 -0.105766 -0.0213069 1.374 0.739 -0.727011 0 1.97626e-323 1.60687e-316 
 0.624 2.706 -1.85011 2.88525e+214 6.90271e-310 0.259251 1.73796 -0.727008 0.905822 -0.167752 -0.0333224 1.38 0.741 -0.727008 0 1.97626e-323 1.60687e-316 
 0.602 2.694 -1.85012 2.88525e+214 6.90271e-310 0.25725 1.73695 -0.727007 0.891237 -0.137223 -0.0277073 1.378 0.74 -0.727007 0 1.97626e-323 1.60687e-316 
 0.603 2.678 -1.85011 2.88525e+214 6.90271e-310 0.25725 1.73696 -0.727007 0.878155 -0.149979 -0.0307324 1.378 0.74 -0.727007 0 1.97626e-323 1.60687e-316 
 0.585 2.687 -1.85012 2.88525e+214 6.90271e-310 0.257248 1.74495 -0.727005 0.874187 -0.11429 -0.0235285 1.378 0.748 -0.727005 0 1.97626e-323 1.60687e-316 
 0.588 2.686 -1.85012 2.88525e+214 6.90271e-310 0.252252 1.74896 -0.72701 0.872127 -0.13326 -0.0274969 1.373 0.752 -0.72701 0 1.97626e-323 1.60687e-316 
 0.597 2.705 -1.85011 2.88525e+214 6.90271e-310 0.243254 1.74596 -0.727011 0.895324 -0.153062 -0.0307625 1.364 0.749 -0.727011 0 1.97626e-323 1.60687e-316 
 0.601 2.706 -1.85011 2.88525e+214 6.90271e-310 0.245254 1.74996 -0.727012 0.893366 -0.15891 -0.032007 1.366 0.753 -0.727012 0 1.97626e-323 1.60687e-316 
 0.579 2.697 -1.85011 2.88525e+214 6.90271e-310 0.238251 1.75396 -0.727009 0.878475 -0.13893 -0.0284592 1.359 0.757 -0.727009 0 1.97626e-323 1.60687e-316 
 0.579 2.67 -1.85011 2.88525e+214 6.90271e-310 0.24025 1.75595 -0.727007 0.853747 -0.155065 -0.0326816 1.361 0.759 -0.727007 0 1.97626e-323 1.60687e-316 
 0.601 2.684 -1.85011 2.88525e+214 6.90271e-310 0.248249 1.74795 -0.727007 0.875892 -0.16699 -0.0343037 1.369 0.751 -0.727007 0 1.97626e-323 1.60687e-316 
 0.599 2.694 -1.85011 2.88525e+214 6.90271e-310 0.260251 1.74496 -0.727008 0.88295 -0.131022 -0.026704 1.381 0.748 -0.727008 0 1.97626e-323 1.60687e-316 
 0.622 2.72 -1.85011 2.88525e+214 6.90271e-310 0.261252 1.74296 -0.727009 0.912231 -0.154178 -0.0304128 1.382 0.746 -0.727009 0 1.97626e-323 1.60687e-316 
 0.604 2.692 -1.85011 2.88525e+214 6.90271e-310 0.257255 1.74496 -0.727013 0.883423 -0.147808 -0.0301072 1.378 0.748 -0.727013 0 1.97626e-323 1.60687e-316 
 0.584 2.684 -1.85011 2.88525e+214 6.90271e-310 0.256255 1.74596 -0.727012 0.870834 -0.116939 -0.0241665 1.377 0.749 -0.727012 0 1.97626e-323 1.60687e-316 
 0.584 2.689 -1.85011 2.88525e+214 6.90271e-310 0.260253 1.74796 -0.72701 0.872292 -0.107117 -0.0221002 1.381 0.751 -0.72701 0 1.97626e-323 1.60687e-316 
 0.59 2.683 -1.85011 2.88525e+214 6.90271e-310 0.266253 1.74496 -0.72701 0.869782 -0.10909 -0.0225722 1.387 0.748 -0.72701 0 1.97626e-323 1.60687e-316 
 0.574 2.691 -1.85011 2.88525e+214 6.90271e-310 0.268251 1.73996 -0.727008 0.876026 -0.0653846 -0.013434 1.389 0.743 -0.727008 0 1.97626e-323 1.60687e-316 
 0.574 2.698 -1.85011 2.88525e+214 6.90271e-310 0.264247 1.73695 -0.727004 0.885442 -0.067029 -0.0136254 1.385 0.74 -0.727004 0 1.97626e-323 1.60687e-316 
 0.578 2.682 -1.85011 2.88525e+214 6.90271e-310 0.265246 1.74495 -0.727003 0.866086 -0.0880627 -0.0183002 1.386 0.748 -0.727003 0 1.97626e-323 1.60687e-316 
 0.591 2.684 -1.85011 2.88525e+214 6.90271e-310 0.260249 1.73495 -0.727006 0.880831 -0.115526 -0.0236036 1.381 0.738 -0.727006 0 1.97626e-323 1.60687e-316 
 0.606 2.697 -1.85011 2.88525e+214 6.90271e-310 0.267248 1.73995 -0.727005 0.889638 -0.125717 -0.0254308 1.388 0.743 -0.727005 0 1.97626e-323 1.60687e-316 
 0.603 2.706 -1.85011 2.88525e+214 6.90271e-310 0.260246 1.74095 -0.727003 0.897388 -0.128112 -0.0256913 1.381 0.744 -0.727003 0 1.97626e-323 1.60687e-316 
 0.586 2.687 -1.85011 2.88525e+214 6.90271e-310 0.256246 1.73895 -0.727004 0.879734 -0.114244 -0.0233708 1.377 0.742 -0.727004 0 1.97626e-323 1.60687e-316 
 0.578 2.683 -1.85011 2.88525e+214 6.90271e-310 0.253245 1.72795 -0.727002 0.884281 -0.0999783 -0.0203483 1.374 0.731 -0.727002 0 1.97626e-323 1.60687e-316 
 0.586 2.704 -1.85011 2.88525e+214 6.90271e-310 0.253244 1.73395 -0.727002 0.898929 -0.105771 -0.0211762 1.374 0.737 -0.727002 0 1.97626e-323 1.60687e-316 
 0.597 2.702 -1.85011 2.88525e+214 6.90271e-310 0.261245 1.73195 -0.727003 0.899715 -0.111501 -0.0223036 1.382 0.735 -0.727003 0 1.97626e-323 1.60687e-316 
 0.57 2.667 -1.85011 2.88525e+214 6.90271e-310 0.260246 1.72195 -0.727003 0.87202 -0.0770264 -0.0158983 1.381 0.725 -0.727003 0 1.97626e-323 1.60687e-316 
 0.599 2.682 -1.85011 2.88525e+214 6.90271e-310 0.256244 1.72495 -0.727002 0.890708 -0.133399 -0.0269516 1.377 0.728 -0.727002 0 1.97626e-323 1.60687e-316 
 0.607 2.701 -1.85011 2.88525e+214 6.90271e-310 0.258244 1.73295 -0.727001 0.901498 -0.137549 -0.0274572 1.379 0.736 -0.727001 0 1.97626e-323 1.60687e-316 
 0.573 2.684 -1.85011 2.88525e+214 6.90271e-310 0.256244 1.73195 -0.727001 0.879693 -0.0863216 -0.017661 1.377 0.735 -0.727001 0 1.97626e-323 1.60687e-316 
 0.56 2.682 -1.85011 2.88525e+214 6.90271e-310 0.247242 1.72495 -0.726999 0.882858 -0.0753652 -0.0153645 1.368 0.728 -0.726999 0 1.97626e-323 1.60687e-316 
 0.581 2.702 -1.85011 2.88525e+214 6.90271e-310 0.240242 1.72895 -0.727 0.903547 -0.119089 -0.0237198 1.361 0.732 -0.727 0 1.97626e-323 1.60687e-316 
 0.583 2.71 -1.85012 2.88525e+214 6.90271e-310 0.241241 1.73094 -0.726998 0.90883 -0.11712 -0.0231923 1.362 0.734 -0.726998 0 1.97626e-323 1.60687e-316 
 0.59 2.684 -1.85012 2.88525e+214 6.90271e-310 0.238242 1.72495 -0.726999 0.894798 -0.149264 -0.0300173 1.359 0.728 -0.726999 0 1.97626e-323 1.60687e-316 
 0.572 2.692 -1.85012 2.88525e+214 6.90271e-310 0.24024 1.71694 -0.726998 0.902858 -0.100683 -0.0200702 1.361 0.72 -0.726998 0 1.97626e-323 1.60687e-316 
 0.564 2.696 -1.85012 2.88525e+214 6.90271e-310 0.242241 1.71994 -0.726998 0.901104 -0.0809451 -0.0161678 1.363 0.723 -0.726998 0 1.97626e-323 1.60687e-316 
 0.572 2.664 -1.85012 2.88525e+214 6.90271e-310 0.24824 1.72394 -0.726997 0.871472 -0.107785 -0.022259 1.369 0.727 -0.726997 0 1.97626e-323 1.60687e-316 
 0.565 2.687 -1.85011 2.88525e+214 6.90271e-310 0.253238 1.72594 -0.726995 0.885963 -0.0709298 -0.0144097 1.374 0.729 -0.726995 0 1.97626e-323 1.60687e-316 
 0.603 2.697 -1.85011 2.88525e+214 6.90271e-310 0.252237 1.72294 -0.726995 0.907051 -0.13738 -0.0272556 1.373 0.726 -0.726995 0 1.97626e-323 1.60687e-316 
 0.568 2.688 -1.85011 2.88525e+214 6.90271e-310 0.263237 1.73294 -0.726995 0.879146 -0.0609621 -0.012481 1.384 0.736 -0.726995 0 1.97626e-323 1.60687e-316 
 0.599 2.681 -1.85011 2.88525e+214 6.90271e-310 0.268238 1.72994 -0.726995 0.882516 -0.114224 -0.0232932 1.389 0.733 -0.726995 0 1.97626e-323 1.60687e-316 
 0.589 2.699 -1.85011 2.88525e+214 6.90271e-310 0.26724 1.72594 -0.726998 0.898589 -0.0828073 -0.016586 1.388 0.729 -0.726998 0 1.97626e-323 1.60687e-316 
 0.585 2.698 -1.85011 2.88525e+214 6.90271e-310 0.263239 1.72294 -0.726997 0.900267 -0.0815663 -0.016307 1.384 0.726 -0.726997 0 1.97626e-323 1.60687e-316 
 0.549 2.696 -1.85011 2.88525e+214 6.90271e-310 0.26324 1.71794 -0.726998 0.893765 -0.0102115 -0.00205654 1.384 0.721 -0.726998 0 1.97626e-323 1.60687e-316 
 0.59 2.689 -1.85011 2.88525e+214 6.90271e-310 0.265242 1.72395 -0.726999 0.89266 -0.0935957 -0.0188708 1.386 0.727 -0.726999 0 1.97626e-323 1.60687e-316 
 0.599 2.684 -1.85011 2.88525e+214 6.90271e-310 0.26424 1.72694 -0.726998 0.888586 -0.118022 -0.0239031 1.385 0.73 -0.726998 0 1.97626e-323 1.60687e-316 
 0.574 2.69 -1.85011 2.88525e+214 6.90271e-310 0.267243 1.72295 -0.727 0.889723 -0.0575229 -0.0116369 1.388 0.726 -0.727 0 1.97626e-323 1.60687e-316 
 0.585 2.698 -1.85011 2.88525e+214 6.90271e-310 0.273241 1.72394 -0.726998 0.89687 -0.0629523 -0.0126337 1.394 0.727 -0.726998 0 1.97626e-323 1.60687e-316 
 0.577 2.699 -1.85012 2.88525e+214 6.90271e-310 0.274241 1.72295 -0.726999 0.89628 -0.0443673 -0.00891006 1.395 0.726 -0.726999 0 1.97626e-323 1.60687e-316 
 0.574 2.682 -1.85012 2.88525e+214 6.90271e-310 0.268242 1.72495 -0.726999 0.881074 -0.061682 -0.0126007 1.389 0.728 -0.726999 0 1.97626e-323 1.60687e-316 
 0.577 2.687 -1.85012 2.88525e+214 6.90271e-310 0.261241 1.72695 -0.726999 0.886144 -0.0793268 -0.016112 1.382 0.73 -0.726999 0 1.97626e-323 1.60687e-316 
 0.59 2.683 -1.85011 2.88525e+214 6.90271e-310 0.258241 1.72395 -0.726999 0.889467 -0.110934 -0.0224458 1.379 0.727 -0.726999 0 1.97626e-323 1.60687e-316 
 0.574 2.705 -1.85011 2.88525e+214 6.90271e-310 0.259241 1.72195 -0.726999 0.905187 -0.0632697 -0.0125808 1.38 0.725 -0.726999 0 1.97626e-323 1.60687e-316 
 0.573 2.685 -1.85011 2.88525e+214 6.90271e-310 0.254242 1.72495 -0.727 0.886916 -0.0851535 -0.0172802 1.375 0.728 -0.727 0 1.97626e-323 1.60687e-316 
 0.614 2.688 -1.85011 2.88525e+214 6.90271e-310 0.257241 1.73094 -0.726998 0.894488 -0.160147 -0.0322156 1.378 0.734 -0.726998 0 1.97626e-323 1.60687e-316 
 0.592 2.696 -1.85011 2.88525e+214 6.90271e-310 0.262242 1.73595 -0.726999 0.889778 -0.106433 -0.0215278 1.383 0.739 -0.726999 0 1.97626e-323 1.60687e-316 
 0.613 2.702 -1.85011 2.88525e+214 6.90271e-310 0.266238 1.74594 -0.726996 0.890952 -0.141743 -0.0286287 1.387 0.749 -0.726996 0 1.97626e-323 1.60687e-316 
 0.598 2.692 -1.85011 2.88525e+214 6.90271e-310 0.267239 1.74594 -0.726997 0.878333 -0.117514 -0.0240778 1.388 0.749 -0.726997 0 1.97626e-323 1.60687e-316 
 0.582 2.673 -1.85011 2.88525e+214 6.90271e-310 0.274241 1.74494 -0.726998 0.857258 -0.0839459 -0.0176245 1.395 0.748 -0.726998 0 1.97626e-323 1.60687e-316 
 0.585 2.694 -1.85011 2.88525e+214 6.90271e-310 0.276242 1.74595 -0.727 0.874284 -0.0731705 -0.0150634 1.397 0.749 -0.727 0 1.97626e-323 1.60687e-316 
 0.603 2.694 -1.85011 2.88525e+214 6.90271e-310 0.276241 1.73595 -0.726999 0.887319 -0.101928 -0.0206739 1.397 0.739 -0.726999 0 1.97626e-323 1.60687e-316 
 0.601 2.696 -1.85011 2.88525e+214 6.90271e-310 0.279239 1.73494 -0.726997 0.888533 -0.0903401 -0.0182991 1.4 0.738 -0.726997 0 1.97626e-323 1.60687e-316 
 0.572 2.683 -1.85011 2.88525e+214 6.90271e-310 0.28624 1.73494 -0.726998 0.868502 -0.0276501 -0.00573051 1.407 0.738 -0.726998 0 1.97626e-323 1.60687e-316 
 0.56 2.69 -1.85011 2.88525e+214 6.90271e-310 0.280241 1.73694 -0.726998 0.871237 -0.012766 -0.00263748 1.401 0.74 -0.726998 0 1.97626e-323 1.60687e-316 
 0.593 2.696 -1.85011 2.88525e+214 6.90271e-310 0.277242 1.72995 -0.726999 0.891176 -0.0755886 -0.0152662 1.398 0.733 -0.726999 0 1.97626e-323 1.60687e-316 
 0.586 2.699 -1.85011 2.88525e+214 6.90271e-310 0.274243 1.72595 -0.727001 0.896027 -0.0635566 -0.012767 1.395 0.729 -0.727001 0 1.97626e-323 1.60687e-316 
 0.59 2.694 -1.85011 2.88525e+214 6.90271e-310 0.270241 1.72395 -0.726999 0.895558 -0.0808257 -0.0162439 1.391 0.727 -0.726999 0 1.97626e-323 1.60687e-316 
 0.589 2.702 -1.85011 2.88525e+214 6.90271e-310 0.267242 1.72295 -0.727 0.903617 -0.0790943 -0.0157542 1.388 0.726 -0.727 0 1.97626e-323 1.60687e-316 
 0.563 2.685 -1.85011 2.88525e+214 6.90271e-310 0.268242 1.72195 -0.726999 0.883352 -0.036508 -0.00743906 1.389 0.725 -0.726999 0 1.97626e-323 1.60687e-316 
 0.6 2.696 -1.85011 2.88525e+214 6.90271e-310 0.268241 1.72195 -0.726998 0.90202 -0.101319 -0.0202156 1.389 0.725 -0.726998 0 1.97626e-323 1.60687e-316 
 0.576 2.69 -1.85011 2.88525e+214 6.90271e-310 0.264239 1.72494 -0.726997 0.889317 -0.0684616 -0.0138559 1.385 0.728 -0.726997 0 1.97626e-323 1.60687e-316 
 0.574 2.692 -1.85011 2.88525e+214 6.90271e-310 0.257238 1.72094 -0.726996 0.89563 -0.0744341 -0.0149583 1.378 0.724 -0.726996 0 1.97626e-323 1.60687e-316 
 0.57 2.684 -1.85011 2.88525e+214 6.90271e-310 0.263239 1.72294 -0.726996 0.884689 -0.0611862 -0.0124484 1.384 0.726 -0.726996 0 1.97626e-323 1.60687e-316 
 0.567 2.703 -1.85011 2.88525e+214 6.90271e-310 0.25824 1.72494 -0.726998 0.89947 -0.0547612 -0.0109582 1.379 0.728 -0.726998 0 1.97626e-323 1.60687e-316 
 0.561 2.687 -1.85011 2.88525e+214 6.90271e-310 0.262239 1.72694 -0.726996 0.881832 -0.0461508 -0.00942005 1.383 0.73 -0.726996 0 1.97626e-323 1.60687e-316 
 0.591 2.696 -1.85011 2.88525e+214 6.90271e-310 0.263239 1.72194 -0.726996 0.900981 -0.0936834 -0.0187141 1.384 0.725 -0.726996 0 1.97626e-323 1.60687e-316 
 0.571 2.663 -1.85011 2.88525e+214 6.90271e-310 0.26124 1.71994 -0.726998 0.870349 -0.0783028 -0.0161927 1.382 0.723 -0.726998 0 1.97626e-323 1.60687e-316 
 0.569 2.687 -1.85011 2.88525e+214 6.90271e-310 0.259239 1.72094 -0.726997 0.889648 -0.0639656 -0.0129413 1.38 0.724 -0.726997 0 1.97626e-323 1.60687e-316 
 0.578 2.687 -1.85011 2.88525e+214 6.90271e-310 0.260243 1.72495 -0.727001 0.888334 -0.081957 -0.0166051 1.381 0.728 -0.727001 0 1.97626e-323 1.60687e-316 
 0.571 2.688 -1.85011 2.88525e+214 6.90271e-310 0.258243 1.72295 -0.727 0.889568 -0.0703957 -0.0142433 1.379 0.726 -0.727 0 1.97626e-323 1.60687e-316 
 0.555 2.678 -1.85011 2.88525e+214 6.90271e-310 0.261243 1.72795 -0.727 0.87217 -0.0423333 -0.00873661 1.382 0.731 -0.727 0 1.97626e-323 1.60687e-316 
 0.594 2.682 -1.85011 2.88525e+214 6.90271e-310 0.260246 1.73095 -0.727003 0.883299 -0.120031 -0.0244552 1.381 0.734 -0.727003 0 1.97626e-323 1.60687e-316 
 0.593 2.685 -1.85011 2.88525e+214 6.90271e-310 0.260245 1.72695 -0.727002 0.888889 -0.113514 -0.0229826 1.381 0.73 -0.727002 0 1.97626e-323 1.60687e-316 
 0.566 2.689 -1.85011 2.88525e+214 6.90271e-310 0.264245 1.72295 -0.727002 0.88762 -0.0483976 -0.0098142 1.385 0.726 -0.727002 0 1.97626e-323 1.60687e-316 
 0.584 2.703 -1.85011 2.88525e+214 6.90271e-310 0.254244 1.72595 -0.727001 0.904008 -0.095611 -0.0190351 1.375 0.729 -0.727001 0 1.97626e-323 1.60687e-316 
 0.602 2.704 -1.85011 2.88525e+214 6.90271e-310 0.260242 1.72695 -0.727 0.907155 -0.118408 -0.0234906 1.381 0.73 -0.727 0 1.97626e-323 1.60687e-316 
 0.587 2.689 -1.85011 2.88525e+214 6.90271e-310 0.25724 1.73094 -0.726997 0.888107 -0.107728 -0.0218307 1.378 0.734 -0.726997 0 1.97626e-323 1.60687e-316 
 0.571 2.676 -1.85011 2.88525e+214 6.90271e-310 0.256241 1.72895 -0.726999 0.874989 -0.0855921 -0.0176059 1.377 0.732 -0.726999 0 1.97626e-323 1.60687e-316 
 0.588 2.698 -1.85011 2.88525e+214 6.90271e-310 0.25624 1.73294 -0.726998 0.894488 -0.107062 -0.021541 1.377 0.736 -0.726998 0 1.97626e-323 1.60687e-316 
 0.595 2.688 -1.85011 2.88525e+214 6.90271e-310 0.263242 1.73095 -0.726999 0.887793 -0.112235 -0.0227517 1.384 0.734 -0.726999 0 1.97626e-323 1.60687e-316 
 0.584 2.668 -1.85011 2.88525e+214 6.90271e-310 0.264241 1.73095 -0.726999 0.867911 -0.101891 -0.0211284 1.385 0.734 -0.726999 0 1.97626e-323 1.60687e-316 
 0.578 2.691 -1.85011 2.88525e+214 6.90271e-310 0.262242 1.72595 -0.726999 0.890337 -0.0762141 -0.015407 1.383 0.729 -0.726999 0 1.97626e-323 1.60687e-316 
 0.582 2.678 -1.85011 2.88525e+214 6.90271e-310 0.263241 1.72695 -0.726999 0.879376 -0.0908719 -0.0185985 1.384 0.73 -0.726999 0 1.97626e-323 1.60687e-316 
 0.603 2.689 -1.85011 2.88525e+214 6.90271e-310 0.270241 1.72194 -0.726998 0.896423 -0.107699 -0.0216224 1.391 0.725 -0.726998 0 1.97626e-323 1.60687e-316 
 0.553 2.669 -1.85011 2.88525e+214 6.90271e-310 0.26124 1.72594 -0.726998 0.865787 -0.0426131 -0.00885918 1.382 0.729 -0.726998 0 1.97626e-323 1.60687e-316 
 0.592 2.69 -1.85011 2.88525e+214 6.90271e-310 0.25924 1.72794 -0.726997 0.892242 -0.110924 -0.022374 1.38 0.731 -0.726997 0 1.97626e-323 1.60687e-316 
