 1.493 1.586 0.213479 0 0 2.09417 2.06813 1.03377 0 0 0 2.613 4.077 0 0 0 0 
 1.494 1.586 0.21348 0 0 2.09517 2.06843 1.0348 0.472362 0.587834 0.461873 2.614 4.078 0 0 0 0 
 1.49 1.583 0.214484 0 0 2.09327 2.06663 1.03314 0.474096 0.586851 0.459747 2.617 4.079 0 0 0 0 
 1.497 1.587 0.226165 0 0 2.09787 2.06943 1.03563 0.474251 0.572464 0.449823 2.616 4.079 0 0 0 0 
 1.518 1.597 0.245795 0 0 2.11317 2.07613 1.04009 0.473066 0.547678 0.433685 2.618 4.078 0 0 0 0 
 1.542 1.583 0.282476 0 0 2.13117 2.06693 1.07471 0.47604 0.514041 0.407727 2.622 4.08 0 0 0 0 
 1.58 1.582 0.336853 0 0 2.15747 2.06563 1.11007 0.476277 0.455762 0.365566 2.621 4.078 0 0 0 0 
 1.628 1.588 0.388829 0 0 2.19077 2.07014 1.15389 0.473327 0.401873 0.327394 2.62 4.079 0 0 0 0 
 1.682 1.596 0.435735 0 0 2.22917 2.07513 1.19905 0.468209 0.353839 0.293557 2.622 4.077 0 0 0 0 
 1.733 1.599 0.478042 0 0 2.26427 2.07903 1.26944 0.463352 0.31835 0.268202 2.62 4.083 0 0 0 0 
 1.775 1.614 0.515427 0 0 2.29427 2.08953 1.30184 0.458091 0.278246 0.238343 2.622 4.083 0 0 0 0 
 1.833 1.642 0.548916 0 0 2.33397 2.10733 1.33774 0.446629 0.242268 0.213663 2.619 4.077 0 0 0 0 
 1.878 1.658 0.577814 0 0 2.36577 2.11913 1.38489 0.439666 0.215911 0.193962 2.62 4.079 0 0 0 0 
 1.925 1.662 0.602303 0 0 2.39717 2.12103 1.46608 0.431901 0.20125 0.184271 2.615 4.076 0 0 0 0 
 1.971 1.665 0.623712 0 0 2.42967 2.12463 1.56468 0.426189 0.192375 0.17863 2.616 4.081 0 0 0 0 
 2.01 1.674 0.64349 0 0 2.45667 2.13093 1.63911 0.419844 0.179648 0.169514 2.615 4.081 0 0 0 0 
 2.045 1.689 0.662383 0 0 2.48177 2.14083 1.68236 0.413491 0.162611 0.156026 2.617 4.079 0 0 0 0 
 2.074 1.701 0.679712 0 0 2.50296 2.14953 1.72576 0.408848 0.147693 0.143504 2.62 4.08 0 0 0 0 
 2.11 1.736 0.695645 0 0 2.52846 2.17493 1.73895 0.400002 0.129458 0.128742 2.621 4.083 0 0 0 0 
 2.146 1.772 0.71048 0 0 2.55247 2.19833 1.73882 0.388972 0.110702 0.113353 2.617 4.077 0 0 0 0 
 2.18 1.816 0.724045 0 0 2.57507 2.23033 1.73838 0.37839 0.0938825 0.0989202 2.613 4.081 0 0 0 0 
 2.207 1.857 0.735197 0 0 2.59547 2.25903 1.68401 0.369878 0.0732433 0.0790431 2.618 4.081 0 0 0 0 
 2.237 1.876 0.744717 0 0 2.61467 2.27114 1.7283 0.361705 0.0678778 0.0749237 2.612 4.077 0 0 0 0 
 2.272 1.898 0.752264 0 0 2.63887 2.28654 1.78053 0.353639 0.0653904 0.0738286 2.611 4.077 0 0 0 0 
 2.301 1.914 0.759798 0 0 2.65947 2.29833 1.83647 0.347829 0.0632554 0.0726152 2.612 4.079 0 0 0 0 
 2.338 1.931 0.767074 0 0 2.68627 2.31083 1.92013 0.341037 0.0637671 0.0746529 2.615 4.081 0 0 0 0 
 2.38 1.95 0.774173 0 0 2.71537 2.32144 2.00203 0.331169 0.0631561 0.0761353 2.614 4.072 0 0 0 0 
 2.41 1.981 0.780978 0 0 2.73667 2.34433 2.0258 0.323401 0.0574945 0.070993 2.615 4.076 0 0 0 0 
 2.435 2.001 0.787575 0 0 2.75627 2.35713 2.00697 0.317575 0.0486496 0.0611999 2.622 4.072 0 0 0 0 
 2.463 2.028 0.793075 0 0 2.77587 2.37664 2.03643 0.310195 0.0450704 0.0580534 2.622 4.074 0 0 0 0 
 2.5 2.049 0.798205 0 0 2.79997 2.39163 2.18884 0.30147 0.0510512 0.0676331 2.616 4.075 0 0 0 0 
 2.523 2.07 0.802861 0 0 2.81607 2.40573 2.20838 0.295062 0.0472982 0.0640321 2.616 4.073 0 0 0 0 
 2.553 2.093 0.808146 0 0 2.83767 2.42243 2.2788 0.288267 0.0463053 0.064165 2.618 4.075 0 0 0 0 
 2.58 2.111 0.813092 0 0 2.85567 2.43443 2.38176 0.28135 0.0472182 0.0670304 2.615 4.073 0 0 0 0 
 2.607 2.144 0.818058 0 0 2.87367 2.45664 2.37576 0.272098 0.0413688 0.0607397 2.612 4.07 0 0 0 0 
 2.632 2.171 0.822831 0 0 2.89297 2.47583 2.3476 0.265779 0.0349284 0.0525192 2.618 4.071 0 0 0 0 
 2.664 2.188 0.826971 0 0 2.91387 2.48833 2.58738 0.258666 0.0427979 0.0660862 2.613 4.073 0 0 0 0 
 2.686 2.222 0.830917 0 0 2.92837 2.51333 2.58785 0.250946 0.0385764 0.0614122 2.61 4.077 0 0 0 0 
 2.702 2.237 0.835019 0 0 2.94016 2.52263 2.56694 0.246311 0.0337287 0.0547196 2.612 4.073 0 0 0 0 
 2.72 2.248 0.839588 0 0 2.95277 2.53003 2.6638 0.242188 0.0336946 0.055593 2.612 4.072 0 0 0 0 
 2.758 2.262 0.843268 0 0 2.98087 2.53924 2.94989 0.2355 0.0403696 0.0684611 2.617 4.07 0 0 0 0 
 2.775 2.274 0.847255 0 0 2.99127 2.54583 3.081 0.229967 0.0405087 0.0703437 2.612 4.064 0 0 0 0 
 2.798 2.274 0.852038 0 0 3.00767 2.54733 3.65414 0.227919 0.0503468 0.0881303 2.613 4.069 0 0 0 0 
 2.812 2.275 0.856629 0 0 3.01807 2.54803 3.98604 0.226278 0.0525849 0.0926898 2.615 4.069 0 0 0 0 
 2.835 2.296 0.862054 0 0 3.03507 2.56333 4.1849 0.220895 0.0505874 0.0913495 2.618 4.071 0 0 0 0 
 2.847 2.314 0.867291 0 0 3.04496 2.57743 4.08492 0.218078 0.0446239 0.0816673 2.623 4.076 0 0 0 0 
 2.855 2.34 0.872985 0 0 3.05057 2.59653 3.77378 0.213596 0.0345398 0.0645926 2.623 4.079 0 0 0 0 
 2.868 2.366 0.87731 0 0 3.05787 2.61683 3.92165 0.208314 0.0332192 0.0637006 2.617 4.086 0 0 0 0 
 2.873 2.391 0.881328 0 0 3.06226 2.63493 3.45233 0.204548 0.0212749 0.0415797 2.62 4.088 0 0 0 0 
 2.885 2.408 0.884413 0 0 3.07157 2.64473 3.2113 0.199731 0.0133673 0.0267641 2.623 4.081 0 0 0 0 
 2.9 2.41 0.886956 0 0 3.08267 2.64884 3.70987 0.199196 0.021764 0.0436759 2.625 4.09 0 0 0 0 
 2.93 2.417 0.889027 0 0 3.10367 2.65374 4.74694 0.19439 0.0337389 0.0693141 2.625 4.09 0 0 0 0 
 2.943 2.419 0.891791 0 0 3.11307 2.65453 5.31928 0.192304 0.0367305 0.0762527 2.626 4.088 0 0 0 0 
 2.967 2.443 0.895003 0 0 3.13017 2.67074 5.65375 0.185441 0.0359832 0.0774612 2.627 4.086 0 0 0 0 
 2.974 2.457 0.898807 0 0 3.13657 2.67964 4.90085 0.182567 0.0271116 0.0593311 2.632 4.083 0 0 0 0 
 2.99 2.474 0.902061 0 0 3.14807 2.69093 4.97517 0.177774 0.0250953 0.0564056 2.633 4.081 0 0 0 0 
 3 2.488 0.904886 0 0 3.15447 2.70103 5.1547 0.174286 0.0243792 0.0558941 2.631 4.082 0 0 0 0 
 3.007 2.508 0.907441 0 0 3.15727 2.71533 5.17175 0.169609 0.0223923 0.0527604 2.624 4.083 0 0 0 0 
 3.017 2.532 0.909695 0 0 3.16157 2.73183 5.24267 0.163377 0.0208793 0.0510747 2.615 4.082 0 0 0 0 
 3.028 2.543 0.911717 0 0 3.17137 2.74043 5.09931 0.161641 0.0184342 0.045586 2.622 4.085 0 0 0 0 
 3.044 2.561 0.913627 0 0 3.18346 2.75003 4.5712 0.155658 0.012399 0.0318514 2.625 4.075 0 0 0 0 
 3.056 2.575 0.915606 0 0 3.19187 2.76103 4.89459 0.152635 0.0138195 0.0362 2.625 4.079 0 0 0 0 
 3.067 2.579 0.917372 0 0 3.19837 2.76533 6.51319 0.150995 0.0220892 0.0584495 2.621 4.084 0 0 0 0 
 3.074 2.575 0.919352 0 0 3.20236 2.76163 8.51839 0.149967 0.0273298 0.0727668 2.618 4.081 0 0 0 0 
 3.079 2.58 0.921586 0 0 3.20617 2.76633 9.44385 0.149345 0.0280114 0.0748843 2.619 4.085 0 0 0 0 
 3.087 2.586 0.923968 0 0 3.21356 2.76963 8.30143 0.147689 0.0238957 0.064629 2.625 4.082 0 0 0 0 
 3.085 2.591 0.926633 0 0 3.21367 2.76984 5.46841 0.145984 0.0111762 0.0306135 2.63 4.071 0 0 0 0 
 3.097 2.613 0.928839 0 0 3.22476 2.78553 4.46375 0.142285 0.00242876 0.00682776 2.639 4.072 0 0 0 0 
 3.114 2.625 0.930245 0 0 3.23457 2.79363 5.75342 0.137365 0.010284 0.0299375 2.632 4.071 0 0 0 0 
 3.125 2.637 0.931543 0 0 3.23897 2.80594 11.2755 0.134931 0.0233452 0.0690961 2.621 4.084 0 0 0 0 
 3.14 2.653 0.933216 0 0 3.24857 2.81954 27.1383 0.131543 0.0298823 0.0906181 2.618 4.092 0 0 0 0 
 3.158 2.658 0.935139 0 0 3.26057 2.82483 -17.8929 0.129382 0.0415905 0.127881 2.616 4.098 0 0 0 0 
 3.168 2.668 0.93792 0 0 3.26727 2.83124 -13.5551 0.126195 0.0416974 0.131407 2.615 4.096 0 0 0 0 
 3.17 2.677 0.941883 0 0 3.27047 2.83663 -55.0493 0.124754 0.0320391 0.102368 2.621 4.093 0 0 0 0 
 3.183 2.684 0.945412 0 0 3.28047 2.84153 -21.9503 0.122494 0.0334784 0.10889 2.624 4.093 0 0 0 0 
 3.185 2.699 0.94874 0 0 3.28156 2.84933 71.5788 0.118279 0.0232358 0.0784182 2.623 4.084 0 0 0 0 
 3.185 2.715 0.952002 0 0 3.28127 2.86113 18.9403 0.115908 0.0162109 0.055886 2.622 4.086 0 0 0 0 
 3.196 2.723 0.954272 0 0 3.29377 2.86553 8.82264 0.114539 0.00676933 0.023636 2.638 4.082 0 0 0 0 
 3.202 2.743 0.955969 0 0 3.30726 2.87863 3.44789 0.113683 -0.019831 -0.0696636 2.669 4.079 0 0 0 0 
 3.207 2.751 0.957167 0 0 3.31527 2.88903 3.2812 0.116126 -0.023039 -0.0791926 2.684 4.095 0 0 0 0 
 3.216 2.761 0.957352 0 0 3.33117 2.90023 2.64236 0.11943 -0.0356361 -0.118792 2.716 4.109 0 0 0 0 
 3.222 2.775 0.957414 0 0 3.34556 2.91394 2.08928 0.122518 -0.0534018 -0.172613 2.75 4.122 0 0 0 0 
 3.225 2.781 0.957481 0 0 3.35276 2.92113 1.94939 0.124793 -0.0602476 -0.190764 2.767 4.132 0 0 0 0 
 3.239 2.784 0.957566 0 0 3.36617 2.92323 1.94029 0.124075 -0.060401 -0.192317 2.779 4.132 0 0 0 0 
 3.254 2.793 0.956427 0 0 3.37877 2.93044 1.97232 0.122192 -0.0576351 -0.186479 2.786 4.135 0 0 0 0 
 3.265 2.787 0.95609 0 0 3.38647 2.92683 2.24193 0.122202 -0.0471329 -0.153071 2.786 4.137 0 0 0 0 
 3.272 2.804 0.955372 0 0 3.39197 2.94023 2.15101 0.119694 -0.049086 -0.16259 2.788 4.142 0 0 0 0 
 3.274 2.818 0.953836 0 0 3.39216 2.95333 2.20665 0.118529 -0.046027 -0.154097 2.784 4.153 0 0 0 0 
 3.271 2.825 0.952508 0 0 3.39427 2.96033 1.95468 0.120533 -0.0558855 -0.183377 2.798 4.16 0 0 0 0 
 3.273 2.831 0.950274 0 0 3.40287 2.96514 1.67616 0.122515 -0.070119 -0.225054 2.822 4.162 0 0 0 0 
 3.285 2.841 0.947324 0 0 3.42087 2.97513 1.51463 0.124938 -0.0808799 -0.253378 2.854 4.172 0 0 0 0 
 3.298 2.844 0.942266 0 0 3.44287 2.98624 1.49692 0.132911 -0.0841477 -0.24803 2.897 4.202 0 0 0 0 
 3.3 2.849 0.934873 0 0 3.45627 2.99483 1.35002 0.139552 -0.0973946 -0.272232 2.937 4.219 0 0 0 0 
 3.307 2.85 0.925874 0 0 3.47556 3.00393 1.29492 0.149014 -0.104008 -0.272258 2.985 4.247 0 0 0 0 
 3.319 2.866 0.915628 0 0 3.49897 3.02653 1.23975 0.157405 -0.109743 -0.271972 3.035 4.285 0 0 0 0 
 3.325 2.875 0.905376 0 0 3.51037 3.04663 1.32955 0.165618 -0.0966137 -0.22924 3.059 4.331 0 0 0 0 
 3.341 2.894 0.893673 0 0 3.52727 3.07193 1.4141 0.16946 -0.0813458 -0.189702 3.078 4.371 0 0 0 0 
 3.348 2.902 0.884168 0 0 3.54027 3.08773 1.44687 0.176151 -0.0742267 -0.166983 3.105 4.405 0 0 0 0 
 3.365 2.917 0.876031 0 0 3.55577 3.10484 1.50602 0.176697 -0.0630246 -0.141717 3.117 4.427 0 0 0 0 
 3.377 2.926 0.868569 0 0 3.56927 3.11954 1.58027 0.180308 -0.0519831 -0.114813 3.134 4.455 0 0 0 0 
 3.386 2.928 0.862205 0 0 3.57737 3.12603 1.68371 0.182236 -0.0391471 -0.0857154 3.14 4.472 0 0 0 0 
 3.391 2.947 0.856844 0 0 3.58387 3.13993 1.55865 0.180408 -0.0463829 -0.10248 3.15 4.474 0 0 0 0 
 3.397 2.96 0.852219 0 0 3.59197 3.14753 1.43412 0.178717 -0.0557372 -0.124108 3.163 4.469 0 0 0 0 
 3.412 2.975 0.847402 0 0 3.60336 3.15803 1.41768 0.174967 -0.0535123 -0.121732 3.166 4.469 0 0 0 0 
 3.422 2.988 0.841465 0 0 3.60616 3.16743 1.47279 0.170061 -0.0428407 -0.100427 3.152 4.47 0 0 0 0 
 3.438 3.002 0.836096 0 0 3.60657 3.18024 1.77346 0.162549 -0.0136217 -0.0335077 3.116 4.48 0 0 0 0 
 3.447 3.008 0.832286 0 0 3.60597 3.18533 2.04277 0.157833 0.00447328 0.0113363 3.093 4.483 0 0 0 0 
 3.448 3.016 0.830766 0 0 3.60367 3.18974 2.04548 0.154594 0.00539922 0.0139691 3.083 4.479 0 0 0 0 
 3.462 3.035 0.829911 0 0 3.60566 3.20423 2.41343 0.147036 0.020319 0.05522 3.057 4.483 0 0 0 0 
 3.483 3.044 0.829234 0 0 3.61257 3.20993 3.34999 0.139146 0.0412203 0.117945 3.031 4.481 0 0 0 0 
 3.492 3.054 0.830042 0 0 3.61647 3.21693 3.73333 0.135417 0.0453041 0.133031 3.023 4.481 0 0 0 0 
 3.51 3.069 0.830402 0 0 3.62697 3.22803 4.66611 0.130181 0.0526701 0.160445 3.016 4.483 0 0 0 0 
 3.525 3.082 0.830756 0 0 3.63897 3.23744 4.76379 0.127082 0.052126 0.162622 3.021 4.484 0 0 0 0 
 3.54 3.09 0.831715 0 0 3.64707 3.24363 7.31693 0.123165 0.0617132 0.197804 3.013 4.486 0 0 0 0 
 3.544 3.108 0.832425 0 0 3.64777 3.25594 6.8422 0.118897 0.0580947 0.193012 3.006 4.485 0 0 0 0 
 3.556 3.116 0.833275 0 0 3.65647 3.26183 8.34971 0.116417 0.0604789 0.204885 3.007 4.486 0 0 0 0 
 3.557 3.118 0.836024 0 0 3.65716 3.26324 8.23508 0.116026 0.0588134 0.200048 3.007 4.486 0 0 0 0 
 3.57 3.127 0.838224 0 0 3.66417 3.26863 14.9739 0.111641 0.0633477 0.223188 3 4.483 0 0 0 0 
 3.579 3.136 0.840976 0 0 3.67197 3.27523 13.6587 0.10996 0.0604547 0.21647 3.005 4.484 0 0 0 0 
 3.596 3.142 0.844237 0 0 3.68627 3.27973 22.2561 0.108083 0.0618057 0.224866 3.013 4.485 0 0 0 0 
 3.605 3.156 0.848854 0 0 3.69377 3.28593 9.31116 0.103579 0.0497341 0.189752 3.017 4.473 0 0 0 0 
 3.615 3.166 0.854383 0 0 3.70017 3.28813 7.26966 0.0981605 0.0415065 0.167551 3.015 4.457 0 0 0 0 
 3.627 3.172 0.859139 0 0 3.71067 3.29233 7.5028 0.0966527 0.0396331 0.162575 3.022 4.457 0 0 0 0 
 3.64 3.182 0.863184 0 0 3.71857 3.29363 6.62241 0.0901014 0.0336865 0.148449 3.018 4.438 0 0 0 0 
 3.643 3.189 0.866931 0 0 3.71946 3.29403 5.00605 0.0858834 0.0254645 0.118049 3.014 4.423 0 0 0 0 
 3.65 3.198 0.870594 0 0 3.72047 3.29373 4.64206 0.0786243 0.020669 0.104768 3.001 4.401 0 0 0 0 
 3.649 3.198 0.872757 0 0 3.72097 3.29013 3.34467 0.0774377 0.0108296 0.0558812 3.005 4.389 0 0 0 0 
 3.652 3.197 0.874621 0 0 3.72247 3.28763 3.41886 0.0760423 0.0107679 0.0565814 3.003 4.383 0 0 0 0 
 3.652 3.205 0.876136 0 0 3.72247 3.29143 2.78998 0.0739048 0.00317409 0.0171776 3.003 4.377 0 0 0 0 
 3.652 3.215 0.877291 0 0 3.72337 3.29933 2.43931 0.0732166 -0.00258389 -0.0141155 3.006 4.38 0 0 0 0 
 3.655 3.214 0.878034 0 0 3.72577 3.29653 2.33604 0.0720446 -0.00463944 -0.025753 3.007 4.373 0 0 0 0 
 3.66 3.207 0.87864 0 0 3.72957 3.29253 2.81596 0.0730665 0.00274881 0.0150471 3.008 4.376 0 0 0 0 
 3.67 3.214 0.879128 0 0 3.73597 3.29803 3.26899 0.0707808 0.00745768 0.0421203 3.006 4.378 0 0 0 0 
 3.688 3.225 0.880102 0 0 3.74797 3.30573 4.38067 0.0665673 0.0139686 0.0837405 3.004 4.378 0 0 0 0 
 3.697 3.231 0.880964 0 0 3.75397 3.31023 5.49995 0.0645411 0.0174134 0.107505 3.003 4.379 0 0 0 0 
 3.692 3.236 0.881915 0 0 3.75017 3.31523 4.72517 0.0650482 0.0146702 0.0899675 3.002 4.384 0 0 0 0 
 3.692 3.241 0.882908 0 0 3.75107 3.31693 3.41094 0.0637362 0.00692876 0.0434566 3.005 4.378 0 0 0 0 
 3.69 3.254 0.884193 0 0 3.74907 3.32633 2.77279 0.0618918 0.000465912 0.00301113 3.003 4.379 0 0 0 0 
 3.688 3.257 0.884812 0 0 3.74857 3.32843 2.42366 0.0620605 -0.0043481 -0.0280176 3.006 4.379 0 0 0 0 
 3.693 3.258 0.885353 0 0 3.75237 3.33033 2.71992 0.0620177 -0.000450827 -0.00290773 3.007 4.383 0 0 0 0 
 3.708 3.272 0.88593 0 0 3.76316 3.34013 2.86623 0.058101 0.00101176 0.00696543 3.008 4.383 0 0 0 0 
 3.719 3.285 0.88627 0 0 3.76997 3.35014 3.31757 0.0548012 0.00461127 0.0336454 3.005 4.386 0 0 0 0 
 3.726 3.287 0.886785 0 0 3.77457 3.35273 4.53032 0.0541073 0.010571 0.07799 3.004 4.39 0 0 0 0 
 3.729 3.287 0.887269 0 0 3.77667 3.35243 4.98466 0.0535785 0.0118482 0.0882255 3.004 4.389 0 0 0 0 
 3.722 3.284 0.888002 0 0 3.77236 3.34823 3.28608 0.0540893 0.00394831 0.0291902 3.006 4.382 0 0 0 0 
 3.724 3.286 0.888708 0 0 3.77317 3.34963 3.52422 0.0532802 0.00529646 0.0397421 3.004 4.382 0 0 0 0 
 3.734 3.296 0.889237 0 0 3.77987 3.35574 3.63604 0.0498959 0.00548558 0.0439479 3.003 4.379 0 0 0 0 
 3.74 3.305 0.890018 0 0 3.78467 3.36173 3.22624 0.0478507 0.00272867 0.0228059 3.005 4.378 0 0 0 0 
 3.749 3.312 0.890395 0 0 3.79097 3.36694 3.73307 0.0457985 0.00530071 0.0462629 3.005 4.379 0 0 0 0 
 3.75 3.313 0.890825 0 0 3.79197 3.36763 3.62908 0.0456443 0.00470469 0.0412059 3.006 4.379 0 0 0 0 
 3.742 3.311 0.891254 0 0 3.78727 3.36684 2.85156 0.0476372 -0.000330575 -0.00277576 3.009 4.381 0 0 0 0 
 3.738 3.315 0.891766 0 0 3.78476 3.36964 2.34876 0.0476435 -0.00567159 -0.047581 3.01 4.381 0 0 0 0 
 3.741 3.317 0.892042 0 0 3.78837 3.37163 2.25555 0.0478932 -0.00699829 -0.0583827 3.015 4.383 0 0 0 0 
 3.749 3.319 0.89212 0 0 3.79487 3.37184 2.24634 0.0463404 -0.00692065 -0.0596666 3.018 4.379 0 0 0 0 
 3.76 3.319 0.892213 0 0 3.80677 3.36913 1.83599 0.0453252 -0.0134944 -0.118532 3.032 4.37 0 0 0 0 
 3.765 3.33 0.892216 0 0 3.81537 3.37953 1.50236 0.0465217 -0.0221615 -0.188291 3.049 4.379 0 0 0 0 
 3.781 3.339 0.891924 0 0 3.83496 3.38733 1.24901 0.0474165 -0.0317879 -0.261995 3.077 4.384 0 0 0 0 
 3.791 3.341 0.891777 0 0 3.85366 3.38334 0.80137 0.0480162 -0.0604718 -0.466652 3.116 4.366 0 0 0 0 
 3.793 3.338 0.891626 0 0 3.87007 3.37314 0.49037 0.0504901 -0.103046 -0.523599 3.166 4.339 0 0 0 0 
 3.792 3.34 0.890922 0 0 3.89037 3.37093 0.325288 0.0575799 -0.153979 -0.523599 3.236 4.327 0 0 0 0 
 3.794 3.337 0.890003 0 0 3.91457 3.36523 0.238566 0.0659772 -0.203088 -0.523599 3.312 4.315 0 0 0 0 
 3.795 3.334 0.886537 0 0 3.93057 3.36013 0.195209 0.0717588 -0.235328 -0.523599 3.363 4.305 0 0 0 0 
 3.798 3.342 0.872947 0 0 3.94707 3.36483 0.154398 0.0770213 -0.263066 -0.523599 3.411 4.302 0 0 0 0 
 3.806 3.344 0.85065 0 0 3.97067 3.36414 0.122891 0.0843808 -0.289699 -0.523599 3.471 4.295 0 0 0 0 
 3.807 3.331 0.82333 0 0 3.98426 3.35114 0.114078 0.0922649 -0.302479 -0.523599 3.514 4.282 0 0 0 0 
 3.811 3.329 0.79212 0 0 3.99847 3.34583 0.0900455 0.0980457 -0.314332 -0.523599 3.552 4.269 0 0 0 0 
 3.817 3.343 0.760784 0 0 4.01166 3.35413 0.0572631 0.101581 -0.324782 -0.523599 3.582 4.264 0 0 0 0 
 3.822 3.354 0.728147 0 0 4.02567 3.36664 0.0621178 0.109347 -0.322181 -0.523599 3.617 4.28 0 0 0 0 
 3.825 3.36 0.69415 0 0 4.03707 3.36963 0.0454655 0.11522 -0.325714 -0.523599 3.648 4.276 0 0 0 0 
 3.83 3.365 0.661174 0 0 4.05736 3.36803 0.013349 0.123698 -0.345234 -0.523599 3.704 4.259 0 0 0 0 
 3.838 3.375 0.627153 0 0 4.07977 3.37233 -0.0110237 0.132557 -0.358942 -0.523599 3.76 4.25 0 0 0 0 
 3.845 3.39 0.591172 0 0 4.10117 3.38044 -0.0373567 0.141611 -0.37191 -0.523599 3.815 4.242 0 0 0 0 
 3.861 3.402 0.553367 0 0 4.12767 3.38583 -0.0606937 0.149056 -0.376795 -0.523599 3.866 4.232 0 0 0 0 
 3.869 3.415 0.514167 0 0 4.15067 3.39373 -0.0756412 0.160066 -0.380067 -0.523599 3.924 4.228 0 0 0 0 
 3.879 3.423 0.474965 0 0 4.17206 3.39964 -0.0798958 0.169941 -0.370941 -0.523599 3.972 4.229 0 0 0 0 
 3.875 3.426 0.435732 0 0 4.18427 3.40354 -0.0727681 0.183557 -0.356662 -0.523599 4.022 4.235 0 0 0 0 
 3.884 3.434 0.398089 0 0 4.20617 3.40613 -0.0867095 0.193631 -0.352191 -0.523599 4.074 4.225 0 0 0 0 
 3.897 3.447 0.361648 0 0 4.23267 3.41103 -0.107558 0.203666 -0.352676 -0.523599 4.132 4.211 0 0 0 0 
 3.91 3.451 0.325532 0 0 4.25497 3.41383 -0.108154 0.212384 -0.333913 -0.523599 4.176 4.211 0 0 0 0 
 3.934 3.466 0.289634 0 0 4.28137 3.42194 -0.12754 0.215717 -0.323477 -0.523599 4.208 4.203 0 0 0 0 
 3.961 3.475 0.255094 0 0 4.30627 3.42553 -0.144255 0.216272 -0.308702 -0.518787 4.228 4.194 0 0 0 0 
 3.987 3.488 0.221793 0 0 4.32747 3.43343 -0.161652 0.214981 -0.293559 -0.499925 4.238 4.19 0 0 0 0 
 4.016 3.493 0.188624 0 0 4.34746 3.43933 -0.163332 0.21139 -0.264431 -0.46394 4.237 4.198 0 0 0 0 
 4.054 3.503 0.159165 0 0 4.37076 3.44843 -0.173981 0.203437 -0.241796 -0.443792 4.226 4.205 0 0 0 0 
 4.081 3.501 0.131876 0 0 4.38876 3.44763 -0.175154 0.199075 -0.218055 -0.412945 4.223 4.207 0 0 0 0 
 4.104 3.5 0.107546 0 0 4.40337 3.44514 -0.185351 0.194676 -0.203448 -0.395948 4.218 4.201 0 0 0 0 
 4.13 3.512 0.0859528 0 0 4.42367 3.45204 -0.207082 0.191769 -0.200024 -0.395262 4.225 4.196 0 0 0 0 
 4.155 3.519 0.0648886 0 0 4.44057 3.45963 -0.210934 0.18738 -0.183993 -0.374258 4.223 4.205 0 0 0 0 
 4.172 3.524 0.0442747 0 0 4.45217 3.46283 -0.221854 0.184663 -0.174465 -0.361318 4.222 4.204 0 0 0 0 
 4.186 3.521 0.0253453 0 0 4.46106 3.45923 -0.228399 0.182045 -0.163582 -0.345052 4.219 4.199 0 0 0 0 
 4.207 3.52 0.00738762 0 0 4.47456 3.45703 -0.239769 0.17777 -0.155312 -0.3362 4.215 4.194 0 0 0 0 
 4.22 3.531 -0.00928983 0 0 4.48096 3.46383 -0.263209 0.174113 -0.155425 -0.342955 4.206 4.191 0 0 0 0 
 4.237 3.536 -0.0250452 0 0 4.49257 3.46823 -0.271552 0.171125 -0.147757 -0.332552 4.205 4.194 0 0 0 0 
 4.253 3.535 -0.0411333 0 0 4.50406 3.46784 -0.27409 0.168666 -0.13715 -0.314465 4.206 4.195 0 0 0 0 
 4.26 3.542 -0.0558128 0 0 4.50747 3.47363 -0.283511 0.166816 -0.131787 -0.306076 4.201 4.198 0 0 0 0 
 4.264 3.521 -0.0696783 0 0 4.50996 3.45803 -0.261734 0.165901 -0.110708 -0.260843 4.2 4.195 0 0 0 0 
 4.27 3.514 -0.0826789 0 0 4.51297 3.45163 -0.262473 0.16421 -0.102173 -0.243927 4.196 4.19 0 0 0 0 
 4.28 3.513 -0.0931149 0 0 4.51937 3.45424 -0.250558 0.161812 -0.0882463 -0.21478 4.194 4.201 0 0 0 0 
 4.297 3.511 -0.103157 0 0 4.53007 3.45313 -0.253509 0.157798 -0.0820296 -0.205015 4.19 4.202 0 0 0 0 
 4.32 3.52 -0.111375 0 0 4.54497 3.46003 -0.27305 0.152808 -0.0849899 -0.218909 4.186 4.204 0 0 0 0 
 4.328 3.529 -0.11987 0 0 4.54937 3.46663 -0.289428 0.150831 -0.0872701 -0.227434 4.182 4.205 0 0 0 0 
 4.343 3.532 -0.128342 0 0 4.55957 3.47053 -0.291693 0.147766 -0.0821062 -0.218705 4.181 4.211 0 0 0 0 
 4.372 3.533 -0.137391 0 0 4.57867 3.47003 -0.314463 0.141607 -0.0846796 -0.234784 4.177 4.207 0 0 0 0 
 4.388 3.53 -0.146038 0 0 4.58747 3.46733 -0.324927 0.137035 -0.0823456 -0.23589 4.169 4.205 0 0 0 0 
 4.404 3.524 -0.153967 0 0 4.59956 3.46283 -0.323374 0.134468 -0.0762505 -0.223048 4.172 4.204 0 0 0 0 
 4.409 3.511 -0.162304 0 0 4.60336 3.45673 -0.286679 0.133026 -0.0555418 -0.165483 4.173 4.214 0 0 0 0 
 4.416 3.499 -0.170036 0 0 4.60707 3.45044 -0.2598 0.130294 -0.0390725 -0.119381 4.169 4.221 0 0 0 0 
 4.424 3.491 -0.175097 0 0 4.61176 3.44243 -0.264574 0.128188 -0.038098 -0.118326 4.166 4.213 0 0 0 0 
 4.436 3.489 -0.178719 0 0 4.62226 3.44313 -0.251336 0.126912 -0.0303471 -0.0953577 4.173 4.22 0 0 0 0 
 4.43 3.493 -0.182189 0 0 4.61536 3.44713 -0.252607 0.12635 -0.0290981 -0.0918598 4.164 4.224 0 0 0 0 
 4.442 3.486 -0.185592 0 0 4.61836 3.44073 -0.262444 0.120441 -0.0303463 -0.100444 4.146 4.219 0 0 0 0 
 4.451 3.486 -0.188482 0 0 4.61297 3.44404 -0.265058 0.110675 -0.0279049 -0.100514 4.107 4.23 0 0 0 0 
 4.467 3.483 -0.191178 0 0 4.60887 3.44463 -0.277225 0.0971617 -0.0278538 -0.114171 4.056 4.239 0 0 0 0 
 4.493 3.475 -0.193822 0 0 4.61087 3.43873 -0.317774 0.0813142 -0.0340347 -0.165885 4.002 4.238 0 0 0 0 
 4.523 3.479 -0.196656 0 0 4.61566 3.44244 -0.416434 0.0650278 -0.0476412 -0.285069 3.948 4.241 0 0 0 0 
 4.543 3.479 -0.200505 0 0 4.60897 3.44094 -0.650959 0.0479847 -0.0658892 -0.502268 3.879 4.236 0 0 0 0 
 4.56 3.487 -0.205644 0 0 4.60497 3.45013 -1.07141 0.0343095 -0.0742961 -0.523599 3.826 4.248 0 0 0 0 
 4.57 3.488 -0.211821 0 0 4.59667 3.45173 -4.67395 0.0225138 -0.0833016 -0.523599 3.775 4.251 0 0 0 0 
 4.576 3.495 -0.219473 0 0 4.58167 3.45933 -0.0125024 0.00904519 -0.0948246 -0.523599 3.711 4.26 0 0 0 0 
 4.582 3.503 -0.226827 0 0 4.56906 3.47183 -0.898912 7.42024e-07 -0.0952093 -0.523599 3.655 4.283 0 0 0 0 
 4.574 3.5 -0.235945 0 0 4.54726 3.47573 1.28006 1.85732e-07 -0.0866543 -0.523599 3.601 4.303 0 0 0 0 
 4.576 3.506 -0.245248 0 0 4.53817 3.47993 0.823511 1.2075e-07 -0.101062 -0.523599 3.566 4.303 0 0 0 0 
 4.573 3.507 -0.253624 0 0 4.52407 3.47613 0.730242 9.04501e-08 -0.124649 -0.523599 3.526 4.288 0 0 0 0 
 4.568 3.512 -0.264066 0 0 4.51246 3.47964 0.65916 7.81896e-08 -0.135933 -0.523599 3.499 4.288 0 0 0 0 
 4.561 3.509 -0.276982 0 0 4.49526 3.48083 0.456765 1.5931e-08 -0.135294 -0.523599 3.458 4.299 0 0 0 0 
 4.552 3.51 -0.290832 0 0 4.47397 3.48693 0.304493 4.80902e-08 -0.135143 -0.523599 3.408 4.317 0 0 0 0 
 4.549 3.51 -0.304517 0 0 4.45956 3.48993 0.228195 3.98743e-08 -0.141128 -0.523599 3.367 4.327 0 0 0 0 
 4.54 3.51 -0.318411 0 0 4.43947 3.49023 0.199171 3.43261e-08 -0.155698 -0.523599 3.321 4.328 0 0 0 0 
 4.536 3.511 -0.33306 0 0 4.41566 3.49393 0.142772 2.66092e-08 -0.174853 -0.523599 3.251 4.338 0 0 0 0 
 4.537 3.509 -0.349011 0 0 4.39477 3.49524 0.0970799 2.07191e-08 -0.197719 -0.523599 3.179 4.347 0 0 0 0 
 4.542 3.505 -0.367211 0 0 4.38326 3.49573 0.058435 1.73602e-08 -0.213705 -0.523599 3.129 4.358 0 0 0 0 
 4.549 3.513 -0.387746 0 0 4.37256 3.51003 0.0168067 -1.13683e-09 -0.229567 0.523599 3.077 4.387 0 0 0 0 
 4.552 3.521 -0.410212 0 0 4.36147 3.51923 0.00926346 -1.72068e-09 -0.258879 0.523599 3.033 4.399 0 0 0 0 
 4.558 3.529 -0.434555 0 0 4.35547 3.52904 -0.000172708 -2.14096e-09 -0.286401 0.523599 2.999 4.413 0 0 0 0 
 4.562 3.537 -0.46125 0 0 4.34416 3.53853 -0.0070468 1.26408e-08 -0.323883 -0.523599 2.952 4.426 0 0 0 0 
 4.563 3.539 -0.491142 0 0 4.33647 3.54144 -0.0107494 1.20374e-08 -0.35569 -0.523599 2.924 4.431 0 0 0 0 
 4.565 3.535 -0.524666 0 0 4.32737 3.53653 -0.00645903 1.14757e-08 -0.400616 -0.523599 2.889 4.424 0 0 0 0 
 4.565 3.529 -0.561019 0 0 4.31627 3.53864 -0.0387554 8.70833e-09 -0.425275 -0.523599 2.852 4.445 0 0 0 0 
 4.575 3.516 -0.602158 0 0 4.31156 3.53734 -0.0811653 7.64637e-09 -0.454948 -0.523599 2.813 4.471 0 0 0 0 
 4.589 3.505 -0.646423 0 0 4.30457 3.53144 -0.0932071 6.77454e-09 -0.522227 -0.523599 2.757 4.477 0 0 0 0 
 4.6 3.497 -0.693616 0 0 4.29546 3.52823 -0.102927 6.19368e-09 -0.594593 -0.523599 2.701 4.485 0 0 0 0 
 4.614 3.5 -0.747478 0 0 4.29656 3.53214 -0.101581 6.37505e-09 -0.664568 -0.523599 2.672 4.491 0 0 0 0 
 4.616 3.51 -0.808208 0 0 4.28567 3.53883 -0.0875122 7.0843e-09 -0.745275 -0.523599 2.631 4.49 0 0 0 0 
 4.613 3.511 -0.876877 0 0 4.27606 3.54433 -0.0992601 9.51859e-09 -0.797356 -0.523599 2.606 4.506 0 0 0 0 
 4.621 3.513 -0.953292 0 0 4.26846 3.54843 -0.100855 -3.05383e-09 -0.876994 0.523599 2.562 4.515 0 0 0 0 
 4.638 3.499 -1.0346 0 0 4.26537 3.54014 -0.11084 1.0534e-08 -0.960929 -0.523599 2.512 4.52 0 0 0 0 
 4.643 3.503 -1.12346 0 0 4.25117 3.54624 -0.11079 1.35707e-08 -1.03818 -0.523599 2.453 4.531 0 0 0 0 
 4.648 3.515 -1.22135 0 0 4.23726 3.55884 -0.10713 7.68671e-10 -1.10199 -0.523599 2.395 4.545 0 0 0 0 
 4.671 3.509 -1.32632 0 0 4.23957 3.55763 -0.113208 3.15311e-08 -1.15292 -0.523599 2.349 4.555 0 0 0 0 
 4.686 3.515 -1.43796 0 0 4.23866 3.56664 -0.115943 6.9875e-08 -1.1772 -0.523599 2.311 4.571 0 0 0 0 
 4.705 3.522 -1.55443 0 0 4.23876 3.57514 -0.114462 0.00027393 -1.1966 -0.523599 2.267 4.583 0 0 0 0 
 4.705 3.512 -1.6737 0 0 4.22947 3.56994 -0.122438 0.0360735 -1.19508 -0.523599 2.236 4.589 0 0 0 0 
 4.695 3.505 -1.79536 0 0 4.20897 3.56473 -0.123525 0.0753101 -1.17692 -0.523599 2.191 4.588 0 0 0 0 
 4.704 3.511 -1.91688 0 0 4.20477 3.57433 -0.127549 0.114436 -1.14863 -0.523599 2.156 4.606 0 0 0 0 
 4.726 3.506 -2.03517 0 0 4.21326 3.57954 -0.144409 0.14928 -1.11605 -0.523599 2.133 4.635 0 0 0 0 
 4.734 3.495 -2.15134 0 0 4.21047 3.58053 -0.164849 0.181563 -1.07248 -0.523599 2.105 4.664 0 0 0 0 
 4.732 3.495 -2.26435 0 0 4.20156 3.58293 -0.167315 0.214624 -1.00253 -0.523599 2.08 4.672 0 0 0 0 
 4.733 3.481 -2.37212 0 0 4.19926 3.57463 -0.177256 0.241393 -0.929968 -0.523599 2.07 4.677 0 0 0 0 
 4.725 3.466 -2.47464 0 0 4.19576 3.56624 -0.191693 0.260399 -0.851811 -0.523599 2.077 4.684 0 0 0 0 
 4.721 3.458 -2.57153 0 0 4.19387 3.56123 -0.198384 0.278647 -0.770413 -0.523599 2.08 4.686 0 0 0 0 
 4.708 3.458 -2.66153 0 0 4.18567 3.56183 -0.201451 0.292446 -0.686523 -0.523599 2.083 4.688 0 0 0 0 
 4.683 3.432 -2.74336 0 0 4.16847 3.54303 -0.21921 0.299851 -0.620095 -0.523599 2.084 4.686 0 0 0 0 
 4.65 3.403 -2.81922 0 0 4.14537 3.52214 -0.240567 0.303701 -0.560577 -0.523599 2.084 4.684 0 0 0 0 
 4.621 3.387 -2.88491 0 0 4.12476 3.51004 -0.253146 0.306679 -0.503471 -0.523599 2.083 4.681 0 0 0 0 
 4.596 3.362 -2.94501 0 0 4.10877 3.49284 -0.275171 0.307492 -0.460007 -0.523599 2.088 4.682 0 0 0 0 
 4.564 3.342 -2.99776 0 0 4.08757 3.47793 -0.29332 0.305977 -0.419045 -0.501162 2.092 4.679 0 0 0 0 
 4.529 3.338 -3.04558 0 0 4.06486 3.47513 -0.304373 0.302596 -0.376074 -0.461349 2.098 4.679 0 0 0 0 
 4.502 3.335 -3.09002 0 0 4.04686 3.47333 -0.313661 0.300611 -0.337058 -0.421603 2.101 4.68 0 0 0 0 
 4.483 3.326 -3.12853 0 0 4.03326 3.46673 -0.32356 0.300195 -0.306221 -0.387409 2.1 4.679 0 0 0 0 
 4.453 3.306 3.11678 0 0 4.01287 3.45273 -0.346313 0.296931 -0.284815 -0.366357 2.102 4.679 0 0 0 0 
 4.42 3.299 3.08505 0 0 3.98947 3.44723 -0.358587 0.292859 -0.260761 -0.342151 2.101 4.677 0 0 0 0 
 4.391 3.286 3.05713 0 0 3.96856 3.43723 -0.37413 0.289535 -0.243608 -0.324644 2.099 4.674 0 0 0 0 
 4.359 3.291 3.03113 0 0 3.94767 3.44073 -0.381002 0.283607 -0.220633 -0.301683 2.104 4.674 0 0 0 0 
 4.325 3.291 3.00756 0 0 3.92476 3.44133 -0.394339 0.277663 -0.205015 -0.28718 2.107 4.676 0 0 0 0 
 4.301 3.304 2.98566 0 0 3.91037 3.45103 -0.395244 0.272048 -0.182776 -0.262537 2.115 4.678 0 0 0 0 
 4.273 3.328 2.96454 0 0 3.89136 3.46754 -0.382838 0.266067 -0.152629 -0.225555 2.117 4.677 0 0 0 0 
 4.234 3.35 2.94649 0 0 3.86467 3.48323 -0.377251 0.257828 -0.129813 -0.198736 2.119 4.678 0 0 0 0 
 4.198 3.37 2.93082 0 0 3.83917 3.49633 -0.367376 0.250463 -0.107331 -0.169763 2.118 4.675 0 0 0 0 
 4.166 3.38 2.91835 0 0 3.81557 3.50273 -0.365296 0.244793 -0.0938288 -0.152135 2.114 4.673 0 0 0 0 
 4.141 3.382 2.90663 0 0 3.79386 3.50323 -0.364173 0.242679 -0.0828469 -0.135715 2.1 4.67 0 0 0 0 
 4.113 3.393 2.89831 0 0 3.76587 3.50613 -0.337962 0.241466 -0.0585706 -0.0967223 2.072 4.654 0 0 0 0 
 4.082 3.398 2.88944 0 0 3.73846 3.50453 -0.320453 0.238145 -0.0391958 -0.0657403 2.053 4.637 0 0 0 0 
 4.056 3.412 2.88421 0 0 3.71667 3.50743 -0.288898 0.233592 -0.0133412 -0.0228413 2.041 4.614 0 0 0 0 
 4.032 3.418 2.88012 0 0 3.70137 3.50893 -0.282182 0.22726 -0.00539707 -0.00949908 2.046 4.605 0 0 0 0 
 4.006 3.421 2.87827 0 0 3.67897 3.50683 -0.268662 0.224079 0.0051263 0.00915061 2.032 4.591 0 0 0 0 
 3.981 3.436 2.87694 0 0 3.65637 3.51284 -0.241202 0.221001 0.0246017 0.0444985 2.015 4.576 0 0 0 0 
 3.952 3.45 2.8759 0 0 3.63186 3.51514 -0.206316 0.216137 0.0487597 0.0899947 2.001 4.551 0 0 0 0 
 3.923 3.455 2.87612 0 0 3.61307 3.51323 -0.190137 0.208449 0.0582276 0.111273 2.006 4.533 0 0 0 0 
 3.899 3.464 2.87611 0 0 3.59627 3.50993 -0.152908 0.201812 0.0819233 0.160971 2.006 4.501 0 0 0 0 
 3.877 3.474 2.87682 0 0 3.57967 3.51003 -0.12179 0.196767 0.100945 0.202397 2.002 4.478 0 0 0 0 
 3.853 3.473 2.87809 0 0 3.56526 3.50843 -0.123778 0.190525 0.0961903 0.199268 2.01 4.475 0 0 0 0 
 3.835 3.482 2.88109 0 0 3.55627 3.51594 -0.122351 0.184562 0.0926942 0.198256 2.022 4.479 0 0 0 0 
 3.822 3.493 2.88504 0 0 3.54717 3.52574 -0.119674 0.181949 0.0907375 0.196895 2.022 4.486 0 0 0 0 
 3.806 3.503 2.8901 0 0 3.53657 3.53513 -0.119837 0.178481 0.0859351 0.190262 2.024 4.494 0 0 0 0 
 3.79 3.509 2.89752 0 0 3.52597 3.53933 -0.115398 0.174873 0.082528 0.186576 2.026 4.494 0 0 0 0 
 3.779 3.513 2.90516 0 0 3.51857 3.54243 -0.113506 0.17256 0.0779599 0.178784 2.027 4.495 0 0 0 0 
 3.774 3.528 2.91316 0 0 3.51236 3.55264 -0.0944368 0.172815 0.0848287 0.193879 2.018 4.494 0 0 0 0 
 3.764 3.531 2.92076 0 0 3.49847 3.55293 -0.0827951 0.175136 0.0882432 0.198877 1.995 4.488 0 0 0 0 
 3.741 3.525 2.92897 0 0 3.47666 3.54544 -0.0774616 0.174331 0.0860221 0.194871 1.976 4.477 0 0 0 0 
 3.723 3.527 2.9378 0 0 3.45777 3.53303 -0.0227575 0.173367 0.114847 0.259028 1.955 4.431 0 0 0 0 
 3.708 3.53 2.94643 0 0 3.43587 3.52493 0.0186145 0.17688 0.138268 0.303051 1.917 4.397 0 0 0 0 
 3.696 3.536 2.95853 0 0 3.41337 3.51623 0.0700455 0.182696 0.16862 0.353658 1.87 4.354 0 0 0 0 
 3.676 3.538 2.97294 0 0 3.39337 3.50804 0.106419 0.182381 0.183122 0.381907 1.85 4.322 0 0 0 0 
 3.659 3.539 2.99006 0 0 3.37366 3.50424 0.122446 0.184526 0.183795 0.37914 1.824 4.307 0 0 0 0 
 3.647 3.537 3.00864 0 0 3.35117 3.50313 0.114975 0.192293 0.171374 0.342439 1.777 4.308 0 0 0 0 
 3.632 3.532 3.02627 0 0 3.33377 3.49483 0.125266 0.194401 0.167367 0.331655 1.754 4.292 0 0 0 0 
 3.618 3.527 3.04285 0 0 3.31587 3.47843 0.162138 0.197162 0.182937 0.355383 1.727 4.249 0 0 0 0 
 3.603 3.516 3.05935 0 0 3.29787 3.46203 0.178724 0.199694 0.184162 0.353401 1.702 4.22 0 0 0 0 
 3.586 3.51 3.07752 0 0 3.27577 3.45063 0.193725 0.203758 0.183961 0.346561 1.668 4.196 0 0 0 0 
 3.572 3.521 3.0957 0 0 3.25247 3.44423 0.244971 0.210658 0.210737 0.380635 1.623 4.149 0 0 0 0 
 3.564 3.533 3.11422 0 0 3.23486 3.44033 0.289224 0.218144 0.232498 0.402988 1.583 4.108 0 0 0 0 
 3.539 3.544 3.1361 0 0 3.20687 3.43903 0.32699 0.221686 0.24329 0.413654 1.548 4.078 0 0 0 0 
 3.519 3.545 -3.12011 0 0 3.18537 3.43164 0.353498 0.2246 0.241142 0.405642 1.523 4.051 0 0 0 0 
 3.5 3.553 -3.09516 0 0 3.16787 3.43333 0.376734 0.225412 0.236306 0.397059 1.509 4.038 0 0 0 0 
 3.483 3.556 -3.07118 0 0 3.15597 3.43633 0.383164 0.22337 0.219265 0.374153 1.509 4.041 0 0 0 0 
 3.456 3.557 -3.04487 0 0 3.13827 3.43763 0.394406 0.218567 0.201641 0.35352 1.513 4.043 0 0 0 0 
 3.431 3.559 -3.01923 0 0 3.12107 3.44023 0.40312 0.214585 0.184012 0.330433 1.514 4.047 0 0 0 0 
 3.405 3.567 -2.99815 0 0 3.10317 3.44673 0.420963 0.210378 0.175256 0.32165 1.515 4.05 0 0 0 0 
 3.378 3.575 -2.9802 0 0 3.08307 3.45353 0.436817 0.206777 0.168092 0.314382 1.511 4.054 0 0 0 0 
 3.349 3.575 -2.96243 0 0 3.06097 3.45383 0.447366 0.202954 0.158103 0.302067 1.505 4.055 0 0 0 0 
 3.328 3.574 -2.9453 0 0 3.04477 3.45493 0.447023 0.200162 0.143758 0.27975 1.5 4.061 0 0 0 0 
 3.308 3.57 -2.92971 0 0 3.03077 3.44853 0.468499 0.197199 0.141658 0.279802 1.5 4.049 0 0 0 0 
 3.299 3.58 -2.91523 0 0 3.02537 3.45103 0.509607 0.196633 0.150669 0.297407 1.503 4.034 0 0 0 0 
 3.285 3.586 -2.90095 0 0 3.01827 3.45313 0.543859 0.193426 0.154004 0.30832 1.512 4.027 0 0 0 0 
 3.266 3.587 -2.88554 0 0 3.00737 3.45713 0.549054 0.18826 0.142253 0.293518 1.52 4.038 0 0 0 0 
 3.242 3.581 -2.87014 0 0 2.98607 3.45803 0.521189 0.185702 0.118268 0.249442 1.505 4.055 0 0 0 0 
 3.223 3.58 -2.8562 0 0 2.97487 3.45823 0.534314 0.180913 0.112061 0.242875 1.512 4.058 0 0 0 0 
 3.196 3.572 -2.84424 0 0 2.95747 3.45024 0.559976 0.175184 0.111666 0.24965 1.517 4.05 0 0 0 0 
 3.173 3.564 -2.83292 0 0 2.94707 3.44493 0.581878 0.166997 0.108438 0.254122 1.536 4.051 0 0 0 0 
 3.156 3.567 -2.82146 0 0 2.93666 3.45123 0.582966 0.162427 0.0993849 0.240032 1.541 4.065 0 0 0 0 
 3.14 3.561 -2.81026 0 0 2.92457 3.44823 0.577125 0.159569 0.0891737 0.219921 1.538 4.069 0 0 0 0 
 3.133 3.551 -2.80075 0 0 2.92356 3.43944 0.589543 0.155761 0.0860682 0.217529 1.551 4.063 0 0 0 0 
 3.109 3.535 -2.79215 0 0 2.91127 3.42914 0.593179 0.147337 0.0785014 0.209979 1.566 4.066 0 0 0 0 
 3.091 3.529 -2.78395 0 0 2.90197 3.42163 0.6381 0.142484 0.0854239 0.235368 1.577 4.055 0 0 0 0 
 3.065 3.513 -2.77635 0 0 2.88527 3.40653 0.672957 0.136696 0.0880515 0.252172 1.582 4.042 0 0 0 0 
 3.047 3.508 -2.76764 0 0 2.87807 3.40363 0.710566 0.129727 0.0891682 0.268312 1.6 4.044 0 0 0 0 
 3.032 3.51 -2.75828 0 0 2.87897 3.40773 0.789404 0.11968 0.0955911 0.30924 1.638 4.053 0 0 0 0 
 3.011 3.512 -2.74853 0 0 2.87447 3.40763 0.958831 0.110452 0.113141 0.388873 1.672 4.048 0 0 0 0 
 3.002 3.507 -2.73859 0 0 2.88167 3.39963 1.24021 0.101781 0.133389 0.482835 1.717 4.033 0 0 0 0 
 2.986 3.503 -2.72676 0 0 2.88337 3.39024 1.95846 0.0931144 0.161245 0.523599 1.76 4.011 0 0 0 0 
 2.976 3.498 -2.7122 0 0 2.89017 3.37833 5.60134 0.0857815 0.191799 0.523599 1.806 3.983 0 0 0 0 
 2.968 3.497 -2.69506 0 0 2.90317 3.37223 -2.70958 0.0758689 0.223886 0.523599 1.868 3.965 0 0 0 0 
 2.963 3.497 -2.67526 0 0 2.91167 3.36443 -0.625889 0.0716828 0.253302 0.523599 1.908 3.939 0 0 0 0 
 2.958 3.508 -2.65246 0 0 2.92107 3.36583 0.855145 0.068188 0.288007 0.523599 1.951 3.918 0 0 0 0 
 2.952 3.51 -2.62564 0 0 2.92976 3.36093 0.44766 0.0643474 0.316952 0.523599 1.994 3.897 0 0 0 0 
 2.943 3.513 -2.59555 0 0 2.93577 3.35853 -0.746547 0.0605229 0.34338 0.523599 2.035 3.882 0 0 0 0 
 2.93 3.512 -2.56327 0 0 2.93687 3.35364 -1.8587 0.0572567 0.365912 0.523599 2.069 3.868 0 0 0 0 
 2.924 3.512 -2.52857 0 0 2.94497 3.34704 68.4551 0.0558309 0.39446 0.523599 2.11 3.846 0 0 0 0 
 2.91 3.504 -2.49139 0 0 2.94807 3.33453 -3.75297 0.0528684 0.424401 0.523599 2.153 3.823 0 0 0 0 
 2.897 3.502 -2.45038 0 0 2.95187 3.32984 0.0036201 0.0503122 0.450919 0.523599 2.196 3.812 0 0 0 0 
 2.881 3.492 -2.4053 0 0 2.94877 3.31834 0.653511 0.0500468 0.468253 0.523599 2.223 3.797 0 0 0 0 
 2.876 3.48 -2.35874 0 0 2.95037 3.30753 1.07694 0.0517391 0.468902 0.523599 2.24 3.789 0 0 0 0 
 2.876 3.464 -2.31077 0 0 2.95217 3.29483 1.31479 0.0545084 0.456218 0.523599 2.246 3.784 0 0 0 0 
 2.875 3.456 -2.26363 0 0 2.95117 3.28984 1.4282 0.0578633 0.440266 0.523599 2.245 3.786 0 0 0 0 
 2.878 3.46 -2.21811 0 0 2.94667 3.29263 0.84946 0.0658109 0.413541 0.523599 2.223 3.786 0 0 0 0 
 2.878 3.467 -2.17299 0 0 2.93797 3.30173 0.405885 0.0717643 0.378328 0.523599 2.194 3.8 0 0 0 0 
 2.875 3.466 -2.13153 0 0 2.92417 3.30644 -0.104281 0.0753641 0.334026 0.523599 2.155 3.818 0 0 0 0 
 2.861 3.463 -2.09423 0 0 2.90057 3.31093 -0.84542 0.0765645 0.291307 0.523599 2.109 3.84 0 0 0 0 
 2.851 3.454 -2.06122 0 0 2.87977 3.30763 2.5337 0.0783346 0.249022 0.523599 2.063 3.85 0 0 0 0 
 2.837 3.446 -2.03262 0 0 2.85616 3.30954 -1.10964 0.0765027 0.206445 0.523599 2.017 3.875 0 0 0 0 
 2.815 3.443 -2.00812 0 0 2.82577 3.31373 0.624875 0.0754054 0.171096 0.523599 1.967 3.896 0 0 0 0 
 2.801 3.438 -1.98722 0 0 2.80817 3.31533 -6.24562 0.0730509 0.1494 0.523599 1.941 3.913 0 0 0 0 
 2.797 3.439 -1.96957 0 0 2.80206 3.31903 8.09761 0.0724838 0.136415 0.523599 1.93 3.923 0 0 0 0 
 2.792 3.438 -1.95445 0 0 2.79617 3.32013 -0.02425 0.0718582 0.127808 0.523599 1.922 3.929 0 0 0 0 
 2.786 3.443 -1.9404 0 0 2.78957 3.32753 -1.46565 0.0709047 0.120085 0.523599 1.914 3.942 0 0 0 0 
 2.778 3.435 -1.9278 0 0 2.78157 3.32103 -0.615329 0.0703111 0.115179 0.523599 1.906 3.939 0 0 0 0 
 2.773 3.426 -1.91579 0 0 2.77927 3.31324 1.1394 0.0693113 0.117595 0.523599 1.91 3.934 0 0 0 0 
 2.77 3.428 -1.90396 0 0 2.77627 3.31523 1.13943 0.0696303 0.114271 0.523599 1.907 3.936 0 0 0 0 
 2.767 3.424 -1.89199 0 0 2.77387 3.31393 -0.336562 0.0681164 0.110333 0.523599 1.906 3.941 0 0 0 0 
 2.769 3.425 -1.8805 0 0 2.77587 3.31553 -0.241892 0.0680256 0.106707 0.523599 1.908 3.944 0 0 0 0 
 2.771 3.407 -1.8694 0 0 2.77726 3.30384 -0.948013 0.0643882 0.0975285 0.523599 1.908 3.947 0 0 0 0 
 2.773 3.394 -1.85861 0 0 2.77747 3.29413 -0.393301 0.0628354 0.0877117 0.509238 1.904 3.945 0 0 0 0 
 2.78 3.385 -1.84884 0 0 2.78087 3.28693 -0.268826 0.0624927 0.0746252 0.445614 1.899 3.942 0 0 0 0 
 2.783 3.376 -1.84082 0 0 2.78267 3.28033 -0.276286 0.0612905 0.0678439 0.416825 1.898 3.941 0 0 0 0 
 2.777 3.36 -1.83355 0 0 2.77817 3.26943 1.04054 0.0578829 0.0665849 0.43125 1.897 3.942 0 0 0 0 
 2.773 3.349 -1.82663 0 0 2.77747 3.26143 -0.953471 0.0555367 0.0716827 0.476595 1.904 3.941 0 0 0 0 
 2.773 3.343 -1.81983 0 0 2.77807 3.25633 -5.88242 0.0549764 0.0711557 0.477721 1.906 3.938 0 0 0 0 
 2.771 3.335 -1.8128 0 0 2.77846 3.25224 10.9094 0.052216 0.0735469 0.513077 1.912 3.943 0 0 0 0 
 2.767 3.331 -1.80553 0 0 2.77507 3.25004 -0.705221 0.0510881 0.0725194 0.516405 1.91 3.945 0 0 0 0 
 2.769 3.328 -1.79836 0 0 2.77737 3.24734 -0.221881 0.0509715 0.071638 0.512147 1.913 3.943 0 0 0 0 
 2.766 3.323 -1.7913 0 0 2.77527 3.24533 1.71218 0.0490197 0.0708981 0.523599 1.913 3.948 0 0 0 0 
 2.761 3.318 -1.78425 0 0 2.77266 3.24064 -0.363904 0.0486281 0.0757202 0.523599 1.916 3.944 0 0 0 0 
 2.758 3.314 -1.77716 0 0 2.77176 3.23663 0.780603 0.0484899 0.0799138 0.523599 1.92 3.94 0 0 0 0 
 2.761 3.316 -1.76966 0 0 2.77447 3.23923 0.658239 0.0482726 0.0773154 0.523599 1.922 3.944 0 0 0 0 
 2.758 3.317 -1.76139 0 0 2.77206 3.23783 0.767661 0.0499179 0.0783987 0.523599 1.921 3.937 0 0 0 0 
 2.749 3.31 -1.75377 0 0 2.76667 3.23173 -3.45306 0.0490755 0.0860895 0.523599 1.924 3.933 0 0 0 0 
 2.746 3.313 -1.74587 0 0 2.76337 3.23323 -8.36658 0.0502451 0.0843161 0.523599 1.92 3.931 0 0 0 0 
 2.748 3.311 -1.73718 0 0 2.76086 3.22884 -0.103867 0.0524298 0.0713977 0.498774 1.907 3.921 0 0 0 0 
 2.744 3.304 -1.72943 0 0 2.76677 3.22213 -0.488603 0.0514436 0.0962174 0.523599 1.936 3.915 0 0 0 0 
 2.744 3.295 -1.72223 0 0 2.77637 3.21044 0.584232 0.0525708 0.121429 0.523599 1.968 3.897 0 0 0 0 
 2.738 3.285 -1.71196 0 0 2.78357 3.19894 3.03751 0.0528809 0.155137 0.523599 2.006 3.882 0 0 0 0 
 2.736 3.274 -1.69908 0 0 2.79237 3.18373 32.6271 0.0554633 0.182333 0.523599 2.04 3.857 0 0 0 0 
 2.728 3.266 -1.68299 0 0 2.80056 3.17063 -3.81127 0.0587886 0.222881 0.523599 2.086 3.832 0 0 0 0 
 2.725 3.261 -1.66304 0 0 2.81377 3.15543 -2.49257 0.0661527 0.262018 0.523599 2.137 3.793 0 0 0 0 
 2.726 3.256 -1.6398 0 0 2.82827 3.14354 -1.9635 0.0720575 0.291246 0.523599 2.183 3.765 0 0 0 0 
 2.718 3.247 -1.61297 0 0 2.83197 3.12493 -1.8317 0.0804077 0.31297 0.523599 2.214 3.724 0 0 0 0 
 2.714 3.238 -1.58328 0 0 2.83397 3.10393 -2.05303 0.0907139 0.31661 0.523599 2.23 3.675 0 0 0 0 
 2.708 3.231 -1.55228 0 0 2.83277 3.08373 -2.4296 0.101966 0.314129 0.523599 2.24 3.624 0 0 0 0 
 2.705 3.224 -1.52102 0 0 2.83547 3.07313 -2.27318 0.107039 0.31454 0.523599 2.256 3.605 0 0 0 0 
 2.7 3.211 -1.48988 0 0 2.83287 3.06043 -2.13755 0.10933 0.307411 0.523599 2.259 3.593 0 0 0 0 
 2.702 3.194 -1.45776 0 0 2.83127 3.04463 -2.26783 0.110393 0.285161 0.523599 2.249 3.58 0 0 0 0 
 2.702 3.179 -1.42744 0 0 2.82917 3.04193 -1.86158 0.104111 0.273395 0.523599 2.242 3.606 0 0 0 0 
 2.704 3.164 -1.39848 0 0 2.82997 3.03713 -1.58216 0.0991641 0.264646 0.523599 2.24 3.625 0 0 0 0 
 2.693 3.154 -1.37064 0 0 2.81507 3.04003 -1.35111 0.0919282 0.252629 0.523599 2.216 3.658 0 0 0 0 
 2.701 3.148 -1.34446 0 0 2.81467 3.05263 -1.11339 0.0800602 0.235649 0.523599 2.196 3.714 0 0 0 0 
 2.699 3.135 -1.31969 0 0 2.80216 3.05373 -1.00465 0.0704147 0.212355 0.523599 2.159 3.748 0 0 0 0 
 2.707 3.127 -1.29684 0 0 2.79997 3.06224 -0.836595 0.0590251 0.193867 0.523599 2.133 3.795 0 0 0 0 
 2.707 3.12 -1.27592 0 0 2.80147 3.07413 -0.527651 0.0484751 0.209554 0.523599 2.138 3.851 0 0 0 0 
 2.715 3.122 -1.25553 0 0 2.81006 3.09053 -0.343625 0.0406777 0.220785 0.523599 2.148 3.901 0 0 0 0 
 2.717 3.123 -1.23411 0 0 2.81387 3.10803 -0.155734 0.0320939 0.238596 0.523599 2.156 3.957 0 0 0 0 
 2.721 3.124 -1.21118 0 0 2.81427 3.12314 -0.00927519 0.0238408 0.241792 0.523599 2.148 4.005 0 0 0 0 
 2.725 3.117 -1.18622 0 0 2.81616 3.13024 0.146204 0.0161872 0.250327 0.523599 2.145 4.045 0 0 0 0 
 2.722 3.115 -1.16185 0 0 2.82456 3.13933 0.241818 0.0144526 0.290458 0.523599 2.18 4.08 0 0 0 0 
 2.721 3.112 -1.13612 0 0 2.83227 3.15013 0.356823 0.0109549 0.327956 0.523599 2.208 4.123 0 0 0 0 
 2.726 3.113 -1.10594 0 0 2.84507 3.16313 0.447859 0.00910408 0.3615 0.523599 2.239 4.164 0 0 0 0 
 2.729 3.12 -1.07193 0 0 2.85827 3.18153 0.515585 0.00938466 0.4001 0.523599 2.276 4.209 0 0 0 0 
 2.726 3.107 -1.03468 0 0 2.86577 3.18084 0.583607 0.0103651 0.440591 0.523599 2.308 4.237 0 0 0 0 
 2.725 3.105 -0.993763 0 0 2.87797 3.18274 0.556982 0.0180613 0.472097 0.523599 2.351 4.248 0 0 0 0 
 2.73 3.109 -0.948164 0 0 2.88897 3.18763 0.5394 0.0253085 0.480871 0.523599 2.376 4.255 0 0 0 0 
 2.729 3.117 -0.900631 0 0 2.89187 3.19653 0.531268 0.0320475 0.483472 0.523599 2.388 4.266 0 0 0 0 
 2.72 3.114 -0.851897 0 0 2.88827 3.19564 0.527183 0.0392437 0.489215 0.523599 2.397 4.27 0 0 0 0 
 2.714 3.106 -0.802733 0 0 2.88497 3.19153 0.546701 0.0445797 0.492144 0.523599 2.4 4.275 0 0 0 0 
 2.712 3.092 -0.752785 0 0 2.88386 3.18083 0.568436 0.0494778 0.489807 0.523599 2.401 4.272 0 0 0 0 
 2.71 3.071 -0.70277 0 0 2.88067 3.16554 0.618513 0.0524097 0.488794 0.523599 2.395 4.27 0 0 0 0 
 2.7 3.052 -0.653598 0 0 2.87307 3.15223 0.65399 0.0574059 0.492702 0.523599 2.393 4.27 0 0 0 0 
 2.699 3.048 -0.604276 0 0 2.87206 3.14974 0.666435 0.0625939 0.483232 0.523599 2.392 4.271 0 0 0 0 
 2.699 3.047 -0.55557 0 0 2.87326 3.14663 0.643432 0.0693957 0.466081 0.523599 2.396 4.263 0 0 0 0 
 2.707 3.04 -0.506913 0 0 2.87827 3.14053 0.665239 0.0725982 0.450489 0.523599 2.394 4.259 0 0 0 0 
 2.708 3.041 -0.459574 0 0 2.87717 3.13823 0.647753 0.0770212 0.425876 0.523599 2.388 4.249 0 0 0 0 
 2.719 3.024 -0.414664 0 0 2.88337 3.12453 0.701388 0.0777348 0.415434 0.523599 2.383 4.243 0 0 0 0 
 2.721 3.011 -0.371753 0 0 2.88417 3.11843 0.773613 0.0798249 0.417515 0.523599 2.381 4.253 0 0 0 0 
 2.725 2.99 -0.329727 0 0 2.88696 3.10493 0.858882 0.0819374 0.421337 0.523599 2.381 4.257 0 0 0 0 
 2.73 2.985 -0.28724 0 0 2.88897 3.09963 0.879075 0.0841687 0.404544 0.523599 2.376 4.251 0 0 0 0 
 2.733 2.998 -0.245868 0 0 2.88597 3.10783 0.873606 0.084621 0.375598 0.523599 2.359 4.248 0 0 0 0 
 2.746 3.006 -0.205134 0 0 2.89297 3.11134 0.871308 0.0845782 0.348051 0.523599 2.352 4.241 0 0 0 0 
 2.759 3.01 -0.167978 0 0 2.89967 3.11293 0.898116 0.0835488 0.327556 0.523599 2.344 4.237 0 0 0 0 
 2.769 3.004 -0.133354 0 0 2.90487 3.10963 0.984325 0.0828718 0.321959 0.523599 2.338 4.24 0 0 0 0 
 2.774 2.997 -0.100118 0 0 2.90657 3.11133 1.1674 0.082984 0.332936 0.523599 2.332 4.262 0 0 0 0 
 2.781 2.991 -0.0677812 0 0 2.90666 3.11403 1.48797 0.0809289 0.344614 0.523599 2.316 4.285 0 0 0 0 
 2.785 2.993 -0.0339362 0 0 2.89687 3.12083 2.1918 0.0746128 0.347467 0.523599 2.274 4.303 0 0 0 0 
 2.787 2.983 0.000947176 0 0 2.88177 3.11953 7.64751 0.0665623 0.362949 0.523599 2.219 4.322 0 0 0 0 
 2.786 2.975 0.0365821 0 0 2.86577 3.12323 -3.38066 0.0605965 0.388068 0.523599 2.168 4.353 0 0 0 0 
 2.798 2.967 0.0735506 0 0 2.85797 3.12483 -0.558673 0.0519828 0.411752 0.523599 2.114 4.377 0 0 0 0 
 2.798 2.964 0.113251 0 0 2.84327 3.12663 0.484727 0.0468814 0.422889 0.523599 2.065 4.39 0 0 0 0 
 2.802 2.964 0.155545 0 0 2.83047 3.13173 -0.411662 0.0410788 0.437941 0.523599 2.013 4.407 0 0 0 0 
 2.812 2.967 0.198608 0 0 2.82967 3.14134 0.475861 0.0398974 0.454661 0.523599 1.987 4.432 0 0 0 0 
 2.83 2.957 0.243362 0 0 2.82877 3.14394 -0.652993 0.0356907 0.494304 0.523599 1.942 4.464 0 0 0 0 
 2.847 2.936 0.289675 0 0 2.83136 3.14093 -0.600993 0.0369318 0.544053 0.523599 1.911 4.503 0 0 0 0 
 2.868 2.933 0.340614 0 0 2.84157 3.15204 2.16998 0.0411919 0.579435 0.523599 1.896 4.547 0 0 0 0 
 2.883 2.942 0.396176 0 0 2.84876 3.17603 -0.617189 0.0492619 0.610695 0.523599 1.885 4.606 0 0 0 0 
 2.89 2.964 0.456229 0 0 2.84797 3.20943 0.476114 0.0577933 0.630613 0.523599 1.866 4.666 0 0 0 0 
 2.892 2.969 0.518607 0 0 2.85117 3.22374 0.0450538 0.0714345 0.629412 0.523599 1.872 4.702 0 0 0 0 
 2.901 2.973 0.581859 0 0 2.85927 3.23793 -0.0649401 0.084778 0.628583 0.523599 1.878 4.74 0 0 0 0 
 2.915 2.967 0.645161 0 0 2.87177 3.25023 -0.274478 0.101939 0.637926 0.523599 1.887 4.795 0 0 0 0 
 2.933 2.965 0.702083 0 0 2.88707 3.25693 -0.0723388 0.113568 0.631518 0.523599 1.896 4.822 0 0 0 0 
 2.937 2.963 0.766084 0 0 2.89257 3.26633 -0.603932 0.129571 0.614419 0.523599 1.905 4.858 0 0 0 0 
 2.935 2.965 0.828825 0 0 2.89987 3.28033 0.482814 0.148637 0.578839 0.523599 1.934 4.9 0 0 0 0 
 2.93 2.966 0.889262 0 0 2.90477 3.28944 -0.255945 0.164836 0.533554 0.523599 1.962 4.928 0 0 0 0 
 2.946 2.977 0.946406 0 0 2.92767 3.31004 0.818063 0.179712 0.494039 0.523599 2.001 4.971 0 0 0 0 
 2.95 2.987 0.999723 0 0 2.94067 3.33203 0.90838 0.195613 0.451587 0.523599 2.035 5.021 0 0 0 0 
 2.964 2.997 1.04862 0 0 2.96307 3.34774 -3.3359 0.20649 0.404577 0.523599 2.077 5.05 0 0 0 0 
 2.979 3.012 1.09523 0 0 2.99067 3.36244 -5.02788 0.213885 0.343638 0.523599 2.134 5.064 0 0 0 0 
 3.005 3.035 1.13578 0 0 3.02567 3.37314 0.76764 0.21164 0.284651 0.493577 2.19 5.046 0 0 0 0 
 3.015 3.053 1.16961 0 0 3.04497 3.38874 -4.72266 0.214442 0.237718 0.417366 2.231 5.056 0 0 0 0 
 3.013 3.06 1.19752 0 0 3.05707 3.39033 2.6774 0.21559 0.182406 0.326331 2.276 5.045 0 0 0 0 
 3.014 3.075 1.22078 0 0 3.07096 3.39813 -0.699923 0.214685 0.13182 0.240838 2.32 5.036 0 0 0 0 
 3.013 3.084 1.2375 0 0 3.08017 3.40354 -22.1722 0.214972 0.0945009 0.174059 2.353 5.033 0 0 0 0 
 3.024 3.095 1.24949 0 0 3.09447 3.41094 4.29369 0.213606 0.075859 0.14111 2.375 5.032 0 0 0 0 
 3.029 3.095 1.2584 0 0 3.10847 3.41003 1.07786 0.214948 0.0488054 0.0905743 2.41 5.029 0 0 0 0 
 3.042 3.1 1.26502 0 0 3.12537 3.41503 0.740491 0.215777 0.0352774 0.0653031 2.436 5.034 0 0 0 0 
 3.042 3.112 1.26952 0 0 3.13257 3.42073 0.273954 0.213213 0.0118295 0.0221891 2.46 5.025 0 0 0 0 
 3.049 3.133 1.27313 0 0 3.14467 3.43573 0.0229426 0.210411 -0.00617195 -0.0117326 2.484 5.026 0 0 0 0 
 3.061 3.16 1.27529 0 0 3.15547 3.44923 -0.0799432 0.201621 -0.0143301 -0.0284221 2.492 5.008 0 0 0 0 
 3.085 3.198 1.27649 0 0 3.17677 3.47013 -0.177871 0.190258 -0.0209876 -0.0440958 2.507 4.989 0 0 0 0 
 3.101 3.228 1.27694 0 0 3.19727 3.48693 -0.485253 0.182785 -0.0408235 -0.0891004 2.538 4.975 0 0 0 0 
 3.109 3.256 1.27739 0 0 3.21277 3.50144 -0.981964 0.175744 -0.0680115 -0.153578 2.571 4.958 0 0 0 0 
 3.111 3.273 1.27765 0 0 3.22707 3.50583 -2.15043 0.170303 -0.10573 -0.243409 2.614 4.933 0 0 0 0 
 3.114 3.282 1.277 0 0 3.24117 3.49984 -6.9842 0.163214 -0.142417 -0.335811 2.654 4.892 0 0 0 0 
 3.117 3.291 1.27629 0 0 3.25377 3.49893 19.8187 0.159092 -0.171939 -0.408038 2.689 4.868 0 0 0 0 
 3.117 3.315 1.27378 0 0 3.26187 3.51124 4.55325 0.153663 -0.198716 -0.477374 2.716 4.853 0 0 0 0 
 3.126 3.331 1.26312 0 0 3.27356 3.51973 3.32916 0.150108 -0.205294 -0.50058 2.734 4.844 0 0 0 0 
 3.136 3.342 1.2451 0 0 3.28717 3.52234 2.51954 0.146637 -0.211038 -0.522341 2.756 4.827 0 0 0 0 
 3.148 3.358 1.22309 0 0 3.30697 3.52633 1.78001 0.142355 -0.228176 -0.523599 2.794 4.803 0 0 0 0 
 3.169 3.378 1.20086 0 0 3.33397 3.53433 1.39156 0.137888 -0.242053 -0.523599 2.835 4.783 0 0 0 0 
 3.178 3.408 1.17744 0 0 3.35527 3.54693 0.996749 0.132353 -0.276173 -0.523599 2.885 4.755 0 0 0 0 
 3.184 3.422 1.15224 0 0 3.37327 3.55163 0.816862 0.132175 -0.300404 -0.523599 2.931 4.738 0 0 0 0 
 3.188 3.442 1.12325 0 0 3.39257 3.55993 0.6502 0.132445 -0.332764 -0.523599 2.986 4.719 0 0 0 0 
 3.19 3.452 1.09165 0 0 3.40687 3.56213 0.55654 0.134757 -0.352341 -0.523599 3.029 4.703 0 0 0 0 
 3.175 3.449 1.0567 0 0 3.40957 3.55823 0.502558 0.143649 -0.370699 -0.523599 3.073 4.697 0 0 0 0 
 3.175 3.46 1.02011 0 0 3.41887 3.56144 0.44172 0.146248 -0.379892 -0.523599 3.104 4.682 0 0 0 0 
 3.178 3.474 0.982272 0 0 3.43237 3.56643 0.380284 0.14923 -0.39203 -0.523599 3.142 4.666 0 0 0 0 
 3.192 3.498 0.943727 0 0 3.45716 3.57723 0.308037 0.150797 -0.410509 -0.523599 3.192 4.646 0 0 0 0 
 3.209 3.521 0.904237 0 0 3.48197 3.58343 0.232803 0.150013 -0.429287 -0.523599 3.235 4.613 0 0 0 0 
 3.218 3.528 0.86217 0 0 3.50717 3.57844 0.176206 0.156404 -0.452093 -0.523599 3.298 4.58 0 0 0 0 
 3.231 3.542 0.818862 0 0 3.53247 3.57893 0.123135 0.161183 -0.469238 -0.523599 3.352 4.549 0 0 0 0 
 3.241 3.555 0.772268 0 0 3.55627 3.57813 0.0735143 0.167754 -0.485798 -0.523599 3.408 4.516 0 0 0 0 
 3.25 3.572 0.724589 0 0 3.57577 3.58703 0.0461856 0.175683 -0.48479 -0.523599 3.452 4.506 0 0 0 0 
 3.265 3.581 0.67535 0 0 3.60007 3.59064 0.0287635 0.184475 -0.474227 -0.523599 3.498 4.497 0 0 0 0 
 3.279 3.593 0.626514 0 0 3.61977 3.59783 0.0141896 0.191528 -0.456978 -0.523599 3.531 4.493 0 0 0 0 
 3.293 3.611 0.576961 0 0 3.64097 3.60953 -0.00421058 0.199083 -0.442445 -0.523599 3.569 4.49 0 0 0 0 
 3.301 3.621 0.53012 0 0 3.65977 3.60934 -0.0325259 0.207532 -0.439541 -0.523599 3.613 4.466 0 0 0 0 
 3.317 3.614 0.484418 0 0 3.68417 3.59874 -0.0415994 0.216437 -0.419926 -0.523599 3.657 4.447 0 0 0 0 
 3.325 3.625 0.439681 0 0 3.70507 3.59833 -0.0702744 0.226246 -0.418731 -0.523599 3.708 4.42 0 0 0 0 
 3.33 3.642 0.396969 0 0 3.72146 3.60453 -0.0959979 0.235452 -0.414683 -0.523599 3.751 4.401 0 0 0 0 
 3.343 3.656 0.354774 0 0 3.73897 3.61343 -0.107913 0.241527 -0.393659 -0.523599 3.779 4.398 0 0 0 0 
 3.364 3.657 0.312032 0 0 3.76387 3.61264 -0.111408 0.247696 -0.363998 -0.523599 3.813 4.393 0 0 0 0 
 3.391 3.665 0.270526 0 0 3.79297 3.61313 -0.12975 0.251618 -0.346056 -0.502943 3.847 4.376 0 0 0 0 
 3.407 3.668 0.23296 0 0 3.81677 3.60953 -0.143656 0.259053 -0.330579 -0.471967 3.889 4.357 0 0 0 0 
 3.427 3.677 0.197647 0 0 3.83947 3.61163 -0.159814 0.262971 -0.315448 -0.447375 3.918 4.343 0 0 0 0 
 3.439 3.685 0.165077 0 0 3.86017 3.61303 -0.172554 0.270682 -0.30242 -0.420274 3.959 4.329 0 0 0 0 
 3.458 3.712 0.132861 0 0 3.89087 3.62863 -0.195006 0.28018 -0.298878 -0.403306 4.017 4.318 0 0 0 0 
 3.485 3.722 0.100942 0 0 3.92506 3.63113 -0.209466 0.286996 -0.285726 -0.378981 4.068 4.303 0 0 0 0 
 3.502 3.743 0.068763 0 0 3.95167 3.64463 -0.222309 0.295465 -0.271216 -0.35189 4.117 4.299 0 0 0 0 
 3.524 3.747 0.03793 0 0 3.97337 3.65223 -0.214069 0.297194 -0.23467 -0.305932 4.138 4.315 0 0 0 0 
 3.553 3.743 0.0115965 0 0 3.99607 3.65243 -0.207301 0.294378 -0.201759 -0.267575 4.146 4.325 0 0 0 0 
 3.592 3.748 -0.0135613 0 0 4.02547 3.65623 -0.214921 0.289254 -0.182144 -0.246748 4.153 4.326 0 0 0 0 
 3.645 3.753 -0.0355949 0 0 4.06257 3.66214 -0.221108 0.279639 -0.162829 -0.228834 4.153 4.334 0 0 0 0 
 3.678 3.758 -0.0539764 0 0 4.08507 3.66833 -0.223905 0.273337 -0.14591 -0.210365 4.151 4.343 0 0 0 0 
 3.694 3.748 -0.0714684 0 0 4.09057 3.66193 -0.220499 0.266767 -0.125144 -0.185489 4.132 4.345 0 0 0 0 
 3.715 3.736 -0.0859272 0 0 4.10016 3.65293 -0.219068 0.259458 -0.109004 -0.166493 4.115 4.343 0 0 0 0 
 3.753 3.73 -0.0990536 0 0 4.12617 3.64604 -0.228883 0.251967 -0.103147 -0.162307 4.113 4.334 0 0 0 0 
 3.779 3.742 -0.110022 0 0 4.14557 3.65444 -0.24353 0.248209 -0.103868 -0.16585 4.117 4.334 0 0 0 0 
 3.808 3.743 -0.120297 0 0 4.16737 3.65243 -0.257489 0.244018 -0.104333 -0.169386 4.122 4.325 0 0 0 0 
 3.83 3.742 -0.131179 0 0 4.18517 3.65264 -0.257063 0.241409 -0.094252 -0.154919 4.13 4.328 0 0 0 0 
 3.849 3.738 -0.142083 0 0 4.20837 3.65163 -0.245063 0.244075 -0.0771914 -0.125836 4.163 4.334 0 0 0 0 
 3.864 3.745 -0.152472 0 0 4.23117 3.66013 -0.235342 0.24919 -0.0623727 -0.0997883 4.204 4.346 0 0 0 0 
 3.876 3.737 -0.16008 0 0 4.25457 3.65844 -0.210565 0.256035 -0.0379229 -0.0591774 4.254 4.359 0 0 0 0 
 3.889 3.732 -0.166809 0 0 4.28466 3.66574 -0.169061 0.265879 0.000761867 0.00114619 4.324 4.395 0 0 0 0 
 3.908 3.722 -0.170472 0 0 4.31117 3.66713 -0.136932 0.269527 0.0310969 0.0461177 4.368 4.423 0 0 0 0 
 3.94 3.72 -0.172149 0 0 4.34647 3.67503 -0.111078 0.270612 0.0549045 0.0809786 4.411 4.454 0 0 0 0 
 3.976 3.707 -0.172092 0 0 4.38337 3.67073 -0.0892596 0.270298 0.0737853 0.10876 4.45 4.47 0 0 0 0 
 4.012 3.7 -0.171772 0 0 4.41697 3.66583 -0.0845663 0.268518 0.0772455 0.114566 4.478 4.47 0 0 0 0 
 4.048 3.699 -0.17032 0 0 4.44456 3.66723 -0.0802719 0.262801 0.0784976 0.118915 4.486 4.477 0 0 0 0 
 4.074 3.693 -0.168984 0 0 4.46966 3.65703 -0.0911491 0.262659 0.0679759 0.103152 4.509 4.457 0 0 0 0 
 4.104 3.688 -0.166732 0 0 4.49547 3.64843 -0.101415 0.260308 0.0568881 0.0871949 4.525 4.44 0 0 0 0 
 4.141 3.68 -0.163294 0 0 4.52916 3.63894 -0.106189 0.258343 0.0496163 0.0766718 4.551 4.427 0 0 0 0 
 4.176 3.667 -0.160035 0 0 4.56327 3.62204 -0.116634 0.258178 0.0380616 0.0589013 4.583 4.401 0 0 0 0 
 4.215 3.656 -0.156391 0 0 4.59477 3.60653 -0.130993 0.253741 0.0227179 0.0357974 4.597 4.375 0 0 0 0 
 4.251 3.658 -0.153019 0 0 4.62446 3.60134 -0.152903 0.250346 0.00204219 0.00326297 4.612 4.353 0 0 0 0 
 4.274 3.652 -0.150184 0 0 4.64177 3.59503 -0.156146 0.246642 -0.00289008 -0.00468706 4.616 4.346 0 0 0 0 
 4.298 3.644 -0.148611 0 0 4.65826 3.59423 -0.13902 0.24102 0.00923655 0.0153279 4.615 4.362 0 0 0 0 
 4.34 3.643 -0.147269 0 0 4.68977 3.59413 -0.140624 0.234051 0.00673776 0.0115145 4.622 4.364 0 0 0 0 
 4.359 3.627 -0.14586 0 0 4.69887 3.58323 -0.129489 0.227076 0.0138543 0.0243998 4.608 4.365 0 0 0 0 
 4.373 3.609 -0.144495 0 0 4.70987 3.57183 -0.110776 0.224501 0.0267246 0.0475801 4.612 4.369 0 0 0 0 
 4.39 3.597 -0.143239 0 0 4.71786 3.56643 -0.0934952 0.218006 0.0379748 0.0695641 4.599 4.379 0 0 0 0 
 4.413 3.595 -0.141457 0 0 4.73397 3.56383 -0.0974043 0.213543 0.0331931 0.0620961 4.599 4.375 0 0 0 0 
 4.438 3.592 -0.138841 0 0 4.75207 3.56383 -0.0899203 0.208769 0.0360817 0.0690225 4.601 4.382 0 0 0 0 
 4.458 3.573 -0.136185 0 0 4.76757 3.54753 -0.0824465 0.205605 0.0390574 0.0758397 4.606 4.372 0 0 0 0 
 4.47 3.572 -0.133422 0 0 4.77326 3.54534 -0.0881537 0.201587 0.0324904 0.0643801 4.597 4.367 0 0 0 0 
 4.495 3.567 -0.130365 0 0 4.78956 3.54033 -0.0907714 0.195888 0.0278469 0.0568016 4.593 4.362 0 0 0 0 
 4.525 3.564 -0.127938 0 0 4.81237 3.53943 -0.0856923 0.190999 0.0290471 0.0607571 4.599 4.366 0 0 0 0 
 4.537 3.557 -0.12545 0 0 4.82137 3.53633 -0.0727987 0.188736 0.0356892 0.0754948 4.601 4.372 0 0 0 0 
 4.555 3.554 -0.122971 0 0 4.83486 3.53513 -0.0675098 0.185657 0.0370604 0.0796782 4.604 4.375 0 0 0 0 
 4.572 3.546 -0.119864 0 0 4.84887 3.52803 -0.0649787 0.183641 0.0363415 0.0789929 4.611 4.37 0 0 0 0 
 4.585 3.542 -0.116527 0 0 4.85677 3.52644 -0.0573366 0.180137 0.0385445 0.0853814 4.607 4.374 0 0 0 0 
 4.606 3.537 -0.113369 0 0 4.87176 3.52233 -0.0552362 0.176148 0.0371654 0.0841965 4.608 4.372 0 0 0 0 
 4.624 3.533 -0.109845 0 0 4.88257 3.51923 -0.0532868 0.17137 0.0353487 0.0823221 4.602 4.371 0 0 0 0 
 4.644 3.53 -0.106556 0 0 4.89477 3.51923 -0.0429554 0.166057 0.0387044 0.0929628 4.596 4.378 0 0 0 0 
 4.663 3.521 -0.10293 0 0 4.90897 3.51113 -0.0401286 0.162866 0.0376026 0.0920911 4.599 4.372 0 0 0 0 
 4.68 3.516 -0.0997193 0 0 4.91966 3.50883 -0.0299051 0.158573 0.0408741 0.102742 4.595 4.376 0 0 0 0 
 4.703 3.502 -0.0960235 0 0 4.93367 3.49994 -0.00895267 0.152374 0.0493233 0.128763 4.588 4.379 0 0 0 0 
 4.717 3.494 -0.0918178 0 0 4.94287 3.49283 -0.00515802 0.149203 0.0482264 0.128578 4.586 4.374 0 0 0 0 
 4.73 3.494 -0.0871435 0 0 4.94987 3.49373 -0.00120561 0.145244 0.0467457 0.128033 4.579 4.377 0 0 0 0 
 4.741 3.487 -0.082332 0 0 4.95727 3.49003 0.0140345 0.142759 0.0516786 0.1438 4.578 4.381 0 0 0 0 
 4.753 3.47 -0.0775231 0 0 4.96746 3.47693 0.0323471 0.141457 0.0584927 0.163917 4.584 4.377 0 0 0 0 
 4.762 3.462 -0.0718769 0 0 4.97377 3.47013 0.0384343 0.139699 0.0580967 0.164839 4.584 4.373 0 0 0 0 
 4.776 3.467 -0.065968 0 0 4.98597 3.47544 0.040195 0.138575 0.0555103 0.158881 4.592 4.379 0 0 0 0 
 4.783 3.468 -0.0601815 0 0 4.99027 3.47403 0.0291257 0.136939 0.0461941 0.134123 4.59 4.372 0 0 0 0 
 4.803 3.457 -0.0551568 0 0 5.00277 3.46484 0.0392411 0.131973 0.0472975 0.142385 4.585 4.367 0 0 0 0 
 4.818 3.456 -0.0505313 0 0 5.01176 3.46984 0.0715224 0.127895 0.0595142 0.184028 4.58 4.386 0 0 0 0 
 4.826 3.459 -0.045471 0 0 5.01227 3.47733 0.0987535 0.122903 0.0678675 0.217391 4.563 4.404 0 0 0 0 
 4.845 3.472 -0.0392627 0 0 5.01296 3.49003 0.107788 0.11088 0.0631361 0.223944 4.521 4.416 0 0 0 0 
 4.851 3.481 -0.0326315 0 0 5.00397 3.50143 0.134393 0.101006 0.065835 0.255039 4.477 4.433 0 0 0 0 
