 2.378 1.28 0.0439044 9.57005e-321 1.55716e+142 2.814 0.998 3.21143e-322 0 0 0 3.814 0.998 3.21143e-322 0 1.97626e-323 5.60423e-317 
 2.382 1.304 0.043904 9.57005e-321 1.55716e+142 2.828 1.022 3.21143e-322 0.412541 -1.04664 -0.428386 3.828 1.022 3.21143e-322 0 1.97626e-323 5.60423e-317 
 2.377 1.288 0.0437314 9.57005e-321 1.55716e+142 2.852 1.023 3.21143e-322 0.434541 -0.965805 -0.380563 3.852 1.023 3.21143e-322 0 1.97626e-323 5.60423e-317 
 2.387 1.292 0.0224027 9.57005e-321 1.55716e+142 2.877 1.041 3.21143e-322 0.448389 -0.873836 -0.337379 3.877 1.041 3.21143e-322 0 1.97626e-323 5.60423e-317 
 2.47 1.285 -0.0310415 9.57005e-321 1.55716e+142 2.899 1.051 3.21143e-322 0.400719 -0.794965 -0.342979 3.899 1.051 3.21143e-322 0 1.97626e-323 5.60423e-317 
 2.472 1.304 -0.114029 9.57005e-321 1.55716e+142 2.92 1.056 3.21143e-322 0.428933 -0.678802 -0.277506 3.92 1.056 3.21143e-322 0 1.97626e-323 5.60423e-317 
 2.526 1.318 -0.199114 9.57005e-321 1.55716e+142 2.943 1.072 3.21143e-322 0.410637 -0.569347 -0.244574 3.943 1.072 3.21143e-322 0 1.97626e-323 5.60423e-317 
 2.569 1.301 -0.269722 9.57005e-321 1.55716e+142 2.964 1.087 3.21143e-322 0.387958 -0.377719 -0.173488 3.964 1.087 3.21143e-322 0 1.97626e-323 5.60423e-317 
 2.575 1.286 -0.327481 9.57005e-321 1.55716e+142 2.974 1.107 3.21143e-322 0.382559 -0.155755 -0.0731544 3.974 1.107 3.21143e-322 0 1.97626e-323 5.60423e-317 
 2.652 1.284 -0.365683 9.57005e-321 1.55716e+142 2.979 1.135 3.21143e-322 0.314819 -0.0939898 -0.0536876 3.979 1.135 3.21143e-322 0 1.97626e-323 5.60423e-317 
 2.716 1.222 -0.379978 9.57005e-321 1.55716e+142 2.977 1.155 3.21143e-322 0.235026 0.168188 0.128105 3.977 1.155 3.21143e-322 0 1.97626e-323 5.60423e-317 
 2.757 1.24 -0.388592 9.57005e-321 1.55716e+142 2.98 1.195 3.21143e-322 0.197005 0.223315 0.201276 3.98 1.195 3.21143e-322 0 1.97626e-323 5.60423e-317 
 2.762 1.205 -0.385081 9.57005e-321 1.55716e+142 2.974 1.213 3.21143e-322 0.174122 0.470975 0.453091 3.974 1.213 3.21143e-322 0 1.97626e-323 5.60423e-317 
 2.771 1.187 -0.381011 9.57005e-321 1.55716e+142 2.992 1.229 3.21143e-322 0.174733 0.650419 0.523599 3.992 1.229 3.21143e-322 0 1.97626e-323 5.60423e-317 
 2.786 1.192 -0.347547 9.57005e-321 1.55716e+142 3.006 1.244 3.21143e-322 0.174752 0.664216 0.523599 4.006 1.244 3.21143e-322 0 1.97626e-323 5.60423e-317 
 2.815 1.18 -0.282299 9.57005e-321 1.55716e+142 3.026 1.257 3.21143e-322 0.169193 0.717634 0.523599 4.026 1.257 3.21143e-322 0 1.97626e-323 5.60423e-317 
 2.809 1.197 -0.215492 9.57005e-321 1.55716e+142 3.051 1.276 3.21143e-322 0.201631 0.657876 0.523599 4.051 1.276 3.21143e-322 0 1.97626e-323 5.60423e-317 
 2.81 1.162 -0.144066 9.57005e-321 1.55716e+142 3.071 1.286 3.21143e-322 0.224255 0.779271 0.523599 4.071 1.286 3.21143e-322 0 1.97626e-323 5.60423e-317 
 2.778 1.133 -0.0779456 9.57005e-321 1.55716e+142 3.079 1.3 3.21143e-322 0.268872 0.849206 0.516945 4.079 1.3 3.21143e-322 0 1.97626e-323 5.60423e-317 
 2.813 1.141 -0.00023998 9.57005e-321 1.55716e+142 3.085 1.315 3.21143e-322 0.253363 0.802307 0.518064 4.085 1.315 3.21143e-322 0 1.97626e-323 5.60423e-317 
 2.858 1.155 0.0838483 9.57005e-321 1.55716e+142 3.11 1.338 3.21143e-322 0.246633 0.754301 0.503235 4.11 1.338 3.21143e-322 0 1.97626e-323 5.60423e-317 
 2.931 1.152 0.164532 9.57005e-321 1.55716e+142 3.117 1.356 3.21143e-322 0.205857 0.855464 0.523599 4.117 1.356 3.21143e-322 0 1.97626e-323 5.60423e-317 
 2.955 1.151 0.241578 9.57005e-321 1.55716e+142 3.137 1.383 3.21143e-322 0.220794 0.883939 0.523599 4.137 1.383 3.21143e-322 0 1.97626e-323 5.60423e-317 
 2.947 1.18 0.328116 9.57005e-321 1.55716e+142 3.144 1.414 3.21143e-322 0.242252 0.745442 0.50582 4.144 1.414 3.21143e-322 0 1.97626e-323 5.60423e-317 
 2.97 1.202 0.416989 9.57005e-321 1.55716e+142 3.159 1.438 3.21143e-322 0.245138 0.656215 0.449019 4.159 1.438 3.21143e-322 0 1.97626e-323 5.60423e-317 
 2.954 1.177 0.492454 9.57005e-321 1.55716e+142 3.169 1.453 3.21143e-322 0.289882 0.617497 0.366141 4.169 1.453 3.21143e-322 0 1.97626e-323 5.60423e-317 
 2.953 1.205 0.559317 9.57005e-321 1.55716e+142 3.19 1.478 3.21143e-322 0.308281 0.449185 0.256495 4.19 1.478 3.21143e-322 0 1.97626e-323 5.60423e-317 
 3.021 1.218 0.620709 9.57005e-321 1.55716e+142 3.197 1.487 3.21143e-322 0.269348 0.528391 0.339446 4.197 1.487 3.21143e-322 0 1.97626e-323 5.60423e-317 
 3.068 1.241 0.667924 9.57005e-321 1.55716e+142 3.212 1.508 3.21143e-322 0.25144 0.5634 0.383369 4.212 1.508 3.21143e-322 0 1.97626e-323 5.60423e-317 
 3.075 1.252 0.722871 9.57005e-321 1.55716e+142 3.222 1.527 3.21143e-322 0.262076 0.501315 0.331602 4.222 1.527 3.21143e-322 0 1.97626e-323 5.60423e-317 
 3.066 1.301 0.779808 9.57005e-321 1.55716e+142 3.241 1.555 3.21143e-322 0.26742 0.263795 0.175729 4.241 1.555 3.21143e-322 0 1.97626e-323 5.60423e-317 
 3.123 1.309 0.829544 9.57005e-321 1.55716e+142 3.258 1.566 3.21143e-322 0.248993 0.349662 0.247589 4.258 1.566 3.21143e-322 0 1.97626e-323 5.60423e-317 
 3.144 1.323 0.854773 9.57005e-321 1.55716e+142 3.272 1.59 3.21143e-322 0.253474 0.368938 0.256236 4.272 1.59 3.21143e-322 0 1.97626e-323 5.60423e-317 
 3.151 1.363 0.890687 9.57005e-321 1.55716e+142 3.281 1.607 3.21143e-322 0.239527 0.252346 0.187407 4.281 1.607 3.21143e-322 0 1.97626e-323 5.60423e-317 
 3.179 1.378 0.926641 9.57005e-321 1.55716e+142 3.298 1.655 3.21143e-322 0.259469 0.330512 0.225388 4.298 1.655 3.21143e-322 0 1.97626e-323 5.60423e-317 
 3.192 1.41 0.950665 9.57005e-321 1.55716e+142 3.306 1.689 3.21143e-322 0.259647 0.321985 0.219616 4.306 1.689 3.21143e-322 0 1.97626e-323 5.60423e-317 
 3.207 1.394 0.983297 9.57005e-321 1.55716e+142 3.294 1.72 3.21143e-322 0.28579 0.478142 0.292512 4.294 1.72 3.21143e-322 0 1.97626e-323 5.60423e-317 
 3.244 1.402 1.01613 9.57005e-321 1.55716e+142 3.304 1.754 3.21143e-322 0.2984 0.578559 0.33578 4.304 1.754 3.21143e-322 0 1.97626e-323 5.60423e-317 
 3.25 1.455 1.06449 9.57005e-321 1.55716e+142 3.315 1.768 3.21143e-322 0.272089 0.43002 0.277157 4.315 1.768 3.21143e-322 0 1.97626e-323 5.60423e-317 
 3.239 1.451 1.12298 9.57005e-321 1.55716e+142 3.333 1.795 3.21143e-322 0.309546 0.273572 0.157759 4.333 1.795 3.21143e-322 0 1.97626e-323 5.60423e-317 
 3.25 1.472 1.16298 9.57005e-321 1.55716e+142 3.338 1.811 3.21143e-322 0.304891 0.230577 0.135295 4.338 1.811 3.21143e-322 0 1.97626e-323 5.60423e-317 
 3.282 1.546 1.18762 9.57005e-321 1.55716e+142 3.345 1.825 3.21143e-322 0.248703 0.217548 0.15617 4.345 1.825 3.21143e-322 0 1.97626e-323 5.60423e-317 
 3.285 1.541 1.211 9.57005e-321 1.55716e+142 3.348 1.846 3.21143e-322 0.270993 0.220662 0.145533 4.348 1.846 3.21143e-322 0 1.97626e-323 5.60423e-317 
 3.315 1.587 1.23337 9.57005e-321 1.55716e+142 3.355 1.889 3.21143e-322 0.263479 0.28712 0.193691 4.355 1.889 3.21143e-322 0 1.97626e-323 5.60423e-317 
 3.317 1.61 1.25667 9.57005e-321 1.55716e+142 3.37 1.913 3.21143e-322 0.268046 0.198037 0.132211 4.37 1.913 3.21143e-322 0 1.97626e-323 5.60423e-317 
 3.325 1.626 1.28605 9.57005e-321 1.55716e+142 3.376 1.927 3.21143e-322 0.266578 0.163667 0.110066 4.376 1.927 3.21143e-322 0 1.97626e-323 5.60423e-317 
 3.325 1.678 1.30529 9.57005e-321 1.55716e+142 3.392 1.925 3.21143e-322 0.224486 0.000799307 0.000640911 4.392 1.925 3.21143e-322 0 1.97626e-323 5.60423e-317 
 3.334 1.703 1.3215 9.57005e-321 1.55716e+142 3.418 1.941 3.21143e-322 0.220763 -0.113272 -0.092096 4.418 1.941 3.21143e-322 0 1.97626e-323 5.60423e-317 
 3.354 1.722 1.32196 9.57005e-321 1.55716e+142 3.436 1.956 3.21143e-322 0.216903 -0.109869 -0.0909248 4.436 1.956 3.21143e-322 0 1.97626e-323 5.60423e-317 
 3.323 1.736 1.32034 9.57005e-321 1.55716e+142 3.448 1.984 3.21143e-322 0.239749 -0.287059 -0.212272 4.448 1.984 3.21143e-322 0 1.97626e-323 5.60423e-317 
 3.317 1.775 1.31707 9.57005e-321 1.55716e+142 3.44 2.034 3.21143e-322 0.248468 -0.256255 -0.183552 4.44 2.034 3.21143e-322 0 1.97626e-323 5.60423e-317 
 3.338 1.816 1.30384 9.57005e-321 1.55716e+142 3.414 2.069 3.21143e-322 0.231667 -0.0321625 -0.0249843 4.414 2.069 3.21143e-322 0 1.97626e-323 5.60423e-317 
 3.324 1.819 1.28415 9.57005e-321 1.55716e+142 3.392 2.116 3.21143e-322 0.26692 0.0861677 0.0580426 4.392 2.116 3.21143e-322 0 1.97626e-323 5.60423e-317 
 3.341 1.822 1.28201 9.57005e-321 1.55716e+142 3.388 2.148 3.21143e-322 0.286925 0.211828 0.132114 4.388 2.148 3.21143e-322 0 1.97626e-323 5.60423e-317 
 3.365 1.858 1.284 9.57005e-321 1.55716e+142 3.369 2.171 3.21143e-322 0.267811 0.386988 0.254462 4.369 2.171 3.21143e-322 0 1.97626e-323 5.60423e-317 
 3.368 1.909 1.28987 9.57005e-321 1.55716e+142 3.348 2.187 3.21143e-322 0.234218 0.466175 0.344017 4.348 2.187 3.21143e-322 0 1.97626e-323 5.60423e-317 
 3.397 1.914 1.31582 9.57005e-321 1.55716e+142 3.342 2.209 3.21143e-322 0.246398 0.601564 0.414052 4.342 2.209 3.21143e-322 0 1.97626e-323 5.60423e-317 
 3.413 1.936 1.36358 9.57005e-321 1.55716e+142 3.351 2.232 3.21143e-322 0.250265 0.569773 0.388928 4.351 2.232 3.21143e-322 0 1.97626e-323 5.60423e-317 
 3.402 1.96 1.42321 9.57005e-321 1.55716e+142 3.371 2.244 3.21143e-322 0.245069 0.344914 0.248116 4.371 2.244 3.21143e-322 0 1.97626e-323 5.60423e-317 
 3.43 2.025 1.47851 9.57005e-321 1.55716e+142 3.382 2.279 3.21143e-322 0.22067 0.354384 0.2814 4.382 2.279 3.21143e-322 0 1.97626e-323 5.60423e-317 
 3.42 2.004 1.51097 9.57005e-321 1.55716e+142 3.379 2.301 3.21143e-322 0.259601 0.272682 0.186864 4.379 2.301 3.21143e-322 0 1.97626e-323 5.60423e-317 
 3.431 2.019 1.54584 9.57005e-321 1.55716e+142 3.379 2.319 3.21143e-322 0.263661 0.274334 0.185142 4.379 2.319 3.21143e-322 0 1.97626e-323 5.60423e-317 
 3.415 2.055 1.57154 9.57005e-321 1.55716e+142 3.384 2.339 3.21143e-322 0.24961 0.145876 0.104809 4.384 2.339 3.21143e-322 0 1.97626e-323 5.60423e-317 
 3.427 2.07 1.59925 9.57005e-321 1.55716e+142 3.382 2.38 3.21143e-322 0.273561 0.164173 0.107607 4.382 2.38 3.21143e-322 0 1.97626e-323 5.60423e-317 
 3.433 2.091 1.61289 9.57005e-321 1.55716e+142 3.384 2.395 3.21143e-322 0.268863 0.165537 0.110374 4.384 2.395 3.21143e-322 0 1.97626e-323 5.60423e-317 
 3.444 2.105 1.63018 9.57005e-321 1.55716e+142 3.402 2.428 3.21143e-322 0.285252 0.101273 0.0638187 4.402 2.428 3.21143e-322 0 1.97626e-323 5.60423e-317 
 3.454 2.159 1.6465 9.57005e-321 1.55716e+142 3.414 2.449 3.21143e-322 0.25646 0.0840636 0.058933 4.414 2.449 3.21143e-322 0 1.97626e-323 5.60423e-317 
 3.448 2.169 1.65651 9.57005e-321 1.55716e+142 3.43 2.465 3.21143e-322 0.260063 -0.0344666 -0.0238513 4.43 2.465 3.21143e-322 0 1.97626e-323 5.60423e-317 
 3.46 2.191 1.66439 9.57005e-321 1.55716e+142 3.438 2.488 3.21143e-322 0.261194 -0.0271838 -0.0187313 4.438 2.488 3.21143e-322 0 1.97626e-323 5.60423e-317 
 3.436 2.228 1.66444 9.57005e-321 1.55716e+142 3.434 2.515 3.21143e-322 0.251115 -0.117425 -0.0839728 4.434 2.515 3.21143e-322 0 1.97626e-323 5.60423e-317 
 3.438 2.286 1.66376 9.57005e-321 1.55716e+142 3.438 2.542 3.21143e-322 0.223881 -0.117998 -0.0945871 4.438 2.542 3.21143e-322 0 1.97626e-323 5.60423e-317 
 3.419 2.31 1.66238 9.57005e-321 1.55716e+142 3.443 2.559 3.21143e-322 0.216743 -0.234484 -0.192326 4.443 2.559 3.21143e-322 0 1.97626e-323 5.60423e-317 
 3.419 2.329 1.65882 9.57005e-321 1.55716e+142 3.442 2.57 3.21143e-322 0.209863 -0.224415 -0.190155 4.442 2.57 3.21143e-322 0 1.97626e-323 5.60423e-317 
 3.422 2.35 1.64608 9.57005e-321 1.55716e+142 3.441 2.607 3.21143e-322 0.224314 -0.189765 -0.151115 4.441 2.607 3.21143e-322 0 1.97626e-323 5.60423e-317 
 3.413 2.393 1.62566 9.57005e-321 1.55716e+142 3.435 2.655 3.21143e-322 0.229104 -0.178588 -0.139401 4.435 2.655 3.21143e-322 0 1.97626e-323 5.60423e-317 
 3.431 2.423 1.60647 9.57005e-321 1.55716e+142 3.42 2.674 3.21143e-322 0.220371 0.0102058 0.00833595 4.42 2.674 3.21143e-322 0 1.97626e-323 5.60423e-317 
 3.451 2.411 1.58843 9.57005e-321 1.55716e+142 3.405 2.684 3.21143e-322 0.241008 0.198036 0.146842 4.405 2.684 3.21143e-322 0 1.97626e-323 5.60423e-317 
 3.431 2.451 1.58797 9.57005e-321 1.55716e+142 3.397 2.706 3.21143e-322 0.224619 0.14681 0.117109 4.397 2.706 3.21143e-322 0 1.97626e-323 5.60423e-317 
 3.421 2.467 1.59269 9.57005e-321 1.55716e+142 3.385 2.728 3.21143e-322 0.230054 0.148606 0.115753 4.385 2.728 3.21143e-322 0 1.97626e-323 5.60423e-317 
 3.434 2.504 1.59655 9.57005e-321 1.55716e+142 3.368 2.775 3.21143e-322 0.240905 0.283433 0.208692 4.368 2.775 3.21143e-322 0 1.97626e-323 5.60423e-317 
 3.448 2.522 1.60633 9.57005e-321 1.55716e+142 3.339 2.818 3.21143e-322 0.267565 0.449071 0.293387 4.339 2.818 3.21143e-322 0 1.97626e-323 5.60423e-317 
 3.489 2.514 1.63472 9.57005e-321 1.55716e+142 3.305 2.858 3.21143e-322 0.32275 0.665307 0.3553 4.305 2.858 3.21143e-322 0 1.97626e-323 5.60423e-317 
 3.509 2.532 1.68231 9.57005e-321 1.55716e+142 3.279 2.892 3.21143e-322 0.350833 0.737944 0.361935 4.279 2.892 3.21143e-322 0 1.97626e-323 5.60423e-317 
 3.454 2.589 1.74821 9.57005e-321 1.55716e+142 3.266 2.92 3.21143e-322 0.321888 0.524903 0.285507 4.266 2.92 3.21143e-322 0 1.97626e-323 5.60423e-317 
 3.428 2.587 1.82064 9.57005e-321 1.55716e+142 3.267 2.939 3.21143e-322 0.336129 0.280949 0.149331 4.267 2.939 3.21143e-322 0 1.97626e-323 5.60423e-317 
 3.414 2.628 1.87192 9.57005e-321 1.55716e+142 3.271 2.958 3.21143e-322 0.314307 0.163732 0.0934937 4.271 2.958 3.21143e-322 0 1.97626e-323 5.60423e-317 
 3.412 2.664 1.89753 9.57005e-321 1.55716e+142 3.276 2.972 3.21143e-322 0.294573 0.131142 0.0799638 4.276 2.972 3.21143e-322 0 1.97626e-323 5.60423e-317 
 3.398 2.723 1.91336 9.57005e-321 1.55716e+142 3.279 2.989 3.21143e-322 0.255086 0.106702 0.0751515 4.279 2.989 3.21143e-322 0 1.97626e-323 5.60423e-317 
 3.411 2.748 1.92604 9.57005e-321 1.55716e+142 3.282 3.026 3.21143e-322 0.268266 0.111177 0.0744591 4.282 3.026 3.21143e-322 0 1.97626e-323 5.60423e-317 
 3.372 2.772 1.93666 9.57005e-321 1.55716e+142 3.289 3.052 3.21143e-322 0.25565 -0.106259 -0.0746764 4.289 3.052 3.21143e-322 0 1.97626e-323 5.60423e-317 
 3.363 2.833 1.94714 9.57005e-321 1.55716e+142 3.281 3.085 3.21143e-322 0.232147 -0.0800032 -0.0619528 4.281 3.085 3.21143e-322 0 1.97626e-323 5.60423e-317 
 3.375 2.856 1.94477 9.57005e-321 1.55716e+142 3.27 3.109 3.21143e-322 0.240242 0.0256447 0.0192119 4.27 3.109 3.21143e-322 0 1.97626e-323 5.60423e-317 
 3.359 2.872 1.94388 9.57005e-321 1.55716e+142 3.256 3.137 3.21143e-322 0.249385 -0.00319854 -0.00230862 4.256 3.137 3.21143e-322 0 1.97626e-323 5.60423e-317 
 3.365 2.881 1.94519 9.57005e-321 1.55716e+142 3.241 3.167 3.21143e-322 0.273321 0.0491682 0.0323692 4.241 3.167 3.21143e-322 0 1.97626e-323 5.60423e-317 
 3.34 2.887 1.94604 9.57005e-321 1.55716e+142 3.241 3.183 3.21143e-322 0.273526 -0.0743898 -0.0489148 4.241 3.183 3.21143e-322 0 1.97626e-323 5.60423e-317 
 3.348 2.919 1.94702 9.57005e-321 1.55716e+142 3.248 3.205 3.21143e-322 0.265618 -0.0556275 -0.0376789 4.248 3.205 3.21143e-322 0 1.97626e-323 5.60423e-317 
 3.382 2.987 1.94691 9.57005e-321 1.55716e+142 3.239 3.229 3.21143e-322 0.244498 0.210791 0.153957 4.239 3.229 3.21143e-322 0 1.97626e-323 5.60423e-317 
 3.35 2.996 1.94615 9.57005e-321 1.55716e+142 3.247 3.241 3.21143e-322 0.23308 0.0293662 0.0226746 4.247 3.241 3.21143e-322 0 1.97626e-323 5.60423e-317 
 3.341 3.041 1.94869 9.57005e-321 1.55716e+142 3.243 3.257 3.21143e-322 0.207885 0.0582631 0.0504052 4.243 3.257 3.21143e-322 0 1.97626e-323 5.60423e-317 
 3.322 3.045 1.94915 9.57005e-321 1.55716e+142 3.242 3.254 3.21143e-322 0.196284 -0.0149491 -0.013708 4.242 3.254 3.21143e-322 0 1.97626e-323 5.60423e-317 
 3.287 3.053 1.95101 9.57005e-321 1.55716e+142 3.226 3.265 3.21143e-322 0.192808 -0.11587 -0.107754 4.226 3.265 3.21143e-322 0 1.97626e-323 5.60423e-317 
 3.288 3.073 1.95101 9.57005e-321 1.55716e+142 3.216 3.286 3.21143e-322 0.197012 -0.0636224 -0.0580632 4.216 3.286 3.21143e-322 0 1.97626e-323 5.60423e-317 
 3.285 3.089 1.9504 9.57005e-321 1.55716e+142 3.201 3.307 3.21143e-322 0.204913 -0.0142046 -0.012477 4.201 3.307 3.21143e-322 0 1.97626e-323 5.60423e-317 
 3.287 3.136 1.94881 9.57005e-321 1.55716e+142 3.193 3.34 3.21143e-322 0.196819 0.0630344 0.0575842 4.193 3.34 3.21143e-322 0 1.97626e-323 5.60423e-317 
 3.284 3.152 1.94902 9.57005e-321 1.55716e+142 3.186 3.381 3.21143e-322 0.218436 0.0326641 0.02691 4.186 3.381 3.21143e-322 0 1.97626e-323 5.60423e-317 
 3.294 3.15 1.94948 9.57005e-321 1.55716e+142 3.182 3.404 3.21143e-322 0.243384 0.0487128 0.036011 4.182 3.404 3.21143e-322 0 1.97626e-323 5.60423e-317 
 3.293 3.155 1.95152 9.57005e-321 1.55716e+142 3.173 3.41 3.21143e-322 0.246912 0.0793175 0.0577586 4.173 3.41 3.21143e-322 0 1.97626e-323 5.60423e-317 
 3.257 3.168 1.95292 9.57005e-321 1.55716e+142 3.143 3.428 3.21143e-322 0.248937 0.0418947 0.0302837 4.143 3.428 3.21143e-322 0 1.97626e-323 5.60423e-317 
 3.234 3.223 1.9551 9.57005e-321 1.55716e+142 3.132 3.45 3.21143e-322 0.218181 0.0474501 0.0391264 4.132 3.45 3.21143e-322 0 1.97626e-323 5.60423e-317 
 3.268 3.264 1.95763 9.57005e-321 1.55716e+142 3.126 3.471 3.21143e-322 0.216679 0.268262 0.219269 4.126 3.471 3.21143e-322 0 1.97626e-323 5.60423e-317 
 3.237 3.274 1.96367 9.57005e-321 1.55716e+142 3.11 3.484 3.21143e-322 0.213556 0.186732 0.156111 4.11 3.484 3.21143e-322 0 1.97626e-323 5.60423e-317 
 3.252 3.303 1.98962 9.57005e-321 1.55716e+142 3.104 3.505 3.21143e-322 0.216182 0.266713 0.218527 4.104 3.505 3.21143e-322 0 1.97626e-323 5.60423e-317 
 3.207 3.309 2.00904 9.57005e-321 1.55716e+142 3.084 3.529 3.21143e-322 0.220694 0.0900135 0.0732845 4.084 3.529 3.21143e-322 0 1.97626e-323 5.60423e-317 
 3.226 3.346 2.03629 9.57005e-321 1.55716e+142 3.076 3.545 3.21143e-322 0.216117 0.224949 0.185209 4.076 3.545 3.21143e-322 0 1.97626e-323 5.60423e-317 
 3.181 3.335 2.04867 9.57005e-321 1.55716e+142 3.066 3.549 3.21143e-322 0.21308 0.0187428 0.0158317 4.066 3.549 3.21143e-322 0 1.97626e-323 5.60423e-317 
 3.178 3.373 2.07262 9.57005e-321 1.55716e+142 3.054 3.577 3.21143e-322 0.209258 0.0539963 0.0464133 4.054 3.577 3.21143e-322 0 1.97626e-323 5.60423e-317 
 3.174 3.396 2.07638 9.57005e-321 1.55716e+142 3.036 3.586 3.21143e-322 0.204889 0.147607 0.128957 4.036 3.586 3.21143e-322 0 1.97626e-323 5.60423e-317 
 3.189 3.437 2.08174 9.57005e-321 1.55716e+142 3.027 3.589 3.21143e-322 0.188337 0.353965 0.326211 4.027 3.589 3.21143e-322 0 1.97626e-323 5.60423e-317 
 3.153 3.457 2.10077 9.57005e-321 1.55716e+142 3.011 3.609 3.21143e-322 0.179214 0.246077 0.242301 4.011 3.609 3.21143e-322 0 1.97626e-323 5.60423e-317 
 3.145 3.439 2.13817 9.57005e-321 1.55716e+142 2.989 3.621 3.21143e-322 0.20879 0.172191 0.147372 3.989 3.621 3.21143e-322 0 1.97626e-323 5.60423e-317 
 3.125 3.443 2.16044 9.57005e-321 1.55716e+142 2.975 3.628 3.21143e-322 0.208295 0.111393 0.0959655 3.975 3.628 3.21143e-322 0 1.97626e-323 5.60423e-317 
 3.128 3.459 2.17665 9.57005e-321 1.55716e+142 2.953 3.637 3.21143e-322 0.21673 0.213538 0.175524 3.953 3.637 3.21143e-322 0 1.97626e-323 5.60423e-317 
 3.108 3.483 2.19052 9.57005e-321 1.55716e+142 2.939 3.653 3.21143e-322 0.208311 0.198264 0.169671 3.939 3.653 3.21143e-322 0 1.97626e-323 5.60423e-317 
 3.101 3.497 2.21256 9.57005e-321 1.55716e+142 2.928 3.682 3.21143e-322 0.221239 0.138868 0.112506 3.928 3.682 3.21143e-322 0 1.97626e-323 5.60423e-317 
 3.084 3.536 2.23069 9.57005e-321 1.55716e+142 2.911 3.693 3.21143e-322 0.202733 0.208545 0.183087 3.911 3.693 3.21143e-322 0 1.97626e-323 5.60423e-317 
 3.077 3.559 2.24538 9.57005e-321 1.55716e+142 2.897 3.707 3.21143e-322 0.201283 0.248804 0.218931 3.897 3.707 3.21143e-322 0 1.97626e-323 5.60423e-317 
 3.046 3.564 2.26678 9.57005e-321 1.55716e+142 2.878 3.731 3.21143e-322 0.207158 0.111919 0.0969416 3.878 3.731 3.21143e-322 0 1.97626e-323 5.60423e-317 
 3.045 3.587 2.28992 9.57005e-321 1.55716e+142 2.861 3.763 3.21143e-322 0.222737 0.111974 0.0902431 3.861 3.763 3.21143e-322 0 1.97626e-323 5.60423e-317 
 3.046 3.598 2.29895 9.57005e-321 1.55716e+142 2.859 3.771 3.21143e-322 0.222742 0.121632 0.0979771 3.859 3.771 3.21143e-322 0 1.97626e-323 5.60423e-317 
 3.027 3.615 2.31002 9.57005e-321 1.55716e+142 2.83 3.806 3.21143e-322 0.240372 0.0814614 0.060926 3.83 3.806 3.21143e-322 0 1.97626e-323 5.60423e-317 
 3.004 3.608 2.32289 9.57005e-321 1.55716e+142 2.824 3.826 3.21143e-322 0.247658 -0.0831717 -0.0603764 3.824 3.826 3.21143e-322 0 1.97626e-323 5.60423e-317 
 3.021 3.649 2.33099 9.57005e-321 1.55716e+142 2.804 3.838 3.21143e-322 0.251668 0.127605 0.0910144 3.804 3.838 3.21143e-322 0 1.97626e-323 5.60423e-317 
 2.981 3.657 2.33074 9.57005e-321 1.55716e+142 2.784 3.856 3.21143e-322 0.245584 0.0272892 0.0199989 3.784 3.856 3.21143e-322 0 1.97626e-323 5.60423e-317 
 2.97 3.676 2.33999 9.57005e-321 1.55716e+142 2.778 3.871 3.21143e-322 0.240034 0.0111585 0.00836749 3.778 3.871 3.21143e-322 0 1.97626e-323 5.60423e-317 
 2.933 3.717 2.34306 9.57005e-321 1.55716e+142 2.77 3.892 3.21143e-322 0.209736 -0.0272535 -0.0233853 3.77 3.892 3.21143e-322 0 1.97626e-323 5.60423e-317 
 2.908 3.7 2.34488 9.57005e-321 1.55716e+142 2.756 3.898 3.21143e-322 0.217868 -0.149184 -0.122636 3.756 3.898 3.21143e-322 0 1.97626e-323 5.60423e-317 
 2.897 3.73 2.34492 9.57005e-321 1.55716e+142 2.753 3.925 3.21143e-322 0.211211 -0.169453 -0.143421 3.753 3.925 3.21143e-322 0 1.97626e-323 5.60423e-317 
 2.89 3.752 2.34262 9.57005e-321 1.55716e+142 2.73 3.939 3.21143e-322 0.215565 -0.0794672 -0.0662591 3.73 3.939 3.21143e-322 0 1.97626e-323 5.60423e-317 
 2.863 3.733 2.33875 9.57005e-321 1.55716e+142 2.708 3.949 3.21143e-322 0.231511 -0.188642 -0.145631 3.708 3.949 3.21143e-322 0 1.97626e-323 5.60423e-317 
 2.864 3.787 2.33528 9.57005e-321 1.55716e+142 2.681 3.948 3.21143e-322 0.213262 0.104511 0.0879826 3.681 3.948 3.21143e-322 0 1.97626e-323 5.60423e-317 
 2.822 3.811 2.32408 9.57005e-321 1.55716e+142 2.655 3.971 3.21143e-322 0.202659 0.0638956 0.0566907 3.655 3.971 3.21143e-322 0 1.97626e-323 5.60423e-317 
 2.796 3.812 2.3257 9.57005e-321 1.55716e+142 2.63 3.989 3.21143e-322 0.212851 -0.00192634 -0.00162903 3.63 3.989 3.21143e-322 0 1.97626e-323 5.60423e-317 
 2.776 3.862 2.32616 9.57005e-321 1.55716e+142 2.618 4.002 3.21143e-322 0.184622 0.101738 0.0988679 3.618 4.002 3.21143e-322 0 1.97626e-323 5.60423e-317 
 2.791 3.847 2.32702 9.57005e-321 1.55716e+142 2.607 4.01 3.21143e-322 0.215014 0.111027 0.0926809 3.607 4.01 3.21143e-322 0 1.97626e-323 5.60423e-317 
 2.759 3.864 2.32841 9.57005e-321 1.55716e+142 2.596 4.015 3.21143e-322 0.194594 0.0768038 0.0709244 3.596 4.015 3.21143e-322 0 1.97626e-323 5.60423e-317 
 2.746 3.862 2.33338 9.57005e-321 1.55716e+142 2.572 4.018 3.21143e-322 0.204551 0.0928739 0.0815455 3.572 4.018 3.21143e-322 0 1.97626e-323 5.60423e-317 
 2.727 3.913 2.33766 9.57005e-321 1.55716e+142 2.556 4.028 3.21143e-322 0.177809 0.234117 0.232709 3.556 4.028 3.21143e-322 0 1.97626e-323 5.60423e-317 
 2.714 3.917 2.34576 9.57005e-321 1.55716e+142 2.538 4.037 3.21143e-322 0.184223 0.223014 0.214549 3.538 4.037 3.21143e-322 0 1.97626e-323 5.60423e-317 
 2.704 3.951 2.36951 9.57005e-321 1.55716e+142 2.52 4.052 3.21143e-322 0.179258 0.301343 0.293832 3.52 4.052 3.21143e-322 0 1.97626e-323 5.60423e-317 
 2.695 3.967 2.39338 9.57005e-321 1.55716e+142 2.502 4.081 3.21143e-322 0.19339 0.250469 0.229036 3.502 4.081 3.21143e-322 0 1.97626e-323 5.60423e-317 
 2.73 3.992 2.42372 9.57005e-321 1.55716e+142 2.485 4.107 3.21143e-322 0.231117 0.363899 0.276172 3.485 4.107 3.21143e-322 0 1.97626e-323 5.60423e-317 
 2.708 4.031 2.45005 9.57005e-321 1.55716e+142 2.461 4.119 3.21143e-322 0.220389 0.445806 0.349186 3.461 4.119 3.21143e-322 0 1.97626e-323 5.60423e-317 
 2.7 4.065 2.48683 9.57005e-321 1.55716e+142 2.431 4.135 3.21143e-322 0.230638 0.526658 0.389977 3.431 4.135 3.21143e-322 0 1.97626e-323 5.60423e-317 
 2.655 4.064 2.53269 9.57005e-321 1.55716e+142 2.4 4.142 3.21143e-322 0.226135 0.402951 0.310377 3.4 4.142 3.21143e-322 0 1.97626e-323 5.60423e-317 
 2.645 4.053 2.58546 9.57005e-321 1.55716e+142 2.386 4.155 3.21143e-322 0.241465 0.240599 0.177467 3.386 4.155 3.21143e-322 0 1.97626e-323 5.60423e-317 
 2.628 4.053 2.62704 9.57005e-321 1.55716e+142 2.372 4.168 3.21143e-322 0.24546 0.123562 0.0903637 3.372 4.168 3.21143e-322 0 1.97626e-323 5.60423e-317 
 2.624 4.05 2.64872 9.57005e-321 1.55716e+142 2.356 4.186 3.21143e-322 0.263566 0.032347 0.0220875 3.356 4.186 3.21143e-322 0 1.97626e-323 5.60423e-317 
 2.615 4.068 2.65897 9.57005e-321 1.55716e+142 2.336 4.203 3.21143e-322 0.271778 0.0451467 0.029892 3.336 4.203 3.21143e-322 0 1.97626e-323 5.60423e-317 
 2.605 4.084 2.66272 9.57005e-321 1.55716e+142 2.316 4.211 3.21143e-322 0.276513 0.0924155 0.0600867 3.316 4.211 3.21143e-322 0 1.97626e-323 5.60423e-317 
 2.601 4.099 2.66856 9.57005e-321 1.55716e+142 2.28 4.213 3.21143e-322 0.297128 0.194991 0.117581 3.28 4.213 3.21143e-322 0 1.97626e-323 5.60423e-317 
 2.555 4.117 2.67815 9.57005e-321 1.55716e+142 2.268 4.228 3.21143e-322 0.269123 0.132761 0.0885635 3.268 4.228 3.21143e-322 0 1.97626e-323 5.60423e-317 
 2.52 4.082 2.69792 9.57005e-321 1.55716e+142 2.243 4.241 3.21143e-322 0.279606 -0.111009 -0.0713424 3.243 4.241 3.21143e-322 0 1.97626e-323 5.60423e-317 
 2.499 4.105 2.70719 9.57005e-321 1.55716e+142 2.229 4.255 3.21143e-322 0.270454 -0.102453 -0.0680823 3.229 4.255 3.21143e-322 0 1.97626e-323 5.60423e-317 
 2.49 4.124 2.70592 9.57005e-321 1.55716e+142 2.206 4.269 3.21143e-322 0.27958 -0.052154 -0.0335653 3.206 4.269 3.21143e-322 0 1.97626e-323 5.60423e-317 
 2.429 4.143 2.70477 9.57005e-321 1.55716e+142 2.182 4.285 3.21143e-322 0.249303 -0.114601 -0.0825553 3.182 4.285 3.21143e-322 0 1.97626e-323 5.60423e-317 
 2.395 4.171 2.7031 9.57005e-321 1.55716e+142 2.161 4.295 3.21143e-322 0.232102 -0.0632085 -0.0489803 3.161 4.295 3.21143e-322 0 1.97626e-323 5.60423e-317 
 2.333 4.181 2.70044 9.57005e-321 1.55716e+142 2.135 4.309 3.21143e-322 0.205524 -0.160197 -0.139392 3.135 4.309 3.21143e-322 0 1.97626e-323 5.60423e-317 
 2.3 4.131 2.69779 9.57005e-321 1.55716e+142 2.103 4.314 3.21143e-322 0.228394 -0.395557 -0.302195 3.103 4.314 3.21143e-322 0 1.97626e-323 5.60423e-317 
 2.313 4.178 2.6873 9.57005e-321 1.55716e+142 2.065 4.309 3.21143e-322 0.245934 -0.0424016 -0.031024 3.065 4.309 3.21143e-322 0 1.97626e-323 5.60423e-317 
 2.291 4.207 2.65138 9.57005e-321 1.55716e+142 2.039 4.316 3.21143e-322 0.240285 0.108357 0.0809936 3.039 4.316 3.21143e-322 0 1.97626e-323 5.60423e-317 
 2.295 4.216 2.65071 9.57005e-321 1.55716e+142 2.026 4.321 3.21143e-322 0.252097 0.161329 0.114686 3.026 4.321 3.21143e-322 0 1.97626e-323 5.60423e-317 
 2.265 4.241 2.6528 9.57005e-321 1.55716e+142 2.009 4.333 3.21143e-322 0.236935 0.188868 0.14251 3.009 4.333 3.21143e-322 0 1.97626e-323 5.60423e-317 
 2.251 4.276 2.65633 9.57005e-321 1.55716e+142 1.991 4.332 3.21143e-322 0.227348 0.352738 0.272337 2.991 4.332 3.21143e-322 0 1.97626e-323 5.60423e-317 
 2.219 4.244 2.66462 9.57005e-321 1.55716e+142 1.965 4.337 3.21143e-322 0.23598 0.165023 0.125217 2.965 4.337 3.21143e-322 0 1.97626e-323 5.60423e-317 
 2.203 4.271 2.69577 9.57005e-321 1.55716e+142 1.944 4.338 3.21143e-322 0.231689 0.250395 0.192133 2.944 4.338 3.21143e-322 0 1.97626e-323 5.60423e-317 
 2.129 4.268 2.71341 9.57005e-321 1.55716e+142 1.928 4.326 3.21143e-322 0.18206 0.164635 0.161357 2.928 4.326 3.21143e-322 0 1.97626e-323 5.60423e-317 
 2.149 4.289 2.73901 9.57005e-321 1.55716e+142 1.905 4.321 3.21143e-322 0.210293 0.335754 0.279846 2.905 4.321 3.21143e-322 0 1.97626e-323 5.60423e-317 
 2.132 4.308 2.75851 9.57005e-321 1.55716e+142 1.876 4.323 3.21143e-322 0.216778 0.409378 0.327671 2.876 4.323 3.21143e-322 0 1.97626e-323 5.60423e-317 
 2.081 4.325 2.79341 9.57005e-321 1.55716e+142 1.848 4.319 3.21143e-322 0.194378 0.443831 0.389954 2.848 4.319 3.21143e-322 0 1.97626e-323 5.60423e-317 
 2.028 4.312 2.83525 9.57005e-321 1.55716e+142 1.825 4.328 3.21143e-322 0.175242 0.249435 0.250813 2.825 4.328 3.21143e-322 0 1.97626e-323 5.60423e-317 
 2.033 4.333 2.88022 9.57005e-321 1.55716e+142 1.8 4.336 3.21143e-322 0.199942 0.296721 0.261032 2.8 4.336 3.21143e-322 0 1.97626e-323 5.60423e-317 
 2.005 4.355 2.90454 9.57005e-321 1.55716e+142 1.781 4.335 3.21143e-322 0.189809 0.379444 0.345411 2.781 4.335 3.21143e-322 0 1.97626e-323 5.60423e-317 
 2.033 4.399 2.93549 9.57005e-321 1.55716e+142 1.761 4.332 3.21143e-322 0.229143 0.589898 0.43393 2.761 4.332 3.21143e-322 0 1.97626e-323 5.60423e-317 
 2.077 4.438 2.9757 9.57005e-321 1.55716e+142 1.744 4.357 3.21143e-322 0.284831 0.594128 0.359175 2.744 4.357 3.21143e-322 0 1.97626e-323 5.60423e-317 
 2.066 4.426 3.0337 9.57005e-321 1.55716e+142 1.722 4.382 3.21143e-322 0.298822 0.349974 0.20777 2.722 4.382 3.21143e-322 0 1.97626e-323 5.60423e-317 
 2.049 4.438 3.09031 9.57005e-321 1.55716e+142 1.706 4.397 3.21143e-322 0.300194 0.253419 0.150799 2.706 4.397 3.21143e-322 0 1.97626e-323 5.60423e-317 
 2.008 4.413 3.12236 9.57005e-321 1.55716e+142 1.679 4.41 3.21143e-322 0.28852 0.0412866 0.0257519 2.679 4.41 3.21143e-322 0 1.97626e-323 5.60423e-317 
 1.806 4.302 -3.13763 9.57005e-321 1.55716e+142 1.674 4.416 3.21143e-322 0.123801 -0.676289 -0.523599 2.674 4.416 3.21143e-322 0 1.97626e-323 5.60423e-317 
 1.78 4.301 -3.13545 9.57005e-321 1.55716e+142 1.645 4.429 3.21143e-322 0.128222 -0.751476 -0.523599 2.645 4.429 3.21143e-322 0 1.97626e-323 5.60423e-317 
 1.784 4.305 3.12881 9.57005e-321 1.55716e+142 1.615 4.42 3.21143e-322 0.157154 -0.62675 -0.523599 2.615 4.42 3.21143e-322 0 1.97626e-323 5.60423e-317 
 1.793 4.326 3.06813 9.57005e-321 1.55716e+142 1.574 4.399 3.21143e-322 0.198075 -0.294741 -0.261702 2.574 4.399 3.21143e-322 0 1.97626e-323 5.60423e-317 
 1.804 4.369 3.00525 9.57005e-321 1.55716e+142 1.536 4.409 3.21143e-322 0.237669 -0.0155128 -0.0117482 2.536 4.409 3.21143e-322 0 1.97626e-323 5.60423e-317 
 1.768 4.366 2.9801 9.57005e-321 1.55716e+142 1.501 4.41 3.21143e-322 0.237358 -0.002405 -0.00182382 2.501 4.41 3.21143e-322 0 1.97626e-323 5.60423e-317 
 1.707 4.369 2.98018 9.57005e-321 1.55716e+142 1.469 4.405 3.21143e-322 0.211127 0.0138237 0.0117851 2.469 4.405 3.21143e-322 0 1.97626e-323 5.60423e-317 
 1.722 4.379 2.97921 9.57005e-321 1.55716e+142 1.455 4.409 3.21143e-322 0.235468 0.0659382 0.0503628 2.455 4.409 3.21143e-322 0 1.97626e-323 5.60423e-317 
 1.739 4.409 2.97945 9.57005e-321 1.55716e+142 1.43 4.422 3.21143e-322 0.269992 0.169271 0.112375 2.43 4.422 3.21143e-322 0 1.97626e-323 5.60423e-317 
 1.721 4.461 2.98031 9.57005e-321 1.55716e+142 1.414 4.407 3.21143e-322 0.263325 0.471373 0.311711 2.414 4.407 3.21143e-322 0 1.97626e-323 5.60423e-317 
 1.603 4.329 2.98562 9.57005e-321 1.55716e+142 1.377 4.399 3.21143e-322 0.206006 -0.174595 -0.151387 2.377 4.399 3.21143e-322 0 1.97626e-323 5.60423e-317 
 1.582 4.36 3.01065 9.57005e-321 1.55716e+142 1.339 4.398 3.21143e-322 0.215694 -0.0299807 -0.0250141 2.339 4.398 3.21143e-322 0 1.97626e-323 5.60423e-317 
 1.553 4.367 3.00557 9.57005e-321 1.55716e+142 1.305 4.388 3.21143e-322 0.218111 0.0643636 0.0530675 2.305 4.388 3.21143e-322 0 1.97626e-323 5.60423e-317 
 1.522 4.302 3.00558 9.57005e-321 1.55716e+142 1.274 4.386 3.21143e-322 0.226813 -0.244594 -0.191726 2.274 4.386 3.21143e-322 0 1.97626e-323 5.60423e-317 
 1.562 4.383 3.00492 9.57005e-321 1.55716e+142 1.258 4.398 3.21143e-322 0.266306 0.12217 0.0823897 2.258 4.398 3.21143e-322 0 1.97626e-323 5.60423e-317 
 1.532 4.391 3.00084 9.57005e-321 1.55716e+142 1.235 4.404 3.21143e-322 0.259948 0.133947 0.0924867 2.235 4.404 3.21143e-322 0 1.97626e-323 5.60423e-317 
 1.514 4.431 3.0029 9.57005e-321 1.55716e+142 1.214 4.407 3.21143e-322 0.259812 0.302884 0.20684 2.214 4.407 3.21143e-322 0 1.97626e-323 5.60423e-317 
 1.517 4.436 3.00662 9.57005e-321 1.55716e+142 1.196 4.407 3.21143e-322 0.27805 0.323221 0.206266 2.196 4.407 3.21143e-322 0 1.97626e-323 5.60423e-317 
 1.475 4.483 3.02634 9.57005e-321 1.55716e+142 1.163 4.399 3.21143e-322 0.270225 0.540311 0.345473 2.163 4.399 3.21143e-322 0 1.97626e-323 5.60423e-317 
 1.409 4.396 3.06463 9.57005e-321 1.55716e+142 1.123 4.391 3.21143e-322 0.250153 0.127701 0.0916313 2.123 4.391 3.21143e-322 0 1.97626e-323 5.60423e-317 
 1.368 4.343 3.11979 9.57005e-321 1.55716e+142 1.087 4.376 3.21143e-322 0.247419 -0.127817 -0.0927218 2.087 4.376 3.21143e-322 0 1.97626e-323 5.60423e-317 
 1.355 4.342 3.12505 9.57005e-321 1.55716e+142 1.069 4.383 3.21143e-322 0.252087 -0.171013 -0.121509 2.069 4.383 3.21143e-322 0 1.97626e-323 5.60423e-317 
 1.289 4.335 3.1241 9.57005e-321 1.55716e+142 1.049 4.4 3.21143e-322 0.213482 -0.306898 -0.253211 2.049 4.4 3.21143e-322 0 1.97626e-323 5.60423e-317 
 1.328 4.366 3.11747 9.57005e-321 1.55716e+142 1.036 4.415 3.21143e-322 0.257965 -0.195668 -0.135692 2.036 4.415 3.21143e-322 0 1.97626e-323 5.60423e-317 
 1.276 4.403 3.09674 9.57005e-321 1.55716e+142 1.025 4.41 3.21143e-322 0.220229 0.0213051 0.0174116 2.025 4.41 3.21143e-322 0 1.97626e-323 5.60423e-317 
 1.258 4.398 3.08421 9.57005e-321 1.55716e+142 1.007 4.396 3.21143e-322 0.219846 0.0820098 0.0670452 2.007 4.396 3.21143e-322 0 1.97626e-323 5.60423e-317 
 1.254 4.427 3.08411 9.57005e-321 1.55716e+142 0.999 4.38 3.21143e-322 0.222949 0.305488 0.241813 1.999 4.38 3.21143e-322 0 1.97626e-323 5.60423e-317 
 1.233 4.455 3.0854 9.57005e-321 1.55716e+142 0.991 4.379 3.21143e-322 0.212514 0.450915 0.364829 1.991 4.379 3.21143e-322 0 1.97626e-323 5.60423e-317 
 1.191 4.471 3.09647 9.57005e-321 1.55716e+142 0.966 4.368 3.21143e-322 0.200119 0.580375 0.481113 1.966 4.368 3.21143e-322 0 1.97626e-323 5.60423e-317 
 1.155 4.467 3.13529 9.57005e-321 1.55716e+142 0.905 4.345 3.21143e-322 0.226574 0.603701 0.447199 1.905 4.345 3.21143e-322 0 1.97626e-323 5.60423e-317 
 1.15 4.395 -3.0863 9.57005e-321 1.55716e+142 0.864 4.317 3.21143e-322 0.256181 0.290112 0.201086 1.864 4.317 3.21143e-322 0 1.97626e-323 5.60423e-317 
 1.143 4.377 -3.0293 9.57005e-321 1.55716e+142 0.82 4.287 3.21143e-322 0.291702 0.233973 0.143386 1.82 4.287 3.21143e-322 0 1.97626e-323 5.60423e-317 
 1.095 4.377 -3.0037 9.57005e-321 1.55716e+142 0.802 4.29 3.21143e-322 0.266086 0.211029 0.141798 1.802 4.29 3.21143e-322 0 1.97626e-323 5.60423e-317 
 1.059 4.391 -2.98142 9.57005e-321 1.55716e+142 0.779 4.272 3.21143e-322 0.261715 0.336679 0.227548 1.779 4.272 3.21143e-322 0 1.97626e-323 5.60423e-317 
 1.098 4.388 -2.96038 9.57005e-321 1.55716e+142 0.776 4.265 3.21143e-322 0.299082 0.273014 0.162856 1.776 4.265 3.21143e-322 0 1.97626e-323 5.60423e-317 
 1.069 4.395 -2.92744 9.57005e-321 1.55716e+142 0.775 4.287 3.21143e-322 0.273019 0.195565 0.128228 1.775 4.287 3.21143e-322 0 1.97626e-323 5.60423e-317 
 1.02 4.363 -2.90118 9.57005e-321 1.55716e+142 0.772 4.291 3.21143e-322 0.226377 0.0537944 0.0427476 1.772 4.291 3.21143e-322 0 1.97626e-323 5.60423e-317 
 0.994 4.321 -2.88356 9.57005e-321 1.55716e+142 0.741 4.28 3.21143e-322 0.224079 -0.12367 -0.0990174 1.741 4.28 3.21143e-322 0 1.97626e-323 5.60423e-317 
 0.944 4.335 -2.87999 9.57005e-321 1.55716e+142 0.727 4.285 3.21143e-322 0.195243 -0.0409697 -0.0377531 1.727 4.285 3.21143e-322 0 1.97626e-323 5.60423e-317 
 0.949 4.371 -2.88201 9.57005e-321 1.55716e+142 0.687 4.256 3.21143e-322 0.24898 0.208076 0.149309 1.687 4.256 3.21143e-322 0 1.97626e-323 5.60423e-317 
 0.94 4.412 -2.88179 9.57005e-321 1.55716e+142 0.637 4.22 3.21143e-322 0.30536 0.460134 0.264862 1.637 4.22 3.21143e-322 0 1.97626e-323 5.60423e-317 
 0.903 4.385 -2.86913 9.57005e-321 1.55716e+142 0.592 4.174 3.21143e-322 0.318819 0.498454 0.274324 1.592 4.174 3.21143e-322 0 1.97626e-323 5.60423e-317 
 0.878 4.333 -2.82386 9.57005e-321 1.55716e+142 0.54 4.153 3.21143e-322 0.332811 0.267914 0.143899 1.54 4.153 3.21143e-322 0 1.97626e-323 5.60423e-317 
 0.836 4.322 -2.77275 9.57005e-321 1.55716e+142 0.501 4.136 3.21143e-322 0.334103 0.215656 0.115668 1.501 4.136 3.21143e-322 0 1.97626e-323 5.60423e-317 
 0.851 4.366 -2.747 9.57005e-321 1.55716e+142 0.497 4.151 3.21143e-322 0.36075 0.244261 0.121278 1.497 4.151 3.21143e-322 0 1.97626e-323 5.60423e-317 
 0.844 4.403 -2.72575 9.57005e-321 1.55716e+142 0.523 4.177 3.21143e-322 0.340178 0.311673 0.163446 1.523 4.177 3.21143e-322 0 1.97626e-323 5.60423e-317 
 0.836 4.402 -2.70039 9.57005e-321 1.55716e+142 0.538 4.206 3.21143e-322 0.310899 0.2126 0.122472 1.538 4.206 3.21143e-322 0 1.97626e-323 5.60423e-317 
 0.831 4.387 -2.66861 9.57005e-321 1.55716e+142 0.548 4.217 3.21143e-322 0.289146 0.0990956 0.0616113 1.548 4.217 3.21143e-322 0 1.97626e-323 5.60423e-317 
 0.766 4.343 -2.64853 9.57005e-321 1.55716e+142 0.523 4.19 3.21143e-322 0.251478 0.093332 0.0667049 1.523 4.19 3.21143e-322 0 1.97626e-323 5.60423e-317 
 0.723 4.35 -2.63976 9.57005e-321 1.55716e+142 0.501 4.185 3.21143e-322 0.241075 0.182122 0.135153 1.501 4.185 3.21143e-322 0 1.97626e-323 5.60423e-317 
 0.699 4.347 -2.62896 9.57005e-321 1.55716e+142 0.455 4.16 3.21143e-322 0.267878 0.198417 0.132544 1.455 4.16 3.21143e-322 0 1.97626e-323 5.60423e-317 
 0.702 4.335 -2.61027 9.57005e-321 1.55716e+142 0.406 4.137 3.21143e-322 0.312033 0.0881137 0.0507858 1.406 4.137 3.21143e-322 0 1.97626e-323 5.60423e-317 
 0.673 4.33 -2.59162 9.57005e-321 1.55716e+142 0.358 4.114 3.21143e-322 0.334749 0.0798274 0.0428981 1.358 4.114 3.21143e-322 0 1.97626e-323 5.60423e-317 
 0.671 4.283 -2.58345 9.57005e-321 1.55716e+142 0.329 4.073 3.21143e-322 0.352019 -0.011926 -0.00609812 1.329 4.073 3.21143e-322 0 1.97626e-323 5.60423e-317 
 0.604 4.355 -2.57702 9.57005e-321 1.55716e+142 0.323 4.044 3.21143e-322 0.359369 0.43914 0.216508 1.323 4.044 3.21143e-322 0 1.97626e-323 5.60423e-317 
 0.585 4.302 -2.57444 9.57005e-321 1.55716e+142 0.303 4.034 3.21143e-322 0.337298 0.302941 0.160278 1.303 4.034 3.21143e-322 0 1.97626e-323 5.60423e-317 
 0.533 4.256 -2.53262 9.57005e-321 1.55716e+142 0.299 4.051 3.21143e-322 0.271785 0.156188 0.103075 1.299 4.051 3.21143e-322 0 1.97626e-323 5.60423e-317 
 0.536 4.234 -2.50376 9.57005e-321 1.55716e+142 0.287 4.079 3.21143e-322 0.256707 -0.111101 -0.0777459 1.287 4.079 3.21143e-322 0 1.97626e-323 5.60423e-317 
 0.531 4.204 -2.49039 9.57005e-321 1.55716e+142 0.275 4.083 3.21143e-322 0.244699 -0.2812 -0.203973 1.275 4.083 3.21143e-322 0 1.97626e-323 5.60423e-317 
 0.492 4.2 -2.49235 9.57005e-321 1.55716e+142 0.273 4.085 3.21143e-322 0.214899 -0.205772 -0.170679 1.273 4.085 3.21143e-322 0 1.97626e-323 5.60423e-317 
 0.44 4.208 -2.49963 9.57005e-321 1.55716e+142 0.249 4.086 3.21143e-322 0.198414 -0.0866739 -0.0784685 1.249 4.086 3.21143e-322 0 1.97626e-323 5.60423e-317 
 0.408 4.165 -2.50932 9.57005e-321 1.55716e+142 0.236 4.079 3.21143e-322 0.166907 -0.178091 -0.189751 1.236 4.079 3.21143e-322 0 1.97626e-323 5.60423e-317 
 0.423 4.145 -2.51876 9.57005e-321 1.55716e+142 0.231 4.059 3.21143e-322 0.181821 -0.226003 -0.220114 1.231 4.059 3.21143e-322 0 1.97626e-323 5.60423e-317 
 0.382 4.159 -2.53632 9.57005e-321 1.55716e+142 0.209 4.057 3.21143e-322 0.17582 -0.0790355 -0.0807386 1.209 4.057 3.21143e-322 0 1.97626e-323 5.60423e-317 
 0.355 4.109 -2.55599 9.57005e-321 1.55716e+142 0.187 4.033 3.21143e-322 0.16018 -0.164986 -0.183319 1.187 4.033 3.21143e-322 0 1.97626e-323 5.60423e-317 
 0.37 4.102 -2.56173 9.57005e-321 1.55716e+142 0.179 4 3.21143e-322 0.189384 -0.102276 -0.0969037 1.179 4 3.21143e-322 0 1.97626e-323 5.60423e-317 
 0.393 4.158 -2.57886 9.57005e-321 1.55716e+142 0.162 3.965 3.21143e-322 0.262483 0.185143 0.126288 1.162 3.965 3.21143e-322 0 1.97626e-323 5.60423e-317 
 0.322 4.101 -2.58701 9.57005e-321 1.55716e+142 0.144 3.955 3.21143e-322 0.200683 0.157412 0.140261 1.144 3.955 3.21143e-322 0 1.97626e-323 5.60423e-317 
 0.32 4.077 -2.58278 9.57005e-321 1.55716e+142 0.116 3.954 3.21143e-322 0.208929 -0.0197402 -0.0170053 1.116 3.954 3.21143e-322 0 1.97626e-323 5.60423e-317 
 0.3 4.067 -2.57973 9.57005e-321 1.55716e+142 0.102 3.926 3.21143e-322 0.212971 0.0701111 0.0591877 1.102 3.926 3.21143e-322 0 1.97626e-323 5.60423e-317 
 0.296 4.032 -2.57916 9.57005e-321 1.55716e+142 0.086 3.901 3.21143e-322 0.217102 -0.00583673 -0.00483922 1.086 3.901 3.21143e-322 0 1.97626e-323 5.60423e-317 
 0.293 4.025 -2.57947 9.57005e-321 1.55716e+142 0.054 3.885 3.21143e-322 0.242873 -0.0428236 -0.0317271 1.054 3.885 3.21143e-322 0 1.97626e-323 5.60423e-317 
 0.307 4.03 -2.57958 9.57005e-321 1.55716e+142 0.045 3.859 3.21143e-322 0.274407 0.0230443 0.015115 1.045 3.859 3.21143e-322 0 1.97626e-323 5.60423e-317 
 0.294 4.031 -2.57975 9.57005e-321 1.55716e+142 0.021 3.861 3.21143e-322 0.282093 -0.00704234 -0.0044936 1.021 3.861 3.21143e-322 0 1.97626e-323 5.60423e-317 
 0.289 4.027 -2.57977 9.57005e-321 1.55716e+142 0.00300002 3.865 3.21143e-322 0.288113 -0.0675946 -0.0422049 1.003 3.865 3.21143e-322 0 1.97626e-323 5.60423e-317 
 0.297 4.033 -2.57974 9.57005e-321 1.55716e+142 0.00100005 3.854 3.21143e-322 0.303388 -0.0268085 -0.0159041 1.001 3.854 3.21143e-322 0 1.97626e-323 5.60423e-317 
 0.297 4.04 -2.57974 9.57005e-321 1.55716e+142 -0.009 3.845 3.21143e-322 0.318272 0.0084183 0.00476096 0.991 3.845 3.21143e-322 0 1.97626e-323 5.60423e-317 
 0.284 4.03 -2.57974 9.57005e-321 1.55716e+142 -0.00199997 3.844 3.21143e-322 0.299231 0.021887 0.0131652 0.998 3.844 3.21143e-322 0 1.97626e-323 5.60423e-317 
 0.284 4.043 -2.57973 9.57005e-321 1.55716e+142 0.00800002 3.841 3.21143e-322 0.299536 0.103784 0.0622863 1.008 3.841 3.21143e-322 0 1.97626e-323 5.60423e-317 
 0.295 4.044 -2.57976 9.57005e-321 1.55716e+142 0.00699997 3.84 3.21143e-322 0.309282 0.0820476 0.047715 1.007 3.84 3.21143e-322 0 1.97626e-323 5.60423e-317 
 0.295 4.037 -2.57971 9.57005e-321 1.55716e+142 0.012 3.843 3.21143e-322 0.300813 0.0580577 0.0347265 1.012 3.843 3.21143e-322 0 1.97626e-323 5.60423e-317 
 0.288 4.027 -2.57971 9.57005e-321 1.55716e+142 0.013 3.84 3.21143e-322 0.291585 0.0516595 0.0318794 1.013 3.84 3.21143e-322 0 1.97626e-323 5.60423e-317 
 0.291 4.025 -2.57965 9.57005e-321 1.55716e+142 0.00999999 3.846 3.21143e-322 0.292238 0.00769262 0.00473813 1.01 3.846 3.21143e-322 0 1.97626e-323 5.60423e-317 
 0.293 4.029 -2.57964 9.57005e-321 1.55716e+142 0.00699997 3.852 3.21143e-322 0.295016 -0.0114405 -0.00698014 1.007 3.852 3.21143e-322 0 1.97626e-323 5.60423e-317 
 0.305 4.022 -2.57959 9.57005e-321 1.55716e+142 0.02 3.845 3.21143e-322 0.294272 -0.00918034 -0.00561535 1.02 3.845 3.21143e-322 0 1.97626e-323 5.60423e-317 
 0.318 4.039 -2.57958 9.57005e-321 1.55716e+142 0.021 3.845 3.21143e-322 0.311139 0.025087 0.0145123 1.021 3.845 3.21143e-322 0 1.97626e-323 5.60423e-317 
 0.303 4.033 -2.57965 9.57005e-321 1.55716e+142 0.023 3.844 3.21143e-322 0.296221 0.0469291 0.0285089 1.023 3.844 3.21143e-322 0 1.97626e-323 5.60423e-317 
 0.3 4.04 -2.57974 9.57005e-321 1.55716e+142 0.026 3.844 3.21143e-322 0.295168 0.0870378 0.0530279 1.026 3.844 3.21143e-322 0 1.97626e-323 5.60423e-317 
 0.302 4.032 -2.57976 9.57005e-321 1.55716e+142 0.027 3.847 3.21143e-322 0.290633 0.0443578 0.0274655 1.027 3.847 3.21143e-322 0 1.97626e-323 5.60423e-317 
 0.291 4.022 -2.57973 9.57005e-321 1.55716e+142 0.03 3.85 3.21143e-322 0.274139 0.0295329 0.0193889 1.03 3.85 3.21143e-322 0 1.97626e-323 5.60423e-317 
 0.29 4.031 -2.57966 9.57005e-321 1.55716e+142 0.0319999 3.848 3.21143e-322 0.277179 0.0785089 0.0509396 1.032 3.848 3.21143e-322 0 1.97626e-323 5.60423e-317 
 0.313 4.033 -2.57965 9.57005e-321 1.55716e+142 0.036 3.85 3.21143e-322 0.291161 0.0320077 0.019785 1.036 3.85 3.21143e-322 0 1.97626e-323 5.60423e-317 
 0.307 4.028 -2.57959 9.57005e-321 1.55716e+142 0.0369999 3.853 3.21143e-322 0.282211 0.0188123 0.0119983 1.037 3.853 3.21143e-322 0 1.97626e-323 5.60423e-317 
 0.296 4.035 -2.57961 9.57005e-321 1.55716e+142 0.035 3.849 3.21143e-322 0.280823 0.08215 0.0526074 1.035 3.849 3.21143e-322 0 1.97626e-323 5.60423e-317 
 0.305 4.043 -2.57963 9.57005e-321 1.55716e+142 0.0369999 3.848 3.21143e-322 0.290296 0.0979742 0.060675 1.037 3.848 3.21143e-322 0 1.97626e-323 5.60423e-317 
 0.31 4.03 -2.57963 9.57005e-321 1.55716e+142 0.038 3.854 3.21143e-322 0.284161 0.0178404 0.0113004 1.038 3.854 3.21143e-322 0 1.97626e-323 5.60423e-317 
 0.303 4.048 -2.57967 9.57005e-321 1.55716e+142 0.036 3.857 3.21143e-322 0.287629 0.0858447 0.0536705 1.036 3.857 3.21143e-322 0 1.97626e-323 5.60423e-317 
 0.296 4.051 -2.5797 9.57005e-321 1.55716e+142 0.034 3.856 3.21143e-322 0.285915 0.113018 0.0710319 1.034 3.856 3.21143e-322 0 1.97626e-323 5.60423e-317 
 0.297 4.048 -2.57977 9.57005e-321 1.55716e+142 0.031 3.857 3.21143e-322 0.286896 0.0884643 0.0554461 1.031 3.857 3.21143e-322 0 1.97626e-323 5.60423e-317 
 0.303 4.032 -2.57983 9.57005e-321 1.55716e+142 0.035 3.853 3.21143e-322 0.282622 0.0390526 0.0248672 1.035 3.853 3.21143e-322 0 1.97626e-323 5.60423e-317 
 0.312 4.046 -2.57983 9.57005e-321 1.55716e+142 0.0369999 3.85 3.21143e-322 0.295899 0.0847392 0.0515026 1.037 3.85 3.21143e-322 0 1.97626e-323 5.60423e-317 
 0.294 4.025 -2.57985 9.57005e-321 1.55716e+142 0.0319999 3.853 3.21143e-322 0.274878 0.0272425 0.0178375 1.032 3.853 3.21143e-322 0 1.97626e-323 5.60423e-317 
 0.305 4.035 -2.57986 9.57005e-321 1.55716e+142 0.027 3.853 3.21143e-322 0.291427 0.0262219 0.0161946 1.027 3.853 3.21143e-322 0 1.97626e-323 5.60423e-317 
 0.325 4.04 -2.5799 9.57005e-321 1.55716e+142 0.03 3.858 3.21143e-322 0.304035 -0.0133032 -0.00787583 1.03 3.858 3.21143e-322 0 1.97626e-323 5.60423e-317 
 0.309 4.021 -2.57987 9.57005e-321 1.55716e+142 0.028 3.862 3.21143e-322 0.283 -0.0674948 -0.0429032 1.028 3.862 3.21143e-322 0 1.97626e-323 5.60423e-317 
 0.297 4.041 -2.57988 9.57005e-321 1.55716e+142 0.026 3.867 3.21143e-322 0.28248 0.0130554 0.00831891 1.026 3.867 3.21143e-322 0 1.97626e-323 5.60423e-317 
 0.31 4.031 -2.57982 9.57005e-321 1.55716e+142 0.028 3.868 3.21143e-322 0.285573 -0.0545805 -0.0343891 1.028 3.868 3.21143e-322 0 1.97626e-323 5.60423e-317 
 0.322 4.04 -2.57983 9.57005e-321 1.55716e+142 0.027 3.863 3.21143e-322 0.301719 -0.031772 -0.0189523 1.027 3.863 3.21143e-322 0 1.97626e-323 5.60423e-317 
 0.308 4.044 -2.57979 9.57005e-321 1.55716e+142 0.025 3.86 3.21143e-322 0.296069 0.0216787 0.0131792 1.025 3.86 3.21143e-322 0 1.97626e-323 5.60423e-317 
