 1.911 1.433 0.492684 9.57005e-321 1.55716e+142 2.362 2.815 3.21143e-322 0 0 0 3.362 2.815 3.21143e-322 0 1.97626e-323 1.67588e-316 
 1.893 1.431 0.492685 9.57005e-321 1.55716e+142 2.346 2.836 3.21143e-322 1.08069 1.54061 0.251185 3.346 2.836 3.21143e-322 0 1.97626e-323 1.67588e-316 
 1.905 1.46 0.492538 9.57005e-321 1.55716e+142 2.338 2.862 3.21143e-322 1.06664 1.56077 0.257536 3.338 2.862 3.21143e-322 0 1.97626e-323 1.67588e-316 
 1.891 1.434 0.496743 9.57005e-321 1.55716e+142 2.343 2.877 3.21143e-322 1.10419 1.55012 0.247511 3.343 2.877 3.21143e-322 0 1.97626e-323 1.67588e-316 
 1.915 1.438 0.530373 9.57005e-321 1.55716e+142 2.34 2.886 3.21143e-322 1.11154 1.52385 0.241935 3.34 2.886 3.21143e-322 0 1.97626e-323 1.67588e-316 
 1.986 1.466 0.616878 9.57005e-321 1.55716e+142 2.319 2.914 3.21143e-322 1.11023 1.47613 0.234904 3.319 2.914 3.21143e-322 0 1.97626e-323 1.67588e-316 
 2.057 1.545 0.735541 9.57005e-321 1.55716e+142 2.286 2.946 3.21143e-322 1.08916 1.37505 0.223453 3.286 2.946 3.21143e-322 0 1.97626e-323 1.67588e-316 
 2.099 1.594 0.855034 9.57005e-321 1.55716e+142 2.253 2.959 3.21143e-322 1.08507 1.24328 0.203393 3.253 2.959 3.21143e-322 0 1.97626e-323 1.67588e-316 
 2.154 1.635 0.971666 9.57005e-321 1.55716e+142 2.229 2.978 3.21143e-322 1.08556 1.12683 0.184713 3.229 2.978 3.21143e-322 0 1.97626e-323 1.67588e-316 
 2.19 1.69 1.08385 9.57005e-321 1.55716e+142 2.214 3.004 3.21143e-322 1.08488 0.978428 0.160934 3.214 3.004 3.21143e-322 0 1.97626e-323 1.67588e-316 
 2.265 1.777 1.19222 9.57005e-321 1.55716e+142 2.19 3.035 3.21143e-322 1.04867 0.91342 0.155518 3.19 3.035 3.21143e-322 0 1.97626e-323 1.67588e-316 
 2.286 1.848 1.29392 9.57005e-321 1.55716e+142 2.174 3.051 3.21143e-322 1.02125 0.771679 0.135182 3.174 3.051 3.21143e-322 0 1.97626e-323 1.67588e-316 
 2.35 1.921 1.39073 9.57005e-321 1.55716e+142 2.165 3.057 3.21143e-322 0.978267 0.710037 0.12991 3.165 3.057 3.21143e-322 0 1.97626e-323 1.67588e-316 
 2.375 2.04 1.47649 9.57005e-321 1.55716e+142 2.155 3.074 3.21143e-322 0.904453 0.626188 0.123982 3.155 3.074 3.21143e-322 0 1.97626e-323 1.67588e-316 
 2.414 2.118 1.55549 9.57005e-321 1.55716e+142 2.15 3.078 3.21143e-322 0.854547 0.579827 0.121532 3.15 3.078 3.21143e-322 0 1.97626e-323 1.67588e-316 
 2.435 2.234 1.62615 9.57005e-321 1.55716e+142 2.119 3.083 3.21143e-322 0.775207 0.605023 0.139571 3.119 3.083 3.21143e-322 0 1.97626e-323 1.67588e-316 
 2.437 2.314 1.69193 9.57005e-321 1.55716e+142 2.097 3.104 3.21143e-322 0.737777 0.56858 0.13784 3.097 3.104 3.21143e-322 0 1.97626e-323 1.67588e-316 
 2.427 2.4 1.75819 9.57005e-321 1.55716e+142 2.083 3.114 3.21143e-322 0.682202 0.513521 0.134673 3.083 3.114 3.21143e-322 0 1.97626e-323 1.67588e-316 
 2.422 2.484 1.82159 9.57005e-321 1.55716e+142 2.069 3.131 3.21143e-322 0.635484 0.480764 0.135343 3.069 3.131 3.21143e-322 0 1.97626e-323 1.67588e-316 
 2.421 2.572 1.8776 9.57005e-321 1.55716e+142 2.054 3.154 3.21143e-322 0.592544 0.486432 0.146704 3.054 3.154 3.21143e-322 0 1.97626e-323 1.67588e-316 
 2.396 2.654 1.93068 9.57005e-321 1.55716e+142 2.035 3.17 3.21143e-322 0.542603 0.465792 0.153307 3.035 3.17 3.21143e-322 0 1.97626e-323 1.67588e-316 
 2.384 2.699 1.98204 9.57005e-321 1.55716e+142 2.034 3.193 3.21143e-322 0.524711 0.3778 0.128885 3.034 3.193 3.21143e-322 0 1.97626e-323 1.67588e-316 
 2.354 2.763 2.03078 9.57005e-321 1.55716e+142 2.021 3.211 3.21143e-322 0.485109 0.322358 0.119046 3.021 3.211 3.21143e-322 0 1.97626e-323 1.67588e-316 
 2.324 2.799 2.06945 9.57005e-321 1.55716e+142 2.004 3.225 3.21143e-322 0.464473 0.258234 0.0997431 3.004 3.225 3.21143e-322 0 1.97626e-323 1.67588e-316 
 2.319 2.835 2.10178 9.57005e-321 1.55716e+142 1.997 3.231 3.21143e-322 0.444676 0.265198 0.10694 2.997 3.231 3.21143e-322 0 1.97626e-323 1.67588e-316 
 2.263 2.89 2.12732 9.57005e-321 1.55716e+142 1.986 3.247 3.21143e-322 0.395079 0.173008 0.0786607 2.986 3.247 3.21143e-322 0 1.97626e-323 1.67588e-316 
 2.255 2.931 2.15391 9.57005e-321 1.55716e+142 1.967 3.256 3.21143e-322 0.378572 0.233891 0.110753 2.967 3.256 3.21143e-322 0 1.97626e-323 1.67588e-316 
 2.222 2.977 2.17285 9.57005e-321 1.55716e+142 1.872 3.208 3.21143e-322 0.351118 0.620258 0.307864 2.872 3.208 3.21143e-322 0 1.97626e-323 1.67588e-316 
 2.191 3.022 2.19864 9.57005e-321 1.55716e+142 1.882 3.231 3.21143e-322 0.314743 0.533917 0.296353 2.882 3.231 3.21143e-322 0 1.97626e-323 1.67588e-316 
 2.148 3.029 2.26077 9.57005e-321 1.55716e+142 1.877 3.257 3.21143e-322 0.307396 0.273138 0.158597 2.877 3.257 3.21143e-322 0 1.97626e-323 1.67588e-316 
 2.143 3.05 2.31379 9.57005e-321 1.55716e+142 1.873 3.279 3.21143e-322 0.309015 0.187504 0.108789 2.873 3.279 3.21143e-322 0 1.97626e-323 1.67588e-316 
 2.128 3.059 2.33815 9.57005e-321 1.55716e+142 1.856 3.278 3.21143e-322 0.304765 0.188061 0.110619 2.856 3.278 3.21143e-322 0 1.97626e-323 1.67588e-316 
 2.109 3.099 2.3561 9.57005e-321 1.55716e+142 1.854 3.295 3.21143e-322 0.280554 0.187183 0.119521 2.854 3.295 3.21143e-322 0 1.97626e-323 1.67588e-316 
 2.076 3.095 2.37488 9.57005e-321 1.55716e+142 1.844 3.312 3.21143e-322 0.278623 0.0210383 0.0135906 2.844 3.312 3.21143e-322 0 1.97626e-323 1.67588e-316 
 2.069 3.123 2.38913 9.57005e-321 1.55716e+142 1.796 3.311 3.21143e-322 0.288652 0.218026 0.135129 2.796 3.311 3.21143e-322 0 1.97626e-323 1.67588e-316 
 2.064 3.134 2.39324 9.57005e-321 1.55716e+142 1.781 3.329 3.21143e-322 0.299426 0.215435 0.128792 2.781 3.329 3.21143e-322 0 1.97626e-323 1.67588e-316 
 2.032 3.17 2.41597 9.57005e-321 1.55716e+142 1.767 3.344 3.21143e-322 0.276172 0.206376 0.133706 2.767 3.344 3.21143e-322 0 1.97626e-323 1.67588e-316 
 2.029 3.217 2.43794 9.57005e-321 1.55716e+142 1.754 3.347 3.21143e-322 0.26076 0.364735 0.246646 2.754 3.347 3.21143e-322 0 1.97626e-323 1.67588e-316 
 1.971 3.214 2.46231 9.57005e-321 1.55716e+142 1.735 3.344 3.21143e-322 0.23385 0.229471 0.174826 2.735 3.344 3.21143e-322 0 1.97626e-323 1.67588e-316 
 1.956 3.209 2.4986 9.57005e-321 1.55716e+142 1.724 3.354 3.21143e-322 0.239396 0.111321 0.0835068 2.724 3.354 3.21143e-322 0 1.97626e-323 1.67588e-316 
 1.927 3.217 2.51569 9.57005e-321 1.55716e+142 1.718 3.373 3.21143e-322 0.228743 -0.019637 -0.0154513 2.718 3.373 3.21143e-322 0 1.97626e-323 1.67588e-316 
 1.9 3.226 2.52597 9.57005e-321 1.55716e+142 1.695 3.383 3.21143e-322 0.22638 -0.0484378 -0.0384951 2.695 3.383 3.21143e-322 0 1.97626e-323 1.67588e-316 
 1.902 3.283 2.5255 9.57005e-321 1.55716e+142 1.656 3.375 3.21143e-322 0.225115 0.331258 0.258925 2.656 3.375 3.21143e-322 0 1.97626e-323 1.67588e-316 
 1.887 3.279 2.52504 9.57005e-321 1.55716e+142 1.609 3.374 3.21143e-322 0.25061 0.392046 0.274478 2.609 3.374 3.21143e-322 0 1.97626e-323 1.67588e-316 
 1.887 3.293 2.5531 9.57005e-321 1.55716e+142 1.58 3.387 3.21143e-322 0.273835 0.416599 0.26729 2.58 3.387 3.21143e-322 0 1.97626e-323 1.67588e-316 
 1.894 3.329 2.59276 9.57005e-321 1.55716e+142 1.563 3.398 3.21143e-322 0.28533 0.50258 0.307026 2.563 3.398 3.21143e-322 0 1.97626e-323 1.67588e-316 
 1.842 3.308 2.63568 9.57005e-321 1.55716e+142 1.557 3.408 3.21143e-322 0.262443 0.23426 0.159309 2.557 3.408 3.21143e-322 0 1.97626e-323 1.67588e-316 
 1.81 3.325 2.68611 9.57005e-321 1.55716e+142 1.52 3.389 3.21143e-322 0.255581 0.327701 0.226821 2.52 3.389 3.21143e-322 0 1.97626e-323 1.67588e-316 
 1.803 3.304 2.709 9.57005e-321 1.55716e+142 1.476 3.361 3.21143e-322 0.284792 0.378515 0.234824 2.476 3.361 3.21143e-322 0 1.97626e-323 1.67588e-316 
 1.742 3.355 2.74347 9.57005e-321 1.55716e+142 1.425 3.332 3.21143e-322 0.258629 0.662755 0.43218 2.425 3.332 3.21143e-322 0 1.97626e-323 1.67588e-316 
 1.723 3.383 2.78189 9.57005e-321 1.55716e+142 1.422 3.352 3.21143e-322 0.246673 0.634952 0.433884 2.422 3.352 3.21143e-322 0 1.97626e-323 1.67588e-316 
 1.684 3.348 2.84703 9.57005e-321 1.55716e+142 1.362 3.314 3.21143e-322 0.269255 0.570973 0.364633 2.362 3.314 3.21143e-322 0 1.97626e-323 1.67588e-316 
 1.669 3.391 2.91222 9.57005e-321 1.55716e+142 1.37 3.348 3.21143e-322 0.252828 0.513543 0.350518 2.37 3.348 3.21143e-322 0 1.97626e-323 1.67588e-316 
 1.633 3.408 2.97185 9.57005e-321 1.55716e+142 1.338 3.362 3.21143e-322 0.252743 0.445905 0.307494 2.338 3.362 3.21143e-322 0 1.97626e-323 1.67588e-316 
 1.571 3.397 3.02712 9.57005e-321 1.55716e+142 1.329 3.366 3.21143e-322 0.209639 0.297169 0.249825 2.329 3.366 3.21143e-322 0 1.97626e-323 1.67588e-316 
 1.585 3.389 3.07257 9.57005e-321 1.55716e+142 1.328 3.399 3.21143e-322 0.225528 0.0383673 0.0306124 2.328 3.399 3.21143e-322 0 1.97626e-323 1.67588e-316 
 1.553 3.405 3.09679 9.57005e-321 1.55716e+142 1.335 3.417 3.21143e-322 0.191501 -0.0117305 -0.0110255 2.335 3.417 3.21143e-322 0 1.97626e-323 1.67588e-316 
 1.557 3.42 3.09903 9.57005e-321 1.55716e+142 1.343 3.45 3.21143e-322 0.188909 -0.110544 -0.104944 2.343 3.45 3.21143e-322 0 1.97626e-323 1.67588e-316 
 1.532 3.427 3.09816 9.57005e-321 1.55716e+142 1.294 3.433 3.21143e-322 0.208804 0.022158 0.019099 2.294 3.433 3.21143e-322 0 1.97626e-323 1.67588e-316 
 1.499 3.455 3.09783 9.57005e-321 1.55716e+142 1.237 3.388 3.21143e-322 0.230234 0.383173 0.291063 2.237 3.388 3.21143e-322 0 1.97626e-323 1.67588e-316 
 1.489 3.465 3.10118 9.57005e-321 1.55716e+142 1.22 3.37 3.21143e-322 0.238125 0.507887 0.366563 2.22 3.37 3.21143e-322 0 1.97626e-323 1.67588e-316 
 1.462 3.424 3.13238 9.57005e-321 1.55716e+142 1.214 3.36 3.21143e-322 0.219356 0.330857 0.265106 2.214 3.36 3.21143e-322 0 1.97626e-323 1.67588e-316 
 1.442 3.404 -3.0974 9.57005e-321 1.55716e+142 1.192 3.361 3.21143e-322 0.221284 0.159157 0.128748 2.192 3.361 3.21143e-322 0 1.97626e-323 1.67588e-316 
 1.413 3.41 -3.069 9.57005e-321 1.55716e+142 1.168 3.351 3.21143e-322 0.218994 0.205605 0.167413 2.168 3.351 3.21143e-322 0 1.97626e-323 1.67588e-316 
 1.39 3.418 -3.05523 9.57005e-321 1.55716e+142 1.144 3.35 3.21143e-322 0.221275 0.231842 0.186406 2.144 3.35 3.21143e-322 0 1.97626e-323 1.67588e-316 
 1.343 3.407 -3.03304 9.57005e-321 1.55716e+142 1.125 3.352 3.21143e-322 0.195863 0.162332 0.148093 2.125 3.352 3.21143e-322 0 1.97626e-323 1.67588e-316 
 1.352 3.415 -3.00947 9.57005e-321 1.55716e+142 1.106 3.348 3.21143e-322 0.222257 0.169286 0.13625 2.106 3.348 3.21143e-322 0 1.97626e-323 1.67588e-316 
 1.353 3.447 -2.99388 9.57005e-321 1.55716e+142 1.088 3.351 3.21143e-322 0.243904 0.267418 0.194849 2.088 3.351 3.21143e-322 0 1.97626e-323 1.67588e-316 
 1.341 3.466 -2.97662 9.57005e-321 1.55716e+142 1.069 3.352 3.21143e-322 0.254062 0.317822 0.221479 2.069 3.352 3.21143e-322 0 1.97626e-323 1.67588e-316 
 1.331 3.478 -2.94826 9.57005e-321 1.55716e+142 1.054 3.345 3.21143e-322 0.263785 0.355938 0.238269 2.054 3.345 3.21143e-322 0 1.97626e-323 1.67588e-316 
 1.266 3.504 -2.91501 9.57005e-321 1.55716e+142 1.042 3.337 3.21143e-322 0.23092 0.546046 0.402412 2.042 3.337 3.21143e-322 0 1.97626e-323 1.67588e-316 
 1.251 3.497 -2.87712 9.57005e-321 1.55716e+142 1.026 3.341 3.21143e-322 0.230652 0.447383 0.335905 2.026 3.341 3.21143e-322 0 1.97626e-323 1.67588e-316 
 1.208 3.43 -2.82175 9.57005e-321 1.55716e+142 1.008 3.335 3.21143e-322 0.193155 0.143439 0.132882 2.008 3.335 3.21143e-322 0 1.97626e-323 1.67588e-316 
 1.192 3.395 -2.78075 9.57005e-321 1.55716e+142 0.985 3.329 3.21143e-322 0.19039 -0.0598882 -0.0565596 1.985 3.329 3.21143e-322 0 1.97626e-323 1.67588e-316 
 1.197 3.405 -2.77124 9.57005e-321 1.55716e+142 0.965 3.314 3.21143e-322 0.218593 0.0043123 0.00355094 1.965 3.314 3.21143e-322 0 1.97626e-323 1.67588e-316 
 1.16 3.401 -2.7722 9.57005e-321 1.55716e+142 0.939 3.304 3.21143e-322 0.211556 0.0541852 0.0460702 1.939 3.304 3.21143e-322 0 1.97626e-323 1.67588e-316 
 1.133 3.395 -2.77116 9.57005e-321 1.55716e+142 0.921 3.306 3.21143e-322 0.201626 0.0321629 0.0287053 1.921 3.306 3.21143e-322 0 1.97626e-323 1.67588e-316 
 1.12 3.369 -2.76787 9.57005e-321 1.55716e+142 0.909 3.279 3.21143e-322 0.20115 0.0349907 0.0313013 1.909 3.279 3.21143e-322 0 1.97626e-323 1.67588e-316 
 1.142 3.403 -2.76512 9.57005e-321 1.55716e+142 0.893 3.25 3.21143e-322 0.253743 0.238384 0.16752 1.893 3.25 3.21143e-322 0 1.97626e-323 1.67588e-316 
 1.132 3.409 -2.75779 9.57005e-321 1.55716e+142 0.874 3.215 3.21143e-322 0.276871 0.374552 0.238856 1.874 3.215 3.21143e-322 0 1.97626e-323 1.67588e-316 
 1.097 3.412 -2.73433 9.57005e-321 1.55716e+142 0.85 3.195 3.21143e-322 0.279206 0.453332 0.284338 1.85 3.195 3.21143e-322 0 1.97626e-323 1.67588e-316 
 1.046 3.388 -2.69476 9.57005e-321 1.55716e+142 0.833 3.193 3.21143e-322 0.245957 0.398012 0.283437 1.833 3.193 3.21143e-322 0 1.97626e-323 1.67588e-316 
 0.987 3.333 -2.65335 9.57005e-321 1.55716e+142 0.818 3.186 3.21143e-322 0.192844 0.265354 0.242794 1.818 3.186 3.21143e-322 0 1.97626e-323 1.67588e-316 
 0.974 3.322 -2.61346 9.57005e-321 1.55716e+142 0.791 3.17 3.21143e-322 0.206674 0.200085 0.172529 1.791 3.17 3.21143e-322 0 1.97626e-323 1.67588e-316 
 0.952 3.318 -2.58819 9.57005e-321 1.55716e+142 0.768 3.177 3.21143e-322 0.202609 0.120039 0.106242 1.768 3.177 3.21143e-322 0 1.97626e-323 1.67588e-316 
 0.927 3.331 -2.56953 9.57005e-321 1.55716e+142 0.74 3.168 3.21143e-322 0.216007 0.180302 0.149132 1.74 3.168 3.21143e-322 0 1.97626e-323 1.67588e-316 
 0.956 3.31 -2.55785 9.57005e-321 1.55716e+142 0.716 3.162 3.21143e-322 0.247245 -0.0418229 -0.0304387 1.716 3.162 3.21143e-322 0 1.97626e-323 1.67588e-316 
 0.939 3.313 -2.54234 9.57005e-321 1.55716e+142 0.699 3.144 3.21143e-322 0.257454 0.0195794 0.0136882 1.699 3.144 3.21143e-322 0 1.97626e-323 1.67588e-316 
 0.917 3.327 -2.54357 9.57005e-321 1.55716e+142 0.705 3.127 3.21143e-322 0.25351 0.215939 0.152139 1.705 3.127 3.21143e-322 0 1.97626e-323 1.67588e-316 
 0.918 3.327 -2.54006 9.57005e-321 1.55716e+142 0.699 3.119 3.21143e-322 0.262739 0.219921 0.149541 1.699 3.119 3.21143e-322 0 1.97626e-323 1.67588e-316 
 0.917 3.307 -2.51895 9.57005e-321 1.55716e+142 0.693 3.111 3.21143e-322 0.260277 0.132897 0.0916507 1.693 3.111 3.21143e-322 0 1.97626e-323 1.67588e-316 
 0.885 3.29 -2.49644 9.57005e-321 1.55716e+142 0.681 3.087 3.21143e-322 0.250833 0.186799 0.133254 1.681 3.087 3.21143e-322 0 1.97626e-323 1.67588e-316 
 0.803 3.216 -2.48213 9.57005e-321 1.55716e+142 0.673 3.059 3.21143e-322 0.175651 0.240954 0.242077 1.673 3.059 3.21143e-322 0 1.97626e-323 1.67588e-316 
 0.752 3.201 -2.46279 9.57005e-321 1.55716e+142 0.67 3.048 3.21143e-322 0.143095 0.388791 0.454859 1.67 3.048 3.21143e-322 0 1.97626e-323 1.67588e-316 
 0.757 3.189 -2.43631 9.57005e-321 1.55716e+142 0.646 3.051 3.21143e-322 0.153277 0.187529 0.216764 1.646 3.051 3.21143e-322 0 1.97626e-323 1.67588e-316 
 0.744 3.19 -2.3975 9.57005e-321 1.55716e+142 0.612 3.048 3.21143e-322 0.169679 0.0827574 0.0875665 1.612 3.048 3.21143e-322 0 1.97626e-323 1.67588e-316 
 0.728 3.169 -2.37942 9.57005e-321 1.55716e+142 0.603 3.042 3.21143e-322 0.156248 0.0312934 0.0360349 1.603 3.042 3.21143e-322 0 1.97626e-323 1.67588e-316 
 0.737 3.135 -2.37336 9.57005e-321 1.55716e+142 0.599 3.034 3.21143e-322 0.148945 -0.132853 -0.159195 1.599 3.034 3.21143e-322 0 1.97626e-323 1.67588e-316 
 0.73 3.169 -2.37039 9.57005e-321 1.55716e+142 0.59 3.022 3.21143e-322 0.177965 0.0423477 0.0428058 1.59 3.022 3.21143e-322 0 1.97626e-323 1.67588e-316 
 0.667 3.157 -2.37205 9.57005e-321 1.55716e+142 0.58 3.011 3.21143e-322 0.145142 0.25465 0.305894 1.58 3.011 3.21143e-322 0 1.97626e-323 1.67588e-316 
 0.688 3.174 -2.37004 9.57005e-321 1.55716e+142 0.564 2.992 3.21143e-322 0.190377 0.232174 0.216091 1.564 2.992 3.21143e-322 0 1.97626e-323 1.67588e-316 
 0.671 3.111 -2.35105 9.57005e-321 1.55716e+142 0.546 2.957 3.21143e-322 0.173361 0.106313 0.109939 1.546 2.957 3.21143e-322 0 1.97626e-323 1.67588e-316 
 0.651 3.131 -2.32952 9.57005e-321 1.55716e+142 0.536 2.92 3.21143e-322 0.205807 0.31592 0.26958 1.536 2.92 3.21143e-322 0 1.97626e-323 1.67588e-316 
 0.643 3.119 -2.31966 9.57005e-321 1.55716e+142 0.52 2.903 3.21143e-322 0.213983 0.287392 0.2372 1.52 2.903 3.21143e-322 0 1.97626e-323 1.67588e-316 
 0.631 3.118 -2.28825 9.57005e-321 1.55716e+142 0.522 2.88 3.21143e-322 0.223089 0.368279 0.288838 1.522 2.88 3.21143e-322 0 1.97626e-323 1.67588e-316 
 0.61 3.121 -2.2594 9.57005e-321 1.55716e+142 0.524 2.853 3.21143e-322 0.23501 0.501739 0.366895 1.524 2.853 3.21143e-322 0 1.97626e-323 1.67588e-316 
 0.575 3.128 -2.22175 9.57005e-321 1.55716e+142 0.52 2.838 3.21143e-322 0.240418 0.628089 0.439564 1.52 2.838 3.21143e-322 0 1.97626e-323 1.67588e-316 
 0.548 3.079 -2.16963 9.57005e-321 1.55716e+142 0.514 2.828 3.21143e-322 0.205669 0.576326 0.467159 1.514 2.828 3.21143e-322 0 1.97626e-323 1.67588e-316 
 0.556 3.01 -2.1052 9.57005e-321 1.55716e+142 0.51 2.812 3.21143e-322 0.172219 0.333828 0.335704 1.51 2.812 3.21143e-322 0 1.97626e-323 1.67588e-316 
 0.548 3.024 -2.05051 9.57005e-321 1.55716e+142 0.504 2.787 3.21143e-322 0.204954 0.360371 0.306521 1.504 2.787 3.21143e-322 0 1.97626e-323 1.67588e-316 
 0.51 3.027 -2.0198 9.57005e-321 1.55716e+142 0.501 2.761 3.21143e-322 0.219736 0.5325 0.411323 1.501 2.761 3.21143e-322 0 1.97626e-323 1.67588e-316 
 0.506 2.99 -1.981 9.57005e-321 1.55716e+142 0.474 2.765 3.21143e-322 0.194231 0.315849 0.284753 1.474 2.765 3.21143e-322 0 1.97626e-323 1.67588e-316 
 0.519 2.982 -1.92666 9.57005e-321 1.55716e+142 0.44 2.761 3.21143e-322 0.205852 0.0151288 0.0132281 1.44 2.761 3.21143e-322 0 1.97626e-323 1.67588e-316 
 0.508 2.958 -1.90111 9.57005e-321 1.55716e+142 0.445 2.734 3.21143e-322 0.203878 0.0672846 0.0593346 1.445 2.734 3.21143e-322 0 1.97626e-323 1.67588e-316 
 0.475 2.938 -1.90069 9.57005e-321 1.55716e+142 0.443 2.701 3.21143e-322 0.206955 0.237871 0.204011 1.443 2.701 3.21143e-322 0 1.97626e-323 1.67588e-316 
 0.491 2.916 -1.89496 9.57005e-321 1.55716e+142 0.44 2.682 3.21143e-322 0.209188 0.133572 0.114433 1.44 2.682 3.21143e-322 0 1.97626e-323 1.67588e-316 
 0.503 2.868 -1.87183 9.57005e-321 1.55716e+142 0.454 2.651 3.21143e-322 0.1947 0.0919553 0.0848087 1.454 2.651 3.21143e-322 0 1.97626e-323 1.67588e-316 
 0.459 2.89 -1.85982 9.57005e-321 1.55716e+142 0.478 2.613 3.21143e-322 0.233033 0.471331 0.349151 1.478 2.613 3.21143e-322 0 1.97626e-323 1.67588e-316 
 0.428 2.887 -1.85055 9.57005e-321 1.55716e+142 0.487 2.596 3.21143e-322 0.240546 0.651477 0.453597 1.487 2.596 3.21143e-322 0 1.97626e-323 1.67588e-316 
 0.442 2.819 -1.80329 9.57005e-321 1.55716e+142 0.482 2.574 3.21143e-322 0.206005 0.485957 0.401541 1.482 2.574 3.21143e-322 0 1.97626e-323 1.67588e-316 
 0.429 2.776 -1.73632 9.57005e-321 1.55716e+142 0.474 2.553 3.21143e-322 0.190149 0.426497 0.383721 1.474 2.553 3.21143e-322 0 1.97626e-323 1.67588e-316 
 0.377 2.814 -1.68511 9.57005e-321 1.55716e+142 0.468 2.534 3.21143e-322 0.24247 0.581225 0.407344 1.468 2.534 3.21143e-322 0 1.97626e-323 1.67588e-316 
 0.357 2.763 -1.64297 9.57005e-321 1.55716e+142 0.453 2.516 3.21143e-322 0.21689 0.565561 0.438841 1.453 2.516 3.21143e-322 0 1.97626e-323 1.67588e-316 
 0.366 2.744 -1.5858 9.57005e-321 1.55716e+142 0.443 2.504 3.21143e-322 0.212988 0.406309 0.330764 1.443 2.504 3.21143e-322 0 1.97626e-323 1.67588e-316 
 0.433 2.708 -1.52857 9.57005e-321 1.55716e+142 0.422 2.496 3.21143e-322 0.185611 -0.106283 -0.102707 1.422 2.496 3.21143e-322 0 1.97626e-323 1.67588e-316 
 0.468 2.694 -1.48974 9.57005e-321 1.55716e+142 0.396 2.484 3.21143e-322 0.182997 -0.472305 -0.434904 1.396 2.484 3.21143e-322 0 1.97626e-323 1.67588e-316 
 0.449 2.679 -1.49394 9.57005e-321 1.55716e+142 0.358 2.476 3.21143e-322 0.177922 -0.569208 -0.522477 1.358 2.476 3.21143e-322 0 1.97626e-323 1.67588e-316 
 0.428 2.633 -1.5049 9.57005e-321 1.55716e+142 0.345 2.454 3.21143e-322 0.157269 -0.527456 -0.523599 1.345 2.454 3.21143e-322 0 1.97626e-323 1.67588e-316 
 0.426 2.643 -1.55822 9.57005e-321 1.55716e+142 0.347 2.423 3.21143e-322 0.195823 -0.425304 -0.372671 1.347 2.423 3.21143e-322 0 1.97626e-323 1.67588e-316 
 0.412 2.599 -1.61338 9.57005e-321 1.55716e+142 0.363 2.392 3.21143e-322 0.184163 -0.214336 -0.206505 1.363 2.392 3.21143e-322 0 1.97626e-323 1.67588e-316 
 0.4 2.607 -1.65653 9.57005e-321 1.55716e+142 0.364 2.371 3.21143e-322 0.209086 -0.0799092 -0.0686849 1.364 2.371 3.21143e-322 0 1.97626e-323 1.67588e-316 
 0.437 2.602 -1.67726 9.57005e-321 1.55716e+142 0.395 2.318 3.21143e-322 0.251683 -0.0547108 -0.0391084 1.395 2.318 3.21143e-322 0 1.97626e-323 1.67588e-316 
 0.395 2.588 -1.68428 9.57005e-321 1.55716e+142 0.366 2.334 3.21143e-322 0.224244 -0.000244863 -0.000196551 1.366 2.334 3.21143e-322 0 1.97626e-323 1.67588e-316 
 0.401 2.549 -1.69036 9.57005e-321 1.55716e+142 0.352 2.34 3.21143e-322 0.187465 -0.125989 -0.120387 1.352 2.34 3.21143e-322 0 1.97626e-323 1.67588e-316 
 0.382 2.515 -1.69179 9.57005e-321 1.55716e+142 0.368 2.32 3.21143e-322 0.171331 0.0527939 0.0554082 1.368 2.32 3.21143e-322 0 1.97626e-323 1.67588e-316 
 0.44 2.495 -1.70261 9.57005e-321 1.55716e+142 0.372 2.299 3.21143e-322 0.179277 -0.224399 -0.221603 1.372 2.299 3.21143e-322 0 1.97626e-323 1.67588e-316 
 0.436 2.423 -1.70592 9.57005e-321 1.55716e+142 0.403 2.256 3.21143e-322 0.149113 -0.0582796 -0.0702358 1.403 2.256 3.21143e-322 0 1.97626e-323 1.67588e-316 
 0.435 2.43 -1.72838 9.57005e-321 1.55716e+142 0.414 2.238 3.21143e-322 0.16927 0.051637 0.0548553 1.414 2.238 3.21143e-322 0 1.97626e-323 1.67588e-316 
 0.46 2.422 -1.73287 9.57005e-321 1.55716e+142 0.42 2.244 3.21143e-322 0.159819 -0.0601851 -0.0676815 1.42 2.244 3.21143e-322 0 1.97626e-323 1.67588e-316 
 0.435 2.398 -1.73278 9.57005e-321 1.55716e+142 0.429 2.236 3.21143e-322 0.141344 0.117107 0.148043 1.429 2.236 3.21143e-322 0 1.97626e-323 1.67588e-316 
 0.45 2.366 -1.7352 9.57005e-321 1.55716e+142 0.437 2.213 3.21143e-322 0.134356 0.0717692 0.0958561 1.437 2.213 3.21143e-322 0 1.97626e-323 1.67588e-316 
 0.411 2.359 -1.73311 9.57005e-321 1.55716e+142 0.457 2.169 3.21143e-322 0.161422 0.422327 0.440124 1.457 2.169 3.21143e-322 0 1.97626e-323 1.67588e-316 
 0.375 2.384 -1.7302 9.57005e-321 1.55716e+142 0.468 2.122 3.21143e-322 0.223271 0.654278 0.485385 1.468 2.122 3.21143e-322 0 1.97626e-323 1.67588e-316 
 0.384 2.358 -1.7104 9.57005e-321 1.55716e+142 0.475 2.087 3.21143e-322 0.232702 0.617202 0.44542 1.475 2.087 3.21143e-322 0 1.97626e-323 1.67588e-316 
 0.362 2.334 -1.64915 9.57005e-321 1.55716e+142 0.485 2.056 3.21143e-322 0.245096 0.679812 0.463054 1.485 2.056 3.21143e-322 0 1.97626e-323 1.67588e-316 
 0.372 2.305 -1.58536 9.57005e-321 1.55716e+142 0.493 2.034 3.21143e-322 0.244009 0.591642 0.411521 1.493 2.034 3.21143e-322 0 1.97626e-323 1.67588e-316 
 0.353 2.281 -1.51939 9.57005e-321 1.55716e+142 0.511 2.008 3.21143e-322 0.256404 0.663803 0.43608 1.511 2.008 3.21143e-322 0 1.97626e-323 1.67588e-316 
 0.364 2.271 -1.45893 9.57005e-321 1.55716e+142 0.507 1.996 3.21143e-322 0.259803 0.514334 0.342318 1.507 1.996 3.21143e-322 0 1.97626e-323 1.67588e-316 
 0.322 2.202 -1.39328 9.57005e-321 1.55716e+142 0.521 1.969 3.21143e-322 0.243971 0.728254 0.493041 1.521 1.969 3.21143e-322 0 1.97626e-323 1.67588e-316 
 0.351 2.208 -1.34221 9.57005e-321 1.55716e+142 0.522 1.954 3.21143e-322 0.256856 0.505987 0.340755 1.522 1.954 3.21143e-322 0 1.97626e-323 1.67588e-316 
 0.382 2.184 -1.27621 9.57005e-321 1.55716e+142 0.519 1.926 3.21143e-322 0.253029 0.264198 0.185778 1.519 1.926 3.21143e-322 0 1.97626e-323 1.67588e-316 
 0.428 2.133 -1.22571 9.57005e-321 1.55716e+142 0.519 1.902 3.21143e-322 0.217709 0.0376395 0.0311101 1.519 1.902 3.21143e-322 0 1.97626e-323 1.67588e-316 
 0.42 2.128 -1.1996 9.57005e-321 1.55716e+142 0.524 1.882 3.21143e-322 0.234204 0.0374602 0.0287825 1.524 1.882 3.21143e-322 0 1.97626e-323 1.67588e-316 
 0.387 2.076 -1.19483 9.57005e-321 1.55716e+142 0.538 1.839 3.21143e-322 0.243455 0.255629 0.186798 1.538 1.839 3.21143e-322 0 1.97626e-323 1.67588e-316 
 0.424 2.043 -1.19009 9.57005e-321 1.55716e+142 0.548 1.816 3.21143e-322 0.225774 0.152231 0.120777 1.548 1.816 3.21143e-322 0 1.97626e-323 1.67588e-316 
 0.479 2.038 -1.16375 9.57005e-321 1.55716e+142 0.554 1.809 3.21143e-322 0.21076 -0.110833 -0.0943763 1.554 1.809 3.21143e-322 0 1.97626e-323 1.67588e-316 
 0.452 2.003 -1.15347 9.57005e-321 1.55716e+142 0.565 1.818 3.21143e-322 0.188978 0.149944 0.141861 1.565 1.818 3.21143e-322 0 1.97626e-323 1.67588e-316 
 0.447 1.997 -1.15556 9.57005e-321 1.55716e+142 0.579 1.815 3.21143e-322 0.194047 0.24813 0.226227 1.579 1.815 3.21143e-322 0 1.97626e-323 1.67588e-316 
 0.495 1.959 -1.14756 9.57005e-321 1.55716e+142 0.601 1.799 3.21143e-322 0.166719 0.170766 0.182322 1.601 1.799 3.21143e-322 0 1.97626e-323 1.67588e-316 
 0.512 1.956 -1.12318 9.57005e-321 1.55716e+142 0.62 1.784 3.21143e-322 0.177315 0.124049 0.125268 1.62 1.784 3.21143e-322 0 1.97626e-323 1.67588e-316 
 0.469 1.984 -1.10637 9.57005e-321 1.55716e+142 0.628 1.767 3.21143e-322 0.233702 0.21906 0.167148 1.628 1.767 3.21143e-322 0 1.97626e-323 1.67588e-316 
 0.485 1.986 -1.09472 9.57005e-321 1.55716e+142 0.622 1.772 3.21143e-322 0.22221 0.11799 0.0952876 1.622 1.772 3.21143e-322 0 1.97626e-323 1.67588e-316 
 0.548 1.953 -1.07582 9.57005e-321 1.55716e+142 0.636 1.778 3.21143e-322 0.171763 -0.0311329 -0.0326143 1.636 1.778 3.21143e-322 0 1.97626e-323 1.67588e-316 
 0.513 1.946 -1.06462 9.57005e-321 1.55716e+142 0.639 1.768 3.21143e-322 0.190464 0.126227 0.118731 1.639 1.768 3.21143e-322 0 1.97626e-323 1.67588e-316 
 0.543 1.897 -1.06477 9.57005e-321 1.55716e+142 0.634 1.745 3.21143e-322 0.155329 0.0334243 0.0387137 1.634 1.745 3.21143e-322 0 1.97626e-323 1.67588e-316 
 0.585 1.89 -1.05572 9.57005e-321 1.55716e+142 0.636 1.737 3.21143e-322 0.139435 -0.18014 -0.228487 1.636 1.737 3.21143e-322 0 1.97626e-323 1.67588e-316 
 0.587 1.843 -1.05333 9.57005e-321 1.55716e+142 0.644 1.712 3.21143e-322 0.124748 -0.091343 -0.131045 1.644 1.712 3.21143e-322 0 1.97626e-323 1.67588e-316 
 0.601 1.822 -1.0556 9.57005e-321 1.55716e+142 0.657 1.687 3.21143e-322 0.127452 -0.105858 -0.148404 1.657 1.687 3.21143e-322 0 1.97626e-323 1.67588e-316 
 0.603 1.826 -1.0584 9.57005e-321 1.55716e+142 0.681 1.674 3.21143e-322 0.149774 -0.0373082 -0.0448075 1.681 1.674 3.21143e-322 0 1.97626e-323 1.67588e-316 
 0.606 1.826 -1.06126 9.57005e-321 1.55716e+142 0.706 1.664 3.21143e-322 0.166874 0.0457186 0.0492748 1.706 1.664 3.21143e-322 0 1.97626e-323 1.67588e-316 
 0.607 1.795 -1.06116 9.57005e-321 1.55716e+142 0.722 1.657 3.21143e-322 0.155544 0.186389 0.212441 1.722 1.657 3.21143e-322 0 1.97626e-323 1.67588e-316 
 0.588 1.807 -1.06007 9.57005e-321 1.55716e+142 0.735 1.641 3.21143e-322 0.191311 0.248004 0.229239 1.735 1.641 3.21143e-322 0 1.97626e-323 1.67588e-316 
 0.591 1.737 -1.05792 9.57005e-321 1.55716e+142 0.756 1.626 3.21143e-322 0.160633 0.495269 0.50666 1.756 1.626 3.21143e-322 0 1.97626e-323 1.67588e-316 
 0.604 1.729 -1.03874 9.57005e-321 1.55716e+142 0.77 1.61 3.21143e-322 0.167862 0.452917 0.452116 1.77 1.61 3.21143e-322 0 1.97626e-323 1.67588e-316 
 0.619 1.717 -0.989852 9.57005e-321 1.55716e+142 0.781 1.599 3.21143e-322 0.167471 0.388044 0.395139 1.781 1.599 3.21143e-322 0 1.97626e-323 1.67588e-316 
 0.625 1.744 -0.945218 9.57005e-321 1.55716e+142 0.797 1.594 3.21143e-322 0.196492 0.268966 0.241579 1.797 1.594 3.21143e-322 0 1.97626e-323 1.67588e-316 
 0.644 1.723 -0.906876 9.57005e-321 1.55716e+142 0.814 1.589 3.21143e-322 0.185966 0.272825 0.258179 1.814 1.589 3.21143e-322 0 1.97626e-323 1.67588e-316 
 0.644 1.67 -0.880105 9.57005e-321 1.55716e+142 0.834 1.581 3.21143e-322 0.171073 0.488147 0.474483 1.834 1.581 3.21143e-322 0 1.97626e-323 1.67588e-316 
 0.656 1.685 -0.85065 9.57005e-321 1.55716e+142 0.842 1.57 3.21143e-322 0.185764 0.339815 0.318089 1.842 1.57 3.21143e-322 0 1.97626e-323 1.67588e-316 
 0.644 1.643 -0.804273 9.57005e-321 1.55716e+142 0.856 1.557 3.21143e-322 0.188227 0.490033 0.438225 1.856 1.557 3.21143e-322 0 1.97626e-323 1.67588e-316 
 0.661 1.629 -0.769873 9.57005e-321 1.55716e+142 0.881 1.557 3.21143e-322 0.188328 0.533268 0.471367 1.881 1.557 3.21143e-322 0 1.97626e-323 1.67588e-316 
 0.686 1.617 -0.719301 9.57005e-321 1.55716e+142 0.894 1.536 3.21143e-322 0.187357 0.402459 0.36895 1.894 1.536 3.21143e-322 0 1.97626e-323 1.67588e-316 
 0.693 1.586 -0.666534 9.57005e-321 1.55716e+142 0.912 1.522 3.21143e-322 0.189784 0.447402 0.401309 1.912 1.522 3.21143e-322 0 1.97626e-323 1.67588e-316 
 0.729 1.583 -0.624747 9.57005e-321 1.55716e+142 0.934 1.503 3.21143e-322 0.188617 0.290938 0.270825 1.934 1.503 3.21143e-322 0 1.97626e-323 1.67588e-316 
 0.757 1.588 -0.578997 9.57005e-321 1.55716e+142 0.965 1.481 3.21143e-322 0.204392 0.12482 0.109485 1.965 1.481 3.21143e-322 0 1.97626e-323 1.67588e-316 
 0.761 1.548 -0.55063 9.57005e-321 1.55716e+142 0.986 1.465 3.21143e-322 0.207492 0.240147 0.20539 1.986 1.465 3.21143e-322 0 1.97626e-323 1.67588e-316 
 0.789 1.535 -0.538002 9.57005e-321 1.55716e+142 1.007 1.457 3.21143e-322 0.200378 0.231628 0.205144 2.007 1.457 3.21143e-322 0 1.97626e-323 1.67588e-316 
 0.791 1.53 -0.512176 9.57005e-321 1.55716e+142 1.03 1.455 3.21143e-322 0.216421 0.260065 0.213018 2.03 1.455 3.21143e-322 0 1.97626e-323 1.67588e-316 
 0.805 1.514 -0.488145 9.57005e-321 1.55716e+142 1.054 1.455 3.21143e-322 0.219408 0.322828 0.2589 2.054 1.455 3.21143e-322 0 1.97626e-323 1.67588e-316 
 0.799 1.495 -0.460745 9.57005e-321 1.55716e+142 1.065 1.456 3.21143e-322 0.227844 0.40882 0.312398 2.065 1.456 3.21143e-322 0 1.97626e-323 1.67588e-316 
 0.86 1.52 -0.426166 9.57005e-321 1.55716e+142 1.083 1.457 3.21143e-322 0.201627 0.180021 0.159349 2.083 1.457 3.21143e-322 0 1.97626e-323 1.67588e-316 
 0.876 1.521 -0.384291 9.57005e-321 1.55716e+142 1.101 1.447 3.21143e-322 0.207436 0.0806232 0.0698461 2.101 1.447 3.21143e-322 0 1.97626e-323 1.67588e-316 
 0.851 1.498 -0.372506 9.57005e-321 1.55716e+142 1.11 1.429 3.21143e-322 0.234098 0.146151 0.111908 2.11 1.429 3.21143e-322 0 1.97626e-323 1.67588e-316 
 0.886 1.485 -0.365502 9.57005e-321 1.55716e+142 1.122 1.417 3.21143e-322 0.214888 0.105218 0.0879082 2.122 1.417 3.21143e-322 0 1.97626e-323 1.67588e-316 
 0.912 1.497 -0.352539 9.57005e-321 1.55716e+142 1.123 1.398 3.21143e-322 0.203903 -0.103329 -0.0909646 2.123 1.398 3.21143e-322 0 1.97626e-323 1.67588e-316 
 0.927 1.473 -0.342603 9.57005e-321 1.55716e+142 1.142 1.385 3.21143e-322 0.203621 -0.0549529 -0.0485399 2.142 1.385 3.21143e-322 0 1.97626e-323 1.67588e-316 
 0.969 1.478 -0.344416 9.57005e-321 1.55716e+142 1.156 1.378 3.21143e-322 0.184564 -0.165419 -0.159951 2.156 1.378 3.21143e-322 0 1.97626e-323 1.67588e-316 
 0.995 1.443 -0.344765 9.57005e-321 1.55716e+142 1.223 1.401 3.21143e-322 0.201456 0.194066 0.17169 2.223 1.401 3.21143e-322 0 1.97626e-323 1.67588e-316 
 1.039 1.39 -0.345907 9.57005e-321 1.55716e+142 1.289 1.425 3.21143e-322 0.203458 0.600024 0.488017 2.289 1.425 3.21143e-322 0 1.97626e-323 1.67588e-316 
 1.038 1.364 -0.339137 9.57005e-321 1.55716e+142 1.29 1.413 3.21143e-322 0.203365 0.661374 0.523599 2.29 1.413 3.21143e-322 0 1.97626e-323 1.67588e-316 
 1.1 1.407 -0.285865 9.57005e-321 1.55716e+142 1.285 1.403 3.21143e-322 0.158094 0.270823 0.299099 2.285 1.403 3.21143e-322 0 1.97626e-323 1.67588e-316 
 1.117 1.376 -0.218136 9.57005e-321 1.55716e+142 1.346 1.419 3.21143e-322 0.19265 0.478253 0.420231 2.346 1.419 3.21143e-322 0 1.97626e-323 1.67588e-316 
 1.161 1.382 -0.183919 9.57005e-321 1.55716e+142 1.415 1.44 3.21143e-322 0.215467 0.517568 0.4081 2.415 1.44 3.21143e-322 0 1.97626e-323 1.67588e-316 
 1.158 1.387 -0.135834 9.57005e-321 1.55716e+142 1.494 1.465 3.21143e-322 0.289727 0.537412 0.322243 2.494 1.465 3.21143e-322 0 1.97626e-323 1.67588e-316 
 1.154 1.402 -0.0844556 9.57005e-321 1.55716e+142 1.594 1.51 3.21143e-322 0.384768 0.54125 0.247992 2.594 1.51 3.21143e-322 0 1.97626e-323 1.67588e-316 
 1.176 1.406 -0.0309928 9.57005e-321 1.55716e+142 1.671 1.556 3.21143e-322 0.439645 0.5677 0.228374 2.671 1.556 3.21143e-322 0 1.97626e-323 1.67588e-316 
 1.214 1.46 0.0197542 9.57005e-321 1.55716e+142 1.774 1.636 3.21143e-322 0.502972 0.518168 0.183356 2.774 1.636 3.21143e-322 0 1.97626e-323 1.67588e-316 
 1.25 1.473 0.0752291 9.57005e-321 1.55716e+142 1.761 1.668 3.21143e-322 0.468135 0.515131 0.195539 2.761 1.668 3.21143e-322 0 1.97626e-323 1.67588e-316 
 1.27 1.445 0.124557 9.57005e-321 1.55716e+142 1.703 1.609 3.21143e-322 0.399288 0.399997 0.178403 2.703 1.609 3.21143e-322 0 1.97626e-323 1.67588e-316 
 1.308 1.427 0.176632 9.57005e-321 1.55716e+142 1.582 1.498 3.21143e-322 0.247783 0.10342 0.0749879 2.582 1.498 3.21143e-322 0 1.97626e-323 1.67588e-316 
 1.385 1.444 0.215484 9.57005e-321 1.55716e+142 1.493 1.408 3.21143e-322 0.0881701 -0.372321 -0.523599 2.493 1.408 3.21143e-322 0 1.97626e-323 1.67588e-316 
 1.442 1.454 0.227088 9.57005e-321 1.55716e+142 1.485 1.371 3.21143e-322 0.0268264 -0.643084 -0.523599 2.485 1.371 3.21143e-322 0 1.97626e-323 1.67588e-316 
 1.467 1.446 0.219395 9.57005e-321 1.55716e+142 1.482 1.34 3.21143e-322 0.0019638 -0.786302 -0.523599 2.482 1.34 3.21143e-322 0 1.97626e-323 1.67588e-316 
 1.434 1.441 0.173592 9.57005e-321 1.55716e+142 1.514 1.342 3.21143e-322 0.0631226 -0.735495 -0.523599 2.514 1.342 3.21143e-322 0 1.97626e-323 1.67588e-316 
 1.425 1.438 0.0915513 9.57005e-321 1.55716e+142 1.56 1.365 3.21143e-322 0.116813 -0.512357 -0.523599 2.56 1.365 3.21143e-322 0 1.97626e-323 1.67588e-316 
 1.429 1.445 0.0209828 9.57005e-321 1.55716e+142 1.623 1.388 3.21143e-322 0.171278 -0.333316 -0.336933 2.623 1.388 3.21143e-322 0 1.97626e-323 1.67588e-316 
 1.441 1.455 -0.0255054 9.57005e-321 1.55716e+142 1.68 1.403 3.21143e-322 0.211879 -0.232632 -0.195116 2.68 1.403 3.21143e-322 0 1.97626e-323 1.67588e-316 
 1.469 1.473 -0.0573885 9.57005e-321 1.55716e+142 1.742 1.421 3.21143e-322 0.242358 -0.173987 -0.128508 2.742 1.421 3.21143e-322 0 1.97626e-323 1.67588e-316 
 1.498 1.482 -0.0800927 9.57005e-321 1.55716e+142 1.805 1.49 3.21143e-322 0.268377 0.14909 0.0996629 2.805 1.49 3.21143e-322 0 1.97626e-323 1.67588e-316 
 1.467 1.471 -0.0885973 9.57005e-321 1.55716e+142 1.867 1.559 3.21143e-322 0.348966 0.488257 0.246717 2.867 1.559 3.21143e-322 0 1.97626e-323 1.67588e-316 
 1.493 1.458 -0.0856219 9.57005e-321 1.55716e+142 1.91 1.605 3.21143e-322 0.366669 0.696354 0.329391 2.91 1.605 3.21143e-322 0 1.97626e-323 1.67588e-316 
 1.537 1.42 -0.0646117 9.57005e-321 1.55716e+142 1.935 1.635 3.21143e-322 0.359192 0.917468 0.430946 2.935 1.635 3.21143e-322 0 1.97626e-323 1.67588e-316 
 1.553 1.434 0.003268 9.57005e-321 1.55716e+142 1.961 1.641 3.21143e-322 0.375054 0.772762 0.355147 2.961 1.641 3.21143e-322 0 1.97626e-323 1.67588e-316 
 1.62 1.41 0.0923756 9.57005e-321 1.55716e+142 1.982 1.637 3.21143e-322 0.349768 0.754736 0.370473 2.982 1.637 3.21143e-322 0 1.97626e-323 1.67588e-316 
 1.643 1.404 0.170647 9.57005e-321 1.55716e+142 2.021 1.665 3.21143e-322 0.380157 0.721383 0.329142 3.021 1.665 3.21143e-322 0 1.97626e-323 1.67588e-316 
 1.688 1.435 0.247831 9.57005e-321 1.55716e+142 2.085 1.735 3.21143e-322 0.415918 0.685141 0.288255 3.085 1.735 3.21143e-322 0 1.97626e-323 1.67588e-316 
 1.717 1.444 0.321801 9.57005e-321 1.55716e+142 2.161 1.797 3.21143e-322 0.48001 0.628284 0.231382 3.161 1.797 3.21143e-322 0 1.97626e-323 1.67588e-316 
 1.764 1.475 0.390521 9.57005e-321 1.55716e+142 2.234 1.861 3.21143e-322 0.52011 0.54581 0.186694 3.234 1.861 3.21143e-322 0 1.97626e-323 1.67588e-316 
 1.842 1.462 0.451275 9.57005e-321 1.55716e+142 2.316 1.939 3.21143e-322 0.571074 0.635269 0.197621 3.316 1.939 3.21143e-322 0 1.97626e-323 1.67588e-316 
 1.853 1.481 0.506195 9.57005e-321 1.55716e+142 2.261 1.804 3.21143e-322 0.452896 0.287512 0.113776 3.261 1.804 3.21143e-322 0 1.97626e-323 1.67588e-316 
 1.918 1.489 0.568964 9.57005e-321 1.55716e+142 2.126 1.61 3.21143e-322 0.210942 -0.0514966 -0.0439146 3.126 1.61 3.21143e-322 0 1.97626e-323 1.67588e-316 
 1.953 1.532 0.60405 9.57005e-321 1.55716e+142 2.036 1.55 3.21143e-322 0.0696536 -0.214673 -0.506492 3.036 1.55 3.21143e-322 0 1.97626e-323 1.67588e-316 
 1.997 1.556 0.585781 9.57005e-321 1.55716e+142 2.028 1.568 3.21143e-322 0.0285185 -0.0512982 -0.313127 3.028 1.568 3.21143e-322 0 1.97626e-323 1.67588e-316 
 2.024 1.562 0.584208 9.57005e-321 1.55716e+142 1.947 1.54 3.21143e-322 2.19728e-08 0.234655 0.523599 2.947 1.54 3.21143e-322 0 1.97626e-323 1.67588e-316 
 2.022 1.56 0.584849 9.57005e-321 1.55716e+142 1.911 1.539 3.21143e-322 1.39932e-08 0.462886 0.523599 2.911 1.539 3.21143e-322 0 1.97626e-323 1.67588e-316 
 2.03 1.563 0.589033 9.57005e-321 1.55716e+142 1.903 1.556 3.21143e-322 1.37663e-08 0.682135 0.523599 2.903 1.556 3.21143e-322 0 1.97626e-323 1.67588e-316 
 2.035 1.552 0.627296 9.57005e-321 1.55716e+142 1.907 1.58 3.21143e-322 2.36889e-08 0.915041 0.523599 2.907 1.58 3.21143e-322 0 1.97626e-323 1.67588e-316 
 2.024 1.56 0.696778 9.57005e-321 1.55716e+142 1.932 1.598 3.21143e-322 1.47969e-08 0.735744 0.523599 2.932 1.598 3.21143e-322 0 1.97626e-323 1.67588e-316 
 2.03 1.565 0.789013 9.57005e-321 1.55716e+142 1.945 1.61 3.21143e-322 1.32018e-07 0.721914 0.523599 2.945 1.61 3.21143e-322 0 1.97626e-323 1.67588e-316 
 2 1.563 0.865774 9.57005e-321 1.55716e+142 1.967 1.62 3.21143e-322 0.0224192 0.447943 0.523599 2.967 1.62 3.21143e-322 0 1.97626e-323 1.67588e-316 
 2.029 1.551 0.933613 9.57005e-321 1.55716e+142 1.992 1.628 3.21143e-322 0.0393934 0.526881 0.523599 2.992 1.628 3.21143e-322 0 1.97626e-323 1.67588e-316 
 2.032 1.553 0.976741 9.57005e-321 1.55716e+142 2.017 1.635 3.21143e-322 0.0547995 0.396882 0.523599 3.017 1.635 3.21143e-322 0 1.97626e-323 1.67588e-316 
 2.005 1.557 1.028 9.57005e-321 1.55716e+142 2.038 1.645 3.21143e-322 0.0812579 0.111829 0.242832 3.038 1.645 3.21143e-322 0 1.97626e-323 1.67588e-316 
 1.996 1.56 1.06645 9.57005e-321 1.55716e+142 2.069 1.654 3.21143e-322 0.103362 -0.115229 -0.198036 3.069 1.654 3.21143e-322 0 1.97626e-323 1.67588e-316 
 1.982 1.561 1.07205 9.57005e-321 1.55716e+142 2.088 1.662 3.21143e-322 0.123582 -0.267989 -0.372146 3.088 1.662 3.21143e-322 0 1.97626e-323 1.67588e-316 
 1.996 1.562 1.06987 9.57005e-321 1.55716e+142 2.098 1.687 3.21143e-322 0.139687 -0.171082 -0.216985 3.098 1.687 3.21143e-322 0 1.97626e-323 1.67588e-316 
 1.984 1.571 1.06468 9.57005e-321 1.55716e+142 2.108 1.7 3.21143e-322 0.152988 -0.25986 -0.296715 3.108 1.7 3.21143e-322 0 1.97626e-323 1.67588e-316 
 2.015 1.594 1.05715 9.57005e-321 1.55716e+142 2.128 1.715 3.21143e-322 0.142095 -0.225253 -0.277955 3.128 1.715 3.21143e-322 0 1.97626e-323 1.67588e-316 
 2.002 1.617 1.03686 9.57005e-321 1.55716e+142 2.144 1.734 3.21143e-322 0.154131 -0.353366 -0.391386 3.144 1.734 3.21143e-322 0 1.97626e-323 1.67588e-316 
 2.019 1.629 1.01312 9.57005e-321 1.55716e+142 2.162 1.751 3.21143e-322 0.159128 -0.317217 -0.344514 3.162 1.751 3.21143e-322 0 1.97626e-323 1.67588e-316 
 2.058 1.641 0.976958 9.57005e-321 1.55716e+142 2.181 1.769 3.21143e-322 0.153986 -0.171471 -0.197817 3.181 1.769 3.21143e-322 0 1.97626e-323 1.67588e-316 
 2.08 1.641 0.945446 9.57005e-321 1.55716e+142 2.189 1.791 3.21143e-322 0.162642 -0.00314857 -0.00348459 3.189 1.791 3.21143e-322 0 1.97626e-323 1.67588e-316 
 2.089 1.671 0.929987 9.57005e-321 1.55716e+142 2.198 1.809 3.21143e-322 0.154207 -0.0275722 -0.0321729 3.198 1.809 3.21143e-322 0 1.97626e-323 1.67588e-316 
 2.099 1.676 0.929257 9.57005e-321 1.55716e+142 2.205 1.841 3.21143e-322 0.171708 0.0756115 0.0790976 3.205 1.841 3.21143e-322 0 1.97626e-323 1.67588e-316 
 2.074 1.687 0.929405 9.57005e-321 1.55716e+142 2.205 1.862 3.21143e-322 0.191745 -0.00137675 -0.00129242 3.205 1.862 3.21143e-322 0 1.97626e-323 1.67588e-316 
 2.089 1.727 0.930321 9.57005e-321 1.55716e+142 2.217 1.884 3.21143e-322 0.177558 -0.0477037 -0.048322 3.217 1.884 3.21143e-322 0 1.97626e-323 1.67588e-316 
 2.076 1.736 0.929631 9.57005e-321 1.55716e+142 2.22 1.904 3.21143e-322 0.193771 -0.0783156 -0.072622 3.22 1.904 3.21143e-322 0 1.97626e-323 1.67588e-316 
 2.074 1.761 0.927429 9.57005e-321 1.55716e+142 2.228 1.914 3.21143e-322 0.188972 -0.166394 -0.157187 3.228 1.914 3.21143e-322 0 1.97626e-323 1.67588e-316 
 2.107 1.742 0.921306 9.57005e-321 1.55716e+142 2.242 1.928 3.21143e-322 0.201561 0.0257559 0.0229968 3.242 1.928 3.21143e-322 0 1.97626e-323 1.67588e-316 
 2.138 1.752 0.905354 9.57005e-321 1.55716e+142 2.258 1.945 3.21143e-322 0.198501 0.128834 0.116299 3.258 1.945 3.21143e-322 0 1.97626e-323 1.67588e-316 
 2.17 1.779 0.906029 9.57005e-321 1.55716e+142 2.267 1.966 3.21143e-322 0.182464 0.208967 0.203297 3.267 1.966 3.21143e-322 0 1.97626e-323 1.67588e-316 
 2.172 1.81 0.908513 9.57005e-321 1.55716e+142 2.29 1.971 3.21143e-322 0.175033 0.0323536 0.0332594 3.29 1.971 3.21143e-322 0 1.97626e-323 1.67588e-316 
 2.18 1.796 0.91346 9.57005e-321 1.55716e+142 2.305 1.973 3.21143e-322 0.189946 0.0486361 0.0460569 3.305 1.973 3.21143e-322 0 1.97626e-323 1.67588e-316 
 2.207 1.831 0.914379 9.57005e-321 1.55716e+142 2.323 1.977 3.21143e-322 0.163551 -0.0155195 -0.0170787 3.323 1.977 3.21143e-322 0 1.97626e-323 1.67588e-316 
 2.23 1.851 0.916381 9.57005e-321 1.55716e+142 2.34 1.981 3.21143e-322 0.149244 -0.0465133 -0.0560401 3.34 1.981 3.21143e-322 0 1.97626e-323 1.67588e-316 
 2.239 1.855 0.916101 9.57005e-321 1.55716e+142 2.358 1.995 3.21143e-322 0.16102 -0.0510815 -0.0570407 3.358 1.995 3.21143e-322 0 1.97626e-323 1.67588e-316 
 2.266 1.884 0.915743 9.57005e-321 1.55716e+142 2.364 2.024 3.21143e-322 0.149786 0.0432061 0.0518747 3.364 2.024 3.21143e-322 0 1.97626e-323 1.67588e-316 
 2.243 1.882 0.916255 9.57005e-321 1.55716e+142 2.36 2.056 3.21143e-322 0.183659 0.0701584 0.0686527 3.36 2.056 3.21143e-322 0 1.97626e-323 1.67588e-316 
 2.247 1.897 0.917224 9.57005e-321 1.55716e+142 2.355 2.09 3.21143e-322 0.192568 0.166212 0.154132 3.355 2.09 3.21143e-322 0 1.97626e-323 1.67588e-316 
 2.305 1.905 0.918735 9.57005e-321 1.55716e+142 2.359 2.114 3.21143e-322 0.178529 0.450499 0.426351 3.359 2.114 3.21143e-322 0 1.97626e-323 1.67588e-316 
 2.306 1.905 0.929805 9.57005e-321 1.55716e+142 2.374 2.142 3.21143e-322 0.206447 0.444608 0.369815 3.374 2.142 3.21143e-322 0 1.97626e-323 1.67588e-316 
 2.295 1.965 0.975005 9.57005e-321 1.55716e+142 2.377 2.171 3.21143e-322 0.191214 0.251353 0.232338 3.377 2.171 3.21143e-322 0 1.97626e-323 1.67588e-316 
 2.299 1.973 1.01768 9.57005e-321 1.55716e+142 2.38 2.19 3.21143e-322 0.200416 0.233414 0.206643 3.38 2.19 3.21143e-322 0 1.97626e-323 1.67588e-316 
 2.336 1.966 1.04044 9.57005e-321 1.55716e+142 2.391 2.213 3.21143e-322 0.214534 0.389759 0.316057 3.391 2.213 3.21143e-322 0 1.97626e-323 1.67588e-316 
 2.335 1.977 1.06493 9.57005e-321 1.55716e+142 2.391 2.239 3.21143e-322 0.228022 0.382636 0.293338 3.391 2.239 3.21143e-322 0 1.97626e-323 1.67588e-316 
 2.345 1.99 1.10514 9.57005e-321 1.55716e+142 2.394 2.267 3.21143e-322 0.239729 0.387147 0.282892 3.394 2.267 3.21143e-322 0 1.97626e-323 1.67588e-316 
 2.371 2.004 1.1441 9.57005e-321 1.55716e+142 2.408 2.277 3.21143e-322 0.23468 0.384472 0.286763 3.408 2.277 3.21143e-322 0 1.97626e-323 1.67588e-316 
 2.367 2.038 1.18326 9.57005e-321 1.55716e+142 2.415 2.291 3.21143e-322 0.222766 0.254187 0.202572 3.415 2.291 3.21143e-322 0 1.97626e-323 1.67588e-316 
 2.411 2.072 1.22028 9.57005e-321 1.55716e+142 2.427 2.311 3.21143e-322 0.204188 0.34404 0.294468 3.427 2.311 3.21143e-322 0 1.97626e-323 1.67588e-316 
 2.422 2.083 1.24451 9.57005e-321 1.55716e+142 2.426 2.341 3.21143e-322 0.218816 0.393704 0.313205 3.426 2.341 3.21143e-322 0 1.97626e-323 1.67588e-316 
 2.396 2.113 1.28025 9.57005e-321 1.55716e+142 2.416 2.366 3.21143e-322 0.219166 0.266557 0.215522 3.416 2.366 3.21143e-322 0 1.97626e-323 1.67588e-316 
 2.426 2.138 1.31872 9.57005e-321 1.55716e+142 2.382 2.401 3.21143e-322 0.219982 0.536409 0.413599 3.382 2.401 3.21143e-322 0 1.97626e-323 1.67588e-316 
 2.422 2.178 1.35012 9.57005e-321 1.55716e+142 2.379 2.413 3.21143e-322 0.197722 0.483293 0.414485 3.379 2.413 3.21143e-322 0 1.97626e-323 1.67588e-316 
 2.424 2.195 1.40566 9.57005e-321 1.55716e+142 2.373 2.43 3.21143e-322 0.200348 0.458328 0.390619 3.373 2.43 3.21143e-322 0 1.97626e-323 1.67588e-316 
 2.452 2.205 1.45359 9.57005e-321 1.55716e+142 2.388 2.436 3.21143e-322 0.199214 0.467613 0.399761 3.388 2.436 3.21143e-322 0 1.97626e-323 1.67588e-316 
 2.454 2.21 1.49971 9.57005e-321 1.55716e+142 2.405 2.454 3.21143e-322 0.212805 0.334463 0.275699 3.405 2.454 3.21143e-322 0 1.97626e-323 1.67588e-316 
 2.472 2.25 1.54533 9.57005e-321 1.55716e+142 2.411 2.475 3.21143e-322 0.198413 0.346016 0.304165 3.411 2.475 3.21143e-322 0 1.97626e-323 1.67588e-316 
 2.482 2.262 1.5787 9.57005e-321 1.55716e+142 2.407 2.5 3.21143e-322 0.212172 0.36951 0.303779 3.407 2.5 3.21143e-322 0 1.97626e-323 1.67588e-316 
 2.483 2.308 1.61445 9.57005e-321 1.55716e+142 2.415 2.506 3.21143e-322 0.178157 0.319619 0.312354 3.415 2.506 3.21143e-322 0 1.97626e-323 1.67588e-316 
 2.461 2.345 1.65181 9.57005e-321 1.55716e+142 2.414 2.516 3.21143e-322 0.153505 0.18681 0.215647 3.414 2.516 3.21143e-322 0 1.97626e-323 1.67588e-316 
 2.461 2.364 1.68107 9.57005e-321 1.55716e+142 2.399 2.542 3.21143e-322 0.162233 0.233844 0.253856 3.399 2.542 3.21143e-322 0 1.97626e-323 1.67588e-316 
 2.459 2.372 1.69851 9.57005e-321 1.55716e+142 2.402 2.56 3.21143e-322 0.170558 0.178598 0.186299 3.402 2.56 3.21143e-322 0 1.97626e-323 1.67588e-316 
 2.463 2.387 1.72174 9.57005e-321 1.55716e+142 2.405 2.583 3.21143e-322 0.17807 0.150614 0.151087 3.405 2.583 3.21143e-322 0 1.97626e-323 1.67588e-316 
 2.461 2.379 1.73889 9.57005e-321 1.55716e+142 2.411 2.593 3.21143e-322 0.192505 0.0710076 0.0662975 3.411 2.593 3.21143e-322 0 1.97626e-323 1.67588e-316 
 2.464 2.411 1.75383 9.57005e-321 1.55716e+142 2.401 2.586 3.21143e-322 0.161542 0.167785 0.184823 3.401 2.586 3.21143e-322 0 1.97626e-323 1.67588e-316 
 2.424 2.442 1.76242 9.57005e-321 1.55716e+142 2.398 2.59 3.21143e-322 0.13179 -0.0157294 -0.02148 3.398 2.59 3.21143e-322 0 1.97626e-323 1.67588e-316 
 2.437 2.456 1.78047 9.57005e-321 1.55716e+142 2.384 2.627 3.21143e-322 0.156545 0.0914934 0.104816 3.384 2.627 3.21143e-322 0 1.97626e-323 1.67588e-316 
 2.407 2.459 1.78114 9.57005e-321 1.55716e+142 2.369 2.666 3.21143e-322 0.184549 -0.0323722 -0.0315638 3.369 2.666 3.21143e-322 0 1.97626e-323 1.67588e-316 
 2.408 2.487 1.7876 9.57005e-321 1.55716e+142 2.35 2.714 3.21143e-322 0.205429 0.0401489 0.0351645 3.35 2.714 3.21143e-322 0 1.97626e-323 1.67588e-316 
 2.438 2.508 1.78756 9.57005e-321 1.55716e+142 2.344 2.74 3.21143e-322 0.217415 0.210349 0.172421 3.344 2.74 3.21143e-322 0 1.97626e-323 1.67588e-316 
 2.436 2.537 1.79514 9.57005e-321 1.55716e+142 2.312 2.765 3.21143e-322 0.221794 0.348573 0.275686 3.312 2.765 3.21143e-322 0 1.97626e-323 1.67588e-316 
 2.432 2.541 1.81806 9.57005e-321 1.55716e+142 2.327 2.764 3.21143e-322 0.213406 0.238729 0.198701 3.327 2.764 3.21143e-322 0 1.97626e-323 1.67588e-316 
 2.418 2.583 1.85393 9.57005e-321 1.55716e+142 2.363 2.785 3.21143e-322 0.183615 -0.0193879 -0.0190039 3.363 2.785 3.21143e-322 0 1.97626e-323 1.67588e-316 
 2.405 2.59 1.87287 9.57005e-321 1.55716e+142 2.378 2.792 3.21143e-322 0.176896 -0.18581 -0.186865 3.378 2.792 3.21143e-322 0 1.97626e-323 1.67588e-316 
 2.391 2.605 1.87149 9.57005e-321 1.55716e+142 2.376 2.801 3.21143e-322 0.169239 -0.240019 -0.249942 3.376 2.801 3.21143e-322 0 1.97626e-323 1.67588e-316 
 2.393 2.633 1.86928 9.57005e-321 1.55716e+142 2.36 2.813 3.21143e-322 0.159696 -0.119733 -0.134146 3.36 2.813 3.21143e-322 0 1.97626e-323 1.67588e-316 
 2.379 2.64 1.86226 9.57005e-321 1.55716e+142 2.34 2.821 3.21143e-322 0.162028 -0.0816849 -0.0904974 3.34 2.821 3.21143e-322 0 1.97626e-323 1.67588e-316 
 2.395 2.638 1.85676 9.57005e-321 1.55716e+142 2.333 2.831 3.21143e-322 0.177771 0.0272782 0.0276133 3.333 2.831 3.21143e-322 0 1.97626e-323 1.67588e-316 
 2.382 2.663 1.85097 9.57005e-321 1.55716e+142 2.322 2.84 3.21143e-322 0.163801 0.0484206 0.0531591 3.322 2.84 3.21143e-322 0 1.97626e-323 1.67588e-316 
 2.372 2.684 1.85197 9.57005e-321 1.55716e+142 2.305 2.851 3.21143e-322 0.157237 0.101394 0.115555 3.305 2.851 3.21143e-322 0 1.97626e-323 1.67588e-316 
 2.4 2.703 1.85308 9.57005e-321 1.55716e+142 2.289 2.885 3.21143e-322 0.182247 0.299186 0.287321 3.289 2.885 3.21143e-322 0 1.97626e-323 1.67588e-316 
 2.42 2.7 1.85461 9.57005e-321 1.55716e+142 2.261 2.915 3.21143e-322 0.224599 0.455572 0.35007 3.261 2.915 3.21143e-322 0 1.97626e-323 1.67588e-316 
 2.391 2.718 1.86552 9.57005e-321 1.55716e+142 2.235 2.945 3.21143e-322 0.233875 0.404405 0.301742 3.235 2.945 3.21143e-322 0 1.97626e-323 1.67588e-316 
 2.381 2.734 1.90782 9.57005e-321 1.55716e+142 2.215 2.968 3.21143e-322 0.245046 0.377296 0.270359 3.215 2.968 3.21143e-322 0 1.97626e-323 1.67588e-316 
 2.385 2.765 1.94804 9.57005e-321 1.55716e+142 2.197 2.987 3.21143e-322 0.246151 0.440991 0.31195 3.197 2.987 3.21143e-322 0 1.97626e-323 1.67588e-316 
 2.356 2.756 1.98545 9.57005e-321 1.55716e+142 2.184 3.023 3.21143e-322 0.276326 0.225082 0.145582 3.184 3.023 3.21143e-322 0 1.97626e-323 1.67588e-316 
 2.341 2.787 2.02424 9.57005e-321 1.55716e+142 2.17 3.047 3.21143e-322 0.271487 0.181418 0.119708 3.17 3.047 3.21143e-322 0 1.97626e-323 1.67588e-316 
 2.331 2.845 2.04397 9.57005e-321 1.55716e+142 2.166 3.065 3.21143e-322 0.238846 0.22497 0.167946 3.166 3.065 3.21143e-322 0 1.97626e-323 1.67588e-316 
 2.321 2.891 2.06299 9.57005e-321 1.55716e+142 2.15 3.092 3.21143e-322 0.227894 0.274109 0.213212 3.15 3.092 3.21143e-322 0 1.97626e-323 1.67588e-316 
 2.286 2.917 2.08648 9.57005e-321 1.55716e+142 2.13 3.094 3.21143e-322 0.203839 0.249124 0.21654 3.13 3.094 3.21143e-322 0 1.97626e-323 1.67588e-316 
 2.286 2.935 2.11435 9.57005e-321 1.55716e+142 2.11 3.095 3.21143e-322 0.202506 0.349423 0.301143 3.11 3.095 3.21143e-322 0 1.97626e-323 1.67588e-316 
 2.264 2.936 2.13784 9.57005e-321 1.55716e+142 2.1 3.107 3.21143e-322 0.204978 0.238649 0.206579 3.1 3.107 3.21143e-322 0 1.97626e-323 1.67588e-316 
 2.25 2.945 2.17719 9.57005e-321 1.55716e+142 2.092 3.119 3.21143e-322 0.204916 0.157615 0.137576 3.092 3.119 3.21143e-322 0 1.97626e-323 1.67588e-316 
 2.248 2.953 2.19739 9.57005e-321 1.55716e+142 2.075 3.126 3.21143e-322 0.212716 0.195935 0.164306 3.075 3.126 3.21143e-322 0 1.97626e-323 1.67588e-316 
 2.24 2.995 2.21532 9.57005e-321 1.55716e+142 2.061 3.147 3.21143e-322 0.202399 0.26693 0.233076 3.061 3.147 3.21143e-322 0 1.97626e-323 1.67588e-316 
 2.221 3.009 2.23406 9.57005e-321 1.55716e+142 2.028 3.157 3.21143e-322 0.208557 0.310529 0.261856 3.028 3.157 3.21143e-322 0 1.97626e-323 1.67588e-316 
 2.193 3.025 2.26265 9.57005e-321 1.55716e+142 2.016 3.18 3.21143e-322 0.204518 0.19239 0.167735 3.016 3.18 3.21143e-322 0 1.97626e-323 1.67588e-316 
 2.151 2.998 2.29401 9.57005e-321 1.55716e+142 2.006 3.198 3.21143e-322 0.215991 -0.119161 -0.0989804 3.006 3.198 3.21143e-322 0 1.97626e-323 1.67588e-316 
 2.152 3.016 2.30954 9.57005e-321 1.55716e+142 1.995 3.21 3.21143e-322 0.218652 -0.0730004 -0.0600238 2.995 3.21 3.21143e-322 0 1.97626e-323 1.67588e-316 
 2.126 3.049 2.30662 9.57005e-321 1.55716e+142 1.984 3.22 3.21143e-322 0.194839 -0.049859 -0.0460292 2.984 3.22 3.21143e-322 0 1.97626e-323 1.67588e-316 
 2.148 3.07 2.30463 9.57005e-321 1.55716e+142 1.981 3.238 3.21143e-322 0.207609 0.0588721 0.0509988 2.981 3.238 3.21143e-322 0 1.97626e-323 1.67588e-316 
 2.136 3.082 2.30366 9.57005e-321 1.55716e+142 1.963 3.249 3.21143e-322 0.21055 0.0858151 0.0732323 2.963 3.249 3.21143e-322 0 1.97626e-323 1.67588e-316 
 2.117 3.097 2.30494 9.57005e-321 1.55716e+142 1.938 3.257 3.21143e-322 0.209743 0.130948 0.11191 2.938 3.257 3.21143e-322 0 1.97626e-323 1.67588e-316 
 2.112 3.113 2.30783 9.57005e-321 1.55716e+142 1.926 3.27 3.21143e-322 0.212188 0.163329 0.137676 2.926 3.27 3.21143e-322 0 1.97626e-323 1.67588e-316 
 2.103 3.119 2.3135 9.57005e-321 1.55716e+142 1.914 3.288 3.21143e-322 0.221646 0.124307 0.100609 2.914 3.288 3.21143e-322 0 1.97626e-323 1.67588e-316 
 2.115 3.146 2.32668 9.57005e-321 1.55716e+142 1.903 3.288 3.21143e-322 0.219916 0.283807 0.228246 2.903 3.288 3.21143e-322 0 1.97626e-323 1.67588e-316 
 2.087 3.179 2.339 9.57005e-321 1.55716e+142 1.873 3.287 3.21143e-322 0.201992 0.40573 0.346932 2.873 3.287 3.21143e-322 0 1.97626e-323 1.67588e-316 
 2.073 3.182 2.36857 9.57005e-321 1.55716e+142 1.848 3.295 3.21143e-322 0.213622 0.384093 0.313001 2.848 3.295 3.21143e-322 0 1.97626e-323 1.67588e-316 
 2.055 3.167 2.40902 9.57005e-321 1.55716e+142 1.84 3.297 3.21143e-322 0.217662 0.23643 0.193084 2.84 3.297 3.21143e-322 0 1.97626e-323 1.67588e-316 
 2.041 3.203 2.44693 9.57005e-321 1.55716e+142 1.822 3.298 3.21143e-322 0.203415 0.345356 0.296589 2.822 3.298 3.21143e-322 0 1.97626e-323 1.67588e-316 
 2.013 3.214 2.4715 9.57005e-321 1.55716e+142 1.797 3.31 3.21143e-322 0.202712 0.30338 0.263142 2.797 3.31 3.21143e-322 0 1.97626e-323 1.67588e-316 
 1.998 3.246 2.50727 9.57005e-321 1.55716e+142 1.754 3.31 3.21143e-322 0.210352 0.470563 0.382801 2.754 3.31 3.21143e-322 0 1.97626e-323 1.67588e-316 
 1.969 3.225 2.53811 9.57005e-321 1.55716e+142 1.749 3.324 3.21143e-322 0.209196 0.220843 0.187782 2.749 3.324 3.21143e-322 0 1.97626e-323 1.67588e-316 
 1.939 3.225 2.58566 9.57005e-321 1.55716e+142 1.737 3.331 3.21143e-322 0.199723 0.0860187 0.0773694 2.737 3.331 3.21143e-322 0 1.97626e-323 1.67588e-316 
 1.955 3.259 2.60569 9.57005e-321 1.55716e+142 1.72 3.337 3.21143e-322 0.213685 0.267291 0.221463 2.72 3.337 3.21143e-322 0 1.97626e-323 1.67588e-316 
 1.91 3.253 2.61343 9.57005e-321 1.55716e+142 1.713 3.363 3.21143e-322 0.197887 0.0222383 0.0202255 2.713 3.363 3.21143e-322 0 1.97626e-323 1.67588e-316 
 1.92 3.279 2.63823 9.57005e-321 1.55716e+142 1.69 3.38 3.21143e-322 0.219727 0.112443 0.0918543 2.69 3.38 3.21143e-322 0 1.97626e-323 1.67588e-316 
 1.899 3.293 2.63925 9.57005e-321 1.55716e+142 1.666 3.374 3.21143e-322 0.214255 0.207981 0.172983 2.666 3.374 3.21143e-322 0 1.97626e-323 1.67588e-316 
 1.891 3.343 2.65183 9.57005e-321 1.55716e+142 1.624 3.371 3.21143e-322 0.223588 0.497527 0.380968 2.624 3.371 3.21143e-322 0 1.97626e-323 1.67588e-316 
 1.862 3.358 2.67388 9.57005e-321 1.55716e+142 1.575 3.376 3.21143e-322 0.238387 0.543141 0.389192 2.575 3.376 3.21143e-322 0 1.97626e-323 1.67588e-316 
 1.832 3.362 2.72071 9.57005e-321 1.55716e+142 1.561 3.385 3.21143e-322 0.229411 0.438581 0.331426 2.561 3.385 3.21143e-322 0 1.97626e-323 1.67588e-316 
 1.799 3.324 2.77555 9.57005e-321 1.55716e+142 1.545 3.394 3.21143e-322 0.230356 0.125364 0.0976481 2.545 3.394 3.21143e-322 0 1.97626e-323 1.67588e-316 
 1.795 3.338 2.8188 9.57005e-321 1.55716e+142 1.531 3.4 3.21143e-322 0.237182 0.120902 0.0914978 2.531 3.4 3.21143e-322 0 1.97626e-323 1.67588e-316 
 1.784 3.308 2.8285 9.57005e-321 1.55716e+142 1.52 3.415 3.21143e-322 0.24943 -0.0971294 -0.0699784 2.52 3.415 3.21143e-322 0 1.97626e-323 1.67588e-316 
 1.759 3.361 2.8398 9.57005e-321 1.55716e+142 1.51 3.431 3.21143e-322 0.226817 0.0354487 0.0281243 2.51 3.431 3.21143e-322 0 1.97626e-323 1.67588e-316 
 1.72 3.387 2.83857 9.57005e-321 1.55716e+142 1.47 3.397 3.21143e-322 0.214201 0.32785 0.268834 2.47 3.397 3.21143e-322 0 1.97626e-323 1.67588e-316 
 1.686 3.384 2.84101 9.57005e-321 1.55716e+142 1.405 3.354 3.21143e-322 0.234086 0.540324 0.39378 2.405 3.354 3.21143e-322 0 1.97626e-323 1.67588e-316 
 1.658 3.405 2.87109 9.57005e-321 1.55716e+142 1.356 3.328 3.21143e-322 0.249112 0.722565 0.481171 2.356 3.328 3.21143e-322 0 1.97626e-323 1.67588e-316 
 1.63 3.416 2.92849 9.57005e-321 1.55716e+142 1.319 3.316 3.21143e-322 0.261003 0.745821 0.475064 2.319 3.316 3.21143e-322 0 1.97626e-323 1.67588e-316 
 1.593 3.37 2.99953 9.57005e-321 1.55716e+142 1.301 3.317 3.21143e-322 0.251368 0.440671 0.305667 2.301 3.317 3.21143e-322 0 1.97626e-323 1.67588e-316 
 1.535 3.366 3.07127 9.57005e-321 1.55716e+142 1.291 3.33 3.21143e-322 0.212804 0.268356 0.223206 2.291 3.33 3.21143e-322 0 1.97626e-323 1.67588e-316 
 1.55 3.38 3.11657 9.57005e-321 1.55716e+142 1.283 3.332 3.21143e-322 0.234625 0.265697 0.201084 2.283 3.332 3.21143e-322 0 1.97626e-323 1.67588e-316 
 1.549 3.437 -3.13606 9.57005e-321 1.55716e+142 1.297 3.344 3.21143e-322 0.225902 0.450461 0.344608 2.297 3.344 3.21143e-322 0 1.97626e-323 1.67588e-316 
 1.53 3.424 -3.10432 9.57005e-321 1.55716e+142 1.265 3.363 3.21143e-322 0.235631 0.247903 0.187159 2.265 3.363 3.21143e-322 0 1.97626e-323 1.67588e-316 
 1.514 3.444 -3.05663 9.57005e-321 1.55716e+142 1.216 3.361 3.21143e-322 0.26823 0.262768 0.17454 2.216 3.361 3.21143e-322 0 1.97626e-323 1.67588e-316 
 1.472 3.447 -3.03089 9.57005e-321 1.55716e+142 1.187 3.365 3.21143e-322 0.257647 0.233338 0.161596 2.187 3.365 3.21143e-322 0 1.97626e-323 1.67588e-316 
 1.473 3.454 -3.00459 9.57005e-321 1.55716e+142 1.165 3.367 3.21143e-322 0.278983 0.198331 0.127272 2.165 3.367 3.21143e-322 0 1.97626e-323 1.67588e-316 
 1.413 3.389 -2.98166 9.57005e-321 1.55716e+142 1.153 3.377 3.21143e-322 0.227286 -0.145826 -0.114978 2.153 3.377 3.21143e-322 0 1.97626e-323 1.67588e-316 
 1.384 3.381 -2.96329 9.57005e-321 1.55716e+142 1.133 3.371 3.21143e-322 0.218876 -0.173668 -0.141862 2.133 3.371 3.21143e-322 0 1.97626e-323 1.67588e-316 
 1.365 3.386 -2.96641 9.57005e-321 1.55716e+142 1.13 3.368 3.21143e-322 0.206025 -0.119214 -0.10378 2.13 3.368 3.21143e-322 0 1.97626e-323 1.67588e-316 
 1.351 3.394 -2.96987 9.57005e-321 1.55716e+142 1.119 3.369 3.21143e-322 0.204378 -0.0772822 -0.0679593 2.119 3.369 3.21143e-322 0 1.97626e-323 1.67588e-316 
 1.333 3.407 -2.9732 9.57005e-321 1.55716e+142 1.096 3.376 3.21143e-322 0.209548 -0.0467103 -0.0401023 2.096 3.376 3.21143e-322 0 1.97626e-323 1.67588e-316 
 1.34 3.421 -2.9768 9.57005e-321 1.55716e+142 1.091 3.381 3.21143e-322 0.221209 -0.00693361 -0.0056419 2.091 3.381 3.21143e-322 0 1.97626e-323 1.67588e-316 
 1.339 3.445 -2.97965 9.57005e-321 1.55716e+142 1.071 3.368 3.21143e-322 0.24344 0.157031 0.115591 2.071 3.368 3.21143e-322 0 1.97626e-323 1.67588e-316 
 1.315 3.457 -2.98056 9.57005e-321 1.55716e+142 1.059 3.354 3.21143e-322 0.238027 0.292692 0.217827 2.059 3.354 3.21143e-322 0 1.97626e-323 1.67588e-316 
 1.271 3.464 -2.97859 9.57005e-321 1.55716e+142 1.039 3.339 3.21143e-322 0.222485 0.424357 0.330714 2.039 3.339 3.21143e-322 0 1.97626e-323 1.67588e-316 
 1.25 3.434 -2.96872 9.57005e-321 1.55716e+142 1.026 3.338 3.21143e-322 0.209751 0.284964 0.239837 2.026 3.338 3.21143e-322 0 1.97626e-323 1.67588e-316 
 1.208 3.397 -2.92979 9.57005e-321 1.55716e+142 1.014 3.326 3.21143e-322 0.179933 0.154187 0.153038 2.014 3.326 3.21143e-322 0 1.97626e-323 1.67588e-316 
 1.177 3.406 -2.90108 9.57005e-321 1.55716e+142 0.974 3.328 3.21143e-322 0.189661 0.144905 0.136666 1.974 3.328 3.21143e-322 0 1.97626e-323 1.67588e-316 
 1.18 3.434 -2.88646 9.57005e-321 1.55716e+142 0.967 3.306 3.21143e-322 0.211786 0.354649 0.292761 1.967 3.306 3.21143e-322 0 1.97626e-323 1.67588e-316 
 1.157 3.424 -2.87247 9.57005e-321 1.55716e+142 0.943 3.292 3.21143e-322 0.214409 0.354183 0.289017 1.943 3.292 3.21143e-322 0 1.97626e-323 1.67588e-316 
 1.093 3.397 -2.83702 9.57005e-321 1.55716e+142 0.919 3.283 3.21143e-322 0.177451 0.305431 0.30044 1.919 3.283 3.21143e-322 0 1.97626e-323 1.67588e-316 
 1.106 3.43 -2.8015 9.57005e-321 1.55716e+142 0.911 3.267 3.21143e-322 0.213176 0.44613 0.36026 1.911 3.267 3.21143e-322 0 1.97626e-323 1.67588e-316 
 1.116 3.396 -2.76999 9.57005e-321 1.55716e+142 0.898 3.249 3.21143e-322 0.22675 0.284942 0.222451 1.898 3.249 3.21143e-322 0 1.97626e-323 1.67588e-316 
 1.112 3.409 -2.7264 9.57005e-321 1.55716e+142 0.882 3.221 3.21143e-322 0.254253 0.37104 0.256877 1.882 3.221 3.21143e-322 0 1.97626e-323 1.67588e-316 
 1.104 3.425 -2.69977 9.57005e-321 1.55716e+142 0.863 3.202 3.21143e-322 0.279337 0.440524 0.276591 1.863 3.202 3.21143e-322 0 1.97626e-323 1.67588e-316 
 1.052 3.386 -2.66219 9.57005e-321 1.55716e+142 0.844 3.196 3.21143e-322 0.241451 0.348175 0.253958 1.844 3.196 3.21143e-322 0 1.97626e-323 1.67588e-316 
 0.946 3.34 -2.61798 9.57005e-321 1.55716e+142 0.813 3.187 3.21143e-322 0.170703 0.360466 0.363233 1.813 3.187 3.21143e-322 0 1.97626e-323 1.67588e-316 
 0.918 3.337 -2.58302 9.57005e-321 1.55716e+142 0.792 3.177 3.21143e-322 0.170899 0.376054 0.377122 1.792 3.177 3.21143e-322 0 1.97626e-323 1.67588e-316 
 0.941 3.337 -2.54572 9.57005e-321 1.55716e+142 0.775 3.167 3.21143e-322 0.205446 0.243841 0.210476 1.775 3.167 3.21143e-322 0 1.97626e-323 1.67588e-316 
 0.922 3.38 -2.51185 9.57005e-321 1.55716e+142 0.749 3.16 3.21143e-322 0.239247 0.36517 0.268124 1.749 3.16 3.21143e-322 0 1.97626e-323 1.67588e-316 
 0.93 3.325 -2.48933 9.57005e-321 1.55716e+142 0.725 3.159 3.21143e-322 0.231313 0.0367082 0.0285573 1.725 3.159 3.21143e-322 0 1.97626e-323 1.67588e-316 
 0.931 3.317 -2.46128 9.57005e-321 1.55716e+142 0.699 3.142 3.21143e-322 0.254802 -0.046472 -0.0328174 1.699 3.142 3.21143e-322 0 1.97626e-323 1.67588e-316 
 0.921 3.331 -2.4601 9.57005e-321 1.55716e+142 0.695 3.13 3.21143e-322 0.265115 0.0633281 0.0429702 1.695 3.13 3.21143e-322 0 1.97626e-323 1.67588e-316 
 0.925 3.338 -2.46026 9.57005e-321 1.55716e+142 0.687 3.11 3.21143e-322 0.28846 0.120352 0.0749595 1.687 3.11 3.21143e-322 0 1.97626e-323 1.67588e-316 
 0.901 3.359 -2.45604 9.57005e-321 1.55716e+142 0.683 3.113 3.21143e-322 0.28592 0.23264 0.145424 1.683 3.113 3.21143e-322 0 1.97626e-323 1.67588e-316 
 0.887 3.283 -2.44415 9.57005e-321 1.55716e+142 0.68 3.092 3.21143e-322 0.246865 0.0640824 0.0466913 1.68 3.092 3.21143e-322 0 1.97626e-323 1.67588e-316 
 0.815 3.243 -2.42022 9.57005e-321 1.55716e+142 0.678 3.07 3.21143e-322 0.191333 0.207733 0.192996 1.678 3.07 3.21143e-322 0 1.97626e-323 1.67588e-316 
 0.767 3.206 -2.41335 9.57005e-321 1.55716e+142 0.669 3.042 3.21143e-322 0.161864 0.317832 0.339739 1.669 3.042 3.21143e-322 0 1.97626e-323 1.67588e-316 
 0.745 3.198 -2.39246 9.57005e-321 1.55716e+142 0.655 3.048 3.21143e-322 0.148868 0.276849 0.323021 1.655 3.048 3.21143e-322 0 1.97626e-323 1.67588e-316 
 0.743 3.177 -2.36141 9.57005e-321 1.55716e+142 0.633 3.054 3.21143e-322 0.144535 0.0579223 0.0720101 1.633 3.054 3.21143e-322 0 1.97626e-323 1.67588e-316 
 0.744 3.187 -2.33402 9.57005e-321 1.55716e+142 0.611 3.046 3.21143e-322 0.170015 0.00746687 0.00790523 1.611 3.046 3.21143e-322 0 1.97626e-323 1.67588e-316 
 0.745 3.169 -2.32867 9.57005e-321 1.55716e+142 0.607 3.03 3.21143e-322 0.171771 -0.0256294 -0.0268507 1.607 3.03 3.21143e-322 0 1.97626e-323 1.67588e-316 
 0.737 3.157 -2.32742 9.57005e-321 1.55716e+142 0.593 3.014 3.21143e-322 0.177942 -0.0354105 -0.0358047 1.593 3.014 3.21143e-322 0 1.97626e-323 1.67588e-316 
 0.689 3.168 -2.32716 9.57005e-321 1.55716e+142 0.584 3.009 3.21143e-322 0.165288 0.181255 0.194883 1.584 3.009 3.21143e-322 0 1.97626e-323 1.67588e-316 
 0.695 3.152 -2.3261 9.57005e-321 1.55716e+142 0.577 2.992 3.21143e-322 0.173465 0.129607 0.133688 1.577 2.992 3.21143e-322 0 1.97626e-323 1.67588e-316 
 0.695 3.102 -2.31189 9.57005e-321 1.55716e+142 0.558 2.979 3.21143e-322 0.160916 -0.10071 -0.112181 1.558 2.979 3.21143e-322 0 1.97626e-323 1.67588e-316 
 0.669 3.093 -2.2986 9.57005e-321 1.55716e+142 0.546 2.949 3.21143e-322 0.166089 0.021885 0.0237136 1.546 2.949 3.21143e-322 0 1.97626e-323 1.67588e-316 
 0.656 3.104 -2.30051 9.57005e-321 1.55716e+142 0.535 2.921 3.21143e-322 0.190975 0.167774 0.156833 1.535 2.921 3.21143e-322 0 1.97626e-323 1.67588e-316 
 0.672 3.088 -2.29821 9.57005e-321 1.55716e+142 0.526 2.899 3.21143e-322 0.209128 0.0848383 0.0728922 1.526 2.899 3.21143e-322 0 1.97626e-323 1.67588e-316 
 0.616 3.118 -2.28446 9.57005e-321 1.55716e+142 0.527 2.871 3.21143e-322 0.219629 0.469351 0.367215 1.527 2.871 3.21143e-322 0 1.97626e-323 1.67588e-316 
 0.587 3.128 -2.27483 9.57005e-321 1.55716e+142 0.531 2.848 3.21143e-322 0.228934 0.672002 0.486081 1.531 2.848 3.21143e-322 0 1.97626e-323 1.67588e-316 
 0.562 3.103 -2.22577 9.57005e-321 1.55716e+142 0.521 2.838 3.21143e-322 0.2151 0.64209 0.493051 1.521 2.838 3.21143e-322 0 1.97626e-323 1.67588e-316 
 0.555 3.035 -2.16041 9.57005e-321 1.55716e+142 0.514 2.826 3.21143e-322 0.17629 0.44295 0.424741 1.514 2.826 3.21143e-322 0 1.97626e-323 1.67588e-316 
 0.564 3.03 -2.09614 9.57005e-321 1.55716e+142 0.497 2.802 3.21143e-322 0.204249 0.28961 0.249892 1.497 2.802 3.21143e-322 0 1.97626e-323 1.67588e-316 
 0.548 3.03 -2.05153 9.57005e-321 1.55716e+142 0.5 2.77 3.21143e-322 0.224865 0.383365 0.297753 1.5 2.77 3.21143e-322 0 1.97626e-323 1.67588e-316 
 0.516 3.025 -2.02406 9.57005e-321 1.55716e+142 0.493 2.754 3.21143e-322 0.227566 0.479997 0.362857 1.493 2.754 3.21143e-322 0 1.97626e-323 1.67588e-316 
 0.512 2.998 -1.98546 9.57005e-321 1.55716e+142 0.47 2.756 3.21143e-322 0.211021 0.299531 0.250147 1.47 2.756 3.21143e-322 0 1.97626e-323 1.67588e-316 
 0.509 2.996 -1.93824 9.57005e-321 1.55716e+142 0.456 2.729 3.21143e-322 0.236384 0.2252 0.169832 1.456 2.729 3.21143e-322 0 1.97626e-323 1.67588e-316 
 0.469 2.961 -1.91019 9.57005e-321 1.55716e+142 0.447 2.707 3.21143e-322 0.218692 0.319015 0.256777 1.447 2.707 3.21143e-322 0 1.97626e-323 1.67588e-316 
 0.492 2.932 -1.88617 9.57005e-321 1.55716e+142 0.444 2.687 3.21143e-322 0.217858 0.152369 0.125232 1.444 2.687 3.21143e-322 0 1.97626e-323 1.67588e-316 
 0.501 2.886 -1.85315 9.57005e-321 1.55716e+142 0.452 2.663 3.21143e-322 0.199961 0.0782249 0.0703001 1.452 2.663 3.21143e-322 0 1.97626e-323 1.67588e-316 
 0.493 2.876 -1.84048 9.57005e-321 1.55716e+142 0.465 2.634 3.21143e-322 0.211906 0.190141 0.160129 1.465 2.634 3.21143e-322 0 1.97626e-323 1.67588e-316 
 0.422 2.872 -1.83341 9.57005e-321 1.55716e+142 0.471 2.607 3.21143e-322 0.220446 0.574336 0.438509 1.471 2.607 3.21143e-322 0 1.97626e-323 1.67588e-316 
 0.419 2.84 -1.81098 9.57005e-321 1.55716e+142 0.468 2.586 3.21143e-322 0.212454 0.542804 0.431045 1.468 2.586 3.21143e-322 0 1.97626e-323 1.67588e-316 
 0.469 2.752 -1.7513 9.57005e-321 1.55716e+142 0.462 2.578 3.21143e-322 0.151612 0.138377 0.162832 1.462 2.578 3.21143e-322 0 1.97626e-323 1.67588e-316 
 0.428 2.766 -1.70405 9.57005e-321 1.55716e+142 0.454 2.559 3.21143e-322 0.17858 0.287092 0.28168 1.454 2.559 3.21143e-322 0 1.97626e-323 1.67588e-316 
 0.408 2.763 -1.69646 9.57005e-321 1.55716e+142 0.445 2.54 3.21143e-322 0.192354 0.339227 0.307378 1.445 2.54 3.21143e-322 0 1.97626e-323 1.67588e-316 
 0.404 2.774 -1.66807 9.57005e-321 1.55716e+142 0.442 2.519 3.21143e-322 0.221465 0.31133 0.247837 1.442 2.519 3.21143e-322 0 1.97626e-323 1.67588e-316 
 0.386 2.737 -1.63352 9.57005e-321 1.55716e+142 0.428 2.509 3.21143e-322 0.199049 0.291532 0.257767 1.428 2.509 3.21143e-322 0 1.97626e-323 1.67588e-316 
 0.385 2.709 -1.60266 9.57005e-321 1.55716e+142 0.405 2.491 3.21143e-322 0.190975 0.142096 0.133138 1.405 2.491 3.21143e-322 0 1.97626e-323 1.67588e-316 
 0.385 2.691 -1.57516 9.57005e-321 1.55716e+142 0.374 2.492 3.21143e-322 0.174654 -0.0551477 -0.0567747 1.374 2.492 3.21143e-322 0 1.97626e-323 1.67588e-316 
 0.365 2.721 -1.56241 9.57005e-321 1.55716e+142 0.346 2.484 3.21143e-322 0.20798 -0.107305 -0.0926034 1.346 2.484 3.21143e-322 0 1.97626e-323 1.67588e-316 
 0.392 2.697 -1.56386 9.57005e-321 1.55716e+142 0.327 2.459 3.21143e-322 0.210777 -0.337933 -0.280955 1.327 2.459 3.21143e-322 0 1.97626e-323 1.67588e-316 
 0.369 2.657 -1.56664 9.57005e-321 1.55716e+142 0.329 2.43 3.21143e-322 0.1999 -0.212275 -0.188865 1.329 2.43 3.21143e-322 0 1.97626e-323 1.67588e-316 
 0.382 2.622 -1.57832 9.57005e-321 1.55716e+142 0.332 2.409 3.21143e-322 0.188493 -0.256151 -0.239899 1.332 2.409 3.21143e-322 0 1.97626e-323 1.67588e-316 
 0.369 2.594 -1.59789 9.57005e-321 1.55716e+142 0.329 2.407 3.21143e-322 0.165647 -0.193114 -0.206846 1.329 2.407 3.21143e-322 0 1.97626e-323 1.67588e-316 
 0.374 2.606 -1.62383 9.57005e-321 1.55716e+142 0.329 2.399 3.21143e-322 0.184072 -0.181449 -0.175608 1.329 2.399 3.21143e-322 0 1.97626e-323 1.67588e-316 
 0.403 2.558 -1.64229 9.57005e-321 1.55716e+142 0.338 2.384 3.21143e-322 0.157973 -0.293599 -0.322835 1.338 2.384 3.21143e-322 0 1.97626e-323 1.67588e-316 
 0.407 2.58 -1.66146 9.57005e-321 1.55716e+142 0.364 2.34 3.21143e-322 0.213308 -0.106792 -0.0898737 1.364 2.34 3.21143e-322 0 1.97626e-323 1.67588e-316 
 0.377 2.552 -1.69136 9.57005e-321 1.55716e+142 0.382 2.329 3.21143e-322 0.194227 0.166631 0.153215 1.382 2.329 3.21143e-322 0 1.97626e-323 1.67588e-316 
 0.384 2.533 -1.69572 9.57005e-321 1.55716e+142 0.432 2.235 3.21143e-322 0.257664 0.394177 0.268706 1.432 2.235 3.21143e-322 0 1.97626e-323 1.67588e-316 
 0.364 2.501 -1.69196 9.57005e-321 1.55716e+142 0.462 2.207 3.21143e-322 0.254311 0.616819 0.411639 1.462 2.207 3.21143e-322 0 1.97626e-323 1.67588e-316 
 0.407 2.482 -1.67507 9.57005e-321 1.55716e+142 0.485 2.185 3.21143e-322 0.25778 0.502863 0.337684 1.485 2.185 3.21143e-322 0 1.97626e-323 1.67588e-316 
 0.397 2.446 -1.62036 9.57005e-321 1.55716e+142 0.489 2.179 3.21143e-322 0.235601 0.506969 0.369534 1.489 2.179 3.21143e-322 0 1.97626e-323 1.67588e-316 
 0.371 2.429 -1.5692 9.57005e-321 1.55716e+142 0.471 2.189 3.21143e-322 0.215968 0.498138 0.393521 1.471 2.189 3.21143e-322 0 1.97626e-323 1.67588e-316 
 0.374 2.386 -1.51667 9.57005e-321 1.55716e+142 0.463 2.178 3.21143e-322 0.189814 0.408484 0.369566 1.463 2.178 3.21143e-322 0 1.97626e-323 1.67588e-316 
 0.379 2.32 -1.46597 9.57005e-321 1.55716e+142 0.476 2.148 3.21143e-322 0.162628 0.434345 0.448123 1.476 2.148 3.21143e-322 0 1.97626e-323 1.67588e-316 
 0.358 2.285 -1.4241 9.57005e-321 1.55716e+142 0.488 2.113 3.21143e-322 0.172164 0.56014 0.523599 1.488 2.113 3.21143e-322 0 1.97626e-323 1.67588e-316 
 0.388 2.296 -1.37926 9.57005e-321 1.55716e+142 0.497 2.074 3.21143e-322 0.211643 0.327829 0.271909 1.497 2.074 3.21143e-322 0 1.97626e-323 1.67588e-316 
 0.413 2.248 -1.32992 9.57005e-321 1.55716e+142 0.492 2.048 3.21143e-322 0.187377 0.154054 0.146922 1.492 2.048 3.21143e-322 0 1.97626e-323 1.67588e-316 
 0.376 2.231 -1.29786 9.57005e-321 1.55716e+142 0.504 2.026 3.21143e-322 0.205963 0.347806 0.295089 1.504 2.026 3.21143e-322 0 1.97626e-323 1.67588e-316 
 0.355 2.233 -1.28084 9.57005e-321 1.55716e+142 0.504 2.013 3.21143e-322 0.225648 0.393595 0.304225 1.504 2.013 3.21143e-322 0 1.97626e-323 1.67588e-316 
 0.341 2.206 -1.24429 9.57005e-321 1.55716e+142 0.51 1.994 3.21143e-322 0.228115 0.450952 0.341864 1.51 1.994 3.21143e-322 0 1.97626e-323 1.67588e-316 
 0.385 2.191 -1.20387 9.57005e-321 1.55716e+142 0.519 1.971 3.21143e-322 0.223427 0.229084 0.182504 1.519 1.971 3.21143e-322 0 1.97626e-323 1.67588e-316 
 0.41 2.188 -1.15856 9.57005e-321 1.55716e+142 0.527 1.943 3.21143e-322 0.23806 0.0437471 0.0330657 1.527 1.943 3.21143e-322 0 1.97626e-323 1.67588e-316 
 0.429 2.133 -1.14082 9.57005e-321 1.55716e+142 0.515 1.907 3.21143e-322 0.211777 -0.0814303 -0.0691015 1.515 1.907 3.21143e-322 0 1.97626e-323 1.67588e-316 
 0.363 2.09 -1.13776 9.57005e-321 1.55716e+142 0.514 1.878 3.21143e-322 0.225595 0.237765 0.187482 1.514 1.878 3.21143e-322 0 1.97626e-323 1.67588e-316 
 0.406 2.082 -1.13393 9.57005e-321 1.55716e+142 0.527 1.854 3.21143e-322 0.226206 0.0651205 0.0517724 1.527 1.854 3.21143e-322 0 1.97626e-323 1.67588e-316 
 0.452 2.03 -1.1109 9.57005e-321 1.55716e+142 0.546 1.823 3.21143e-322 0.199334 -0.0397339 -0.0358645 1.546 1.823 3.21143e-322 0 1.97626e-323 1.67588e-316 
 0.425 2.026 -1.10677 9.57005e-321 1.55716e+142 0.548 1.813 3.21143e-322 0.21548 0.0739673 0.0617098 1.548 1.813 3.21143e-322 0 1.97626e-323 1.67588e-316 
 0.479 2.03 -1.10671 9.57005e-321 1.55716e+142 0.556 1.812 3.21143e-322 0.201684 -0.14853 -0.131792 1.556 1.812 3.21143e-322 0 1.97626e-323 1.67588e-316 
 0.449 2 -1.10504 9.57005e-321 1.55716e+142 0.572 1.818 3.21143e-322 0.19154 0.148411 0.138576 1.572 1.818 3.21143e-322 0 1.97626e-323 1.67588e-316 
 0.482 2.01 -1.10536 9.57005e-321 1.55716e+142 0.598 1.8 3.21143e-322 0.210322 0.0479126 0.040982 1.598 1.8 3.21143e-322 0 1.97626e-323 1.67588e-316 
 0.527 2.013 -1.10033 9.57005e-321 1.55716e+142 0.616 1.785 3.21143e-322 0.213964 -0.121462 -0.101829 1.616 1.785 3.21143e-322 0 1.97626e-323 1.67588e-316 
 0.556 1.94 -1.09854 9.57005e-321 1.55716e+142 0.625 1.774 3.21143e-322 0.157322 -0.0790998 -0.0902562 1.625 1.774 3.21143e-322 0 1.97626e-323 1.67588e-316 
 0.511 1.973 -1.10001 9.57005e-321 1.55716e+142 0.63 1.775 3.21143e-322 0.202275 0.0839461 0.0745634 1.63 1.775 3.21143e-322 0 1.97626e-323 1.67588e-316 
 0.507 1.951 -1.10086 9.57005e-321 1.55716e+142 0.631 1.776 3.21143e-322 0.186676 0.16649 0.159177 1.631 1.776 3.21143e-322 0 1.97626e-323 1.67588e-316 
 0.587 1.909 -1.09796 9.57005e-321 1.55716e+142 0.64 1.773 3.21143e-322 0.127517 -0.0878033 -0.123313 1.64 1.773 3.21143e-322 0 1.97626e-323 1.67588e-316 
 0.575 1.894 -1.09423 9.57005e-321 1.55716e+142 0.632 1.754 3.21143e-322 0.132172 -0.0800804 -0.108629 1.632 1.754 3.21143e-322 0 1.97626e-323 1.67588e-316 
 0.572 1.878 -1.0961 9.57005e-321 1.55716e+142 0.63 1.74 3.21143e-322 0.131001 -0.0679316 -0.0930706 1.63 1.74 3.21143e-322 0 1.97626e-323 1.67588e-316 
 0.572 1.846 -1.09756 9.57005e-321 1.55716e+142 0.632 1.717 3.21143e-322 0.124722 -0.0322544 -0.0465161 1.632 1.717 3.21143e-322 0 1.97626e-323 1.67588e-316 
 0.571 1.855 -1.09821 9.57005e-321 1.55716e+142 0.65 1.694 3.21143e-322 0.15729 -0.0165617 -0.0189506 1.65 1.694 3.21143e-322 0 1.97626e-323 1.67588e-316 
 0.594 1.863 -1.09853 9.57005e-321 1.55716e+142 0.669 1.681 3.21143e-322 0.172245 -0.0874829 -0.0911683 1.669 1.681 3.21143e-322 0 1.97626e-323 1.67588e-316 
 0.62 1.837 -1.09966 9.57005e-321 1.55716e+142 0.692 1.673 3.21143e-322 0.156911 -0.0578825 -0.0663024 1.692 1.673 3.21143e-322 0 1.97626e-323 1.67588e-316 
 0.614 1.82 -1.10294 9.57005e-321 1.55716e+142 0.713 1.672 3.21143e-322 0.155315 0.121998 0.140457 1.713 1.672 3.21143e-322 0 1.97626e-323 1.67588e-316 
 0.604 1.777 -1.10509 9.57005e-321 1.55716e+142 0.725 1.656 3.21143e-322 0.144297 0.309151 0.36807 1.725 1.656 3.21143e-322 0 1.97626e-323 1.67588e-316 
 0.611 1.756 -1.10268 9.57005e-321 1.55716e+142 0.735 1.64 3.21143e-322 0.14201 0.336527 0.403186 1.735 1.64 3.21143e-322 0 1.97626e-323 1.67588e-316 
 0.621 1.719 -1.08638 9.57005e-321 1.55716e+142 0.751 1.641 3.21143e-322 0.117716 0.474078 0.523599 1.751 1.641 3.21143e-322 0 1.97626e-323 1.67588e-316 
 0.599 1.694 -1.05159 9.57005e-321 1.55716e+142 0.765 1.622 3.21143e-322 0.134471 0.628607 0.523599 1.765 1.622 3.21143e-322 0 1.97626e-323 1.67588e-316 
 0.624 1.723 -1.00234 9.57005e-321 1.55716e+142 0.781 1.616 3.21143e-322 0.156613 0.418442 0.448275 1.781 1.616 3.21143e-322 0 1.97626e-323 1.67588e-316 
 0.622 1.743 -0.938771 9.57005e-321 1.55716e+142 0.803 1.609 3.21143e-322 0.191158 0.351541 0.319669 1.803 1.609 3.21143e-322 0 1.97626e-323 1.67588e-316 
 0.631 1.729 -0.899832 9.57005e-321 1.55716e+142 0.818 1.598 3.21143e-322 0.194356 0.339829 0.304914 1.818 1.598 3.21143e-322 0 1.97626e-323 1.67588e-316 
 0.654 1.696 -0.864908 9.57005e-321 1.55716e+142 0.839 1.593 3.21143e-322 0.177205 0.398733 0.384828 1.839 1.593 3.21143e-322 0 1.97626e-323 1.67588e-316 
 0.646 1.686 -0.828689 9.57005e-321 1.55716e+142 0.847 1.565 3.21143e-322 0.199831 0.343367 0.299959 1.847 1.565 3.21143e-322 0 1.97626e-323 1.67588e-316 
 0.637 1.65 -0.788987 9.57005e-321 1.55716e+142 0.873 1.559 3.21143e-322 0.208295 0.523765 0.425027 1.873 1.559 3.21143e-322 0 1.97626e-323 1.67588e-316 
 0.669 1.621 -0.75182 9.57005e-321 1.55716e+142 0.89 1.538 3.21143e-322 0.195871 0.469135 0.407044 1.89 1.538 3.21143e-322 0 1.97626e-323 1.67588e-316 
 0.689 1.631 -0.698479 9.57005e-321 1.55716e+142 0.911 1.518 3.21143e-322 0.214573 0.283368 0.23338 1.911 1.518 3.21143e-322 0 1.97626e-323 1.67588e-316 
 0.701 1.605 -0.655574 9.57005e-321 1.55716e+142 0.931 1.508 3.21143e-322 0.213958 0.319298 0.262426 1.931 1.508 3.21143e-322 0 1.97626e-323 1.67588e-316 
 0.748 1.585 -0.628276 9.57005e-321 1.55716e+142 0.952 1.484 3.21143e-322 0.197656 0.198856 0.179151 1.952 1.484 3.21143e-322 0 1.97626e-323 1.67588e-316 
 0.762 1.582 -0.600242 9.57005e-321 1.55716e+142 0.98 1.468 3.21143e-322 0.214733 0.146711 0.122367 1.98 1.468 3.21143e-322 0 1.97626e-323 1.67588e-316 
 0.771 1.542 -0.581164 9.57005e-321 1.55716e+142 1.002 1.463 3.21143e-322 0.209415 0.309174 0.259743 2.002 1.463 3.21143e-322 0 1.97626e-323 1.67588e-316 
 0.767 1.517 -0.561858 9.57005e-321 1.55716e+142 1.014 1.454 3.21143e-322 0.216081 0.392533 0.316029 2.014 1.454 3.21143e-322 0 1.97626e-323 1.67588e-316 
 0.786 1.505 -0.528951 9.57005e-321 1.55716e+142 1.038 1.458 3.21143e-322 0.215663 0.434075 0.347585 2.038 1.458 3.21143e-322 0 1.97626e-323 1.67588e-316 
 0.779 1.527 -0.488528 9.57005e-321 1.55716e+142 1.056 1.452 3.21143e-322 0.247483 0.302668 0.216681 2.056 1.452 3.21143e-322 0 1.97626e-323 1.67588e-316 
 0.798 1.494 -0.446352 9.57005e-321 1.55716e+142 1.071 1.445 3.21143e-322 0.237352 0.355573 0.263391 2.071 1.445 3.21143e-322 0 1.97626e-323 1.67588e-316 
 0.864 1.528 -0.415469 9.57005e-321 1.55716e+142 1.092 1.444 3.21143e-322 0.212841 0.0768896 0.0649343 2.092 1.444 3.21143e-322 0 1.97626e-323 1.67588e-316 
 0.864 1.515 -0.37944 9.57005e-321 1.55716e+142 1.116 1.442 3.21143e-322 0.22938 0.125503 0.0981687 2.116 1.442 3.21143e-322 0 1.97626e-323 1.67588e-316 
 0.876 1.487 -0.372637 9.57005e-321 1.55716e+142 1.132 1.424 3.21143e-322 0.229885 0.169483 0.131934 2.132 1.424 3.21143e-322 0 1.97626e-323 1.67588e-316 
 0.909 1.498 -0.360463 9.57005e-321 1.55716e+142 1.135 1.413 3.21143e-322 0.211793 0.000886121 0.000753101 2.135 1.413 3.21143e-322 0 1.97626e-323 1.67588e-316 
 0.946 1.476 -0.345672 9.57005e-321 1.55716e+142 1.15 1.41 3.21143e-322 0.187998 0.0372921 0.0356904 2.15 1.41 3.21143e-322 0 1.97626e-323 1.67588e-316 
 0.94 1.456 -0.344781 9.57005e-321 1.55716e+142 1.173 1.408 3.21143e-322 0.207199 0.171828 0.148178 2.173 1.408 3.21143e-322 0 1.97626e-323 1.67588e-316 
 0.974 1.431 -0.340275 9.57005e-321 1.55716e+142 1.175 1.394 3.21143e-322 0.177635 0.174152 0.174673 2.175 1.394 3.21143e-322 0 1.97626e-323 1.67588e-316 
 0.994 1.407 -0.322691 9.57005e-321 1.55716e+142 1.235 1.411 3.21143e-322 0.202917 0.41197 0.350366 2.235 1.411 3.21143e-322 0 1.97626e-323 1.67588e-316 
 1.055 1.369 -0.303349 9.57005e-321 1.55716e+142 1.306 1.443 3.21143e-322 0.202242 0.739209 0.523599 2.306 1.443 3.21143e-322 0 1.97626e-323 1.67588e-316 
 1.073 1.402 -0.256463 9.57005e-321 1.55716e+142 1.285 1.411 3.21143e-322 0.180131 0.335435 0.323422 2.285 1.411 3.21143e-322 0 1.97626e-323 1.67588e-316 
 1.125 1.405 -0.184311 9.57005e-321 1.55716e+142 1.342 1.436 3.21143e-322 0.184959 0.373388 0.348543 2.342 1.436 3.21143e-322 0 1.97626e-323 1.67588e-316 
 1.14 1.386 -0.151221 9.57005e-321 1.55716e+142 1.414 1.458 3.21143e-322 0.234594 0.542694 0.394564 2.414 1.458 3.21143e-322 0 1.97626e-323 1.67588e-316 
 1.17 1.398 -0.112803 9.57005e-321 1.55716e+142 1.495 1.485 3.21143e-322 0.281787 0.54582 0.335479 2.495 1.485 3.21143e-322 0 1.97626e-323 1.67588e-316 
 1.167 1.403 -0.0598281 9.57005e-321 1.55716e+142 1.594 1.528 3.21143e-322 0.376266 0.569123 0.265817 2.594 1.528 3.21143e-322 0 1.97626e-323 1.67588e-316 
 1.157 1.407 -0.00580697 9.57005e-321 1.55716e+142 1.683 1.593 3.21143e-322 0.472498 0.617711 0.231115 2.683 1.593 3.21143e-322 0 1.97626e-323 1.67588e-316 
 1.179 1.415 0.0456838 9.57005e-321 1.55716e+142 1.678 1.621 3.21143e-322 0.457083 0.611573 0.236337 2.678 1.621 3.21143e-322 0 1.97626e-323 1.67588e-316 
 1.255 1.46 0.102494 9.57005e-321 1.55716e+142 1.614 1.564 3.21143e-322 0.32453 0.277117 0.152509 2.614 1.564 3.21143e-322 0 1.97626e-323 1.67588e-316 
 1.272 1.476 0.162046 9.57005e-321 1.55716e+142 1.494 1.466 3.21143e-322 0.191943 -0.240312 -0.221657 2.494 1.466 3.21143e-322 0 1.97626e-323 1.67588e-316 
 1.307 1.438 0.183757 9.57005e-321 1.55716e+142 1.46 1.415 3.21143e-322 0.129903 -0.298859 -0.392614 2.46 1.415 3.21143e-322 0 1.97626e-323 1.67588e-316 
 1.316 1.45 0.177544 9.57005e-321 1.55716e+142 1.529 1.45 3.21143e-322 0.18471 -0.200683 -0.193128 2.529 1.45 3.21143e-322 0 1.97626e-323 1.67588e-316 
 1.359 1.457 0.16739 9.57005e-321 1.55716e+142 1.54 1.437 3.21143e-322 0.15514 -0.281012 -0.315173 2.54 1.437 3.21143e-322 0 1.97626e-323 1.67588e-316 
 1.362 1.467 0.153816 9.57005e-321 1.55716e+142 1.593 1.397 3.21143e-322 0.196893 -0.540871 -0.459209 2.593 1.397 3.21143e-322 0 1.97626e-323 1.67588e-316 
 1.374 1.464 0.12283 9.57005e-321 1.55716e+142 1.665 1.419 3.21143e-322 0.251723 -0.377657 -0.26376 2.665 1.419 3.21143e-322 0 1.97626e-323 1.67588e-316 
 1.409 1.425 0.0734339 9.57005e-321 1.55716e+142 1.741 1.477 3.21143e-322 0.294127 0.120511 0.0736168 2.741 1.477 3.21143e-322 0 1.97626e-323 1.67588e-316 
 1.421 1.462 0.0378584 9.57005e-321 1.55716e+142 1.787 1.548 3.21143e-322 0.325933 0.29857 0.163418 2.787 1.548 3.21143e-322 0 1.97626e-323 1.67588e-316 
 1.425 1.472 0.039404 9.57005e-321 1.55716e+142 1.826 1.605 3.21143e-322 0.361658 0.455637 0.223003 2.826 1.605 3.21143e-322 0 1.97626e-323 1.67588e-316 
 1.472 1.467 0.0495383 9.57005e-321 1.55716e+142 1.823 1.61 3.21143e-322 0.320605 0.521166 0.284656 2.823 1.61 3.21143e-322 0 1.97626e-323 1.67588e-316 
 1.497 1.473 0.090538 9.57005e-321 1.55716e+142 1.754 1.509 3.21143e-322 0.227444 0.0622531 0.0492276 2.754 1.509 3.21143e-322 0 1.97626e-323 1.67588e-316 
 1.524 1.462 0.14311 9.57005e-321 1.55716e+142 1.723 1.438 3.21143e-322 0.17137 -0.284835 -0.290704 2.723 1.438 3.21143e-322 0 1.97626e-323 1.67588e-316 
 1.538 1.441 0.149308 9.57005e-321 1.55716e+142 1.731 1.425 3.21143e-322 0.166502 -0.245695 -0.259619 2.731 1.425 3.21143e-322 0 1.97626e-323 1.67588e-316 
 1.553 1.399 0.144524 9.57005e-321 1.55716e+142 1.742 1.438 3.21143e-322 0.169057 0.0625578 0.0665088 2.742 1.438 3.21143e-322 0 1.97626e-323 1.67588e-316 
 1.565 1.423 0.137088 9.57005e-321 1.55716e+142 1.759 1.425 3.21143e-322 0.169168 -0.134841 -0.142502 2.759 1.425 3.21143e-322 0 1.97626e-323 1.67588e-316 
 1.588 1.434 0.138217 9.57005e-321 1.55716e+142 1.792 1.445 3.21143e-322 0.178734 -0.092945 -0.0933312 2.792 1.445 3.21143e-322 0 1.97626e-323 1.67588e-316 
 1.64 1.458 0.13042 9.57005e-321 1.55716e+142 1.883 1.514 3.21143e-322 0.218034 0.120057 0.0987913 2.883 1.514 3.21143e-322 0 1.97626e-323 1.67588e-316 
 1.609 1.441 0.123533 9.57005e-321 1.55716e+142 1.971 1.587 3.21143e-322 0.335197 0.407996 0.215685 2.971 1.587 3.21143e-322 0 1.97626e-323 1.67588e-316 
 1.656 1.459 0.12817 9.57005e-321 1.55716e+142 1.914 1.542 3.21143e-322 0.235019 0.239747 0.181599 2.914 1.542 3.21143e-322 0 1.97626e-323 1.67588e-316 
 1.69 1.46 0.146423 9.57005e-321 1.55716e+142 1.962 1.571 3.21143e-322 0.2527 0.329532 0.230554 2.962 1.571 3.21143e-322 0 1.97626e-323 1.67588e-316 
 1.709 1.459 0.160222 9.57005e-321 1.55716e+142 2.035 1.619 3.21143e-322 0.309707 0.449349 0.255453 3.035 1.619 3.21143e-322 0 1.97626e-323 1.67588e-316 
 1.726 1.446 0.193124 9.57005e-321 1.55716e+142 2.057 1.646 3.21143e-322 0.32624 0.545873 0.292539 3.057 1.646 3.21143e-322 0 1.97626e-323 1.67588e-316 
 1.787 1.466 0.236985 9.57005e-321 1.55716e+142 2.071 1.653 3.21143e-322 0.286836 0.506845 0.307945 3.071 1.653 3.21143e-322 0 1.97626e-323 1.67588e-316 
 1.84 1.485 0.291192 9.57005e-321 1.55716e+142 2.084 1.676 3.21143e-322 0.259374 0.521538 0.347268 3.084 1.676 3.21143e-322 0 1.97626e-323 1.67588e-316 
 1.846 1.47 0.342871 9.57005e-321 1.55716e+142 2.106 1.705 3.21143e-322 0.292334 0.582508 0.344378 3.106 1.705 3.21143e-322 0 1.97626e-323 1.67588e-316 
 1.858 1.457 0.395984 9.57005e-321 1.55716e+142 2.038 1.641 3.21143e-322 0.213338 0.504053 0.402112 3.038 1.641 3.21143e-322 0 1.97626e-323 1.67588e-316 
 1.904 1.479 0.454727 9.57005e-321 1.55716e+142 1.974 1.577 3.21143e-322 0.0951855 0.361382 0.523599 2.974 1.577 3.21143e-322 0 1.97626e-323 1.67588e-316 
 1.89 1.461 0.502859 9.57005e-321 1.55716e+142 1.942 1.555 3.21143e-322 0.0820353 0.370533 0.523599 2.942 1.555 3.21143e-322 0 1.97626e-323 1.67588e-316 
 1.924 1.484 0.534029 9.57005e-321 1.55716e+142 1.933 1.565 3.21143e-322 0.0462055 0.449755 0.523599 2.933 1.565 3.21143e-322 0 1.97626e-323 1.67588e-316 
 1.947 1.525 0.572578 9.57005e-321 1.55716e+142 1.94 1.582 3.21143e-322 0.0240771 0.372794 0.523599 2.94 1.582 3.21143e-322 0 1.97626e-323 1.67588e-316 
 1.95 1.478 0.618617 9.57005e-321 1.55716e+142 1.96 1.594 3.21143e-322 0.0718167 0.580804 0.523599 2.96 1.594 3.21143e-322 0 1.97626e-323 1.67588e-316 
 1.959 1.502 0.661301 9.57005e-321 1.55716e+142 1.978 1.612 3.21143e-322 0.0764522 0.489376 0.523599 2.978 1.612 3.21143e-322 0 1.97626e-323 1.67588e-316 
 1.96 1.506 0.719434 9.57005e-321 1.55716e+142 1.996 1.623 3.21143e-322 0.0942364 0.405723 0.523599 2.996 1.623 3.21143e-322 0 1.97626e-323 1.67588e-316 
