 1.654 1.159 0.419719 0 0 2.32237 1.57063 0.707713 0 0 0 2.998 3.415 0 0 0 0 
 1.659 1.157 0.419718 0 0 2.32647 1.56863 0.70896 0.516494 0.172789 0.133027 3 3.413 0 0 0 0 
 1.646 1.146 0.420617 0 0 2.31617 1.56094 0.712632 0.51911 0.174323 0.133525 2.996 3.413 0 0 0 0 
 1.643 1.145 0.426208 0 0 2.31527 1.55933 0.708378 0.520445 0.164535 0.12579 3 3.41 0 0 0 0 
 1.664 1.149 0.430006 0 0 2.33057 1.56273 0.714962 0.517068 0.163215 0.125597 3.002 3.412 0 0 0 0 
 1.702 1.16 0.434736 0 0 2.35717 1.57163 0.726502 0.509921 0.163118 0.127264 3.002 3.416 0 0 0 0 
 1.743 1.164 0.44723 0 0 2.38527 1.57203 0.737273 0.501784 0.152272 0.120794 3 3.408 0 0 0 0 
 1.803 1.172 0.461407 0 0 2.42787 1.57883 0.761904 0.491819 0.146973 0.118969 3.002 3.412 0 0 0 0 
 1.849 1.2 0.476758 0 0 2.46007 1.59813 0.762641 0.48161 0.126554 0.104724 3.002 3.411 0 0 0 0 
 1.894 1.226 0.490508 0 0 2.49217 1.61663 0.765037 0.472169 0.109502 0.0925002 3.004 3.412 0 0 0 0 
 1.94 1.254 0.502744 0 0 2.52557 1.63713 0.767011 0.462793 0.0943842 0.0813977 3.008 3.415 0 0 0 0 
 1.981 1.295 0.513042 0 0 2.55397 1.66673 0.7583 0.452013 0.075999 0.0671527 3.007 3.418 0 0 0 0 
 2.031 1.312 0.522024 0 0 2.59076 1.67863 0.768092 0.442939 0.0696089 0.0627783 3.013 3.418 0 0 0 0 
 2.092 1.327 0.529743 0 0 2.63317 1.68823 0.788215 0.430676 0.0697622 0.0647028 3.012 3.415 0 0 0 0 
 2.131 1.341 0.536536 0 0 2.65927 1.69713 0.799047 0.421741 0.0663808 0.0628758 3.008 3.412 0 0 0 0 
 2.181 1.36 0.544227 0 0 2.69517 1.70953 0.808348 0.411624 0.0610792 0.0592848 3.011 3.409 0 0 0 0 
 2.226 1.381 0.551381 0 0 2.72697 1.72454 0.81821 0.402212 0.0567429 0.0563711 3.012 3.41 0 0 0 0 
 2.258 1.398 0.557878 0 0 2.74756 1.73403 0.819293 0.393259 0.0491904 0.0499919 3.006 3.402 0 0 0 0 
 2.283 1.415 0.563556 0 0 2.76357 1.74653 0.825144 0.386699 0.045019 0.046534 3.001 3.404 0 0 0 0 
 2.342 1.432 0.568342 0 0 2.80697 1.75783 0.843611 0.376029 0.0470884 0.0500484 3.008 3.402 0 0 0 0 
 2.38 1.453 0.573239 0 0 2.83207 1.77253 0.854039 0.366649 0.0454698 0.0495651 3.003 3.402 0 0 0 0 
 2.417 1.481 0.578816 0 0 2.86007 1.79153 0.843792 0.358439 0.0346517 0.0386503 3.01 3.4 0 0 0 0 
 2.456 1.506 0.583569 0 0 2.88527 1.80963 0.854908 0.348335 0.0335895 0.0385524 3.003 3.402 0 0 0 0 
 2.491 1.532 0.587715 0 0 2.90857 1.82873 0.860628 0.339384 0.0310322 0.0365585 2.999 3.405 0 0 0 0 
 2.526 1.542 0.591703 0 0 2.93367 1.83544 0.876704 0.33276 0.0327567 0.0393555 3.001 3.404 0 0 0 0 
 2.576 1.555 0.594566 0 0 2.96897 1.84303 0.900296 0.322727 0.0378757 0.0469102 3.002 3.399 0 0 0 0 
 2.604 1.572 0.598233 0 0 2.98857 1.85463 0.903866 0.316146 0.0350179 0.0442771 3.002 3.398 0 0 0 0 
 2.618 1.592 0.601807 0 0 2.99687 1.86803 0.89237 0.310575 0.0270961 0.0348838 2.997 3.396 0 0 0 0 
 2.64 1.597 0.605215 0 0 3.01497 1.87303 0.906076 0.30848 0.0284518 0.0368761 3.006 3.401 0 0 0 0 
 2.671 1.611 0.608604 0 0 3.03517 1.88223 0.921955 0.300821 0.0300726 0.039966 3.001 3.399 0 0 0 0 
 2.702 1.623 0.61194 0 0 3.05566 1.89273 0.955574 0.294601 0.0372247 0.0504996 2.997 3.406 0 0 0 0 
 2.731 1.642 0.614823 0 0 3.07777 1.90543 0.949867 0.288477 0.0322687 0.0447137 3.003 3.404 0 0 0 0 
 2.759 1.648 0.617485 0 0 3.09617 1.91053 0.986602 0.28299 0.0403021 0.0569047 2.999 3.407 0 0 0 0 
 2.781 1.653 0.6214 0 0 3.11216 1.91553 1.01484 0.279815 0.04435 0.0633143 3.001 3.412 0 0 0 0 
 2.813 1.663 0.625529 0 0 3.13307 1.92343 1.05826 0.273113 0.0512745 0.0749556 2.996 3.415 0 0 0 0 
 2.825 1.677 0.630052 0 0 3.14177 1.93264 1.0442 0.269514 0.0432341 0.0640783 2.997 3.413 0 0 0 0 
 2.84 1.702 0.634797 0 0 3.14987 1.95073 1.03526 0.263159 0.0361167 0.054842 2.989 3.415 0 0 0 0 
 2.88 1.725 0.639118 0 0 3.17877 1.96624 1.04509 0.254329 0.0340053 0.0534313 2.992 3.413 0 0 0 0 
 2.903 1.747 0.642729 0 0 3.19307 1.98193 1.05033 0.247241 0.0315672 0.0510269 2.986 3.414 0 0 0 0 
 2.928 1.77 0.646627 0 0 3.21027 1.99713 1.03934 0.240023 0.0251364 0.0418656 2.985 3.411 0 0 0 0 
 2.94 1.781 0.650015 0 0 3.22077 2.00303 1.01091 0.237196 0.0153701 0.0259139 2.992 3.405 0 0 0 0 
 2.974 1.805 0.652682 0 0 3.24367 2.02103 1.03196 0.228951 0.0178204 0.0311241 2.989 3.409 0 0 0 0 
 3.005 1.796 0.654981 0 0 3.26687 2.01353 1.095 0.225486 0.0296012 0.0524627 2.994 3.405 0 0 0 0 
 3.037 1.814 0.657203 0 0 3.28836 2.02703 1.13264 0.218184 0.0346413 0.0634232 2.991 3.408 0 0 0 0 
 3.049 1.823 0.660365 0 0 3.29587 2.03693 1.1772 0.216239 0.0402995 0.0744087 2.988 3.42 0 0 0 0 
 3.062 1.831 0.663341 0 0 3.30797 2.04283 1.16447 0.214934 0.0355877 0.0661336 2.998 3.421 0 0 0 0 
 3.086 1.847 0.667575 0 0 3.32747 2.05493 1.16424 0.211025 0.0319231 0.060437 3.007 3.424 0 0 0 0 
 3.108 1.863 0.671214 0 0 3.34257 2.06674 1.18188 0.205744 0.0317406 0.0616308 3.006 3.426 0 0 0 0 
 3.146 1.871 0.674868 0 0 3.36707 2.07354 1.3029 0.198331 0.0468993 0.0943075 2.999 3.43 0 0 0 0 
 3.158 1.886 0.677971 0 0 3.37547 2.08404 1.2881 0.194628 0.0419687 0.0860413 2.999 3.43 0 0 0 0 
 3.177 1.916 0.682407 0 0 3.38937 2.10623 1.24933 0.188772 0.0324335 0.0686173 3.001 3.434 0 0 0 0 
 3.183 1.934 0.685866 0 0 3.39327 2.11883 1.20734 0.185443 0.0234415 0.0505204 3 3.434 0 0 0 0 
 3.188 1.939 0.689185 0 0 3.39797 2.12203 1.18952 0.184545 0.0184065 0.0398748 3.004 3.433 0 0 0 0 
 3.205 1.952 0.691867 0 0 3.40927 2.13233 1.2167 0.18051 0.0204201 0.045219 3.002 3.437 0 0 0 0 
 3.222 1.963 0.694498 0 0 3.42026 2.13643 1.19684 0.174536 0.0153148 0.0350839 2.999 3.425 0 0 0 0 
 3.253 1.971 0.696857 0 0 3.44077 2.14203 1.28876 0.168201 0.025763 0.0611905 2.995 3.425 0 0 0 0 
 3.273 1.971 0.699035 0 0 3.45537 2.14143 1.35377 0.165232 0.0318181 0.0768749 2.997 3.423 0 0 0 0 
 3.291 1.971 0.701529 0 0 3.46947 2.13963 1.38347 0.162511 0.0331745 0.0814738 3.002 3.417 0 0 0 0 
 3.311 1.987 0.704311 0 0 3.48317 2.15053 1.39801 0.157163 0.0321629 0.0816766 3.001 3.416 0 0 0 0 
 3.329 1.998 0.707432 0 0 3.49547 2.15823 1.43621 0.152899 0.0334265 0.0872252 3 3.416 0 0 0 0 
 3.349 1.996 0.710923 0 0 3.50947 2.15714 1.5718 0.150328 0.0428578 0.113548 3 3.417 0 0 0 0 
 3.357 2.002 0.714487 0 0 3.51597 2.16044 1.54604 0.148433 0.0383383 0.102949 3.003 3.414 0 0 0 0 
 3.376 2.013 0.718625 0 0 3.53197 2.16543 1.4825 0.144342 0.0299027 0.0826773 3.012 3.405 0 0 0 0 
 3.394 2.029 0.722304 0 0 3.55027 2.17543 1.36091 0.141872 0.0163045 0.0459373 3.031 3.401 0 0 0 0 
 3.401 2.041 0.725008 0 0 3.56747 2.18323 1.14859 0.145092 -0.00973191 -0.0268232 3.072 3.399 0 0 0 0 
 3.405 2.041 0.727162 0 0 3.58167 2.18713 1.08728 0.151864 -0.0203384 -0.0535187 3.11 3.412 0 0 0 0 
 3.428 2.042 0.727724 0 0 3.60617 2.19024 1.09785 0.153528 -0.0192188 -0.0500308 3.138 3.42 0 0 0 0 
 3.442 2.047 0.727765 0 0 3.62106 2.19583 1.09602 0.154238 -0.0195978 -0.050781 3.155 3.427 0 0 0 0 
 3.45 2.064 0.728018 0 0 3.63147 2.20953 1.03377 0.153984 -0.0297148 -0.0770367 3.171 3.433 0 0 0 0 
 3.451 2.084 0.728433 0 0 3.63457 2.22474 0.96324 0.152929 -0.0422207 -0.109987 3.179 3.437 0 0 0 0 
 3.45 2.11 0.72834 0 0 3.63507 2.24173 0.862717 0.149761 -0.061322 -0.162345 3.183 3.433 0 0 0 0 
 3.454 2.127 0.728067 0 0 3.64087 2.25184 0.789083 0.147678 -0.0769772 -0.205555 3.193 3.427 0 0 0 0 
 3.467 2.134 0.726894 0 0 3.64907 2.25674 0.798993 0.14438 -0.0725782 -0.198429 3.19 3.427 0 0 0 0 
 3.487 2.132 0.7259 0 0 3.66127 2.25653 0.867611 0.14126 -0.056056 -0.157418 3.184 3.431 0 0 0 0 
 3.494 2.141 0.724097 0 0 3.66917 2.26163 0.823141 0.14005 -0.0639262 -0.180592 3.194 3.427 0 0 0 0 
 3.504 2.144 0.721733 0 0 3.67437 2.26284 0.838077 0.136893 -0.058342 -0.168852 3.188 3.424 0 0 0 0 
 3.517 2.155 0.719379 0 0 3.68137 2.26963 0.837924 0.132093 -0.0554163 -0.166261 3.181 3.421 0 0 0 0 
 3.528 2.158 0.715677 0 0 3.68937 2.27143 0.847381 0.13011 -0.0510008 -0.155527 3.182 3.42 0 0 0 0 
 3.538 2.153 0.712303 0 0 3.69697 2.26734 0.875734 0.12932 -0.0437124 -0.134392 3.184 3.418 0 0 0 0 
 3.572 2.163 0.708179 0 0 3.72017 2.27464 0.938061 0.122734 -0.0293603 -0.0953968 3.182 3.419 0 0 0 0 
 3.585 2.163 0.704509 0 0 3.72927 2.27674 1.00597 0.121677 -0.0171975 -0.0564746 3.182 3.426 0 0 0 0 
 3.59 2.17 0.702246 0 0 3.73276 2.28314 1.01421 0.120669 -0.014862 -0.0492256 3.182 3.431 0 0 0 0 
 3.602 2.184 0.700606 0 0 3.74267 2.29263 0.974132 0.117693 -0.0194615 -0.0660471 3.187 3.43 0 0 0 0 
 3.617 2.196 0.698747 0 0 3.75167 2.30164 0.99806 0.113374 -0.0147028 -0.051827 3.182 3.432 0 0 0 0 
 3.625 2.212 0.696814 0 0 3.75577 2.31373 0.985308 0.109741 -0.0151605 -0.0552034 3.177 3.435 0 0 0 0 
 3.619 2.23 0.695478 0 0 3.75097 2.32633 0.894924 0.108078 -0.0272607 -0.100552 3.175 3.435 0 0 0 0 
 3.62 2.235 0.693538 0 0 3.75136 2.33013 0.884532 0.107278 -0.0278561 -0.103494 3.174 3.436 0 0 0 0 
 3.635 2.251 0.690776 0 0 3.76277 2.34013 0.838275 0.102934 -0.0328483 -0.126962 3.177 3.432 0 0 0 0 
 3.63 2.264 0.688057 0 0 3.75777 2.34923 0.787582 0.101329 -0.0396089 -0.155102 3.172 3.432 0 0 0 0 
 3.639 2.275 0.685289 0 0 3.76527 2.35724 0.762239 0.0993344 -0.0421534 -0.168141 3.176 3.433 0 0 0 0 
 3.661 2.281 0.681223 0 0 3.78247 2.36083 0.771735 0.0958941 -0.037695 -0.155959 3.182 3.431 0 0 0 0 
 3.672 2.279 0.677095 0 0 3.78896 2.36094 0.843157 0.0944571 -0.0245725 -0.103685 3.178 3.436 0 0 0 0 
 3.681 2.266 0.673735 0 0 3.79557 2.35394 0.964936 0.0956997 -0.00718191 -0.0300095 3.179 3.443 0 0 0 0 
 3.697 2.267 0.671506 0 0 3.81007 2.35703 1.02207 0.0957897 0.000369681 0.00154372 3.19 3.451 0 0 0 0 
 3.707 2.261 0.670449 0 0 3.81857 2.35733 1.16978 0.0976122 0.0160224 0.0655633 3.195 3.466 0 0 0 0 
 3.706 2.248 0.669709 0 0 3.82027 2.35273 1.30403 0.102485 0.028928 0.112431 3.203 3.481 0 0 0 0 
 3.709 2.257 0.669955 0 0 3.82507 2.36353 1.30753 0.104163 0.0295388 0.11295 3.212 3.496 0 0 0 0 
 3.725 2.26 0.670406 0 0 3.83626 2.37223 1.58768 0.104064 0.0485946 0.184659 3.212 3.518 0 0 0 0 
 3.731 2.275 0.670996 0 0 3.84346 2.38814 1.578 0.105064 0.0482006 0.18149 3.222 3.536 0 0 0 0 
 3.73 2.281 0.671519 0 0 3.84607 2.40313 1.75263 0.110687 0.0600448 0.213676 3.233 3.572 0 0 0 0 
 3.739 2.288 0.672403 0 0 3.85447 2.41914 2.15151 0.11418 0.0784023 0.268053 3.24 3.609 0 0 0 0 
 3.754 2.298 0.673727 0 0 3.86197 2.43604 3.32337 0.113309 0.10363 0.350711 3.23 3.642 0 0 0 0 
 3.764 2.299 0.674535 0 0 3.86297 2.44273 8.40529 0.111204 0.129273 0.435252 3.21 3.662 0 0 0 0 
 3.777 2.317 0.677649 0 0 3.86607 2.46163 -18.8045 0.106703 0.146262 0.501532 3.19 3.683 0 0 0 0 
 3.786 2.317 0.68385 0 0 3.86727 2.47003 -3.09661 0.106693 0.173062 0.523599 3.173 3.711 0 0 0 0 
 3.796 2.334 0.697724 0 0 3.86947 2.49004 -1.61962 0.104755 0.186461 0.523599 3.157 3.738 0 0 0 0 
 3.796 2.344 0.715139 0 0 3.86617 2.49944 -1.33062 0.103635 0.184032 0.523599 3.146 3.746 0 0 0 0 
 3.794 2.354 0.733199 0 0 3.86207 2.50974 -1.14655 0.103539 0.181015 0.523599 3.137 3.757 0 0 0 0 
 3.802 2.363 0.751733 0 0 3.86647 2.51663 -0.947338 0.10164 0.176317 0.523599 3.133 3.759 0 0 0 0 
 3.806 2.365 0.770252 0 0 3.86927 2.51773 -0.890219 0.101406 0.169562 0.523599 3.133 3.758 0 0 0 0 
 3.815 2.367 0.787838 0 0 3.87407 2.52213 -0.566051 0.101369 0.1747 0.523599 3.128 3.768 0 0 0 0 
 3.828 2.383 0.804611 0 0 3.88227 2.53243 -0.408477 0.0971043 0.167554 0.523599 3.125 3.765 0 0 0 0 
 3.849 2.395 0.82229 0 0 3.89787 2.53963 -0.183735 0.0930351 0.163317 0.523599 3.128 3.761 0 0 0 0 
 3.854 2.401 0.838934 0 0 3.89957 2.54533 0.0260836 0.0921026 0.163281 0.523599 3.122 3.766 0 0 0 0 
 3.858 2.413 0.855534 0 0 3.90267 2.55494 0.0361883 0.0911114 0.155126 0.523599 3.123 3.77 0 0 0 0 
 3.865 2.423 0.871821 0 0 3.90847 2.55984 0.00656903 0.0885406 0.143514 0.523599 3.126 3.763 0 0 0 0 
 3.877 2.436 0.886867 0 0 3.91867 2.56684 -0.00142971 0.0851524 0.132449 0.523599 3.132 3.756 0 0 0 0 
 3.886 2.443 0.900815 0 0 3.92106 2.57564 0.746015 0.0839218 0.144441 0.523599 3.119 3.769 0 0 0 0 
 3.881 2.444 0.914579 0 0 3.91517 2.58443 1.45574 0.0882266 0.153602 0.523599 3.111 3.796 0 0 0 0 
 3.886 2.454 0.929071 0 0 3.91416 2.59863 -2.22212 0.0887583 0.167624 0.523599 3.096 3.82 0 0 0 0 
 3.889 2.457 0.944489 0 0 3.91207 2.61303 0.522905 0.0937703 0.189543 0.523599 3.082 3.861 0 0 0 0 
 3.886 2.453 0.961752 0 0 3.89946 2.62194 -0.0201984 0.0983479 0.221782 0.523599 3.047 3.9 0 0 0 0 
 3.893 2.452 0.980966 0 0 3.90077 2.63263 3.23767 0.104045 0.242092 0.523599 3.035 3.938 0 0 0 0 
 3.888 2.45 1.00396 0 0 3.89607 2.64593 -1.11188 0.114255 0.25075 0.523599 3.031 3.987 0 0 0 0 
 3.91 2.454 1.02805 0 0 3.91147 2.65984 -1.18465 0.119398 0.266193 0.523599 3.031 4.024 0 0 0 0 
 3.914 2.462 1.05392 0 0 3.91637 2.67083 0.348 0.123025 0.255414 0.523599 3.038 4.042 0 0 0 0 
 3.923 2.469 1.08069 0 0 3.92537 2.67484 -1.34349 0.122789 0.239569 0.523599 3.047 4.039 0 0 0 0 
 3.945 2.483 1.10637 0 0 3.94107 2.68463 -1.48219 0.119974 0.2378 0.523599 3.048 4.039 0 0 0 0 
 3.945 2.488 1.13049 0 0 3.93807 2.68783 -0.60152 0.11943 0.231916 0.523599 3.038 4.038 0 0 0 0 
 3.96 2.504 1.15448 0 0 3.94767 2.69603 0.140494 0.114596 0.226689 0.523599 3.035 4.028 0 0 0 0 
 3.965 2.516 1.1778 0 0 3.95056 2.70354 -0.453046 0.11253 0.21754 0.523599 3.033 4.025 0 0 0 0 
 3.977 2.536 1.20076 0 0 3.95777 2.71963 -0.122785 0.110213 0.215986 0.523599 3.029 4.032 0 0 0 0 
 3.981 2.538 1.22327 0 0 3.96147 2.71924 0.148363 0.109748 0.205238 0.523599 3.032 4.026 0 0 0 0 
 3.989 2.538 1.24546 0 0 3.96677 2.71983 2.97878 0.110675 0.202749 0.523599 3.031 4.028 0 0 0 0 
 3.993 2.542 1.2667 0 0 3.96747 2.72384 -1.11077 0.111098 0.201701 0.523599 3.024 4.032 0 0 0 0 
 3.981 2.539 1.28689 0 0 3.95967 2.72174 1.16089 0.113276 0.183086 0.523599 3.026 4.032 0 0 0 0 
 3.988 2.546 1.30713 0 0 3.96696 2.72783 0.989971 0.113585 0.172933 0.523599 3.034 4.036 0 0 0 0 
 3.984 2.548 1.32439 0 0 3.96417 2.73014 0.24711 0.114628 0.162483 0.515796 3.034 4.039 0 0 0 0 
 3.985 2.568 1.34165 0 0 3.96607 2.74564 0.0434437 0.112458 0.150404 0.491228 3.038 4.044 0 0 0 0 
 4.001 2.584 1.35741 0 0 3.97637 2.75564 -0.815232 0.108412 0.155203 0.52006 3.035 4.04 0 0 0 0 
 4.01 2.592 1.37273 0 0 3.98147 2.75943 0.441175 0.105788 0.156894 0.523599 3.031 4.034 0 0 0 0 
 4.019 2.601 1.38862 0 0 3.98687 2.76664 2.11331 0.104828 0.158811 0.523599 3.028 4.037 0 0 0 0 
 4.024 2.612 1.40466 0 0 3.98857 2.77193 -4.96084 0.101379 0.158802 0.523599 3.022 4.029 0 0 0 0 
 4.012 2.625 1.42068 0 0 3.98107 2.77833 4.01153 0.0979668 0.138943 0.516033 3.025 4.02 0 0 0 0 
 4.01 2.631 1.43629 0 0 3.98027 2.78343 2.27553 0.0979521 0.129589 0.486728 3.027 4.023 0 0 0 0 
 3.997 2.637 1.45028 0 0 3.97057 2.78824 0.629954 0.0977791 0.115392 0.441041 3.025 4.025 0 0 0 0 
 3.983 2.639 1.46352 0 0 3.96167 2.78993 -1.01201 0.0982131 0.0970532 0.376428 3.028 4.026 0 0 0 0 
 3.981 2.646 1.47469 0 0 3.96177 2.79273 -4.36091 0.0957903 0.0865034 0.346635 3.033 4.019 0 0 0 0 
 3.984 2.655 1.4841 0 0 3.96327 2.80023 -0.879125 0.094917 0.0865951 0.349913 3.031 4.023 0 0 0 0 
 3.99 2.655 1.49277 0 0 3.96657 2.80203 0.00900385 0.096175 0.0906245 0.360448 3.028 4.029 0 0 0 0 
 3.986 2.661 1.50197 0 0 3.96527 2.80563 -0.829087 0.0948666 0.0798283 0.32468 3.033 4.027 0 0 0 0 
 4.005 2.669 1.51153 0 0 3.98157 2.81243 0.164083 0.0941718 0.0831596 0.339545 3.043 4.031 0 0 0 0 
 4.001 2.678 1.51987 0 0 3.97516 2.82203 0.85604 0.0946766 0.0863562 0.34984 3.031 4.042 0 0 0 0 
 4.015 2.698 1.52843 0 0 3.97956 2.84023 -1.19109 0.0935201 0.108069 0.432976 3.013 4.056 0 0 0 0 
 4.025 2.716 1.53766 0 0 3.97217 2.86184 0.401034 0.0960815 0.149888 0.523599 2.965 4.086 0 0 0 0 
 4.026 2.726 1.54914 0 0 3.96417 2.88083 0.740802 0.102522 0.168351 0.523599 2.936 4.126 0 0 0 0 
 4.022 2.741 1.56517 0 0 3.95536 2.89583 1.06735 0.103242 0.174231 0.523599 2.916 4.141 0 0 0 0 
 4.021 2.744 1.58237 0 0 3.94746 2.90573 1.37547 0.108728 0.183904 0.523599 2.892 4.167 0 0 0 0 
 4.026 2.759 1.59999 0 0 3.94197 2.92223 2.56553 0.11096 0.202807 0.523599 2.862 4.187 0 0 0 0 
 4.025 2.772 1.61863 0 0 3.93257 2.93944 4.07603 0.11512 0.214874 0.523599 2.833 4.214 0 0 0 0 
 4.018 2.789 1.63955 0 0 3.91597 2.96124 8.49311 0.120053 0.228031 0.523599 2.794 4.247 0 0 0 0 
 4.019 2.8 1.66146 0 0 3.90617 2.96923 -14.0707 0.120249 0.245831 0.523599 2.759 4.248 0 0 0 0 
 4.02 2.824 1.68481 0 0 3.89367 2.98633 -3.40267 0.118579 0.271415 0.523599 2.715 4.249 0 0 0 0 
 4.025 2.834 1.71019 0 0 3.88787 2.99154 -2.22708 0.118472 0.288708 0.523599 2.684 4.243 0 0 0 0 
 4.029 2.839 1.73834 0 0 3.87296 2.99054 -1.46284 0.119384 0.325165 0.523599 2.625 4.228 0 0 0 0 
 4.032 2.85 1.76804 0 0 3.86067 2.98983 -1.06347 0.116861 0.356072 0.523599 2.577 4.2 0 0 0 0 
 4.033 2.861 1.80162 0 0 3.84997 2.99244 -0.873689 0.116686 0.374842 0.523599 2.539 4.183 0 0 0 0 
 4.029 2.883 1.83809 0 0 3.83036 3.00273 -0.688239 0.116125 0.404522 0.523599 2.483 4.166 0 0 0 0 
 4.029 2.904 1.87674 0 0 3.82046 3.00963 -0.554848 0.113646 0.423105 0.523599 2.45 4.14 0 0 0 0 
 4.029 2.914 1.91854 0 0 3.80666 3.01213 -0.472472 0.117149 0.442762 0.523599 2.404 4.125 0 0 0 0 
 4.035 2.938 1.96223 0 0 3.79646 3.02023 -0.359091 0.117393 0.475937 0.523599 2.356 4.096 0 0 0 0 
 4.04 2.966 2.00722 0 0 3.79217 3.02064 -0.224091 0.10989 0.509957 0.523599 2.33 4.032 0 0 0 0 
 4.045 2.982 2.0567 0 0 3.78517 3.01654 -0.133699 0.10924 0.53998 0.523599 2.295 3.981 0 0 0 0 
 4.045 2.997 2.1089 0 0 3.77887 3.01443 -0.0656055 0.109374 0.554441 0.523599 2.274 3.939 0 0 0 0 
 4.036 3.01 2.16326 0 0 3.77316 3.00643 0.0135647 0.10444 0.55816 0.523599 2.276 3.882 0 0 0 0 
 4.031 3.017 2.22109 0 0 3.77027 2.99723 0.0759505 0.103287 0.557444 0.523599 2.278 3.835 0 0 0 0 
 4.028 3.031 2.27857 0 0 3.76576 2.98993 0.157889 0.101951 0.573972 0.523599 2.27 3.778 0 0 0 0 
 4.023 3.043 2.33583 0 0 3.75296 2.98903 0.202548 0.108253 0.58561 0.523599 2.239 3.747 0 0 0 0 
 4.027 3.055 2.39428 0 0 3.75156 2.99024 0.239569 0.114992 0.587947 0.523599 2.225 3.723 0 0 0 0 
 4.029 3.071 2.4541 0 0 3.75266 2.99754 0.272301 0.120637 0.578587 0.523599 2.224 3.71 0 0 0 0 
 4.032 3.083 2.51359 0 0 3.75327 3.00383 0.291907 0.128232 0.56404 0.523599 2.219 3.703 0 0 0 0 
 4.04 3.097 2.57221 0 0 3.75527 3.01363 0.301444 0.138302 0.54876 0.523599 2.207 3.703 0 0 0 0 
 4.034 3.121 2.62919 0 0 3.75107 3.03254 0.323273 0.143178 0.527452 0.523599 2.207 3.71 0 0 0 0 
 4.025 3.133 2.68457 0 0 3.74417 3.04243 0.334149 0.148187 0.499742 0.523599 2.205 3.715 0 0 0 0 
 4.027 3.149 2.73788 0 0 3.74827 3.05453 0.352507 0.152276 0.476841 0.523599 2.214 3.718 0 0 0 0 
 4.008 3.166 2.78813 0 0 3.73557 3.06223 0.400433 0.152253 0.465683 0.523599 2.216 3.704 0 0 0 0 
 3.991 3.179 2.8362 0 0 3.72516 3.07133 0.428708 0.15263 0.444046 0.523599 2.221 3.704 0 0 0 0 
 3.966 3.19 2.88351 0 0 3.70887 3.07994 0.456256 0.151542 0.419337 0.523599 2.225 3.707 0 0 0 0 
 3.955 3.193 2.92818 0 0 3.69877 3.08414 0.45242 0.155373 0.390562 0.523599 2.217 3.714 0 0 0 0 
 3.96 3.204 2.97034 0 0 3.70017 3.09303 0.455067 0.161418 0.371405 0.523599 2.21 3.718 0 0 0 0 
 3.953 3.212 3.01006 0 0 3.69557 3.09923 0.46838 0.163164 0.351542 0.523599 2.211 3.72 0 0 0 0 
 3.931 3.213 3.04784 0 0 3.68167 3.09933 0.490319 0.160843 0.330757 0.523599 2.216 3.718 0 0 0 0 
 3.909 3.219 3.08379 0 0 3.66747 3.10173 0.527621 0.158437 0.318405 0.523599 2.22 3.712 0 0 0 0 
 3.885 3.234 3.11725 0 0 3.65187 3.11163 0.579043 0.155475 0.312092 0.523599 2.224 3.71 0 0 0 0 
 3.86 3.24 -3.12996 0 0 3.63677 3.11643 0.61796 0.151569 0.296275 0.523599 2.232 3.712 0 0 0 0 
 3.843 3.252 -3.09842 0 0 3.63117 3.13204 0.63578 0.145951 0.272952 0.523599 2.253 3.736 0 0 0 0 
 3.832 3.256 -3.06837 0 0 3.63007 3.14474 0.614474 0.140582 0.23871 0.523599 2.275 3.769 0 0 0 0 
 3.823 3.253 -3.04074 0 0 3.62287 3.15103 0.558678 0.139995 0.202045 0.523554 2.272 3.797 0 0 0 0 
 3.817 3.253 -3.01761 0 0 3.61236 3.16273 0.472129 0.142744 0.159401 0.420087 2.251 3.836 0 0 0 0 
 3.808 3.258 -2.99862 0 0 3.60607 3.17763 0.420408 0.140535 0.126282 0.345053 2.251 3.874 0 0 0 0 
 3.786 3.263 -2.98276 0 0 3.58827 3.20003 0.32965 0.136178 0.0772373 0.223096 2.243 3.937 0 0 0 0 
 3.764 3.257 -2.97077 0 0 3.57257 3.21833 0.204767 0.129389 0.0139967 0.0432431 2.242 4.012 0 0 0 0 
 3.742 3.251 -2.96479 0 0 3.55777 3.22673 0.132474 0.12304 -0.0215847 -0.0700563 2.244 4.054 0 0 0 0 
 3.735 3.249 -2.96406 0 0 3.54986 3.23733 0.0630922 0.12222 -0.053796 -0.174277 2.234 4.094 0 0 0 0 
 3.722 3.246 -2.9642 0 0 3.53836 3.24604 -0.000190484 0.119989 -0.0824359 -0.268191 2.226 4.13 0 0 0 0 
 3.715 3.251 -2.96494 0 0 3.52596 3.26093 -0.0526051 0.122525 -0.108964 -0.341768 2.201 4.168 0 0 0 0 
 3.701 3.256 -2.96531 0 0 3.50297 3.27763 -0.109685 0.127289 -0.141227 -0.417686 2.157 4.212 0 0 0 0 
 3.687 3.256 -2.96788 0 0 3.48387 3.28454 -0.141404 0.130082 -0.158842 -0.454354 2.126 4.235 0 0 0 0 
 3.68 3.252 -2.97192 0 0 3.47447 3.29014 -0.187699 0.130973 -0.181415 -0.505951 2.111 4.263 0 0 0 0 
 3.669 3.246 -2.98253 0 0 3.46616 3.28803 -0.210256 0.129336 -0.185068 -0.519852 2.109 4.27 0 0 0 0 
 3.646 3.248 -3.00199 0 0 3.44796 3.29063 -0.21868 0.126954 -0.175838 -0.505925 2.102 4.274 0 0 0 0 
 3.632 3.245 -3.02016 0 0 3.43697 3.28703 -0.218926 0.125736 -0.164921 -0.483178 2.098 4.269 0 0 0 0 
 3.615 3.243 -3.03792 0 0 3.42597 3.28563 -0.229444 0.122411 -0.156935 -0.473846 2.101 4.269 0 0 0 0 
 3.599 3.234 -3.05429 0 0 3.41357 3.27933 -0.249469 0.12052 -0.155624 -0.476764 2.097 4.269 0 0 0 0 
 3.589 3.228 -3.06998 0 0 3.40807 3.27333 -0.255938 0.118099 -0.147969 -0.464583 2.102 4.263 0 0 0 0 
 3.584 3.225 -3.08558 0 0 3.40487 3.27183 -0.267575 0.11741 -0.14458 -0.457684 2.103 4.265 0 0 0 0 
 3.58 3.22 -3.10026 0 0 3.40357 3.26773 -0.277353 0.116099 -0.14018 -0.449928 2.108 4.263 0 0 0 0 
 3.578 3.203 -3.11483 0 0 3.40337 3.25403 -0.300851 0.115382 -0.142076 -0.457661 2.112 4.257 0 0 0 0 
 3.563 3.2 -3.12909 0 0 3.40127 3.25134 -0.328509 0.107301 -0.137233 -0.472869 2.14 4.255 0 0 0 0 
 3.547 3.204 3.13628 0 0 3.39697 3.25143 -0.327132 0.100021 -0.12086 -0.450232 2.163 4.246 0 0 0 0 
 3.532 3.202 3.12241 0 0 3.39907 3.24643 -0.347293 0.0889929 -0.10973 -0.458199 2.205 4.234 0 0 0 0 
 3.524 3.201 3.11072 0 0 3.40036 3.24273 -0.351001 0.083035 -0.099899 -0.448526 2.228 4.224 0 0 0 0 
 3.519 3.2 3.09962 0 0 3.40947 3.23693 -0.350586 0.0737636 -0.0859399 -0.436103 2.27 4.207 0 0 0 0 
 3.506 3.201 3.08932 0 0 3.42137 3.22594 -0.30345 0.0569627 -0.0553724 -0.370842 2.34 4.168 0 0 0 0 
 3.487 3.199 3.08153 0 0 3.42157 3.21793 -0.297728 0.0440875 -0.0409819 -0.355983 2.385 4.146 0 0 0 0 
 3.483 3.197 3.07685 0 0 3.44187 3.21053 -0.341449 0.0278097 -0.0301321 -0.408969 2.462 4.126 0 0 0 0 
 3.474 3.199 3.07305 0 0 3.44787 3.20533 -0.247259 0.0175721 -0.0127038 -0.281501 2.503 4.104 0 0 0 0 
 3.46 3.2 3.07062 0 0 3.44737 3.19883 0.0924726 0.00829904 0.00581923 0.273451 2.534 4.08 0 0 0 0 
 3.445 3.195 3.06994 0 0 3.44856 3.19743 0.813641 1.14886e-06 -0.00766965 -0.523599 2.573 4.087 0 0 0 0 
 3.445 3.189 3.06997 0 0 3.45366 3.19863 2.02418 1.6946e-07 -0.029365 -0.523599 2.59 4.105 0 0 0 0 
 3.452 3.188 3.06965 0 0 3.46277 3.20183 3.40533 3.95005e-07 -0.0419005 -0.523599 2.604 4.118 0 0 0 0 
 3.446 3.192 3.06732 0 0 3.46067 3.20433 1.11814 2.7693e-07 -0.0386496 -0.523599 2.611 4.117 0 0 0 0 
 3.44 3.19 3.06336 0 0 3.45737 3.19963 0.619792 2.27064e-07 -0.0317357 -0.523599 2.614 4.106 0 0 0 0 
 3.449 3.188 3.05968 0 0 3.46457 3.19523 0.50147 2.52857e-07 -0.0245226 -0.523599 2.617 4.096 0 0 0 0 
 3.455 3.193 3.05693 0 0 3.46877 3.19813 0.391361 2.85105e-07 -0.018124 -0.523599 2.617 4.094 0 0 0 0 
 3.449 3.194 3.05467 0 0 3.46216 3.19703 0.234699 2.94794e-07 -0.0120181 -0.523599 2.609 4.088 0 0 0 0 
 3.451 3.191 3.05258 0 0 3.45967 3.18954 -0.170698 1.52156e-07 0.00197909 0.523599 2.596 4.07 0 0 0 0 
 3.46 3.193 3.05158 0 0 3.46327 3.18674 2.75634 1.01941e-06 0.0169986 0.523599 2.587 4.056 0 0 0 0 
 3.452 3.199 3.05147 0 0 3.45466 3.18763 -2.08108 1.06724e-06 0.0316656 0.523599 2.577 4.045 0 0 0 0 
 3.457 3.191 3.05182 0 0 3.45517 3.18173 -2.85679 0.000679666 0.0267324 0.523599 2.567 4.044 0 0 0 0 
 3.461 3.196 3.0525 0 0 3.45827 3.18944 -0.915172 0.00142825 0.019292 0.523599 2.568 4.058 0 0 0 0 
 3.459 3.195 3.053 0 0 3.45807 3.19023 -2.47504 0.000344452 0.0137489 0.523599 2.572 4.063 0 0 0 0 
 3.458 3.19 3.05339 0 0 3.45857 3.18763 -1.7189 2.24541e-06 0.00657284 0.523599 2.576 4.066 0 0 0 0 
 3.456 3.197 3.05358 0 0 3.45747 3.19463 22.9304 8.48506e-07 0.00635347 0.523599 2.577 4.073 0 0 0 0 
 3.463 3.197 3.05358 0 0 3.46087 3.19523 1.08635 0.00130783 0.00553579 0.523599 2.572 4.075 0 0 0 0 
 3.455 3.193 3.05355 0 0 3.45617 3.19304 0.030032 1.25659e-06 -0.000391456 -0.523599 2.575 4.077 0 0 0 0 
 3.459 3.197 3.05361 0 0 3.45957 3.19433 218.908 7.44618e-06 0.00742529 0.523599 2.577 4.072 0 0 0 0 
 3.46 3.196 3.05364 0 0 3.45907 3.19304 0.0296543 0.00044716 0.00864235 0.523599 2.573 4.07 0 0 0 0 
 3.46 3.192 3.05359 0 0 3.45757 3.19143 0.236316 0.00157509 0.00220954 0.511342 2.568 4.074 0 0 0 0 
 3.468 3.191 3.05382 0 0 3.46286 3.19043 0.110486 0.00335796 0.00287663 0.330124 2.567 4.073 0 0 0 0 
 3.466 3.193 3.05386 0 0 3.46027 3.19184 0.205994 0.00371962 0.00472122 0.469797 2.563 4.073 0 0 0 0 
 3.469 3.191 3.05386 0 0 3.46357 3.18983 0.217697 0.00352157 0.00464718 0.485681 2.567 4.071 0 0 0 0 
 3.471 3.193 3.05397 0 0 3.46437 3.19094 0.321689 0.00426252 0.00748442 0.523599 2.565 4.07 0 0 0 0 
 3.468 3.19 3.05394 0 0 3.46227 3.18853 0.261182 0.00370248 0.00556853 0.523599 2.565 4.069 0 0 0 0 
 3.47 3.198 3.05401 0 0 3.46457 3.19563 0.46488 0.00345323 0.00803974 0.523599 2.568 4.074 0 0 0 0 
 3.468 3.193 3.05398 0 0 3.46407 3.19154 0.390539 0.0025141 0.00512586 0.523599 2.571 4.072 0 0 0 0 
 3.462 3.195 3.05407 0 0 3.45806 3.19263 0.685649 0.00246291 0.00767292 0.523599 2.565 4.071 0 0 0 0 
 3.456 3.197 3.05411 0 0 3.45567 3.19463 0.985093 0.000118576 0.00679305 0.523599 2.571 4.073 0 0 0 0 
 3.458 3.195 3.05413 0 0 3.45767 3.19323 -1.6048 0.000143293 0.00509057 0.523599 2.573 4.073 0 0 0 0 
 3.461 3.205 3.05415 0 0 3.45887 3.20203 5.43368 0.00124041 0.00893352 0.523599 2.57 4.079 0 0 0 0 
 3.467 3.194 3.0541 0 0 3.46487 3.19374 0.124765 0.00139462 0.00128159 0.35225 2.576 4.077 0 0 0 0 
 3.467 3.198 3.05407 0 0 3.46367 3.19683 0.364273 0.00213503 0.00412779 0.523599 2.572 4.078 0 0 0 0 
 3.464 3.197 3.05405 0 0 3.46217 3.19554 1.02628 0.00112756 0.00460874 0.523599 2.574 4.076 0 0 0 0 
 3.466 3.199 3.05405 0 0 3.46387 3.19753 0.818949 0.0013256 0.00468257 0.523599 2.575 4.078 0 0 0 0 
 3.457 3.204 3.05407 0 0 3.45607 3.20074 0.365581 0.000431115 0.00949241 0.523599 2.57 4.077 0 0 0 0 
 3.46 3.207 3.05406 0 0 3.45907 3.20284 3.79411 0.000380837 0.0120454 0.523599 2.573 4.077 0 0 0 0 
 3.461 3.209 3.05409 0 0 3.45947 3.20573 -1.60775 0.000827104 0.0096387 0.523599 2.572 4.082 0 0 0 0 
 3.457 3.204 3.05421 0 0 3.45667 3.20283 0.349939 0.000170514 0.00338818 0.523599 2.572 4.084 0 0 0 0 
 3.457 3.203 3.05428 0 0 3.45757 3.20303 0.0618559 4.22439e-06 -0.000239516 -0.523599 2.575 4.087 0 0 0 0 
 3.448 3.196 3.05427 0 0 3.45127 3.19813 0.766309 1.2691e-06 -0.00688905 -0.523599 2.575 4.087 0 0 0 0 
 3.449 3.197 3.05426 0 0 3.45196 3.19853 0.569471 1.38315e-06 -0.00510576 -0.523599 2.575 4.086 0 0 0 0 
 3.447 3.192 3.0542 0 0 3.45087 3.19353 0.41942 1.04367e-06 -0.00533528 -0.523599 2.576 4.081 0 0 0 0 
 3.454 3.189 3.05413 0 0 3.45637 3.19263 29.5348 6.90553e-07 -0.0109234 -0.523599 2.578 4.085 0 0 0 0 
 3.453 3.192 3.05413 0 0 3.45717 3.19563 1.19191 1.01309e-06 -0.0113922 -0.523599 2.583 4.088 0 0 0 0 
 3.453 3.193 3.05399 0 0 3.45747 3.19603 0.808165 9.26768e-07 -0.00976334 -0.523599 2.584 4.087 0 0 0 0 
 3.451 3.195 3.05398 0 0 3.45607 3.19683 0.37901 7.91573e-07 -0.00649972 -0.523599 2.584 4.085 0 0 0 0 
 3.45 3.193 3.05402 0 0 3.45447 3.19544 0.606702 9.14843e-07 -0.00805423 -0.523599 2.581 4.085 0 0 0 0 
 3.454 3.199 3.0539 0 0 3.45697 3.20023 0.442392 1.37008e-06 -0.00425531 -0.523599 2.58 4.087 0 0 0 0 
 3.454 3.198 3.05395 0 0 3.45817 3.19893 0.22833 9.52492e-07 -0.0037059 -0.523599 2.584 4.085 0 0 0 0 
 3.453 3.194 3.05386 0 0 3.45807 3.19613 0.448388 7.9605e-07 -0.00735639 -0.523599 2.586 4.085 0 0 0 0 
 3.453 3.196 3.05383 0 0 3.45687 3.19813 0.616359 1.0593e-06 -0.00704727 -0.523599 2.582 4.087 0 0 0 0 
 3.458 3.193 3.05382 0 0 3.46007 3.19603 9.84985 7.8859e-07 -0.00914198 -0.523599 2.581 4.087 0 0 0 0 
 3.457 3.195 3.05379 0 0 3.45907 3.19683 1.23108 7.42187e-07 -0.00573248 -0.523599 2.58 4.085 0 0 0 0 
 3.455 3.198 3.05379 0 0 3.45976 3.20043 0.560695 8.54001e-07 -0.00813492 -0.523599 2.587 4.09 0 0 0 0 
 3.453 3.199 3.05371 0 0 3.45627 3.19993 0.294459 1.22599e-06 -0.00347968 -0.523599 2.58 4.086 0 0 0 0 
 3.452 3.196 3.05359 0 0 3.45497 3.19724 0.44238 1.37027e-06 -0.00425779 -0.523599 2.578 4.084 0 0 0 0 
 3.452 3.201 3.05362 0 0 3.45556 3.20043 -0.159816 1.07716e-06 0.000713369 0.523599 2.58 4.083 0 0 0 0 
 3.454 3.199 3.05361 0 0 3.45877 3.20023 0.265135 8.34102e-07 -0.00471775 -0.523599 2.586 4.087 0 0 0 0 
 3.458 3.199 3.05361 0 0 3.46066 3.19903 0.0131528 5.26316e-07 -0.000768418 -0.523599 2.583 4.083 0 0 0 0 
 3.457 3.2 3.0535 0 0 3.46177 3.19943 -0.119156 8.06109e-07 0.000411175 0.523599 2.589 4.082 0 0 0 0 
 3.461 3.198 3.05351 0 0 3.46457 3.19923 0.360963 1.12762e-06 -0.00441185 -0.523599 2.589 4.086 0 0 0 0 
 3.462 3.197 3.0535 0 0 3.46406 3.19794 0.486459 7.11507e-07 -0.00317621 -0.523599 2.585 4.084 0 0 0 0 
 3.463 3.196 3.05349 0 0 3.46477 3.19694 0.585545 8.42348e-07 -0.0031 -0.523599 2.585 4.083 0 0 0 0 
 3.464 3.196 3.05351 0 0 3.46607 3.19813 1.67981 7.53368e-07 -0.00658623 -0.523599 2.587 4.087 0 0 0 0 
 3.458 3.194 3.05352 0 0 3.45976 3.19613 2.64698 9.0217e-07 -0.00650918 -0.523599 2.58 4.085 0 0 0 0 
 3.457 3.197 3.05339 0 0 3.45877 3.19853 1.18444 8.71206e-07 -0.0048051 -0.523599 2.579 4.086 0 0 0 0 
 3.456 3.198 3.05336 0 0 3.45837 3.19893 0.417314 6.16076e-07 -0.0032534 -0.523599 2.58 4.085 0 0 0 0 
 3.462 3.197 3.05336 0 0 3.46226 3.19853 -0.536986 3.62288e-05 -0.00442179 -0.523599 2.579 4.086 0 0 0 0 
 3.464 3.196 3.05339 0 0 3.46427 3.19633 3.14913 2.06669e-05 -0.00101682 -0.523599 2.581 4.081 0 0 0 0 
 3.467 3.202 3.05339 0 0 3.46577 3.20143 0.492326 0.000782816 0.00191133 0.523599 2.579 4.084 0 0 0 0 
 3.462 3.198 3.05426 0 0 3.46196 3.20013 -13.4664 0.000166834 -0.00604818 -0.523599 2.578 4.089 0 0 0 0 
 3.46 3.199 3.07071 0 0 3.46177 3.20323 -0.917141 9.76892e-07 -0.0124051 -0.523599 2.582 4.097 0 0 0 0 
 3.463 3.207 3.12751 0 0 3.46537 3.20913 1.26726 5.99866e-07 -0.00618903 -0.523599 2.587 4.098 0 0 0 0 
 3.471 3.208 -3.09938 0 0 3.47457 3.21223 2.48283 1.03811e-06 -0.0116652 -0.523599 2.599 4.106 0 0 0 0 
 3.471 3.214 -3.04599 0 0 3.47307 3.21643 2.42105 6.12382e-07 -0.00635615 -0.523599 2.594 4.106 0 0 0 0 
 3.47 3.217 -2.98887 0 0 3.47297 3.22003 1.64131 1.1451e-06 -0.00728297 -0.523599 2.596 4.111 0 0 0 0 
 3.47 3.223 -2.9298 0 0 3.47237 3.22634 6.16863 1.2923e-06 -0.00789343 -0.523599 2.594 4.118 0 0 0 0 
 3.468 3.225 -2.87572 0 0 3.47127 3.22713 0.766379 1.04488e-06 -0.00343636 -0.523599 2.595 4.116 0 0 0 0 
 3.459 3.233 -2.83625 0 0 3.46527 3.23393 0.150346 2.17136e-07 0.00284211 0.523599 2.596 4.12 0 0 0 0 
 3.452 3.236 -2.78538 0 0 3.45766 3.23573 -0.0468246 7.40576e-07 0.00636686 0.523599 2.587 4.119 0 0 0 0 
 3.434 3.236 -2.72913 0 0 3.44657 3.23664 0.0505807 3.22966e-07 0.0128373 0.523599 2.592 4.122 0 0 0 0 
 3.417 3.223 -2.67054 0 0 3.43287 3.22663 0.233211 2.38102e-07 0.0114585 0.523599 2.586 4.119 0 0 0 0 
 3.398 3.206 -2.61033 0 0 3.41897 3.21384 0.392144 5.44519e-08 0.0112541 0.523599 2.584 4.116 0 0 0 0 
 3.376 3.182 -2.54984 0 0 3.40326 3.20063 0.814421 1.08564e-07 -0.000757632 -0.523599 2.583 4.128 0 0 0 0 
 3.344 3.166 -2.48937 0 0 3.38417 3.18673 0.567586 7.80215e-08 0.0235041 0.523599 2.594 4.119 0 0 0 0 
 3.311 3.15 -2.42945 0 0 3.36257 3.17254 0.467146 1.64732e-08 0.0499382 0.523599 2.599 4.109 0 0 0 0 
 3.267 3.127 -2.36903 0 0 3.33297 3.15373 0.429042 4.96626e-08 0.0816471 0.523599 2.603 4.1 0 0 0 0 
 3.224 3.112 -2.32156 0 0 3.30107 3.14384 0.438314 4.19306e-08 0.106081 0.523599 2.597 4.102 0 0 0 0 
 3.192 3.094 -2.3112 0 0 3.27687 3.13244 0.48663 3.60053e-08 0.113515 0.523599 2.591 4.106 0 0 0 0 
 3.156 3.071 -2.30926 0 0 3.25286 3.11724 0.517201 2.96441e-08 0.126827 0.523599 2.595 4.109 0 0 0 0 
 3.137 3.054 -2.30752 0 0 3.24377 3.10263 0.489897 2.662e-08 0.146342 0.523599 2.609 4.1 0 0 0 0 
 3.12 3.039 -2.30584 0 0 3.23306 3.09153 0.501246 2.43844e-08 0.154377 0.523599 2.613 4.098 0 0 0 0 
 3.082 3.008 -2.30359 0 0 3.20617 3.07103 0.556306 2.03704e-08 0.161291 0.523599 2.612 4.102 0 0 0 0 
 3.058 2.98 -2.30181 0 0 3.18847 3.04964 0.590958 1.83883e-08 0.164284 0.523599 2.609 4.096 0 0 0 0 
 3.038 2.971 -2.29727 0 0 3.17627 3.04273 0.570999 -1.51096e-10 0.181692 -0.523599 2.615 4.094 0 0 0 0 
 3.01 2.949 -2.28348 0 0 3.15877 3.02493 0.559931 -7.24111e-10 0.20671 -0.523599 2.622 4.086 0 0 0 0 
 2.994 2.916 -2.26182 0 0 3.14786 2.99943 0.602507 -1.15675e-09 0.216281 -0.523599 2.623 4.078 0 0 0 0 
 2.994 2.891 -2.23292 0 0 3.14847 2.98433 0.690389 -1.4885e-09 0.21434 -0.523599 2.625 4.086 0 0 0 0 
 2.97 2.885 -2.2008 0 0 3.13167 2.97893 0.656665 -1.58689e-09 0.250607 -0.523599 2.625 4.082 0 0 0 0 
 2.93 2.862 -2.19348 0 0 3.10667 2.96433 0.654111 1.39478e-08 0.282317 0.523599 2.635 4.087 0 0 0 0 
 2.896 2.844 -2.19859 0 0 3.07926 2.95203 0.668833 1.26203e-08 0.287974 0.523599 2.623 4.088 0 0 0 0 
 2.878 2.824 -2.24137 0 0 3.06817 2.93893 0.69061 9.03488e-09 0.266478 0.523599 2.628 4.091 0 0 0 0 
 2.871 2.8 -2.3058 0 0 3.06177 2.92153 0.740035 8.08054e-09 0.208421 0.523599 2.623 4.089 0 0 0 0 
 2.864 2.768 -2.36886 0 0 3.05717 2.89973 0.811944 7.0559e-09 0.142462 0.523599 2.624 4.091 0 0 0 0 
 2.855 2.727 -2.42833 0 0 3.04817 2.86864 0.900757 6.41094e-09 0.0683478 0.523599 2.615 4.083 0 0 0 0 
 2.835 2.694 -2.46323 0 0 3.03627 2.84823 0.962568 5.44726e-09 0.0222871 0.523599 2.622 4.092 0 0 0 0 
 2.805 2.67 -2.46363 0 0 3.01557 2.82964 0.946892 4.8259e-09 0.0280092 0.523599 2.623 4.086 0 0 0 0 
 2.767 2.656 -2.46084 0 0 2.99017 2.82013 0.904847 4.15315e-09 0.0471874 0.523599 2.627 4.087 0 0 0 0 
 2.737 2.649 -2.44077 0 0 2.96677 2.81433 0.87633 3.88387e-09 0.0800109 0.523599 2.619 4.084 0 0 0 0 
 2.701 2.635 -2.42608 0 0 2.94427 2.80303 0.826595 -5.15791e-09 0.12126 -0.523599 2.628 4.079 0 0 0 0 
 2.691 2.613 -2.42517 0 0 2.93667 2.79033 0.880358 -5.28685e-09 0.102773 -0.523599 2.626 4.088 0 0 0 0 
 2.675 2.592 -2.42343 0 0 2.92427 2.77353 0.891826 -5.37029e-09 0.102201 -0.523599 2.622 4.081 0 0 0 0 
 2.652 2.569 -2.38854 0 0 2.90997 2.75833 0.902067 -5.51942e-09 0.14421 -0.523599 2.628 4.084 0 0 0 0 
 2.629 2.556 -2.32547 0 0 2.89026 2.74863 0.90818 -5.52982e-09 0.219696 -0.523599 2.616 4.082 0 0 0 0 
 2.609 2.533 -2.26273 0 0 2.87867 2.73373 0.921165 -5.61228e-09 0.300171 -0.523599 2.624 4.086 0 0 0 0 
 2.595 2.53 -2.20453 0 0 2.87067 2.73223 0.901468 -5.58104e-09 0.38431 -0.523599 2.63 4.088 0 0 0 0 
 2.561 2.528 -2.18055 0 0 2.84537 2.72964 0.857914 -5.58698e-09 0.440601 -0.523599 2.625 4.084 0 0 0 0 
 2.538 2.502 -2.18156 0 0 2.83077 2.71263 0.876126 -5.74704e-09 0.449603 -0.523599 2.63 4.088 0 0 0 0 
 2.509 2.478 -2.19085 0 0 2.81047 2.69313 0.865863 -5.86624e-09 0.457513 -0.523599 2.63 4.079 0 0 0 0 
 2.48 2.436 -2.23203 0 0 2.78807 2.66194 0.901059 1.1562e-09 0.403313 0.523599 2.623 4.073 0 0 0 0 
 2.458 2.398 -2.27021 0 0 2.77117 2.63713 0.95734 5.72395e-10 0.336323 0.523599 2.618 4.079 0 0 0 0 
 2.45 2.376 -2.29417 0 0 2.76707 2.62443 0.996302 2.19362e-10 0.290273 0.523599 2.623 4.088 0 0 0 0 
 2.437 2.36 -2.31136 0 0 2.75857 2.61143 0.993048 3.58403e-11 0.269774 0.523599 2.625 4.082 0 0 0 0 
 2.409 2.347 -2.32563 0 0 2.73567 2.60233 0.992514 -1.59629e-10 0.25238 -0.523599 2.614 4.082 0 0 0 0 
 2.397 2.338 -2.34669 0 0 2.72787 2.59603 0.989023 -3.2246e-10 0.223297 -0.523599 2.616 4.082 0 0 0 0 
 2.384 2.321 -2.37686 0 0 2.72087 2.58474 0.995036 -5.695e-10 0.17418 -0.523599 2.623 4.084 0 0 0 0 
 2.361 2.291 -2.4002 0 0 2.70447 2.56403 1.01927 -8.48256e-10 0.125157 -0.523599 2.622 4.085 0 0 0 0 
 2.334 2.262 -2.4021 0 0 2.68497 2.54194 1.02474 -1.06753e-09 0.122343 -0.523599 2.62 4.079 0 0 0 0 
 2.306 2.236 -2.40325 0 0 2.66537 2.52284 1.02588 -1.28845e-09 0.123288 -0.523599 2.62 4.076 0 0 0 0 
 2.28 2.211 -2.40388 0 0 2.64687 2.50713 1.04459 -1.51711e-09 0.115288 -0.523599 2.619 4.082 0 0 0 0 
 2.251 2.191 -2.40473 0 0 2.62897 2.49433 1.0349 -1.75416e-09 0.123401 -0.523599 2.627 4.086 0 0 0 0 
 2.218 2.176 -2.40561 0 0 2.60707 2.48564 1.02111 -1.96765e-09 0.134206 -0.523599 2.631 4.092 0 0 0 0 
 2.188 2.162 -2.40402 0 0 2.58307 2.47133 0.99521 -2.03433e-09 0.155875 -0.523599 2.621 4.077 0 0 0 0 
 2.17 2.152 -2.39991 0 0 2.56987 2.46433 0.991443 -2.12051e-09 0.169411 -0.523599 2.619 4.077 0 0 0 0 
 2.152 2.138 -2.3953 0 0 2.55756 2.45634 0.999039 -2.24718e-09 0.177768 -0.523599 2.62 4.083 0 0 0 0 
 2.12 2.124 -2.39453 0 0 2.53666 2.44714 0.98045 -2.41748e-09 0.197688 -0.523599 2.625 4.085 0 0 0 0 
 2.09 2.113 -2.39374 0 0 2.51476 2.44003 0.969512 -2.54063e-09 0.211673 -0.523599 2.622 4.087 0 0 0 0 
 2.068 2.098 -2.38982 0 0 2.49877 2.42923 0.967625 -2.63863e-09 0.225836 -0.523599 2.62 4.086 0 0 0 0 
 2.049 2.075 -2.38211 0 0 2.48337 2.41163 0.979426 -2.71856e-09 0.238217 -0.523599 2.613 4.081 0 0 0 0 
 2.015 2.062 -2.37469 0 0 2.45987 2.40253 0.960935 -2.84437e-09 0.276124 -0.523599 2.614 4.081 0 0 0 0 
 1.986 2.043 -2.3672 0 0 2.44047 2.38833 0.950207 -2.96443e-09 0.309478 -0.523599 2.617 4.078 0 0 0 0 
 1.966 2.022 -2.36031 0 0 2.42587 2.37304 0.956836 -3.05382e-09 0.326266 -0.523599 2.615 4.076 0 0 0 0 
 1.947 2.001 -2.35348 0 0 2.41437 2.35833 0.959195 -3.16254e-09 0.348287 -0.523599 2.621 4.076 0 0 0 0 
 1.931 1.985 -2.34628 0 0 2.40377 2.34924 0.970514 -3.25612e-09 0.363389 -0.523599 2.623 4.083 0 0 0 0 
 1.899 1.967 -2.33912 0 0 2.38197 2.33693 0.961873 -3.37065e-09 0.397827 -0.523599 2.625 4.084 0 0 0 0 
 1.879 1.933 -2.33215 0 0 2.36917 2.31643 0.993737 -3.52665e-09 0.400416 -0.523599 2.629 4.095 0 0 0 0 
 1.85 1.904 -2.32541 0 0 2.34857 2.29613 1.00226 -3.64416e-09 0.420854 -0.523599 2.628 4.095 0 0 0 0 
 1.824 1.877 -2.31987 0 0 2.32917 2.27873 1.01991 -3.75494e-09 0.430204 -0.523599 2.624 4.1 0 0 0 0 
 1.805 1.848 -2.31305 0 0 2.31466 2.25693 1.03451 -3.82851e-09 0.443511 -0.523599 2.62 4.095 0 0 0 0 
 1.77 1.827 -2.30301 0 0 2.29017 2.24284 1.02846 -3.92636e-09 0.487147 -0.523599 2.62 4.097 0 0 0 0 
 1.74 1.812 -2.28927 0 0 2.27067 2.23173 1.01119 -3.98899e-09 0.550129 -0.523599 2.625 4.095 0 0 0 0 
 1.72 1.795 -2.27464 0 0 2.25757 2.21923 1.00759 -4.03069e-09 0.60233 -0.523599 2.628 4.093 0 0 0 0 
 1.695 1.777 -2.26044 0 0 2.24037 2.20723 1.00702 -4.08543e-09 0.652764 -0.523599 2.629 4.095 0 0 0 0 
 1.671 1.757 -2.24664 0 0 2.22357 2.19293 1.00709 -4.13197e-09 0.701161 -0.523599 2.629 4.094 0 0 0 0 
 1.644 1.73 -2.23273 0 0 2.20557 2.17523 1.01501 -4.26179e-09 0.747531 -0.523599 2.632 4.098 0 0 0 0 
 1.622 1.721 -2.21997 0 0 2.19137 2.16863 1.00161 -4.22896e-09 0.802966 -0.523599 2.636 4.097 0 0 0 0 
 1.605 1.698 -2.20845 0 0 2.17857 2.15253 1.01425 -4.26859e-09 0.832908 -0.523599 2.633 4.097 0 0 0 0 
 1.599 1.675 -2.19794 0 0 2.17407 2.13553 1.03137 -4.29227e-09 0.853538 -0.523599 2.632 4.094 0 0 0 0 
 1.567 1.649 -2.16224 0 0 2.14897 2.11733 1.03947 -4.27484e-09 0.955045 -0.523599 2.623 4.094 0 0 0 0 
 1.537 1.618 -2.10225 0 0 2.12586 2.09563 1.05279 -4.16964e-09 1.10874 -0.523599 2.616 4.094 0 0 0 0 
 1.508 1.601 -2.06172 0 0 2.10557 2.08073 1.03546 -4.04814e-09 1.22165 -0.523599 2.616 4.084 0 0 0 0 
 1.49 1.59 -2.03659 0 0 2.09237 2.07153 1.02842 -3.96282e-09 1.28436 -0.523599 2.614 4.079 0 0 0 0 
 1.487 1.597 -1.98774 0 0 2.09207 2.07703 1.01605 -3.70338e-09 1.38324 -0.523599 2.62 4.081 0 0 0 0 
 1.492 1.604 -1.9291 0 0 2.09647 2.08283 1.01362 -3.33038e-09 1.47492 -0.523599 2.623 4.084 0 0 0 0 
 1.496 1.597 -1.86783 0 0 2.10107 2.07703 1.01605 -7.45716e-09 1.55515 -0.523599 2.629 4.081 0 0 0 0 
 1.49 1.586 -1.80605 0 0 2.09837 2.06963 1.01934 -2.5132e-09 1.62495 -0.523599 2.634 4.082 0 0 0 0 
 1.468 1.578 -1.74465 0 0 2.08177 2.06553 1.01803 -1.93412e-09 1.68296 -0.523599 2.63 4.087 0 0 0 0 
 1.45 1.589 -1.68277 0 0 2.06587 2.06903 0.988171 -6.72895e-09 1.71866 -0.523599 2.619 4.073 0 0 0 0 
 1.463 1.598 -1.62095 0 0 2.07467 2.07444 0.987117 1.0966e-10 1.73358 0.523599 2.618 4.07 0 0 0 0 
 1.47 1.598 -1.55873 0 0 2.07867 2.07504 0.996689 -5.86537e-09 1.74226 -0.523599 2.615 4.072 0 0 0 0 
 1.475 1.603 -1.49644 0 0 2.08487 2.08214 1.00049 -5.25452e-09 1.74729 -0.523599 2.624 4.084 0 0 0 0 
 1.487 1.605 -1.43458 0 0 2.09327 2.08383 1.00887 -4.41939e-09 1.73945 -0.523599 2.624 4.085 0 0 0 0 
 1.502 1.623 -1.3731 0 0 2.10257 2.09404 0.997845 9.11739e-09 1.71942 0.523599 2.62 4.077 0 0 0 0 
 1.518 1.632 -1.31189 0 0 2.11017 2.09823 1.00389 1.44144e-08 1.6959 0.523599 2.608 4.07 0 0 0 0 
 1.517 1.619 -1.2503 0 0 2.11306 2.09183 1.01585 2.2535e-08 1.69073 0.523599 2.62 4.079 0 0 0 0 
 1.51 1.611 -1.18955 0 0 2.11057 2.08773 1.01697 4.00396e-08 1.67996 0.523599 2.628 4.084 0 0 0 0 
 1.513 1.615 -1.12838 0 0 2.11327 2.09024 1.0127 3.01058e-08 1.66207 0.523599 2.63 4.083 0 0 0 0 
 1.51 1.619 -1.0662 0 0 2.10847 2.09213 1.01042 0.00535954 1.63912 0.523599 2.621 4.08 0 0 0 0 
 1.504 1.62 -1.00446 0 0 2.10547 2.09463 1.00749 0.0375778 1.6282 0.523599 2.625 4.086 0 0 0 0 
 1.504 1.616 -0.942381 0 0 2.10486 2.09154 1.01211 0.0681369 1.60921 0.523599 2.623 4.085 0 0 0 0 
 1.497 1.622 -0.881629 0 0 2.09817 2.09453 1.00127 0.0994734 1.58216 0.523599 2.617 4.081 0 0 0 0 
 1.497 1.621 -0.819232 0 0 2.09787 2.09563 1.00908 0.128583 1.55465 0.523599 2.616 4.087 0 0 0 0 
 1.483 1.622 -0.756671 0 0 2.08957 2.09813 0.999143 0.160753 1.52357 0.523599 2.621 4.093 0 0 0 0 
 1.481 1.634 -0.694882 0 0 2.08637 2.10413 0.982584 0.190007 1.47741 0.523599 2.615 4.085 0 0 0 0 
 1.489 1.632 -0.632834 0 0 2.09257 2.10213 0.987147 0.216145 1.43423 0.523599 2.617 4.083 0 0 0 0 
 1.488 1.63 -0.570495 0 0 2.09247 2.10133 0.988778 0.242777 1.38906 0.523599 2.619 4.085 0 0 0 0 
 1.484 1.616 -0.507978 0 0 2.08787 2.08914 0.996233 0.267482 1.34099 0.523599 2.613 4.077 0 0 0 0 
 1.486 1.599 -0.445011 0 0 2.08716 2.07753 1.02146 0.289557 1.29459 0.523599 2.606 4.078 0 0 0 0 
 1.491 1.598 -0.382135 0 0 2.09127 2.07773 1.028 0.312331 1.23952 0.523599 2.608 4.081 0 0 0 0 
 1.48 1.593 -0.319438 0 0 2.08417 2.07393 1.0215 0.337017 1.18078 0.523599 2.61 4.08 0 0 0 0 
 1.476 1.591 -0.256681 0 0 2.07987 2.07163 1.02129 0.357896 1.11784 0.523599 2.605 4.077 0 0 0 0 
 1.476 1.589 -0.193601 0 0 2.08197 2.07204 1.02375 0.379173 1.05521 0.523599 2.612 4.083 0 0 0 0 
 1.479 1.588 -0.131361 0 0 2.08347 2.07223 1.0319 0.396661 0.990687 0.523599 2.61 4.086 0 0 0 0 
 1.477 1.594 -0.0697866 0 0 2.08237 2.07433 1.01626 0.413899 0.916361 0.523599 2.611 4.079 0 0 0 0 
 1.466 1.6 -0.00857804 0 0 2.07557 2.07974 1.00323 0.431996 0.843669 0.523599 2.614 4.083 0 0 0 0 
 1.472 1.603 0.0527129 0 0 2.08157 2.08483 1.01017 0.44644 0.775219 0.523599 2.62 4.093 0 0 0 0 
 1.479 1.609 0.113122 0 0 2.08527 2.08784 1.00887 0.45655 0.70089 0.523599 2.616 4.089 0 0 0 0 
 1.475 1.611 0.175844 0 0 2.08037 2.08773 1.00425 0.467339 0.622536 0.489569 2.609 4.084 0 0 0 0 
 1.477 1.608 0.214513 0 0 2.08237 2.08534 1.00624 0.474007 0.576078 0.452494 2.611 4.083 0 0 0 0 
 1.478 1.601 0.212268 0 0 2.08307 2.07923 1.01003 0.473654 0.580373 0.455716 2.611 4.079 0 0 0 0 
 1.471 1.599 0.213157 0 0 2.07786 2.07663 1.00332 0.474784 0.577118 0.452559 2.61 4.075 0 0 0 0 
 1.468 1.599 0.213026 0 0 2.07637 2.07633 0.998443 0.475627 0.575775 0.450947 2.612 4.074 0 0 0 0 
 1.477 1.593 0.213055 0 0 2.08117 2.06944 1.00639 0.472828 0.5774 0.454378 2.607 4.065 0 0 0 0 
 1.483 1.596 0.21312 0 0 2.08717 2.07423 1.01241 0.473235 0.579967 0.455789 2.613 4.074 0 0 0 0 
 1.486 1.597 0.213191 0 0 2.08807 2.07374 1.01295 0.471613 0.579172 0.456605 2.609 4.07 0 0 0 0 
 1.48 1.597 0.213169 0 0 2.08327 2.07523 1.0148 0.472684 0.580549 0.456646 2.607 4.075 0 0 0 0 
 1.482 1.59 0.213249 0 0 2.08557 2.07213 1.02719 0.473745 0.585959 0.459436 2.61 4.081 0 0 0 0 
 1.481 1.584 0.2133 0 0 2.08427 2.06523 1.02495 0.473368 0.584792 0.45896 2.608 4.072 0 0 0 0 
 1.482 1.589 0.213285 0 0 2.08827 2.07143 1.02092 0.475491 0.584423 0.456935 2.619 4.081 0 0 0 0 
 1.477 1.591 0.213326 0 0 2.08177 2.07073 1.01585 0.473971 0.581488 0.45621 2.609 4.074 0 0 0 0 
 1.481 1.588 0.213284 0 0 2.08576 2.07073 1.02598 0.474627 0.585936 0.458681 2.613 4.081 0 0 0 0 
 1.486 1.592 0.213295 0 0 2.08836 2.07293 1.02637 0.472743 0.585002 0.459628 2.61 4.079 0 0 0 0 
 1.483 1.596 0.213365 0 0 2.08717 2.07573 1.01745 0.473605 0.581869 0.456775 2.613 4.079 0 0 0 0 
 1.484 1.596 0.213421 0 0 2.08817 2.07543 1.01644 0.473548 0.581361 0.456476 2.614 4.078 0 0 0 0 
 1.482 1.596 0.213528 0 0 2.08557 2.07483 1.01602 0.473061 0.580777 0.456486 2.61 4.076 0 0 0 0 
 1.49 1.594 0.213518 0 0 2.09357 2.07554 1.02515 0.473656 0.584749 0.458689 2.618 4.083 0 0 0 0 
 1.485 1.596 0.21346 0 0 2.08767 2.07483 1.01843 0.472492 0.581503 0.457457 2.61 4.076 0 0 0 0 
 1.485 1.596 0.21341 0 0 2.09037 2.07483 1.01124 0.474159 0.579637 0.454794 2.619 4.076 0 0 0 0 
 1.483 1.601 0.213464 0 0 2.08807 2.07833 1.00703 0.473651 0.577581 0.453815 2.616 4.076 0 0 0 0 
