 4.187 4.881 -1.77417 0 0 3.89416 4.32117 -2.81816 0 0 0 3.071 3.231 0 0 0 0 
 4.185 4.89 -1.77417 0 0 3.89616 4.32166 -2.38592 0.411509 -0.311169 -0.293718 3.077 3.223 0 0 0 0 
 4.186 4.886 -1.77029 0 0 3.89567 4.31017 -2.28484 0.416234 -0.313924 -0.292997 3.075 3.204 0 0 0 0 
 4.144 4.8 -1.84885 0 0 3.86317 4.26517 -2.8851 0.394101 -0.233035 -0.232254 3.052 3.2 0 0 0 0 
 4.115 4.778 -1.84959 0 0 3.84466 4.26316 -2.88522 0.379362 -0.227138 -0.235067 3.044 3.218 0 0 0 0 
 4.128 4.693 -1.8595 0 0 3.85266 4.21916 -6.61015 0.355463 -0.25424 -0.278651 3.047 3.215 0 0 0 0 
 4.123 4.632 -1.88146 0 0 3.85067 4.18417 -13.5568 0.340031 -0.245304 -0.280935 3.048 3.206 0 0 0 0 
 4.072 4.58 -1.93239 0 0 3.82917 4.14667 -4.6083 0.326392 -0.150494 -0.182384 3.056 3.183 0 0 0 0 
 4.008 4.537 -1.97088 0 0 3.79517 4.11867 -2.40034 0.310468 -0.0686846 -0.0882617 3.052 3.17 0 0 0 0 
 3.986 4.511 -1.98603 0 0 3.78917 4.09717 -1.70029 0.303614 -0.0275373 -0.0362634 3.062 3.153 0 0 0 0 
 3.968 4.451 -1.99553 0 0 3.77567 4.06517 -2.15051 0.285562 -0.0346699 -0.0485257 3.053 3.149 0 0 0 0 
 3.952 4.415 -1.99875 0 0 3.76667 4.03716 -1.97909 0.278826 -0.0253881 -0.0364054 3.051 3.129 0 0 0 0 
 3.923 4.385 -2.00228 0 0 3.75367 4.02167 -1.54357 0.265666 -0.00405782 -0.00610958 3.054 3.128 0 0 0 0 
 3.916 4.321 -2.00517 0 0 3.74867 3.99217 -2.40308 0.244398 -0.0299062 -0.0489075 3.051 3.133 0 0 0 0 
 3.903 4.296 -2.00696 0 0 3.73867 3.98067 -2.75612 0.235476 -0.0354248 -0.0601032 3.044 3.135 0 0 0 0 
 3.891 4.271 -2.0101 0 0 3.73617 3.95816 -2.07203 0.231297 -0.0160158 -0.0276903 3.051 3.115 0 0 0 0 
 3.881 4.254 -2.01306 0 0 3.73317 3.94817 -1.83938 0.225124 -0.00619029 -0.0109984 3.055 3.112 0 0 0 0 
 3.872 4.242 -2.01472 0 0 3.74417 3.92417 -0.768602 0.226691 0.0478746 0.0842755 3.086 3.076 0 0 0 0 
 3.849 4.238 -2.01575 0 0 3.74167 3.91467 -0.129924 0.224349 0.0963191 0.170072 3.104 3.061 0 0 0 0 
 3.833 4.244 -2.01503 0 0 3.73267 3.91667 0.121421 0.224891 0.113994 0.200042 3.102 3.059 0 0 0 0 
 3.802 4.236 -2.01134 0 0 3.71717 3.90667 0.913959 0.222097 0.145372 0.256069 3.102 3.047 0 0 0 0 
 3.793 4.21 -2.0077 0 0 3.71067 3.89617 0.792408 0.212132 0.134242 0.247921 3.098 3.052 0 0 0 0 
 3.774 4.199 -2.00088 0 0 3.69866 3.89367 1.29019 0.205352 0.136701 0.260237 3.093 3.058 0 0 0 0 
 3.754 4.205 -1.98963 0 0 3.68817 3.89916 14.9238 0.203637 0.149497 0.285625 3.092 3.063 0 0 0 0 
 3.75 4.19 -1.97589 0 0 3.69117 3.88517 -1.9745 0.201808 0.154038 0.296327 3.102 3.05 0 0 0 0 
 3.748 4.156 -1.96111 0 0 3.68817 3.85567 -3.15427 0.199773 0.13775 0.269123 3.098 3.025 0 0 0 0 
 3.752 4.13 -1.94585 0 0 3.68517 3.84167 2.37678 0.194369 0.102152 0.207205 3.088 3.023 0 0 0 0 
 3.704 4.078 -1.91241 0 0 3.63167 3.80317 0.772724 0.187783 0.0566637 0.120119 3.029 2.998 0 0 0 0 
 3.698 4.06 -1.90772 0 0 3.62766 3.79617 0.698216 0.180513 0.0497574 0.109814 3.027 3.002 0 0 0 0 
 3.696 4.056 -1.90072 0 0 3.62667 3.78717 0.905312 0.183531 0.0511681 0.111061 3.027 2.988 0 0 0 0 
 3.694 4.032 -1.89999 0 0 3.63467 3.76367 5.19941 0.18117 0.0729935 0.159787 3.045 2.965 0 0 0 0 
 3.696 4.005 -1.89888 0 0 3.63917 3.74517 7.06323 0.175319 0.0718227 0.162424 3.052 2.955 0 0 0 0 
 3.699 3.98 -1.89645 0 0 3.64116 3.72767 2.74491 0.17083 0.0625439 0.145414 3.053 2.945 0 0 0 0 
 3.681 3.98 -1.89202 0 0 3.63417 3.72317 -1.02832 0.171553 0.0883088 0.203066 3.057 2.936 0 0 0 0 
 3.671 3.979 -1.88696 0 0 3.62867 3.71717 -0.0986615 0.173959 0.0989462 0.223709 3.056 2.925 0 0 0 0 
 3.673 3.923 -1.86808 0 0 3.62917 3.69017 -1.46409 0.156179 0.0643836 0.163426 3.055 2.927 0 0 0 0 
 3.67 3.883 -1.85655 0 0 3.62417 3.66566 -34.1231 0.146816 0.042748 0.115945 3.048 2.918 0 0 0 0 
 3.674 3.837 -1.85048 0 0 3.62917 3.63717 3.83192 0.135524 0.0302026 0.0889082 3.054 2.907 0 0 0 0 
 3.682 3.808 -1.84427 0 0 3.63367 3.61817 1.00101 0.129794 0.0119065 0.0366772 3.055 2.898 0 0 0 0 
 3.666 3.815 -1.84191 0 0 3.62516 3.61967 -14.034 0.132009 0.0325638 0.0983533 3.054 2.894 0 0 0 0 
 3.647 3.827 -1.83976 0 0 3.60967 3.61466 -0.678122 0.142318 0.0507624 0.141717 3.042 2.872 0 0 0 0 
 3.646 3.833 -1.83631 0 0 3.60666 3.61666 -0.995947 0.145258 0.0465934 0.127608 3.037 2.87 0 0 0 0 
 3.635 3.816 -1.83169 0 0 3.60017 3.58767 0.27847 0.15228 0.062067 0.161612 3.035 2.829 0 0 0 0 
 3.65 3.809 -1.82694 0 0 3.60667 3.58467 -1.99638 0.151144 0.036722 0.0968797 3.033 2.83 0 0 0 0 
 3.675 3.767 -1.81782 0 0 3.62817 3.57067 1.74523 0.133762 0.00650456 0.0194487 3.051 2.844 0 0 0 0 
 3.677 3.752 -1.81487 0 0 3.63317 3.55817 3.3454 0.131681 0.0108164 0.0328447 3.059 2.834 0 0 0 0 
 3.666 3.717 -1.81353 0 0 3.63766 3.52767 0.421443 0.126378 0.045465 0.14292 3.079 2.808 0 0 0 0 
 3.646 3.686 -1.80747 0 0 3.62516 3.51217 -1.87733 0.115315 0.0523651 0.179683 3.074 2.808 0 0 0 0 
 3.631 3.675 -1.80323 0 0 3.61917 3.49367 -0.406474 0.118928 0.0769655 0.253304 3.077 2.782 0 0 0 0 
 3.615 3.686 -1.79763 0 0 3.60867 3.49867 3.56558 0.122164 0.0911689 0.290092 3.072 2.781 0 0 0 0 
 3.609 3.676 -1.78977 0 0 3.60117 3.48967 -4.45975 0.121876 0.0832674 0.266771 3.063 2.773 0 0 0 0 
 3.6 3.665 -1.78143 0 0 3.59267 3.48767 -1.41559 0.116118 0.0762954 0.257009 3.055 2.78 0 0 0 0 
 3.604 3.634 -1.76453 0 0 3.59617 3.47167 -3.24456 0.106681 0.0607008 0.223785 3.058 2.779 0 0 0 0 
 3.601 3.633 -1.75753 0 0 3.59617 3.46966 -0.979971 0.107089 0.0658408 0.241144 3.061 2.776 0 0 0 0 
 3.593 3.6 -1.74508 0 0 3.58717 3.43916 -0.859267 0.105743 0.0570909 0.212694 3.051 2.748 0 0 0 0 
 3.591 3.589 -1.73857 0 0 3.59217 3.42767 -0.261982 0.105446 0.0724385 0.26817 3.063 2.736 0 0 0 0 
 3.596 3.579 -1.72547 0 0 3.60617 3.39467 0.86891 0.119952 0.0976771 0.314885 3.086 2.68 0 0 0 0 
 3.598 3.564 -1.69923 0 0 3.60967 3.36116 9.09752 0.132595 0.0941922 0.276852 3.091 2.628 0 0 0 0 
 3.6 3.537 -1.68749 0 0 3.60966 3.34717 -1.01277 0.124401 0.0802036 0.252388 3.089 2.627 0 0 0 0 
 3.626 3.437 -1.67274 0 0 3.61767 3.27317 1.04396 0.108593 0.0215516 0.0792184 3.079 2.579 0 0 0 0 
 3.64 3.414 -1.66499 0 0 3.62117 3.25817 -2.24101 0.103999 -0.0105794 -0.0406678 3.072 2.572 0 0 0 0 
 3.631 3.42 -1.66628 0 0 3.62067 3.25717 0.0477434 0.108086 0.0134727 0.0498183 3.08 2.564 0 0 0 0 
 3.612 3.425 -1.66559 0 0 3.62116 3.24017 -3.86964 0.121508 0.0675465 0.2188 3.1 2.525 0 0 0 0 
 3.587 3.449 -1.66278 0 0 3.60816 3.25166 0.101519 0.129231 0.0986719 0.296415 3.099 2.524 0 0 0 0 
 3.609 3.394 -1.63776 0 0 3.62217 3.21267 -2.63101 0.119448 0.0642585 0.211953 3.105 2.501 0 0 0 0 
 3.612 3.361 -1.62674 0 0 3.62667 3.18867 1.06101 0.113605 0.0621047 0.21528 3.111 2.486 0 0 0 0 
 3.641 3.311 -1.62375 0 0 3.62017 3.16917 0.578369 0.0946345 -0.0346735 -0.145522 3.069 2.497 0 0 0 0 
 3.621 3.274 -1.62201 0 0 3.58867 3.16817 0.132249 0.07129 -0.0716719 -0.382352 3.026 2.532 0 0 0 0 
 3.612 3.286 -1.62185 0 0 3.60316 3.15716 -2.09592 0.0855739 -0.00591468 -0.0276401 3.064 2.498 0 0 0 0 
 3.609 3.297 -1.62134 0 0 3.61217 3.16066 1.28001 0.0901543 0.0263178 0.116241 3.085 2.494 0 0 0 0 
 3.614 3.302 -1.62173 0 0 3.62017 3.15017 0.55167 0.100327 0.0360051 0.142577 3.096 2.468 0 0 0 0 
 3.606 3.299 -1.6204 0 0 3.61466 3.12917 -0.932474 0.112191 0.0437447 0.154719 3.093 2.429 0 0 0 0 
 3.597 3.277 -1.61801 0 0 3.60516 3.09117 -0.966917 0.122824 0.0429007 0.138816 3.083 2.375 0 0 0 0 
 3.587 3.191 -1.60665 0 0 3.58617 3.00616 11.3795 0.122447 0.0146836 0.0479306 3.055 2.291 0 0 0 0 
 3.582 3.191 -1.59728 0 0 3.59117 2.98167 -1.13725 0.138567 0.0366778 0.105484 3.07 2.242 0 0 0 0 
 3.586 3.199 -1.59416 0 0 3.59917 2.96366 1.47133 0.155786 0.0457174 0.116851 3.082 2.198 0 0 0 0 
 3.58 3.169 -1.5939 0 0 3.59717 2.93266 -2.587 0.15642 0.0553819 0.140688 3.084 2.166 0 0 0 0 
 3.593 3.144 -1.58881 0 0 3.59516 2.90967 -6.66961 0.155262 0.0156544 0.0403084 3.067 2.145 0 0 0 0 
 3.584 3.121 -1.58536 0 0 3.58967 2.89817 15.2813 0.147628 0.02202 0.0595929 3.065 2.145 0 0 0 0 
 3.601 3.053 -1.58197 0 0 3.60117 2.87167 1.43703 0.120172 0.0055691 0.018535 3.071 2.16 0 0 0 0 
 3.622 3.025 -1.57897 0 0 3.60017 2.85717 5.91674 0.111427 -0.0524615 -0.186145 3.048 2.159 0 0 0 0 
 3.604 3.009 -1.57875 0 0 3.59417 2.85067 0.412335 0.104999 -0.0221303 -0.0841077 3.054 2.162 0 0 0 0 
 3.593 2.989 -1.57615 0 0 3.58967 2.83067 0.369524 0.104948 -0.00641785 -0.0244562 3.056 2.142 0 0 0 0 
 3.618 2.932 -1.57709 0 0 3.63817 2.74166 -0.0140811 0.126144 0.0539615 0.16947 3.128 2.021 0 0 0 0 
 3.629 2.92 -1.57702 0 0 3.64517 2.71217 -0.299126 0.13773 0.0435835 0.125907 3.131 1.974 0 0 0 0 
 3.628 2.921 -1.57081 0 0 3.62317 2.70367 1.45505 0.144043 -0.0119855 -0.0332707 3.088 1.956 0 0 0 0 
 3.621 2.923 -1.56423 0 0 3.59417 2.70117 -2.28425 0.147049 -0.0699396 -0.188002 3.037 1.949 0 0 0 0 
 3.634 2.871 -1.56844 0 0 3.59567 2.65817 -0.8971 0.141276 -0.0965567 -0.266864 3.027 1.915 0 0 0 0 
 3.63 2.857 -1.57038 0 0 3.59917 2.64017 0.929602 0.143876 -0.076694 -0.210077 3.038 1.893 0 0 0 0 
 3.63 2.808 -1.57376 0 0 3.60867 2.59167 0.868451 0.143497 -0.0513513 -0.142177 3.057 1.845 0 0 0 0 
