 0.683 0.512 0 6.92163e-310 6.52168e-38 0.6582 0.6146 0.245 0 0 0 3.21143e-322 9.93138e-317 9.93172e-317 9.30226e+242 3.77675e+209 4.26137e+257 
 0.695 0.518 0 6.92163e-310 6.52168e-38 0.6776 0.6194 0.245 0.312529 1.20828 0.523599 3.21143e-322 9.93138e-317 9.93172e-317 9.30226e+242 3.77675e+209 4.26137e+257 
 0.704 0.511 0.0181593 6.92163e-310 6.52168e-38 0.6582 0.6146 0.245 0.288308 1.21044 0.523599 3.21143e-322 9.93138e-317 9.93172e-317 9.30226e+242 3.77675e+209 4.26137e+257 
 0.702 0.521 0.121827 6.92163e-310 6.52168e-38 0.6776 0.6194 0.245 0.323482 0.996192 0.506159 3.21143e-322 9.93138e-317 9.93172e-317 9.30226e+242 3.77675e+209 4.26137e+257 
 0.708 0.498 0.234197 6.92163e-310 6.52168e-38 0.6776 0.6194 0.245 0.346652 0.91212 0.442322 3.21143e-322 9.93138e-317 9.93172e-317 9.30226e+242 3.77675e+209 4.26137e+257 
 0.72 0.476 0.3305 6.92163e-310 6.52168e-38 0.6776 0.6194 0.245 0.359798 0.846773 0.400705 3.21143e-322 9.93138e-317 9.93172e-317 9.30226e+242 3.77675e+209 4.26137e+257 
 0.761 0.449 0.419904 6.92163e-310 6.52168e-38 0.6776 0.6194 0.245 0.341638 0.862321 0.426452 3.21143e-322 9.93138e-317 9.93172e-317 9.30226e+242 3.77675e+209 4.26137e+257 
 0.805 0.406 0.504834 6.92163e-310 6.52168e-38 0.6776 0.6194 0.245 0.336573 0.95195 0.470905 3.21143e-322 9.93138e-317 9.93172e-317 9.30226e+242 3.77675e+209 4.26137e+257 
 0.84 0.412 0.593627 6.92163e-310 6.52168e-38 0.7164 0.6291 0.245 0.33863 0.817464 0.409911 3.21143e-322 9.93138e-317 9.93172e-317 9.30226e+242 3.77675e+209 4.26137e+257 
 0.861 0.389 0.685496 6.92163e-310 6.52168e-38 0.7552 0.6388 0.245 0.379878 0.705933 0.322797 3.21143e-322 9.93138e-317 9.93172e-317 9.30226e+242 3.77675e+209 4.26137e+257 
 0.915 0.385 0.764573 6.92163e-310 6.52168e-38 0.794 0.6485 0.245 0.371043 0.675778 0.316792 3.21143e-322 9.93138e-317 9.93172e-317 9.30226e+242 3.77675e+209 4.26137e+257 
 0.949 0.37 0.833708 6.92163e-310 6.52168e-38 0.8134 0.6534 0.245 0.377629 0.665568 0.307205 3.21143e-322 9.93138e-317 9.93172e-317 9.30226e+242 3.77675e+209 4.26137e+257 
 0.977 0.353 0.900645 6.92163e-310 6.52168e-38 0.8522 0.6631 0.245 0.405863 0.586053 0.254287 3.21143e-322 9.93138e-317 9.93172e-317 9.30226e+242 3.77675e+209 4.26137e+257 
 1.008 0.341 0.964819 6.92163e-310 6.52168e-38 0.8716 0.6679 0.245 0.414479 0.561202 0.239058 3.21143e-322 9.93138e-317 9.93172e-317 9.30226e+242 3.77675e+209 4.26137e+257 
 1.038 0.329 1.02213 6.92163e-310 6.52168e-38 0.891 0.6728 0.245 0.424936 0.541331 0.225408 3.21143e-322 9.93138e-317 9.93172e-317 9.30226e+242 3.77675e+209 4.26137e+257 
 1.101 0.336 1.07761 6.92163e-310 6.52168e-38 0.9298 0.6825 0.245 0.413066 0.572116 0.244328 3.21143e-322 9.93138e-317 9.93172e-317 9.30226e+242 3.77675e+209 4.26137e+257 
 1.127 0.319 1.13273 6.92163e-310 6.52168e-38 0.9493 0.6873 0.245 0.434223 0.53782 0.219357 3.21143e-322 9.93138e-317 9.93172e-317 9.30226e+242 3.77675e+209 4.26137e+257 
 1.142 0.29 1.18826 6.92163e-310 6.52168e-38 1.0075 0.7019 0.245 0.490805 0.346599 0.126435 3.21143e-322 9.93138e-317 9.93172e-317 9.30226e+242 3.77675e+209 4.26137e+257 
 1.201 0.29 1.23954 6.92163e-310 6.52168e-38 1.0269 0.7067 0.245 0.484405 0.416655 0.153605 3.21143e-322 9.93138e-317 9.93172e-317 9.30226e+242 3.77675e+209 4.26137e+257 
 1.255 0.264 1.26831 6.92163e-310 6.52168e-38 1.0269 0.7067 0.245 0.501005 0.56466 0.200154 3.21143e-322 9.93138e-317 9.93172e-317 9.30226e+242 3.77675e+209 4.26137e+257 
 1.306 0.244 1.30163 6.92163e-310 6.52168e-38 1.0851 0.7213 0.245 0.538122 0.509817 0.168908 3.21143e-322 9.93138e-317 9.93172e-317 9.30226e+242 3.77675e+209 4.26137e+257 
 1.342 0.238 1.36265 6.92163e-310 6.52168e-38 1.1433 0.7358 0.245 0.5645 0.34961 0.11102 3.21143e-322 9.93138e-317 9.93172e-317 9.30226e+242 3.77675e+209 4.26137e+257 
 1.392 0.235 1.41871 6.92163e-310 6.52168e-38 1.1821 0.7455 0.245 0.578456 0.294057 0.0912486 3.21143e-322 9.93138e-317 9.93172e-317 9.30226e+242 3.77675e+209 4.26137e+257 
 1.446 0.242 1.45437 6.92163e-310 6.52168e-38 1.2209 0.7552 0.245 0.581661 0.283115 0.0873891 3.21143e-322 9.93138e-317 9.93172e-317 9.30226e+242 3.77675e+209 4.26137e+257 
 1.54 0.247 1.4777 6.92163e-310 6.52168e-38 1.2597 0.7649 0.245 0.588236 0.408561 0.124374 3.21143e-322 9.93138e-317 9.93172e-317 9.30226e+242 3.77675e+209 4.26137e+257 
 1.586 0.23 1.51203 6.92163e-310 6.52168e-38 1.3179 0.7795 0.245 0.621999 0.309529 0.0893362 3.21143e-322 9.93138e-317 9.93172e-317 9.30226e+242 3.77675e+209 4.26137e+257 
 1.633 0.217 1.54503 6.92163e-310 6.52168e-38 1.3955 0.7989 0.245 0.654468 0.159501 0.0438398 3.21143e-322 9.93138e-317 9.93172e-317 9.30226e+242 3.77675e+209 4.26137e+257 
 1.683 0.197 1.57136 6.92163e-310 6.52168e-38 1.4343 0.8086 0.245 0.686117 0.137469 0.0360487 3.21143e-322 9.93138e-317 9.93172e-317 9.30226e+242 3.77675e+209 4.26137e+257 
 1.746 0.164 1.5868 6.92163e-310 6.52168e-38 1.4925 0.8231 0.245 0.735525 0.11198 0.0273974 3.21143e-322 9.93138e-317 9.93172e-317 9.30226e+242 3.77675e+209 4.26137e+257 
 1.776 0.146 1.6048 6.92163e-310 6.52168e-38 1.5313 0.8328 0.245 0.76317 0.0495425 0.0116845 3.21143e-322 9.93138e-317 9.93172e-317 9.30226e+242 3.77675e+209 4.26137e+257 
 1.835 0.133 1.61492 6.92163e-310 6.52168e-38 1.5701 0.8425 0.245 0.788529 0.0762565 0.0174056 3.21143e-322 9.93138e-317 9.93172e-317 9.30226e+242 3.77675e+209 4.26137e+257 
 1.924 0.12 1.62186 6.92163e-310 6.52168e-38 1.6089 0.8522 0.245 0.818086 0.177332 0.0389979 3.21143e-322 9.93138e-317 9.93172e-317 9.30226e+242 3.77675e+209 4.26137e+257 
 2.003 0.133 1.62896 6.92163e-310 6.52168e-38 1.6478 0.8619 0.245 0.820902 0.257437 0.0563885 3.21143e-322 9.93138e-317 9.93172e-317 9.30226e+242 3.77675e+209 4.26137e+257 
 2.062 0.129 1.64758 6.92163e-310 6.52168e-38 1.7254 0.8813 0.245 0.842431 0.170456 0.0364047 3.21143e-322 9.93138e-317 9.93172e-317 9.30226e+242 3.77675e+209 4.26137e+257 
 2.171 0.148 1.66741 6.92163e-310 6.52168e-38 1.803 0.9007 0.245 0.848856 0.202908 0.0430001 3.21143e-322 9.93138e-317 9.93172e-317 9.30226e+242 3.77675e+209 4.26137e+257 
 2.267 0.184 1.68438 6.92163e-310 6.52168e-38 1.8612 0.9153 0.245 0.835541 0.264547 0.0569296 3.21143e-322 9.93138e-317 9.93172e-317 9.30226e+242 3.77675e+209 4.26137e+257 
