 0.625 1.123 -0.000103094 0 0 1.31617 2.23467 -26.5856 0 0 0 1.477 2.816 0 0 0 0 
 0.623 1.123 -0.000103275 0 0 1.31167 2.23617 -21.9081 0.573593 1.42993 0.523599 1.47 2.819 0 0 0 0 
 0.617 1.129 -0.000102318 0 0 1.30917 2.23917 -30.195 0.575302 1.42601 0.523599 1.471 2.819 0 0 0 0 
 0.615 1.123 0.0171803 0 0 1.30717 2.23617 -26.6968 0.585727 1.40893 0.523599 1.469 2.819 0 0 0 0 
 0.636 1.098 0.064261 0 0 1.31717 2.22267 -12.4275 0.607521 1.37011 0.523599 1.468 2.817 0 0 0 0 
 0.645 1.083 0.146992 0 0 1.32317 2.21567 -10.0278 0.651412 1.27999 0.523599 1.471 2.818 0 0 0 0 
 0.683 1.071 0.259618 0 0 1.34067 2.20916 -6.20373 0.695099 1.15771 0.523599 1.468 2.817 0 0 0 0 
 0.73 1.073 0.375405 0 0 1.36317 2.20917 -4.39697 0.729469 1.02287 0.51116 1.466 2.815 0 0 0 0 
 0.797 1.078 0.489091 0 0 1.39667 2.21167 -3.02062 0.751893 0.893288 0.443628 1.466 2.815 0 0 0 0 
 0.868 1.093 0.592097 0 0 1.43117 2.22067 -2.17142 0.763 0.776867 0.386758 1.464 2.818 0 0 0 0 
 0.939 1.117 0.690282 0 0 1.46717 2.23317 -1.65886 0.766994 0.661779 0.332328 1.465 2.819 0 0 0 0 
 1.008 1.142 0.782734 0 0 1.50217 2.24667 -1.27627 0.766619 0.554287 0.28153 1.466 2.821 0 0 0 0 
 1.08 1.183 0.865937 0 0 1.53867 2.26666 -0.987171 0.756157 0.457441 0.237418 1.467 2.82 0 0 0 0 
 1.151 1.243 0.936787 0 0 1.57617 2.29767 -0.777694 0.73801 0.374035 0.200015 1.471 2.822 0 0 0 0 
 1.205 1.301 0.99337 0 0 1.59917 2.32817 -0.593554 0.718401 0.312008 0.172007 1.463 2.825 0 0 0 0 
 1.261 1.355 1.03576 0 0 1.62767 2.35217 -0.449021 0.696308 0.267352 0.152392 1.464 2.819 0 0 0 0 
 1.309 1.409 1.06746 0 0 1.65117 2.37917 -0.316166 0.675636 0.237954 0.139956 1.463 2.819 0 0 0 0 
 1.34 1.467 1.09185 0 0 1.66567 2.40767 -0.258699 0.65502 0.208672 0.126746 1.461 2.818 0 0 0 0 
 1.388 1.522 1.1201 0 0 1.68967 2.43466 -0.116693 0.633325 0.186033 0.11696 1.461 2.817 0 0 0 0 
 1.425 1.588 1.14307 0 0 1.70967 2.46867 -0.0479409 0.610625 0.160584 0.104808 1.464 2.819 0 0 0 0 
 1.461 1.654 1.16196 0 0 1.72717 2.49917 0.0337613 0.585082 0.142293 0.0969757 1.463 2.814 0 0 0 0 
 1.499 1.729 1.17851 0 0 1.74917 2.53966 0.0992519 0.560585 0.125242 0.0891286 1.469 2.82 0 0 0 0 
 1.535 1.792 1.19353 0 0 1.76567 2.56967 0.233944 0.536107 0.117475 0.0874273 1.466 2.817 0 0 0 0 
 1.566 1.848 1.20588 0 0 1.78117 2.59617 0.348766 0.514635 0.11008 0.0853514 1.466 2.814 0 0 0 0 
 1.584 1.903 1.21814 0 0 1.78967 2.62317 0.376457 0.495394 0.094847 0.0764339 1.465 2.813 0 0 0 0 
 1.602 1.95 1.22979 0 0 1.79467 2.64717 0.516729 0.478492 0.0893784 0.0745781 1.457 2.814 0 0 0 0 
 1.621 2.009 1.23994 0 0 1.80567 2.67967 0.533644 0.460383 0.0763397 0.0662301 1.46 2.82 0 0 0 0 
 1.657 2.057 1.2497 0 0 1.82367 2.70617 0.938033 0.443402 0.0840422 0.075671 1.46 2.825 0 0 0 0 
 1.671 2.118 1.25854 0 0 1.83267 2.73616 0.812218 0.422973 0.0662801 0.0625983 1.464 2.824 0 0 0 0 
 1.696 2.171 1.26774 0 0 1.84667 2.76017 0.967413 0.40262 0.060182 0.0597192 1.467 2.819 0 0 0 0 
 1.721 2.216 1.27579 0 0 1.85917 2.78317 1.43871 0.386428 0.0625268 0.0646328 1.467 2.82 0 0 0 0 
 1.726 2.262 1.28218 0 0 1.86217 2.81167 1.24771 0.375006 0.0501723 0.0534652 1.468 2.831 0 0 0 0 
 1.735 2.303 1.28853 0 0 1.86417 2.83867 1.57656 0.3649 0.0492104 0.0538918 1.463 2.844 0 0 0 0 
 1.75 2.331 1.29365 0 0 1.86917 2.85567 3.1267 0.356186 0.0571643 0.064108 1.458 2.85 0 0 0 0 
 1.756 2.359 1.30249 0 0 1.87117 2.86917 3.4448 0.346336 0.0483281 0.0557585 1.456 2.849 0 0 0 0 
 1.755 2.381 1.30886 0 0 1.85717 2.88717 -4.05133 0.34171 0.0650004 0.0759419 1.429 2.863 0 0 0 0 
 1.747 2.391 1.30826 0 0 1.84467 2.89067 -2.3409 0.336795 0.0713315 0.0845163 1.412 2.86 0 0 0 0 
 1.754 2.392 1.30854 0 0 1.84517 2.89167 -1.03439 0.335756 0.0837995 0.099504 1.406 2.861 0 0 0 0 
 1.748 2.395 1.30839 0 0 1.84367 2.89067 -1.97418 0.333903 0.0732277 0.0874993 1.409 2.856 0 0 0 0 
 1.744 2.393 1.30848 0 0 1.83717 2.88666 -1.50511 0.332217 0.0771195 0.0925889 1.4 2.85 0 0 0 0 
 1.744 2.39 1.30823 0 0 1.83767 2.88717 -1.47586 0.334543 0.0780358 0.0930351 1.401 2.854 0 0 0 0 
 1.744 2.39 1.30822 0 0 1.83617 2.88867 -1.19165 0.335266 0.0816902 0.0971562 1.398 2.857 0 0 0 0 
 1.745 2.385 1.3082 0 0 1.83817 2.88517 -1.29864 0.336391 0.0804534 0.0953763 1.401 2.855 0 0 0 0 
 1.746 2.381 1.30817 0 0 1.83917 2.88117 -1.29863 0.33639 0.0804857 0.0954146 1.402 2.851 0 0 0 0 
 1.74 2.378 1.30812 0 0 1.83567 2.87717 -1.807 0.336148 0.0751576 0.0891966 1.401 2.846 0 0 0 0 
 1.735 2.377 1.30809 0 0 1.83267 2.87617 -2.37448 0.33647 0.0712702 0.084525 1.4 2.845 0 0 0 0 
 1.734 2.371 1.30813 0 0 1.83167 2.87517 -2.07125 0.339685 0.0735941 0.0864457 1.399 2.849 0 0 0 0 
 1.739 2.367 1.30806 0 0 1.83567 2.87267 -1.75175 0.340486 0.0763168 0.0894171 1.402 2.848 0 0 0 0 
 1.738 2.365 1.30798 0 0 1.83567 2.87317 -1.87141 0.342253 0.0756244 0.0881551 1.403 2.851 0 0 0 0 
 1.736 2.365 1.30797 0 0 1.83317 2.87167 -1.82143 0.341208 0.0759089 0.0887546 1.4 2.848 0 0 0 0 
 1.731 2.359 1.30796 0 0 1.83416 2.87017 -4.04361 0.34507 0.0663628 0.0767754 1.407 2.851 0 0 0 0 
 1.731 2.355 1.30797 0 0 1.83267 2.86467 -3.22373 0.343863 0.0685522 0.0795751 1.404 2.844 0 0 0 0 
 1.73 2.353 1.30799 0 0 1.83217 2.86217 -3.59423 0.343624 0.0673199 0.0782048 1.404 2.841 0 0 0 0 
 1.728 2.351 1.30801 0 0 1.83217 2.86017 -5.63376 0.343949 0.0634194 0.0736211 1.406 2.839 0 0 0 0 
 1.725 2.354 1.30795 0 0 1.83067 2.86167 -10.8288 0.343229 0.0598482 0.0696344 1.406 2.839 0 0 0 0 
 1.721 2.355 1.30797 0 0 1.82867 2.85817 25.6542 0.340668 0.0537661 0.0630465 1.406 2.831 0 0 0 0 
 1.722 2.353 1.30797 0 0 1.82617 2.85917 -6.75962 0.342022 0.0620226 0.0724096 1.4 2.835 0 0 0 0 
 1.731 2.351 1.30799 0 0 1.83166 2.85817 -2.96043 0.342095 0.0692931 0.0808454 1.402 2.835 0 0 0 0 
 1.733 2.354 1.30797 0 0 1.83367 2.86117 -2.96043 0.342095 0.0693149 0.0808708 1.404 2.838 0 0 0 0 
 1.73 2.351 1.30796 0 0 1.83267 2.85817 -4.31736 0.342419 0.065437 0.0762924 1.405 2.835 0 0 0 0 
 1.729 2.352 1.30797 0 0 1.83167 2.86116 -3.96446 0.343704 0.0663724 0.0770905 1.404 2.84 0 0 0 0 
 1.727 2.349 1.30798 0 0 1.83117 2.86017 -5.06643 0.345233 0.0643979 0.0744757 1.405 2.841 0 0 0 0 
 1.729 2.35 1.30796 0 0 1.83367 2.86067 -5.94486 0.344994 0.0632054 0.0731523 1.408 2.841 0 0 0 0 
 1.73 2.351 1.30806 0 0 1.83417 2.86167 -5.19765 0.344914 0.0640764 0.0741738 1.408 2.842 0 0 0 0 
 1.728 2.352 1.30805 0 0 1.83067 2.86217 -3.80763 0.344348 0.0667588 0.0773931 1.403 2.842 0 0 0 0 
 1.729 2.35 1.30806 0 0 1.82967 2.85966 -2.7345 0.343703 0.0704015 0.0817504 1.4 2.839 0 0 0 0 
 1.732 2.347 1.30807 0 0 1.83267 2.85767 -2.6525 0.344346 0.0708677 0.0821363 1.403 2.838 0 0 0 0 
 1.732 2.343 1.30808 0 0 1.83117 2.85367 -2.13932 0.344104 0.0737682 0.0855419 1.4 2.834 0 0 0 0 
 1.733 2.342 1.3081 0 0 1.83217 2.85217 -2.16775 0.343783 0.0735198 0.0853344 1.401 2.832 0 0 0 0 
 1.732 2.339 1.30818 0 0 1.82967 2.85367 -1.60461 0.346435 0.0784437 0.0903259 1.397 2.838 0 0 0 0 
 1.729 2.34 1.30818 0 0 1.83017 2.85417 -2.57786 0.346678 0.0714176 0.0822164 1.401 2.838 0 0 0 0 
 1.727 2.344 1.30811 0 0 1.82867 2.85967 -2.65828 0.347722 0.0712222 0.0817475 1.4 2.845 0 0 0 0 
 1.726 2.345 1.30808 0 0 1.83017 2.86267 -3.80083 0.349411 0.0673617 0.0769623 1.404 2.85 0 0 0 0 
 1.727 2.349 1.30809 0 0 1.83067 2.86466 -3.72983 0.348045 0.0673778 0.0772815 1.404 2.85 0 0 0 0 
 1.727 2.342 1.30813 0 0 1.83267 2.86067 -5.03158 0.350298 0.0648777 0.0739477 1.408 2.849 0 0 0 0 
 1.727 2.345 1.30817 0 0 1.83117 2.86267 -3.80079 0.349413 0.0672631 0.0768497 1.405 2.85 0 0 0 0 
 1.722 2.343 1.30817 0 0 1.82967 2.86067 -10.4153 0.349982 0.0605027 0.0690396 1.407 2.848 0 0 0 0 
 1.72 2.345 1.3082 0 0 1.82767 2.86116 -12.1997 0.349019 0.0597631 0.0683858 1.405 2.847 0 0 0 0 
 1.721 2.345 1.30814 0 0 1.82867 2.86067 -12.9377 0.348697 0.0595859 0.0682464 1.406 2.846 0 0 0 0 
 1.728 2.338 1.30806 0 0 1.82967 2.85567 -2.50746 0.349006 0.0722163 0.0825798 1.401 2.843 0 0 0 0 
 1.731 2.342 1.30802 0 0 1.83217 2.85617 -2.57787 0.346675 0.0715868 0.0824111 1.403 2.84 0 0 0 0 
 1.729 2.346 1.30805 0 0 1.83117 2.85867 -3.16953 0.345873 0.0689177 0.0795346 1.403 2.841 0 0 0 0 
 1.728 2.346 1.30805 0 0 1.82917 2.86217 -2.43401 0.347961 0.0724901 0.0831393 1.4 2.848 0 0 0 0 
 1.722 2.347 1.30802 0 0 1.82667 2.86267 -4.59197 0.348206 0.0655129 0.075116 1.401 2.848 0 0 0 0 
 1.725 2.347 1.30802 0 0 1.82767 2.85966 -3.46219 0.345954 0.0679729 0.0784306 1.4 2.842 0 0 0 0 
 1.724 2.347 1.30798 0 0 1.82817 2.86216 -4.20878 0.347803 0.0662899 0.0760912 1.402 2.847 0 0 0 0 
 1.721 2.343 1.30796 0 0 1.82867 2.85966 -11.5414 0.349337 0.0602507 0.0688796 1.406 2.846 0 0 0 0 
 1.719 2.346 1.308 0 0 1.82567 2.86067 -8.83788 0.34789 0.0611921 0.0702423 1.402 2.845 0 0 0 0 
 1.723 2.342 1.30805 0 0 1.82867 2.85917 -5.43394 0.349333 0.0642605 0.0734484 1.404 2.846 0 0 0 0 
 1.731 2.34 1.30809 0 0 1.83217 2.85767 -2.33493 0.348926 0.0731472 0.0836584 1.403 2.845 0 0 0 0 
 1.725 2.338 1.30807 0 0 1.82767 2.85717 -2.78706 0.350132 0.07097 0.0809011 1.4 2.846 0 0 0 0 
 1.724 2.345 1.30806 0 0 1.82817 2.86116 -4.03611 0.348447 0.0666726 0.076388 1.402 2.847 0 0 0 0 
 1.73 2.342 1.30805 0 0 1.82867 2.85717 -1.79211 0.346915 0.0768677 0.0883989 1.397 2.842 0 0 0 0 
 1.726 2.34 1.30802 0 0 1.82817 2.85816 -2.66114 0.349408 0.0715177 0.0816909 1.4 2.846 0 0 0 0 
 1.725 2.343 1.30801 0 0 1.82817 2.85917 -3.34002 0.348284 0.0686586 0.0786907 1.401 2.845 0 0 0 0 
 1.725 2.349 1.30799 0 0 1.82717 2.86067 -3.28112 0.34523 0.0685075 0.07921 1.399 2.842 0 0 0 0 
 1.728 2.348 1.30792 0 0 1.82917 2.86017 -2.73713 0.345388 0.0707579 0.0817633 1.4 2.842 0 0 0 0 
 1.731 2.347 1.30823 0 0 1.83467 2.86216 -3.80307 0.347726 0.0669912 0.07691 1.408 2.847 0 0 0 0 
 1.726 2.351 1.30913 0 0 1.83767 2.86667 10.5586 0.349366 0.0508189 0.0581186 1.419 2.852 0 0 0 0 
 1.743 2.39 1.30798 0 0 1.85317 2.88917 5.45446 0.338513 0.0469271 0.0553942 1.433 2.858 0 0 0 0 
 1.761 2.429 1.30269 0 0 1.86867 2.91517 5.01411 0.329693 0.0507676 0.0615161 1.446 2.871 0 0 0 0 
 1.774 2.459 1.29649 0 0 1.87767 2.93517 8.3577 0.322522 0.0598187 0.074053 1.451 2.881 0 0 0 0 
 1.795 2.474 1.2788 0 0 1.89017 2.94317 -4.52233 0.316233 0.0905816 0.114078 1.455 2.882 0 0 0 0 
 1.813 2.504 1.23569 0 0 1.89917 2.96316 -1.41113 0.306925 0.144976 0.186739 1.455 2.892 0 0 0 0 
 1.797 2.532 1.23565 0 0 1.88917 2.98817 -4.13922 0.306216 0.131299 0.169859 1.451 2.914 0 0 0 0 
 1.8 2.562 1.23633 0 0 1.89617 3.00267 7.64848 0.297247 0.113289 0.151286 1.462 2.913 0 0 0 0 
 1.798 2.57 1.23843 0 0 1.89917 3.00517 2.29544 0.29484 0.0978528 0.131982 1.47 2.91 0 0 0 0 
 1.795 2.577 1.23761 0 0 1.89517 3.01266 2.63339 0.294933 0.100948 0.136064 1.465 2.918 0 0 0 0 
 1.792 2.579 1.23788 0 0 1.89117 3.01717 3.30463 0.296315 0.104253 0.139814 1.46 2.925 0 0 0 0 
 1.788 2.578 1.2378 0 0 1.88867 3.01567 2.61969 0.2963 0.101006 0.135521 1.459 2.923 0 0 0 0 
 1.791 2.576 1.23788 0 0 1.89167 3.01317 2.58114 0.295987 0.100621 0.135151 1.462 2.92 0 0 0 0 
 1.793 2.576 1.23794 0 0 1.89667 3.01367 1.87267 0.296912 0.0948389 0.127079 1.47 2.921 0 0 0 0 
 1.784 2.573 1.23789 0 0 1.89117 3.01167 1.40362 0.298253 0.0884851 0.118119 1.468 2.92 0 0 0 0 
 1.789 2.571 1.23874 0 0 1.89217 3.01167 2.119 0.298722 0.0969529 0.129101 1.465 2.922 0 0 0 0 
 1.798 2.556 1.24088 0 0 1.89367 3.00217 20.5751 0.30075 0.113308 0.149575 1.459 2.918 0 0 0 0 
 1.809 2.525 1.2411 0 0 1.89967 2.98067 -3.08548 0.305779 0.128745 0.16685 1.46 2.906 0 0 0 0 
 1.805 2.496 1.24141 0 0 1.90067 2.95817 -8.38598 0.310884 0.122296 0.156073 1.466 2.89 0 0 0 0 
 1.786 2.453 1.24197 0 0 1.89217 2.93167 4.84104 0.323411 0.110691 0.136059 1.468 2.88 0 0 0 0 
 1.766 2.418 1.24041 0 0 1.87817 2.91017 2.97249 0.333095 0.108457 0.129513 1.46 2.872 0 0 0 0 
 1.754 2.402 1.24043 0 0 1.86917 2.90116 2.51795 0.338117 0.106698 0.125562 1.454 2.87 0 0 0 0 
 1.75 2.395 1.24005 0 0 1.86917 2.89467 1.74922 0.339224 0.0996872 0.11701 1.458 2.864 0 0 0 0 
 1.748 2.389 1.24052 0 0 1.86517 2.89217 2.25202 0.341046 0.105082 0.122629 1.452 2.865 0 0 0 0 
 1.745 2.387 1.24058 0 0 1.86267 2.89167 2.21902 0.342095 0.10493 0.122081 1.45 2.866 0 0 0 0 
 1.736 2.373 1.24065 0 0 1.86417 2.88867 1.21424 0.351153 0.0911951 0.10351 1.462 2.874 0 0 0 0 
 1.733 2.36 1.24077 0 0 1.86217 2.87816 1.18547 0.352935 0.09063 0.102357 1.461 2.866 0 0 0 0 
 1.725 2.357 1.2409 0 0 1.86417 2.87667 0.673284 0.355914 0.0724809 0.0812794 1.473 2.866 0 0 0 0 
 1.713 2.354 1.2408 0 0 1.85917 2.87817 0.47632 0.360184 0.0621005 0.0688563 1.475 2.872 0 0 0 0 
 1.711 2.355 1.24085 0 0 1.85867 2.87917 0.43237 0.360494 0.0592336 0.0656306 1.476 2.873 0 0 0 0 
 1.709 2.357 1.24097 0 0 1.85917 2.87967 0.352624 0.360068 0.0535286 0.0593951 1.479 2.872 0 0 0 0 
 1.706 2.359 1.24102 0 0 1.85567 2.88116 0.361969 0.35965 0.0541123 0.0601108 1.475 2.873 0 0 0 0 
 1.709 2.359 1.24091 0 0 1.85467 2.88167 0.478791 0.359138 0.0620277 0.0689755 1.47 2.874 0 0 0 0 
 1.711 2.362 1.24115 0 0 1.85417 2.88317 0.544637 0.357683 0.0655735 0.0732004 1.467 2.874 0 0 0 0 
 1.706 2.362 1.24101 0 0 1.84967 2.88067 0.506262 0.356208 0.0632952 0.0709573 1.463 2.869 0 0 0 0 
 1.703 2.361 1.24095 0 0 1.84917 2.88017 0.435007 0.357037 0.0589542 0.0659525 1.465 2.869 0 0 0 0 
 1.704 2.359 1.24097 0 0 1.84967 2.87817 0.449585 0.356934 0.0598723 0.0669957 1.465 2.867 0 0 0 0 
 1.707 2.366 1.24098 0 0 1.85267 2.88567 0.453718 0.357249 0.0601663 0.0672645 1.468 2.875 0 0 0 0 
 1.709 2.363 1.24099 0 0 1.85417 2.88367 0.477049 0.357777 0.0616875 0.0688586 1.469 2.874 0 0 0 0 
 1.711 2.366 1.24096 0 0 1.85367 2.88517 0.543004 0.356317 0.0655271 0.0734282 1.466 2.874 0 0 0 0 
 1.711 2.366 1.24101 0 0 1.84967 2.88316 0.666672 0.354238 0.0718359 0.0809387 1.458 2.87 0 0 0 0 
 1.71 2.366 1.24096 0 0 1.84817 2.88266 0.681037 0.35382 0.0725361 0.0818204 1.456 2.869 0 0 0 0 
 1.708 2.366 1.24096 0 0 1.84767 2.88266 0.62378 0.354127 0.069704 0.0785713 1.457 2.869 0 0 0 0 
 1.708 2.368 1.24099 0 0 1.84717 2.88317 0.627277 0.353079 0.0697171 0.0788182 1.456 2.868 0 0 0 0 
 1.707 2.366 1.24096 0 0 1.84767 2.87917 0.554829 0.352126 0.0657308 0.0745291 1.458 2.862 0 0 0 0 
 1.706 2.364 1.24098 0 0 1.85017 2.88167 0.482053 0.355681 0.0617915 0.0693795 1.464 2.869 0 0 0 0 
 1.706 2.367 1.24096 0 0 1.85617 2.88867 0.345155 0.359438 0.0529381 0.058844 1.476 2.88 0 0 0 0 
 1.712 2.367 1.24093 0 0 1.86767 2.89817 0.277444 0.366558 0.0484154 0.0527834 1.493 2.899 0 0 0 0 
 1.712 2.37 1.24089 0 0 1.86667 2.89916 0.287304 0.365091 0.0491184 0.0537631 1.491 2.898 0 0 0 0 
 1.713 2.37 1.24092 0 0 1.86917 2.89966 0.255457 0.365718 0.0465923 0.0509158 1.495 2.899 0 0 0 0 
 1.714 2.371 1.24099 0 0 1.86767 2.89667 0.286749 0.362682 0.0487708 0.0537372 1.491 2.892 0 0 0 0 
 1.714 2.373 1.24099 0 0 1.86367 2.89766 0.380979 0.361224 0.0556384 0.0615332 1.483 2.892 0 0 0 0 
 1.716 2.374 1.24094 0 0 1.86467 2.89767 0.400405 0.360387 0.0569718 0.06315 1.483 2.891 0 0 0 0 
 1.716 2.373 1.24096 0 0 1.87817 2.90916 0.166205 0.371058 0.039336 0.0423787 1.51 2.915 0 0 0 0 
 1.711 2.371 1.24099 0 0 1.87917 2.91117 0.0706368 0.374831 0.0306604 0.0327075 1.517 2.921 0 0 0 0 
 1.713 2.37 1.24095 0 0 1.88217 2.91616 0.0872207 0.378812 0.0324977 0.0343018 1.521 2.932 0 0 0 0 
 1.713 2.365 1.24102 0 0 1.88767 2.92117 0.0426147 0.386254 0.0284047 0.029407 1.532 2.947 0 0 0 0 
 1.71 2.367 1.24113 0 0 1.88867 2.92567 -0.0147082 0.38867 0.0225296 0.0231822 1.537 2.954 0 0 0 0 
 1.712 2.374 1.24103 0 0 1.88417 2.92817 0.0773616 0.384472 0.031733 0.0330027 1.526 2.952 0 0 0 0 
 1.718 2.373 1.24106 0 0 1.88367 2.92416 0.187546 0.381225 0.0417717 0.0438009 1.519 2.945 0 0 0 0 
 1.717 2.376 1.24106 0 0 1.88467 2.92667 0.143701 0.381328 0.0378203 0.0396514 1.522 2.947 0 0 0 0 
 1.72 2.374 1.23727 0 0 1.88417 2.92567 0.222398 0.381181 0.0490028 0.0513768 1.518 2.947 0 0 0 0 
 1.717 2.368 1.20566 0 0 1.88317 2.92017 0.183414 0.381401 0.0806396 0.0843713 1.519 2.942 0 0 0 0 
 1.724 2.385 1.14252 0 0 1.88417 2.92267 0.218742 0.369121 0.151001 0.162195 1.514 2.93 0 0 0 0 
 1.737 2.392 1.06969 0 0 1.88867 2.92317 0.377125 0.359243 0.239797 0.260916 1.51 2.924 0 0 0 0 
 1.749 2.405 1.00196 0 0 1.89717 2.93216 0.44222 0.351025 0.314433 0.344053 1.515 2.929 0 0 0 0 
 1.762 2.424 0.958627 0 0 1.89517 2.94267 0.937798 0.337422 0.378199 0.421472 1.498 2.931 0 0 0 0 
 1.771 2.444 0.957694 0 0 1.89567 2.95517 1.42446 0.330217 0.387276 0.438638 1.49 2.936 0 0 0 0 
 1.772 2.451 0.957423 0 0 1.89867 2.95917 1.18602 0.32914 0.381314 0.433946 1.495 2.937 0 0 0 0 
 1.8 2.452 0.95607 0 0 1.91317 2.95366 3.48611 0.320803 0.40061 0.463255 1.496 2.925 0 0 0 0 
 1.816 2.471 0.953278 0 0 1.91817 2.95516 -37.5032 0.306857 0.406949 0.487729 1.49 2.909 0 0 0 0 
 1.829 2.496 0.952159 0 0 1.92967 2.97117 -127.085 0.3011 0.40234 0.490861 1.5 2.916 0 0 0 0 
 1.838 2.537 0.953321 0 0 1.93667 2.99616 17.042 0.291411 0.389701 0.491189 1.505 2.925 0 0 0 0 
 1.863 2.56 0.953696 0 0 1.95317 3.00316 -4.86678 0.279471 0.389494 0.508563 1.513 2.916 0 0 0 0 
 1.879 2.583 0.953741 0 0 1.98417 3.03116 2.06567 0.287363 0.366769 0.472037 1.559 2.949 0 0 0 0 
 1.9 2.612 0.953408 0 0 2.01517 3.07067 1.11807 0.296685 0.359141 0.450932 1.6 2.999 0 0 0 0 
 1.93 2.657 0.953347 0 0 2.02816 3.09667 4.20352 0.280127 0.371619 0.487861 1.596 3.006 0 0 0 0 
 1.945 2.693 0.952931 0 0 2.06367 3.14267 0.756696 0.292718 0.344384 0.439853 1.652 3.062 0 0 0 0 
 1.969 2.718 0.951818 0 0 2.04817 3.12766 -2.00609 0.256496 0.378318 0.523599 1.597 3.007 0 0 0 0 
 1.983 2.75 0.950715 0 0 2.03167 3.11417 2.57149 0.220196 0.390469 0.523599 1.55 2.948 0 0 0 0 
 2.002 2.788 0.949746 0 0 2.01867 3.11567 1.05534 0.188542 0.415357 0.523599 1.505 2.913 0 0 0 0 
 2.026 2.836 0.949831 0 0 2.07517 3.18267 0.965535 0.210319 0.371289 0.523599 1.594 2.999 0 0 0 0 
 2.048 2.879 0.952404 0 0 2.13867 3.24766 1.32599 0.237202 0.312675 0.485227 1.699 3.086 0 0 0 0 
 2.083 2.913 0.957831 0 0 2.17167 3.26967 1.21217 0.230128 0.299015 0.479311 1.73 3.096 0 0 0 0 
 2.107 2.953 0.970888 0 0 2.15417 3.24567 -0.0782132 0.180579 0.30008 0.523599 1.671 3.008 0 0 0 0 
 2.131 2.994 1.0282 0 0 2.13217 3.24517 -2.47208 0.145994 0.316818 0.523599 1.603 2.966 0 0 0 0 
 2.164 3.029 1.12284 0 0 2.14267 3.26267 -23.0401 0.136151 0.299681 0.523599 1.591 2.966 0 0 0 0 
 2.194 3.064 1.22396 0 0 2.16967 3.29017 0.131692 0.137332 0.248331 0.523599 1.615 2.986 0 0 0 0 
 2.223 3.095 1.32606 0 0 2.16217 3.28617 -0.000760846 0.115253 0.268018 0.523599 1.571 2.947 0 0 0 0 
 2.255 3.141 1.38672 0 0 2.16817 3.29317 5.44748 0.091091 0.29483 0.523599 1.551 2.915 0 0 0 0 
 2.294 3.195 1.38737 0 0 2.17866 3.31566 -1.72812 0.0682977 0.359645 0.523599 1.533 2.906 0 0 0 0 
 2.338 3.245 1.3874 0 0 2.19917 3.33617 -0.770741 0.0473134 0.413863 0.523599 1.53 2.897 0 0 0 0 
 2.361 3.291 1.38852 0 0 2.20567 3.35366 -0.426829 0.0276397 0.450798 0.523599 1.52 2.886 0 0 0 0 
 2.389 3.357 1.38906 0 0 2.21067 3.37817 -0.119241 4.16091e-06 0.503446 0.523599 1.502 2.869 0 0 0 0 
 2.406 3.409 1.38892 0 0 2.21467 3.39916 0.051447 1.1253e-07 0.538064 0.523599 1.493 2.859 0 0 0 0 
 2.428 3.469 1.38958 0 0 2.22067 3.42567 0.212107 4.93735e-08 0.583416 0.523599 1.483 2.852 0 0 0 0 
 2.427 3.511 1.39064 0 0 2.21317 3.43617 0.364989 3.02101e-08 0.602961 0.523599 1.469 2.831 0 0 0 0 
 2.406 3.55 1.39068 0 0 2.19366 3.44866 0.517109 2.16417e-08 0.598767 0.523599 1.451 2.817 0 0 0 0 
 2.37 3.574 1.39015 0 0 2.17117 3.45617 0.673367 1.80198e-08 0.557351 0.523599 1.442 2.808 0 0 0 0 
 2.361 3.603 1.39025 0 0 2.16417 3.47016 0.800186 1.53274e-08 0.550153 0.523599 1.437 2.807 0 0 0 0 
 2.357 3.639 1.39002 0 0 2.16167 3.48567 0.999172 -1.88433e-09 0.543391 -0.523599 1.436 2.802 0 0 0 0 
 2.35 3.694 1.39031 0 0 2.15766 3.51317 1.36983 1.12858e-08 0.530441 0.523599 1.435 2.802 0 0 0 0 
 2.357 3.728 1.40186 0 0 2.16417 3.53216 1.61203 8.19709e-09 0.537503 0.523599 1.441 2.806 0 0 0 0 
 2.381 3.799 1.47961 0 0 2.18417 3.56917 2.34465 6.74008e-09 0.605492 0.523599 1.457 2.809 0 0 0 0 
 2.431 3.907 1.5993 0 0 2.20917 3.62217 3.39061 5.28421e-09 0.796144 0.523599 1.457 2.807 0 0 0 0 
 2.455 3.976 1.72904 0 0 2.22367 3.65967 4.84933 6.03279e-09 0.938499 0.523599 1.462 2.813 0 0 0 0 
 2.466 4.031 1.8613 0 0 2.23167 3.68867 9.06107 -3.53673e-09 1.04836 -0.523599 1.467 2.816 0 0 0 0 
 2.453 4.072 1.99559 0 0 2.22317 3.71217 193.308 1.12082e-08 1.11406 0.523599 1.463 2.822 0 0 0 0 
 2.446 4.121 2.13043 0 0 2.21817 3.73866 -9.28164 -2.90475e-10 1.17562 -0.523599 1.46 2.826 0 0 0 0 
 2.422 4.181 2.26606 0 0 2.20467 3.76767 -2.90963 2.50858e-09 1.22657 0.523599 1.457 2.824 0 0 0 0 
 2.41 4.232 2.40177 0 0 2.19667 3.79466 -1.9246 1.13055e-08 1.2566 0.523599 1.453 2.827 0 0 0 0 
 2.376 4.265 2.53819 0 0 2.17817 3.80817 -1.09876 4.54234e-08 1.26431 0.523599 1.45 2.821 0 0 0 0 
 2.332 4.309 2.67644 0 0 2.15817 3.83417 -0.434709 0.00800441 1.26387 0.523599 1.454 2.829 0 0 0 0 
 2.287 4.349 2.81442 0 0 2.13667 3.85166 0.168145 0.0366774 1.27215 0.523599 1.456 2.824 0 0 0 0 
 2.244 4.382 2.95382 0 0 2.11717 3.87017 1.24436 0.0678542 1.25815 0.523599 1.46 2.828 0 0 0 0 
 2.178 4.418 3.09702 0 0 2.08317 3.89067 -0.881732 0.0957157 1.24071 0.523599 1.458 2.833 0 0 0 0 
 2.122 4.446 -3.03789 0 0 2.05367 3.90717 -32.0152 0.129101 1.20483 0.523599 1.455 2.838 0 0 0 0 
 2.071 4.471 -2.89136 0 0 2.02817 3.92067 0.289098 0.162797 1.16047 0.523599 1.455 2.84 0 0 0 0 
 2.042 4.502 -2.74461 0 0 2.01067 3.93466 -0.920587 0.206259 1.09685 0.523599 1.449 2.837 0 0 0 0 
 1.994 4.531 -2.59832 0 0 1.98667 3.95117 0.561142 0.240685 1.02996 0.523599 1.449 2.841 0 0 0 0 
 1.959 4.559 -2.45307 0 0 1.97017 3.96517 0.223695 0.277361 0.947056 0.523599 1.451 2.841 0 0 0 0 
 1.905 4.558 -2.30907 0 0 1.94417 3.96567 0.660736 0.300392 0.857855 0.523599 1.453 2.843 0 0 0 0 
 1.834 4.531 -2.16502 0 0 1.91117 3.95317 -2.61164 0.311228 0.775196 0.523599 1.458 2.845 0 0 0 0 
 1.75 4.483 -2.01519 0 0 1.86567 3.92966 13.9517 0.315822 0.687209 0.523599 1.451 2.846 0 0 0 0 
 1.688 4.438 -1.8615 0 0 1.83917 3.90917 -0.372756 0.320356 0.596437 0.523599 1.46 2.85 0 0 0 0 
 1.615 4.386 -1.7055 0 0 1.80217 3.88067 0.472797 0.324941 0.510177 0.523599 1.459 2.845 0 0 0 0 
 1.558 4.351 -1.54912 0 0 1.77217 3.86466 1.18713 0.331591 0.40923 0.45856 1.456 2.848 0 0 0 0 
 1.498 4.291 -1.39729 0 0 1.74117 3.83516 3.18981 0.329329 0.325235 0.376213 1.454 2.849 0 0 0 0 
 1.468 4.231 -1.32529 0 0 1.72567 3.80517 12.1868 0.31857 0.29991 0.360146 1.453 2.849 0 0 0 0 
 1.462 4.174 -1.33508 0 0 1.72367 3.77616 -19.8248 0.300966 0.33673 0.4208 1.455 2.848 0 0 0 0 
 1.463 4.11 -1.3372 0 0 1.72217 3.74667 -5.86598 0.278549 0.358615 0.475557 1.451 2.853 0 0 0 0 
 1.458 4.076 -1.33794 0 0 1.71967 3.72717 -4.12816 0.269873 0.374862 0.507143 1.451 2.848 0 0 0 0 
 1.454 4.064 -1.33713 0 0 1.71617 3.72367 -3.57671 0.264709 0.381466 0.522908 1.448 2.853 0 0 0 0 
 1.464 4.071 -1.33711 0 0 1.72217 3.72667 -4.13979 0.266398 0.370519 0.507697 1.45 2.852 0 0 0 0 
 1.46 4.083 -1.33742 0 0 1.72217 3.73317 -4.15123 0.270653 0.374645 0.505672 1.454 2.853 0 0 0 0 
 1.455 4.106 -1.33743 0 0 1.72017 3.74417 -4.77998 0.278816 0.371704 0.4899 1.455 2.852 0 0 0 0 
 1.458 4.123 -1.33711 0 0 1.72117 3.74767 -6.86919 0.286928 0.357651 0.462522 1.454 2.842 0 0 0 0 
 1.455 4.153 -1.33653 0 0 1.72017 3.76217 -10.2913 0.297145 0.349842 0.440129 1.455 2.841 0 0 0 0 
 1.437 4.189 -1.33605 0 0 1.71167 3.77767 -13.6352 0.31203 0.352947 0.424891 1.456 2.836 0 0 0 0 
 1.437 4.23 -1.33571 0 0 1.70917 3.79767 56.4699 0.324776 0.333165 0.389381 1.451 2.835 0 0 0 0 
 1.442 4.286 -1.3355 0 0 1.71217 3.82466 7.26388 0.342685 0.309456 0.34663 1.452 2.833 0 0 0 0 
 1.443 4.341 -1.33539 0 0 1.71417 3.85217 4.23416 0.360262 0.293017 0.314538 1.455 2.833 0 0 0 0 
 1.455 4.386 -1.33543 0 0 1.71867 3.87417 2.5749 0.373351 0.264747 0.276385 1.452 2.832 0 0 0 0 
 1.439 4.414 -1.33494 0 0 1.70917 3.88917 2.56415 0.382871 0.267763 0.272769 1.449 2.834 0 0 0 0 
 1.435 4.461 -1.33427 0 0 1.70717 3.91517 2.15349 0.396603 0.257565 0.254154 1.449 2.839 0 0 0 0 
 1.433 4.498 -1.33398 0 0 1.70517 3.93517 1.84275 0.407394 0.246922 0.237852 1.447 2.842 0 0 0 0 
 1.431 4.509 -1.33413 0 0 1.70417 3.94167 1.80425 0.410428 0.246131 0.235429 1.447 2.844 0 0 0 0 
 1.427 4.512 -1.33427 0 0 1.70317 3.94467 1.90434 0.410993 0.251515 0.240067 1.449 2.847 0 0 0 0 
 1.427 4.521 -1.33408 0 0 1.70517 3.95016 1.91451 0.413607 0.252664 0.239656 1.453 2.849 0 0 0 0 
 1.43 4.511 -1.33292 0 0 1.70717 3.94417 1.94775 0.410958 0.252001 0.240533 1.454 2.847 0 0 0 0 
 1.436 4.483 -1.32564 0 0 1.71017 3.92916 2.07396 0.402624 0.246362 0.240038 1.454 2.845 0 0 0 0 
 1.454 4.458 -1.3137 0 0 1.72167 3.91417 2.01342 0.395757 0.227626 0.226131 1.459 2.84 0 0 0 0 
 1.461 4.414 -1.29 0 0 1.72667 3.89017 2.3587 0.384115 0.210545 0.215837 1.462 2.836 0 0 0 0 
 1.464 4.373 -1.26741 0 0 1.72867 3.86817 2.85735 0.373214 0.196963 0.208045 1.463 2.833 0 0 0 0 
 1.468 4.319 -1.24622 0 0 1.73267 3.84166 4.21865 0.357218 0.194238 0.214165 1.467 2.834 0 0 0 0 
 1.475 4.269 -1.22586 0 0 1.73567 3.81817 6.24577 0.340909 0.186208 0.215104 1.466 2.837 0 0 0 0 
 1.487 4.224 -1.20511 0 0 1.74167 3.79317 8.22582 0.328084 0.170366 0.204798 1.466 2.832 0 0 0 0 
 1.498 4.182 -1.18538 0 0 1.74667 3.77167 12.5751 0.314858 0.157177 0.197088 1.465 2.831 0 0 0 0 
 1.509 4.14 -1.1683 0 0 1.75317 3.74766 27.73 0.30342 0.148318 0.193092 1.467 2.825 0 0 0 0 
 1.516 4.1 -1.15229 0 0 1.75617 3.72516 -99.4286 0.292385 0.141948 0.191806 1.466 2.82 0 0 0 0 
 1.534 4.076 -1.1379 0 0 1.76417 3.71267 128.388 0.283093 0.120787 0.16904 1.464 2.819 0 0 0 0 
 1.556 4.052 -1.12376 0 0 1.77317 3.70117 22.3434 0.272203 0.0955325 0.139473 1.46 2.82 0 0 0 0 
 1.568 4.025 -1.1121 0 0 1.77967 3.68867 54.9389 0.262252 0.0893678 0.135473 1.461 2.822 0 0 0 0 
 1.577 3.976 -1.10287 0 0 1.78067 3.66717 -18.361 0.243861 0.0947551 0.154191 1.454 2.828 0 0 0 0 
 1.594 3.941 -1.09373 0 0 1.78717 3.65416 -11.6162 0.227929 0.0905211 0.157542 1.45 2.837 0 0 0 0 
 1.612 3.909 -1.08466 0 0 1.79767 3.63616 -9.83834 0.217594 0.0841757 0.153521 1.453 2.833 0 0 0 0 
 1.619 3.876 -1.07581 0 0 1.80366 3.62067 -5.25335 0.207344 0.0956015 0.182382 1.458 2.835 0 0 0 0 
 1.627 3.844 -1.067 0 0 1.80717 3.60667 -3.86028 0.195722 0.101467 0.204471 1.457 2.839 0 0 0 0 
 1.638 3.819 -1.05766 0 0 1.81267 3.59617 -3.29078 0.185816 0.101519 0.215155 1.457 2.843 0 0 0 0 
 1.642 3.793 -1.04705 0 0 1.81167 3.58217 -2.93728 0.177546 0.0992968 0.220086 1.451 2.841 0 0 0 0 
 1.665 3.78 -1.03663 0 0 1.82417 3.57516 -3.42771 0.170742 0.078878 0.182728 1.453 2.84 0 0 0 0 
 1.686 3.761 -1.02785 0 0 1.84117 3.56516 -3.13595 0.164438 0.0768869 0.184894 1.466 2.839 0 0 0 0 
 1.681 3.746 -1.02066 0 0 1.84167 3.55867 -2.33393 0.161783 0.0949744 0.230641 1.472 2.841 0 0 0 0 
 1.69 3.727 -1.01189 0 0 1.85117 3.55216 -1.89311 0.155232 0.107649 0.270586 1.482 2.847 0 0 0 0 
 1.692 3.714 -1.00187 0 0 1.85367 3.54767 -1.66105 0.150994 0.114653 0.294875 1.485 2.851 0 0 0 0 
 1.689 3.694 -0.99095 0 0 1.85217 3.53417 -1.48964 0.148305 0.120719 0.314772 1.485 2.844 0 0 0 0 
 1.692 3.685 -0.97901 0 0 1.85817 3.53066 -1.33754 0.14682 0.128036 0.335627 1.494 2.846 0 0 0 0 
 1.691 3.681 -0.967201 0 0 1.85167 3.52967 -1.37479 0.143412 0.115026 0.310452 1.482 2.848 0 0 0 0 
 1.691 3.672 -0.954324 0 0 1.84567 3.51966 -1.50698 0.141909 0.0947175 0.260896 1.47 2.837 0 0 0 0 
 1.708 3.662 -0.943181 0 0 1.85117 3.51067 -1.77221 0.137036 0.0674781 0.194475 1.464 2.829 0 0 0 0 
 1.725 3.654 -0.934718 0 0 1.85867 3.50517 -2.03213 0.132042 0.0479815 0.144341 1.462 2.826 0 0 0 0 
 1.733 3.646 -0.928316 0 0 1.86517 3.50217 -1.90916 0.128876 0.0494457 0.15228 1.467 2.828 0 0 0 0 
 1.732 3.624 -0.923894 0 0 1.85967 3.48917 -1.76848 0.122383 0.0522423 0.169119 1.457 2.824 0 0 0 0 
 1.74 3.619 -0.918989 0 0 1.86367 3.48567 -1.86312 0.120027 0.0442983 0.146569 1.457 2.822 0 0 0 0 
 1.748 3.608 -0.913821 0 0 1.86917 3.48117 -1.73044 0.11567 0.0471847 0.161745 1.46 2.824 0 0 0 0 
 1.755 3.598 -0.909308 0 0 1.87217 3.47767 -1.65419 0.110697 0.0475473 0.17015 1.459 2.827 0 0 0 0 
 1.766 3.588 -0.904198 0 0 1.87817 3.47417 -1.60962 0.105318 0.0458343 0.172352 1.46 2.83 0 0 0 0 
 1.781 3.573 -0.899604 0 0 1.88817 3.46816 -1.48536 0.0986467 0.0486116 0.194619 1.465 2.833 0 0 0 0 
 1.79 3.561 -0.895094 0 0 1.89117 3.46067 -1.52966 0.0938706 0.0422213 0.178008 1.462 2.83 0 0 0 0 
 1.794 3.545 -0.890091 0 0 1.89117 3.45067 -1.46194 0.0891644 0.0423101 0.187576 1.458 2.826 0 0 0 0 
 1.799 3.537 -0.885831 0 0 1.89067 3.44666 -1.5088 0.0848367 0.0364319 0.170114 1.452 2.826 0 0 0 0 
 1.806 3.534 -0.881808 0 0 1.89267 3.44566 -1.62546 0.0817282 0.0283504 0.137874 1.449 2.827 0 0 0 0 
 1.81 3.513 -0.878567 0 0 1.89517 3.43467 -1.31272 0.0760395 0.041326 0.214062 1.45 2.826 0 0 0 0 
 1.811 3.505 -0.875548 0 0 1.89817 3.42967 -1.17166 0.0754137 0.0496147 0.257326 1.455 2.824 0 0 0 0 
 1.82 3.508 -0.871286 0 0 1.90667 3.43366 -1.15623 0.0747436 0.0490532 0.256722 1.463 2.829 0 0 0 0 
 1.823 3.506 -0.866214 0 0 1.90817 3.43467 -1.11028 0.0726478 0.0497614 0.267424 1.463 2.833 0 0 0 0 
 1.836 3.501 -0.861414 0 0 1.91317 3.42967 -1.32545 0.0692128 0.0323008 0.184551 1.46 2.828 0 0 0 0 
 1.845 3.492 -0.856352 0 0 1.91117 3.42467 -1.6197 0.0624511 0.0157841 0.100755 1.447 2.827 0 0 0 0 
 1.857 3.494 -0.853533 0 0 1.91617 3.42467 -2.37245 0.0604045 -0.00266404 -0.0176395 1.445 2.825 0 0 0 0 
 1.872 3.488 -0.852478 0 0 1.92367 3.41967 -3.94684 0.0566407 -0.0164288 -0.115505 1.445 2.821 0 0 0 0 
 1.876 3.483 -0.852265 0 0 1.92517 3.41467 -5.46792 0.0555546 -0.0215915 -0.154227 1.444 2.816 0 0 0 0 
 1.869 3.482 -0.85244 0 0 1.92067 3.40967 -5.80052 0.0586444 -0.0235145 -0.159033 1.442 2.807 0 0 0 0 
 1.873 3.478 -0.852734 0 0 1.92267 3.40766 -6.41627 0.0567763 -0.0240005 -0.167504 1.442 2.807 0 0 0 0 
 1.881 3.475 -0.852813 0 0 1.92367 3.40217 7.28924 0.0550068 -0.0427585 -0.301456 1.436 2.799 0 0 0 0 
 1.887 3.474 -0.852867 0 0 1.92617 3.40217 3.70882 0.0529957 -0.0481958 -0.348891 1.435 2.8 0 0 0 0 
 1.886 3.47 -0.853017 0 0 1.92417 3.40317 5.48258 0.0500487 -0.0413979 -0.319524 1.432 2.806 0 0 0 0 
 1.886 3.47 -0.853271 0 0 1.92367 3.40417 5.58705 0.0493322 -0.040609 -0.318089 1.431 2.808 0 0 0 0 
 1.883 3.463 -0.853186 0 0 1.92217 3.40317 -23.2251 0.046964 -0.0268631 -0.224925 1.431 2.813 0 0 0 0 
 1.878 3.457 -0.853699 0 0 1.92217 3.39917 -3.73985 0.048131 -0.0128743 -0.106588 1.436 2.811 0 0 0 0 
 1.881 3.457 -0.854593 0 0 1.92217 3.40117 -4.59189 0.0458305 -0.0153204 -0.132925 1.433 2.815 0 0 0 0 
 1.898 3.454 -0.855204 0 0 1.93117 3.40317 -26.2963 0.0398611 -0.0228661 -0.225553 1.434 2.822 0 0 0 0 
 1.911 3.445 -0.855552 0 0 1.93567 3.39867 3.14591 0.0339314 -0.0325087 -0.365965 1.43 2.822 0 0 0 0 
 1.923 3.439 -0.856272 0 0 1.94567 3.39517 2.6309 0.0318161 -0.0321171 -0.383765 1.438 2.821 0 0 0 0 
 1.923 3.436 -0.857292 0 0 1.94667 3.39317 4.09956 0.0317502 -0.0280792 -0.340013 1.44 2.82 0 0 0 0 
 1.926 3.424 -0.858183 0 0 1.94817 3.38667 8.76422 0.028339 -0.021214 -0.290936 1.44 2.819 0 0 0 0 
 1.922 3.418 -0.85912 0 0 1.94467 3.38266 -84.8315 0.0275516 -0.0164358 -0.234239 1.437 2.817 0 0 0 0 
 1.918 3.415 -0.860022 0 0 1.94367 3.37567 -26.1858 0.0308621 -0.0172136 -0.219508 1.439 2.806 0 0 0 0 
 1.91 3.412 -0.860986 0 0 1.94467 3.37367 -1.9936 0.0342429 0.00361994 0.0422602 1.449 2.805 0 0 0 0 
 1.905 3.403 -0.861581 0 0 1.94317 3.37167 -1.07395 0.0322471 0.0236761 0.285652 1.451 2.81 0 0 0 0 
 1.901 3.398 -0.861294 0 0 1.94267 3.37067 -0.769819 0.0317725 0.0382115 0.448384 1.454 2.813 0 0 0 0 
 1.895 3.388 -0.86083 0 0 1.93717 3.36767 -0.523502 0.0285074 0.0519815 0.523599 1.449 2.817 0 0 0 0 
 1.892 3.378 -0.860191 0 0 1.93217 3.36116 -0.445548 0.0258985 0.0541625 0.523599 1.442 2.814 0 0 0 0 
 1.893 3.37 -0.859857 0 0 1.92767 3.36166 -0.245185 0.0192672 0.05831 0.523599 1.432 2.823 0 0 0 0 
 1.903 3.378 -0.85898 0 0 1.93267 3.36317 -0.546407 0.0203206 0.0357243 0.523599 1.432 2.818 0 0 0 0 
 1.925 3.395 -0.858567 0 0 1.94417 3.37266 -2.3301 0.019505 -0.000252645 -0.0051811 1.433 2.82 0 0 0 0 
 1.943 3.408 -0.858478 0 0 1.95817 3.38116 4.96542 0.0200371 -0.0169605 -0.326467 1.443 2.824 0 0 0 0 
 1.971 3.43 -0.85848 0 0 1.97767 3.39417 1.27752 0.0209316 -0.051372 -0.523599 1.454 2.828 0 0 0 0 
 1.989 3.445 -0.858716 0 0 1.99217 3.41116 -3.17094 0.0184261 -0.0552273 -0.523599 1.465 2.847 0 0 0 0 
 1.988 3.44 -0.858839 0 0 2.00567 3.41967 -2.24137 0.017852 0.000248793 0.00557451 1.493 2.869 0 0 0 0 
 1.989 3.442 -0.859083 0 0 2.01067 3.42467 -1.02991 0.0180831 0.0142498 0.305349 1.502 2.877 0 0 0 0 
 2.024 3.482 -0.858861 0 0 2.02916 3.44517 -1.13465 0.0208027 -0.0563443 -0.523599 1.504 2.878 0 0 0 0 
 2.044 3.499 -0.858999 0 0 2.04267 3.45567 1.73298 0.021346 -0.0819056 -0.523599 1.511 2.882 0 0 0 0 
 2.029 3.475 -0.859587 0 0 2.03667 3.44366 -1.38789 0.019093 -0.0410151 -0.523599 1.514 2.882 0 0 0 0 
 2.024 3.466 -0.860731 0 0 2.04216 3.44317 -3.08233 0.0193245 -0.00311016 -0.0642886 1.53 2.89 0 0 0 0 
 2.021 3.452 -0.860954 0 0 2.04716 3.43866 -0.558894 0.0180302 0.0312668 0.523599 1.543 2.895 0 0 0 0 
 2.014 3.438 -0.861113 0 0 2.04267 3.43567 -0.0816346 0.0136376 0.0569004 0.523599 1.541 2.903 0 0 0 0 
 2.004 3.428 -0.859869 0 0 2.02717 3.42917 0.050338 0.00950298 0.0517188 0.523599 1.52 2.9 0 0 0 0 
 1.997 3.422 -0.859514 0 0 2.00767 3.41867 -0.323303 0.00629588 0.0167168 0.523599 1.488 2.885 0 0 0 0 
 1.994 3.412 -0.859419 0 0 2.00567 3.41017 -0.158611 0.00598083 0.0216392 0.523599 1.487 2.878 0 0 0 0 
 1.988 3.401 -0.8594 0 0 2.01067 3.41267 0.565508 0.0040801 0.0703148 0.523599 1.503 2.894 0 0 0 0 
 1.98 3.393 -0.858848 0 0 2.00867 3.41616 1.04653 0.00107261 0.104747 0.523599 1.507 2.909 0 0 0 0 
 1.981 3.389 -0.858076 0 0 2.00417 3.41517 2.11704 9.16043e-07 0.0989996 0.523599 1.497 2.911 0 0 0 0 
 1.985 3.39 -0.854522 0 0 2.00667 3.41267 1.72788 5.52789e-07 0.0891029 0.523599 1.498 2.905 0 0 0 0 
 1.98 3.388 -0.850958 0 0 2.01317 3.41067 0.814305 0.0035286 0.113148 0.523599 1.516 2.903 0 0 0 0 
 1.98 3.392 -0.843426 0 0 2.01567 3.42467 1.30211 9.39119e-05 0.137576 0.523599 1.521 2.927 0 0 0 0 
 1.987 3.382 -0.832848 0 0 2.01717 3.40817 1.17909 0.000954438 0.113518 0.523599 1.517 2.904 0 0 0 0 
 1.99 3.382 -0.820039 0 0 2.01817 3.39467 0.482653 0.00677495 0.0827355 0.523599 1.516 2.877 0 0 0 0 
 1.996 3.389 -0.810009 0 0 2.01617 3.37266 -1.05059 0.0170582 0.0093779 0.216459 1.506 2.826 0 0 0 0 
 2.006 3.39 -0.803848 0 0 2.02017 3.35217 0.508682 0.0246226 -0.0447367 -0.523599 1.504 2.784 0 0 0 0 
 2.011 3.392 -0.803649 0 0 2.02717 3.33316 -0.543757 0.0356805 -0.0805213 -0.523599 1.513 2.744 0 0 0 0 
 2.015 3.389 -0.805119 0 0 2.02867 3.30467 0.112041 0.0470469 -0.132522 -0.523599 1.512 2.69 0 0 0 0 
 2.019 3.39 -0.805761 0 0 2.03167 3.27917 0.798013 0.0597136 -0.18207 -0.523599 1.514 2.638 0 0 0 0 
 2.026 3.392 -0.807433 0 0 2.04117 3.24567 -0.22857 0.078616 -0.238202 -0.523599 1.526 2.569 0 0 0 0 
 2.023 3.391 -0.811843 0 0 2.03917 3.19267 0.306039 0.105715 -0.319923 -0.523599 1.525 2.464 0 0 0 0 
 2.031 3.386 -0.831507 0 0 2.04966 3.14566 -0.320108 0.130121 -0.369912 -0.523599 1.538 2.375 0 0 0 0 
 2.038 3.395 -0.865653 0 0 2.06717 3.11067 -0.336292 0.160776 -0.391772 -0.523599 1.566 2.296 0 0 0 0 
 2.042 3.393 -0.903346 0 0 2.09367 3.06617 -0.0428779 0.195886 -0.376988 -0.523599 1.615 2.209 0 0 0 0 
 2.056 3.401 -0.943627 0 0 2.11267 3.03267 -0.220498 0.22461 -0.384804 -0.523599 1.639 2.134 0 0 0 0 
 2.056 3.408 -0.981671 0 0 2.12917 2.99517 0.745588 0.259077 -0.367291 -0.515859 1.672 2.052 0 0 0 0 
 2.074 3.413 -1.02144 0 0 2.15366 2.95767 0.637544 0.289511 -0.358142 -0.459497 1.703 1.972 0 0 0 0 
 2.072 3.406 -1.05885 0 0 2.16867 2.91916 2.97845 0.31634 -0.316416 -0.380589 1.735 1.902 0 0 0 0 
 2.06 3.376 -1.09453 0 0 2.17267 2.88067 -3.05993 0.328446 -0.257585 -0.303979 1.755 1.855 0 0 0 0 
 2.066 3.354 -1.12612 0 0 2.18567 2.84817 -1.89622 0.338572 -0.220075 -0.254372 1.775 1.812 0 0 0 0 
 2.053 3.312 -1.15172 0 0 2.20567 2.80517 -0.180237 0.348678 -0.132913 -0.151311 1.828 1.768 0 0 0 0 
 2.062 3.259 -1.17335 0 0 2.24517 2.75667 0.421693 0.354056 -0.0505897 -0.0570923 1.898 1.724 0 0 0 0 
 2.077 3.22 -1.18408 0 0 2.28367 2.71617 0.84857 0.360915 0.00271394 0.00300783 1.96 1.682 0 0 0 0 
 2.087 3.189 -1.18752 0 0 2.31766 2.68966 1.48079 0.364201 0.0532625 0.0584313 2.018 1.66 0 0 0 0 
 2.109 3.145 -1.18837 0 0 2.36816 2.65167 2.89343 0.367902 0.109858 0.11888 2.097 1.628 0 0 0 0 
 2.13 3.113 -1.18772 0 0 2.40817 2.62016 4.90945 0.372655 0.143075 0.152383 2.156 1.597 0 0 0 0 
 2.158 3.077 -1.18549 0 0 2.46417 2.58166 21.2281 0.381853 0.187109 0.193547 2.24 1.556 0 0 0 0 
 2.176 3.039 -1.18136 0 0 2.51767 2.54817 -7.40683 0.389326 0.246467 0.248011 2.329 1.527 0 0 0 0 
 2.176 2.989 -1.17146 0 0 2.57267 2.50617 -2.70953 0.401487 0.332307 0.319717 2.439 1.493 0 0 0 0 
 2.196 2.941 -1.14758 0 0 2.63117 2.45767 -2.01785 0.415966 0.364496 0.337126 2.536 1.444 0 0 0 0 
 2.228 2.904 -1.11392 0 0 2.71417 2.42417 -1.51369 0.43438 0.404145 0.356276 2.67 1.414 0 0 0 0 
 2.247 2.866 -1.07668 0 0 2.77567 2.39367 -1.24334 0.449535 0.426903 0.363026 2.774 1.391 0 0 0 0 
 2.262 2.821 -1.03693 0 0 2.83317 2.35967 -1.04565 0.464485 0.446671 0.367212 2.874 1.368 0 0 0 0 
 2.276 2.788 -0.993854 0 0 2.88617 2.33817 -0.908032 0.479578 0.454945 0.36267 2.966 1.358 0 0 0 0 
 2.299 2.748 -0.948943 0 0 2.94117 2.31016 -0.81166 0.492845 0.450192 0.350312 3.053 1.342 0 0 0 0 
 2.334 2.716 -0.902879 0 0 3.01117 2.28817 -0.73188 0.509473 0.442223 0.334178 3.158 1.33 0 0 0 0 
 2.366 2.684 -0.856904 0 0 3.07716 2.25867 -0.681325 0.529898 0.420948 0.307668 3.258 1.303 0 0 0 0 
 2.394 2.638 -0.811829 0 0 3.13717 2.22167 -0.627254 0.546845 0.403891 0.287262 3.35 1.275 0 0 0 0 
 2.428 2.589 -0.769305 0 0 3.21967 2.18017 -0.567823 0.573165 0.399925 0.272174 3.481 1.241 0 0 0 0 
 2.466 2.536 -0.727452 0 0 3.31217 2.12017 -0.535233 0.609304 0.378599 0.243609 3.628 1.174 0 0 0 0 
 2.489 2.49 -0.687023 0 0 3.37717 2.07917 -0.498649 0.634458 0.360128 0.223261 3.735 1.138 0 0 0 0 
 2.541 2.445 -0.650295 0 0 3.42266 2.05667 -0.471338 0.626518 0.332395 0.209115 3.774 1.138 0 0 0 0 
 2.58 2.398 -0.614518 0 0 3.51116 2.00817 -0.444958 0.658349 0.313275 0.18809 3.912 1.088 0 0 0 0 
 2.618 2.359 -0.580805 0 0 3.56917 1.99717 -0.399891 0.663777 0.3131 0.186485 3.99 1.105 0 0 0 0 
 2.653 2.326 -0.549016 0 0 3.63667 1.98317 -0.363361 0.679857 0.310343 0.180604 4.09 1.11 0 0 0 0 
 2.7 2.296 -0.516573 0 0 3.71166 1.96917 -0.334796 0.694829 0.298556 0.17021 4.193 1.112 0 0 0 0 
 2.752 2.26 -0.484353 0 0 3.78667 1.96817 -0.289783 0.70209 0.307429 0.173392 4.291 1.146 0 0 0 0 
 2.789 2.244 -0.453231 0 0 3.83866 1.99317 -0.243622 0.703891 0.32127 0.180579 4.358 1.212 0 0 0 0 
 2.84 2.227 -0.420708 0 0 3.90316 2.00817 -0.208791 0.708066 0.320468 0.179099 4.436 1.259 0 0 0 0 
 2.883 2.228 -0.387518 0 0 3.97817 2.03517 -0.177921 0.725905 0.316297 0.172558 4.543 1.312 0 0 0 0 
 2.934 2.218 -0.355107 0 0 4.05717 2.05267 -0.148277 0.741569 0.311952 0.166704 4.65 1.357 0 0 0 0 
 3.04 2.164 -0.323907 0 0 4.15667 2.03967 -0.111807 0.733486 0.316989 0.171175 4.743 1.385 0 0 0 0 
 3.127 2.132 -0.292197 0 0 4.24167 2.05917 -0.0654356 0.727718 0.33695 0.183134 4.826 1.456 0 0 0 0 
 3.217 2.097 -0.258742 0 0 4.33216 2.08666 -0.00926786 0.7239 0.369888 0.20161 4.917 1.546 0 0 0 0 
 3.298 2.051 -0.222177 0 0 4.41617 2.09567 0.0399662 0.724819 0.388809 0.211364 5.004 1.61 0 0 0 0 
 3.379 2.017 -0.182295 0 0 4.51667 2.12667 0.0966945 0.738141 0.415295 0.221361 5.124 1.706 0 0 0 0 
 3.448 1.995 -0.145497 0 0 4.59617 2.15817 0.143074 0.747826 0.42928 0.225702 5.214 1.791 0 0 0 0 
 3.517 1.965 -0.102689 0 0 4.69367 2.19567 0.198583 0.771848 0.447634 0.227948 5.34 1.896 0 0 0 0 
 3.605 1.952 -0.0594083 0 0 4.74616 2.19917 0.220042 0.754942 0.409443 0.21363 5.357 1.916 0 0 0 0 
 3.69 1.936 -0.013881 0 0 4.80167 2.21717 0.258457 0.74283 0.390923 0.207475 5.383 1.968 0 0 0 0 
 3.763 1.93 0.0305731 0 0 4.85317 2.24467 0.296932 0.73645 0.373232 0.200009 5.413 2.029 0 0 0 0 
 3.845 1.94 0.0728756 0 0 4.90717 2.28667 0.33848 0.726091 0.36 0.195782 5.439 2.103 0 0 0 0 
 3.925 1.933 0.113081 0 0 4.96216 2.33067 0.403378 0.720581 0.374672 0.20506 5.469 2.198 0 0 0 0 
 4.009 1.951 0.152376 0 0 5.01316 2.37917 0.454258 0.708405 0.369188 0.205518 5.487 2.277 0 0 0 0 
 4.093 1.965 0.192879 0 0 5.06717 2.44067 0.53118 0.702188 0.383901 0.215299 5.511 2.386 0 0 0 0 
 4.192 1.976 0.231502 0 0 5.11067 2.49716 0.637175 0.681104 0.414028 0.238522 5.499 2.488 0 0 0 0 
 4.285 1.984 0.27278 0 0 5.15516 2.54667 0.754883 0.665928 0.435188 0.255682 5.495 2.579 0 0 0 0 
 4.368 1.997 0.317992 0 0 5.18066 2.59067 0.895848 0.645056 0.447341 0.270593 5.463 2.654 0 0 0 0 
 4.449 2.02 0.365146 0 0 5.19716 2.65317 1.12985 0.624658 0.476925 0.296402 5.415 2.756 0 0 0 0 
 4.521 2.03 0.413946 0 0 5.21116 2.70767 1.49706 0.612584 0.509289 0.321047 5.371 2.855 0 0 0 0 
 4.586 2.052 0.466285 0 0 5.22316 2.77917 2.18307 0.608647 0.540339 0.341219 5.33 2.976 0 0 0 0 
 4.649 2.065 0.521432 0 0 5.24067 2.83717 3.67429 0.610635 0.556048 0.349306 5.302 3.079 0 0 0 0 
 4.702 2.092 0.573716 0 0 5.23567 2.89317 14.356 0.601789 0.572889 0.363838 5.239 3.164 0 0 0 0 
 4.765 2.117 0.639236 0 0 5.21366 2.97067 -2.90168 0.595821 0.625111 0.397342 5.132 3.294 0 0 0 0 
 4.782 2.108 0.694271 0 0 5.19967 3.01667 -1.44678 0.618515 0.630582 0.387216 5.087 3.395 0 0 0 0 
 4.828 2.144 0.76022 0 0 5.19667 3.07917 -0.691453 0.623831 0.617131 0.376798 5.035 3.484 0 0 0 0 
 4.876 2.18 0.827276 0 0 5.18567 3.12417 -0.0928712 0.618196 0.603035 0.372021 4.965 3.538 0 0 0 0 
 4.913 2.214 0.894063 0 0 5.15717 3.19217 1.17236 0.626265 0.613714 0.373576 4.871 3.64 0 0 0 0 
 4.977 2.272 0.960595 0 0 5.12617 3.29167 0.616743 0.633554 0.663695 0.396803 4.745 3.781 0 0 0 0 
 5.037 2.34 1.02837 0 0 5.13517 3.35316 1.25054 0.629648 0.634673 0.383255 4.703 3.836 0 0 0 0 
 5.076 2.413 1.09823 0 0 5.14467 3.40117 -3.85296 0.62054 0.570205 0.352227 4.683 3.859 0 0 0 0 
 5.132 2.487 1.16691 0 0 5.14166 3.46316 0.50717 0.613078 0.554611 0.347196 4.621 3.909 0 0 0 0 
 5.179 2.555 1.23086 0 0 5.13466 3.52117 0.201397 0.608739 0.541517 0.341858 4.56 3.957 0 0 0 0 
 5.203 2.622 1.29355 0 0 5.11267 3.56717 -1.6963 0.59964 0.51976 0.333745 4.492 3.982 0 0 0 0 
 5.232 2.674 1.35415 0 0 5.09166 3.60717 -0.383697 0.596975 0.509541 0.329006 4.421 4.01 0 0 0 0 
 5.234 2.719 1.41256 0 0 5.04367 3.64067 7.65251 0.595974 0.503527 0.325902 4.323 4.032 0 0 0 0 
 5.252 2.772 1.47027 0 0 5.00917 3.68817 -0.73095 0.600589 0.50179 0.322529 4.236 4.074 0 0 0 0 
 5.258 2.848 1.5273 0 0 4.96617 3.74717 0.0605918 0.599367 0.498163 0.320964 4.144 4.116 0 0 0 0 
 5.256 2.907 1.58236 0 0 4.92017 3.79916 0.527028 0.605781 0.487564 0.311463 4.054 4.161 0 0 0 0 
 5.269 2.979 1.63751 0 0 4.88017 3.83917 1.33929 0.598414 0.498593 0.321699 3.961 4.169 0 0 0 0 
 5.299 3.051 1.69016 0 0 4.84366 3.88017 3.91298 0.595752 0.53304 0.34369 3.858 4.179 0 0 0 0 
 5.298 3.105 1.74352 0 0 4.78316 3.91667 173.682 0.603793 0.549494 0.349117 3.738 4.198 0 0 0 0 
 5.317 3.174 1.80048 0 0 4.74217 3.96267 -4.96346 0.611824 0.56302 0.352701 3.637 4.221 0 0 0 0 
 5.407 3.142 1.86002 0 0 4.71967 3.94266 -2.32677 0.658172 0.606468 0.353128 3.502 4.213 0 0 0 0 
 5.348 3.256 1.92035 0 0 4.63717 3.99616 -1.70855 0.640776 0.594572 0.355398 3.396 4.206 0 0 0 0 
 5.387 3.264 1.9839 0 0 4.59817 3.97617 -1.26745 0.662285 0.612316 0.354222 3.279 4.158 0 0 0 0 
 5.322 3.383 2.04628 0 0 4.51167 4.00316 -0.960628 0.631971 0.63003 0.379447 3.171 4.093 0 0 0 0 
 5.271 3.47 2.11156 0 0 4.43817 4.02466 -0.785758 0.619504 0.626353 0.384313 3.075 4.049 0 0 0 0 
 5.232 3.552 2.17896 0 0 4.37116 4.03517 -0.628727 0.609361 0.635187 0.395035 2.98 3.988 0 0 0 0 
 5.196 3.618 2.24722 0 0 4.30817 4.03567 -0.508508 0.604928 0.638538 0.399517 2.89 3.923 0 0 0 0 
 5.154 3.682 2.31924 0 0 4.24416 4.04116 -0.416628 0.604683 0.62659 0.392937 2.804 3.87 0 0 0 0 
 5.111 3.739 2.39255 0 0 4.16767 4.03467 -0.324108 0.611409 0.627528 0.389564 2.694 3.8 0 0 0 0 
 5.073 3.797 2.46361 0 0 4.11767 4.04517 -0.265773 0.61456 0.597819 0.371078 2.632 3.763 0 0 0 0 
 5.036 3.853 2.53484 0 0 4.07266 4.06667 -0.225507 0.620701 0.549172 0.340149 2.579 3.75 0 0 0 0 
 4.988 3.899 2.60313 0 0 4.01367 4.08866 -0.197158 0.63131 0.491666 0.301993 2.509 3.748 0 0 0 0 
 4.935 3.954 2.66497 0 0 3.96666 4.11167 -0.164275 0.628418 0.446511 0.276911 2.468 3.739 0 0 0 0 
 4.889 4.005 2.72 0 0 3.92566 4.13317 -0.133834 0.625857 0.408932 0.25564 2.432 3.731 0 0 0 0 
 4.837 4.042 2.76931 0 0 3.87666 4.14466 -0.107315 0.624793 0.375185 0.235732 2.386 3.717 0 0 0 0 
 4.777 4.071 2.81397 0 0 3.83717 4.16967 -0.105369 0.61572 0.31279 0.200474 2.367 3.738 0 0 0 0 
 4.722 4.1 2.85276 0 0 3.80267 4.18467 -0.0923551 0.603771 0.27406 0.179609 2.353 3.739 0 0 0 0 
 4.666 4.127 2.88444 0 0 3.76616 4.19716 -0.078134 0.591589 0.247408 0.165749 2.336 3.737 0 0 0 0 
 4.606 4.158 2.91204 0 0 3.72267 4.22267 -0.0733366 0.582058 0.214367 0.146265 2.309 3.757 0 0 0 0 
 4.535 4.177 2.93722 0 0 3.66466 4.23867 -0.0709708 0.574702 0.182039 0.12603 2.264 3.77 0 0 0 0 
 4.452 4.199 2.95751 0 0 3.62317 4.25966 -0.0733242 0.548419 0.148196 0.107672 2.264 3.79 0 0 0 0 
 4.391 4.204 2.97556 0 0 3.59716 4.27667 -0.0917932 0.527279 0.0980017 0.0742088 2.273 3.819 0 0 0 0 
 4.34 4.206 2.99058 0 0 3.57017 4.28766 -0.106481 0.512699 0.0586459 0.0457228 2.27 3.839 0 0 0 0 
 4.293 4.212 3.0008 0 0 3.54267 4.29167 -0.106574 0.499862 0.0447626 0.0358046 2.262 3.841 0 0 0 0 
 4.242 4.219 3.00715 0 0 3.52467 4.29766 -0.110105 0.478155 0.0315525 0.0263891 2.277 3.846 0 0 0 0 
 4.19 4.223 3.01219 0 0 3.49417 4.30017 -0.111352 0.463931 0.0233598 0.020138 2.268 3.847 0 0 0 0 
 4.14 4.229 3.01621 0 0 3.46416 4.29567 -0.0989621 0.449964 0.0328269 0.0291735 2.258 3.832 0 0 0 0 
 4.088 4.24 3.02048 0 0 3.44066 4.29966 -0.0924324 0.430705 0.0346154 0.0321366 2.263 3.829 0 0 0 0 
 4.046 4.243 3.02479 0 0 3.42817 4.30017 -0.0927896 0.411128 0.0283481 0.0275738 2.28 3.827 0 0 0 0 
 3.989 4.244 3.02906 0 0 3.40617 4.30366 -0.102729 0.388276 0.0117643 0.0121189 2.293 3.833 0 0 0 0 
 3.948 4.249 3.03265 0 0 3.37867 4.31367 -0.114071 0.37975 -0.00458692 -0.00483148 2.279 3.848 0 0 0 0 
 3.9 4.244 3.03449 0 0 3.33917 4.31167 -0.121239 0.374365 -0.014189 -0.0151595 2.248 3.849 0 0 0 0 
 3.851 4.241 3.03594 0 0 3.31267 4.31017 -0.129191 0.359647 -0.0236379 -0.0262841 2.244 3.849 0 0 0 0 
 3.823 4.267 3.0368 0 0 3.28617 4.33417 -0.12577 0.358508 -0.0209798 -0.0234037 2.219 3.871 0 0 0 0 
 3.793 4.27 3.03763 0 0 3.27017 4.33217 -0.119464 0.348922 -0.01508 -0.0172858 2.217 3.864 0 0 0 0 
 3.764 4.272 3.03855 0 0 3.25867 4.32817 -0.111604 0.336965 -0.00784022 -0.00930659 2.223 3.854 0 0 0 0 
 3.773 4.318 3.03854 0 0 3.27416 4.34117 -0.046472 0.330551 0.0574288 0.0693832 2.245 3.834 0 0 0 0 
 3.723 4.333 3.03894 0 0 3.25767 4.34817 -0.0326008 0.307974 0.0678572 0.0879067 2.262 3.833 0 0 0 0 
 3.71 4.362 3.04009 0 0 3.25917 4.36217 -0.000366107 0.297592 0.0957988 0.128061 2.278 3.832 0 0 0 0 
 3.673 4.363 3.0429 0 0 3.24467 4.36417 -0.00272007 0.282845 0.087789 0.12352 2.286 3.835 0 0 0 0 
 3.631 4.362 3.04901 0 0 3.22617 4.36667 -0.0115239 0.267617 0.0712857 0.106148 2.291 3.841 0 0 0 0 
 3.599 4.358 3.05666 0 0 3.21117 4.36366 -0.0146081 0.256552 0.0599857 0.0932546 2.293 3.839 0 0 0 0 
 3.558 4.349 3.06363 0 0 3.19617 4.36017 -0.0308667 0.239703 0.0382177 0.0636889 2.304 3.841 0 0 0 0 
 3.51 4.331 3.06866 0 0 3.17216 4.35416 -0.0686768 0.224424 0.00345034 0.00614961 2.304 3.847 0 0 0 0 
 3.464 4.314 3.07152 0 0 3.14867 4.34117 -0.0863602 0.20974 -0.0116199 -0.0221569 2.303 3.838 0 0 0 0 
 3.429 4.315 3.07329 0 0 3.13266 4.34617 -0.105557 0.197368 -0.0254913 -0.0516165 2.306 3.847 0 0 0 0 
 3.392 4.293 3.0739 0 0 3.11466 4.33317 -0.145846 0.185264 -0.0506314 -0.108885 2.307 3.843 0 0 0 0 
 3.381 4.289 3.07431 0 0 3.11217 4.32767 -0.144824 0.179565 -0.0490016 -0.108726 2.313 3.836 0 0 0 0 
 3.366 4.276 3.07453 0 0 3.10267 4.31717 -0.157608 0.17606 -0.0561878 -0.12697 2.309 3.828 0 0 0 0 
 3.357 4.263 3.07401 0 0 3.09517 4.30567 -0.164404 0.175156 -0.059747 -0.135606 2.303 3.818 0 0 0 0 
 3.351 4.243 3.07386 0 0 3.09217 4.29617 -0.208339 0.173761 -0.0853988 -0.194113 2.303 3.819 0 0 0 0 
 3.333 4.241 3.07302 0 0 3.08267 4.29417 -0.215627 0.168167 -0.0867783 -0.203552 2.302 3.817 0 0 0 0 
 3.318 4.238 3.07082 0 0 3.07417 4.29266 -0.228022 0.164011 -0.0905476 -0.217344 2.3 3.817 0 0 0 0 
 3.289 4.236 3.06841 0 0 3.05617 4.29167 -0.243736 0.156867 -0.0941695 -0.235664 2.293 3.817 0 0 0 0 
 3.259 4.244 3.06442 0 0 3.04417 4.29916 -0.262575 0.14505 -0.0951967 -0.256728 2.299 3.824 0 0 0 0 
 3.237 4.249 3.05644 0 0 3.03317 4.30567 -0.285384 0.138081 -0.0975873 -0.275506 2.299 3.832 0 0 0 0 
 3.209 4.25 3.04711 0 0 3.02017 4.30467 -0.297853 0.128262 -0.0922365 -0.280089 2.301 3.829 0 0 0 0 
 3.2 4.257 3.03729 0 0 3.01417 4.30417 -0.259395 0.12589 -0.069627 -0.217724 2.298 3.821 0 0 0 0 
 3.188 4.266 3.02799 0 0 3.00466 4.30666 -0.225518 0.12385 -0.0496744 -0.159079 2.291 3.817 0 0 0 0 
 3.179 4.267 3.02114 0 0 2.99767 4.30317 -0.202124 0.122227 -0.0357965 -0.116616 2.286 3.809 0 0 0 0 
 3.177 4.255 3.01662 0 0 2.99917 4.29717 -0.241647 0.120497 -0.049969 -0.164379 2.291 3.809 0 0 0 0 
 3.161 4.253 3.01257 0 0 2.99116 4.29716 -0.266073 0.11548 -0.0560338 -0.191706 2.291 3.811 0 0 0 0 
 3.148 4.244 3.00744 0 0 2.98117 4.29267 -0.300261 0.114018 -0.0662592 -0.228396 2.284 3.811 0 0 0 0 
 3.142 4.26 3.0013 0 0 2.98117 4.30317 -0.275015 0.109625 -0.0520137 -0.187558 2.29 3.816 0 0 0 0 
 3.136 4.274 2.99403 0 0 2.97816 4.31067 -0.23657 0.107074 -0.0336345 -0.124995 2.29 3.817 0 0 0 0 
 3.118 4.287 2.98979 0 0 2.96467 4.31467 -0.182405 0.10323 -0.0107542 -0.0416467 2.281 3.812 0 0 0 0 
 3.099 4.294 2.98688 0 0 2.95516 4.31917 -0.176764 0.0967595 -0.00702527 -0.029034 2.281 3.814 0 0 0 0 
 3.077 4.29 2.98544 0 0 2.94967 4.32117 -0.249756 0.0866001 -0.0288647 -0.132543 2.292 3.822 0 0 0 0 
 3.059 4.292 2.98436 0 0 2.93667 4.32166 -0.247359 0.0831761 -0.0267455 -0.127919 2.284 3.821 0 0 0 0 
 3.047 4.285 2.98163 0 0 2.93416 4.32116 -0.331959 0.0777063 -0.0469993 -0.237372 2.291 3.827 0 0 0 0 
 3.036 4.276 2.97826 0 0 2.92866 4.31567 -0.387339 0.0745569 -0.0576518 -0.29997 2.291 3.825 0 0 0 0 
 3.022 4.272 2.97335 0 0 2.92367 4.31516 -0.469511 0.0691766 -0.0697206 -0.383215 2.295 3.828 0 0 0 0 
 3.006 4.273 2.96703 0 0 2.91167 4.31616 -0.49243 0.0666744 -0.0699838 -0.397504 2.287 3.829 0 0 0 0 
 3 4.264 2.95976 0 0 2.90867 4.31417 -0.612065 0.0657605 -0.0879856 -0.4914 2.287 3.834 0 0 0 0 
 3.003 4.26 2.95261 0 0 2.90917 4.31367 -0.643663 0.0680075 -0.0938354 -0.50431 2.285 3.837 0 0 0 0 
 3.003 4.271 2.94321 0 0 2.91067 4.32317 -0.633874 0.067024 -0.0882048 -0.484549 2.288 3.845 0 0 0 0 
 2.999 4.283 2.93375 0 0 2.90817 4.32917 -0.557037 0.0653576 -0.0708831 -0.409315 2.287 3.845 0 0 0 0 
 2.996 4.287 2.92496 0 0 2.91017 4.32917 -0.534973 0.0616671 -0.0611836 -0.3778 2.294 3.841 0 0 0 0 
 2.984 4.293 2.91855 0 0 2.90617 4.32817 -0.485263 0.0555209 -0.0462404 -0.321576 2.298 3.833 0 0 0 0 
 2.986 4.295 2.91209 0 0 2.90817 4.33417 -0.550438 0.0562212 -0.0552835 -0.374742 2.3 3.843 0 0 0 0 
 2.979 4.306 2.90737 0 0 2.90217 4.33867 -0.452742 0.0545954 -0.0377816 -0.27005 2.295 3.841 0 0 0 0 
 2.973 4.314 2.90172 0 0 2.89867 4.34217 -0.398128 0.0523086 -0.0263418 -0.198774 2.294 3.84 0 0 0 0 
 2.961 4.321 2.89786 0 0 2.89717 4.34317 -0.361885 0.0446088 -0.0167026 -0.148665 2.303 3.835 0 0 0 0 
 2.957 4.333 2.8957 0 0 2.89117 4.34567 -0.194784 0.0443657 0.0102389 0.0920523 2.295 3.828 0 0 0 0 
 2.945 4.337 2.89494 0 0 2.88667 4.34617 -0.158418 0.0389803 0.0147275 0.149993 2.298 3.825 0 0 0 0 
 2.936 4.339 2.89487 0 0 2.88467 4.34767 -0.170413 0.0343981 0.0114198 0.132023 2.303 3.826 0 0 0 0 
 2.93 4.334 2.895 0 0 2.87867 4.34767 -0.272664 0.0352039 -0.00198875 -0.0225931 2.297 3.831 0 0 0 0 
 2.925 4.326 2.89503 0 0 2.87766 4.34217 -0.355427 0.0330408 -0.011401 -0.137156 2.3 3.828 0 0 0 0 
 2.926 4.317 2.89465 0 0 2.87867 4.34366 -0.631593 0.0347811 -0.0394377 -0.425805 2.301 3.84 0 0 0 0 
 2.919 4.306 2.89409 0 0 2.87766 4.33967 -1.05984 0.0321295 -0.0622936 -0.523599 2.306 3.843 0 0 0 0 
 2.916 4.296 2.89136 0 0 2.87616 4.33017 -1.15609 0.0312958 -0.0643453 -0.523599 2.306 3.834 0 0 0 0 
 2.913 4.29 2.8847 0 0 2.87067 4.32467 -1.0692 0.0330799 -0.0629539 -0.523599 2.298 3.829 0 0 0 0 
 2.909 4.29 2.87848 0 0 2.87067 4.32366 -1.2052 0.0304391 -0.0624542 -0.523599 2.302 3.827 0 0 0 0 
 2.898 4.289 2.87146 0 0 2.86467 4.32267 -1.59186 0.0273594 -0.0654419 -0.523599 2.301 3.826 0 0 0 0 
 2.887 4.28 2.86469 0 0 2.85917 4.31917 -6.05209 0.0250267 -0.0837115 -0.523599 2.301 3.828 0 0 0 0 
 2.886 4.279 2.85795 0 0 2.86016 4.32016 44.2518 0.0242875 -0.0899664 -0.523599 2.304 3.831 0 0 0 0 
 2.884 4.278 2.85025 0 0 2.85717 4.32016 2100.47 0.0242875 -0.0899664 -0.523599 2.3 3.832 0 0 0 0 
 2.892 4.279 2.83194 0 0 2.86017 4.31816 -2.82212 0.0281611 -0.0766425 -0.523599 2.298 3.827 0 0 0 0 
 2.9 4.281 2.8285 0 0 2.86267 4.31767 -1.4976 0.0311371 -0.0647602 -0.523599 2.295 3.824 0 0 0 0 
 2.896 4.28 2.82009 0 0 2.86117 4.31767 -1.87682 0.0299171 -0.0685571 -0.523599 2.296 3.825 0 0 0 0 
 2.89 4.269 2.81297 0 0 2.86167 4.30967 -7.3268 0.0266489 -0.0815903 -0.523599 2.303 3.82 0 0 0 0 
 2.882 4.266 2.80555 0 0 2.85517 4.31116 8.86896 0.026895 -0.0939193 -0.523599 2.298 3.826 0 0 0 0 
 2.876 4.259 2.79771 0 0 2.85617 4.30816 0.780729 0.0236842 -0.110365 -0.523599 2.306 3.827 0 0 0 0 
 2.87 4.265 2.78862 0 0 2.85067 4.31216 0.84607 0.0231204 -0.10478 -0.523599 2.301 3.829 0 0 0 0 
 2.868 4.267 2.77747 0 0 2.84917 4.31367 0.78258 0.0229589 -0.102912 -0.523599 2.3 3.83 0 0 0 0 
 2.867 4.267 2.76723 0 0 2.84917 4.31717 0.341255 0.0234912 -0.111969 -0.523599 2.301 3.837 0 0 0 0 
 2.864 4.286 2.75687 0 0 2.84717 4.32766 0.78687 0.0209205 -0.09027 -0.523599 2.3 3.839 0 0 0 0 
 2.865 4.293 2.74587 0 0 2.84567 4.32617 6.87281 0.0204073 -0.0647365 -0.523599 2.296 3.829 0 0 0 0 
 2.872 4.302 2.73721 0 0 2.84816 4.32817 -1.95389 0.0213898 -0.0410137 -0.523599 2.294 3.824 0 0 0 0 
 2.869 4.309 2.73118 0 0 2.84917 4.33467 -3.51908 0.018891 -0.0437462 -0.523599 2.299 3.83 0 0 0 0 
 2.865 4.315 2.72678 0 0 2.84767 4.33867 -4.79421 0.01688 -0.0411653 -0.523599 2.3 3.832 0 0 0 0 
 2.861 4.318 2.72192 0 0 2.84817 4.34416 1.97949 0.0149062 -0.0524584 -0.523599 2.305 3.84 0 0 0 0 
 2.86 4.32 2.71774 0 0 2.84666 4.34767 1.81394 0.0156771 -0.0554205 -0.523599 2.303 3.845 0 0 0 0 
 2.856 4.318 2.71292 0 0 2.84516 4.34966 0.222673 0.0153767 -0.0682498 -0.523599 2.304 3.851 0 0 0 0 
 2.858 4.32 2.70714 0 0 2.84617 4.35067 0.613869 0.0157774 -0.0641232 -0.523599 2.304 3.851 0 0 0 0 
 2.857 4.321 2.69994 0 0 2.84767 4.35067 -0.036254 0.0141047 -0.0642013 -0.523599 2.308 3.85 0 0 0 0 
 2.858 4.326 2.6934 0 0 2.84767 4.34967 1.1425 0.0130285 -0.0474355 -0.523599 2.307 3.843 0 0 0 0 
 2.853 4.323 2.68655 0 0 2.85016 4.34867 0.389821 0.00926249 -0.0615945 -0.523599 2.317 3.844 0 0 0 0 
 2.852 4.322 2.68199 0 0 2.84967 4.34767 -242.395 0.00903282 -0.0620542 -0.523599 2.317 3.843 0 0 0 0 
 2.858 4.323 2.67538 0 0 2.85367 4.34717 0.857322 0.00984572 -0.0554394 -0.523599 2.319 3.841 0 0 0 0 
 2.856 4.32 2.66941 0 0 2.84767 4.34167 0.602555 0.0115003 -0.0437066 -0.523599 2.309 3.833 0 0 0 0 
 2.848 4.316 2.66364 0 0 2.83967 4.33816 0.523535 0.0117141 -0.0446681 -0.523599 2.301 3.83 0 0 0 0 
 2.846 4.309 2.65983 0 0 2.83867 4.33217 -0.0166173 0.0114825 -0.0482917 -0.523599 2.301 3.825 0 0 0 0 
 2.852 4.311 2.6551 0 0 2.84017 4.33117 7.47015 0.0132133 -0.0346033 -0.523599 2.298 3.821 0 0 0 0 
 2.853 4.305 2.64973 0 0 2.84217 4.33266 0.667026 0.0150656 -0.0541471 -0.523599 2.301 3.83 0 0 0 0 
 2.849 4.302 2.6462 0 0 2.84067 4.32767 0.0624604 0.0130178 -0.052413 -0.523599 2.302 3.823 0 0 0 0 
 2.851 4.299 2.64089 0 0 2.84117 4.32666 0.341018 0.0145988 -0.0549547 -0.523599 2.301 3.824 0 0 0 0 
 2.85 4.301 2.63589 0 0 2.84117 4.32517 0.430374 0.0129398 -0.0474715 -0.523599 2.302 3.819 0 0 0 0 
 2.849 4.299 2.63021 0 0 2.83516 4.32416 3.94672 0.0162059 -0.0426036 -0.523599 2.291 3.819 0 0 0 0 
 2.84 4.298 2.62555 0 0 2.83066 4.32416 0.352255 0.0140063 -0.051057 -0.523599 2.291 3.82 0 0 0 0 
 2.848 4.308 2.62103 0 0 2.83767 4.32817 2.5012 0.0126211 -0.0347941 -0.523599 2.297 3.818 0 0 0 0 
 2.836 4.302 2.61658 0 0 2.83217 4.32917 -1.0306 0.0113201 -0.0608533 -0.523599 2.298 3.826 0 0 0 0 
 2.836 4.306 2.61287 0 0 2.83417 4.33667 -1.57094 0.0114374 -0.0720268 -0.523599 2.302 3.837 0 0 0 0 
 2.833 4.311 2.60589 0 0 2.83117 4.34216 -3.2996 0.0117278 -0.0728828 -0.523599 2.299 3.843 0 0 0 0 
 2.825 4.322 2.59871 0 0 2.83117 4.34966 4.37013 0.00612424 -0.0761005 -0.523599 2.307 3.847 0 0 0 0 
 2.823 4.327 2.59151 0 0 2.83067 4.35267 0.209688 0.00470139 -0.0734004 -0.523599 2.308 3.848 0 0 0 0 
 2.822 4.326 2.58362 0 0 2.82817 4.34867 0.592399 0.00459313 -0.0637862 -0.523599 2.304 3.841 0 0 0 0 
 2.815 4.328 2.57628 0 0 2.82067 4.34817 0.444149 0.0040732 -0.0569257 -0.523599 2.296 3.838 0 0 0 0 
 2.814 4.329 2.57003 0 0 2.81967 4.34667 -0.0233863 0.00324294 -0.0508909 -0.523599 2.295 3.834 0 0 0 0 
 2.806 4.326 2.5645 0 0 2.81617 4.34467 -3.67919 0.00119762 -0.0602692 -0.523599 2.296 3.833 0 0 0 0 
 2.805 4.33 2.55942 0 0 2.81467 4.34666 -6.46438 0.000800686 -0.0547316 -0.523599 2.294 3.833 0 0 0 0 
 2.8 4.324 2.55341 0 0 2.81117 4.34466 -3.47667 0.00155774 -0.066501 -0.523599 2.292 3.835 0 0 0 0 
 2.797 4.323 2.54805 0 0 2.80866 4.34516 -2.92596 0.00193766 -0.0707718 -0.523599 2.29 3.837 0 0 0 0 
 2.795 4.325 2.54088 0 0 2.80917 4.34866 -9.97864 0.00127982 -0.0782881 -0.523599 2.293 3.842 0 0 0 0 
 2.793 4.327 2.53371 0 0 2.81467 4.34917 1.63942 8.06162e-07 -0.087434 -0.523599 2.306 3.841 0 0 0 0 
 2.792 4.329 2.52563 0 0 2.81417 4.35167 1.63752 8.31395e-07 -0.0895284 -0.523599 2.306 3.844 0 0 0 0 
 2.794 4.327 2.5167 0 0 2.81467 4.34967 1.94918 1.22436e-06 -0.0870172 -0.523599 2.305 3.842 0 0 0 0 
 2.796 4.327 2.50749 0 0 2.81667 4.35167 2.52391 8.45062e-07 -0.091565 -0.523599 2.307 3.846 0 0 0 0 
 2.797 4.33 2.49845 0 0 2.81767 4.35067 1.55741 1.00692e-06 -0.0826743 -0.523599 2.308 3.841 0 0 0 0 
 2.798 4.331 2.4888 0 0 2.81717 4.35366 2.44551 1.27526e-06 -0.0844923 -0.523599 2.306 3.846 0 0 0 0 
 2.802 4.327 2.48052 0 0 2.81967 4.34967 3.37877 0.00017452 -0.0817996 -0.523599 2.307 3.842 0 0 0 0 
 2.807 4.328 2.47155 0 0 2.82016 4.34817 25.5695 0.00158145 -0.0681869 -0.523599 2.303 3.838 0 0 0 0 
 2.813 4.324 2.46334 0 0 2.82217 4.34417 -1.37323 0.0037521 -0.0608855 -0.523599 2.301 3.834 0 0 0 0 
 2.822 4.32 2.45665 0 0 2.82967 4.34167 -0.325978 0.00524703 -0.0613022 -0.523599 2.307 3.833 0 0 0 0 
 2.825 4.317 2.45072 0 0 2.83267 4.34016 -0.119975 0.00597573 -0.0644049 -0.523599 2.31 3.833 0 0 0 0 
 2.832 4.317 2.44469 0 0 2.83317 4.33716 -32.8236 0.00804069 -0.0458409 -0.523599 2.304 3.827 0 0 0 0 
 2.833 4.311 2.4387 0 0 2.83617 4.33216 0.427364 0.00753613 -0.0514708 -0.523599 2.309 3.823 0 0 0 0 
 2.832 4.314 2.43441 0 0 2.83817 4.33367 0.0482264 0.00543645 -0.0537193 -0.523599 2.314 3.823 0 0 0 0 
 2.828 4.312 2.42906 0 0 2.83967 4.33416 -2.92586 0.00387817 -0.0692352 -0.523599 2.321 3.826 0 0 0 0 
 2.83 4.315 2.42341 0 0 2.84166 4.33817 -2.26936 0.00441294 -0.0712454 -0.523599 2.323 3.831 0 0 0 0 
 2.83 4.315 2.41617 0 0 2.83866 4.34167 -0.0643686 0.00756558 -0.0726912 -0.523599 2.317 3.838 0 0 0 0 
 2.831 4.317 2.40908 0 0 2.83767 4.34216 0.735468 0.00798101 -0.0655071 -0.523599 2.314 3.837 0 0 0 0 
 2.83 4.316 2.40181 0 0 2.83666 4.33967 0.433458 0.00741097 -0.0621613 -0.523599 2.313 3.833 0 0 0 0 
 2.83 4.314 2.3959 0 0 2.83666 4.33817 0.525738 0.0077245 -0.062997 -0.523599 2.313 3.832 0 0 0 0 
 2.828 4.311 2.38979 0 0 2.83517 4.33366 0.021704 0.00688612 -0.06071 -0.523599 2.312 3.826 0 0 0 0 
 2.828 4.309 2.38324 0 0 2.83617 4.33367 -0.121339 0.00742903 -0.0665399 -0.523599 2.314 3.828 0 0 0 0 
 2.829 4.31 2.37728 0 0 2.83417 4.33767 -1.33247 0.010333 -0.0664359 -0.523599 2.309 3.835 0 0 0 0 
 2.83 4.312 2.37083 0 0 2.83366 4.34066 30.5142 0.0116041 -0.0651569 -0.523599 2.307 3.839 0 0 0 0 
 2.83 4.315 2.36433 0 0 2.83366 4.34667 -0.999283 0.0131179 -0.0707673 -0.523599 2.307 3.848 0 0 0 0 
 2.835 4.312 2.35722 0 0 2.83517 4.34266 0.454648 0.0143774 -0.0613578 -0.523599 2.305 3.843 0 0 0 0 
 2.835 4.314 2.3503 0 0 2.83917 4.34467 1.86825 0.0126396 -0.0690392 -0.523599 2.313 3.845 0 0 0 0 
 2.832 4.306 2.34351 0 0 2.84117 4.34017 0.664025 0.0121646 -0.0856612 -0.523599 2.32 3.844 0 0 0 0 
 2.827 4.301 2.33632 0 0 2.84216 4.33567 -1.15162 0.00985475 -0.0986421 -0.523599 2.327 3.84 0 0 0 0 
 2.822 4.301 2.32744 0 0 2.83767 4.33267 -2.06704 0.00836134 -0.0936176 -0.523599 2.323 3.834 0 0 0 0 
 2.816 4.295 2.31725 0 0 2.83267 4.33267 -1.21331 0.0111221 -0.106572 -0.523599 2.319 3.84 0 0 0 0 
 2.815 4.286 2.30771 0 0 2.83167 4.32766 -0.746788 0.0133644 -0.11347 -0.523599 2.318 3.839 0 0 0 0 
 2.814 4.278 2.29648 0 0 2.83066 4.32016 -0.701067 0.0139135 -0.113719 -0.523599 2.317 3.832 0 0 0 0 
 2.812 4.281 2.2844 0 0 2.82867 4.32267 -0.746799 0.0139759 -0.112091 -0.523599 2.315 3.834 0 0 0 0 
 2.8 4.279 2.27295 0 0 2.82167 4.32166 -2.37506 0.0127173 -0.124087 -0.523599 2.313 3.834 0 0 0 0 
 2.808 4.279 2.26174 0 0 2.82017 4.31616 -0.0867302 0.0140707 -0.0929518 -0.523599 2.302 3.823 0 0 0 0 
 2.811 4.279 2.25069 0 0 2.81317 4.31366 0.313072 0.0170776 -0.0658528 -0.523599 2.285 3.818 0 0 0 0 
 2.817 4.276 2.24188 0 0 2.81566 4.31067 -1.10352 0.0186294 -0.0574524 -0.523599 2.284 3.815 0 0 0 0 
 2.819 4.281 2.23533 0 0 2.81667 4.31567 1.1666 0.0191186 -0.0547096 -0.523599 2.284 3.82 0 0 0 0 
 2.819 4.286 2.23041 0 0 2.81867 4.31916 14.4674 0.0175887 -0.0562419 -0.523599 2.288 3.822 0 0 0 0 
 2.829 4.293 2.22511 0 0 2.82567 4.32417 0.079921 0.017789 -0.0457558 -0.523599 2.292 3.825 0 0 0 0 
 2.833 4.294 2.21959 0 0 2.83016 4.32867 0.352284 0.0195135 -0.0523041 -0.523599 2.297 3.833 0 0 0 0 
 2.848 4.298 2.21476 0 0 2.83867 4.32916 -0.199524 0.0202584 -0.0314575 -0.523599 2.299 3.83 0 0 0 0 
 2.848 4.301 2.20932 0 0 2.83817 4.33067 0.125969 0.0196915 -0.0273826 -0.507616 2.298 3.83 0 0 0 0 
 2.859 4.316 2.20531 0 0 2.84367 4.33717 -5.18276 0.0173216 -0.0005508 -0.0127187 2.298 3.828 0 0 0 0 
 2.858 4.319 2.20261 0 0 2.84617 4.34116 3.20946 0.0164894 -0.00993806 -0.236563 2.304 3.833 0 0 0 0 
 2.869 4.324 2.20254 0 0 2.85517 4.34417 -8.79325 0.0162001 -0.00208853 -0.0515224 2.311 3.834 0 0 0 0 
 2.867 4.324 2.20179 0 0 2.85067 4.34666 -5.39479 0.0185157 -0.000509006 -0.0109958 2.304 3.839 0 0 0 0 
 2.867 4.327 2.2013 0 0 2.85317 4.35017 9.6202 0.0178078 -0.00695909 -0.155061 2.309 3.843 0 0 0 0 
 2.86 4.335 2.20105 0 0 2.85316 4.35567 0.118696 0.0137434 -0.0187323 -0.499152 2.316 3.846 0 0 0 0 
 2.85 4.338 2.20051 0 0 2.84516 4.35916 -2.87389 0.0132391 -0.0240877 -0.523599 2.31 3.85 0 0 0 0 
 2.845 4.346 2.19838 0 0 2.84517 4.36717 -0.655243 0.0113229 -0.0354201 -0.523599 2.315 3.858 0 0 0 0 
 2.84 4.351 2.19615 0 0 2.84067 4.36566 0.0568912 0.00763933 -0.0258117 -0.523599 2.311 3.85 0 0 0 0 
 2.836 4.355 2.1934 0 0 2.84117 4.36616 -1.49082 0.00403932 -0.0303846 -0.523599 2.316 3.847 0 0 0 0 
 2.828 4.353 2.19161 0 0 2.84067 4.36567 1.55741 0.00201054 -0.0502267 -0.523599 2.323 3.848 0 0 0 0 
 2.827 4.356 2.18945 0 0 2.84166 4.36666 0.889956 0.000202863 -0.0516251 -0.523599 2.326 3.847 0 0 0 0 
 2.825 4.358 2.18491 0 0 2.83667 4.36816 1.18874 0.00110119 -0.0437879 -0.523599 2.318 3.848 0 0 0 0 
 2.821 4.359 2.1803 0 0 2.83417 4.36517 0.505813 5.80477e-07 -0.0408877 -0.523599 2.317 3.841 0 0 0 0 
 2.822 4.361 2.17644 0 0 2.83317 4.36567 0.443962 5.65543e-07 -0.0337867 -0.523599 2.314 3.84 0 0 0 0 
 2.826 4.366 2.1726 0 0 2.82917 4.36617 0.0521579 8.54124e-07 -0.00770916 -0.523599 2.302 3.836 0 0 0 0 
 2.827 4.367 2.17035 0 0 2.82917 4.36367 -32.8121 9.74731e-07 0.000269791 0.523599 2.301 3.83 0 0 0 0 
 2.82 4.364 2.16964 0 0 2.82567 4.36316 -0.148447 9.99691e-07 -0.0120328 -0.523599 2.301 3.832 0 0 0 0 
 2.805 4.353 2.16958 0 0 2.81917 4.35767 0.341777 9.5446e-07 -0.040973 -0.523599 2.303 3.832 0 0 0 0 
 2.934 4.48 2.16868 0 0 2.88417 4.42217 2.29911 2.09757e-07 0.213182 0.523599 2.304 3.834 0 0 0 0 
 2.878 4.432 2.16526 0 0 2.85767 4.40167 12.6265 2.83595e-07 0.0975941 0.523599 2.307 3.841 0 0 0 0 
 2.851 4.404 2.16743 0 0 2.84867 4.39116 -1.00212 1.43148e-07 0.0262794 0.523599 2.316 3.848 0 0 0 0 
 2.829 4.389 2.16992 0 0 2.86767 4.41117 0.645578 4.96967e-07 -0.126767 -0.523599 2.376 3.903 0 0 0 0 
 2.821 4.378 2.16809 0 0 2.85267 4.39816 0.739623 3.19527e-06 -0.106864 -0.523599 2.354 3.888 0 0 0 0 
 2.819 4.379 2.16793 0 0 2.84667 4.38967 0.405804 5.97696e-07 -0.0827288 -0.523599 2.344 3.87 0 0 0 0 
 2.812 4.372 2.1665 0 0 2.83617 4.38567 0.634615 7.10345e-07 -0.0789301 -0.523599 2.33 3.869 0 0 0 0 
 2.798 4.356 2.16468 0 0 2.83767 4.38266 0.795935 0.000416897 -0.135929 -0.523599 2.347 3.879 0 0 0 0 
 2.788 4.343 2.1573 0 0 2.83317 4.37466 0.844165 0.00154873 -0.156618 -0.523599 2.348 3.876 0 0 0 0 
 2.798 4.354 2.14457 0 0 2.82767 4.37517 0.865575 0.0013866 -0.103489 -0.523599 2.327 3.866 0 0 0 0 
 2.802 4.365 2.12818 0 0 2.82967 4.37566 0.405816 7.30761e-07 -0.0833341 -0.523599 2.327 3.856 0 0 0 0 
 2.808 4.377 2.11823 0 0 2.83067 4.38516 0.376689 8.35555e-07 -0.0675127 -0.523599 2.323 3.863 0 0 0 0 
 2.807 4.373 2.11065 0 0 2.82467 4.38017 0.429414 4.96169e-07 -0.0537854 -0.523599 2.312 3.857 0 0 0 0 
 2.806 4.375 2.10472 0 0 2.82217 4.37667 0.10337 2.01546e-07 -0.0423212 -0.523599 2.308 3.848 0 0 0 0 
 2.813 4.379 2.09949 0 0 2.82267 4.37367 -0.615846 1.40001e-07 -0.016256 -0.523599 2.302 3.838 0 0 0 0 
 2.821 4.379 2.0958 0 0 2.82167 4.37167 29.3214 2.02799e-07 0.0088904 0.523599 2.292 3.834 0 0 0 0 
 2.822 4.379 2.09539 0 0 2.82217 4.37417 -1.62183 9.07583e-07 0.00651776 0.523599 2.292 3.839 0 0 0 0 
 2.823 4.389 2.0953 0 0 2.82267 4.37766 -0.863102 3.96551e-07 0.0171551 0.523599 2.292 3.836 0 0 0 0 
 2.822 4.385 2.09533 0 0 2.82417 4.37767 -0.251508 1.81161e-07 0.00516319 0.523599 2.296 3.84 0 0 0 0 
 2.827 4.383 2.0956 0 0 2.82666 4.37266 -0.622137 1.52065e-07 0.0157091 0.523599 2.296 3.832 0 0 0 0 
 2.824 4.385 2.09573 0 0 2.82716 4.37317 -0.680702 3.21128e-07 0.00919916 0.523599 2.3 3.831 0 0 0 0 
 2.824 4.391 2.09615 0 0 2.82767 4.37766 -0.541976 2.82837e-07 0.0101497 0.523599 2.301 3.834 0 0 0 0 
 2.818 4.391 2.09643 0 0 2.82117 4.37966 -0.47048 3.33757e-07 0.0084961 0.523599 2.294 3.838 0 0 0 0 
 2.819 4.386 2.09672 0 0 2.82117 4.37817 -0.517214 1.70711e-07 0.00591543 0.523599 2.293 3.84 0 0 0 0 
 2.814 4.383 2.09682 0 0 2.81967 4.37867 -0.960362 2.05587e-07 -0.00780532 -0.523599 2.295 3.844 0 0 0 0 
 2.819 4.385 2.09678 0 0 2.81917 4.37967 -1.27487 8.23799e-07 0.0072558 0.523599 2.289 3.844 0 0 0 0 
 2.818 4.382 2.09684 0 0 2.81667 4.37417 -0.439489 6.32152e-07 0.0145802 0.523599 2.285 3.836 0 0 0 0 
 2.818 4.382 2.09689 0 0 2.81767 4.36917 0.701392 3.48705e-07 0.0193898 0.523599 2.287 3.826 0 0 0 0 
 2.823 4.384 2.09732 0 0 2.82067 4.37166 -1.55846 1.40055e-07 0.0236234 0.523599 2.288 3.829 0 0 0 0 
 2.827 4.384 2.09778 0 0 2.82516 4.37366 -0.761501 1.67725e-07 0.0194738 0.523599 2.293 3.833 0 0 0 0 
 2.825 4.382 2.09788 0 0 2.82267 4.37317 0.747801 2.10414e-07 0.0185225 0.523599 2.29 3.834 0 0 0 0 
 2.827 4.381 2.09791 0 0 2.81967 4.37317 1.81916 1.27749e-06 0.0293666 0.523599 2.282 3.835 0 0 0 0 
 2.83 4.384 2.09799 0 0 2.82417 4.37566 6.97861 9.13654e-07 0.0264144 0.523599 2.288 3.837 0 0 0 0 
 2.832 4.38 2.0981 0 0 2.82666 4.37617 0.875014 3.45546e-06 0.0186376 0.523599 2.291 3.842 0 0 0 0 
 2.83 4.383 2.09822 0 0 2.83016 4.37867 -2.11674 1.01272e-06 0.00582969 0.523599 2.3 3.844 0 0 0 0 
 2.825 4.377 2.09828 0 0 2.83067 4.37216 -1.14634 1.92184e-07 -0.00705894 -0.523599 2.306 3.837 0 0 0 0 
