 3.275 0.607 0.0291307 9.57005e-321 1.55716e+142 4.28653 3.14072 0.632334 0 0 0 4.893 2.619 0.860372 0 2.58415e+161 2.58415e+161 
 3.259 0.613 0.0291289 9.57005e-321 1.55716e+142 4.28353 3.13573 -2.11113 0.78255 0.934806 0.211797 4.89 2.614 0.860366 0 2.58415e+161 2.58415e+161 
 3.269 0.624 0.0291282 9.57005e-321 1.55716e+142 4.28734 3.13266 -0.678971 0.778281 0.937275 0.213469 4.893 2.61 0.858829 0 2.58415e+161 2.58415e+161 
 3.268 0.611 0.0291281 9.57005e-321 1.55716e+142 4.27677 3.12717 -2.66198 0.773026 0.936284 0.214656 4.882 2.604 0.857994 0 2.58415e+161 2.58415e+161 
 3.259 0.623 0.0291284 9.57005e-321 1.55716e+142 4.25562 3.11599 -2.65554 0.764863 0.940456 0.217812 4.861 2.593 0.858282 0 2.58415e+161 2.58415e+161 
 3.246 0.613 0.0291279 9.57005e-321 1.55716e+142 4.23038 3.09471 -2.44115 0.757184 0.942673 0.220453 4.836 2.572 0.858746 0 2.58415e+161 2.58415e+161 
 3.261 0.622 0.0291294 9.57005e-321 1.55716e+142 4.20626 3.05058 -2.07089 0.731877 0.952907 0.230206 4.812 2.528 0.858968 0 2.58415e+161 2.58415e+161 
 3.253 0.601 0.0291296 9.57005e-321 1.55716e+142 4.17373 3.00796 -2.22278 0.716534 0.957408 0.236027 4.78 2.486 0.859984 0 2.58415e+161 2.58415e+161 
 3.287 0.608 0.0291296 9.57005e-321 1.55716e+142 4.15032 2.96547 -2.07457 0.680653 0.967956 0.250597 4.757 2.444 0.860787 0 2.58415e+161 2.58415e+161 
 3.265 0.6 0.0291286 9.57005e-321 1.55716e+142 4.11169 2.92174 -2.29431 0.669303 0.97532 0.25652 4.719 2.401 0.861994 0 2.58415e+161 2.58415e+161 
 3.281 0.619 0.0291272 9.57005e-321 1.55716e+142 4.07009 2.87704 -2.32029 0.632666 0.98955 0.274433 4.678 2.357 0.863141 0 2.58415e+161 2.58415e+161 
 3.249 0.614 0.029127 9.57005e-321 1.55716e+142 4.01833 2.83415 -2.44963 0.619378 0.998088 0.282311 4.627 2.315 0.864607 0 2.58415e+161 2.58415e+161 
 3.258 0.594 0.0291278 9.57005e-321 1.55716e+142 3.98066 2.79037 -2.28124 0.590912 1.00414 0.296837 4.59 2.272 0.865889 0 2.58415e+161 2.58415e+161 
 3.277 0.611 0.0291276 9.57005e-321 1.55716e+142 3.93462 2.75114 -2.43593 0.550161 1.01791 0.321484 4.545 2.234 0.867909 0 2.58415e+161 2.58415e+161 
 3.243 0.614 0.0291269 9.57005e-321 1.55716e+142 3.90454 2.71587 -2.27685 0.55081 1.0274 0.32392 4.516 2.2 0.869985 0 2.58415e+161 2.58415e+161 
 3.261 0.631 0.0291276 9.57005e-321 1.55716e+142 3.8764 2.68051 -2.24306 0.52135 1.04123 0.345108 4.489 2.166 0.872212 0 2.58415e+161 2.58415e+161 
 3.244 0.634 0.0291264 9.57005e-321 1.55716e+142 3.84268 2.64166 -2.28552 0.509668 1.05255 0.355901 4.456 2.128 0.873598 0 2.58415e+161 2.58415e+161 
 3.254 0.623 0.0291255 9.57005e-321 1.55716e+142 3.79882 2.60163 -2.40182 0.476646 1.06086 0.381042 4.413 2.089 0.875281 0 2.58415e+161 2.58415e+161 
 3.268 0.623 0.0291255 9.57005e-321 1.55716e+142 3.76213 2.5608 -2.30287 0.444925 1.07241 0.40935 4.377 2.049 0.876622 0 2.58415e+161 2.58415e+161 
 3.258 0.616 0.0291254 9.57005e-321 1.55716e+142 3.72435 2.52677 -2.40843 0.427317 1.08024 0.427031 4.345 2.022 0.888001 0 2.58415e+161 2.58415e+161 
 3.268 0.621 0.0291249 9.57005e-321 1.55716e+142 3.66892 2.45626 -2.237 0.385296 1.10316 0.475864 4.319 1.99 0.948599 0 2.58415e+161 2.58415e+161 
 3.26 0.626 0.0291259 9.57005e-321 1.55716e+142 3.61729 2.39889 -2.30363 0.356729 1.12351 0.515732 4.297 1.977 1.0153 0 2.58415e+161 2.58415e+161 
 3.25 0.583 0.0291246 9.57005e-321 1.55716e+142 3.56522 2.32979 -2.2165 0.330541 1.13093 0.523599 4.272 1.955 1.08322 0 2.58415e+161 2.58415e+161 
 3.267 0.604 0.0291254 9.57005e-321 1.55716e+142 3.53078 2.27842 -2.16139 0.296789 1.15604 0.523599 4.247 1.922 1.10904 0 2.58415e+161 2.58415e+161 
 3.26 0.607 0.0291247 9.57005e-321 1.55716e+142 3.5056 2.24205 -2.17645 0.284271 1.17116 0.523599 4.222 1.886 1.10955 0 2.58415e+161 2.58415e+161 
 3.236 0.606 0.0291252 9.57005e-321 1.55716e+142 3.48611 2.21406 -2.17904 0.285843 1.18316 0.523599 4.203 1.859 1.11094 0 2.58415e+161 2.58415e+161 
 3.259 0.615 0.0291268 9.57005e-321 1.55716e+142 3.46299 2.19142 -2.36684 0.256863 1.1933 0.523599 4.186 1.849 1.12848 0 2.58415e+161 2.58415e+161 
 3.257 0.607 0.0291266 9.57005e-321 1.55716e+142 3.42293 2.11353 -2.0458 0.231041 1.22228 0.523599 4.171 1.83 1.20852 0 2.58415e+161 2.58415e+161 
