 0.638 0.362 1.55425 9.41195e-321 1.55716e+142 0.4211 0.5059 0.9099 0 0 0 1.382 0.13 3.21143e-322 0 9.31119e+242 1.1757e+214 
 0.619 0.345 1.55425 9.41195e-321 1.55716e+142 0.4333 0.5216 0.9107 0.311195 0.883731 0.472538 1.382 0.122 3.21143e-322 0 9.31119e+242 1.1757e+214 
 0.613 0.34 1.55425 9.41195e-321 1.55716e+142 0.4333 0.5216 0.9107 0.312811 0.841727 0.451052 1.384 0.107 3.21143e-322 0 9.31119e+242 1.1757e+214 
 0.604 0.336 1.58938 9.41195e-321 1.55716e+142 0.417 0.5006 0.9097 0.304166 0.847853 0.465042 1.371 0.126 3.21143e-322 0 9.31119e+242 1.1757e+214 
 0.605 0.344 1.67112 9.41195e-321 1.55716e+142 0.413 0.4954 0.9094 0.302398 0.743549 0.416676 1.36 0.119 3.21143e-322 0 9.31119e+242 1.1757e+214 
 0.601 0.42 1.75554 9.41195e-321 1.55716e+142 0.409 0.4903 0.9092 0.257533 0.638222 0.419589 1.372 0.105 3.21143e-322 0 9.31119e+242 1.1757e+214 
 0.613 0.462 1.83088 9.41195e-321 1.55716e+142 0.413 0.4954 0.9094 0.235572 0.562828 0.406145 1.396 0.104 3.21143e-322 0 9.31119e+242 1.1757e+214 
 0.596 0.459 1.89353 9.41195e-321 1.55716e+142 0.4457 0.5375 0.9114 0.243003 0.20098 0.147787 1.397 0.103 3.21143e-322 0 9.31119e+242 1.1757e+214 
 0.601 0.473 1.94393 9.41195e-321 1.55716e+142 0.4706 0.5697 0.9126 0.24675 0.022647 0.0165191 1.395 0.114 3.21143e-322 0 9.31119e+242 1.1757e+214 
 0.572 0.498 1.95815 9.41195e-321 1.55716e+142 0.4623 0.5589 0.9122 0.218077 -0.0242954 -0.0200506 1.383 0.133 3.21143e-322 0 9.31119e+242 1.1757e+214 
 0.535 0.529 1.96209 9.41195e-321 1.55716e+142 0.4748 0.5751 0.9128 0.190043 -0.264091 -0.245106 1.385 0.144 3.21143e-322 0 9.31119e+242 1.1757e+214 
 0.545 0.536 1.96191 9.41195e-321 1.55716e+142 0.4748 0.5751 0.9128 0.184985 -0.242609 -0.231827 1.407 0.13 3.21143e-322 0 9.31119e+242 1.1757e+214 
 0.558 0.567 1.95877 9.41195e-321 1.55716e+142 0.4748 0.5751 0.9128 0.175289 -0.117006 -0.119577 1.396 0.135 3.21143e-322 0 9.31119e+242 1.1757e+214 
 0.527 0.552 1.9549 9.41195e-321 1.55716e+142 0.4832 0.586 0.9132 0.176284 -0.346177 -0.339767 1.397 0.149 3.21143e-322 0 9.31119e+242 1.1757e+214 
 0.496 0.541 1.94931 9.41195e-321 1.55716e+142 0.5002 0.608 0.9139 0.17871 -0.673594 -0.523599 1.41 0.141 3.21143e-322 0 9.31119e+242 1.1757e+214 
 0.489 0.566 1.91349 9.41195e-321 1.55716e+142 0.4832 0.586 0.9132 0.15771 -0.532417 -0.523599 1.405 0.144 3.21143e-322 0 9.31119e+242 1.1757e+214 
 0.488 0.597 1.84347 9.41195e-321 1.55716e+142 0.4664 0.5643 0.9124 0.136401 -0.353413 -0.436388 1.405 0.12 3.21143e-322 0 9.31119e+242 1.1757e+214 
 0.451 0.628 1.78669 9.41195e-321 1.55716e+142 0.4748 0.5751 0.9128 0.120002 -0.614304 -0.523599 1.407 0.115 3.21143e-322 0 9.31119e+242 1.1757e+214 
 0.429 0.652 1.74478 9.41195e-321 1.55716e+142 0.4917 0.597 0.9136 0.12169 -0.829834 -0.523599 1.387 0.115 3.21143e-322 0 9.31119e+242 1.1757e+214 
 0.439 0.68 1.67533 9.41195e-321 1.55716e+142 0.4917 0.597 0.9136 0.116548 -0.700592 -0.523599 1.384 0.137 3.21143e-322 0 9.31119e+242 1.1757e+214 
 0.43 0.659 1.58638 9.41195e-321 1.55716e+142 0.4959 0.6025 0.9138 0.143274 -0.717312 -0.523599 1.39 0.144 3.21143e-322 0 9.31119e+242 1.1757e+214 
 0.414 0.65 1.51469 9.41195e-321 1.55716e+142 0.513 0.6246 0.9145 0.172662 -0.823713 -0.523599 1.387 0.151 3.21143e-322 0 9.31119e+242 1.1757e+214 
 0.387 0.651 1.43845 9.41195e-321 1.55716e+142 0.5002 0.608 0.9139 0.172182 -0.922626 -0.523599 1.402 0.126 3.21143e-322 0 9.31119e+242 1.1757e+214 
 0.412 0.688 1.34974 9.41195e-321 1.55716e+142 0.4875 0.5915 0.9134 0.146694 -0.735171 -0.523599 1.418 0.135 3.21143e-322 0 9.31119e+242 1.1757e+214 
 0.411 0.693 1.25514 9.41195e-321 1.55716e+142 0.479 0.5806 0.913 0.145942 -0.642859 -0.523599 1.414 0.154 3.21143e-322 0 9.31119e+242 1.1757e+214 
 0.413 0.722 1.18033 9.41195e-321 1.55716e+142 0.5044 0.6135 0.9141 0.160645 -0.653016 -0.523599 1.403 0.209 3.21143e-322 0 9.31119e+242 1.1757e+214 
 0.416 0.748 1.11302 9.41195e-321 1.55716e+142 0.5087 0.6191 0.9143 0.157424 -0.724649 -0.523599 1.431 0.204 3.21143e-322 0 9.31119e+242 1.1757e+214 
 0.377 0.769 1.04432 9.41195e-321 1.55716e+142 0.5216 0.6358 0.9148 0.181494 -0.966405 -0.523599 1.443 0.207 3.21143e-322 0 9.31119e+242 1.1757e+214 
 0.382 0.807 0.964498 9.41195e-321 1.55716e+142 0.5346 0.6527 0.9152 0.186019 -1.00038 -0.523599 1.43 0.17 3.21143e-322 0 9.31119e+242 1.1757e+214 
 0.397 0.848 0.860183 9.41195e-321 1.55716e+142 0.5302 0.647 0.9151 0.170717 -0.988363 -0.523599 1.4 0.149 3.21143e-322 0 9.31119e+242 1.1757e+214 
 0.41 0.845 0.755022 9.41195e-321 1.55716e+142 0.552 0.6753 0.9158 0.194281 -0.814343 -0.523599 1.442 0.166 3.21143e-322 0 9.31119e+242 1.1757e+214 
 0.388 0.841 0.651067 9.41195e-321 1.55716e+142 0.5784 0.7097 0.9165 0.235228 -0.65577 -0.46509 1.464 0.208 3.21143e-322 0 9.31119e+242 1.1757e+214 
 0.4 0.849 0.570951 9.41195e-321 1.55716e+142 0.5784 0.7097 0.9165 0.228361 -0.552035 -0.410418 1.476 0.237 3.21143e-322 0 9.31119e+242 1.1757e+214 
 0.394 0.874 0.506634 9.41195e-321 1.55716e+142 0.574 0.704 0.9164 0.225456 -0.611196 -0.453976 1.491 0.25 3.21143e-322 0 9.31119e+242 1.1757e+214 
 0.415 0.876 0.444191 9.41195e-321 1.55716e+142 0.5784 0.7097 0.9165 0.217891 -0.490467 -0.38496 1.492 0.23 3.21143e-322 0 9.31119e+242 1.1757e+214 
 0.419 0.913 0.381503 9.41195e-321 1.55716e+142 0.5917 0.7271 0.9168 0.220498 -0.498074 -0.386178 1.481 0.24 3.21143e-322 0 9.31119e+242 1.1757e+214 
 0.419 0.92 0.329385 9.41195e-321 1.55716e+142 0.5962 0.733 0.9169 0.224072 -0.449209 -0.346313 1.505 0.251 3.21143e-322 0 9.31119e+242 1.1757e+214 
 0.432 0.917 0.277868 9.41195e-321 1.55716e+142 0.6186 0.7622 0.9174 0.230666 -0.23945 -0.184725 1.503 0.254 3.21143e-322 0 9.31119e+242 1.1757e+214 
 0.418 0.906 0.231932 9.41195e-321 1.55716e+142 0.6186 0.7622 0.9174 0.237582 -0.137091 -0.103493 1.503 0.268 3.21143e-322 0 9.31119e+242 1.1757e+214 
 0.473 0.902 0.213383 9.41195e-321 1.55716e+142 0.6232 0.7681 0.9175 0.204198 -0.00247739 -0.00218382 1.49 0.255 3.21143e-322 0 9.31119e+242 1.1757e+214 
 0.494 0.92 0.199864 9.41195e-321 1.55716e+142 0.6141 0.7564 0.9173 0.176126 -0.0651811 -0.0665165 1.467 0.314 3.21143e-322 0 9.31119e+242 1.1757e+214 
 0.503 0.935 0.196523 9.41195e-321 1.55716e+142 0.6322 0.78 0.9176 0.178904 0.00715489 0.00719859 1.443 0.321 3.21143e-322 0 9.31119e+242 1.1757e+214 
 0.542 0.955 0.191644 9.41195e-321 1.55716e+142 0.6504 0.8038 0.9179 0.162561 0.0797162 0.0880397 1.455 0.355 3.21143e-322 0 9.31119e+242 1.1757e+214 
 0.559 0.962 0.191391 9.41195e-321 1.55716e+142 0.6596 0.8157 0.9181 0.1599 0.111374 0.124723 1.462 0.34 3.21143e-322 0 9.31119e+242 1.1757e+214 
 0.612 0.967 0.193249 9.41195e-321 1.55716e+142 0.6826 0.8459 0.9183 0.135809 0.373623 0.459797 1.459 0.379 3.21143e-322 0 9.31119e+242 1.1757e+214 
 0.612 0.987 0.195516 9.41195e-321 1.55716e+142 0.6919 0.858 0.9184 0.141371 0.29462 0.35888 1.477 0.406 3.21143e-322 0 9.31119e+242 1.1757e+214 
 0.615 0.953 0.206039 9.41195e-321 1.55716e+142 0.7152 0.8885 0.9186 0.162387 0.58264 0.523599 1.523 0.427 3.21143e-322 0 9.31119e+242 1.1757e+214 
 0.641 0.96 0.232109 9.41195e-321 1.55716e+142 0.7245 0.9008 0.9186 0.15745 0.631265 0.523599 1.528 0.411 3.21143e-322 0 9.31119e+242 1.1757e+214 
 0.632 0.958 0.28958 9.41195e-321 1.55716e+142 0.7105 0.8824 0.9186 0.158309 0.482465 0.501745 1.533 0.417 3.21143e-322 0 9.31119e+242 1.1757e+214 
 0.669 1.004 0.350044 9.41195e-321 1.55716e+142 0.7245 0.9008 0.9186 0.144103 0.374588 0.437639 1.534 0.443 3.21143e-322 0 9.31119e+242 1.1757e+214 
 0.691 0.996 0.394715 9.41195e-321 1.55716e+142 0.7198 0.8946 0.9186 0.125343 0.522526 0.523599 1.527 0.491 3.21143e-322 0 9.31119e+242 1.1757e+214 
 0.69 0.988 0.432911 9.41195e-321 1.55716e+142 0.7528 0.9378 0.9187 0.161055 0.716114 0.523599 1.512 0.481 3.21143e-322 0 9.31119e+242 1.1757e+214 
 0.683 1.007 0.48756 9.41195e-321 1.55716e+142 0.7576 0.944 0.9187 0.176031 0.442346 0.424782 1.54 0.447 3.21143e-322 0 9.31119e+242 1.1757e+214 
 0.712 1.015 0.558305 9.41195e-321 1.55716e+142 0.7528 0.9378 0.9187 0.155187 0.598621 0.523599 1.498 0.479 3.21143e-322 0 9.31119e+242 1.1757e+214 
 0.714 1.039 0.601576 9.41195e-321 1.55716e+142 0.7623 0.9503 0.9187 0.160169 0.431717 0.451714 1.512 0.483 3.21143e-322 0 9.31119e+242 1.1757e+214 
 0.724 1.027 0.657048 9.41195e-321 1.55716e+142 0.7766 0.969 0.9187 0.177346 0.463428 0.439658 1.547 0.482 3.21143e-322 0 9.31119e+242 1.1757e+214 
 0.754 1.055 0.699242 9.41195e-321 1.55716e+142 0.7862 0.9815 0.9187 0.166014 0.522946 0.515802 1.531 0.497 3.21143e-322 0 9.31119e+242 1.1757e+214 
 0.772 1.057 0.74615 9.41195e-321 1.55716e+142 0.7862 0.9815 0.9187 0.161399 0.549697 0.523599 1.545 0.495 3.21143e-322 0 9.31119e+242 1.1757e+214 
 0.781 1.091 0.798299 9.41195e-321 1.55716e+142 0.8102 1.013 0.9187 0.169365 0.352997 0.358913 1.581 0.515 3.21143e-322 0 9.31119e+242 1.1757e+214 
 0.783 1.12 0.850162 9.41195e-321 1.55716e+142 0.815 1.0193 0.9186 0.162555 0.199741 0.217672 1.582 0.533 3.21143e-322 0 9.31119e+242 1.1757e+214 
 0.766 1.094 0.882296 9.41195e-321 1.55716e+142 0.8392 1.051 0.9185 0.20399 0.22527 0.19622 1.566 0.529 3.21143e-322 0 9.31119e+242 1.1757e+214 
 0.803 1.101 0.901803 9.41195e-321 1.55716e+142 0.8538 1.0701 0.9184 0.206611 0.361438 0.305058 1.559 0.496 3.21143e-322 0 9.31119e+242 1.1757e+214 
 0.811 1.115 0.925844 9.41195e-321 1.55716e+142 0.8344 1.0446 0.9185 0.180575 0.341059 0.327715 1.55 0.492 3.21143e-322 0 9.31119e+242 1.1757e+214 
 0.815 1.14 0.962561 9.41195e-321 1.55716e+142 0.849 1.0637 0.9184 0.182267 0.169836 0.166178 1.56 0.485 3.21143e-322 0 9.31119e+242 1.1757e+214 
 0.798 1.158 0.995833 9.41195e-321 1.55716e+142 0.8587 1.0765 0.9183 0.185509 -0.0909514 -0.0880222 1.591 0.502 3.21143e-322 0 9.31119e+242 1.1757e+214 
 0.816 1.175 1.0076 9.41195e-321 1.55716e+142 0.8734 1.0957 0.9182 0.188296 -0.0305174 -0.0291646 1.566 0.503 3.21143e-322 0 9.31119e+242 1.1757e+214 
 0.823 1.177 1.00627 9.41195e-321 1.55716e+142 0.8734 1.0957 0.9182 0.185127 -0.0113304 -0.0110162 1.573 0.5 3.21143e-322 0 9.31119e+242 1.1757e+214 
 0.825 1.178 1.00645 9.41195e-321 1.55716e+142 0.8881 1.115 0.918 0.198277 0.0343697 0.0311914 1.57 0.526 3.21143e-322 0 9.31119e+242 1.1757e+214 
 0.83 1.208 1.00794 9.41195e-321 1.55716e+142 0.8931 1.1214 0.918 0.187188 0.0283618 0.027266 1.561 0.575 3.21143e-322 0 9.31119e+242 1.1757e+214 
 0.81 1.232 1.00977 9.41195e-321 1.55716e+142 0.898 1.1279 0.9179 0.184948 -0.290826 -0.27583 1.584 0.557 3.21143e-322 0 9.31119e+242 1.1757e+214 
 0.833 1.25 1.01154 9.41195e-321 1.55716e+142 0.9128 1.1472 0.9177 0.185068 -0.289025 -0.274037 1.58 0.526 3.21143e-322 0 9.31119e+242 1.1757e+214 
 0.833 1.245 1.00842 9.41195e-321 1.55716e+142 0.9178 1.1537 0.9177 0.191734 -0.289692 -0.265541 1.591 0.522 3.21143e-322 0 9.31119e+242 1.1757e+214 
 0.867 1.277 0.99868 9.41195e-321 1.55716e+142 0.9326 1.1732 0.9174 0.182454 -0.131563 -0.129072 1.578 0.567 3.21143e-322 0 9.31119e+242 1.1757e+214 
 0.881 1.282 0.977503 9.41195e-321 1.55716e+142 0.9326 1.1732 0.9174 0.178377 0.0770343 0.0775794 1.554 0.608 3.21143e-322 0 9.31119e+242 1.1757e+214 
 0.867 1.301 0.966349 9.41195e-321 1.55716e+142 0.9576 1.2057 0.917 0.196527 -0.140256 -0.127762 1.567 0.604 3.21143e-322 0 9.31119e+242 1.1757e+214 
 0.886 1.32 0.966914 9.41195e-321 1.55716e+142 0.9676 1.2188 0.9168 0.191487 -0.161711 -0.150855 1.578 0.594 3.21143e-322 0 9.31119e+242 1.1757e+214 
 0.888 1.345 0.955058 9.41195e-321 1.55716e+142 0.9676 1.2188 0.9168 0.182613 -0.188926 -0.184113 1.54 0.601 3.21143e-322 0 9.31119e+242 1.1757e+214 
 0.924 1.349 0.93883 9.41195e-321 1.55716e+142 0.9876 1.2449 0.9165 0.19027 -0.0214947 -0.0203317 1.54 0.584 3.21143e-322 0 9.31119e+242 1.1757e+214 
 0.942 1.374 0.919835 9.41195e-321 1.55716e+142 0.9977 1.2581 0.9162 0.18286 -0.0129258 -0.0127229 1.547 0.598 3.21143e-322 0 9.31119e+242 1.1757e+214 
 0.948 1.397 0.916564 9.41195e-321 1.55716e+142 1.0128 1.2778 0.9159 0.185779 -0.0435291 -0.0421499 1.542 0.621 3.21143e-322 0 9.31119e+242 1.1757e+214 
 0.95 1.407 0.913783 9.41195e-321 1.55716e+142 1.0331 1.3041 0.9155 0.199541 -0.124808 -0.112113 1.547 0.605 3.21143e-322 0 9.31119e+242 1.1757e+214 
 0.976 1.406 0.90874 9.41195e-321 1.55716e+142 1.0483 1.3239 0.9151 0.208149 0.0448224 0.0387415 1.537 0.606 3.21143e-322 0 9.31119e+242 1.1757e+214 
 0.974 1.431 0.899069 9.41195e-321 1.55716e+142 1.0534 1.3305 0.915 0.199686 -0.0984455 -0.0885083 1.565 0.619 3.21143e-322 0 9.31119e+242 1.1757e+214 
 1.003 1.444 0.898335 9.41195e-321 1.55716e+142 1.0636 1.3438 0.9147 0.197754 0.0380043 0.0345785 1.534 0.622 3.21143e-322 0 9.31119e+242 1.1757e+214 
 1.002 1.468 0.891597 9.41195e-321 1.55716e+142 1.0738 1.357 0.9144 0.195084 -0.122166 -0.112246 1.547 0.615 3.21143e-322 0 9.31119e+242 1.1757e+214 
 1.01 1.496 0.890962 9.41195e-321 1.55716e+142 1.0891 1.3769 0.914 0.192994 -0.253086 -0.231803 1.563 0.611 3.21143e-322 0 9.31119e+242 1.1757e+214 
 1.039 1.509 0.880969 9.41195e-321 1.55716e+142 1.0993 1.3902 0.9137 0.186914 -0.168568 -0.160928 1.57 0.611 3.21143e-322 0 9.31119e+242 1.1757e+214 
 1.059 1.533 0.856437 9.41195e-321 1.55716e+142 1.1147 1.4101 0.9133 0.184445 -0.182469 -0.176224 1.56 0.599 3.21143e-322 0 9.31119e+242 1.1757e+214 
 1.061 1.542 0.839702 9.41195e-321 1.55716e+142 1.1353 1.4367 0.9126 0.199961 -0.198842 -0.177117 1.546 0.588 3.21143e-322 0 9.31119e+242 1.1757e+214 
 1.082 1.55 0.820556 9.41195e-321 1.55716e+142 1.1507 1.4567 0.9121 0.202665 -0.127832 -0.113052 1.558 0.584 3.21143e-322 0 9.31119e+242 1.1757e+214 
 1.099 1.541 0.800258 9.41195e-321 1.55716e+142 1.1559 1.4634 0.9119 0.206546 0.0795284 0.0691963 1.559 0.61 3.21143e-322 0 9.31119e+242 1.1757e+214 
 1.096 1.558 0.789799 9.41195e-321 1.55716e+142 1.1714 1.4834 0.9114 0.21554 0.00990049 0.00826785 1.545 0.611 3.21143e-322 0 9.31119e+242 1.1757e+214 
 1.116 1.571 0.791715 9.41195e-321 1.55716e+142 1.1714 1.4834 0.9114 0.20237 0.0044239 0.00393486 1.538 0.598 3.21143e-322 0 9.31119e+242 1.1757e+214 
 1.139 1.609 0.790611 9.41195e-321 1.55716e+142 1.1817 1.4967 0.9111 0.185655 -0.0140221 -0.0135942 1.601 0.665 3.21143e-322 0 9.31119e+242 1.1757e+214 
 1.128 1.65 0.790094 9.41195e-321 1.55716e+142 1.1921 1.5101 0.9107 0.183475 -0.35101 -0.331644 1.536 0.604 3.21143e-322 0 9.31119e+242 1.1757e+214 
 1.152 1.65 0.787913 9.41195e-321 1.55716e+142 1.218 1.5435 0.9097 0.198247 -0.218708 -0.196027 1.529 0.599 3.21143e-322 0 9.31119e+242 1.1757e+214 
 1.137 1.663 0.757432 9.41195e-321 1.55716e+142 1.2336 1.5635 0.9091 0.213178 -0.285604 -0.236635 1.548 0.608 3.21143e-322 0 9.31119e+242 1.1757e+214 
 1.149 1.725 0.738291 9.41195e-321 1.55716e+142 1.244 1.5769 0.9087 0.195314 -0.493588 -0.42691 1.548 0.636 3.21143e-322 0 9.31119e+242 1.1757e+214 
 1.171 1.7 0.705221 9.41195e-321 1.55716e+142 1.244 1.5769 0.9087 0.193958 -0.29888 -0.270569 1.553 0.6 3.21143e-322 0 9.31119e+242 1.1757e+214 
 1.195 1.711 0.651553 9.41195e-321 1.55716e+142 1.2805 1.6236 0.9072 0.212464 -0.126457 -0.106727 1.546 0.602 3.21143e-322 0 9.31119e+242 1.1757e+214 
 1.222 1.712 0.623384 9.41195e-321 1.55716e+142 1.2753 1.617 0.9074 0.195237 -0.0102868 -0.00948365 1.534 0.606 3.21143e-322 0 9.31119e+242 1.1757e+214 
 1.227 1.718 0.614095 9.41195e-321 1.55716e+142 1.291 1.637 0.9067 0.204744 0.027841 0.0244714 1.537 0.611 3.21143e-322 0 9.31119e+242 1.1757e+214 
 1.233 1.758 0.610536 9.41195e-321 1.55716e+142 1.3015 1.6504 0.9062 0.197663 -0.134924 -0.122254 1.551 0.628 3.21143e-322 0 9.31119e+242 1.1757e+214 
 1.264 1.752 0.607939 9.41195e-321 1.55716e+142 1.3067 1.6571 0.906 0.190418 0.0103838 0.00981536 1.524 0.617 3.21143e-322 0 9.31119e+242 1.1757e+214 
 1.266 1.791 0.597495 9.41195e-321 1.55716e+142 1.3276 1.6838 0.905 0.194469 -0.128997 -0.118836 1.543 0.631 3.21143e-322 0 9.31119e+242 1.1757e+214 
 1.28 1.793 0.595899 9.41195e-321 1.55716e+142 1.3381 1.6971 0.9045 0.196128 -0.0802036 -0.0734758 1.536 0.619 3.21143e-322 0 9.31119e+242 1.1757e+214 
 1.3 1.8 0.584793 9.41195e-321 1.55716e+142 1.3591 1.7238 0.9035 0.202638 0.0192479 0.0170959 1.541 0.625 3.21143e-322 0 9.31119e+242 1.1757e+214 
 1.312 1.795 0.578048 9.41195e-321 1.55716e+142 1.3644 1.7305 0.9032 0.202177 0.0766369 0.0681248 1.536 0.599 3.21143e-322 0 9.31119e+242 1.1757e+214 
 1.33 1.805 0.578022 9.41195e-321 1.55716e+142 1.3749 1.7438 0.9027 0.200013 0.134169 0.120162 1.563 0.628 3.21143e-322 0 9.31119e+242 1.1757e+214 
 1.331 1.818 0.579229 9.41195e-321 1.55716e+142 1.3749 1.7438 0.9027 0.194563 0.0386422 0.0357347 1.552 0.607 3.21143e-322 0 9.31119e+242 1.1757e+214 
 1.345 1.81 0.58059 9.41195e-321 1.55716e+142 1.3854 1.7571 0.9022 0.199142 0.131917 0.118676 1.552 0.585 3.21143e-322 0 9.31119e+242 1.1757e+214 
 1.368 1.81 0.581383 9.41195e-321 1.55716e+142 1.3959 1.7704 0.9016 0.198512 0.251478 0.224194 1.556 0.604 3.21143e-322 0 9.31119e+242 1.1757e+214 
 1.405 1.824 0.587419 9.41195e-321 1.55716e+142 1.3959 1.7704 0.9016 0.176213 0.277434 0.276155 1.545 0.594 3.21143e-322 0 9.31119e+242 1.1757e+214 
 1.432 1.832 0.5985 9.41195e-321 1.55716e+142 1.4064 1.7837 0.901 0.170319 0.332889 0.338288 1.553 0.587 3.21143e-322 0 9.31119e+242 1.1757e+214 
 1.478 1.835 0.622852 9.41195e-321 1.55716e+142 1.4275 1.8102 0.8999 0.170466 0.516523 0.499314 1.534 0.601 3.21143e-322 0 9.31119e+242 1.1757e+214 
 1.482 1.843 0.657727 9.41195e-321 1.55716e+142 1.438 1.8235 0.8993 0.177694 0.479903 0.45249 1.532 0.605 3.21143e-322 0 9.31119e+242 1.1757e+214 
 1.507 1.853 0.706773 9.41195e-321 1.55716e+142 1.4591 1.85 0.898 0.185219 0.503222 0.454843 1.533 0.602 3.21143e-322 0 9.31119e+242 1.1757e+214 
 1.499 1.877 0.75434 9.41195e-321 1.55716e+142 1.4643 1.8566 0.8977 0.184809 0.326143 0.307575 1.568 0.614 3.21143e-322 0 9.31119e+242 1.1757e+214 
 1.508 1.872 0.802247 9.41195e-321 1.55716e+142 1.4801 1.8764 0.8968 0.20245 0.364053 0.31304 1.573 0.641 3.21143e-322 0 9.31119e+242 1.1757e+214 
 1.52 1.905 0.834872 9.41195e-321 1.55716e+142 1.4854 1.883 0.8965 0.186999 0.239829 0.226878 1.599 0.643 3.21143e-322 0 9.31119e+242 1.1757e+214 
 1.533 1.93 0.868164 9.41195e-321 1.55716e+142 1.4907 1.8896 0.8961 0.175912 0.163209 0.165475 1.59 0.652 3.21143e-322 0 9.31119e+242 1.1757e+214 
 1.524 1.943 0.890228 9.41195e-321 1.55716e+142 1.5117 1.9159 0.8948 0.189647 0.0174137 0.0165264 1.562 0.6 3.21143e-322 0 9.31119e+242 1.1757e+214 
 1.532 1.953 0.902664 9.41195e-321 1.55716e+142 1.5275 1.9356 0.8938 0.199054 0.0319246 0.0288607 1.651 0.665 3.21143e-322 0 9.31119e+242 1.1757e+214 
 1.52 1.959 0.906409 9.41195e-321 1.55716e+142 1.5275 1.9356 0.8938 0.197946 -0.0816283 -0.074092 1.567 0.603 3.21143e-322 0 9.31119e+242 1.1757e+214 
 1.557 1.985 0.909117 9.41195e-321 1.55716e+142 1.5381 1.9487 0.8931 0.186131 0.0230583 0.0222951 1.615 0.699 3.21143e-322 0 9.31119e+242 1.1757e+214 
 1.568 1.995 0.908091 9.41195e-321 1.55716e+142 1.5381 1.9487 0.8931 0.174506 0.0145896 0.0150478 1.647 0.657 3.21143e-322 0 9.31119e+242 1.1757e+214 
 1.583 1.999 0.910063 9.41195e-321 1.55716e+142 1.5644 1.9814 0.8913 0.202993 0.202323 0.177518 1.789 0.852 3.21143e-322 0 9.31119e+242 1.1757e+214 
 1.602 2.003 0.914723 9.41195e-321 1.55716e+142 1.5749 1.9944 0.8905 0.202691 0.210664 0.184943 1.693 0.805 3.21143e-322 0 9.31119e+242 1.1757e+214 
 1.609 2.033 0.929217 9.41195e-321 1.55716e+142 1.5802 2.0009 0.8901 0.182434 0.0352995 0.0348144 1.592 0.704 3.21143e-322 0 9.31119e+242 1.1757e+214 
 1.626 2.044 0.95015 9.41195e-321 1.55716e+142 1.5907 2.0139 0.8894 0.177076 0.0218402 0.0221971 1.533 0.617 3.21143e-322 0 9.31119e+242 1.1757e+214 
 1.634 2.056 0.954811 9.41195e-321 1.55716e+142 1.6065 2.0333 0.8882 0.184422 0.0131962 0.0128791 1.588 0.666 3.21143e-322 0 9.31119e+242 1.1757e+214 
 1.629 2.056 0.958134 9.41195e-321 1.55716e+142 1.617 2.0463 0.8874 0.195689 -0.0230548 -0.0212032 1.58 0.664 3.21143e-322 0 9.31119e+242 1.1757e+214 
 1.654 2.09 0.961014 9.41195e-321 1.55716e+142 1.6275 2.0592 0.8866 0.183655 0.000280435 0.000274854 1.693 0.766 3.21143e-322 0 9.31119e+242 1.1757e+214 
 1.662 2.119 0.961903 9.41195e-321 1.55716e+142 1.6275 2.0592 0.8866 0.163922 -0.0873366 -0.0956104 1.661 0.718 3.21143e-322 0 9.31119e+242 1.1757e+214 
 1.677 2.158 0.963112 9.41195e-321 1.55716e+142 1.6538 2.0913 0.8845 0.163203 -0.183179 -0.199349 1.614 0.712 3.21143e-322 0 9.31119e+242 1.1757e+214 
 1.696 2.175 0.961702 9.41195e-321 1.55716e+142 1.6696 2.1105 0.8832 0.161244 -0.173969 -0.191818 1.552 0.632 3.21143e-322 0 9.31119e+242 1.1757e+214 
 1.701 2.165 0.959991 9.41195e-321 1.55716e+142 1.6958 2.1424 0.881 0.190331 -0.115889 -0.109163 1.675 0.728 3.21143e-322 0 9.31119e+242 1.1757e+214 
 1.723 2.18 0.957052 9.41195e-321 1.55716e+142 1.7115 2.1614 0.8797 0.189293 -0.0779522 -0.0739901 1.638 0.71 3.21143e-322 0 9.31119e+242 1.1757e+214 
 1.739 2.193 0.953638 9.41195e-321 1.55716e+142 1.7115 2.1614 0.8797 0.180869 -0.0148657 -0.0147932 1.763 0.826 3.21143e-322 0 9.31119e+242 1.1757e+214 
 1.764 2.202 0.949652 9.41195e-321 1.55716e+142 1.7271 2.1803 0.8783 0.180681 0.0487272 0.0485054 1.692 0.784 3.21143e-322 0 9.31119e+242 1.1757e+214 
 1.765 2.232 0.947863 9.41195e-321 1.55716e+142 1.7376 2.1929 0.8773 0.172695 -0.0772388 -0.0803328 1.561 0.666 3.21143e-322 0 9.31119e+242 1.1757e+214 
 1.758 2.25 0.947446 9.41195e-321 1.55716e+142 1.7532 2.2117 0.8758 0.180842 -0.184633 -0.181745 1.607 0.664 3.21143e-322 0 9.31119e+242 1.1757e+214 
 1.761 2.268 0.941314 9.41195e-321 1.55716e+142 1.7689 2.2305 0.8743 0.18582 -0.237634 -0.226249 1.606 0.669 3.21143e-322 0 9.31119e+242 1.1757e+214 
 1.781 2.279 0.92473 9.41195e-321 1.55716e+142 1.7741 2.2367 0.8738 0.178537 -0.172039 -0.17174 1.58 0.672 3.21143e-322 0 9.31119e+242 1.1757e+214 
 1.807 2.298 0.899576 9.41195e-321 1.55716e+142 1.7845 2.2491 0.8728 0.170435 -0.10112 -0.106391 1.647 0.718 3.21143e-322 0 9.31119e+242 1.1757e+214 
 1.819 2.306 0.884222 9.41195e-321 1.55716e+142 1.8001 2.2677 0.8712 0.176104 -0.0700909 -0.0715196 1.59 0.637 3.21143e-322 0 9.31119e+242 1.1757e+214 
 1.82 2.321 0.874284 9.41195e-321 1.55716e+142 1.8156 2.2862 0.8696 0.183317 -0.114637 -0.112091 1.597 0.662 3.21143e-322 0 9.31119e+242 1.1757e+214 
 1.838 2.35 0.866651 9.41195e-321 1.55716e+142 1.826 2.2984 0.8685 0.173369 -0.138701 -0.143023 1.684 0.732 3.21143e-322 0 9.31119e+242 1.1757e+214 
 1.862 2.367 0.854529 9.41195e-321 1.55716e+142 1.8364 2.3107 0.8674 0.165592 -0.0916619 -0.0993095 1.579 0.616 3.21143e-322 0 9.31119e+242 1.1757e+214 
 1.873 2.368 0.840352 9.41195e-321 1.55716e+142 1.857 2.335 0.8652 0.179672 -0.0298815 -0.0299272 1.642 0.681 3.21143e-322 0 9.31119e+242 1.1757e+214 
 1.896 2.359 0.833048 9.41195e-321 1.55716e+142 1.8725 2.3531 0.8634 0.188384 0.113868 0.108375 1.555 0.628 3.21143e-322 0 9.31119e+242 1.1757e+214 
 1.904 2.363 0.829521 9.41195e-321 1.55716e+142 1.8776 2.3591 0.8628 0.18814 0.137494 0.130794 1.591 0.646 3.21143e-322 0 9.31119e+242 1.1757e+214 
 1.918 2.396 0.831659 9.41195e-321 1.55716e+142 1.8828 2.3651 0.8622 0.172901 0.0670745 0.0697152 1.572 0.672 3.21143e-322 0 9.31119e+242 1.1757e+214 
 1.936 2.405 0.833471 9.41195e-321 1.55716e+142 1.893 2.3771 0.861 0.171156 0.11087 0.116074 1.577 0.641 3.21143e-322 0 9.31119e+242 1.1757e+214 
 1.936 2.404 0.835764 9.41195e-321 1.55716e+142 1.9136 2.4009 0.8585 0.190017 0.111147 0.104901 1.593 0.615 3.21143e-322 0 9.31119e+242 1.1757e+214 
 1.947 2.417 0.84 9.41195e-321 1.55716e+142 1.9238 2.4128 0.8573 0.189275 0.104769 0.0993074 1.584 0.629 3.21143e-322 0 9.31119e+242 1.1757e+214 
 1.956 2.428 0.844284 9.41195e-321 1.55716e+142 1.9238 2.4128 0.8573 0.18106 0.0984851 0.0975975 1.552 0.687 3.21143e-322 0 9.31119e+242 1.1757e+214 
 1.982 2.441 0.849718 9.41195e-321 1.55716e+142 1.934 2.4246 0.856 0.17464 0.159066 0.162503 1.553 0.696 3.21143e-322 0 9.31119e+242 1.1757e+214 
 1.998 2.477 0.85606 9.41195e-321 1.55716e+142 1.9442 2.4363 0.8546 0.161577 0.0842544 0.0935872 1.559 0.705 3.21143e-322 0 9.31119e+242 1.1757e+214 
 2.001 2.481 0.867828 9.41195e-321 1.55716e+142 1.9646 2.4597 0.852 0.176903 0.0665404 0.0676021 1.577 0.736 3.21143e-322 0 9.31119e+242 1.1757e+214 
 2.015 2.485 0.874686 9.41195e-321 1.55716e+142 1.9899 2.4885 0.8485 0.192305 0.0972466 0.0907738 1.567 0.751 3.21143e-322 0 9.31119e+242 1.1757e+214 
 2.011 2.502 0.881919 9.41195e-321 1.55716e+142 1.9899 2.4885 0.8485 0.185995 0.00878118 0.00849794 1.55 0.736 3.21143e-322 0 9.31119e+242 1.1757e+214 
 2.024 2.54 0.891763 9.41195e-321 1.55716e+142 2 2.5 0 0.0990011 -0.920794 -0.523599 1.561 0.725 3.21143e-322 0 9.31119e+242 1.1757e+214 
 2.029 2.566 0.8885 9.41195e-321 1.55716e+142 2.005 2.5057 0.8463 0.16386 -0.165916 -0.18028 1.579 0.743 3.21143e-322 0 9.31119e+242 1.1757e+214 
 2.059 2.569 0.852245 9.41195e-321 1.55716e+142 2.0302 2.5341 0.8426 0.173631 -0.0182648 -0.0189326 1.601 0.789 3.21143e-322 0 9.31119e+242 1.1757e+214 
 2.068 2.557 0.843023 9.41195e-321 1.55716e+142 2.0452 2.5509 0.8403 0.188603 0.0734364 0.0699721 1.594 0.773 3.21143e-322 0 9.31119e+242 1.1757e+214 
 2.065 2.562 0.841992 9.41195e-321 1.55716e+142 2.0602 2.5676 0.838 0.200704 0.0381202 0.0341745 1.59 0.818 3.21143e-322 0 9.31119e+242 1.1757e+214 
 2.055 2.579 0.843388 9.41195e-321 1.55716e+142 2.0602 2.5676 0.838 0.197185 -0.0718221 -0.0654689 1.585 0.812 3.21143e-322 0 9.31119e+242 1.1757e+214 
 2.09 2.601 0.843191 9.41195e-321 1.55716e+142 2.0602 2.5676 0.838 0.173911 -0.00519969 -0.0053817 1.595 0.832 3.21143e-322 0 9.31119e+242 1.1757e+214 
 2.092 2.614 0.840029 9.41195e-321 1.55716e+142 2.0652 2.5732 0.8372 0.171904 -0.0465228 -0.0486754 1.603 0.864 3.21143e-322 0 9.31119e+242 1.1757e+214 
 2.113 2.621 0.839099 9.41195e-321 1.55716e+142 2.0901 2.6007 0.8332 0.182309 0.0143898 0.0142066 1.579 0.865 3.21143e-322 0 9.31119e+242 1.1757e+214 
 2.133 2.65 0.836477 9.41195e-321 1.55716e+142 2.1001 2.6116 0.8315 0.170488 -0.0133301 -0.0140729 1.57 0.844 3.21143e-322 0 9.31119e+242 1.1757e+214 
 2.151 2.672 0.836245 9.41195e-321 1.55716e+142 2.11 2.6225 0.8298 0.162477 -0.0240136 -0.0265972 1.571 0.82 3.21143e-322 0 9.31119e+242 1.1757e+214 
 2.135 2.672 0.834713 9.41195e-321 1.55716e+142 2.1347 2.6494 0.8256 0.190207 -0.0975335 -0.0920388 1.557 0.845 3.21143e-322 0 9.31119e+242 1.1757e+214 
 2.138 2.686 0.832781 9.41195e-321 1.55716e+142 2.1543 2.6706 0.8221 0.199972 -0.140567 -0.125859 1.563 0.858 3.21143e-322 0 9.31119e+242 1.1757e+214 
 2.15 2.709 0.826048 9.41195e-321 1.55716e+142 2.1445 2.66 0.8238 0.177102 -0.176544 -0.177543 1.562 0.876 3.21143e-322 0 9.31119e+242 1.1757e+214 
 2.175 2.73 0.813535 9.41195e-321 1.55716e+142 2.1543 2.6706 0.8221 0.166692 -0.14645 -0.156843 1.546 0.886 3.21143e-322 0 9.31119e+242 1.1757e+214 
 2.199 2.744 0.796231 9.41195e-321 1.55716e+142 2.1739 2.6917 0.8184 0.167954 -0.08766 -0.093672 1.558 0.911 3.21143e-322 0 9.31119e+242 1.1757e+214 
 2.214 2.756 0.781987 9.41195e-321 1.55716e+142 2.1935 2.7125 0.8147 0.173551 -0.0615223 -0.0637219 1.547 0.934 3.21143e-322 0 9.31119e+242 1.1757e+214 
 2.213 2.778 0.773288 9.41195e-321 1.55716e+142 2.213 2.7331 0.8109 0.181833 -0.147891 -0.145367 1.519 0.95 3.21143e-322 0 9.31119e+242 1.1757e+214 
 2.215 2.798 0.765777 9.41195e-321 1.55716e+142 2.2227 2.7433 0.809 0.181498 -0.216058 -0.211082 1.527 0.937 3.21143e-322 0 9.31119e+242 1.1757e+214 
 2.244 2.81 0.749094 9.41195e-321 1.55716e+142 2.2372 2.7585 0.806 0.176539 -0.133254 -0.135039 1.56 0.937 3.21143e-322 0 9.31119e+242 1.1757e+214 
 2.246 2.819 0.72662 9.41195e-321 1.55716e+142 2.2469 2.7686 0.804 0.180553 -0.139718 -0.138399 1.532 0.956 3.21143e-322 0 9.31119e+242 1.1757e+214 
 2.266 2.82 0.713876 9.41195e-321 1.55716e+142 2.2662 2.7886 0.7999 0.187402 -0.0436712 -0.0419218 1.558 0.96 3.21143e-322 0 9.31119e+242 1.1757e+214 
 2.289 2.82 0.700787 9.41195e-321 1.55716e+142 2.271 2.7935 0.7989 0.18098 0.059108 0.0587202 1.531 0.976 3.21143e-322 0 9.31119e+242 1.1757e+214 
 2.318 2.843 0.696663 9.41195e-321 1.55716e+142 2.2806 2.8034 0.7968 0.167342 0.0749637 0.0804602 1.561 0.97 3.21143e-322 0 9.31119e+242 1.1757e+214 
 2.321 2.866 0.697525 9.41195e-321 1.55716e+142 2.295 2.8181 0.7936 0.16945 -0.0120455 -0.0127947 1.587 0.957 3.21143e-322 0 9.31119e+242 1.1757e+214 
 2.332 2.869 0.6984 9.41195e-321 1.55716e+142 2.319 2.8423 0.7882 0.183316 0.0294205 0.0288804 1.573 0.969 3.21143e-322 0 9.31119e+242 1.1757e+214 
 2.351 2.879 0.697855 9.41195e-321 1.55716e+142 2.3333 2.8567 0.7848 0.182918 0.0639542 0.0628511 1.557 0.998 3.21143e-322 0 9.31119e+242 1.1757e+214 
 2.349 2.901 0.698478 9.41195e-321 1.55716e+142 2.338 2.8614 0.7837 0.179523 -0.0422841 -0.0423711 1.531 1.043 3.21143e-322 0 9.31119e+242 1.1757e+214 
 2.358 2.918 0.699268 9.41195e-321 1.55716e+142 2.3523 2.8756 0.7802 0.180982 -0.0795996 -0.0790031 1.538 1.063 3.21143e-322 0 9.31119e+242 1.1757e+214 
 2.372 2.921 0.698081 9.41195e-321 1.55716e+142 2.3618 2.885 0.7779 0.181313 -0.0348674 -0.0346011 1.536 1.06 3.21143e-322 0 9.31119e+242 1.1757e+214 
 2.387 2.935 0.696343 9.41195e-321 1.55716e+142 2.376 2.899 0.7743 0.181 -0.0343 -0.0340973 1.496 1.053 3.21143e-322 0 9.31119e+242 1.1757e+214 
 2.394 2.955 0.69419 9.41195e-321 1.55716e+142 2.3855 2.9082 0.7719 0.178243 -0.094251 -0.094894 1.496 1.043 3.21143e-322 0 9.31119e+242 1.1757e+214 
 2.406 2.966 0.691713 9.41195e-321 1.55716e+142 2.3996 2.9219 0.7683 0.180249 -0.0912001 -0.0908234 1.499 1.069 3.21143e-322 0 9.31119e+242 1.1757e+214 
 2.424 2.965 0.685881 9.41195e-321 1.55716e+142 2.4137 2.9356 0.7645 0.183841 -0.00756947 -0.0074112 1.428 1.111 3.21143e-322 0 9.31119e+242 1.1757e+214 
 2.429 2.979 0.679342 9.41195e-321 1.55716e+142 2.4231 2.9446 0.762 0.184056 -0.0433036 -0.042324 1.474 1.114 3.21143e-322 0 9.31119e+242 1.1757e+214 
 2.446 2.989 0.676958 9.41195e-321 1.55716e+142 2.4325 2.9535 0.7594 0.180187 -0.0213718 -0.0213463 1.42 1.132 3.21143e-322 0 9.31119e+242 1.1757e+214 
 2.472 3.002 0.672818 9.41195e-321 1.55716e+142 2.4419 2.9624 0.7569 0.171078 0.0215651 0.0226859 1.42 1.098 3.21143e-322 0 9.31119e+242 1.1757e+214 
 2.488 3.01 0.670015 9.41195e-321 1.55716e+142 2.4559 2.9756 0.7529 0.172084 0.0514871 0.0538036 1.414 1.107 3.21143e-322 0 9.31119e+242 1.1757e+214 
 2.493 3.021 0.669872 9.41195e-321 1.55716e+142 2.4792 2.9973 0.7462 0.18447 0.0266238 0.0259727 1.437 1.155 3.21143e-322 0 9.31119e+242 1.1757e+214 
 2.524 3.042 0.670815 9.41195e-321 1.55716e+142 2.4885 3.0059 0.7434 0.170071 0.0447593 0.0473371 1.399 1.154 3.21143e-322 0 9.31119e+242 1.1757e+214 
 2.541 3.05 0.671333 9.41195e-321 1.55716e+142 2.4978 3.0145 0.7406 0.166822 0.0730531 0.0786615 1.416 1.155 3.21143e-322 0 9.31119e+242 1.1757e+214 
 2.576 3.056 0.672105 9.41195e-321 1.55716e+142 2.5256 3.0397 0.732 0.17085 0.180232 0.18765 1.421 1.2 3.21143e-322 0 9.31119e+242 1.1757e+214 
 2.584 3.074 0.673053 9.41195e-321 1.55716e+142 2.5395 3.0521 0.7276 0.171453 0.125846 0.131358 1.405 1.195 3.21143e-322 0 9.31119e+242 1.1757e+214 
 2.607 3.077 0.675342 9.41195e-321 1.55716e+142 2.5625 3.0725 0.7201 0.178137 0.195461 0.194996 1.38 1.234 3.21143e-322 0 9.31119e+242 1.1757e+214 
 2.614 3.08 0.678919 9.41195e-321 1.55716e+142 2.5763 3.0845 0.7155 0.1847 0.20141 0.193821 1.374 1.242 3.21143e-322 0 9.31119e+242 1.1757e+214 
 2.609 3.108 0.690188 9.41195e-321 1.55716e+142 2.59 3.0964 0.7108 0.187079 0.0416976 0.0400982 1.339 1.263 3.21143e-322 0 9.31119e+242 1.1757e+214 
 2.616 3.131 0.707631 9.41195e-321 1.55716e+142 2.5946 3.1004 0.7092 0.17889 -0.0539525 -0.0542341 1.337 1.276 3.21143e-322 0 9.31119e+242 1.1757e+214 
 2.621 3.153 0.711103 9.41195e-321 1.55716e+142 2.6083 3.1121 0.7044 0.178958 -0.142811 -0.142667 1.327 1.276 3.21143e-322 0 9.31119e+242 1.1757e+214 
 2.643 3.166 0.709284 9.41195e-321 1.55716e+142 2.622 3.1237 0.6995 0.174699 -0.121609 -0.124649 1.299 1.258 3.21143e-322 0 9.31119e+242 1.1757e+214 
 2.664 3.177 0.707399 9.41195e-321 1.55716e+142 2.6357 3.1352 0.6945 0.171598 -0.0953144 -0.0996501 1.265 1.297 3.21143e-322 0 9.31119e+242 1.1757e+214 
 2.666 3.184 0.705013 9.41195e-321 1.55716e+142 2.6538 3.1502 0.6877 0.181866 -0.125325 -0.123409 1.27 1.326 3.21143e-322 0 9.31119e+242 1.1757e+214 
 2.682 3.21 0.70325 9.41195e-321 1.55716e+142 2.672 3.165 0.6807 0.178799 -0.191348 -0.190302 1.242 1.338 3.21143e-322 0 9.31119e+242 1.1757e+214 
 2.696 3.208 0.699586 9.41195e-321 1.55716e+142 2.6765 3.1687 0.6789 0.176572 -0.128164 -0.129916 1.224 1.343 3.21143e-322 0 9.31119e+242 1.1757e+214 
 2.711 3.22 0.691059 9.41195e-321 1.55716e+142 2.6991 3.1868 0.6699 0.182364 -0.130521 -0.128124 1.256 1.331 3.21143e-322 0 9.31119e+242 1.1757e+214 
 2.738 3.225 0.679369 9.41195e-321 1.55716e+142 2.7081 3.1939 0.6663 0.174969 -0.0472536 -0.0485741 1.215 1.329 3.21143e-322 0 9.31119e+242 1.1757e+214 
 2.748 3.234 0.66794 9.41195e-321 1.55716e+142 2.7216 3.2045 0.6607 0.17721 -0.048909 -0.0496383 1.192 1.342 3.21143e-322 0 9.31119e+242 1.1757e+214 
 2.763 3.257 0.662891 9.41195e-321 1.55716e+142 2.7396 3.2184 0.6531 0.175419 -0.107144 -0.109503 1.188 1.375 3.21143e-322 0 9.31119e+242 1.1757e+214 
 2.784 3.275 0.656214 9.41195e-321 1.55716e+142 2.753 3.2286 0.6473 0.169203 -0.118116 -0.124998 1.15 1.357 3.21143e-322 0 9.31119e+242 1.1757e+214 
 2.8 3.286 0.645971 9.41195e-321 1.55716e+142 2.7709 3.2421 0.6393 0.171075 -0.113386 -0.11874 1.146 1.392 3.21143e-322 0 9.31119e+242 1.1757e+214 
 2.813 3.286 0.633494 9.41195e-321 1.55716e+142 2.7933 3.2585 0.6292 0.181237 -0.0672454 -0.0666874 1.118 1.378 3.21143e-322 0 9.31119e+242 1.1757e+214 
 2.81 3.298 0.622533 9.41195e-321 1.55716e+142 2.8111 3.2714 0.6209 0.191633 -0.131649 -0.123033 1.108 1.379 3.21143e-322 0 9.31119e+242 1.1757e+214 
 2.82 3.311 0.613648 9.41195e-321 1.55716e+142 2.82 3.2778 0.6166 0.18908 -0.155671 -0.147125 1.105 1.372 3.21143e-322 0 9.31119e+242 1.1757e+214 
 2.852 3.295 0.599868 9.41195e-321 1.55716e+142 2.8244 3.2809 0.6145 0.182011 0.0398948 0.0394336 1.106 1.398 3.21143e-322 0 9.31119e+242 1.1757e+214 
 2.879 3.302 0.588093 9.41195e-321 1.55716e+142 2.8377 3.2903 0.608 0.176152 0.101436 0.103283 1.129 1.39 3.21143e-322 0 9.31119e+242 1.1757e+214 
 2.906 3.329 0.588962 9.41195e-321 1.55716e+142 2.851 3.2995 0.6014 0.163676 0.0509098 0.0559289 1.102 1.389 3.21143e-322 0 9.31119e+242 1.1757e+214 
 2.933 3.337 0.590985 9.41195e-321 1.55716e+142 2.8731 3.3145 0.5901 0.16366 0.0886086 0.0971485 1.097 1.387 3.21143e-322 0 9.31119e+242 1.1757e+214 
 2.934 3.356 0.591916 9.41195e-321 1.55716e+142 2.904 3.3349 0.5739 0.178525 -0.0249495 -0.0251503 1.086 1.369 3.21143e-322 0 9.31119e+242 1.1757e+214 
 2.952 3.353 0.593633 9.41195e-321 1.55716e+142 2.926 3.3489 0.5619 0.185975 0.0300614 0.0290874 1.077 1.389 3.21143e-322 0 9.31119e+242 1.1757e+214 
 2.953 3.379 0.593047 9.41195e-321 1.55716e+142 2.9347 3.3544 0.557 0.183019 -0.100828 -0.0988417 1.087 1.404 3.21143e-322 0 9.31119e+242 1.1757e+214 
 2.975 3.384 0.59359 9.41195e-321 1.55716e+142 2.9479 3.3626 0.5495 0.179679 -0.0651101 -0.0651343 1.062 1.41 3.21143e-322 0 9.31119e+242 1.1757e+214 
 2.982 3.391 0.592338 9.41195e-321 1.55716e+142 2.961 3.3706 0.5419 0.182925 -0.0875727 -0.0859602 1.035 1.435 3.21143e-322 0 9.31119e+242 1.1757e+214 
 2.998 3.415 0.589384 9.41195e-321 1.55716e+142 2.9785 3.381 0.5317 0.179318 -0.168806 -0.167854 1.044 1.396 3.21143e-322 0 9.31119e+242 1.1757e+214 
 3.013 3.429 0.583984 9.41195e-321 1.55716e+142 2.9916 3.3887 0.5238 0.17647 -0.198442 -0.199713 1.047 1.418 3.21143e-322 0 9.31119e+242 1.1757e+214 
 3.035 3.433 0.56985 9.41195e-321 1.55716e+142 3.009 3.3987 0.5131 0.176194 -0.153027 -0.155077 1.053 1.45 3.21143e-322 0 9.31119e+242 1.1757e+214 
 3.043 3.445 0.549809 9.41195e-321 1.55716e+142 3.0265 3.4084 0.5023 0.180626 -0.187689 -0.184903 1.043 1.466 3.21143e-322 0 9.31119e+242 1.1757e+214 
 3.054 3.45 0.535313 9.41195e-321 1.55716e+142 3.0438 3.4178 0.4911 0.185323 -0.182257 -0.175207 0.998 1.454 3.21143e-322 0 9.31119e+242 1.1757e+214 
 3.084 3.459 0.515221 9.41195e-321 1.55716e+142 3.0525 3.4225 0.4855 0.173496 -0.13129 -0.135378 1.007 1.486 3.21143e-322 0 9.31119e+242 1.1757e+214 
 3.099 3.458 0.495792 9.41195e-321 1.55716e+142 3.0655 3.4293 0.4769 0.174793 -0.0772515 -0.0793857 1.011 1.513 3.21143e-322 0 9.31119e+242 1.1757e+214 
 3.098 3.476 0.484213 9.41195e-321 1.55716e+142 3.0915 3.4425 0.4594 0.187758 -0.184096 -0.17469 0.992 1.512 3.21143e-322 0 9.31119e+242 1.1757e+214 
 3.124 3.487 0.476268 9.41195e-321 1.55716e+142 3.1045 3.4488 0.4504 0.179832 -0.177917 -0.176236 0.953 1.528 3.21143e-322 0 9.31119e+242 1.1757e+214 
 3.139 3.487 0.456114 9.41195e-321 1.55716e+142 3.1088 3.4509 0.4474 0.174985 -0.124457 -0.127331 0.925 1.522 3.21143e-322 0 9.31119e+242 1.1757e+214 
 3.158 3.499 0.438486 9.41195e-321 1.55716e+142 3.1347 3.4631 0.429 0.178944 -0.145435 -0.145263 0.92 1.491 3.21143e-322 0 9.31119e+242 1.1757e+214 
 3.187 3.516 0.426154 9.41195e-321 1.55716e+142 3.1476 3.469 0.4196 0.167928 -0.167989 -0.178157 0.924 1.517 3.21143e-322 0 9.31119e+242 1.1757e+214 
 3.212 3.522 0.410824 9.41195e-321 1.55716e+142 3.1691 3.4784 0.4037 0.167018 -0.146656 -0.156758 0.938 1.537 3.21143e-322 0 9.31119e+242 1.1757e+214 
 3.231 3.505 0.393632 9.41195e-321 1.55716e+142 3.1992 3.4909 0.3808 0.179648 -0.0193929 -0.0194285 0.931 1.52 3.21143e-322 0 9.31119e+242 1.1757e+214 
 3.243 3.509 0.380354 9.41195e-321 1.55716e+142 3.2206 3.4993 0.364 0.185705 -0.02245 -0.0217569 0.93 1.529 3.21143e-322 0 9.31119e+242 1.1757e+214 
 3.253 3.523 0.377072 9.41195e-321 1.55716e+142 3.2335 3.5042 0.3537 0.185351 -0.087049 -0.0843356 0.914 1.545 3.21143e-322 0 9.31119e+242 1.1757e+214 
 3.274 3.526 0.372092 9.41195e-321 1.55716e+142 3.2421 3.5073 0.3468 0.178605 -0.0633032 -0.0637113 0.888 1.568 3.21143e-322 0 9.31119e+242 1.1757e+214 
 3.288 3.532 0.364185 9.41195e-321 1.55716e+142 3.2549 3.5119 0.3363 0.17768 -0.0732849 -0.0741059 0.897 1.596 3.21143e-322 0 9.31119e+242 1.1757e+214 
 3.308 3.533 0.357529 9.41195e-321 1.55716e+142 3.2763 3.5192 0.3186 0.179664 -0.054838 -0.0548853 0.902 1.573 3.21143e-322 0 9.31119e+242 1.1757e+214 
 3.318 3.531 0.350566 9.41195e-321 1.55716e+142 3.2891 3.5234 0.3078 0.182412 -0.0316182 -0.03119 0.9 1.581 3.21143e-322 0 9.31119e+242 1.1757e+214 
 3.341 3.553 0.345002 9.41195e-321 1.55716e+142 3.3104 3.53 0.2895 0.178393 -0.13003 -0.130456 0.921 1.588 3.21143e-322 0 9.31119e+242 1.1757e+214 
 3.355 3.561 0.33986 9.41195e-321 1.55716e+142 3.3189 3.5325 0.2821 0.174348 -0.154389 -0.158064 0.904 1.618 3.21143e-322 0 9.31119e+242 1.1757e+214 
 3.36 3.564 0.328084 9.41195e-321 1.55716e+142 3.3445 3.5397 0.2596 0.186576 -0.182757 -0.174522 0.904 1.636 3.21143e-322 0 9.31119e+242 1.1757e+214 
 3.392 3.579 0.314031 9.41195e-321 1.55716e+142 3.3615 3.5441 0.2443 0.176569 -0.220771 -0.221372 0.911 1.635 3.21143e-322 0 9.31119e+242 1.1757e+214 
 3.408 3.592 0.291919 9.41195e-321 1.55716e+142 3.3658 3.5451 0.2405 0.168724 -0.256272 -0.266877 0.895 1.616 3.21143e-322 0 9.31119e+242 1.1757e+214 
 3.42 3.589 0.268438 9.41195e-321 1.55716e+142 3.3956 3.5521 0.2132 0.180636 -0.234951 -0.229981 0.895 1.603 3.21143e-322 0 9.31119e+242 1.1757e+214 
 3.427 3.591 0.244977 9.41195e-321 1.55716e+142 3.4168 3.5565 0.1934 0.189514 -0.23895 -0.223174 0.877 1.635 3.21143e-322 0 9.31119e+242 1.1757e+214 
 3.447 3.608 0.220593 9.41195e-321 1.55716e+142 3.4253 3.5582 0.1854 0.18193 -0.298684 -0.287338 0.862 1.684 3.21143e-322 0 9.31119e+242 1.1757e+214 
 3.473 3.615 0.194893 9.41195e-321 1.55716e+142 3.4338 3.5597 0.1774 0.172076 -0.299664 -0.303762 0.851 1.712 3.21143e-322 0 9.31119e+242 1.1757e+214 
 3.488 3.628 0.163453 9.41195e-321 1.55716e+142 3.4551 3.5634 0.1571 0.176138 -0.354257 -0.347347 0.856 1.731 3.21143e-322 0 9.31119e+242 1.1757e+214 
 3.496 3.627 0.131903 9.41195e-321 1.55716e+142 3.4805 3.5671 0.1324 0.18759 -0.33427 -0.310379 0.868 1.731 3.21143e-322 0 9.31119e+242 1.1757e+214 
 3.523 3.625 0.0949482 9.41195e-321 1.55716e+142 3.4932 3.5688 0.12 0.180407 -0.285989 -0.277957 0.895 1.707 3.21143e-322 0 9.31119e+242 1.1757e+214 
 3.527 3.621 0.0604203 9.41195e-321 1.55716e+142 3.5017 3.5698 0.1116 0.183875 -0.234347 -0.225507 0.904 1.715 3.21143e-322 0 9.31119e+242 1.1757e+214 
 3.559 3.611 0.0308203 9.41195e-321 1.55716e+142 3.5272 3.5724 0.0864 0.180777 -0.160349 -0.158323 0.889 1.735 3.21143e-322 0 9.31119e+242 1.1757e+214 
 3.584 3.606 0.00781023 9.41195e-321 1.55716e+142 3.5314 3.5727 0.0822 0.168764 -0.114394 -0.12141 0.868 1.765 3.21143e-322 0 9.31119e+242 1.1757e+214 
 3.609 3.63 -0.00834436 9.41195e-321 1.55716e+142 3.5611 3.5748 0.0525 0.172786 -0.263741 -0.268136 0.889 1.789 3.21143e-322 0 9.31119e+242 1.1757e+214 
 3.61 3.649 -0.0219819 9.41195e-321 1.55716e+142 3.5865 3.5759 0.0268 0.188649 -0.37259 -0.341573 0.901 1.78 3.21143e-322 0 9.31119e+242 1.1757e+214 
 3.627 3.647 -0.0520752 9.41195e-321 1.55716e+142 3.612 3.5763 0.0009 0.194655 -0.351384 -0.314168 0.867 1.804 3.21143e-322 0 9.31119e+242 1.1757e+214 
 3.646 3.633 -0.0912506 9.41195e-321 1.55716e+142 3.612 3.5763 0.0009 0.18327 -0.246643 -0.237664 0.879 1.829 3.21143e-322 0 9.31119e+242 1.1757e+214 
 3.664 3.643 -0.126493 9.41195e-321 1.55716e+142 3.6289 3.5762 -0.0164 0.184606 -0.289967 -0.27554 0.892 1.82 3.21143e-322 0 9.31119e+242 1.1757e+214 
 3.68 3.623 -0.151566 9.41195e-321 1.55716e+142 3.6459 3.5758 -0.0337 0.183608 -0.172595 -0.167616 0.886 1.78 3.21143e-322 0 9.31119e+242 1.1757e+214 
 3.688 3.631 -0.181114 9.41195e-321 1.55716e+142 3.6629 3.5751 -0.051 0.190482 -0.200322 -0.187085 0.899 1.805 3.21143e-322 0 9.31119e+242 1.1757e+214 
 3.701 3.639 -0.199094 9.41195e-321 1.55716e+142 3.6756 3.5744 -0.0641 0.192107 -0.244444 -0.225155 0.871 1.834 3.21143e-322 0 9.31119e+242 1.1757e+214 
 3.706 3.631 -0.219916 9.41195e-321 1.55716e+142 3.6841 3.5738 -0.0727 0.193316 -0.186183 -0.171653 0.863 1.861 3.21143e-322 0 9.31119e+242 1.1757e+214 
 3.739 3.643 -0.245404 9.41195e-321 1.55716e+142 3.6968 3.5728 -0.0858 0.184815 -0.27823 -0.264626 0.868 1.862 3.21143e-322 0 9.31119e+242 1.1757e+214 
 3.749 3.631 -0.264736 9.41195e-321 1.55716e+142 3.7011 3.5725 -0.0901 0.179748 -0.210696 -0.207942 0.899 1.877 3.21143e-322 0 9.31119e+242 1.1757e+214 
 3.774 3.634 -0.293921 9.41195e-321 1.55716e+142 3.7308 3.5694 -0.1204 0.184838 -0.239882 -0.229488 0.914 1.867 3.21143e-322 0 9.31119e+242 1.1757e+214 
 3.796 3.623 -0.314815 9.41195e-321 1.55716e+142 3.7393 3.5684 -0.129 0.175761 -0.203057 -0.205031 0.917 1.857 3.21143e-322 0 9.31119e+242 1.1757e+214 
 3.8 3.607 -0.339703 9.41195e-321 1.55716e+142 3.7648 3.5648 -0.1548 0.18569 -0.0953708 -0.0921864 0.902 1.866 3.21143e-322 0 9.31119e+242 1.1757e+214 
 3.819 3.61 -0.359882 9.41195e-321 1.55716e+142 3.7861 3.5613 -0.1762 0.189089 -0.12802 -0.121268 0.881 1.89 3.21143e-322 0 9.31119e+242 1.1757e+214 
 3.877 3.615 -0.369349 9.41195e-321 1.55716e+142 3.7903 3.5605 -0.1805 0.162061 -0.281117 -0.302644 0.848 1.949 3.21143e-322 0 9.31119e+242 1.1757e+214 
 3.915 3.608 -0.382468 9.41195e-321 1.55716e+142 3.8074 3.5573 -0.1975 0.150973 -0.321796 -0.366346 0.853 1.977 3.21143e-322 0 9.31119e+242 1.1757e+214 
 3.927 3.598 -0.413415 9.41195e-321 1.55716e+142 3.8585 3.5458 -0.2478 0.174031 -0.260573 -0.263256 0.875 1.983 3.21143e-322 0 9.31119e+242 1.1757e+214 
 3.928 3.588 -0.44682 9.41195e-321 1.55716e+142 3.897 3.5354 -0.2848 0.194945 -0.170319 -0.155984 0.875 2.008 3.21143e-322 0 9.31119e+242 1.1757e+214 
 3.944 3.584 -0.472255 9.41195e-321 1.55716e+142 3.9056 3.5329 -0.2929 0.191008 -0.165213 -0.154451 0.916 2.005 3.21143e-322 0 9.31119e+242 1.1757e+214 
 3.964 3.557 -0.488879 9.41195e-321 1.55716e+142 3.9098 3.5316 -0.297 0.175509 -0.0697446 -0.0714077 0.942 1.999 3.21143e-322 0 9.31119e+242 1.1757e+214 
 3.963 3.544 -0.506758 9.41195e-321 1.55716e+142 3.927 3.5262 -0.3131 0.182848 0.0214914 0.0211535 0.935 1.978 3.21143e-322 0 9.31119e+242 1.1757e+214 
 3.966 3.53 -0.513076 9.41195e-321 1.55716e+142 3.9484 3.5191 -0.3329 0.190811 0.0945501 0.0889578 0.893 1.989 3.21143e-322 0 9.31119e+242 1.1757e+214 
 3.981 3.505 -0.513607 9.41195e-321 1.55716e+142 3.9527 3.5176 -0.3369 0.178812 0.180694 0.179928 0.908 2.021 3.21143e-322 0 9.31119e+242 1.1757e+214 
 4.002 3.502 -0.510828 9.41195e-321 1.55716e+142 3.9613 3.5146 -0.3447 0.172799 0.133645 0.138325 0.886 2.09 3.21143e-322 0 9.31119e+242 1.1757e+214 
 4.018 3.492 -0.508314 9.41195e-321 1.55716e+142 3.9828 3.5067 -0.3641 0.175705 0.136729 0.139166 0.898 2.101 3.21143e-322 0 9.31119e+242 1.1757e+214 
 4.038 3.505 -0.505821 9.41195e-321 1.55716e+142 4 3.5 0 0.156385 0.410446 0.441347 0.95 2.07 3.21143e-322 0 9.31119e+242 1.1757e+214 
 4.043 3.494 -0.501295 9.41195e-321 1.55716e+142 4.0172 3.493 -0.3944 0.185871 0.041629 0.0402923 1.006 2.055 3.21143e-322 0 9.31119e+242 1.1757e+214 
 4.058 3.469 -0.473398 9.41195e-321 1.55716e+142 4.0302 3.4876 -0.4054 0.180133 0.0997286 0.0993272 1.006 2.035 3.21143e-322 0 9.31119e+242 1.1757e+214 
 4.085 3.479 -0.471186 9.41195e-321 1.55716e+142 4.0388 3.4839 -0.4127 0.174317 -0.033531 -0.0346104 1.031 2.027 3.21143e-322 0 9.31119e+242 1.1757e+214 
 4.102 3.478 -0.463235 9.41195e-321 1.55716e+142 4.0604 3.4742 -0.4303 0.179247 -0.0938018 -0.0939186 1.046 2.053 3.21143e-322 0 9.31119e+242 1.1757e+214 
 4.12 3.469 -0.463135 9.41195e-321 1.55716e+142 4.0777 3.4662 -0.4441 0.178704 -0.10611 -0.106475 1.029 2.08 3.21143e-322 0 9.31119e+242 1.1757e+214 
 4.132 3.458 -0.465189 9.41195e-321 1.55716e+142 4.0906 3.46 -0.4542 0.177916 -0.0878131 -0.0886088 1.035 2.055 3.21143e-322 0 9.31119e+242 1.1757e+214 
 4.136 3.459 -0.465789 9.41195e-321 1.55716e+142 4.1122 3.4492 -0.4706 0.19028 -0.119132 -0.112222 1.075 2.065 3.21143e-322 0 9.31119e+242 1.1757e+214 
 4.155 3.469 -0.468562 9.41195e-321 1.55716e+142 4.1251 3.4426 -0.4803 0.191882 -0.228812 -0.211435 1.054 2.123 3.21143e-322 0 9.31119e+242 1.1757e+214 
 4.186 3.469 -0.471255 9.41195e-321 1.55716e+142 4.1251 3.4426 -0.4803 0.17626 -0.314903 -0.311139 1.039 2.108 3.21143e-322 0 9.31119e+242 1.1757e+214 
 4.209 3.45 -0.478981 9.41195e-321 1.55716e+142 4.1381 3.4358 -0.4898 0.167813 -0.285629 -0.297293 1.105 2.104 3.21143e-322 0 9.31119e+242 1.1757e+214 
 4.207 3.458 -0.507227 9.41195e-321 1.55716e+142 4.1596 3.4242 -0.5052 0.186363 -0.305669 -0.287078 1.125 2.102 3.21143e-322 0 9.31119e+242 1.1757e+214 
 4.228 3.446 -0.535057 9.41195e-321 1.55716e+142 4.1854 3.4096 -0.5233 0.190375 -0.295418 -0.272376 1.138 2.119 3.21143e-322 0 9.31119e+242 1.1757e+214 
 4.225 3.413 -0.566509 9.41195e-321 1.55716e+142 4.1811 3.4121 -0.5203 0.178545 -0.0928218 -0.0933066 1.109 2.143 3.21143e-322 0 9.31119e+242 1.1757e+214 
 4.236 3.42 -0.592623 9.41195e-321 1.55716e+142 4.2026 3.3996 -0.535 0.190441 -0.143176 -0.134509 1.125 2.16 3.21143e-322 0 9.31119e+242 1.1757e+214 
 4.264 3.409 -0.600822 9.41195e-321 1.55716e+142 4.2112 3.3945 -0.5408 0.179425 -0.180603 -0.179237 1.14 2.184 3.21143e-322 0 9.31119e+242 1.1757e+214 
 4.282 3.374 -0.616073 9.41195e-321 1.55716e+142 4.2198 3.3894 -0.5465 0.164714 -0.0631602 -0.0689126 1.155 2.175 3.21143e-322 0 9.31119e+242 1.1757e+214 
 4.319 3.328 -0.634908 9.41195e-321 1.55716e+142 4.2411 3.3762 -0.5606 0.146032 0.0388223 0.0478162 1.172 2.164 3.21143e-322 0 9.31119e+242 1.1757e+214 
 4.352 3.334 -0.640338 9.41195e-321 1.55716e+142 4.2709 3.3571 -0.5798 0.153741 -0.1156 -0.134527 1.199 2.186 3.21143e-322 0 9.31119e+242 1.1757e+214 
 4.352 3.327 -0.641052 9.41195e-321 1.55716e+142 4.3175 3.3257 -0.6089 0.184303 -0.0918862 -0.089501 1.187 2.213 3.21143e-322 0 9.31119e+242 1.1757e+214 
 4.359 3.304 -0.650676 9.41195e-321 1.55716e+142 4.3385 3.3109 -0.6217 0.187936 -0.00819952 -0.0078531 1.195 2.22 3.21143e-322 0 9.31119e+242 1.1757e+214 
 4.371 3.296 -0.659154 9.41195e-321 1.55716e+142 4.3385 3.3109 -0.6217 0.179502 -0.00615621 -0.00617322 1.221 2.213 3.21143e-322 0 9.31119e+242 1.1757e+214 
 4.388 3.292 -0.662131 9.41195e-321 1.55716e+142 4.3552 3.2989 -0.6318 0.182347 -0.0531465 -0.0524144 1.219 2.215 3.21143e-322 0 9.31119e+242 1.1757e+214 
 4.416 3.284 -0.664511 9.41195e-321 1.55716e+142 4.3677 3.2897 -0.6393 0.175836 -0.122933 -0.125186 1.211 2.235 3.21143e-322 0 9.31119e+242 1.1757e+214 
 4.414 3.286 -0.670598 9.41195e-321 1.55716e+142 4.3802 3.2804 -0.6467 0.186684 -0.122535 -0.117602 1.22 2.26 3.21143e-322 0 9.31119e+242 1.1757e+214 
 4.415 3.277 -0.681573 9.41195e-321 1.55716e+142 4.4008 3.2646 -0.6588 0.198161 -0.0818245 -0.0741889 1.242 2.264 3.21143e-322 0 9.31119e+242 1.1757e+214 
 4.394 3.282 -0.693413 9.41195e-321 1.55716e+142 4.3967 3.2678 -0.6564 0.206391 -0.0113938 -0.00993655 1.24 2.271 3.21143e-322 0 9.31119e+242 1.1757e+214 
 4.403 3.257 -0.702329 9.41195e-321 1.55716e+142 4.4049 3.2614 -0.6613 0.199038 0.0720321 0.0650502 1.249 2.279 3.21143e-322 0 9.31119e+242 1.1757e+214 
 4.433 3.244 -0.704084 9.41195e-321 1.55716e+142 4.3884 3.2741 -0.6516 0.168441 0.0236537 0.0252715 1.253 2.315 3.21143e-322 0 9.31119e+242 1.1757e+214 
 4.471 3.214 -0.702941 9.41195e-321 1.55716e+142 4.4049 3.2614 -0.6613 0.152412 0.00689825 0.0081467 1.253 2.34 3.21143e-322 0 9.31119e+242 1.1757e+214 
 4.472 3.21 -0.702954 9.41195e-321 1.55716e+142 4.4295 3.2421 -0.6756 0.168825 0.0129784 0.0138366 1.272 2.339 3.21143e-322 0 9.31119e+242 1.1757e+214 
 4.47 3.19 -0.70337 9.41195e-321 1.55716e+142 4.47 3.2089 -0.6991 0.192928 0.088735 0.0826004 1.275 2.34 3.21143e-322 0 9.31119e+242 1.1757e+214 
 4.494 3.189 -0.703372 9.41195e-321 1.55716e+142 4.47 3.2089 -0.6991 0.181767 0.00276444 0.00273756 1.284 2.361 3.21143e-322 0 9.31119e+242 1.1757e+214 
 4.513 3.175 -0.701596 9.41195e-321 1.55716e+142 4.478 3.2021 -0.7037 0.174139 -0.0137453 -0.014207 1.294 2.385 3.21143e-322 0 9.31119e+242 1.1757e+214 
 4.537 3.166 -0.701844 9.41195e-321 1.55716e+142 4.494 3.1885 -0.713 0.172339 -0.0763896 -0.0796165 1.309 2.365 3.21143e-322 0 9.31119e+242 1.1757e+214 
 4.564 3.177 -0.701683 9.41195e-321 1.55716e+142 4.5098 3.1747 -0.7221 0.177167 -0.24215 -0.241232 1.337 2.358 3.21143e-322 0 9.31119e+242 1.1757e+214 
 4.57 3.143 -0.704353 9.41195e-321 1.55716e+142 4.5295 3.1572 -0.7335 0.176609 -0.125117 -0.126835 1.325 2.368 3.21143e-322 0 9.31119e+242 1.1757e+214 
 4.58 3.119 -0.716877 9.41195e-321 1.55716e+142 4.5373 3.1502 -0.738 0.169157 -0.0514393 -0.0546819 1.326 2.364 3.21143e-322 0 9.31119e+242 1.1757e+214 
 4.592 3.126 -0.725569 9.41195e-321 1.55716e+142 4.5567 3.1324 -0.7493 0.182175 -0.137222 -0.134762 1.315 2.378 3.21143e-322 0 9.31119e+242 1.1757e+214 
 4.589 3.106 -0.731701 9.41195e-321 1.55716e+142 4.5758 3.1144 -0.7605 0.190899 -0.0472584 -0.0445308 1.314 2.385 3.21143e-322 0 9.31119e+242 1.1757e+214 
 4.595 3.081 -0.744216 9.41195e-321 1.55716e+142 4.5796 3.1108 -0.7627 0.181569 0.0474059 0.0469617 1.35 2.387 3.21143e-322 0 9.31119e+242 1.1757e+214 
 4.65 3.058 -0.749407 9.41195e-321 1.55716e+142 4.5872 3.1035 -0.7672 0.155002 -0.0787744 -0.0912248 1.368 2.403 3.21143e-322 0 9.31119e+242 1.1757e+214 
 4.687 3.027 -0.74978 9.41195e-321 1.55716e+142 4.6023 3.0888 -0.7761 0.139134 -0.108677 -0.139682 1.375 2.395 3.21143e-322 0 9.31119e+242 1.1757e+214 
 4.677 2.977 -0.755728 9.41195e-321 1.55716e+142 4.6431 3.048 -0.8006 0.157108 0.123485 0.140546 1.387 2.444 3.21143e-322 0 9.31119e+242 1.1757e+214 
 4.712 2.939 -0.762696 9.41195e-321 1.55716e+142 4.6755 3.0139 -0.8207 0.154166 0.112254 0.130321 1.386 2.433 3.21143e-322 0 9.31119e+242 1.1757e+214 
 4.742 2.959 -0.758099 9.41195e-321 1.55716e+142 4.6932 2.9947 -0.8319 0.164438 -0.130362 -0.141743 1.397 2.451 3.21143e-322 0 9.31119e+242 1.1757e+214 
 4.758 2.941 -0.757007 9.41195e-321 1.55716e+142 4.7278 2.956 -0.8545 0.18029 -0.168192 -0.16637 1.43 2.445 3.21143e-322 0 9.31119e+242 1.1757e+214 
 4.751 2.945 -0.761548 9.41195e-321 1.55716e+142 4.7312 2.9521 -0.8568 0.18793 -0.156669 -0.148946 1.414 2.482 3.21143e-322 0 9.31119e+242 1.1757e+214 
 4.753 2.963 -0.77233 9.41195e-321 1.55716e+142 4.7479 2.9326 -0.8682 0.209748 -0.247937 -0.209646 1.454 2.487 3.21143e-322 0 9.31119e+242 1.1757e+214 
 4.756 2.952 -0.787314 9.41195e-321 1.55716e+142 4.7446 2.9365 -0.8659 0.201334 -0.195995 -0.173466 1.476 2.509 3.21143e-322 0 9.31119e+242 1.1757e+214 
 4.752 2.902 -0.813029 9.41195e-321 1.55716e+142 4.7345 2.9482 -0.8591 0.1732 0.0623467 0.064704 1.463 2.506 3.21143e-322 0 9.31119e+242 1.1757e+214 
 4.805 2.894 -0.831643 9.41195e-321 1.55716e+142 4.7413 2.9404 -0.8636 0.154879 -0.134093 -0.154599 1.485 2.512 3.21143e-322 0 9.31119e+242 1.1757e+214 
 4.832 2.907 -0.831587 9.41195e-321 1.55716e+142 4.7644 2.9129 -0.8797 0.17152 -0.330368 -0.333734 1.466 2.509 3.21143e-322 0 9.31119e+242 1.1757e+214 
 4.853 2.902 -0.845158 9.41195e-321 1.55716e+142 4.7902 2.8813 -0.8985 0.185955 -0.414618 -0.381661 1.473 2.507 3.21143e-322 0 9.31119e+242 1.1757e+214 
 4.884 2.917 -0.88442 9.41195e-321 1.55716e+142 4.7934 2.8773 -0.9008 0.187686 -0.567113 -0.49814 1.497 2.534 3.21143e-322 0 9.31119e+242 1.1757e+214 
 4.894 2.93 -0.928828 9.41195e-321 1.55716e+142 4.8121 2.8534 -0.9151 0.211303 -0.597539 -0.470835 1.507 2.538 3.21143e-322 0 9.31119e+242 1.1757e+214 
 4.872 2.878 -0.989147 9.41195e-321 1.55716e+142 4.809 2.8574 -0.9127 0.190359 -0.28573 -0.26388 1.524 2.55 3.21143e-322 0 9.31119e+242 1.1757e+214 
 4.865 2.883 -1.05173 9.41195e-321 1.55716e+142 4.8059 2.8614 -0.9103 0.192579 -0.201108 -0.185803 1.538 2.564 3.21143e-322 0 9.31119e+242 1.1757e+214 
 4.865 2.868 -1.08179 9.41195e-321 1.55716e+142 4.8212 2.8414 -0.9224 0.199517 -0.116418 -0.104646 1.532 2.578 3.21143e-322 0 9.31119e+242 1.1757e+214 
 4.88 2.845 -1.10004 9.41195e-321 1.55716e+142 4.8212 2.8414 -0.9224 0.18351 -0.118876 -0.116078 1.551 2.572 3.21143e-322 0 9.31119e+242 1.1757e+214 
 4.884 2.829 -1.11115 9.41195e-321 1.55716e+142 4.8243 2.8374 -0.9248 0.176893 -0.0866515 -0.0879461 1.561 2.589 3.21143e-322 0 9.31119e+242 1.1757e+214 
 4.926 2.821 -1.12341 9.41195e-321 1.55716e+142 4.8392 2.8174 -0.9371 0.177734 -0.261185 -0.258592 1.581 2.588 3.21143e-322 0 9.31119e+242 1.1757e+214 
 4.933 2.796 -1.13678 9.41195e-321 1.55716e+142 4.8567 2.7933 -0.9521 0.180142 -0.20718 -0.204134 1.594 2.587 3.21143e-322 0 9.31119e+242 1.1757e+214 
 4.911 2.784 -1.16525 9.41195e-321 1.55716e+142 4.8653 2.7812 -0.9598 0.186798 -0.0234496 -0.0225924 1.591 2.6 3.21143e-322 0 9.31119e+242 1.1757e+214 
 4.892 2.779 -1.18176 9.41195e-321 1.55716e+142 4.8765 2.7651 -0.9701 0.199467 0.120403 0.108228 1.585 2.598 3.21143e-322 0 9.31119e+242 1.1757e+214 
 4.923 2.777 -1.18431 9.41195e-321 1.55716e+142 4.8792 2.761 -0.9727 0.19463 -0.034758 -0.0321341 1.614 2.609 3.21143e-322 0 9.31119e+242 1.1757e+214 
 4.934 2.749 -1.18299 9.41195e-321 1.55716e+142 4.8765 2.7651 -0.9701 0.174153 -0.0424403 -0.043837 1.639 2.617 3.21143e-322 0 9.31119e+242 1.1757e+214 
 4.929 2.72 -1.18528 9.41195e-321 1.55716e+142 4.8928 2.7409 -0.9859 0.176626 0.0704359 0.0716586 1.647 2.609 3.21143e-322 0 9.31119e+242 1.1757e+214 
 4.926 2.714 -1.18666 9.41195e-321 1.55716e+142 4.9034 2.7247 -0.9966 0.185517 0.112299 0.108531 1.66 2.618 3.21143e-322 0 9.31119e+242 1.1757e+214 
 4.941 2.686 -1.18552 9.41195e-321 1.55716e+142 4.9137 2.7086 -1.0076 0.178482 0.0995605 0.100072 1.67 2.619 3.21143e-322 0 9.31119e+242 1.1757e+214 
 4.907 2.666 -1.18389 9.41195e-321 1.55716e+142 4.9137 2.7086 -1.0076 0.175758 0.330764 0.326615 1.703 2.647 3.21143e-322 0 9.31119e+242 1.1757e+214 
 4.927 2.677 -1.1817 9.41195e-321 1.55716e+142 4.9361 2.6723 -1.0331 0.202444 0.201676 0.177431 1.696 2.641 3.21143e-322 0 9.31119e+242 1.1757e+214 
 4.935 2.661 -1.17153 9.41195e-321 1.55716e+142 4.9288 2.6844 -1.0245 0.183861 0.184592 0.178786 1.726 2.665 3.21143e-322 0 9.31119e+242 1.1757e+214 
 4.982 2.672 -1.15479 9.41195e-321 1.55716e+142 4.9337 2.6763 -1.0302 0.185013 -0.10993 -0.106547 1.725 2.651 3.21143e-322 0 9.31119e+242 1.1757e+214 
 4.992 2.639 -1.13821 9.41195e-321 1.55716e+142 4.9409 2.6642 -1.0389 0.173328 -0.102666 -0.106217 1.729 2.653 3.21143e-322 0 9.31119e+242 1.1757e+214 
 4.999 2.619 -1.14232 9.41195e-321 1.55716e+142 4.9549 2.6401 -1.0568 0.1775 -0.0904832 -0.0915012 1.719 2.665 3.21143e-322 0 9.31119e+242 1.1757e+214 
 5.01 2.602 -1.14333 9.41195e-321 1.55716e+142 4.966 2.62 -1.0722 0.179472 -0.113522 -0.113367 1.747 2.679 3.21143e-322 0 9.31119e+242 1.1757e+214 
 5.027 2.555 -1.14507 9.41195e-321 1.55716e+142 4.9746 2.604 -1.0848 0.16105 -0.0994401 -0.110686 1.746 2.689 3.21143e-322 0 9.31119e+242 1.1757e+214 
 5.039 2.532 -1.1457 9.41195e-321 1.55716e+142 4.9891 2.5761 -1.1078 0.164533 -0.122857 -0.133606 1.757 2.685 3.21143e-322 0 9.31119e+242 1.1757e+214 
 5.058 2.481 -1.14789 9.41195e-321 1.55716e+142 5.0081 2.5364 -1.1424 0.158664 -0.133468 -0.150275 1.754 2.692 3.21143e-322 0 9.31119e+242 1.1757e+214 
 5.061 2.466 -1.15263 9.41195e-321 1.55716e+142 5.0152 2.5206 -1.157 0.160095 -0.125576 -0.140262 1.763 2.705 3.21143e-322 0 9.31119e+242 1.1757e+214 
 5.054 2.46 -1.16008 9.41195e-321 1.55716e+142 5.0361 2.4699 -1.2075 0.190386 -0.125945 -0.118516 1.765 2.713 3.21143e-322 0 9.31119e+242 1.1757e+214 
 5.065 2.441 -1.17129 9.41195e-321 1.55716e+142 5.0405 2.4583 -1.2199 0.185016 -0.148105 -0.143105 1.789 2.708 3.21143e-322 0 9.31119e+242 1.1757e+214 
 5.054 2.425 -1.18456 9.41195e-321 1.55716e+142 5.0405 2.4583 -1.2199 0.178862 -0.0396588 -0.0398901 1.791 2.738 3.21143e-322 0 9.31119e+242 1.1757e+214 
 5.049 2.389 -1.20027 9.41195e-321 1.55716e+142 5.0486 2.4353 -1.2456 0.174517 0.0471194 0.0485618 1.822 2.747 3.21143e-322 0 9.31119e+242 1.1757e+214 
 5.066 2.384 -1.20275 9.41195e-321 1.55716e+142 5.056 2.4125 -1.2726 0.181852 -0.0731379 -0.0722669 1.84 2.741 3.21143e-322 0 9.31119e+242 1.1757e+214 
 5.064 2.395 -1.20336 9.41195e-321 1.55716e+142 5.0647 2.3824 -1.311 0.205902 -0.1406 -0.122299 1.841 2.764 3.21143e-322 0 9.31119e+242 1.1757e+214 
 5.056 2.376 -1.21048 9.41195e-321 1.55716e+142 5.0616 2.3936 -1.2963 0.190763 -0.0290317 -0.0273869 1.851 2.79 3.21143e-322 0 9.31119e+242 1.1757e+214 
 5.06 2.342 -1.22179 9.41195e-321 1.55716e+142 5.0647 2.3824 -1.311 0.177947 0.00819663 0.008291 1.836 2.807 3.21143e-322 0 9.31119e+242 1.1757e+214 
 5.084 2.339 -1.22547 9.41195e-321 1.55716e+142 5.0686 2.3675 -1.3312 0.180194 -0.147757 -0.14654 1.856 2.818 3.21143e-322 0 9.31119e+242 1.1757e+214 
 5.127 2.309 -1.22758 9.41195e-321 1.55716e+142 5.0744 2.3418 -1.3684 0.170526 -0.389988 -0.390514 1.862 2.837 3.21143e-322 0 9.31119e+242 1.1757e+214 
 5.129 2.278 -1.24207 9.41195e-321 1.55716e+142 5.078 2.3237 -1.3964 0.163468 -0.37801 -0.394427 1.896 2.826 3.21143e-322 0 9.31119e+242 1.1757e+214 
 5.131 2.269 -1.28382 9.41195e-321 1.55716e+142 5.0824 2.2951 -1.4441 0.175751 -0.41344 -0.400545 1.892 2.82 3.21143e-322 0 9.31119e+242 1.1757e+214 
 5.133 2.241 -1.32222 9.41195e-321 1.55716e+142 5.0844 2.2775 -1.4758 0.170903 -0.401767 -0.400305 1.88 2.838 3.21143e-322 0 9.31119e+242 1.1757e+214 
 5.137 2.237 -1.3655 9.41195e-321 1.55716e+142 5.0856 2.2636 -1.5023 0.177938 -0.419845 -0.401625 1.909 2.848 3.21143e-322 0 9.31119e+242 1.1757e+214 
 5.164 2.263 -1.40787 9.41195e-321 1.55716e+142 5.0866 2.2431 -1.5439 0.205257 -0.595111 -0.481 1.87 2.853 3.21143e-322 0 9.31119e+242 1.1757e+214 
 5.167 2.261 -1.45278 9.41195e-321 1.55716e+142 5.0868 2.2329 -1.5656 0.212545 -0.581412 -0.457537 1.891 2.872 3.21143e-322 0 9.31119e+242 1.1757e+214 
 5.186 2.234 -1.51385 9.41195e-321 1.55716e+142 5.0858 2.2602 -1.5091 0.184795 -0.564644 -0.502838 1.914 2.877 3.21143e-322 0 9.31119e+242 1.1757e+214 
 5.194 2.224 -1.57485 9.41195e-321 1.55716e+142 5.0862 2.2533 -1.5228 0.186583 -0.562016 -0.496826 1.915 2.881 3.21143e-322 0 9.31119e+242 1.1757e+214 
 5.183 2.201 -1.63533 9.41195e-321 1.55716e+142 5.0869 2.2296 -1.5729 0.189504 -0.491958 -0.437136 1.929 2.887 3.21143e-322 0 9.31119e+242 1.1757e+214 
 5.183 2.179 -1.69328 9.41195e-321 1.55716e+142 5.0868 2.2196 -1.5954 0.185255 -0.471019 -0.429204 1.902 2.936 3.21143e-322 0 9.31119e+242 1.1757e+214 
 5.21 2.149 -1.7467 9.41195e-321 1.55716e+142 5.0861 2.2031 -1.6343 0.185297 -0.622983 -0.523599 1.884 2.923 3.21143e-322 0 9.31119e+242 1.1757e+214 
 5.221 2.146 -1.80192 9.41195e-321 1.55716e+142 5.0845 2.1837 -1.6833 0.201084 -0.650228 -0.523599 1.894 2.938 3.21143e-322 0 9.31119e+242 1.1757e+214 
 5.236 2.14 -1.86898 9.41195e-321 1.55716e+142 5.0829 2.171 -1.7173 0.213078 -0.668357 -0.513984 1.94 2.969 3.21143e-322 0 9.31119e+242 1.1757e+214 
 5.267 2.131 -1.93879 9.41195e-321 1.55716e+142 5.0814 2.1616 -1.7436 0.226919 -0.736935 -0.523599 1.972 2.982 3.21143e-322 0 9.31119e+242 1.1757e+214 
 5.285 2.106 -2.01093 9.41195e-321 1.55716e+142 5.0824 2.1679 -1.726 0.21954 -0.766403 -0.523599 1.97 2.989 3.21143e-322 0 9.31119e+242 1.1757e+214 
 5.277 2.081 -2.09014 9.41195e-321 1.55716e+142 5.0814 2.1616 -1.7436 0.213107 -0.711789 -0.523599 1.975 2.991 3.21143e-322 0 9.31119e+242 1.1757e+214 
 5.256 2.052 -2.172 9.41195e-321 1.55716e+142 5.0778 2.1432 -1.7981 0.208886 -0.638724 -0.503148 2.015 3.006 3.21143e-322 0 9.31119e+242 1.1757e+214 
 5.233 1.997 -2.24695 9.41195e-321 1.55716e+142 5.074 2.1282 -1.8452 0.190842 -0.670386 -0.523599 2.028 3.033 3.21143e-322 0 9.31119e+242 1.1757e+214 
 5.228 2.01 -2.31573 9.41195e-321 1.55716e+142 5.0666 2.1048 -1.924 0.214095 -0.540453 -0.426494 2.027 2.992 3.21143e-322 0 9.31119e+242 1.1757e+214 
 5.259 2.007 -2.38887 9.41195e-321 1.55716e+142 5.0561 2.0796 -2.0166 0.250295 -0.548135 -0.375489 2.009 3.011 3.21143e-322 0 9.31119e+242 1.1757e+214 
 5.274 2.025 -2.44428 9.41195e-321 1.55716e+142 5.061 2.0907 -1.975 0.254011 -0.425609 -0.292923 2.02 3.039 3.21143e-322 0 9.31119e+242 1.1757e+214 
 5.267 1.985 -2.49865 9.41195e-321 1.55716e+142 5.0622 2.0935 -1.9647 0.2361 -0.48319 -0.352954 2.009 3.055 3.21143e-322 0 9.31119e+242 1.1757e+214 
 5.245 1.942 -2.54215 9.41195e-321 1.55716e+142 5.0644 2.0991 -1.9442 0.208446 -0.55532 -0.447143 2.02 3.078 3.21143e-322 0 9.31119e+242 1.1757e+214 
 5.234 1.892 -2.59737 9.41195e-321 1.55716e+142 5.0548 2.0769 -2.0272 0.212065 -0.656902 -0.50864 2.048 3.079 3.21143e-322 0 9.31119e+242 1.1757e+214 
 5.256 1.895 -2.65808 9.41195e-321 1.55716e+142 5.0402 2.0504 -2.1341 0.25114 -0.585468 -0.397308 2.054 3.094 3.21143e-322 0 9.31119e+242 1.1757e+214 
 5.228 1.915 -2.72644 9.41195e-321 1.55716e+142 5.0282 2.0328 -2.2101 0.25738 -0.38082 -0.260287 2.058 3.111 3.21143e-322 0 9.31119e+242 1.1757e+214 
 5.213 1.891 -2.78702 9.41195e-321 1.55716e+142 5.0386 2.0479 -2.1449 0.228695 -0.381734 -0.291873 2.07 3.118 3.21143e-322 0 9.31119e+242 1.1757e+214 
 5.199 1.883 -2.82306 9.41195e-321 1.55716e+142 5.0352 2.0428 -2.1666 0.22442 -0.354164 -0.276773 2.081 3.104 3.21143e-322 0 9.31119e+242 1.1757e+214 
 5.166 1.864 -2.86538 9.41195e-321 1.55716e+142 5.0246 2.0279 -2.2319 0.218734 -0.352999 -0.282708 2.098 3.128 3.21143e-322 0 9.31119e+242 1.1757e+214 
 5.161 1.845 -2.90222 9.41195e-321 1.55716e+142 5.0188 2.0207 -2.2645 0.221768 -0.380923 -0.299858 2.109 3.121 3.21143e-322 0 9.31119e+242 1.1757e+214 
 5.142 1.848 -2.93876 9.41195e-321 1.55716e+142 5.0108 2.0113 -2.3078 0.220813 -0.308693 -0.246518 2.115 3.158 3.21143e-322 0 9.31119e+242 1.1757e+214 
 5.139 1.843 -2.97966 9.41195e-321 1.55716e+142 5.0044 2.0045 -2.3401 0.225807 -0.27073 -0.21255 2.102 3.16 3.21143e-322 0 9.31119e+242 1.1757e+214 
 5.118 1.838 -3.00946 9.41195e-321 1.55716e+142 5.0044 2.0045 -2.3401 0.212527 -0.253614 -0.211583 2.106 3.176 3.21143e-322 0 9.31119e+242 1.1757e+214 
 5.076 1.87 -3.03711 9.41195e-321 1.55716e+142 5.0044 2.0045 -2.3401 0.187224 -0.065944 -0.0633148 2.135 3.165 3.21143e-322 0 9.31119e+242 1.1757e+214 
 5.065 1.847 -3.06145 9.41195e-321 1.55716e+142 5.0044 2.0045 -2.3401 0.179497 -0.154381 -0.153595 2.133 3.174 3.21143e-322 0 9.31119e+242 1.1757e+214 
 5.018 1.84 -3.06901 9.41195e-321 1.55716e+142 5.0044 2.0045 -2.3401 0.151864 -0.191187 -0.222844 2.166 3.171 3.21143e-322 0 9.31119e+242 1.1757e+214 
