 -31.599 13.969 -0.281002 0 0 -13.7228 8.77116 -0.29925 0 0 0 3.623 3.043 0 0 0 0 
 -32.612 13.472 -0.281003 0 0 -14.2293 8.52267 -0.275939 0 0 -nan 3.623 3.043 0 0 0 0 
 -26.432 5.223 -0.281005 0 0 -11.1453 4.41367 -0.0529934 5 -0.30568 -0.0244495 3.611 3.074 0 0 0 0 
 -15.103 6.221 -0.281432 0 0 -5.33983 5.04667 -0.120866 4.33492 0.102068 0.00941795 3.893 3.342 0 0 0 0 
 -14.593 6.439 -0.273119 0 0 -5.08534 5.15517 -0.135858 4.8201 0.109448 0.00908239 3.892 3.341 0 0 0 0 
 -6.389 6.436 -0.244359 0 0 -0.983335 5.25616 -0.221792 3.66592 0.0496845 0.00542118 3.892 3.546 0 0 0 0 
 -3.77 5.719 -0.248627 0 0 0.185165 5.01717 -0.179334 2.65776 0.124277 0.0187018 3.61 3.785 0 0 0 0 
 -2.673 5.522 -0.243326 0 0 0.732665 4.91517 -0.180094 2.28943 0.1143 0.0199673 3.608 3.778 0 0 0 0 
 1.805 5.297 -0.236693 0 0 2.98617 4.78566 -0.462144 0.844858 -0.265815 -0.125193 3.637 3.744 0 0 0 0 
 1.666 5.281 -0.238204 0 0 2.93417 4.80617 -0.392965 0.893294 -0.188209 -0.0840778 3.672 3.801 0 0 0 0 
 1.54 5.342 -0.238029 0 0 2.91017 4.85067 -0.3748 0.961215 -0.169252 -0.0703165 3.75 3.829 0 0 0 0 
 1.587 5.338 -0.241086 0 0 2.97617 4.85066 -0.365948 0.97279 -0.153747 -0.0631349 3.835 3.833 0 0 0 0 
 2.068 5.557 -0.260852 0 0 3.26617 4.94267 -0.562948 0.879335 -0.332434 -0.150084 3.934 3.798 0 0 0 0 
 2.018 5.69 -0.261506 0 0 3.62716 4.99567 -0.460423 1.15374 -0.239372 -0.0828004 4.706 3.771 0 0 0 0 
 2.065 5.069 -0.261542 0 0 3.58866 4.62116 -0.302686 1.05233 -0.0394108 -0.0149793 4.582 3.643 0 0 0 0 
 2.165 5.194 -0.266078 0 0 3.63667 4.68866 -0.35754 1.02987 -0.104382 -0.0405196 4.578 3.653 0 0 0 0 
 2.491 5.127 -0.259522 0 0 3.80116 4.65116 -0.380046 0.921465 -0.140264 -0.0608123 4.581 3.645 0 0 0 0 
 2.605 5.104 -0.260228 0 0 3.84267 4.65467 -0.37989 0.870463 -0.137166 -0.062948 4.55 3.675 0 0 0 0 
 2.691 5.112 -0.261063 0 0 3.88267 4.64817 -0.410158 0.84416 -0.170317 -0.0805289 4.544 3.654 0 0 0 0 
 2.848 5.036 -0.253273 0 0 3.98117 4.60266 -0.402211 0.800753 -0.170812 -0.0851196 4.584 3.639 0 0 0 0 
 2.866 5.048 -0.255114 0 0 4.00417 4.62166 -0.393143 0.802697 -0.157658 -0.078403 4.612 3.665 0 0 0 0 
 3.098 5 -0.255667 0 0 4.19217 4.62517 -0.356638 0.765135 -0.112003 -0.0584867 4.756 3.72 0 0 0 0 
 3.278 4.96 -0.257233 0 0 4.44317 4.58517 -0.333278 0.810416 -0.0826529 -0.0407726 5.078 3.68 0 0 0 0 
 3.199 5.067 -0.25728 0 0 4.42317 4.65916 -0.346052 0.85401 -0.0997477 -0.0466857 5.117 3.721 0 0 0 0 
 3.285 4.966 -0.257303 0 0 4.49917 4.63317 -0.281206 0.834346 -0.0158075 -0.00757827 5.183 3.77 0 0 0 0 
 3.257 4.959 -0.257422 0 0 4.48366 4.63567 -0.269868 0.84074 -0.000471215 -0.000224191 5.18 3.782 0 0 0 0 
 3.221 4.985 -0.257035 0 0 4.43667 4.67717 -0.258778 0.831089 0.0139025 0.0066911 5.122 3.839 0 0 0 0 
