 0.377 0.488 -0.0547908 0 6.52168e-38 0.4009 0.4799 0.9086 0 0 0 1.67 0.299 2.10099e-317 0 3.52387e-317 4.13003e-27 
 0.372 0.494 -0.054791 0 6.52168e-38 0.3969 0.4748 0.9083 0.110724 0.812615 0.523599 1.674 0.302 2.10099e-317 0 3.52387e-317 4.13003e-27 
 0.377 0.489 -0.0521235 0 6.52168e-38 0.3969 0.4748 0.9083 0.107314 0.849262 0.523599 1.673 0.284 2.10099e-317 0 3.52387e-317 4.13003e-27 
 0.372 0.499 0.0144012 0 6.52168e-38 0.3969 0.4748 0.9083 0.121113 0.736708 0.523599 1.673 0.285 2.10099e-317 0 3.52387e-317 4.13003e-27 
 0.386 0.494 0.101517 0 6.52168e-38 0.4009 0.4799 0.9086 0.125803 0.759607 0.523599 1.677 0.297 2.10099e-317 0 3.52387e-317 4.13003e-27 
 0.408 0.479 0.175879 0 6.52168e-38 0.4009 0.4799 0.9086 0.121234 0.858274 0.523599 1.678 0.288 2.10099e-317 0 3.52387e-317 4.13003e-27 
 0.411 0.518 0.255553 0 6.52168e-38 0.4049 0.4851 0.9089 0.121874 0.589832 0.523599 1.66 0.318 2.10099e-317 0 3.52387e-317 4.13003e-27 
 0.426 0.53 0.344878 0 6.52168e-38 0.4211 0.5059 0.9099 0.131647 0.616713 0.523599 1.653 0.341 2.10099e-317 0 3.52387e-317 4.13003e-27 
 0.424 0.554 0.404115 0 6.52168e-38 0.4333 0.5216 0.9107 0.147165 0.468856 0.520682 1.67 0.343 2.10099e-317 0 3.52387e-317 4.13003e-27 
 0.455 0.563 0.467818 0 6.52168e-38 0.4457 0.5375 0.9114 0.138876 0.572569 0.523599 1.66 0.353 2.10099e-317 0 3.52387e-317 4.13003e-27 
 0.461 0.584 0.515538 0 6.52168e-38 0.4623 0.5589 0.9122 0.14805 0.521533 0.523599 1.656 0.379 2.10099e-317 0 3.52387e-317 4.13003e-27 
 0.471 0.604 0.576289 0 6.52168e-38 0.4748 0.5751 0.9128 0.151686 0.461658 0.501179 1.656 0.393 2.10099e-317 0 3.52387e-317 4.13003e-27 
 0.47 0.612 0.631739 0 6.52168e-38 0.4875 0.5915 0.9134 0.167265 0.42634 0.430148 1.644 0.371 2.10099e-317 0 3.52387e-317 4.13003e-27 
 0.464 0.632 0.679696 0 6.52168e-38 0.4917 0.597 0.9136 0.169679 0.246333 0.2556 1.65 0.389 2.10099e-317 0 3.52387e-317 4.13003e-27 
 0.48 0.634 0.725355 0 6.52168e-38 0.5002 0.608 0.9139 0.170079 0.326142 0.332362 1.642 0.39 2.10099e-317 0 3.52387e-317 4.13003e-27 
 0.464 0.631 0.751255 0 6.52168e-38 0.5044 0.6135 0.9141 0.185977 0.236532 0.225052 1.638 0.404 2.10099e-317 0 3.52387e-317 4.13003e-27 
 0.47 0.653 0.78631 0 6.52168e-38 0.4959 0.6025 0.9138 0.162299 0.109274 0.120604 1.644 0.425 2.10099e-317 0 3.52387e-317 4.13003e-27 
 0.475 0.667 0.806159 0 6.52168e-38 0.5087 0.6191 0.9143 0.166261 0.103515 0.111603 1.63 0.432 2.10099e-317 0 3.52387e-317 4.13003e-27 
 0.464 0.677 0.81691 0 6.52168e-38 0.5173 0.6302 0.9146 0.178264 -0.0244162 -0.024649 1.637 0.441 2.10099e-317 0 3.52387e-317 4.13003e-27 
 0.471 0.705 0.824041 0 6.52168e-38 0.5216 0.6358 0.9148 0.16283 -0.0859731 -0.094754 1.622 0.463 2.10099e-317 0 3.52387e-317 4.13003e-27 
 0.457 0.707 0.826302 0 6.52168e-38 0.5346 0.6527 0.9152 0.181344 -0.1089 -0.107675 1.594 0.48 2.10099e-317 0 3.52387e-317 4.13003e-27 
 0.449 0.726 0.824796 0 6.52168e-38 0.5302 0.647 0.9151 0.176317 -0.326565 -0.321799 1.632 0.486 2.10099e-317 0 3.52387e-317 4.13003e-27 
 0.45 0.734 0.823189 0 6.52168e-38 0.5389 0.6583 0.9154 0.180904 -0.320524 -0.308725 1.62 0.486 2.10099e-317 0 3.52387e-317 4.13003e-27 
 0.439 0.746 0.816859 0 6.52168e-38 0.5433 0.664 0.9155 0.185076 -0.402737 -0.373323 1.607 0.506 2.10099e-317 0 3.52387e-317 4.13003e-27 
 0.435 0.77 0.798726 0 6.52168e-38 0.5433 0.664 0.9155 0.176699 -0.52829 -0.493706 1.61 0.536 2.10099e-317 0 3.52387e-317 4.13003e-27 
 0.422 0.807 0.754024 0 6.52168e-38 0.552 0.6753 0.9158 0.181723 -0.689429 -0.523599 1.598 0.537 2.10099e-317 0 3.52387e-317 4.13003e-27 
 0.404 0.841 0.696844 0 6.52168e-38 0.5652 0.6925 0.9162 0.199408 -0.801903 -0.523599 1.585 0.543 2.10099e-317 0 3.52387e-317 4.13003e-27 
 0.405 0.856 0.629198 0 6.52168e-38 0.5784 0.7097 0.9165 0.211466 -0.746061 -0.523599 1.594 0.58 2.10099e-317 0 3.52387e-317 4.13003e-27 
 0.404 0.88 0.553156 0 6.52168e-38 0.5873 0.7213 0.9167 0.217031 -0.719941 -0.523599 1.585 0.592 2.10099e-317 0 3.52387e-317 4.13003e-27 
 0.395 0.909 0.475584 0 6.52168e-38 0.5962 0.733 0.9169 0.228701 -0.720606 -0.515919 1.575 0.603 2.10099e-317 0 3.52387e-317 4.13003e-27 
 0.387 0.934 0.398931 0 6.52168e-38 0.6096 0.7505 0.9172 0.244862 -0.658601 -0.450881 1.562 0.604 2.10099e-317 0 3.52387e-317 4.13003e-27 
 0.357 0.95 0.324664 0 6.52168e-38 0.6141 0.7564 0.9173 0.276282 -0.625252 -0.386833 1.572 0.619 2.10099e-317 0 3.52387e-317 4.13003e-27 
 0.365 0.981 0.252758 0 6.52168e-38 0.6141 0.7564 0.9173 0.271794 -0.642281 -0.402177 1.58 0.618 2.10099e-317 0 3.52387e-317 4.13003e-27 
 0.358 1.006 0.184691 0 6.52168e-38 0.6322 0.78 0.9176 0.287482 -0.527024 -0.318733 1.558 0.639 2.10099e-317 0 3.52387e-317 4.13003e-27 
 0.367 1.028 0.113885 0 6.52168e-38 0.6413 0.7918 0.9178 0.285821 -0.447522 -0.274708 1.549 0.637 2.10099e-317 0 3.52387e-317 4.13003e-27 
 0.376 1.053 0.0582989 0 6.52168e-38 0.6504 0.8038 0.9179 0.288878 -0.416683 -0.254026 1.574 0.666 2.10099e-317 0 3.52387e-317 4.13003e-27 
 0.382 1.07 0.00785578 0 6.52168e-38 0.6688 0.8278 0.9182 0.290971 -0.289645 -0.177298 1.55 0.668 2.10099e-317 0 3.52387e-317 4.13003e-27 
 0.393 1.104 -0.0363424 0 6.52168e-38 0.6826 0.8459 0.9183 0.295046 -0.278727 -0.168433 1.566 0.69 2.10099e-317 0 3.52387e-317 4.13003e-27 
 0.399 1.131 -0.0661272 0 6.52168e-38 0.7012 0.8702 0.9185 0.298141 -0.22672 -0.136035 1.553 0.726 2.10099e-317 0 3.52387e-317 4.13003e-27 
 0.411 1.151 -0.0960912 0 6.52168e-38 0.7152 0.8885 0.9186 0.290807 -0.163672 -0.100963 1.515 0.704 2.10099e-317 0 3.52387e-317 4.13003e-27 
 0.436 1.194 -0.119577 0 6.52168e-38 0.7292 0.9069 0.9187 0.283995 -0.225935 -0.142234 1.524 0.73 2.10099e-317 0 3.52387e-317 4.13003e-27 
 0.443 1.205 -0.136284 0 6.52168e-38 0.7623 0.9503 0.9187 0.29218 -0.0456116 -0.028092 1.522 0.753 2.10099e-317 0 3.52387e-317 4.13003e-27 
 0.465 1.223 -0.153964 0 6.52168e-38 0.7671 0.9565 0.9187 0.275244 -0.066042 -0.0431623 1.507 0.745 2.10099e-317 0 3.52387e-317 4.13003e-27 
 0.485 1.253 -0.160537 0 6.52168e-38 0.7862 0.9815 0.9187 0.27218 -0.0596176 -0.0394063 1.501 0.746 2.10099e-317 0 3.52387e-317 4.13003e-27 
 0.516 1.273 -0.167939 0 6.52168e-38 0.8102 1.013 0.9187 0.257165 0.00775079 0.00542502 1.497 0.76 2.10099e-317 0 3.52387e-317 4.13003e-27 
 0.533 1.292 -0.174045 0 6.52168e-38 0.8295 1.0383 0.9186 0.255758 0.0568932 0.0400194 1.5 0.766 2.10099e-317 0 3.52387e-317 4.13003e-27 
 0.543 1.333 -0.175243 0 6.52168e-38 0.8441 1.0574 0.9185 0.262321 -0.0056523 -0.00387849 1.489 0.772 2.10099e-317 0 3.52387e-317 4.13003e-27 
 0.53 1.335 -0.17485 0 6.52168e-38 0.8636 1.0829 0.9183 0.282824 0.123567 0.078481 1.483 0.772 2.10099e-317 0 3.52387e-317 4.13003e-27 
 0.543 1.349 -0.174719 0 6.52168e-38 0.8636 1.0829 0.9183 0.266209 0.058238 0.0393578 1.479 0.817 2.10099e-317 0 3.52387e-317 4.13003e-27 
 0.562 1.383 -0.173045 0 6.52168e-38 0.8734 1.0957 0.9182 0.262465 -0.0214972 -0.0147418 1.477 0.825 2.10099e-317 0 3.52387e-317 4.13003e-27 
 0.577 1.404 -0.173016 0 6.52168e-38 0.898 1.1279 0.9179 0.26155 0.0696808 0.0479179 1.454 0.826 2.10099e-317 0 3.52387e-317 4.13003e-27 
 0.599 1.429 -0.17247 0 6.52168e-38 0.9128 1.1472 0.9177 0.254948 0.05557 0.0392138 1.456 0.84 2.10099e-317 0 3.52387e-317 4.13003e-27 
 0.614 1.447 -0.170914 0 6.52168e-38 0.9326 1.1732 0.9174 0.249205 0.131522 0.0947134 1.433 0.854 2.10099e-317 0 3.52387e-317 4.13003e-27 
 0.642 1.477 -0.169321 0 6.52168e-38 0.9476 1.1927 0.9172 0.24021 0.11512 0.086051 1.42 0.852 2.10099e-317 0 3.52387e-317 4.13003e-27 
 0.659 1.495 -0.165005 0 6.52168e-38 0.9726 1.2253 0.9167 0.244266 0.21386 0.156308 1.41 0.85 2.10099e-317 0 3.52387e-317 4.13003e-27 
 0.658 1.525 -0.159705 0 6.52168e-38 0.9876 1.2449 0.9165 0.256772 0.186536 0.130026 1.403 0.875 2.10099e-317 0 3.52387e-317 4.13003e-27 
 0.673 1.544 -0.146317 0 6.52168e-38 1.0027 1.2646 0.9161 0.263059 0.186701 0.127063 1.399 0.861 2.10099e-317 0 3.52387e-317 4.13003e-27 
 0.689 1.578 -0.129289 0 6.52168e-38 1.0128 1.2778 0.9159 0.262853 0.107574 0.0735331 1.379 0.87 2.10099e-317 0 3.52387e-317 4.13003e-27 
 0.709 1.599 -0.110318 0 6.52168e-38 1.0381 1.3107 0.9153 0.269151 0.144606 0.0964083 1.387 0.878 2.10099e-317 0 3.52387e-317 4.13003e-27 
 0.74 1.618 -0.0985574 0 6.52168e-38 1.0534 1.3305 0.915 0.258267 0.132391 0.0920096 1.405 0.894 2.10099e-317 0 3.52387e-317 4.13003e-27 
 0.757 1.629 -0.0834412 0 6.52168e-38 1.0738 1.357 0.9144 0.260439 0.239389 0.163966 1.374 0.891 2.10099e-317 0 3.52387e-317 4.13003e-27 
 0.768 1.651 -0.0672042 0 6.52168e-38 1.0891 1.3769 0.914 0.27028 0.19422 0.128631 1.384 0.892 2.10099e-317 0 3.52387e-317 4.13003e-27 
 0.783 1.66 -0.0423869 0 6.52168e-38 1.0993 1.3902 0.9137 0.263209 0.235727 0.159831 1.366 0.916 2.10099e-317 0 3.52387e-317 4.13003e-27 
 0.79 1.691 -0.0220578 0 6.52168e-38 1.1147 1.4101 0.9133 0.281016 0.123435 0.0788997 1.373 0.906 2.10099e-317 0 3.52387e-317 4.13003e-27 
 0.807 1.714 0.00174906 0 6.52168e-38 1.1301 1.43 0.9128 0.284994 0.0721043 0.045509 1.379 0.913 2.10099e-317 0 3.52387e-317 4.13003e-27 
 0.827 1.737 0.0123361 0 6.52168e-38 1.1507 1.4567 0.9121 0.289283 0.152628 0.0946856 1.322 0.918 2.10099e-317 0 3.52387e-317 4.13003e-27 
 0.855 1.764 0.0212297 0 6.52168e-38 1.1662 1.4767 0.9116 0.280826 0.128223 0.0820025 1.333 0.945 2.10099e-317 0 3.52387e-317 4.13003e-27 
 0.867 1.785 0.0355098 0 6.52168e-38 1.1869 1.5034 0.9109 0.293692 0.110219 0.0674496 1.337 0.943 2.10099e-317 0 3.52387e-317 4.13003e-27 
 0.873 1.824 0.0485191 0 6.52168e-38 1.2024 1.5234 0.9103 0.310644 -0.0334704 -0.0193917 1.331 0.936 2.10099e-317 0 3.52387e-317 4.13003e-27 
 0.882 1.849 0.0574506 0 6.52168e-38 1.2232 1.5501 0.9095 0.318426 0.0295287 0.0166905 1.299 0.976 2.10099e-317 0 3.52387e-317 4.13003e-27 
 0.909 1.884 0.0596985 0 6.52168e-38 1.2388 1.5702 0.9089 0.317126 -0.0871968 -0.0494523 1.322 0.973 2.10099e-317 0 3.52387e-317 4.13003e-27 
 0.931 1.909 0.0616376 0 6.52168e-38 1.2649 1.6036 0.9078 0.334097 -0.116877 -0.0628865 1.294 0.932 2.10099e-317 0 3.52387e-317 4.13003e-27 
 0.93 1.949 0.0609265 0 6.52168e-38 1.2858 1.6303 0.9069 0.350004 -0.126584 -0.065008 1.275 0.98 2.10099e-317 0 3.52387e-317 4.13003e-27 
 0.95 1.952 0.0592443 0 6.52168e-38 1.3067 1.6571 0.906 0.352917 -0.057528 -0.0293329 1.292 0.972 2.10099e-317 0 3.52387e-317 4.13003e-27 
 0.963 1.979 0.0568177 0 6.52168e-38 1.3119 1.6637 0.9058 0.351871 -0.0951852 -0.0486536 1.248 0.993 2.10099e-317 0 3.52387e-317 4.13003e-27 
 0.993 2.012 0.0559405 0 6.52168e-38 1.3276 1.6838 0.905 0.348047 -0.19348 -0.0997304 1.256 0.988 2.10099e-317 0 3.52387e-317 4.13003e-27 
 1.001 2.063 0.0525951 0 6.52168e-38 1.3591 1.7238 0.9035 0.371921 -0.286592 -0.137823 1.258 0.99 2.10099e-317 0 3.52387e-317 4.13003e-27 
 1.015 2.1 0.0411845 0 6.52168e-38 1.3854 1.7571 0.9022 0.383536 -0.29243 -0.136391 1.263 1.01 2.10099e-317 0 3.52387e-317 4.13003e-27 
 1.026 2.133 0.0143826 0 6.52168e-38 1.4064 1.7837 0.901 0.395623 -0.304677 -0.137744 1.26 1.005 2.10099e-317 0 3.52387e-317 4.13003e-27 
 1.034 2.163 -0.0168633 0 6.52168e-38 1.4327 1.8169 0.8996 0.412296 -0.271971 -0.118184 1.261 0.997 2.10099e-317 0 3.52387e-317 4.13003e-27 
 1.062 2.186 -0.0473193 0 6.52168e-38 1.4485 1.8368 0.8987 0.407045 -0.226395 -0.0997819 1.226 1.015 2.10099e-317 0 3.52387e-317 4.13003e-27 
 1.069 2.237 -0.0781889 0 6.52168e-38 1.4696 1.8632 0.8974 0.423726 -0.27044 -0.114382 1.209 1.026 2.10099e-317 0 3.52387e-317 4.13003e-27 
 1.089 2.274 -0.102712 0 6.52168e-38 1.4959 1.8962 0.8958 0.431608 -0.267781 -0.111216 1.216 1.025 2.10099e-317 0 3.52387e-317 4.13003e-27 
 1.108 2.301 -0.130825 0 6.52168e-38 1.517 1.9225 0.8945 0.435987 -0.242606 -0.0998283 1.2 1.02 2.10099e-317 0 3.52387e-317 4.13003e-27 
 1.131 2.343 -0.159652 0 6.52168e-38 1.5433 1.9552 0.8927 0.441345 -0.228539 -0.0929398 1.203 1.04 2.10099e-317 0 3.52387e-317 4.13003e-27 
 1.156 2.377 -0.185515 0 6.52168e-38 1.5697 1.9879 0.8909 0.44438 -0.219711 -0.088762 1.236 1.02 2.10099e-317 0 3.52387e-317 4.13003e-27 
 1.182 2.406 -0.208942 0 6.52168e-38 1.596 2.0204 0.889 0.445624 -0.181886 -0.0733371 1.208 1.024 2.10099e-317 0 3.52387e-317 4.13003e-27 
 1.217 2.448 -0.231583 0 6.52168e-38 1.617 2.0463 0.8874 0.440584 -0.211878 -0.0863475 1.215 1.038 2.10099e-317 0 3.52387e-317 4.13003e-27 
 1.24 2.496 -0.250646 0 6.52168e-38 1.6538 2.0913 0.8845 0.45197 -0.18643 -0.0741108 1.225 1.046 2.10099e-317 0 3.52387e-317 4.13003e-27 
 1.279 2.53 -0.272283 0 6.52168e-38 1.6853 2.1297 0.8819 0.446677 -0.15745 -0.0633635 1.226 1.046 2.10099e-317 0 3.52387e-317 4.13003e-27 
 1.312 2.563 -0.292022 0 6.52168e-38 1.7167 2.1677 0.8792 0.444619 -0.115804 -0.0468481 1.216 1.069 2.10099e-317 0 3.52387e-317 4.13003e-27 
 1.353 2.593 -0.30859 0 6.52168e-38 1.748 2.2055 0.8763 0.436473 -0.0865 -0.0356572 1.216 1.071 2.10099e-317 0 3.52387e-317 4.13003e-27 
 1.381 2.631 -0.320739 0 6.52168e-38 1.7741 2.2367 0.8738 0.437678 -0.0959565 -0.0394428 1.216 1.056 2.10099e-317 0 3.52387e-317 4.13003e-27 
 1.415 2.647 -0.330796 0 6.52168e-38 1.8053 2.2739 0.8707 0.430032 -0.022725 -0.00951181 1.164 1.112 2.10099e-317 0 3.52387e-317 4.13003e-27 
 1.431 2.673 -0.341567 0 6.52168e-38 1.826 2.2984 0.8685 0.433577 -0.00402741 -0.00167198 1.147 1.135 2.10099e-317 0 3.52387e-317 4.13003e-27 
 1.47 2.694 -0.34657 0 6.52168e-38 1.8467 2.3228 0.8663 0.420714 -0.0129345 -0.00553388 1.144 1.147 2.10099e-317 0 3.52387e-317 4.13003e-27 
 1.523 2.737 -0.351166 0 6.52168e-38 1.8673 2.3471 0.864 0.405405 -0.107626 -0.0477497 1.157 1.139 2.10099e-317 0 3.52387e-317 4.13003e-27 
 1.56 2.76 -0.354464 0 6.52168e-38 1.9084 2.395 0.8592 0.401371 -0.0329043 -0.0147553 1.169 1.128 2.10099e-317 0 3.52387e-317 4.13003e-27 
 1.586 2.772 -0.3618 0 6.52168e-38 1.9391 2.4305 0.8553 0.397789 0.052556 0.0237771 1.15 1.158 2.10099e-317 0 3.52387e-317 4.13003e-27 
 1.618 2.799 -0.365773 0 6.52168e-38 1.9544 2.448 0.8533 0.38976 0.00679334 0.00313731 1.133 1.182 2.10099e-317 0 3.52387e-317 4.13003e-27 
 1.661 2.835 -0.365937 0 6.52168e-38 1.9848 2.4828 0.8492 0.38326 -0.0353173 -0.0165854 1.116 1.196 2.10099e-317 0 3.52387e-317 4.13003e-27 
 1.701 2.867 -0.367195 0 6.52168e-38 2.0151 2.5171 0.8448 0.37639 -0.026915 -0.0128708 1.105 1.206 2.10099e-317 0 3.52387e-317 4.13003e-27 
 1.734 2.888 -0.369458 0 6.52168e-38 2.0452 2.5509 0.8403 0.371247 0.00829914 0.00402384 1.107 1.212 2.10099e-317 0 3.52387e-317 4.13003e-27 
 1.772 2.909 -0.371015 0 6.52168e-38 2.0702 2.5787 0.8364 0.36123 0.00997416 0.00497006 1.13 1.218 2.10099e-317 0 3.52387e-317 4.13003e-27 
 1.804 2.936 -0.371664 0 6.52168e-38 2.1001 2.6116 0.8315 0.358926 0.0240328 0.0120518 1.119 1.24 2.10099e-317 0 3.52387e-317 4.13003e-27 
 1.821 2.958 -0.371782 0 6.52168e-38 2.1297 2.644 0.8264 0.365052 0.0739665 0.0364553 1.105 1.258 2.10099e-317 0 3.52387e-317 4.13003e-27 
 1.843 2.971 -0.37106 0 6.52168e-38 2.1445 2.66 0.8238 0.359922 0.0701021 0.0350443 1.086 1.256 2.10099e-317 0 3.52387e-317 4.13003e-27 
 1.869 3.012 -0.370075 0 6.52168e-38 2.1592 2.6759 0.8212 0.360771 -0.0278749 -0.0139068 1.082 1.286 2.10099e-317 0 3.52387e-317 4.13003e-27 
 1.887 3.02 -0.368987 0 6.52168e-38 2.1886 2.7073 0.8157 0.362198 0.0587157 0.0291714 1.061 1.321 2.10099e-317 0 3.52387e-317 4.13003e-27 
 1.921 3.045 -0.369728 0 6.52168e-38 2.2032 2.7228 0.8128 0.352796 -0.00128106 -0.000653612 1.067 1.322 2.10099e-317 0 3.52387e-317 4.13003e-27 
 1.943 3.084 -0.368587 0 6.52168e-38 2.2275 2.7484 0.808 0.359477 -0.0425681 -0.0213118 1.078 1.319 2.10099e-317 0 3.52387e-317 4.13003e-27 
 1.981 3.097 -0.367866 0 6.52168e-38 2.2566 2.7786 0.802 0.349436 -0.00686036 -0.00353386 1.098 1.325 2.10099e-317 0 3.52387e-317 4.13003e-27 
 2.012 3.125 -0.367939 0 6.52168e-38 2.2806 2.8034 0.7968 0.346816 -0.0301117 -0.0156269 1.052 1.35 2.10099e-317 0 3.52387e-317 4.13003e-27 
 2.029 3.141 -0.368506 0 6.52168e-38 2.3094 2.8327 0.7904 0.351627 0.0302633 0.0154908 1.07 1.363 2.10099e-317 0 3.52387e-317 4.13003e-27 
 2.046 3.162 -0.369035 0 6.52168e-38 2.3237 2.8471 0.787 0.352479 0.00463243 0.00236563 1.063 1.381 2.10099e-317 0 3.52387e-317 4.13003e-27 
 2.062 3.201 -0.369375 0 6.52168e-38 2.3428 2.8662 0.7825 0.361569 -0.0531198 -0.0264385 1.038 1.412 2.10099e-317 0 3.52387e-317 4.13003e-27 
 2.104 3.22 -0.369872 0 6.52168e-38 2.3665 2.8897 0.7767 0.349251 -0.0709086 -0.0365292 1.044 1.39 2.10099e-317 0 3.52387e-317 4.13003e-27 
 2.123 3.245 -0.372242 0 6.52168e-38 2.3949 2.9174 0.7695 0.355736 -0.0450885 -0.0228105 1.049 1.411 2.10099e-317 0 3.52387e-317 4.13003e-27 
 2.159 3.261 -0.375419 0 6.52168e-38 2.4184 2.9401 0.7633 0.346407 -0.0418667 -0.0217514 1.048 1.413 2.10099e-317 0 3.52387e-317 4.13003e-27 
 2.18 3.275 -0.378332 0 6.52168e-38 2.4419 2.9624 0.7569 0.346405 -0.00840911 -0.00436954 1.045 1.436 2.10099e-317 0 3.52387e-317 4.13003e-27 
 2.216 3.294 -0.380931 0 6.52168e-38 2.4559 2.9756 0.7529 0.334529 -0.0622588 -0.033487 1.022 1.434 2.10099e-317 0 3.52387e-317 4.13003e-27 
 2.242 3.314 -0.382861 0 6.52168e-38 2.4885 3.0059 0.7434 0.337128 -0.0173772 -0.00927783 1.042 1.441 2.10099e-317 0 3.52387e-317 4.13003e-27 
 2.261 3.329 -0.386139 0 6.52168e-38 2.5071 3.0229 0.7378 0.337049 -0.00797538 -0.00425921 1.014 1.463 2.10099e-317 0 3.52387e-317 4.13003e-27 
 2.286 3.347 -0.388356 0 6.52168e-38 2.5256 3.0397 0.732 0.334141 -0.0217474 -0.0117147 0.993 1.449 2.10099e-317 0 3.52387e-317 4.13003e-27 
 2.309 3.376 -0.390751 0 6.52168e-38 2.5441 3.0562 0.7262 0.336285 -0.0682357 -0.0365076 1.005 1.462 2.10099e-317 0 3.52387e-317 4.13003e-27 
 2.332 3.387 -0.393858 0 6.52168e-38 2.5671 3.0765 0.7186 0.334412 -0.0358171 -0.0192765 1.001 1.505 2.10099e-317 0 3.52387e-317 4.13003e-27 
 2.361 3.413 -0.398885 0 6.52168e-38 2.5854 3.0925 0.7124 0.331737 -0.0816069 -0.0442509 0.971 1.532 2.10099e-317 0 3.52387e-317 4.13003e-27 
 2.383 3.446 -0.402991 0 6.52168e-38 2.6174 3.1199 0.7011 0.341913 -0.0776772 -0.0408704 0.97 1.529 2.10099e-317 0 3.52387e-317 4.13003e-27 
 2.412 3.462 -0.409744 0 6.52168e-38 2.6402 3.139 0.6928 0.338031 -0.0711316 -0.0378591 0.961 1.566 2.10099e-317 0 3.52387e-317 4.13003e-27 
 2.442 3.488 -0.4161 0 6.52168e-38 2.6629 3.1577 0.6842 0.337178 -0.100348 -0.0535187 0.954 1.585 2.10099e-317 0 3.52387e-317 4.13003e-27 
 2.469 3.507 -0.422512 0 6.52168e-38 2.6855 3.176 0.6754 0.335927 -0.103517 -0.0554109 0.941 1.583 2.10099e-317 0 3.52387e-317 4.13003e-27 
 2.508 3.521 -0.432257 0 6.52168e-38 2.7126 3.1975 0.6644 0.32723 -0.0915762 -0.050331 0.931 1.582 2.10099e-317 0 3.52387e-317 4.13003e-27 
 2.523 3.555 -0.441886 0 6.52168e-38 2.7396 3.2184 0.6531 0.3411 -0.0958779 -0.0505521 0.939 1.572 2.10099e-317 0 3.52387e-317 4.13003e-27 
 2.568 3.559 -0.452021 0 6.52168e-38 2.762 3.2354 0.6433 0.323431 -0.0887249 -0.0493382 0.963 1.596 2.10099e-317 0 3.52387e-317 4.13003e-27 
 2.581 3.585 -0.462295 0 6.52168e-38 2.7888 3.2553 0.6312 0.335931 -0.0661173 -0.0354125 0.976 1.596 2.10099e-317 0 3.52387e-317 4.13003e-27 
 2.625 3.604 -0.471383 0 6.52168e-38 2.8066 3.2682 0.623 0.323189 -0.128474 -0.0714318 0.952 1.594 2.10099e-317 0 3.52387e-317 4.13003e-27 
 2.656 3.614 -0.480507 0 6.52168e-38 2.8421 3.2934 0.6058 0.322652 -0.0630123 -0.0351387 0.931 1.653 2.10099e-317 0 3.52387e-317 4.13003e-27 
 2.68 3.638 -0.492003 0 6.52168e-38 2.8643 3.3085 0.5947 0.32643 -0.079602 -0.0438659 0.928 1.643 2.10099e-317 0 3.52387e-317 4.13003e-27 
 2.714 3.65 -0.50035 0 6.52168e-38 2.8819 3.3204 0.5856 0.317781 -0.106585 -0.0602994 0.957 1.654 2.10099e-317 0 3.52387e-317 4.13003e-27 
 2.735 3.68 -0.510274 0 6.52168e-38 2.9172 3.3434 0.5667 0.332128 -0.0857922 -0.0464624 0.96 1.641 2.10099e-317 0 3.52387e-317 4.13003e-27 
 2.766 3.697 -0.521387 0 6.52168e-38 2.9391 3.3572 0.5545 0.329653 -0.10209 -0.0556864 0.946 1.66 2.10099e-317 0 3.52387e-317 4.13003e-27 
 2.789 3.719 -0.530554 0 6.52168e-38 2.961 3.3706 0.5419 0.334453 -0.119147 -0.0640362 0.929 1.684 2.10099e-317 0 3.52387e-317 4.13003e-27 
 2.816 3.746 -0.541423 0 6.52168e-38 2.9829 3.3836 0.5291 0.339322 -0.157153 -0.0831724 0.947 1.674 2.10099e-317 0 3.52387e-317 4.13003e-27 
 2.857 3.762 -0.553905 0 6.52168e-38 3.009 3.3987 0.5131 0.333524 -0.180326 -0.0970147 0.948 1.709 2.10099e-317 0 3.52387e-317 4.13003e-27 
 2.879 3.784 -0.571052 0 6.52168e-38 3.0438 3.4178 0.4911 0.345337 -0.136693 -0.0711285 0.958 1.732 2.10099e-317 0 3.52387e-317 4.13003e-27 
 2.897 3.792 -0.590968 0 6.52168e-38 3.0655 3.4293 0.4769 0.347411 -0.0894732 -0.0463245 0.957 1.721 2.10099e-317 0 3.52387e-317 4.13003e-27 
 2.919 3.81 -0.603786 0 6.52168e-38 3.0785 3.4359 0.4682 0.348565 -0.123231 -0.0635512 0.981 1.757 2.10099e-317 0 3.52387e-317 4.13003e-27 
 2.961 3.815 -0.614529 0 6.52168e-38 3.0958 3.4446 0.4564 0.334886 -0.161963 -0.0868353 0.963 1.772 2.10099e-317 0 3.52387e-317 4.13003e-27 
 2.985 3.829 -0.628174 0 6.52168e-38 3.1217 3.4571 0.4383 0.339306 -0.144835 -0.0766834 0.961 1.776 2.10099e-317 0 3.52387e-317 4.13003e-27 
 3.023 3.839 -0.643999 0 6.52168e-38 3.1476 3.469 0.4196 0.334556 -0.152114 -0.0816592 0.963 1.798 2.10099e-317 0 3.52387e-317 4.13003e-27 
 3.053 3.856 -0.659715 0 6.52168e-38 3.1777 3.4821 0.3972 0.339872 -0.143846 -0.0760352 0.947 1.804 2.10099e-317 0 3.52387e-317 4.13003e-27 
 3.077 3.864 -0.673806 0 6.52168e-38 3.1992 3.4909 0.3808 0.340457 -0.131002 -0.0691506 0.97 1.817 2.10099e-317 0 3.52387e-317 4.13003e-27 
 3.115 3.881 -0.690241 0 6.52168e-38 3.2163 3.4977 0.3674 0.336684 -0.190292 -0.101386 0.971 1.844 2.10099e-317 0 3.52387e-317 4.13003e-27 
 3.137 3.898 -0.705054 0 6.52168e-38 3.2463 3.5089 0.3433 0.347462 -0.166038 -0.0858035 0.96 1.853 2.10099e-317 0 3.52387e-317 4.13003e-27 
 3.179 3.915 -0.72433 0 6.52168e-38 3.2634 3.5149 0.3293 0.342889 -0.232591 -0.121498 0.969 1.863 2.10099e-317 0 3.52387e-317 4.13003e-27 
 3.211 3.931 -0.741567 0 6.52168e-38 3.2976 3.5261 0.3005 0.351152 -0.218575 -0.111576 0.98 1.882 2.10099e-317 0 3.52387e-317 4.13003e-27 
 3.25 3.937 -0.768203 0 6.52168e-38 3.3232 3.5338 0.2784 0.346987 -0.216318 -0.111748 0.959 1.896 2.10099e-317 0 3.52387e-317 4.13003e-27 
 3.277 3.951 -0.792146 0 6.52168e-38 3.353 3.5419 0.252 0.355437 -0.189377 -0.0956119 0.987 1.881 2.10099e-317 0 3.52387e-317 4.13003e-27 
 3.32 3.964 -0.814485 0 6.52168e-38 3.3743 3.5472 0.2328 0.352967 -0.236691 -0.120122 0.986 1.891 2.10099e-317 0 3.52387e-317 4.13003e-27 
 3.355 3.965 -0.836088 0 6.52168e-38 3.4083 3.5548 0.2014 0.353584 -0.20257 -0.10276 0.996 1.912 2.10099e-317 0 3.52387e-317 4.13003e-27 
 3.379 3.97 -0.862119 0 6.52168e-38 3.4296 3.559 0.1814 0.355499 -0.175007 -0.0883807 0.988 1.943 2.10099e-317 0 3.52387e-317 4.13003e-27 
 3.415 3.985 -0.883041 0 6.52168e-38 3.4466 3.562 0.1652 0.357234 -0.223805 -0.112294 0.988 1.949 2.10099e-317 0 3.52387e-317 4.13003e-27 
 3.446 3.99 -0.901248 0 6.52168e-38 3.472 3.5659 0.1407 0.35954 -0.220801 -0.110095 1.014 1.942 2.10099e-317 0 3.52387e-317 4.13003e-27 
 3.477 3.997 -0.925197 0 6.52168e-38 3.4932 3.5688 0.12 0.361331 -0.223908 -0.111082 1.011 1.969 2.10099e-317 0 3.52387e-317 4.13003e-27 
 3.505 3.998 -0.947928 0 6.52168e-38 3.5187 3.5716 0.0949 0.363017 -0.199199 -0.0984527 1.02 1.979 2.10099e-317 0 3.52387e-317 4.13003e-27 
 3.547 4.002 -0.969324 0 6.52168e-38 3.5357 3.5731 0.078 0.358315 -0.250756 -0.125308 1.025 1.962 2.10099e-317 0 3.52387e-317 4.13003e-27 
 3.596 4.003 -0.990452 0 6.52168e-38 3.5653 3.575 0.0482 0.356229 -0.286457 -0.143746 1.029 1.986 2.10099e-317 0 3.52387e-317 4.13003e-27 
 3.627 4.009 -1.01651 0 6.52168e-38 3.6035 3.5762 0.0096 0.367799 -0.239452 -0.116655 1.038 2 2.10099e-317 0 3.52387e-317 4.13003e-27 
 3.67 4.009 -1.04464 0 6.52168e-38 3.6205 3.5763 -0.0077 0.362404 -0.280495 -0.138426 1.057 1.994 2.10099e-317 0 3.52387e-317 4.13003e-27 
 3.7 4.018 -1.06824 0 6.52168e-38 3.6544 3.5755 -0.0424 0.375616 -0.250556 -0.119497 1.043 2.02 2.10099e-317 0 3.52387e-317 4.13003e-27 
 3.734 4.01 -1.09774 0 6.52168e-38 3.6756 3.5744 -0.0641 0.37064 -0.24173 -0.11686 1.06 2.032 2.10099e-317 0 3.52387e-317 4.13003e-27 
 3.776 4.012 -1.12416 0 6.52168e-38 3.7011 3.5725 -0.0901 0.373229 -0.26254 -0.125947 1.05 2.074 2.10099e-317 0 3.52387e-317 4.13003e-27 
 3.817 3.997 -1.15082 0 6.52168e-38 3.7266 3.5699 -0.1161 0.365227 -0.267367 -0.131016 1.06 2.077 2.10099e-317 0 3.52387e-317 4.13003e-27 
 3.849 4.002 -1.17951 0 6.52168e-38 3.7563 3.566 -0.1462 0.375521 -0.242657 -0.115793 1.06 2.086 2.10099e-317 0 3.52387e-317 4.13003e-27 
 3.904 3.974 -1.20662 0 6.52168e-38 3.7776 3.5627 -0.1677 0.355297 -0.301835 -0.151739 1.064 2.097 2.10099e-317 0 3.52387e-317 4.13003e-27 
 3.942 3.979 -1.2326 0 6.52168e-38 3.8159 3.5556 -0.2059 0.370106 -0.276566 -0.133705 1.084 2.098 2.10099e-317 0 3.52387e-317 4.13003e-27 
 3.983 3.974 -1.26868 0 6.52168e-38 3.8415 3.5499 -0.2312 0.372063 -0.274707 -0.132126 1.097 2.112 2.10099e-317 0 3.52387e-317 4.13003e-27 
 4.001 3.981 -1.29937 0 6.52168e-38 3.8714 3.5425 -0.2602 0.388072 -0.19686 -0.0910574 1.123 2.101 2.10099e-317 0 3.52387e-317 4.13003e-27 
 4.041 3.979 -1.32974 0 6.52168e-38 3.8799 3.5402 -0.2685 0.38557 -0.2489 -0.115678 1.136 2.118 2.10099e-317 0 3.52387e-317 4.13003e-27 
 4.072 3.971 -1.35023 0 6.52168e-38 3.9056 3.5329 -0.2929 0.388491 -0.23875 -0.110173 1.14 2.111 2.10099e-317 0 3.52387e-317 4.13003e-27 
 4.103 3.97 -1.37786 0 6.52168e-38 3.927 3.5262 -0.3131 0.394816 -0.228199 -0.103665 1.132 2.158 2.10099e-317 0 3.52387e-317 4.13003e-27 
 4.145 3.957 -1.40012 0 6.52168e-38 3.9441 3.5206 -0.329 0.390649 -0.274085 -0.125625 1.115 2.172 2.10099e-317 0 3.52387e-317 4.13003e-27 
 4.183 3.932 -1.42445 0 6.52168e-38 3.9785 3.5083 -0.3603 0.386524 -0.255465 -0.118411 1.125 2.186 2.10099e-317 0 3.52387e-317 4.13003e-27 
 4.219 3.933 -1.45375 0 6.52168e-38 4.0043 3.4983 -0.3832 0.39774 -0.242369 -0.109249 1.156 2.167 2.10099e-317 0 3.52387e-317 4.13003e-27 
 4.259 3.92 -1.48258 0 6.52168e-38 4.0302 3.4876 -0.4054 0.399497 -0.243789 -0.109405 1.167 2.205 2.10099e-317 0 3.52387e-317 4.13003e-27 
 4.299 3.902 -1.50847 0 6.52168e-38 4.0561 3.4762 -0.4268 0.398405 -0.25166 -0.113214 1.186 2.187 2.10099e-317 0 3.52387e-317 4.13003e-27 
 4.33 3.892 -1.53412 0 6.52168e-38 4.0863 3.4621 -0.4508 0.405084 -0.214994 -0.0952439 1.172 2.215 2.10099e-317 0 3.52387e-317 4.13003e-27 
 4.374 3.864 -1.56168 0 6.52168e-38 4.1036 3.4536 -0.4641 0.394528 -0.26314 -0.119484 1.194 2.216 2.10099e-317 0 3.52387e-317 4.13003e-27 
 4.412 3.853 -1.58441 0 6.52168e-38 4.1424 3.4335 -0.4929 0.405706 -0.224656 -0.0993453 1.213 2.23 2.10099e-317 0 3.52387e-317 4.13003e-27 
 4.454 3.826 -1.6116 0 6.52168e-38 4.1682 3.4194 -0.5113 0.400757 -0.240278 -0.107505 1.198 2.244 2.10099e-317 0 3.52387e-317 4.13003e-27 
 4.48 3.8 -1.63521 0 6.52168e-38 4.2069 3.3971 -0.5379 0.400786 -0.171234 -0.0767534 1.205 2.249 2.10099e-317 0 3.52387e-317 4.13003e-27 
 4.517 3.771 -1.65999 0 6.52168e-38 4.2198 3.3894 -0.5465 0.389568 -0.221241 -0.101871 1.211 2.247 2.10099e-317 0 3.52387e-317 4.13003e-27 
 4.553 3.754 -1.67833 0 6.52168e-38 4.2582 3.3654 -0.5717 0.398231 -0.183883 -0.0829241 1.22 2.253 2.10099e-317 0 3.52387e-317 4.13003e-27 
 4.579 3.723 -1.70264 0 6.52168e-38 4.2837 3.3487 -0.5879 0.390287 -0.16073 -0.0739933 1.215 2.279 2.10099e-317 0 3.52387e-317 4.13003e-27 
 4.617 3.701 -1.72122 0 6.52168e-38 4.3091 3.3316 -0.6037 0.391259 -0.176527 -0.0810342 1.206 2.305 2.10099e-317 0 3.52387e-317 4.13003e-27 
 4.635 3.673 -1.73862 0 6.52168e-38 4.3385 3.3109 -0.6217 0.386652 -0.124172 -0.057742 1.239 2.296 2.10099e-317 0 3.52387e-317 4.13003e-27 
 4.666 3.646 -1.75564 0 6.52168e-38 4.3594 3.2958 -0.6343 0.381892 -0.142384 -0.0670105 1.258 2.292 2.10099e-317 0 3.52387e-317 4.13003e-27 
 4.697 3.631 -1.77051 0 6.52168e-38 4.3802 3.2804 -0.6467 0.385964 -0.151214 -0.0704041 1.26 2.304 2.10099e-317 0 3.52387e-317 4.13003e-27 
 4.703 3.613 -1.78621 0 6.52168e-38 4.409 3.2582 -0.6637 0.386424 -0.0538772 -0.0250913 1.244 2.312 2.10099e-317 0 3.52387e-317 4.13003e-27 
 4.727 3.582 -1.80228 0 6.52168e-38 4.4213 3.2486 -0.6709 0.37465 -0.0894561 -0.0429526 1.252 2.312 2.10099e-317 0 3.52387e-317 4.13003e-27 
 4.753 3.548 -1.81098 0 6.52168e-38 4.4458 3.2289 -0.6851 0.367366 -0.101456 -0.0496701 1.282 2.33 2.10099e-317 0 3.52387e-317 4.13003e-27 
 4.785 3.522 -1.82118 0 6.52168e-38 4.466 3.2123 -0.6968 0.365482 -0.137027 -0.0673835 1.305 2.331 2.10099e-317 0 3.52387e-317 4.13003e-27 
 4.825 3.5 -1.83316 0 6.52168e-38 4.494 3.1885 -0.713 0.372228 -0.156164 -0.0753739 1.297 2.343 2.10099e-317 0 3.52387e-317 4.13003e-27 
 4.849 3.481 -1.847 0 6.52168e-38 4.5216 3.1643 -0.7289 0.377145 -0.119291 -0.0568727 1.311 2.358 2.10099e-317 0 3.52387e-317 4.13003e-27 
 4.886 3.457 -1.86336 0 6.52168e-38 4.5451 3.1431 -0.7425 0.380671 -0.139714 -0.0659677 1.321 2.348 2.10099e-317 0 3.52387e-317 4.13003e-27 
 4.917 3.424 -1.87731 0 6.52168e-38 4.5682 3.1216 -0.756 0.377136 -0.159968 -0.0762018 1.334 2.352 2.10099e-317 0 3.52387e-317 4.13003e-27 
 4.937 3.401 -1.89298 0 6.52168e-38 4.5948 3.0962 -0.7717 0.379037 -0.114724 -0.0544271 1.335 2.358 2.10099e-317 0 3.52387e-317 4.13003e-27 
 4.963 3.374 -1.90828 0 6.52168e-38 4.6136 3.0778 -0.7828 0.376843 -0.126076 -0.060148 1.371 2.362 2.10099e-317 0 3.52387e-317 4.13003e-27 
 4.974 3.341 -1.92127 0 6.52168e-38 4.6358 3.0555 -0.7962 0.368231 -0.0914601 -0.0446782 1.367 2.385 2.10099e-317 0 3.52387e-317 4.13003e-27 
 5.001 3.304 -1.93408 0 6.52168e-38 4.654 3.0367 -0.8073 0.360551 -0.12939 -0.0645067 1.369 2.364 2.10099e-317 0 3.52387e-317 4.13003e-27 
 5.034 3.267 -1.94366 0 6.52168e-38 4.6791 3.0101 -0.8229 0.358889 -0.159476 -0.0798152 1.397 2.381 2.10099e-317 0 3.52387e-317 4.13003e-27 
 5.06 3.258 -1.95611 0 6.52168e-38 4.7106 2.9755 -0.8432 0.376758 -0.0847755 -0.0404803 1.4 2.412 2.10099e-317 0 3.52387e-317 4.13003e-27 
 5.083 3.229 -1.97305 0 6.52168e-38 4.7244 2.9599 -0.8522 0.372053 -0.107972 -0.0521895 1.422 2.382 2.10099e-317 0 3.52387e-317 4.13003e-27 
 5.112 3.204 -1.98361 0 6.52168e-38 4.7413 2.9404 -0.8636 0.374404 -0.13766 -0.0660857 1.423 2.405 2.10099e-317 0 3.52387e-317 4.13003e-27 
 5.13 3.175 -1.99518 0 6.52168e-38 4.7612 2.9169 -0.8774 0.372291 -0.12677 -0.0612156 1.43 2.427 2.10099e-317 0 3.52387e-317 4.13003e-27 
 5.157 3.153 -2.00826 0 6.52168e-38 4.7806 2.8932 -0.8914 0.378118 -0.126796 -0.0602871 1.447 2.428 2.10099e-317 0 3.52387e-317 4.13003e-27 
 5.17 3.115 -2.02137 0 6.52168e-38 4.8028 2.8654 -0.908 0.370793 -0.10286 -0.0498916 1.466 2.427 2.10099e-317 0 3.52387e-317 4.13003e-27 
 5.194 3.094 -2.03489 0 6.52168e-38 4.8182 2.8454 -0.92 0.374982 -0.109304 -0.0524206 1.47 2.455 2.10099e-317 0 3.52387e-317 4.13003e-27 
 5.2 3.054 -2.04701 0 6.52168e-38 4.8333 2.8254 -0.9322 0.360845 -0.106315 -0.0529836 1.48 2.456 2.10099e-317 0 3.52387e-317 4.13003e-27 
 5.217 3.005 -2.05969 0 6.52168e-38 4.8509 2.8013 -0.9471 0.347641 -0.139573 -0.0721422 1.503 2.464 2.10099e-317 0 3.52387e-317 4.13003e-27 
 5.243 2.986 -2.07217 0 6.52168e-38 4.8765 2.7651 -0.9701 0.361802 -0.0912231 -0.0453533 1.513 2.468 2.10099e-317 0 3.52387e-317 4.13003e-27 
 5.266 2.947 -2.08668 0 6.52168e-38 4.8901 2.7449 -0.9832 0.35613 -0.136736 -0.0690015 1.497 2.467 2.10099e-317 0 3.52387e-317 4.13003e-27 
 5.279 2.919 -2.09744 0 6.52168e-38 4.9086 2.7167 -1.0021 0.356902 -0.109442 -0.0551402 1.512 2.474 2.10099e-317 0 3.52387e-317 4.13003e-27 
 5.301 2.89 -2.11226 0 6.52168e-38 4.9213 2.6965 -1.016 0.357552 -0.133599 -0.0671557 1.531 2.49 2.10099e-317 0 3.52387e-317 4.13003e-27 
 5.322 2.866 -2.12392 0 6.52168e-38 4.9361 2.6723 -1.0331 0.362974 -0.135596 -0.0671416 1.538 2.497 2.10099e-317 0 3.52387e-317 4.13003e-27 
 5.346 2.835 -2.13738 0 6.52168e-38 4.9503 2.6481 -1.0508 0.366088 -0.159361 -0.0781955 1.557 2.502 2.10099e-317 0 3.52387e-317 4.13003e-27 
 5.355 2.808 -2.15231 0 6.52168e-38 4.9638 2.624 -1.0691 0.365103 -0.135204 -0.0665585 1.556 2.521 2.10099e-317 0 3.52387e-317 4.13003e-27 
 5.373 2.764 -2.16977 0 6.52168e-38 4.9768 2.6 -1.0881 0.358969 -0.171715 -0.0858924 1.553 2.543 2.10099e-317 0 3.52387e-317 4.13003e-27 
 5.392 2.745 -2.18386 0 6.52168e-38 4.9891 2.5761 -1.1078 0.367837 -0.159292 -0.077792 1.566 2.539 2.10099e-317 0 3.52387e-317 4.13003e-27 
 5.418 2.71 -2.20222 0 6.52168e-38 4.9988 2.5562 -1.1248 0.369946 -0.20876 -0.101227 1.579 2.542 2.10099e-317 0 3.52387e-317 4.13003e-27 
 5.415 2.679 -2.22015 0 6.52168e-38 5.0135 2.5246 -1.1533 0.366052 -0.144965 -0.0711639 1.587 2.549 2.10099e-317 0 3.52387e-317 4.13003e-27 
 5.435 2.652 -2.24196 0 6.52168e-38 5.0203 2.5089 -1.1682 0.368515 -0.171722 -0.083681 1.598 2.554 2.10099e-317 0 3.52387e-317 4.13003e-27 
 5.442 2.621 -2.25707 0 6.52168e-38 5.0285 2.4893 -1.1874 0.364951 -0.179047 -0.0880803 1.631 2.563 2.10099e-317 0 3.52387e-317 4.13003e-27 
 5.457 2.583 -2.27482 0 6.52168e-38 5.0376 2.466 -1.2116 0.364385 -0.2088 -0.10278 1.647 2.588 2.10099e-317 0 3.52387e-317 4.13003e-27 
 5.471 2.555 -2.29579 0 6.52168e-38 5.046 2.4429 -1.2369 0.368814 -0.206779 -0.100578 1.648 2.595 2.10099e-317 0 3.52387e-317 4.13003e-27 
 5.49 2.52 -2.31883 0 6.52168e-38 5.0537 2.42 -1.2635 0.373235 -0.232042 -0.111443 1.648 2.6 2.10099e-317 0 3.52387e-317 4.13003e-27 
 5.495 2.482 -2.34087 0 6.52168e-38 5.0606 2.3974 -1.2915 0.369448 -0.242575 -0.11764 1.655 2.609 2.10099e-317 0 3.52387e-317 4.13003e-27 
 5.506 2.442 -2.36411 0 6.52168e-38 5.0677 2.3712 -1.3261 0.371051 -0.261195 -0.126036 1.668 2.603 2.10099e-317 0 3.52387e-317 4.13003e-27 
 5.512 2.406 -2.39059 0 6.52168e-38 5.0729 2.3491 -1.3575 0.370437 -0.268085 -0.129537 1.669 2.598 2.10099e-317 0 3.52387e-317 4.13003e-27 
 5.529 2.371 -2.4178 0 6.52168e-38 5.078 2.3237 -1.3964 0.37977 -0.283277 -0.133467 1.679 2.609 2.10099e-317 0 3.52387e-317 4.13003e-27 
 5.546 2.328 -2.44676 0 6.52168e-38 5.0804 2.3093 -1.4198 0.380968 -0.345877 -0.161988 1.689 2.622 2.10099e-317 0 3.52387e-317 4.13003e-27 
 5.561 2.297 -2.47696 0 6.52168e-38 5.0837 2.2845 -1.463 0.393223 -0.3434 -0.155917 1.711 2.645 2.10099e-317 0 3.52387e-317 4.13003e-27 
 5.568 2.259 -2.51499 0 6.52168e-38 5.0856 2.2636 -1.5023 0.396969 -0.346873 -0.156007 1.731 2.652 2.10099e-317 0 3.52387e-317 4.13003e-27 
 5.589 2.253 -2.54884 0 6.52168e-38 5.0865 2.2465 -1.5368 0.419174 -0.290963 -0.1243 1.736 2.663 2.10099e-317 0 3.52387e-317 4.13003e-27 
 5.602 2.196 -2.58628 0 6.52168e-38 5.0867 2.2397 -1.5511 0.414214 -0.384078 -0.16538 1.749 2.662 2.10099e-317 0 3.52387e-317 4.13003e-27 
 5.593 2.164 -2.61546 0 6.52168e-38 5.0866 2.2129 -1.6108 0.417439 -0.361739 -0.154735 1.732 2.678 2.10099e-317 0 3.52387e-317 4.13003e-27 
 5.581 2.097 -2.6514 0 6.52168e-38 5.0857 2.1966 -1.6504 0.404089 -0.451975 -0.198675 1.772 2.676 2.10099e-317 0 3.52387e-317 4.13003e-27 
