 1.689 0.289 2.16065 0 0 1.5845 0.2783 1.7062 0 0 0 0.38 0.495 -0.0547907 0 0 0 
 1.678 0.291 2.16065 0 0 1.5857 0.2692 1.6878 0.190198 -0.0727326 -0.0687243 0.367 0.499 -0.0547911 0 0 0 
 1.671 0.295 2.16065 0 0 1.5837 0.2845 1.7181 0.195464 -0.115129 -0.105626 0.384 0.495 -0.0541954 0 0 0 
 1.674 0.285 2.16083 0 0 1.5832 0.2876 1.724 0.204306 -0.125145 -0.109813 0.371 0.5 0.00575262 0 0 0 
 1.683 0.291 2.1603 0 0 1.5853 0.2722 1.694 0.193419 -0.0581724 -0.0540838 0.384 0.498 0.093497 0 0 0 
 1.666 0.284 2.16083 0 0 1.5853 0.2722 1.694 0.189272 -0.17511 -0.165018 0.4 0.489 0.168074 0 0 0 
 1.657 0.316 2.15437 0 0 1.5837 0.2845 1.7181 0.178904 -0.127806 -0.127887 0.406 0.504 0.247653 0 0 0 
 1.662 0.328 2.14722 0 0 1.5849 0.2753 1.7001 0.167566 -0.0591661 -0.0634712 0.427 0.533 0.327141 0 0 0 
 1.665 0.339 2.14163 0 0 1.5801 0.3062 1.7577 0.185356 -0.0201717 -0.0195863 0.422 0.546 0.397818 0 0 0 
 1.657 0.356 2.1343 0 0 1.5762 0.325 1.7892 0.184068 -0.0404638 -0.039549 0.458 0.558 0.456507 0 0 0 
 1.652 0.368 2.12365 0 0 1.5769 0.3219 1.7841 0.174959 -0.009466 -0.00973844 0.453 0.585 0.504385 0 0 0 
 1.665 0.381 2.11789 0 0 1.5741 0.3346 1.8041 0.181239 0.0904307 0.0895722 0.466 0.598 0.570645 0 0 0 
 1.65 0.381 2.1151 0 0 1.5693 0.3537 1.8324 0.187457 0.00169347 0.00162611 0.471 0.613 0.626271 0 0 0 
 1.646 0.399 2.10969 0 0 1.5648 0.3699 1.8544 0.188418 0.0409598 0.0391099 0.463 0.629 0.674997 0 0 0 
 1.642 0.39 2.10847 0 0 1.5693 0.3537 1.8324 0.179317 -0.0121636 -0.0122093 0.478 0.635 0.721278 0 0 0 
 1.633 0.397 2.10725 0 0 1.5657 0.3666 1.8501 0.180804 -0.0483596 -0.0481075 0.477 0.632 0.744706 0 0 0 
 1.641 0.412 2.10812 0 0 1.5639 0.3731 1.8586 0.180943 0.04219 0.0419454 0.474 0.644 0.783027 0 0 0 
 1.627 0.44 2.10882 0 0 1.5619 0.3796 1.8669 0.165526 0.0434008 0.0471609 0.475 0.665 0.805228 0 0 0 
 1.633 0.433 2.11161 0 0 1.5568 0.396 1.8869 0.182878 0.0613142 0.0602763 0.467 0.677 0.815793 0 0 0 
 1.621 0.458 2.11405 0 0 1.5535 0.4058 1.8982 0.173115 0.0762101 0.0790757 0.456 0.698 0.82442 0 0 0 
 1.608 0.475 2.1158 0 0 1.5513 0.4124 1.9056 0.161974 0.0322817 0.035859 0.471 0.708 0.826292 0 0 0 
 1.621 0.477 2.11789 0 0 1.5429 0.4357 1.9299 0.183687 0.129675 0.126395 0.45 0.724 0.824971 0 0 0 
 1.629 0.497 2.11859 0 0 1.5351 0.4559 1.949 0.190612 0.22561 0.209911 0.446 0.725 0.823648 0 0 0 
 1.603 0.523 2.11842 0 0 1.5378 0.4491 1.9428 0.163126 0.169881 0.185303 0.442 0.741 0.817102 0 0 0 
 1.602 0.52 2.11947 0 0 1.5365 0.4525 1.9459 0.168454 0.179735 0.189744 0.423 0.765 0.801964 0 0 0 
 1.609 0.54 2.12261 0 0 1.5283 0.4728 1.9638 0.174567 0.274174 0.275517 0.428 0.801 0.759284 0 0 0 
 1.595 0.548 2.13098 0 0 1.5181 0.4967 1.983 0.182199 0.228712 0.222219 0.412 0.837 0.708409 0 0 0 
 1.583 0.572 2.13709 0 0 1.5167 0.5001 1.9856 0.168802 0.244418 0.25496 0.403 0.858 0.635709 0 0 0 
 1.582 0.579 2.1418 0 0 1.5121 0.5104 1.9932 0.172364 0.259182 0.264331 0.398 0.87 0.560505 0 0 0 
 1.575 0.603 2.14861 0 0 1.4994 0.5381 2.012 0.176735 0.288272 0.285572 0.392 0.9 0.483355 0 0 0 
 1.563 0.597 2.15385 0 0 1.4944 0.5485 2.0185 0.18202 0.207945 0.202811 0.389 0.93 0.406742 0 0 0 
 1.578 0.609 2.15996 0 0 1.491 0.5555 2.0227 0.190212 0.33375 0.305917 0.361 0.952 0.332224 0 0 0 
 1.574 0.628 2.16659 0 0 1.4859 0.566 2.0287 0.186469 0.363019 0.337053 0.363 0.965 0.259642 0 0 0 
 1.558 0.639 2.17531 0 0 1.4807 0.5765 2.0345 0.181822 0.314002 0.301386 0.362 0.998 0.198394 0 0 0 
 1.542 0.639 2.19137 0 0 1.4842 0.5695 2.0307 0.170712 0.232805 0.240711 0.363 1.023 0.120007 0 0 0 
 1.575 0.659 2.20655 0 0 1.4718 0.5942 2.0436 0.192178 0.417593 0.372838 0.376 1.048 0.0643283 0 0 0 
 1.552 0.682 2.23012 0 0 1.47 0.5977 2.0454 0.172906 0.367108 0.365041 0.386 1.064 0.0127511 0 0 0 
 1.557 0.684 2.24547 0 0 1.4627 0.6119 2.0521 0.184583 0.374048 0.349763 0.389 1.102 -0.0317978 0 0 0 
 1.546 0.719 2.25647 0 0 1.459 0.619 2.0553 0.169625 0.442418 0.438933 0.385 1.131 -0.0634699 0 0 0 
 1.531 0.707 2.26764 0 0 1.4533 0.6297 2.0599 0.172526 0.304754 0.307848 0.407 1.147 -0.0900937 0 0 0 
 1.524 0.73 2.28649 0 0 1.4359 0.6619 2.0724 0.177757 0.296827 0.291982 0.433 1.185 -0.117976 0 0 0 
 1.521 0.75 2.29591 0 0 1.4359 0.6619 2.0724 0.166761 0.353224 0.364254 0.444 1.205 -0.134561 0 0 0 
 1.514 0.743 2.30988 0 0 1.428 0.6763 2.0773 0.173363 0.259783 0.263459 0.463 1.219 -0.153847 0 0 0 
 1.509 0.745 2.32628 0 0 1.4179 0.6943 2.083 0.179931 0.205019 0.202292 0.481 1.243 -0.160016 0 0 0 
 1.5 0.749 2.33553 0 0 1.4179 0.6943 2.083 0.171548 0.17998 0.186649 0.501 1.268 -0.167215 0 0 0 
 1.503 0.752 2.34234 0 0 1.4159 0.6979 2.0841 0.170482 0.189753 0.197728 0.528 1.279 -0.173849 0 0 0 
 1.483 0.78 2.35054 0 0 1.4098 0.7088 2.0872 0.152128 0.207714 0.240994 0.55 1.321 -0.175475 0 0 0 
 1.483 0.78 2.35804 0 0 1.4077 0.7124 2.0881 0.159802 0.20535 0.227306 0.526 1.333 -0.174694 0 0 0 
 1.478 0.805 2.3645 0 0 1.4015 0.7233 2.091 0.152309 0.26602 0.304601 0.533 1.349 -0.175039 0 0 0 
 1.47 0.828 2.38196 0 0 1.4015 0.7233 2.091 0.135238 0.329195 0.412959 0.554 1.371 -0.173527 0 0 0 
 1.464 0.824 2.39173 0 0 1.3804 0.7598 2.0991 0.154992 0.211875 0.241269 0.57 1.391 -0.173078 0 0 0 
 1.448 0.828 2.39958 0 0 1.3762 0.7671 2.1005 0.147044 0.168108 0.202952 0.594 1.425 -0.172552 0 0 0 
 1.438 0.844 2.41424 0 0 1.3719 0.7744 2.1018 0.138166 0.189006 0.241432 0.605 1.447 -0.171156 0 0 0 
 1.422 0.849 2.42349 0 0 1.3654 0.7854 2.1037 0.129119 0.14667 0.201687 0.637 1.47 -0.169526 0 0 0 
 1.403 0.845 2.43012 0 0 1.3524 0.8074 2.1068 0.130627 0.0206573 0.0284576 0.657 1.485 -0.165176 0 0 0 
 1.41 0.887 2.44077 0 0 1.3502 0.8111 2.1073 0.122661 0.240149 0.338819 0.655 1.52 -0.160742 0 0 0 
 1.384 0.882 2.44723 0 0 1.348 0.8148 2.1077 0.111255 0.140383 0.223337 0.67 1.541 -0.147768 0 0 0 
 1.378 0.845 2.45613 0 0 1.3348 0.8369 2.11 0.14176 -0.103116 -0.130192 0.687 1.568 -0.131115 0 0 0 
 1.387 0.878 2.4584 0 0 1.3414 0.8258 2.1089 0.125927 0.135916 0.191888 0.705 1.596 -0.111926 0 0 0 
 1.396 0.903 2.46276 0 0 1.3326 0.8406 2.1103 0.12742 0.270447 0.364936 0.732 1.617 -0.100133 0 0 0 
 1.386 0.899 2.46939 0 0 1.3304 0.8443 2.1106 0.12433 0.229361 0.320603 0.751 1.628 -0.0864827 0 0 0 
 1.376 0.896 2.46904 0 0 1.3282 0.848 2.1109 0.124346 0.186832 0.264134 0.763 1.649 -0.0696652 0 0 0 
 1.366 0.916 2.4687 0 0 1.3215 0.859 2.1116 0.113834 0.251278 0.378207 0.776 1.656 -0.0459029 0 0 0 
 1.373 0.907 2.47515 0 0 1.3237 0.8553 2.1114 0.12469 0.234786 0.326781 0.789 1.683 -0.0262397 0 0 0 
 1.379 0.913 2.48021 0 0 1.3037 0.8886 2.1128 0.148848 0.184612 0.219647 0.8 1.71 -0.00762074 0 0 0 
 1.342 0.928 2.4851 0 0 1.3149 0.8701 2.1122 0.110802 0.247511 0.382302 0.824 1.736 0.0108821 0 0 0 
 1.333 0.945 2.49278 0 0 1.3082 0.8812 2.1126 0.104094 0.318778 0.503791 0.853 1.754 0.0168605 0 0 0 
 1.333 0.951 2.49924 0 0 1.2948 0.9034 2.113 0.119251 0.270567 0.387725 0.86 1.782 0.0329342 0 0 0 
 1.322 0.932 2.50535 0 0 1.2836 0.922 2.1128 0.137957 0.0614583 0.0800165 0.872 1.81 0.0426331 0 0 0 
 1.294 0.968 2.51582 0 0 1.2881 0.9146 2.1129 0.105743 0.2146 0.350241 0.878 1.841 0.0573406 0 0 0 
 1.322 0.973 2.52664 0 0 1.2881 0.9146 2.1129 0.125747 0.28939 0.392727 0.903 1.878 0.0589229 0 0 0 
 1.325 0.949 2.5406 0 0 1.2636 0.9554 2.1114 0.164951 0.0101834 0.011112 0.93 1.905 0.0619506 0 0 0 
 1.275 0.98 2.55474 0 0 1.2792 0.9294 2.1126 0.115034 0.131927 0.203575 0.939 1.943 0.0606236 0 0 0 
 1.289 0.969 2.56207 0 0 1.2814 0.9257 2.1127 0.125745 0.103964 0.147737 0.95 1.947 0.0597745 0 0 0 
 1.242 0.985 2.57708 0 0 1.2546 0.9702 2.1103 0.121905 -0.085128 -0.12504 0.948 1.971 0.0576256 0 0 0 
 1.238 0.987 2.58249 0 0 1.2636 0.9554 2.1114 0.114987 -0.0468916 -0.0732727 0.979 1.999 0.0564492 0 0 0 
 1.249 0.981 2.58703 0 0 1.2435 0.9888 2.1086 0.151094 -0.242702 -0.281459 0.997 2.054 0.0537849 0 0 0 
 1.263 1.016 2.58947 0 0 1.248 0.9814 2.1093 0.145991 -0.0116465 -0.0143586 1.018 2.099 0.0436437 0 0 0 
 1.256 1.002 2.58912 0 0 1.2458 0.9851 2.109 0.154287 -0.169849 -0.195622 1.024 2.131 0.0206066 0 0 0 
 1.261 0.997 2.58929 0 0 1.2391 0.9962 2.1078 0.168612 -0.251821 -0.26262 1.035 2.16 -0.00705266 0 0 0 
 1.218 1.01 2.58319 0 0 1.2413 0.9925 2.1082 0.142388 -0.291799 -0.353393 1.06 2.181 -0.0425736 0 0 0 
 1.204 1.033 2.57463 0 0 1.2325 1.0073 2.1064 0.139634 -0.27689 -0.342839 1.07 2.221 -0.0720252 0 0 0 
 1.201 1.021 2.56643 0 0 1.2281 1.0148 2.1054 0.151731 -0.417075 -0.459463 1.079 2.263 -0.0972078 0 0 0 
 1.197 1.02 2.5516 0 0 1.2171 1.0333 2.1026 0.164696 -0.495731 -0.496523 1.099 2.289 -0.125826 0 0 0 
 1.215 1.028 2.53659 0 0 1.2215 1.0259 2.1038 0.169792 -0.388771 -0.390932 1.128 2.337 -0.154259 0 0 0 
 1.236 1.02 2.52769 0 0 1.2193 1.0296 2.1032 0.187226 -0.374417 -0.345526 1.154 2.366 -0.169401 0 0 0 
 1.208 1.024 2.50779 0 0 1.2106 1.0444 2.1007 0.184889 -0.482251 -0.438951 1.179 2.399 -0.20499 0 0 0 
 1.218 1.017 2.48632 0 0 1.2259 1.0185 2.1049 0.179278 -0.411115 -0.391468 1.204 2.446 -0.227392 0 0 0 
 1.23 1.046 2.46992 0 0 1.2259 1.0185 2.1049 0.175515 -0.224229 -0.226029 1.233 2.49 -0.247317 0 0 0 
 1.207 1.052 2.44321 0 0 1.215 1.037 2.102 0.176804 -0.309517 -0.305263 1.272 2.522 -0.267575 0 0 0 
 1.227 1.055 2.42454 0 0 1.2128 1.0407 2.1013 0.188284 -0.214818 -0.20255 1.3 2.551 -0.288322 0 0 0 
 1.208 1.09 2.39609 0 0 1.215 1.037 2.102 0.165357 -0.0991346 -0.107497 1.345 2.577 -0.305535 0 0 0 
 1.216 1.056 2.38422 0 0 1.2019 1.0593 2.0979 0.198091 -0.258786 -0.230956 1.371 2.624 -0.318875 0 0 0 
 1.166 1.097 2.36904 0 0 1.1998 1.063 2.0971 0.163616 -0.286964 -0.305797 1.411 2.647 -0.329031 0 0 0 
 1.154 1.121 2.35333 0 0 1.1998 1.063 2.0971 0.149499 -0.224867 -0.264406 1.432 2.671 -0.339579 0 0 0 
 1.161 1.141 2.34146 0 0 1.1701 1.1148 2.0847 0.17771 -0.204111 -0.203869 1.465 2.689 -0.345328 0 0 0 
 1.141 1.145 2.33344 0 0 1.1556 1.1406 2.077 0.185291 -0.319708 -0.301133 1.512 2.732 -0.350307 0 0 0 
 1.168 1.133 2.32296 0 0 1.1495 1.1516 2.0733 0.208751 -0.260931 -0.221309 1.547 2.762 -0.353184 0 0 0 
 1.143 1.15 2.31302 0 0 1.1556 1.1406 2.077 0.185127 -0.273863 -0.26024 1.585 2.769 -0.36137 0 0 0 
 1.131 1.167 2.30132 0 0 1.1638 1.1258 2.0815 0.164105 -0.224688 -0.241636 1.607 2.795 -0.365699 0 0 0 
 1.12 1.197 2.2905 0 0 1.1475 1.1553 2.0721 0.166 -0.201169 -0.214771 1.653 2.834 -0.36596 0 0 0 
 1.109 1.205 2.26991 0 0 1.1335 1.181 2.0628 0.175658 -0.249329 -0.250141 1.693 2.865 -0.366913 0 0 0 
 1.106 1.201 2.25979 0 0 1.1238 1.1993 2.0554 0.18858 -0.298955 -0.277966 1.725 2.884 -0.369152 0 0 0 
 1.138 1.212 2.24617 0 0 1.1161 1.2139 2.0491 0.204782 -0.124139 -0.108686 1.767 2.899 -0.371047 0 0 0 
 1.128 1.243 2.23588 0 0 1.1143 1.2175 2.0475 0.189498 -0.0533942 -0.0506746 1.801 2.93 -0.371702 0 0 0 
 1.103 1.243 2.23081 0 0 1.118 1.2102 2.0507 0.176091 -0.151922 -0.154064 1.817 2.946 -0.371847 0 0 0 
 1.09 1.257 2.21738 0 0 1.1068 1.2321 2.0407 0.179271 -0.187649 -0.186229 1.838 2.957 -0.371364 0 0 0 
 1.086 1.289 2.2083 0 0 1.0958 1.2539 2.0298 0.176772 -0.122071 -0.123666 1.869 3.002 -0.370402 0 0 0 
 1.067 1.314 2.20289 0 0 1.0923 1.2611 2.0259 0.16304 -0.133571 -0.146411 1.887 3.017 -0.36876 0 0 0 
 1.067 1.327 2.19643 0 0 1.0801 1.2864 2.0116 0.172719 -0.128442 -0.133066 1.912 3.041 -0.369872 0 0 0 
 1.07 1.317 2.1898 0 0 1.0636 1.3223 1.9887 0.200624 -0.208513 -0.18494 1.941 3.073 -0.368626 0 0 0 
 1.094 1.32 2.1802 0 0 1.0636 1.3223 1.9887 0.207492 -0.0759265 -0.0657715 1.971 3.095 -0.368149 0 0 0 
 1.059 1.335 2.17514 0 0 1.0668 1.3152 1.9935 0.184524 -0.174121 -0.168247 1.997 3.119 -0.367774 0 0 0 
 1.046 1.368 2.17025 0 0 1.0684 1.3116 1.9959 0.162228 -0.115963 -0.127964 2.027 3.132 -0.368722 0 0 0 
 1.057 1.381 2.1603 0 0 1.0512 1.3508 1.9681 0.183388 -0.0870052 -0.0851914 2.044 3.154 -0.36921 0 0 0 
 1.057 1.398 2.15332 0 0 1.0497 1.3543 1.9654 0.177407 -0.0312838 -0.0317304 2.063 3.198 -0.369362 0 0 0 
 1.038 1.408 2.14861 0 0 1.0425 1.372 1.9513 0.176906 -0.126355 -0.127863 2.101 3.213 -0.369457 0 0 0 
 1.039 1.404 2.14215 0 0 1.029 1.4072 1.9204 0.199751 -0.205135 -0.182788 2.122 3.227 -0.371591 0 0 0 
 1.045 1.411 2.13797 0 0 1.0369 1.3861 1.9394 0.186192 -0.102459 -0.0987295 2.151 3.256 -0.374654 0 0 0 
 1.045 1.436 2.135 0 0 1.0303 1.4037 1.9236 0.184053 -0.0607885 -0.0593801 2.18 3.281 -0.377597 0 0 0 
 1.015 1.44 2.12941 0 0 1.029 1.4072 1.9204 0.17496 -0.201297 -0.204209 2.213 3.285 -0.380132 0 0 0 
 1.04 1.44 2.12139 0 0 1.0228 1.4246 1.9035 0.192692 -0.109203 -0.101659 2.226 3.306 -0.381965 0 0 0 
 1.029 1.446 2.11563 0 0 1.0204 1.4315 1.8964 0.190414 -0.156171 -0.146571 2.257 3.323 -0.385966 0 0 0 
 1 1.464 2.11196 0 0 1.0192 1.435 1.8929 0.174912 -0.254298 -0.255955 2.281 3.343 -0.388166 0 0 0 
 1.008 1.457 2.10515 0 0 1.0104 1.4625 1.8626 0.196291 -0.294285 -0.263581 2.307 3.375 -0.390389 0 0 0 
 0.996 1.5 2.09957 0 0 1.0125 1.4557 1.8705 0.167414 -0.208457 -0.220485 2.326 3.392 -0.392726 0 0 0 
 0.976 1.532 2.08997 0 0 1.0104 1.4625 1.8626 0.149485 -0.228941 -0.268995 2.356 3.407 -0.398013 0 0 0 
 0.97 1.529 2.07583 0 0 0.9992 1.5034 1.8119 0.171998 -0.373162 -0.372311 2.377 3.442 -0.401644 0 0 0 
 0.966 1.555 2.06903 0 0 0.9916 1.5369 1.767 0.174838 -0.41672 -0.405275 2.408 3.462 -0.408322 0 0 0 
 0.959 1.586 2.05768 0 0 0.9923 1.5336 1.7715 0.155737 -0.351373 -0.385767 2.444 3.481 -0.414854 0 0 0 
 0.945 1.584 2.04826 0 0 0.9857 1.57 1.7216 0.172188 -0.537262 -0.511732 2.461 3.509 -0.420792 0 0 0 
 0.941 1.575 2.03098 0 0 0.983 1.5896 1.6943 0.187235 -0.620973 -0.523599 2.502 3.516 -0.430198 0 0 0 
 0.932 1.586 2.01859 0 0 0.983 1.5896 1.6943 0.180431 -0.633077 -0.523599 2.524 3.547 -0.439943 0 0 0 
 0.963 1.596 2.00445 0 0 0.983 1.5896 1.6943 0.182558 -0.431677 -0.402402 2.555 3.561 -0.449883 0 0 0 
 0.991 1.586 1.96937 0 0 0.9843 1.5798 1.708 0.191254 -0.237939 -0.220304 2.581 3.583 -0.460314 0 0 0 
 0.952 1.594 1.94895 0 0 0.9826 1.5928 1.6897 0.186842 -0.449119 -0.408351 2.614 3.594 -0.469924 0 0 0 
 0.933 1.628 1.92731 0 0 0.9822 1.5961 1.6852 0.167664 -0.481208 -0.47685 2.646 3.613 -0.478065 0 0 0 
 0.925 1.637 1.90375 0 0 0.9822 1.5961 1.6852 0.162917 -0.491958 -0.497873 2.676 3.625 -0.490692 0 0 0 
 0.957 1.654 1.88403 0 0 0.9778 1.6537 1.6032 0.188773 -0.422886 -0.38329 2.707 3.647 -0.498821 0 0 0 
 0.962 1.632 1.87111 0 0 0.9782 1.6442 1.6168 0.198053 -0.387303 -0.338455 2.726 3.664 -0.507923 0 0 0 
 0.946 1.66 1.84458 0 0 0.9782 1.6442 1.6168 0.181525 -0.410794 -0.386821 2.757 3.687 -0.517785 0 0 0 
 0.941 1.682 1.82765 0 0 0.9784 1.6411 1.6214 0.167673 -0.387383 -0.394106 2.786 3.708 -0.528369 0 0 0 
 0.943 1.683 1.80793 0 0 0.9778 1.6537 1.6032 0.175029 -0.389851 -0.381302 2.813 3.741 -0.538629 0 0 0 
 0.954 1.703 1.77338 0 0 0.9774 1.6851 1.5579 0.182789 -0.353607 -0.335081 2.846 3.762 -0.550805 0 0 0 
 0.959 1.732 1.75976 0 0 0.9774 1.6726 1.576 0.160582 -0.250207 -0.273438 2.873 3.771 -0.567201 0 0 0 
 0.954 1.713 1.74458 0 0 0.978 1.7068 1.5265 0.189791 -0.372531 -0.339623 2.899 3.79 -0.586879 0 0 0 
 0.96 1.755 1.72049 0 0 0.9795 1.7312 1.491 0.179627 -0.348779 -0.336233 2.915 3.801 -0.601813 0 0 0 
 0.957 1.782 1.70723 0 0 0.9786 1.719 1.5087 0.158071 -0.30317 -0.332417 2.951 3.814 -0.611842 0 0 0 
 0.961 1.776 1.69519 0 0 0.9821 1.7584 1.4515 0.182787 -0.380646 -0.358632 2.979 3.829 -0.625001 0 0 0 
 0.972 1.807 1.6739 0 0 0.9836 1.7703 1.4342 0.172372 -0.314607 -0.317422 3.019 3.838 -0.640892 0 0 0 
 0.945 1.814 1.66377 0 0 0.9832 1.7674 1.4385 0.166669 -0.455908 -0.457527 3.046 3.865 -0.656634 0 0 0 
 0.956 1.796 1.65191 0 0 0.9873 1.794 1.4001 0.191934 -0.456039 -0.404141 3.07 3.864 -0.672078 0 0 0 
 0.971 1.844 1.62991 0 0 0.9878 1.7969 1.3959 0.166753 -0.347198 -0.358578 3.108 3.88 -0.68862 0 0 0 
 0.962 1.858 1.61787 0 0 0.991 1.8144 1.3707 0.168366 -0.43839 -0.438282 3.144 3.89 -0.703458 0 0 0 
 0.967 1.855 1.60269 0 0 0.9961 1.8375 1.3379 0.183072 -0.459976 -0.424729 3.174 3.911 -0.72236 0 0 0 
 0.956 1.876 1.57895 0 0 0.9974 1.8432 1.3298 0.175764 -0.520855 -0.490014 3.21 3.923 -0.739608 0 0 0 
 0.967 1.881 1.55923 0 0 1.0003 1.8546 1.3137 0.179766 -0.470826 -0.440538 3.245 3.939 -0.765839 0 0 0 
 0.971 1.89 1.53689 0 0 1.0057 1.8743 1.2861 0.186314 -0.482162 -0.435934 3.278 3.946 -0.789682 0 0 0 
 0.986 1.891 1.52275 0 0 1.0082 1.8826 1.2745 0.190158 -0.404588 -0.365743 3.305 3.962 -0.8125 0 0 0 
 0.993 1.913 1.50042 0 0 1.0057 1.8743 1.2861 0.173676 -0.332134 -0.331522 3.344 3.965 -0.83343 0 0 0 
 0.987 1.948 1.46656 0 0 1.0091 1.8854 1.2706 0.161781 -0.394426 -0.413538 3.373 3.976 -0.859668 0 0 0 
 0.997 1.95 1.44596 0 0 1.0153 1.9047 1.2441 0.171518 -0.369343 -0.369777 3.404 3.973 -0.88137 0 0 0 
 1.014 1.942 1.42292 0 0 1.024 1.9292 1.2108 0.189197 -0.303749 -0.281319 3.434 3.989 -0.899533 0 0 0 
 1.013 1.961 1.40355 0 0 1.026 1.9346 1.2036 0.182401 -0.324528 -0.309936 3.471 3.989 -0.922632 0 0 0 
 1.02 1.979 1.39011 0 0 1.025 1.9319 1.2072 0.17032 -0.286514 -0.294022 3.498 4.001 -0.941188 0 0 0 
 1.018 1.972 1.37545 0 0 1.0356 1.9586 1.1718 0.190601 -0.341058 -0.311596 3.541 4 -0.96733 0 0 0 
 1.029 1.986 1.35032 0 0 1.0413 1.9717 1.1546 0.189883 -0.305274 -0.281691 3.59 3.999 -0.98573 0 0 0 
 1.037 2 1.33758 0 0 1.0356 1.9586 1.1718 0.173625 -0.235788 -0.239744 3.619 4.008 -1.01357 0 0 0 
 1.057 1.994 1.32798 0 0 1.0495 1.9899 1.1312 0.192683 -0.181394 -0.167859 3.652 4.013 -1.03756 0 0 0 
 1.054 2.004 1.31227 0 0 1.0507 1.9924 1.1279 0.189553 -0.203605 -0.190988 3.702 4.018 -1.06594 0 0 0 
 1.06 2.032 1.29517 0 0 1.0594 2.0103 1.1052 0.184171 -0.243261 -0.233417 3.73 4.015 -1.09215 0 0 0 
 1.05 2.072 1.2861 0 0 1.0594 2.0103 1.1052 0.164228 -0.364049 -0.379654 3.769 4.011 -1.12149 0 0 0 
 1.053 2.079 1.27039 0 0 1.0765 2.0428 1.065 0.180511 -0.424743 -0.400633 3.81 4.003 -1.14546 0 0 0 
 1.059 2.079 1.26166 0 0 1.0834 2.0551 1.0502 0.187356 -0.41256 -0.377365 3.839 4.002 -1.17668 0 0 0 
 1.054 2.101 1.25643 0 0 1.0876 2.0624 1.0414 0.181354 -0.497183 -0.458411 3.899 3.976 -1.20418 0 0 0 
 1.08 2.094 1.24072 0 0 1.0919 2.0697 1.0328 0.184911 -0.343555 -0.322737 3.937 3.981 -1.22977 0 0 0 
 1.087 2.114 1.22047 0 0 1.0962 2.0769 1.0243 0.178085 -0.34641 -0.336795 3.974 3.977 -1.26522 0 0 0 
 1.117 2.108 1.19674 0 0 1.1021 2.0864 1.0132 0.181628 -0.169883 -0.166796 3.992 3.981 -1.29639 0 0 0 
 1.141 2.119 1.17614 0 0 1.1126 2.1029 0.9943 0.181508 -0.0849281 -0.0840242 4.03 3.975 -1.32727 0 0 0 
 1.133 2.107 1.16148 0 0 1.1141 2.1052 0.9916 0.191654 -0.0920475 -0.0862359 4.063 3.979 -1.34821 0 0 0 
 1.132 2.158 1.13879 0 0 1.1264 2.1237 0.9709 0.177735 -0.243686 -0.241956 4.094 3.972 -1.37495 0 0 0 
 1.115 2.172 1.12972 0 0 1.1248 2.1214 0.9734 0.173918 -0.358023 -0.354858 4.136 3.961 -1.39798 0 0 0 
 1.135 2.18 1.12239 0 0 1.1438 2.1485 0.9437 0.182882 -0.326851 -0.311244 4.173 3.937 -1.42182 0 0 0 
 1.155 2.174 1.11349 0 0 1.1503 2.1574 0.9341 0.186906 -0.218121 -0.207051 4.208 3.941 -1.45106 0 0 0 
 1.164 2.19 1.10703 0 0 1.1552 2.1639 0.9271 0.180865 -0.223893 -0.21924 4.25 3.927 -1.47949 0 0 0 
 1.198 2.172 1.09115 0 0 1.1568 2.1661 0.9248 0.183073 0.013407 0.0131812 4.295 3.912 -1.50571 0 0 0 
 1.172 2.217 1.07352 0 0 1.1785 2.1941 0.8959 0.187201 -0.295239 -0.276604 4.334 3.894 -1.53138 0 0 0 
 1.194 2.216 1.06322 0 0 1.1785 2.1941 0.8959 0.181572 -0.170191 -0.167144 4.367 3.876 -1.55903 0 0 0 
 1.215 2.218 1.05293 0 0 1.1853 2.2025 0.8873 0.180692 -0.0781201 -0.0776646 4.408 3.858 -1.58198 0 0 0 
 1.195 2.254 1.04839 0 0 1.1904 2.2087 0.8811 0.173246 -0.29981 -0.301972 4.445 3.827 -1.60931 0 0 0 
 1.205 2.249 1.03949 0 0 1.211 2.2332 0.857 0.19072 -0.279306 -0.257743 4.477 3.8 -1.63271 0 0 0 
 1.207 2.254 1.02867 0 0 1.211 2.2332 0.857 0.188088 -0.273993 -0.256437 4.514 3.779 -1.6578 0 0 0 
 1.228 2.259 1.02622 0 0 1.2145 2.2372 0.8532 0.182011 -0.192096 -0.187737 4.542 3.755 -1.67613 0 0 0 
 1.202 2.282 1.0154 0 0 1.218 2.2412 0.8494 0.182763 -0.392221 -0.368633 4.571 3.731 -1.70015 0 0 0 
 1.225 2.282 0.999172 0 0 1.225 2.2491 0.8419 0.181658 -0.281443 -0.271964 4.602 3.702 -1.71937 0 0 0 
 1.242 2.298 0.986955 0 0 1.2355 2.2608 0.831 0.177569 -0.265039 -0.262469 4.629 3.688 -1.73667 0 0 0 
 1.247 2.293 0.978228 0 0 1.2443 2.2703 0.8222 0.185828 -0.23565 -0.224415 4.668 3.658 -1.75436 0 0 0 
 1.248 2.31 0.961823 0 0 1.2549 2.2816 0.8119 0.186844 -0.295794 -0.277601 4.691 3.633 -1.76922 0 0 0 
 1.259 2.315 0.947337 0 0 1.262 2.2891 0.8053 0.186998 -0.26165 -0.246726 4.704 3.612 -1.78441 0 0 0 
 1.252 2.312 0.936167 0 0 1.2691 2.2964 0.7988 0.19711 -0.284803 -0.254443 4.718 3.58 -1.79806 0 0 0 
 1.275 2.321 0.923601 0 0 1.2637 2.2909 0.8037 0.180642 -0.188991 -0.18614 4.755 3.557 -1.81 0 0 0 
 1.296 2.316 0.910511 0 0 1.2726 2.3 0.7957 0.182854 -0.0775978 -0.0762384 4.776 3.534 -1.82009 0 0 0 
 1.294 2.351 0.900563 0 0 1.2921 2.3196 0.7789 0.183711 -0.242747 -0.233505 4.821 3.498 -1.83162 0 0 0 
 1.312 2.354 0.890441 0 0 1.3044 2.3317 0.7689 0.185683 -0.183919 -0.176436 4.845 3.482 -1.84548 0 0 0 
 1.319 2.342 0.878747 0 0 1.3062 2.3334 0.7675 0.190086 -0.098716 -0.0932072 4.871 3.464 -1.86167 0 0 0 
 1.322 2.34 0.873686 0 0 1.3202 2.3468 0.7566 0.200968 -0.0965945 -0.0863014 4.91 3.429 -1.87431 0 0 0 
 1.335 2.358 0.866705 0 0 1.322 2.3485 0.7553 0.189578 -0.102479 -0.0969963 4.925 3.408 -1.89123 0 0 0 
 1.372 2.361 0.854663 0 0 1.3307 2.3567 0.7489 0.181209 0.049055 0.0486892 4.951 3.379 -1.9072 0 0 0 
 1.362 2.38 0.851347 0 0 1.3325 2.3583 0.7477 0.177976 -0.0697359 -0.0704125 4.973 3.343 -1.91997 0 0 0 
 1.371 2.362 0.847507 0 0 1.3549 2.3788 0.7322 0.199807 0.0054188 0.0048816 4.995 3.312 -1.93318 0 0 0 
 1.397 2.381 0.841398 0 0 1.3651 2.3879 0.7256 0.189293 0.0365891 0.0347787 5.025 3.279 -1.94247 0 0 0 
 1.397 2.403 0.842969 0 0 1.3549 2.3788 0.7322 0.171793 -0.0329125 -0.0344713 5.053 3.259 -1.95201 0 0 0 
 1.423 2.38 0.843493 0 0 1.3802 2.4012 0.7163 0.191349 0.125929 0.11791 5.074 3.237 -1.97151 0 0 0 
 1.429 2.404 0.843318 0 0 1.3967 2.4154 0.7069 0.190614 0.0327319 0.0308995 5.109 3.212 -1.98153 0 0 0 
 1.434 2.402 0.841922 0 0 1.3951 2.414 0.7078 0.188428 0.0666362 0.06357 5.125 3.178 -1.9944 0 0 0 
 1.447 2.428 0.841224 0 0 1.408 2.425 0.701 0.181522 0.00298068 0.00295568 5.152 3.163 -2.00581 0 0 0 
 1.466 2.427 0.846983 0 0 1.4222 2.4369 0.6941 0.185175 0.0603985 0.0586432 5.172 3.119 -2.02001 0 0 0 
 1.465 2.448 0.852045 0 0 1.4299 2.4433 0.6906 0.181743 -0.0428527 -0.0424163 5.182 3.104 -2.0335 0 0 0 
 1.491 2.441 0.855186 0 0 1.4435 2.4545 0.6851 0.18503 0.072421 0.070336 5.19 3.066 -2.04567 0 0 0 
 1.507 2.481 0.860422 0 0 1.4594 2.4674 0.6798 0.172482 -0.0399558 -0.0416732 5.219 3.009 -2.05838 0 0 0 
 1.513 2.468 0.862516 0 0 1.4664 2.4731 0.6779 0.181174 0.0222206 0.022073 5.239 2.987 -2.07064 0 0 0 
 1.497 2.466 0.862865 0 0 1.4851 2.4881 0.6747 0.201648 -0.0733373 -0.0653707 5.265 2.952 -2.08544 0 0 0 
 1.522 2.469 0.862342 0 0 1.4851 2.4881 0.6747 0.19098 0.0266605 0.0251224 5.271 2.927 -2.09606 0 0 0 
 1.533 2.498 0.863738 0 0 1.4825 2.486 0.6749 0.171854 -0.0287809 -0.0301361 5.301 2.89 -2.11073 0 0 0 
 1.522 2.49 0.868276 0 0 1.4952 2.4961 0.6744 0.188715 -0.0728716 -0.0693946 5.317 2.875 -2.12269 0 0 0 
 1.557 2.502 0.868625 0 0 1.5138 2.511 0.6767 0.184045 0.0139539 0.0136464 5.345 2.84 -2.1361 0 0 0 
 1.567 2.517 0.868974 0 0 1.5213 2.5171 0.6781 0.179128 -0.00636123 -0.00639212 5.358 2.811 -2.15062 0 0 0 
 1.553 2.53 0.868799 0 0 1.5372 2.5299 0.6824 0.190416 -0.137094 -0.128876 5.377 2.772 -2.16795 0 0 0 
 1.57 2.535 0.866705 0 0 1.5445 2.5359 0.6853 0.187351 -0.0847876 -0.0812812 5.379 2.749 -2.18238 0 0 0 
 1.585 2.538 0.86496 0 0 1.5532 2.543 0.6894 0.187017 -0.0348676 -0.0335467 5.415 2.715 -2.20052 0 0 0 
 1.582 2.559 0.863563 0 0 1.5589 2.5478 0.6929 0.183249 -0.13014 -0.127144 5.415 2.685 -2.21815 0 0 0 
 1.599 2.554 0.862342 0 0 1.5675 2.5549 0.6991 0.185687 -0.0382985 -0.0371085 5.435 2.65 -2.24 0 0 0 
 1.631 2.573 0.859549 0 0 1.5762 2.5623 0.707 0.17208 0.0352696 0.0368762 5.44 2.632 -2.25533 0 0 0 
 1.647 2.588 0.855535 0 0 1.5837 2.5687 0.7154 0.165348 0.0543511 0.0590983 5.451 2.589 -2.27293 0 0 0 
 1.639 2.571 0.854313 0 0 1.6064 2.5891 0.7495 0.194569 0.0944878 0.0871909 5.465 2.562 -2.29331 0 0 0 
 1.642 2.592 0.852568 0 0 1.6173 2.5994 0.7682 0.193099 0.0423529 0.0394593 5.487 2.524 -2.3166 0 0 0 
 1.652 2.597 0.851521 0 0 1.6314 2.6133 0.7904 0.198992 0.0830801 0.0750099 5.491 2.484 -2.33887 0 0 0 
 1.652 2.596 0.84995 0 0 1.6337 2.6156 0.7935 0.201375 0.0903022 0.0805425 5.506 2.448 -2.36161 0 0 0 
 1.674 2.599 0.850125 0 0 1.6407 2.6228 0.8019 0.197825 0.180812 0.163059 5.512 2.418 -2.38791 0 0 0 
 1.686 2.607 0.856408 0 0 1.6442 2.6265 0.8055 0.192886 0.200582 0.18504 5.526 2.382 -2.41519 0 0 0 
 1.693 2.633 0.860946 0 0 1.6407 2.6228 0.8019 0.175457 0.130831 0.133421 5.542 2.341 -2.44374 0 0 0 
 1.704 2.638 0.863738 0 0 1.6517 2.6343 0.8116 0.178588 0.163483 0.163308 5.561 2.304 -2.47403 0 0 0 
 1.721 2.642 0.870196 0 0 1.6629 2.6462 0.8178 0.180333 0.220101 0.216259 5.574 2.272 -2.51119 0 0 0 
 1.725 2.648 0.876304 0 0 1.6837 2.6685 0.8224 0.194012 0.199649 0.183154 5.581 2.254 -2.54526 0 0 0 
 1.749 2.662 0.878747 0 0 1.6964 2.6822 0.8228 0.189965 0.248255 0.231032 5.595 2.205 -2.58338 0 0 0 
 1.732 2.678 0.886427 0 0 1.7037 2.69 0.8225 0.194744 0.0998158 0.0919983 5.597 2.178 -2.61273 0 0 0 
 1.753 2.677 0.890266 0 0 1.7037 2.69 0.8225 0.187865 0.196134 0.185756 5.579 2.103 -2.64739 0 0 0 
 1.772 2.694 0.902832 0 0 1.7104 2.6973 0.8221 0.179189 0.207925 0.205906 5.578 2.07 -2.68456 0 0 0 
