 2.878 3.207 -0.645611 0 0 2.94594 3.22906 0.336576 0 0 0 2.13 4.135 0 0 0 0 
 2.88 3.207 -0.645611 0 0 2.94694 3.22856 0.333659 0.027517 0.159574 0.523599 2.13 4.134 0 0 0 0 
 2.876 3.205 -0.645475 0 0 2.94494 3.22806 0.347518 0.0280401 0.166125 0.523599 2.13 4.135 0 0 0 0 
 2.875 3.204 -0.639 0 0 2.94594 3.22756 0.344852 0.029195 0.169614 0.523599 2.133 4.135 0 0 0 0 
 2.878 3.206 -0.622675 0 0 2.94394 3.22906 0.364663 0.0272585 0.158757 0.523599 2.126 4.136 0 0 0 0 
 2.885 3.207 -0.605822 0 0 2.94894 3.23406 0.450381 0.0253301 0.163096 0.523599 2.129 4.145 0 0 0 0 
 2.884 3.21 -0.590742 0 0 2.94944 3.23756 0.447908 0.0265704 0.164807 0.523599 2.131 4.149 0 0 0 0 
 2.882 3.208 -0.574543 0 0 2.94844 3.23556 0.440317 0.0277574 0.164364 0.523599 2.131 4.147 0 0 0 0 
 2.885 3.213 -0.557884 0 0 2.95294 3.23906 0.403522 0.0297483 0.160848 0.523599 2.137 4.149 0 0 0 0 
 2.878 3.215 -0.541764 0 0 2.94844 3.23706 0.323797 0.0330838 0.152505 0.523599 2.135 4.143 0 0 0 0 
 2.876 3.22 -0.525895 0 0 2.94544 3.23656 0.243073 0.0347879 0.135641 0.523599 2.131 4.137 0 0 0 0 
 2.875 3.22 -0.511196 0 0 2.94594 3.23806 0.260194 0.0356695 0.139041 0.523599 2.133 4.14 0 0 0 0 
 2.881 3.222 -0.496741 0 0 2.95044 3.24156 0.289343 0.0347983 0.13869 0.523599 2.136 4.145 0 0 0 0 
 2.888 3.223 -0.484526 0 0 2.95094 3.24306 0.329923 0.031174 0.130255 0.523599 2.13 4.147 0 0 0 0 
 2.895 3.223 -0.471453 0 0 2.95394 3.24356 0.363655 0.0290303 0.125025 0.523599 2.129 4.148 0 0 0 0 
 2.897 3.223 -0.459033 0 0 2.95294 3.24256 0.364595 0.0278612 0.117493 0.523599 2.125 4.146 0 0 0 0 
 2.897 3.223 -0.445892 0 0 2.95294 3.24156 0.344474 0.0284883 0.113406 0.523599 2.125 4.144 0 0 0 0 
 2.895 3.225 -0.434746 0 0 2.95144 3.24356 0.341189 0.0290845 0.11261 0.523599 2.124 4.146 0 0 0 0 
 2.9 3.22 -0.424597 0 0 2.95694 3.24106 0.387656 0.0290103 0.118272 0.523599 2.13 4.146 0 0 0 0 
 2.9 3.219 -0.414117 0 0 2.95694 3.24006 0.387656 0.029297 0.116981 0.523599 2.13 4.145 0 0 0 0 
 2.904 3.217 -0.401857 0 0 2.95344 3.23556 0.394039 0.0256189 0.101332 0.523599 2.119 4.138 0 0 0 0 
 2.908 3.216 -0.391408 0 0 2.95694 3.23956 0.522329 0.0243632 0.112657 0.523599 2.122 4.147 0 0 0 0 
 2.902 3.214 -0.38124 0 0 2.95544 3.23906 0.506567 0.0270783 0.119859 0.523599 2.125 4.148 0 0 0 0 
 2.902 3.215 -0.371051 0 0 2.95494 3.24106 0.536226 0.0268252 0.120825 0.523599 2.124 4.151 0 0 0 0 
 2.899 3.216 -0.35836 0 0 2.95544 3.24156 0.486544 0.029481 0.121225 0.523599 2.128 4.151 0 0 0 0 
 2.897 3.213 -0.347886 0 0 2.95344 3.23906 0.49755 0.0296699 0.121226 0.523599 2.126 4.149 0 0 0 0 
 2.897 3.216 -0.336284 0 0 2.95294 3.24206 0.502706 0.0296794 0.119342 0.523599 2.125 4.152 0 0 0 0 
 2.894 3.221 -0.324531 0 0 2.95394 3.24806 0.484794 0.0323438 0.123747 0.523599 2.13 4.159 0 0 0 0 
 2.888 3.227 -0.312864 0 0 2.95044 3.24906 0.368731 0.0352043 0.110887 0.523599 2.129 4.155 0 0 0 0 
 2.883 3.228 -0.30125 0 0 2.95044 3.24906 0.322802 0.0388703 0.110279 0.523599 2.134 4.154 0 0 0 0 
 2.879 3.228 -0.29049 0 0 2.94944 3.25106 0.339554 0.0407148 0.115976 0.523599 2.136 4.158 0 0 0 0 
 2.871 3.223 -0.279782 0 0 2.94344 3.24606 0.329504 0.0422842 0.115528 0.523599 2.132 4.153 0 0 0 0 
 2.873 3.216 -0.2687 0 0 2.94694 3.24056 0.344907 0.0433053 0.118537 0.523599 2.137 4.149 0 0 0 0 
 2.873 3.217 -0.257171 0 0 2.94394 3.24056 0.344847 0.0418373 0.111911 0.523599 2.131 4.148 0 0 0 0 
 2.873 3.217 -0.245511 0 0 2.94244 3.23906 0.328784 0.0413864 0.104967 0.523599 2.128 4.145 0 0 0 0 
 2.884 3.217 -0.234557 0 0 2.94994 3.24306 0.417112 0.0388286 0.111792 0.523599 2.132 4.153 0 0 0 0 
 2.894 3.218 -0.223768 0 0 2.95344 3.24256 0.438381 0.0350823 0.102443 0.523599 2.129 4.151 0 0 0 0 
 2.901 3.22 -0.212764 0 0 2.95844 3.24306 0.424469 0.0342294 0.095715 0.523599 2.132 4.15 0 0 0 0 
 2.899 3.214 -0.203069 0 0 2.95844 3.24206 0.510519 0.0351529 0.108863 0.523599 2.134 4.154 0 0 0 0 
 2.902 3.213 -0.193501 0 0 2.95894 3.24256 0.571364 0.0335927 0.110362 0.523599 2.132 4.156 0 0 0 0 
 2.917 3.216 -0.18299 0 0 2.96644 3.24206 0.58196 0.0293233 0.0960121 0.523599 2.132 4.152 0 0 0 0 
 2.927 3.217 -0.172304 0 0 2.96894 3.24306 0.715866 0.0246464 0.091532 0.523599 2.127 4.153 0 0 0 0 
 2.939 3.222 -0.162684 0 0 2.97394 3.24356 0.70936 0.0206874 0.0752946 0.523599 2.125 4.149 0 0 0 0 
 2.948 3.225 -0.154387 0 0 2.97794 3.24156 0.617268 0.0180112 0.05876 0.523599 2.124 4.142 0 0 0 0 
 2.954 3.229 -0.146612 0 0 2.98094 3.24456 0.651568 0.0162352 0.0542552 0.523599 2.124 4.144 0 0 0 0 
 2.961 3.227 -0.140873 0 0 2.98294 3.24056 0.710774 0.0131928 0.0464596 0.523599 2.121 4.138 0 0 0 0 
 2.967 3.232 -0.135774 0 0 2.98444 3.24206 0.650432 0.0105826 0.0347805 0.523599 2.118 4.136 0 0 0 0 
 2.964 3.228 -0.131314 0 0 2.98244 3.23856 0.644526 0.0112355 0.0363267 0.523599 2.117 4.133 0 0 0 0 
 2.967 3.222 -0.128422 0 0 2.98194 3.23706 1.58449 0.00860219 0.0476182 0.523599 2.113 4.136 0 0 0 0 
 2.974 3.222 -0.124408 0 0 2.98444 3.23806 30.3795 0.00560824 0.0488255 0.523599 2.111 4.138 0 0 0 0 
 2.978 3.215 -0.119803 0 0 2.98994 3.23156 5.36695 0.00661276 0.0505854 0.523599 2.118 4.132 0 0 0 0 
 2.978 3.21 -0.11488 0 0 2.98944 3.23006 -5.42582 0.00610345 0.0601517 0.523599 2.117 4.134 0 0 0 0 
 2.976 3.207 -0.109697 0 0 2.99344 3.23106 5.15933 0.00988329 0.0728902 0.523599 2.127 4.139 0 0 0 0 
 2.972 3.208 -0.103245 0 0 2.99044 3.23106 3.01287 0.0107106 0.0700548 0.523599 2.125 4.138 0 0 0 0 
 2.976 3.204 -0.0959932 0 0 2.99394 3.22756 3.79349 0.0104715 0.0710097 0.523599 2.128 4.135 0 0 0 0 
 2.979 3.211 -0.0889226 0 0 2.99744 3.23006 1.67827 0.0111407 0.0581471 0.523599 2.132 4.133 0 0 0 0 
 2.985 3.21 -0.0816287 0 0 3.00244 3.23106 2.62922 0.0104876 0.0632282 0.523599 2.136 4.136 0 0 0 0 
 2.984 3.206 -0.0756035 0 0 3.00344 3.22806 2.14514 0.0118585 0.0661181 0.523599 2.139 4.134 0 0 0 0 
 2.978 3.205 -0.0692636 0 0 3.00444 3.22456 0.912483 0.0166795 0.0598833 0.523599 2.147 4.128 0 0 0 0 
 2.973 3.199 -0.0625403 0 0 3.00094 3.22056 0.972671 0.0177011 0.0652121 0.523599 2.145 4.126 0 0 0 0 
 2.966 3.197 -0.0567084 0 0 2.99644 3.22106 1.00987 0.0193759 0.0720597 0.523599 2.143 4.129 0 0 0 0 
 2.963 3.198 -0.0500701 0 0 2.99394 3.22106 0.922695 0.0198408 0.068766 0.523599 2.141 4.128 0 0 0 0 
 2.959 3.201 -0.0424691 0 0 2.99144 3.22506 0.915996 0.0209376 0.0710337 0.523599 2.14 4.133 0 0 0 0 
 2.957 3.202 -0.0357304 0 0 2.99194 3.22206 0.646698 0.0227614 0.0594249 0.523599 2.143 4.126 0 0 0 0 
 2.957 3.201 -0.0285466 0 0 2.99094 3.22256 0.737035 0.0221824 0.0628734 0.523599 2.141 4.128 0 0 0 0 
 2.962 3.197 -0.0225316 0 0 2.99444 3.21706 0.711319 0.0212849 0.0580801 0.523599 2.143 4.121 0 0 0 0 
 2.963 3.197 -0.0162672 0 0 2.99194 3.21756 0.860113 0.0190483 0.0588753 0.523599 2.137 4.122 0 0 0 0 
 2.954 3.201 -0.0107041 0 0 2.98394 3.22306 0.907071 0.0197897 0.0626155 0.523599 2.13 4.129 0 0 0 0 
 2.952 3.205 -0.00534589 0 0 2.98194 3.22806 0.969878 0.0198732 0.0649615 0.523599 2.128 4.135 0 0 0 0 
 2.951 3.205 0.000608626 0 0 2.97794 3.23006 1.34112 0.0179954 0.0701792 0.523599 2.121 4.139 0 0 0 0 
 2.954 3.204 0.00747364 0 0 2.98144 3.23356 1.85834 0.0185109 0.0822126 0.523599 2.125 4.147 0 0 0 0 
 2.954 3.202 0.0141956 0 0 2.97994 3.23206 2.28757 0.0176561 0.0832129 0.523599 2.122 4.146 0 0 0 0 
 2.966 3.193 0.0228069 0 0 2.98094 3.23306 -0.496223 0.0108331 0.111941 0.523599 2.112 4.157 0 0 0 0 
 2.973 3.187 0.0313547 0 0 2.98594 3.23206 0.353765 0.00992313 0.125897 0.523599 2.115 4.161 0 0 0 0 
 2.981 3.173 0.0432647 0 0 2.99694 3.22056 -0.15968 0.0123736 0.131789 0.523599 2.129 4.152 0 0 0 0 
 2.99 3.163 0.0562056 0 0 3.01044 3.20906 -1.2307 0.0156572 0.12584 0.523599 2.147 4.139 0 0 0 0 
 2.979 3.172 0.0689971 0 0 3.00744 3.20206 1.77129 0.0203403 0.0783721 0.523599 2.152 4.116 0 0 0 0 
 2.979 3.182 0.0809457 0 0 3.01944 3.20556 0.658781 0.0280613 0.0561351 0.523599 2.176 4.113 0 0 0 0 
 2.974 3.198 0.0874154 0 0 3.02644 3.20856 0.204101 0.0352412 0.0163918 0.18395 2.195 4.103 0 0 0 0 
 2.977 3.195 0.0930726 0 0 3.03244 3.19956 0.082402 0.0368659 -0.00169244 -0.0183612 2.204 4.088 0 0 0 0 
 2.977 3.2 0.093967 0 0 3.03494 3.19706 -0.050814 0.0380629 -0.0230258 -0.237413 2.209 4.078 0 0 0 0 
 2.981 3.196 0.0940343 0 0 3.05394 3.18006 -0.222104 0.0472408 -0.0619959 -0.483396 2.243 4.048 0 0 0 0 
 2.977 3.203 0.0929577 0 0 3.14944 3.08656 -0.800839 0.109936 -0.33672 -0.523599 2.438 3.854 0 0 0 0 
 2.982 3.203 0.092201 0 0 3.11894 3.12606 -0.62954 0.0872268 -0.233646 -0.523599 2.372 3.933 0 0 0 0 
 2.992 3.197 0.085635 0 0 3.08944 3.15556 -0.452943 0.0624843 -0.133369 -0.523599 2.303 3.998 0 0 0 0 
 3.001 3.197 0.0711954 0 0 3.06144 3.17706 -0.342451 0.0391351 -0.0665053 -0.523599 2.238 4.041 0 0 0 0 
 3.008 3.202 0.0620886 0 0 3.03844 3.19706 -0.16377 0.0199428 -0.0190871 -0.365622 2.185 4.076 0 0 0 0 
 3.01 3.209 0.0569686 0 0 3.01744 3.19806 -9.91857 0.00453841 -0.0321893 -0.523599 2.141 4.071 0 0 0 0 
 3.022 3.213 0.0555664 0 0 3.01144 3.19956 3.25928 3.38642e-07 -0.0369601 -0.523599 2.117 4.07 0 0 0 0 
 3.046 3.2 0.0535979 0 0 3.00494 3.18756 0.312655 8.40589e-08 -0.0303363 -0.523599 2.08 4.059 0 0 0 0 
 3.057 3.185 0.0499195 0 0 2.98444 3.17756 0.102924 4.37602e-08 -0.0116561 -0.523599 2.028 4.054 0 0 0 0 
 3.068 3.175 0.048402 0 0 3.00094 3.17056 0.0663321 4.82732e-08 -0.0036251 -0.523599 2.05 4.05 0 0 0 0 
 3.099 3.138 0.0472178 0 0 3.01744 3.16006 -0.277254 3.88382e-08 0.0796721 0.523599 2.052 4.066 0 0 0 0 
 3.06 3.166 0.0469921 0 0 3.00244 3.15906 0.121193 1.45694e-08 -0.0127506 -0.523599 2.061 4.036 0 0 0 0 
 3.043 3.188 0.048243 0 0 3.03694 3.12606 1.02892 4.98301e-07 -0.176387 -0.523599 2.147 3.948 0 0 0 0 
 3.048 3.19 0.0457317 0 0 3.02094 3.15306 4.79667 1.28546e-07 -0.104388 -0.523599 2.11 4 0 0 0 0 
 3.053 3.187 0.029467 0 0 3.00544 3.16406 0.523654 7.14982e-08 -0.06427 -0.523599 2.074 4.025 0 0 0 0 
 3.052 3.184 0.0208411 0 0 2.97844 3.19056 -0.0893933 4.3359e-08 0.024749 0.523599 2.021 4.081 0 0 0 0 
 3.045 3.183 0.0156123 0 0 2.96244 3.22106 -0.496679 3.81205e-08 0.12118 0.523599 1.996 4.143 0 0 0 0 
 3.054 3.184 0.0179734 0 0 2.96494 3.23006 -0.568809 3.48237e-08 0.147546 0.523599 1.992 4.16 0 0 0 0 
 3.053 3.178 0.0182043 0 0 2.97194 3.21056 -0.424756 3.89348e-08 0.1047 0.523599 2.007 4.127 0 0 0 0 
 3.053 3.178 0.0207052 0 0 2.98044 3.20406 -0.375415 4.45962e-08 0.0841339 0.523599 2.024 4.114 0 0 0 0 
 3.053 3.177 0.0230722 0 0 2.98044 3.21006 -0.489991 4.48979e-08 0.105956 0.523599 2.024 4.127 0 0 0 0 
 3.049 3.179 0.0248243 0 0 2.97544 3.22106 -0.643465 4.45568e-08 0.133874 0.523599 2.018 4.147 0 0 0 0 
 3.05 3.184 0.0327299 0 0 2.97094 3.23556 -0.763611 4.13665e-08 0.165753 0.523599 2.008 4.171 0 0 0 0 
 3.046 3.182 0.0461072 0 0 2.95444 3.25406 -1.00325 3.55607e-08 0.235171 0.523599 1.979 4.21 0 0 0 0 
 3.045 3.183 0.0630362 0 0 2.93844 3.28456 -1.40751 3.09989e-08 0.335409 0.523599 1.948 4.27 0 0 0 0 
 3.042 3.187 0.0891112 0 0 2.98094 3.25256 -1.84319 6.3679e-08 0.211672 0.523599 2.036 4.202 0 0 0 0 
 3.037 3.194 0.123587 0 0 3.00844 3.24356 6.02244 5.68808e-08 0.153068 0.523599 2.096 4.177 0 0 0 0 
 3.041 3.192 0.143171 0 0 3.02894 3.24006 -1.12446 9.16643e-07 0.140792 0.523599 2.133 4.172 0 0 0 0 
 3.078 3.154 0.157674 0 0 3.06544 3.22356 0.921139 0.000110919 0.200793 0.523599 2.169 4.177 0 0 0 0 
 3.107 3.131 0.173424 0 0 3.09744 3.22306 -0.209422 0.006059 0.260555 0.523599 2.204 4.199 0 0 0 0 
 3.079 3.16 0.194521 0 0 3.11194 3.25606 -0.229491 0.0352957 0.241719 0.523599 2.261 4.236 0 0 0 0 
 3.068 3.171 0.220702 0 0 3.11994 3.28806 -1.22943 0.0526901 0.278061 0.523599 2.288 4.289 0 0 0 0 
 3.063 3.181 0.244718 0 0 3.13344 3.32106 -2.25447 0.0705637 0.315428 0.523599 2.32 4.345 0 0 0 0 
 3.052 3.199 0.27225 0 0 3.15194 3.35806 -48.2689 0.0952166 0.327252 0.523599 2.368 4.401 0 0 0 0 
 3.043 3.222 0.30394 0 0 3.16994 3.39056 4.03464 0.11656 0.311689 0.523599 2.413 4.443 0 0 0 0 
 3.03 3.239 0.335975 0 0 3.19544 3.41206 1.72742 0.143516 0.269042 0.523599 2.477 4.469 0 0 0 0 
 3.025 3.256 0.366359 0 0 3.23394 3.43506 1.15448 0.173327 0.221547 0.472632 2.559 4.498 0 0 0 0 
 3.032 3.269 0.392082 0 0 3.27844 3.46356 1.00818 0.201486 0.199539 0.377169 2.641 4.542 0 0 0 0 
 3.057 3.28 0.412834 0 0 3.32194 3.50706 1.15456 0.222979 0.231415 0.393484 2.703 4.618 0 0 0 0 
 3.102 3.256 0.432314 0 0 3.40394 3.50556 1.0858 0.252657 0.220688 0.336129 2.822 4.639 0 0 0 0 
 3.135 3.239 0.454593 0 0 3.45844 3.52356 1.20913 0.277483 0.243761 0.337911 2.898 4.692 0 0 0 0 
 3.173 3.223 0.476219 0 0 3.54244 3.50106 0.936548 0.303035 0.162536 0.21134 3.028 4.663 0 0 0 0 
 3.191 3.221 0.498797 0 0 3.58544 3.52406 0.966418 0.326567 0.157804 0.190935 3.096 4.711 0 0 0 0 
 3.219 3.226 0.513452 0 0 3.64644 3.53806 0.895027 0.348918 0.123106 0.140203 3.19 4.734 0 0 0 0 
 3.251 3.241 0.529463 0 0 3.75094 3.52156 0.628597 0.379897 -0.0199555 -0.0210084 3.367 4.686 0 0 0 0 
 3.282 3.259 0.539741 0 0 3.79794 3.56856 0.684118 0.398765 0.000759456 0.000761808 3.43 4.762 0 0 0 0 
 3.309 3.279 0.54158 0 0 3.84194 3.60806 0.710048 0.415089 0.013429 0.0129401 3.491 4.821 0 0 0 0 
 3.347 3.298 0.544248 0 0 3.88294 3.65106 0.774123 0.425113 0.0450316 0.0423461 3.535 4.888 0 0 0 0 
 3.384 3.321 0.546993 0 0 3.95694 3.67506 0.710842 0.446363 0.00788981 0.00707018 3.646 4.913 0 0 0 0 
 3.434 3.352 0.549319 0 0 4.09944 3.67006 0.518028 0.486947 -0.130723 -0.106972 3.881 4.872 0 0 0 0 
 3.473 3.385 0.552009 0 0 4.22044 3.66306 0.390181 0.521431 -0.256202 -0.194064 4.084 4.825 0 0 0 0 
 3.51 3.403 0.550994 0 0 4.24294 3.73256 0.482608 0.529527 -0.168878 -0.126883 4.092 4.946 0 0 0 0 
 3.552 3.424 0.541656 0 0 4.30144 3.76756 0.493481 0.544016 -0.148752 -0.10894 4.167 4.995 0 0 0 0 
 3.595 3.458 0.533372 0 0 4.36644 3.78756 0.455234 0.552729 -0.173705 -0.125051 4.254 5.001 0 0 0 0 
 3.641 3.504 0.520579 0 0 4.45844 3.80056 0.379589 0.570394 -0.234516 -0.163 4.392 4.981 0 0 0 0 
 3.689 3.538 0.502053 0 0 4.52894 3.83206 0.365135 0.584268 -0.22683 -0.154061 4.485 5.01 0 0 0 0 
 3.753 3.563 0.477738 0 0 4.64294 3.80756 0.281935 0.602514 -0.291381 -0.191083 4.649 4.936 0 0 0 0 
 3.814 3.601 0.453552 0 0 4.70594 3.82756 0.259613 0.601178 -0.2845 -0.187082 4.714 4.938 0 0 0 0 
 3.865 3.632 0.420762 0 0 4.75894 3.84356 0.241177 0.601451 -0.26163 -0.172275 4.769 4.939 0 0 0 0 
 3.913 3.65 0.38957 0 0 4.82144 3.84506 0.218079 0.609142 -0.248471 -0.161736 4.846 4.924 0 0 0 0 
 3.968 3.668 0.361723 0 0 4.89594 3.83806 0.185344 0.618318 -0.253282 -0.162409 4.94 4.892 0 0 0 0 
 4.014 3.692 0.334352 0 0 4.97044 3.83856 0.154444 0.634073 -0.258272 -0.16151 5.043 4.869 0 0 0 0 
 4.084 3.72 0.307285 0 0 5.06544 3.81906 0.101276 0.64434 -0.29467 -0.180928 5.163 4.802 0 0 0 0 
 4.134 3.735 0.279543 0 0 5.19344 3.74356 0.00807839 0.684926 -0.395647 -0.227075 5.369 4.636 0 0 0 0 
 4.19 3.722 0.247953 0 0 5.24344 3.72356 0.00147937 0.684025 -0.358923 -0.206886 5.413 4.609 0 0 0 0 
 4.282 3.755 0.208076 0 0 5.32444 3.71456 -0.0388147 0.677326 -0.358306 -0.208524 5.483 4.558 0 0 0 0 
 4.364 3.772 0.169123 0 0 5.40244 3.67656 -0.0921682 0.675429 -0.37825 -0.220368 5.557 4.465 0 0 0 0 
 4.444 3.807 0.129883 0 0 5.47494 3.64706 -0.156398 0.672829 -0.411293 -0.23981 5.622 4.371 0 0 0 0 
 4.541 3.82 0.089325 0 0 5.55644 3.60506 -0.214892 0.667485 -0.430734 -0.25261 5.688 4.274 0 0 0 0 
 4.616 3.839 0.0433814 0 0 5.62244 3.56756 -0.27644 0.669126 -0.444046 -0.259465 5.745 4.18 0 0 0 0 
 4.66 3.856 -0.00555124 0 0 5.67344 3.52606 -0.337578 0.683876 -0.45071 -0.257756 5.803 4.08 0 0 0 0 
 4.718 3.875 -0.0542604 0 0 5.70794 3.48156 -0.419778 0.681319 -0.471911 -0.270278 5.814 3.972 0 0 0 0 
 4.782 3.87 -0.103511 0 0 5.74444 3.39256 -0.541215 0.681853 -0.520377 -0.296287 5.823 3.799 0 0 0 0 
 4.853 3.874 -0.155915 0 0 5.80744 3.34156 -0.623968 0.694397 -0.517386 -0.289653 5.878 3.693 0 0 0 0 
 4.926 3.881 -0.213623 0 0 5.85644 3.27856 -0.756235 0.702936 -0.531234 -0.29356 5.903 3.56 0 0 0 0 
 5.004 3.884 -0.267577 0 0 5.91544 3.21906 -0.894107 0.715245 -0.53658 -0.291532 5.943 3.438 0 0 0 0 
 5.052 3.91 -0.324006 0 0 5.94744 3.16406 -1.10014 0.737529 -0.553137 -0.291452 5.959 3.302 0 0 0 0 
 5.088 3.931 -0.38294 0 0 5.96794 3.10806 -1.35559 0.762897 -0.555948 -0.283634 5.964 3.169 0 0 0 0 
 5.136 3.925 -0.443191 0 0 5.98494 3.04156 -1.70611 0.777246 -0.548272 -0.275012 5.95 3.042 0 0 0 0 
 5.22 3.893 -0.503505 0 0 6.02944 2.95206 -2.3113 0.788448 -0.542339 -0.268499 5.955 2.895 0 0 0 0 
 5.311 3.856 -0.563392 0 0 6.05644 2.87606 -3.81714 0.782054 -0.541522 -0.270201 5.918 2.78 0 0 0 0 
 5.395 3.84 -0.625154 0 0 6.08994 2.80156 -13.0446 0.793959 -0.541778 -0.26646 5.901 2.647 0 0 0 0 
 5.455 3.81 -0.68767 0 0 6.10294 2.73856 12.048 0.798753 -0.51723 -0.253449 5.867 2.551 0 0 0 0 
 5.53 3.748 -0.749171 0 0 6.11994 2.65156 3.37863 0.796252 -0.499714 -0.245951 5.826 2.439 0 0 0 0 
 5.583 3.71 -0.807904 0 0 6.12794 2.58956 1.89631 0.799861 -0.473162 -0.232349 5.789 2.353 0 0 0 0 
 5.639 3.674 -0.865994 0 0 6.12894 2.53056 1.04576 0.800283 -0.457627 -0.224864 5.735 2.271 0 0 0 0 
 5.693 3.62 -0.9171 0 0 6.12444 2.47356 0.526164 0.788962 -0.446461 -0.222602 5.672 2.211 0 0 0 0 
 5.669 3.62 -0.968138 0 0 6.07294 2.44906 0.24769 0.801352 -0.412736 -0.203177 5.593 2.162 0 0 0 0 
 5.722 3.552 -1.0173 0 0 6.06594 2.38406 -0.259781 0.788118 -0.405814 -0.203125 5.526 2.1 0 0 0 0 
 5.797 3.449 -1.06053 0 0 6.05644 2.29356 -3.77699 0.763288 -0.435882 -0.22457 5.432 2.022 0 0 0 0 
 5.872 3.354 -1.10572 0 0 6.04894 2.21356 -0.163549 0.740504 -0.464735 -0.245954 5.342 1.957 0 0 0 0 
 5.928 3.272 -1.15443 0 0 6.03094 2.14156 -70.4086 0.726001 -0.483518 -0.260354 5.25 1.895 0 0 0 0 
 5.976 3.202 -1.20794 0 0 6.00644 2.07606 0.863663 0.718689 -0.497344 -0.270045 5.153 1.834 0 0 0 0 
 6.009 3.136 -1.26209 0 0 5.97894 2.00956 -0.227488 0.719077 -0.496759 -0.269604 5.065 1.767 0 0 0 0 
 6.034 3.076 -1.31798 0 0 5.94594 1.96156 0.0896048 0.713955 -0.490192 -0.268027 4.974 1.731 0 0 0 0 
 6.061 2.983 -1.37188 0 0 5.89444 1.90306 0.203421 0.694438 -0.515925 -0.288864 4.844 1.707 0 0 0 0 
 6.072 2.875 -1.42598 0 0 5.83344 1.83056 2.87953 0.677799 -0.537542 -0.307186 4.711 1.67 0 0 0 0 
 6.097 2.796 -1.48464 0 0 5.78194 1.78556 0.0656601 0.666194 -0.562361 -0.325636 4.583 1.659 0 0 0 0 
 6.157 2.702 -1.5457 0 0 5.76544 1.72906 -0.770989 0.656506 -0.587819 -0.343917 4.49 1.64 0 0 0 0 
 6.179 2.631 -1.61047 0 0 5.73694 1.67756 -1.50644 0.660341 -0.569598 -0.332243 4.411 1.608 0 0 0 0 
 6.192 2.563 -1.67718 0 0 5.68744 1.64206 -3.84491 0.659746 -0.569952 -0.332712 4.299 1.605 0 0 0 0 
 6.22 2.504 -1.74143 0 0 5.64744 1.61056 96.5409 0.665923 -0.578196 -0.334272 4.191 1.601 0 0 0 0 
 6.212 2.461 -1.80493 0 0 5.58444 1.60556 4.74593 0.665879 -0.577471 -0.333904 4.073 1.634 0 0 0 0 
 6.303 2.503 -1.86971 0 0 5.57644 1.62656 2.62086 0.716014 -0.582195 -0.314451 3.966 1.634 0 0 0 0 
 6.315 2.444 -1.93493 0 0 5.52494 1.60856 1.77378 0.723226 -0.584032 -0.312436 3.851 1.657 0 0 0 0 
 6.351 2.42 -1.99744 0 0 5.44844 1.65456 1.13393 0.734305 -0.657557 -0.343955 3.662 1.773 0 0 0 0 
 6.3 2.341 -2.06265 0 0 5.37844 1.61206 1.01124 0.735794 -0.611405 -0.320891 3.573 1.767 0 0 0 0 
 6.308 2.27 -2.1359 0 0 5.32394 1.57556 0.852065 0.758249 -0.588424 -0.300982 3.456 1.765 0 0 0 0 
 6.222 2.166 -2.20544 0 0 5.22094 1.51956 0.753533 0.755698 -0.545137 -0.280917 3.336 1.757 0 0 0 0 
 6.136 2.075 -2.26924 0 0 5.12444 1.47806 0.669731 0.74903 -0.508432 -0.265123 3.229 1.765 0 0 0 0 
 6.059 1.991 -2.33137 0 0 5.03694 1.43706 0.602133 0.745561 -0.469241 -0.246627 3.131 1.767 0 0 0 0 
 5.987 1.927 -2.38993 0 0 4.94194 1.41356 0.535065 0.749621 -0.442095 -0.231668 3.013 1.784 0 0 0 0 
 5.926 1.871 -2.44485 0 0 4.84994 1.40356 0.46396 0.756526 -0.431107 -0.224111 2.89 1.82 0 0 0 0 
 5.866 1.811 -2.49295 0 0 4.76244 1.39106 0.400032 0.761697 -0.429064 -0.221619 2.775 1.855 0 0 0 0 
 5.809 1.756 -2.5399 0 0 4.68194 1.38006 0.346508 0.767226 -0.421924 -0.216525 2.671 1.888 0 0 0 0 
 5.735 1.699 -2.58737 0 0 4.58344 1.36556 0.29793 0.775255 -0.411989 -0.209452 2.548 1.916 0 0 0 0 
 5.671 1.653 -2.63397 0 0 4.48094 1.35206 0.258412 0.795607 -0.395913 -0.196482 2.407 1.935 0 0 0 0 
 5.61 1.607 -2.67973 0 0 4.39694 1.34806 0.216764 0.805121 -0.384341 -0.188677 2.3 1.973 0 0 0 0 
 5.543 1.552 -2.72257 0 0 4.30594 1.33406 0.178023 0.816284 -0.375093 -0.181776 2.185 2 0 0 0 0 
 5.462 1.521 -2.7647 0 0 4.21244 1.33706 0.148278 0.822588 -0.354482 -0.170697 2.079 2.037 0 0 0 0 
 5.405 1.489 -2.80369 0 0 4.11794 1.35356 0.105624 0.842615 -0.360187 -0.169348 1.947 2.102 0 0 0 0 
 5.319 1.447 -2.84205 0 0 4.00894 1.35306 0.0718313 0.855843 -0.353626 -0.163795 1.815 2.143 0 0 0 0 
 5.227 1.419 -2.87968 0 0 3.90644 1.35356 0.0495968 0.863501 -0.33022 -0.151791 1.702 2.172 0 0 0 0 
 5.152 1.386 -2.91807 0 0 3.81344 1.34806 0.0283528 0.876579 -0.304542 -0.138084 1.591 2.194 0 0 0 0 
 5.076 1.362 -2.95622 0 0 3.71294 1.37156 -0.00701253 0.892626 -0.301413 -0.134256 1.466 2.265 0 0 0 0 
 4.995 1.337 -2.99226 0 0 3.60394 1.40056 -0.0457224 0.911615 -0.306921 -0.133866 1.329 2.348 0 0 0 0 
 4.9 1.312 -3.02597 0 0 3.52644 1.40906 -0.0707798 0.902425 -0.292401 -0.128888 1.269 2.39 0 0 0 0 
 4.793 1.284 -3.05971 0 0 3.44144 1.43206 -0.109987 0.890519 -0.299082 -0.133541 1.206 2.464 0 0 0 0 
 4.707 1.268 -3.09015 0 0 3.37644 1.45106 -0.138455 0.879972 -0.293858 -0.13279 1.162 2.518 0 0 0 0 
 4.616 1.286 -3.11864 0 0 3.31544 1.48806 -0.156625 0.863445 -0.275352 -0.126874 1.131 2.574 0 0 0 0 
 4.516 1.279 3.13046 0 0 3.24894 1.51256 -0.186448 0.845785 -0.264799 -0.124584 1.098 2.63 0 0 0 0 
 4.422 1.274 3.10051 0 0 3.17744 1.53056 -0.209115 0.834982 -0.250163 -0.119272 1.049 2.671 0 0 0 0 
 4.324 1.267 3.07073 0 0 3.10094 1.53856 -0.225754 0.824438 -0.226939 -0.109664 0.994 2.694 0 0 0 0 
 4.239 1.26 3.04328 0 0 3.05894 1.55306 -0.253577 0.800301 -0.221314 -0.110168 0.995 2.73 0 0 0 0 
 4.158 1.251 3.01781 0 0 3.01594 1.55606 -0.273652 0.778601 -0.20773 -0.106317 0.99 2.745 0 0 0 0 
 4.087 1.245 2.99448 0 0 2.98994 1.56056 -0.295845 0.75215 -0.19926 -0.105574 1.009 2.76 0 0 0 0 
 3.979 1.25 2.9737 0 0 2.97894 1.55506 -0.314868 0.689138 -0.186849 -0.108032 1.095 2.744 0 0 0 0 
 3.901 1.261 2.95356 0 0 2.95994 1.53656 -0.301484 0.647819 -0.13809 -0.0850591 1.135 2.696 0 0 0 0 
 3.831 1.285 2.93434 0 0 2.93594 1.54456 -0.298402 0.616456 -0.104977 -0.0680111 1.157 2.688 0 0 0 0 
 3.755 1.295 2.91976 0 0 2.93594 1.56156 -0.337443 0.569156 -0.125824 -0.0881993 1.233 2.712 0 0 0 0 
 3.693 1.311 2.90961 0 0 2.94544 1.56706 -0.356582 0.521936 -0.127959 -0.0977521 1.314 2.707 0 0 0 0 
 3.631 1.326 2.89712 0 0 2.93144 1.59356 -0.402277 0.493814 -0.153778 -0.123925 1.348 2.745 0 0 0 0 
 3.572 1.35 2.88342 0 0 2.91444 1.60656 -0.411251 0.465617 -0.140711 -0.120298 1.373 2.747 0 0 0 0 
 3.524 1.363 2.86725 0 0 2.89044 1.61406 -0.4184 0.449926 -0.125001 -0.110676 1.373 2.749 0 0 0 0 
 3.483 1.362 2.85203 0 0 2.85894 1.61256 -0.42456 0.444311 -0.111236 -0.0998098 1.351 2.747 0 0 0 0 
 3.442 1.373 2.83974 0 0 2.84244 1.63056 -0.458113 0.430767 -0.123291 -0.113988 1.359 2.772 0 0 0 0 
 3.406 1.384 2.82824 0 0 2.81744 1.63506 -0.45447 0.422819 -0.105513 -0.0994894 1.345 2.77 0 0 0 0 
 3.356 1.408 2.81656 0 0 2.79144 1.64856 -0.453909 0.405803 -0.089249 -0.0877467 1.343 2.773 0 0 0 0 
 3.324 1.431 2.80499 0 0 2.76794 1.65106 -0.417789 0.396099 -0.0455176 -0.0459336 1.328 2.755 0 0 0 0 
 3.274 1.453 2.79453 0 0 2.73544 1.65556 -0.394912 0.381317 -0.0140339 -0.0147204 1.313 2.742 0 0 0 0 
 3.241 1.462 2.79024 0 0 2.71444 1.65006 -0.373148 0.370555 0.00906053 0.00978017 1.304 2.722 0 0 0 0 
 3.2 1.467 2.78782 0 0 2.69344 1.64906 -0.375721 0.356735 0.0092978 0.0104251 1.303 2.715 0 0 0 0 
 3.16 1.491 2.78704 0 0 2.67244 1.65756 -0.355557 0.34138 0.0262367 0.0307323 1.301 2.708 0 0 0 0 
 3.116 1.51 2.78642 0 0 2.64944 1.66406 -0.34275 0.325467 0.036369 0.0446679 1.299 2.702 0 0 0 0 
 3.079 1.527 2.78651 0 0 2.63094 1.66856 -0.326887 0.311126 0.0478208 0.0614036 1.299 2.694 0 0 0 0 
 3.04 1.533 2.78696 0 0 2.61644 1.67506 -0.348561 0.295969 0.0292323 0.0394868 1.309 2.701 0 0 0 0 
 3.017 1.549 2.78753 0 0 2.61344 1.68756 -0.357501 0.282722 0.0213023 0.0301297 1.326 2.71 0 0 0 0 
 2.985 1.552 2.78847 0 0 2.60044 1.69406 -0.38718 0.271699 -0.000655315 -0.000964765 1.332 2.72 0 0 0 0 
 2.956 1.553 2.78922 0 0 2.59094 1.69606 -0.413252 0.25981 -0.0181588 -0.0279498 1.342 2.723 0 0 0 0 
 2.937 1.56 2.78979 0 0 2.58294 1.70256 -0.42591 0.252861 -0.0261281 -0.0413086 1.345 2.729 0 0 0 0 
 2.92 1.566 2.78966 0 0 2.58094 1.71056 -0.454214 0.244023 -0.0419908 -0.0687226 1.358 2.739 0 0 0 0 
 2.905 1.584 2.78915 0 0 2.58644 1.73356 -0.507318 0.232519 -0.0686625 -0.117575 1.384 2.767 0 0 0 0 
 2.872 1.588 2.78821 0 0 2.56894 1.73556 -0.529409 0.222478 -0.076615 -0.136887 1.382 2.767 0 0 0 0 
 2.848 1.593 2.78646 0 0 2.55444 1.73506 -0.525601 0.21532 -0.071592 -0.132221 1.377 2.761 0 0 0 0 
 2.837 1.609 2.78018 0 0 2.54744 1.74106 -0.490561 0.210532 -0.0488945 -0.0926312 1.374 2.757 0 0 0 0 
 2.834 1.609 2.77412 0 0 2.54644 1.74056 -0.492341 0.209245 -0.0450854 -0.0859743 1.375 2.756 0 0 0 0 
 2.826 1.617 2.76928 0 0 2.54494 1.74306 -0.481222 0.203941 -0.0353606 -0.0692438 1.38 2.753 0 0 0 0 
 2.811 1.628 2.76485 0 0 2.52944 1.73906 -0.416256 0.200594 0.000731474 0.00145861 1.364 2.734 0 0 0 0 
 2.786 1.629 2.76144 0 0 2.50994 1.73456 -0.402171 0.195858 0.0103695 0.0211743 1.35 2.724 0 0 0 0 
 2.767 1.623 2.76011 0 0 2.52494 1.75456 -0.604195 0.181535 -0.0762637 -0.166486 1.399 2.77 0 0 0 0 
 2.769 1.633 2.75947 0 0 2.53044 1.76156 -0.597931 0.178637 -0.0725488 -0.161043 1.408 2.774 0 0 0 0 
 2.759 1.638 2.75412 0 0 2.51894 1.75756 -0.543758 0.177315 -0.0478876 -0.107611 1.395 2.761 0 0 0 0 
 2.743 1.627 2.74752 0 0 2.50744 1.75006 -0.575768 0.175561 -0.0556408 -0.1261 1.388 2.757 0 0 0 0 
 2.719 1.629 2.74216 0 0 2.49194 1.74956 -0.587204 0.169803 -0.0549706 -0.128776 1.381 2.754 0 0 0 0 
 2.693 1.635 2.73635 0 0 2.47194 1.74556 -0.546474 0.163565 -0.0351317 -0.0857043 1.367 2.74 0 0 0 0 
 2.666 1.654 2.73054 0 0 2.46044 1.75556 -0.538615 0.151802 -0.0269727 -0.070954 1.371 2.741 0 0 0 0 
 2.642 1.666 2.72686 0 0 2.45044 1.76606 -0.575671 0.142952 -0.035726 -0.0996356 1.375 2.75 0 0 0 0 
 2.622 1.679 2.72391 0 0 2.44344 1.77556 -0.600472 0.134172 -0.0396503 -0.117662 1.381 2.756 0 0 0 0 
 2.61 1.708 2.72033 0 0 2.44244 1.79356 -0.560171 0.124545 -0.0241944 -0.0775493 1.391 2.763 0 0 0 0 
 2.611 1.719 2.71738 0 0 2.44644 1.80356 -0.564425 0.122477 -0.0236588 -0.0771143 1.398 2.772 0 0 0 0 
 2.598 1.728 2.71487 0 0 2.43694 1.80256 -0.499099 0.117622 -0.00308779 -0.0105004 1.392 2.761 0 0 0 0 
 2.584 1.733 2.71315 0 0 2.42744 1.80006 -0.456598 0.112848 0.0103604 0.036707 1.387 2.751 0 0 0 0 
 2.571 1.745 2.71259 0 0 2.41644 1.80606 -0.41697 0.109998 0.0225079 0.0816663 1.378 2.751 0 0 0 0 
 2.556 1.743 2.71264 0 0 2.41194 1.80456 -0.455375 0.103796 0.01017 0.039172 1.384 2.75 0 0 0 0 
 2.553 1.732 2.71285 0 0 2.40844 1.80206 -0.526519 0.10644 -0.00932912 -0.0350444 1.38 2.756 0 0 0 0 
 2.54 1.727 2.71299 0 0 2.40744 1.79756 -0.588986 0.0993569 -0.0235774 -0.0946367 1.391 2.752 0 0 0 0 
 2.52 1.732 2.71278 0 0 2.39644 1.80056 -0.619821 0.0933898 -0.0286533 -0.122115 1.389 2.753 0 0 0 0 
 2.502 1.736 2.71159 0 0 2.38544 1.79656 -0.571969 0.0869559 -0.0169602 -0.0778599 1.385 2.741 0 0 0 0 
 2.492 1.74 2.70985 0 0 2.38994 1.80756 -0.779247 0.0802368 -0.0493195 -0.241088 1.404 2.759 0 0 0 0 
 2.477 1.736 2.70836 0 0 2.37594 1.80306 -0.781826 0.0795129 -0.0487881 -0.240677 1.391 2.754 0 0 0 0 
 2.467 1.742 2.70435 0 0 2.36244 1.79956 -0.613779 0.078942 -0.0208342 -0.105177 1.374 2.741 0 0 0 0 
 2.47 1.753 2.70041 0 0 2.36544 1.80106 -0.49499 0.0762615 0.00316224 0.0165848 1.377 2.733 0 0 0 0 
 2.462 1.749 2.69866 0 0 2.36944 1.80906 -0.758424 0.0725248 -0.0388792 -0.211234 1.393 2.753 0 0 0 0 
 2.462 1.746 2.69723 0 0 2.37444 1.81456 -0.995219 0.0720427 -0.0646551 -0.344654 1.403 2.767 0 0 0 0 
 2.463 1.746 2.69359 0 0 2.36944 1.80656 -0.755918 0.0733108 -0.0374186 -0.201396 1.392 2.751 0 0 0 0 
 2.46 1.762 2.68695 0 0 2.36044 1.80856 -0.505012 0.0728307 0.00503832 0.0276643 1.377 2.739 0 0 0 0 
 2.461 1.779 2.6837 0 0 2.35244 1.81256 -0.319365 0.0744302 0.0475687 0.250282 1.36 2.73 0 0 0 0 
 2.468 1.772 2.68383 0 0 2.35244 1.80606 -0.30357 0.0787595 0.0543304 0.269231 1.353 2.724 0 0 0 0 
 2.462 1.769 2.68474 0 0 2.34644 1.80056 -0.280092 0.0780592 0.0600243 0.298399 1.347 2.716 0 0 0 0 
 2.456 1.762 2.68517 0 0 2.34244 1.79906 -0.338438 0.0784369 0.0444608 0.222964 1.345 2.72 0 0 0 0 
 2.427 1.766 2.68559 0 0 2.32594 1.79706 -0.317386 0.0692518 0.0444124 0.251112 1.341 2.712 0 0 0 0 
 2.426 1.762 2.68659 0 0 2.32644 1.79456 -0.339207 0.0687937 0.0387883 0.221823 1.343 2.711 0 0 0 0 
 2.418 1.771 2.68661 0 0 2.32294 1.80056 -0.321374 0.0652456 0.0408376 0.24532 1.344 2.714 0 0 0 0 
 2.402 1.782 2.68787 0 0 2.31844 1.80756 -0.315784 0.0572369 0.0369101 0.252443 1.351 2.717 0 0 0 0 
 2.399 1.787 2.68928 0 0 2.32094 1.81406 -0.361228 0.0543874 0.026506 0.192528 1.359 2.725 0 0 0 0 
 2.391 1.797 2.69008 0 0 2.32194 1.82456 -0.421683 0.0491568 0.014536 0.117736 1.369 2.736 0 0 0 0 
 2.388 1.798 2.69081 0 0 2.31844 1.81406 -0.235051 0.0461821 0.0432978 0.358786 1.365 2.714 0 0 0 0 
 2.384 1.799 2.69145 0 0 2.31344 1.81256 -0.194558 0.0460831 0.0505157 0.413228 1.359 2.71 0 0 0 0 
 2.381 1.794 2.69307 0 0 2.31594 1.81406 -0.318467 0.044638 0.0277324 0.243576 1.367 2.718 0 0 0 0 
 2.373 1.789 2.69448 0 0 2.31394 1.81006 -0.372489 0.0413362 0.0179643 0.172116 1.371 2.715 0 0 0 0 
 2.357 1.786 2.69577 0 0 2.30344 1.81206 -0.528951 0.0394732 -0.00114664 -0.0116189 1.366 2.722 0 0 0 0 
 2.353 1.778 2.69642 0 0 2.30344 1.80956 -0.739568 0.0386603 -0.0196482 -0.200558 1.37 2.725 0 0 0 0 
 2.346 1.776 2.69648 0 0 2.31144 1.81856 -2.83323 0.032929 -0.0650658 -0.523599 1.393 2.745 0 0 0 0 
 2.336 1.775 2.69566 0 0 2.31594 1.82256 0.970809 0.025829 -0.0953057 -0.523599 1.412 2.754 0 0 0 0 
 2.341 1.782 2.69443 0 0 2.31244 1.82706 143.485 0.0301426 -0.0783818 -0.523599 1.4 2.756 0 0 0 0 
 2.329 1.782 2.69413 0 0 2.30394 1.82756 3.96094 0.0282239 -0.0839335 -0.523599 1.395 2.757 0 0 0 0 
 2.325 1.787 2.69264 0 0 2.30094 1.83006 4.49397 0.0269151 -0.0788078 -0.523599 1.393 2.757 0 0 0 0 
 2.323 1.795 2.69177 0 0 2.29494 1.83306 -4.59271 0.0278129 -0.0613174 -0.523599 1.383 2.755 0 0 0 0 
 2.323 1.801 2.69037 0 0 2.29294 1.83406 -1.96381 0.0275381 -0.0462473 -0.523599 1.379 2.751 0 0 0 0 
 2.325 1.806 2.68934 0 0 2.28944 1.83356 -0.979447 0.0291959 -0.0256655 -0.338128 1.37 2.745 0 0 0 0 
 2.327 1.812 2.68625 0 0 2.29094 1.83356 -0.681022 0.0277485 -0.00973804 -0.139464 1.371 2.739 0 0 0 0 
 2.329 1.818 2.68533 0 0 2.28794 1.83056 -0.315774 0.0281044 0.0189351 0.263242 1.363 2.727 0 0 0 0 
 2.326 1.826 2.68501 0 0 2.28194 1.83356 -0.173254 0.0284498 0.0350994 0.458428 1.354 2.725 0 0 0 0 
 2.335 1.832 2.68576 0 0 2.28894 1.83706 -0.110267 0.0289349 0.0436672 0.523599 1.359 2.726 0 0 0 0 
 2.339 1.831 2.68633 0 0 2.29744 1.84656 -0.392903 0.0292751 0.0119308 0.161595 1.372 2.746 0 0 0 0 
 2.336 1.833 2.68679 0 0 2.30094 1.85206 -0.60436 0.0264222 -0.00478645 -0.0723346 1.382 2.755 0 0 0 0 
 2.338 1.833 2.68676 0 0 2.30844 1.85956 -1.2563 0.025355 -0.0302773 -0.445611 1.395 2.77 0 0 0 0 
 2.333 1.843 2.6869 0 0 2.30344 1.86506 -0.924639 0.0240295 -0.0190574 -0.307192 1.39 2.771 0 0 0 0 
 2.324 1.839 2.68643 0 0 2.29594 1.85456 -0.619312 0.0212358 -0.00458283 -0.086109 1.384 2.754 0 0 0 0 
 2.319 1.844 2.68616 0 0 2.29544 1.85706 -0.619032 0.0178288 -0.00382758 -0.0856639 1.388 2.754 0 0 0 0 
 2.308 1.844 2.68587 0 0 2.29194 1.85806 -1.19852 0.0136636 -0.0156349 -0.429246 1.392 2.756 0 0 0 0 
 2.308 1.85 2.68573 0 0 2.29494 1.86156 -1.22237 0.0111475 -0.0130561 -0.438118 1.398 2.757 0 0 0 0 
 2.305 1.85 2.68533 0 0 2.29044 1.85656 -0.483649 0.0105768 0.00148718 0.056184 1.392 2.747 0 0 0 0 
 2.305 1.853 2.68495 0 0 2.28194 1.85106 0.0844095 0.0131782 0.0335284 0.523599 1.375 2.733 0 0 0 0 
 2.3 1.856 2.68523 0 0 2.27394 1.84706 0.35728 0.0129703 0.0549276 0.523599 1.364 2.722 0 0 0 0 
 2.291 1.862 2.68611 0 0 2.25744 1.84006 0.766286 0.0138226 0.0969281 0.523599 1.34 2.702 0 0 0 0 
 2.293 1.862 2.68642 0 0 2.25094 1.83306 0.822206 0.0170129 0.124701 0.523599 1.325 2.688 0 0 0 0 
 2.294 1.869 2.68773 0 0 2.25094 1.83306 1.10386 0.0157459 0.143596 0.523599 1.324 2.681 0 0 0 0 
 2.295 1.874 2.68969 0 0 2.26294 1.84056 1.71599 0.00983951 0.124368 0.523599 1.347 2.691 0 0 0 0 
 2.295 1.877 2.69368 0 0 2.26644 1.85206 1.19344 0.0101535 0.0983213 0.523599 1.354 2.711 0 0 0 0 
 2.292 1.878 2.70091 0 0 2.26444 1.86606 0.462656 0.013249 0.0634838 0.523599 1.353 2.738 0 0 0 0 
 2.294 1.88 2.70913 0 0 2.26194 1.86656 0.445723 0.0156931 0.0720027 0.523599 1.346 2.737 0 0 0 0 
 2.297 1.877 2.71482 0 0 2.25944 1.86856 0.228627 0.0204546 0.0649642 0.523599 1.338 2.744 0 0 0 0 
 2.298 1.873 2.72158 0 0 2.26144 1.87056 0.0668886 0.0215238 0.0478813 0.523599 1.341 2.752 0 0 0 0 
 2.297 1.869 2.72814 0 0 2.25694 1.86006 0.227002 0.0220522 0.0678055 0.523599 1.333 2.735 0 0 0 0 
 2.29 1.866 2.73315 0 0 2.25244 1.85106 0.420236 0.0190803 0.0801502 0.523599 1.331 2.72 0 0 0 0 
 2.286 1.87 2.73984 0 0 2.25444 1.85006 0.732032 0.0142772 0.0862931 0.523599 1.339 2.714 0 0 0 0 
 2.283 1.869 2.74788 0 0 2.25494 1.85206 0.689735 0.0130103 0.0743379 0.523599 1.343 2.719 0 0 0 0 
 2.277 1.863 2.75626 0 0 2.24444 1.85106 0.384164 0.0171333 0.0653608 0.523599 1.328 2.723 0 0 0 0 
 2.275 1.858 2.76305 0 0 2.22994 1.85256 0.121363 0.0265122 0.0603776 0.523599 1.301 2.731 0 0 0 0 
 2.281 1.864 2.76956 0 0 2.23444 1.85056 0.297007 0.0256855 0.0819455 0.523599 1.304 2.721 0 0 0 0 
 2.28 1.863 2.7763 0 0 2.23644 1.84956 0.318776 0.0239438 0.0783661 0.523599 1.309 2.72 0 0 0 0 
 2.279 1.871 2.78456 0 0 2.24094 1.85106 0.57786 0.0192247 0.089524 0.523599 1.319 2.715 0 0 0 0 
 2.273 1.867 2.79268 0 0 2.23294 1.85106 0.420393 0.0215064 0.0801045 0.523599 1.309 2.719 0 0 0 0 
 2.267 1.864 2.80107 0 0 2.22394 1.85506 0.210703 0.0250261 0.0635214 0.523599 1.297 2.73 0 0 0 0 
 2.259 1.858 2.80894 0 0 2.21994 1.85856 -0.0142941 0.0246184 0.0340697 0.505577 1.297 2.743 0 0 0 0 
 2.252 1.865 2.81547 0 0 2.21844 1.86906 -0.121524 0.02194 0.0192931 0.338226 1.301 2.757 0 0 0 0 
 2.244 1.873 2.81906 0 0 2.21544 1.87706 -0.143071 0.0188092 0.0145746 0.300556 1.303 2.765 0 0 0 0 
 2.241 1.874 2.82065 0 0 2.21294 1.88706 -0.50219 0.0203788 -0.00990272 -0.191979 1.301 2.784 0 0 0 0 
 2.234 1.873 2.82175 0 0 2.21144 1.89406 -1.35073 0.0186148 -0.0361328 -0.523599 1.305 2.799 0 0 0 0 
 2.238 1.878 2.82168 0 0 2.21094 1.90156 -1.18689 0.0219727 -0.0386935 -0.523599 1.3 2.809 0 0 0 0 
 2.237 1.883 2.82096 0 0 2.21094 1.90756 -1.37626 0.0215666 -0.0421728 -0.523599 1.301 2.816 0 0 0 0 
 2.241 1.877 2.82018 0 0 2.21294 1.90756 -1.9129 0.0241247 -0.0561083 -0.523599 1.301 2.822 0 0 0 0 
 2.239 1.875 2.82 0 0 2.21444 1.90256 -2.07736 0.0212842 -0.0513732 -0.523599 1.306 2.814 0 0 0 0 
 2.234 1.876 2.81961 0 0 2.20944 1.90006 -1.48981 0.020532 -0.0420904 -0.523599 1.301 2.808 0 0 0 0 
 2.23 1.879 2.81869 0 0 2.20644 1.89806 -1.04833 0.0188376 -0.0296845 -0.523599 1.299 2.801 0 0 0 0 
 2.228 1.874 2.81853 0 0 2.20194 1.89656 -1.17501 0.0211585 -0.0366674 -0.523599 1.292 2.803 0 0 0 0 
 2.229 1.875 2.81757 0 0 2.20394 1.89656 -1.16232 0.0203242 -0.0348488 -0.523599 1.295 2.802 0 0 0 0 
 2.233 1.874 2.81668 0 0 2.20694 1.89406 -0.969183 0.0206338 -0.0298959 -0.523599 1.297 2.798 0 0 0 0 
 2.244 1.878 2.81625 0 0 2.21644 1.89406 -0.659035 0.0207163 -0.0179172 -0.333065 1.305 2.794 0 0 0 0 
 2.249 1.881 2.81562 0 0 2.21994 1.89656 -0.593215 0.0215523 -0.0151828 -0.274663 1.307 2.796 0 0 0 0 
 2.246 1.887 2.81535 0 0 2.21694 1.90256 -0.593218 0.0215533 -0.0151583 -0.274231 1.304 2.802 0 0 0 0 
 2.241 1.884 2.8148 0 0 2.21544 1.90256 -0.887954 0.0200086 -0.0262232 -0.482849 1.306 2.805 0 0 0 0 
 2.238 1.889 2.81422 0 0 2.21544 1.90356 -0.752915 0.0172678 -0.0183205 -0.40135 1.309 2.802 0 0 0 0 
 2.241 1.883 2.81372 0 0 2.21344 1.90106 -0.768564 0.0211593 -0.0229814 -0.409844 1.302 2.803 0 0 0 0 
 2.237 1.876 2.81314 0 0 2.21294 1.90256 -1.98392 0.0208325 -0.0485838 -0.523599 1.305 2.813 0 0 0 0 
 2.233 1.873 2.81215 0 0 2.21394 1.90056 -7.97141 0.0179424 -0.0558071 -0.523599 1.311 2.812 0 0 0 0 
 2.227 1.872 2.80893 0 0 2.21644 1.90006 0.525852 0.0127971 -0.0649614 -0.523599 1.322 2.812 0 0 0 0 
 2.224 1.871 2.80464 0 0 2.21444 1.90206 -0.108185 0.0129259 -0.0736184 -0.523599 1.321 2.817 0 0 0 0 
 2.225 1.871 2.79899 0 0 2.22394 1.90356 0.758344 0.00810079 -0.0856815 -0.523599 1.339 2.82 0 0 0 0 
 2.224 1.869 2.79182 0 0 2.22394 1.90356 0.26417 0.00810419 -0.0917117 -0.523599 1.34 2.822 0 0 0 0 
 2.225 1.87 2.78283 0 0 2.22294 1.90706 1.1255 0.0101408 -0.0958611 -0.523599 1.337 2.828 0 0 0 0 
 2.223 1.878 2.77342 0 0 2.22494 1.91106 3.85625 0.00689221 -0.0892533 -0.523599 1.343 2.828 0 0 0 0 
 2.226 1.878 2.76398 0 0 2.22894 1.91356 -0.519166 0.00711944 -0.0965723 -0.523599 1.348 2.833 0 0 0 0 
 2.229 1.879 2.75504 0 0 2.23194 1.91406 -0.757961 0.00718877 -0.0949917 -0.523599 1.351 2.833 0 0 0 0 
 2.226 1.886 2.74522 0 0 2.23194 1.91356 13.4391 0.00357982 -0.0786617 -0.523599 1.354 2.825 0 0 0 0 
 2.232 1.883 2.73577 0 0 2.22894 1.90956 0.914591 0.00892299 -0.0655276 -0.523599 1.342 2.82 0 0 0 0 
 2.233 1.886 2.72826 0 0 2.22744 1.90506 -0.295409 0.00849531 -0.0430242 -0.523599 1.338 2.808 0 0 0 0 
 2.231 1.885 2.7222 0 0 2.22344 1.90456 0.618491 0.00989907 -0.0417425 -0.523599 1.332 2.808 0 0 0 0 
 2.234 1.888 2.71759 0 0 2.22594 1.90206 5.69629 0.00871976 -0.0268447 -0.523599 1.334 2.8 0 0 0 0 
 2.225 1.89 2.71359 0 0 2.21844 1.90306 2.23731 0.00756402 -0.0259104 -0.523599 1.328 2.8 0 0 0 0 
 2.223 1.892 2.7107 0 0 2.21694 1.90206 11.1482 0.00644165 -0.0187152 -0.523599 1.327 2.796 0 0 0 0 
 2.222 1.897 2.70863 0 0 2.21494 1.90806 -245.813 0.00733178 -0.0200252 -0.523599 1.324 2.803 0 0 0 0 
 2.221 1.904 2.70678 0 0 2.21794 1.91106 1.10147 0.00381465 -0.0145143 -0.523599 1.331 2.802 0 0 0 0 
 2.217 1.903 2.70505 0 0 2.21744 1.91406 -0.0993919 0.00285574 -0.0289991 -0.523599 1.334 2.809 0 0 0 0 
 2.227 1.906 2.70368 0 0 2.22494 1.91906 -0.0612017 0.00493067 -0.0310599 -0.523599 1.339 2.816 0 0 0 0 
 2.226 1.904 2.7 0 0 2.22344 1.91956 0.204449 0.00597486 -0.0367512 -0.523599 1.337 2.819 0 0 0 0 
 2.227 1.905 2.69707 0 0 2.22844 1.92406 0.764466 0.00463574 -0.0505573 -0.523599 1.346 2.827 0 0 0 0 
 2.227 1.903 2.69276 0 0 2.22644 1.92156 3.80872 0.00572696 -0.0466901 -0.523599 1.342 2.824 0 0 0 0 
 2.226 1.897 2.68753 0 0 2.22744 1.91656 1.55576 0.0048964 -0.0516309 -0.523599 1.345 2.82 0 0 0 0 
 2.223 1.895 2.68238 0 0 2.22594 1.91856 -6.42889 0.00527787 -0.0635498 -0.523599 1.345 2.826 0 0 0 0 
 2.223 1.897 2.67707 0 0 2.22494 1.92256 0.678514 0.00655529 -0.067153 -0.523599 1.343 2.832 0 0 0 0 
 2.212 1.902 2.67018 0 0 2.22294 1.92356 -2.36871 0.000170199 -0.0688275 -0.523599 1.35 2.829 0 0 0 0 
 2.207 1.9 2.66308 0 0 2.22144 1.92006 5.43707 1.15094e-06 -0.0698624 -0.523599 1.352 2.824 0 0 0 0 
 2.207 1.9 2.65594 0 0 2.22344 1.92406 9.26222 4.61436e-07 -0.0826671 -0.523599 1.356 2.832 0 0 0 0 
 2.205 1.896 2.64878 0 0 2.22644 1.92256 2.89891 6.50257e-07 -0.0960401 -0.523599 1.364 2.833 0 0 0 0 
 2.201 1.899 2.63987 0 0 2.22544 1.92456 1.726 1.52821e-07 -0.0980882 -0.523599 1.366 2.834 0 0 0 0 
 2.194 1.9 2.6294 0 0 2.22344 1.92906 1.51368 3.50423e-07 -0.114371 -0.523599 1.369 2.842 0 0 0 0 
 2.198 1.894 2.61903 0 0 2.23144 1.92856 1.67808 3.47195e-07 -0.134131 -0.523599 1.381 2.847 0 0 0 0 
 2.19 1.898 2.60693 0 0 2.23044 1.93406 1.23868 2.42974e-07 -0.149127 -0.523599 1.387 2.854 0 0 0 0 
 2.191 1.896 2.59261 0 0 2.23294 1.93506 1.34438 2.6349e-07 -0.15923 -0.523599 1.391 2.858 0 0 0 0 
 2.194 1.897 2.5775 0 0 2.23744 1.94006 1.52759 3.0493e-07 -0.171582 -0.523599 1.397 2.867 0 0 0 0 
 2.196 1.898 2.56124 0 0 2.24394 1.94256 1.33927 2.65188e-07 -0.183192 -0.523599 1.408 2.871 0 0 0 0 
 2.199 1.901 2.5432 0 0 2.24744 1.94556 1.31281 2.807e-07 -0.184644 -0.523599 1.412 2.874 0 0 0 0 
 2.2 1.901 2.52421 0 0 2.24894 1.94806 1.43297 1.18066e-07 -0.191649 -0.523599 1.414 2.879 0 0 0 0 
 2.197 1.902 2.50517 0 0 2.25394 1.95506 1.34592 1.06528e-07 -0.219914 -0.523599 1.427 2.892 0 0 0 0 
 2.19 1.897 2.48464 0 0 2.25844 1.96056 1.3371 1.04719e-07 -0.264491 -0.523599 1.443 2.908 0 0 0 0 
 2.189 1.896 2.46134 0 0 2.25894 1.96256 1.40319 4.11719e-07 -0.273921 -0.523599 1.445 2.913 0 0 0 0 
 2.192 1.9 2.43369 0 0 2.25994 1.96606 1.46635 2.46603e-07 -0.269038 -0.523599 1.444 2.916 0 0 0 0 
 2.19 1.898 2.40525 0 0 2.25644 1.96706 1.7012 8.8522e-05 -0.271659 -0.523599 1.439 2.92 0 0 0 0 
 2.197 1.898 2.37784 0 0 2.25844 1.96606 2.0027 0.00353493 -0.259226 -0.523599 1.436 2.918 0 0 0 0 
 2.202 1.894 2.35039 0 0 2.26494 1.96456 2.07127 0.00578229 -0.266328 -0.523599 1.444 2.919 0 0 0 0 
 2.207 1.889 2.32384 0 0 2.29194 1.98156 1.91554 0.00949828 -0.351335 -0.523599 1.493 2.958 0 0 0 0 
 2.209 1.892 2.29486 0 0 2.31844 2.00806 1.78634 0.0147392 -0.441639 -0.523599 1.544 3.008 0 0 0 0 
 2.206 1.889 2.2572 0 0 2.33794 2.02856 1.77495 0.0234701 -0.523038 -0.523599 1.586 3.052 0 0 0 0 
 2.202 1.886 2.21161 0 0 2.39194 2.08456 1.72474 0.044601 -0.71882 -0.523599 1.698 3.167 0 0 0 0 
 2.199 1.881 2.1535 0 0 2.42594 2.11206 1.62136 0.0642047 -0.816654 -0.523599 1.769 3.227 0 0 0 0 
 2.195 1.875 2.07924 0 0 2.41744 2.10306 1.64746 0.0778926 -0.780277 -0.523599 1.756 3.215 0 0 0 0 
 2.194 1.866 1.9976 0 0 2.38144 2.06006 1.68542 0.0777226 -0.649162 -0.523599 1.685 3.138 0 0 0 0 
 2.182 1.84 1.91874 0 0 2.35844 2.03106 1.88407 0.0893386 -0.593371 -0.523599 1.651 3.106 0 0 0 0 
 2.177 1.836 1.85161 0 0 2.35344 2.02806 1.91014 0.0992883 -0.567609 -0.523599 1.646 3.104 0 0 0 0 
 2.167 1.828 1.79064 0 0 2.34344 2.02056 1.92338 0.10768 -0.542154 -0.523599 1.636 3.097 0 0 0 0 
 2.164 1.826 1.73094 0 0 2.32394 2.00506 2.06344 0.106827 -0.474257 -0.523599 1.6 3.068 0 0 0 0 
 2.153 1.829 1.67368 0 0 2.31094 2.00206 1.94408 0.109121 -0.444518 -0.523599 1.585 3.059 0 0 0 0 
 2.138 1.835 1.62411 0 0 2.34194 2.04406 1.64686 0.139592 -0.526902 -0.523599 1.662 3.137 0 0 0 0 
 2.119 1.842 1.57749 0 0 2.33344 2.04856 1.43824 0.144423 -0.526799 -0.523599 1.664 3.139 0 0 0 0 
 2.117 1.859 1.52445 0 0 2.33394 2.05906 1.31921 0.146934 -0.505685 -0.523599 1.667 3.143 0 0 0 0 
 2.108 1.883 1.4714 0 0 2.33244 2.07356 1.13611 0.148026 -0.497995 -0.523599 1.673 3.148 0 0 0 0 
 2.103 1.895 1.41963 0 0 2.33144 2.08156 1.06455 0.152119 -0.480169 -0.523599 1.676 3.152 0 0 0 0 
 2.099 1.911 1.36725 0 0 2.29344 2.05506 0.914707 0.124416 -0.40453 -0.523599 1.604 3.083 0 0 0 0 
 2.078 1.911 1.31832 0 0 2.27494 2.05006 0.85275 0.126384 -0.390588 -0.523599 1.588 3.073 0 0 0 0 
 2.076 1.916 1.27471 0 0 2.24594 2.02306 0.729069 0.104022 -0.337079 -0.523599 1.532 3.014 0 0 0 0 
 2.073 1.919 1.23317 0 0 2.21394 1.99706 0.618393 0.0819944 -0.281583 -0.523599 1.471 2.959 0 0 0 0 
 2.08 1.928 1.19808 0 0 2.19694 1.98006 0.477104 0.0619645 -0.241338 -0.523599 1.43 2.916 0 0 0 0 
 2.069 1.943 1.1701 0 0 2.16744 1.96256 0.201335 0.0387812 -0.227694 -0.523599 1.382 2.866 0 0 0 0 
 2.045 1.944 1.14569 0 0 2.13644 1.94756 0.0389328 0.0285109 -0.226585 -0.523599 1.344 2.835 0 0 0 0 
 2.044 1.96 1.12248 0 0 2.14244 1.95856 -0.0146464 0.0290481 -0.247102 -0.523599 1.357 2.841 0 0 0 0 
 2.04 1.963 1.09863 0 0 2.15394 1.97206 0.0796668 0.0416071 -0.266044 -0.523599 1.384 2.865 0 0 0 0 
 2.049 1.973 1.07275 0 0 2.14844 1.96656 -0.0648695 0.0294027 -0.250044 -0.523599 1.364 2.844 0 0 0 0 
 2.056 1.982 1.04533 0 0 2.15494 1.97406 -0.08044 0.029977 -0.24755 -0.523599 1.37 2.85 0 0 0 0 
 2.068 1.99 1.01919 0 0 2.15844 1.97056 -0.218338 0.0220002 -0.242803 -0.523599 1.365 2.835 0 0 0 0 
 2.063 1.992 0.993219 0 0 2.14844 1.96656 -0.306891 0.0182961 -0.238768 -0.523599 1.35 2.825 0 0 0 0 
 2.061 1.988 0.968081 0 0 2.14494 1.96156 -0.325851 0.0185585 -0.235014 -0.523599 1.345 2.819 0 0 0 0 
 2.052 1.976 0.943107 0 0 2.15744 1.97506 -0.00893113 0.0420264 -0.234846 -0.523599 1.379 2.858 0 0 0 0 
 2.05 1.966 0.918542 0 0 2.15044 1.96306 -0.0292956 0.0402049 -0.223565 -0.523599 1.367 2.844 0 0 0 0 
 2.06 1.968 0.894999 0 0 2.16294 1.96956 0.0151384 0.0447522 -0.216477 -0.523599 1.382 2.855 0 0 0 0 
 2.068 1.98 0.872004 0 0 2.17994 1.98906 0.0810964 0.0536004 -0.216144 -0.523599 1.408 2.882 0 0 0 0 
 2.082 1.991 0.849635 0 0 2.19894 2.01056 0.168825 0.0620243 -0.201173 -0.523599 1.432 2.914 0 0 0 0 
 2.086 1.999 0.827709 0 0 2.19944 2.01356 0.129042 0.0590551 -0.198449 -0.523599 1.429 2.912 0 0 0 0 
 2.087 2.001 0.805415 0 0 2.21644 2.03306 0.252856 0.0757517 -0.188567 -0.523599 1.462 2.949 0 0 0 0 
 2.084 2.001 0.78204 0 0 2.21794 2.03606 0.267888 0.0803019 -0.183497 -0.523599 1.468 2.955 0 0 0 0 
 2.081 2.014 0.761498 0 0 2.21394 2.03706 0.175207 0.075425 -0.198946 -0.523599 1.463 2.944 0 0 0 0 
 2.084 2.031 0.741756 0 0 2.21944 2.05056 0.145416 0.076107 -0.204199 -0.523599 1.471 2.954 0 0 0 0 
 2.09 2.036 0.721033 0 0 2.21994 2.05056 0.112507 0.0721611 -0.19906 -0.523599 1.466 2.949 0 0 0 0 
 2.085 2.037 0.70039 0 0 2.21694 2.04656 0.0725705 0.0721342 -0.206696 -0.523599 1.465 2.94 0 0 0 0 
 2.083 2.044 0.679833 0 0 2.20544 2.04556 0.0127276 0.0648962 -0.202887 -0.523599 1.444 2.931 0 0 0 0 
 2.098 2.053 0.659444 0 0 2.21194 2.04756 -0.0477946 0.0585688 -0.199675 -0.523599 1.442 2.926 0 0 0 0 
 2.109 2.058 0.639342 0 0 2.21944 2.04956 -0.0765859 0.0564564 -0.196206 -0.523599 1.446 2.925 0 0 0 0 
 2.113 2.059 0.61898 0 0 2.22294 2.04406 -0.136748 0.0547553 -0.205367 -0.523599 1.449 2.913 0 0 0 0 
 2.109 2.055 0.598545 0 0 2.22044 2.03856 -0.148617 0.0560453 -0.206237 -0.523599 1.448 2.906 0 0 0 0 
 2.099 2.048 0.577369 0 0 2.21644 2.03656 -0.0977349 0.0621595 -0.197873 -0.523599 1.45 2.909 0 0 0 0 
 2.09 2.052 0.556467 0 0 2.20894 2.03556 -0.13912 0.0623531 -0.206108 -0.523599 1.444 2.903 0 0 0 0 
 2.088 2.059 0.536728 0 0 2.20444 2.03606 -0.199613 0.0597981 -0.213223 -0.523599 1.437 2.897 0 0 0 0 
 2.085 2.063 0.515288 0 0 2.20344 2.03956 -0.200543 0.0618833 -0.211489 -0.523599 1.438 2.9 0 0 0 0 
 2.096 2.076 0.49312 0 0 2.21094 2.04656 -0.261897 0.0591527 -0.216269 -0.523599 1.442 2.901 0 0 0 0 
 2.089 2.065 0.471905 0 0 2.20194 2.03806 -0.243176 0.0596862 -0.202756 -0.523599 1.431 2.895 0 0 0 0 
 2.083 2.057 0.450345 0 0 2.19094 2.02906 -0.2648 0.0573853 -0.194607 -0.523599 1.415 2.885 0 0 0 0 
 2.066 2.046 0.431112 0 0 2.17544 2.01756 -0.265894 0.0590414 -0.192782 -0.523599 1.401 2.873 0 0 0 0 
 2.075 2.059 0.411571 0 0 2.17544 2.01756 -0.43772 0.051248 -0.211994 -0.523599 1.392 2.86 0 0 0 0 
 2.086 2.074 0.391216 0 0 2.18994 2.03306 -0.415611 0.0545384 -0.209512 -0.523599 1.41 2.876 0 0 0 0 
 2.091 2.076 0.3691 0 0 2.20244 2.04456 -0.289868 0.0623283 -0.186717 -0.523599 1.43 2.897 0 0 0 0 
 2.096 2.08 0.348824 0 0 2.19044 2.03556 -0.508686 0.0498571 -0.201137 -0.523599 1.401 2.875 0 0 0 0 
 2.1 2.076 0.329839 0 0 2.17994 2.02406 -0.759801 0.0401167 -0.205661 -0.523599 1.376 2.856 0 0 0 0 
 2.094 2.08 0.308084 0 0 2.16194 2.01256 -1.53248 0.030824 -0.234441 -0.523599 1.346 2.829 0 0 0 0 
 2.091 2.085 0.286369 0 0 2.15044 2.00756 -3.64191 0.024992 -0.252802 -0.523599 1.326 2.814 0 0 0 0 
 2.099 2.089 0.261934 0 0 2.15094 2.00106 8.13664 0.0201467 -0.274119 -0.523599 1.319 2.797 0 0 0 0 
 2.106 2.091 0.23519 0 0 2.17494 2.02006 -1.66152 0.0349482 -0.234071 -0.523599 1.36 2.833 0 0 0 0 
 2.114 2.101 0.208118 0 0 2.21744 2.06156 -0.400915 0.0623918 -0.161099 -0.523599 1.437 2.906 0 0 0 0 
 2.123 2.106 0.184949 0 0 2.27094 2.10956 0.0240566 0.0969187 -0.0616663 -0.249217 1.535 2.997 0 0 0 0 
 2.136 2.119 0.170494 0 0 2.31394 2.15456 0.202534 0.120224 0.0123301 0.0410009 1.608 3.074 0 0 0 0 
 2.156 2.129 0.166201 0 0 2.30344 2.13806 0.0615135 0.0974099 -0.0401944 -0.163578 1.567 3.031 0 0 0 0 
 2.166 2.13 0.1655 0 0 2.29294 2.12106 -0.0705566 0.0821781 -0.0784554 -0.364789 1.536 2.996 0 0 0 0 
 2.167 2.13 0.161267 0 0 2.29094 2.12306 -0.0560671 0.0804783 -0.070714 -0.337982 1.531 3 0 0 0 0 
 2.165 2.133 0.152976 0 0 2.26444 2.10156 -0.327157 0.062386 -0.124268 -0.523599 1.48 2.954 0 0 0 0 
 2.178 2.15 0.144898 0 0 2.25394 2.09356 -0.91902 0.0453032 -0.182348 -0.523599 1.446 2.921 0 0 0 0 
 2.193 2.163 0.129501 0 0 2.24594 2.08506 -10.1115 0.0295678 -0.232667 -0.523599 1.415 2.891 0 0 0 0 
 2.203 2.167 0.111304 0 0 2.23594 2.07356 0.314839 0.0167376 -0.269766 -0.523599 1.385 2.864 0 0 0 0 
 2.204 2.165 0.0841252 0 0 2.22844 2.06306 -1.66228 0.0126822 -0.290495 -0.523599 1.369 2.845 0 0 0 0 
 2.205 2.168 0.0586875 0 0 2.22994 2.06606 -1.38543 0.014736 -0.288847 -0.523599 1.371 2.848 0 0 0 0 
 2.216 2.167 0.0285252 0 0 2.23844 2.06806 -3.19254 0.0150401 -0.278547 -0.523599 1.377 2.853 0 0 0 0 
 2.226 2.17 -0.000927672 0 0 2.24094 2.06756 -0.645089 0.0121331 -0.287281 -0.523599 1.372 2.849 0 0 0 0 
 2.239 2.181 -0.0324156 0 0 2.24444 2.07306 -1.51166 0.00832538 -0.302945 -0.523599 1.366 2.849 0 0 0 0 
 2.231 2.169 -0.0592342 0 0 2.23394 2.05656 -0.576598 0.0089561 -0.314904 -0.523599 1.353 2.828 0 0 0 0 
 2.224 2.166 -0.0907926 0 0 2.22444 2.04756 -1.92825 0.0102803 -0.330742 -0.523599 1.341 2.813 0 0 0 0 
 2.221 2.161 -0.123012 0 0 2.25294 2.07856 0.627777 0.0289541 -0.215659 -0.523599 1.401 2.88 0 0 0 0 
 2.219 2.165 -0.15916 0 0 2.26744 2.09456 -8.53431 0.0398747 -0.169756 -0.523599 1.432 2.908 0 0 0 0 
 2.212 2.167 -0.176906 0 0 2.23494 2.06806 -2.36751 0.0282877 -0.258321 -0.523599 1.374 2.853 0 0 0 0 
 2.214 2.177 -0.193716 0 0 2.23994 2.07356 -1.1289 0.0319655 -0.266091 -0.523599 1.382 2.854 0 0 0 0 
 2.214 2.174 -0.220292 0 0 2.25394 2.08256 1.14343 0.0403869 -0.220519 -0.523599 1.41 2.875 0 0 0 0 
 2.214 2.174 -0.247688 0 0 2.25994 2.08656 2.89566 0.0448175 -0.200629 -0.523599 1.422 2.883 0 0 0 0 
 2.223 2.178 -0.270209 0 0 2.25844 2.08456 0.552946 0.0404828 -0.220736 -0.523599 1.41 2.875 0 0 0 0 
 2.224 2.178 -0.290434 0 0 2.24394 2.07356 1.72665 0.0342949 -0.259643 -0.523599 1.38 2.853 0 0 0 0 
 2.231 2.181 -0.313609 0 0 2.25444 2.08256 -1.77533 0.0364214 -0.237457 -0.523599 1.394 2.868 0 0 0 0 
 2.241 2.176 -0.343187 0 0 2.23494 2.05706 0.996409 0.0254012 -0.315783 -0.523599 1.345 2.822 0 0 0 0 
 2.248 2.168 -0.365615 0 0 2.23244 2.04306 -5.6035 0.0230308 -0.33892 -0.523599 1.333 2.802 0 0 0 0 
 2.254 2.165 -0.398659 0 0 2.23144 2.03506 -0.576419 0.0230261 -0.35604 -0.523599 1.325 2.789 0 0 0 0 
 2.266 2.168 -0.433872 0 0 2.23094 2.03306 0.855153 0.0203626 -0.380563 -0.523599 1.312 2.782 0 0 0 0 
 2.282 2.179 -0.47055 0 0 2.23544 2.03706 -0.0931753 0.0195999 -0.409282 -0.523599 1.305 2.779 0 0 0 0 
 2.286 2.175 -0.510034 0 0 2.23644 2.03106 -0.241643 0.0224841 -0.414193 -0.523599 1.303 2.771 0 0 0 0 
 2.281 2.156 -0.552467 0 0 2.23194 2.02156 -0.424136 0.0230921 -0.387837 -0.523599 1.299 2.771 0 0 0 0 
 2.282 2.147 -0.599494 0 0 2.23294 2.01606 -0.511101 0.0258764 -0.374943 -0.523599 1.3 2.769 0 0 0 0 
 2.3 2.147 -0.635301 0 0 2.24294 2.01656 -1.15098 0.0247929 -0.383628 -0.523599 1.302 2.77 0 0 0 0 
 2.314 2.153 -0.675746 0 0 2.25244 2.02156 -1.57937 0.0267033 -0.388966 -0.523599 1.307 2.774 0 0 0 0 
 2.314 2.157 -0.711284 0 0 2.25744 2.02656 -1.10506 0.0317764 -0.372829 -0.523599 1.317 2.78 0 0 0 0 
 2.319 2.175 -0.754287 0 0 2.25794 2.03756 -1.23611 0.0369528 -0.387866 -0.523599 1.313 2.784 0 0 0 0 
 2.324 2.181 -0.792425 0 0 2.25694 2.03906 -1.64615 0.0401517 -0.401289 -0.523599 1.306 2.781 0 0 0 0 
 2.325 2.179 -0.832416 0 0 2.26094 2.04156 -1.54386 0.0427225 -0.380265 -0.523599 1.313 2.788 0 0 0 0 
 2.331 2.177 -0.869989 0 0 2.27044 2.04256 -1.31751 0.0457696 -0.360769 -0.523599 1.326 2.792 0 0 0 0 
 2.329 2.164 -0.913428 0 0 2.26994 2.03406 -1.37316 0.0474467 -0.341967 -0.523599 1.327 2.788 0 0 0 0 
 2.33 2.144 -0.950092 0 0 2.27244 2.02406 -1.77509 0.0452105 -0.316984 -0.523599 1.331 2.788 0 0 0 0 
 2.333 2.136 -0.985443 0 0 2.27444 2.01956 -2.25329 0.0454567 -0.307667 -0.523599 1.332 2.787 0 0 0 0 
 2.334 2.132 -1.01747 0 0 2.27494 2.01806 -2.66877 0.046116 -0.299361 -0.523599 1.332 2.788 0 0 0 0 
 2.342 2.131 -1.04587 0 0 2.27494 2.01206 -4.86043 0.0487177 -0.318791 -0.523599 1.324 2.777 0 0 0 0 
 2.341 2.13 -1.07655 0 0 2.26644 2.00706 -12.7716 0.0513611 -0.334881 -0.523599 1.308 2.768 0 0 0 0 
 2.349 2.123 -1.10985 0 0 2.26494 1.99806 11.8166 0.0528006 -0.352807 -0.523599 1.297 2.757 0 0 0 0 
 2.358 2.117 -1.14423 0 0 2.26694 1.99706 3.85836 0.0509085 -0.357858 -0.523599 1.292 2.761 0 0 0 0 
 2.374 2.111 -1.18054 0 0 2.27594 1.99656 2.34092 0.0490247 -0.363005 -0.523599 1.294 2.766 0 0 0 0 
 2.386 2.11 -1.21737 0 0 2.28244 1.99856 1.8539 0.0492229 -0.366952 -0.523599 1.295 2.771 0 0 0 0 
 2.382 2.108 -1.25457 0 0 2.28044 1.99756 1.90533 0.0520539 -0.353076 -0.523599 1.295 2.771 0 0 0 0 
 2.376 2.105 -1.29276 0 0 2.27494 1.99406 1.95411 0.055565 -0.343328 -0.523599 1.29 2.767 0 0 0 0 
 2.36 2.101 -1.32945 0 0 2.26694 1.99206 2.36448 0.0580644 -0.312743 -0.523599 1.29 2.767 0 0 0 0 
 2.351 2.1 -1.36532 0 0 2.26294 1.99306 2.68639 0.0597981 -0.289993 -0.523599 1.291 2.77 0 0 0 0 
 2.36 2.103 -1.39759 0 0 2.27094 1.99956 2.30528 0.0595751 -0.283475 -0.523599 1.298 2.78 0 0 0 0 
 2.368 2.106 -1.42716 0 0 2.27844 1.99956 2.48722 0.063462 -0.27798 -0.523599 1.305 2.777 0 0 0 0 
 2.396 2.12 -1.45565 0 0 2.28844 2.01056 1.61908 0.0666789 -0.318179 -0.523599 1.297 2.785 0 0 0 0 
 2.418 2.131 -1.48413 0 0 2.30044 2.01756 1.44362 0.071325 -0.336472 -0.523599 1.299 2.788 0 0 0 0 
 2.424 2.14 -1.51718 0 0 2.30094 2.01756 1.54038 0.0799305 -0.340223 -0.523599 1.294 2.779 0 0 0 0 
 2.424 2.137 -1.55231 0 0 2.29994 2.01306 1.5542 0.0837131 -0.330932 -0.523599 1.292 2.773 0 0 0 0 
 2.431 2.133 -1.58709 0 0 2.29844 2.00706 1.39863 0.0881863 -0.340219 -0.523599 1.282 2.765 0 0 0 0 
 2.436 2.136 -1.62082 0 0 2.30294 2.01306 1.32413 0.0888984 -0.330348 -0.523599 1.286 2.774 0 0 0 0 
 2.429 2.129 -1.65541 0 0 2.29994 2.01056 1.30712 0.0881724 -0.309539 -0.523599 1.287 2.776 0 0 0 0 
 2.422 2.123 -1.68959 0 0 2.29844 2.00806 1.34161 0.0876557 -0.285062 -0.523599 1.291 2.777 0 0 0 0 
 2.422 2.126 -1.72091 0 0 2.29594 2.01256 1.25994 0.089081 -0.281073 -0.523599 1.286 2.783 0 0 0 0 
 2.422 2.121 -1.75012 0 0 2.29794 2.01306 1.18554 0.0871111 -0.269007 -0.523599 1.29 2.789 0 0 0 0 
 2.428 2.11 -1.77875 0 0 2.30344 2.00906 1.05129 0.0844903 -0.265055 -0.523599 1.295 2.792 0 0 0 0 
 2.433 2.1 -1.80655 0 0 2.30994 2.00506 0.972618 0.082088 -0.25639 -0.523599 1.303 2.794 0 0 0 0 
 2.432 2.097 -1.83311 0 0 2.31094 2.00406 0.965299 0.081979 -0.244235 -0.523599 1.306 2.795 0 0 0 0 
 2.427 2.092 -1.85862 0 0 2.30994 2.00006 1.00007 0.0819011 -0.226801 -0.523599 1.309 2.792 0 0 0 0 
 2.419 2.086 -1.884 0 0 2.30694 1.99656 1.02588 0.0804999 -0.208497 -0.523599 1.311 2.791 0 0 0 0 
 2.411 2.083 -1.9063 0 0 2.30194 1.99456 1.05247 0.080213 -0.194922 -0.523599 1.309 2.79 0 0 0 0 
 2.41 2.075 -1.92824 0 0 2.30294 1.99056 1.00672 0.0782345 -0.187099 -0.523599 1.312 2.79 0 0 0 0 
 2.408 2.057 -1.94861 0 0 2.30094 1.98006 0.874753 0.0745669 -0.188763 -0.523599 1.31 2.787 0 0 0 0 
 2.397 2.042 -1.96756 0 0 2.29494 1.97356 0.793254 0.0688812 -0.180641 -0.523599 1.309 2.789 0 0 0 0 
 2.396 2.024 -1.98691 0 0 2.29444 1.96306 0.684235 0.0650743 -0.18284 -0.523599 1.309 2.786 0 0 0 0 
 2.391 2.011 -2.00481 0 0 2.28994 1.95806 0.577715 0.0609592 -0.186682 -0.523599 1.305 2.789 0 0 0 0 
 2.384 2.008 -2.02353 0 0 2.28744 1.95556 0.603664 0.0600611 -0.171997 -0.523599 1.307 2.787 0 0 0 0 
 2.385 1.999 -2.04199 0 0 2.28694 1.94956 0.551779 0.0595393 -0.174867 -0.523599 1.305 2.784 0 0 0 0 
 2.386 2.001 -2.05942 0 0 2.28894 1.94906 0.59287 0.0613405 -0.164892 -0.523599 1.308 2.781 0 0 0 0 
 2.375 1.994 -2.07729 0 0 2.28244 1.94906 0.527686 0.0565037 -0.15977 -0.523599 1.306 2.788 0 0 0 0 
 2.375 1.996 -2.09442 0 0 2.28194 1.95356 0.490572 0.0559038 -0.160485 -0.523599 1.305 2.795 0 0 0 0 
 2.374 1.996 -2.11093 0 0 2.28294 1.95356 0.503062 0.0557926 -0.152147 -0.523599 1.308 2.795 0 0 0 0 
 2.367 1.994 -2.12713 0 0 2.27944 1.95106 0.533947 0.0553468 -0.139819 -0.523599 1.308 2.792 0 0 0 0 
 2.357 1.987 -2.14236 0 0 2.27344 1.94656 0.525698 0.0529698 -0.131263 -0.523599 1.306 2.79 0 0 0 0 
 2.356 1.975 -2.15664 0 0 2.27144 1.94206 0.410558 0.0497263 -0.142096 -0.523599 1.303 2.793 0 0 0 0 
 2.353 1.973 -2.1704 0 0 2.26894 1.94056 0.406321 0.0497134 -0.138959 -0.523599 1.301 2.792 0 0 0 0 
 2.345 1.957 -2.18431 0 0 2.26244 1.93006 0.338437 0.0466472 -0.141814 -0.523599 1.296 2.787 0 0 0 0 
 2.341 1.951 -2.19839 0 0 2.25794 1.92806 0.283458 0.0452148 -0.146824 -0.523599 1.291 2.789 0 0 0 0 
 2.337 1.95 -2.21274 0 0 2.25544 1.92756 0.282324 0.0448209 -0.14177 -0.523599 1.29 2.789 0 0 0 0 
 2.336 1.951 -2.22732 0 0 2.25344 1.92706 0.298411 0.0464861 -0.138548 -0.523599 1.287 2.787 0 0 0 0 
 2.338 1.961 -2.24198 0 0 2.25644 1.93356 0.349768 0.0482996 -0.12749 -0.523599 1.291 2.79 0 0 0 0 
 2.349 1.977 -2.25611 0 0 2.26444 1.94156 0.445542 0.0540267 -0.116618 -0.523599 1.296 2.79 0 0 0 0 
 2.355 1.985 -2.26941 0 0 2.27244 1.94556 0.517747 0.0554943 -0.102444 -0.523599 1.306 2.79 0 0 0 0 
 2.365 1.993 -2.28194 0 0 2.27894 1.95156 0.522589 0.0583263 -0.102979 -0.523599 1.309 2.794 0 0 0 0 
 2.376 1.997 -2.29271 0 0 2.28494 1.95356 0.516901 0.061802 -0.106633 -0.523599 1.31 2.794 0 0 0 0 
 2.377 1.995 -2.30382 0 0 2.28594 1.95056 0.530896 0.0625561 -0.101985 -0.523599 1.311 2.79 0 0 0 0 
 2.368 1.994 -2.31469 0 0 2.28344 1.95006 0.572114 0.0595886 -0.0875433 -0.523599 1.315 2.79 0 0 0 0 
 2.361 1.991 -2.32475 0 0 2.27444 1.94556 0.5792 0.0614277 -0.0861221 -0.511099 1.304 2.784 0 0 0 0 
 2.362 1.982 -2.33375 0 0 2.27344 1.94206 0.484316 0.0599579 -0.0981285 -0.523599 1.301 2.786 0 0 0 0 
 2.367 1.974 -2.34277 0 0 2.27544 1.93756 0.420456 0.0599556 -0.108298 -0.523599 1.3 2.785 0 0 0 0 
 2.367 1.961 -2.35264 0 0 2.27794 1.93306 0.324463 0.0551079 -0.117782 -0.523599 1.305 2.789 0 0 0 0 
 2.359 1.954 -2.36394 0 0 2.27344 1.93056 0.281055 0.0516826 -0.117661 -0.523599 1.304 2.791 0 0 0 0 
 2.349 1.934 -2.37592 0 0 2.26594 1.91706 0.206851 0.0478803 -0.123585 -0.523599 1.299 2.784 0 0 0 0 
 2.339 1.913 -2.38802 0 0 2.26244 1.90556 0.0975104 0.0408233 -0.128808 -0.523599 1.302 2.782 0 0 0 0 
 2.333 1.895 -2.39987 0 0 2.26144 1.89556 -0.00780168 0.0352014 -0.134416 -0.523599 1.306 2.78 0 0 0 0 
 2.326 1.882 -2.41222 0 0 2.25844 1.89006 -0.119848 0.030357 -0.141301 -0.523599 1.307 2.782 0 0 0 0 
 2.316 1.87 -2.42569 0 0 2.25294 1.88606 -0.260309 0.0251349 -0.148832 -0.523599 1.306 2.786 0 0 0 0 
 2.299 1.858 -2.44037 0 0 2.23894 1.88006 -0.384738 0.0216172 -0.155146 -0.523599 1.295 2.786 0 0 0 0 
 2.287 1.854 -2.45525 0 0 2.23494 1.87906 -0.522331 0.0167318 -0.146806 -0.523599 1.299 2.788 0 0 0 0 
 2.286 1.845 -2.47024 0 0 2.23644 1.87656 -0.739568 0.0133455 -0.156116 -0.523599 1.303 2.792 0 0 0 0 
 2.279 1.834 -2.48472 0 0 2.22794 1.87356 -0.978959 0.0115979 -0.175909 -0.523599 1.293 2.797 0 0 0 0 
 2.273 1.828 -2.50069 0 0 2.22344 1.87056 -1.15863 0.0103058 -0.179589 -0.523599 1.29 2.797 0 0 0 0 
 2.275 1.823 -2.5187 0 0 2.22244 1.86556 -1.0499 0.0127177 -0.183362 -0.523599 1.286 2.792 0 0 0 0 
 2.278 1.818 -2.53698 0 0 2.22744 1.86306 -1.23767 0.0114901 -0.185193 -0.523599 1.293 2.792 0 0 0 0 
 2.274 1.811 -2.55551 0 0 2.22694 1.86006 -1.71342 0.00892959 -0.188669 -0.523599 1.296 2.793 0 0 0 0 
 2.279 1.809 -2.57451 0 0 2.22944 1.86206 -1.82974 0.00987143 -0.201069 -0.523599 1.296 2.799 0 0 0 0 
 2.287 1.806 -2.59367 0 0 2.23344 1.86006 -1.58987 0.0127717 -0.208021 -0.523599 1.296 2.798 0 0 0 0 
 2.288 1.808 -2.61468 0 0 2.23144 1.86056 -1.33885 0.0160103 -0.206944 -0.523599 1.291 2.797 0 0 0 0 
 2.294 1.806 -2.63613 0 0 2.23294 1.85906 -1.18287 0.0195682 -0.212175 -0.523599 1.288 2.796 0 0 0 0 
 2.308 1.808 -2.65739 0 0 2.23894 1.86156 -0.980499 0.0252809 -0.22093 -0.523599 1.286 2.799 0 0 0 0 
 2.308 1.814 -2.67903 0 0 2.24094 1.86356 -0.911316 0.026246 -0.206176 -0.523599 1.29 2.797 0 0 0 0 
 2.314 1.814 -2.70158 0 0 2.24444 1.86106 -0.80294 0.0294897 -0.199869 -0.523599 1.291 2.792 0 0 0 0 
 2.318 1.811 -2.72251 0 0 2.24994 1.86206 -0.931995 0.0285624 -0.205911 -0.523599 1.298 2.797 0 0 0 0 
 2.318 1.816 -2.74327 0 0 2.25044 1.86656 -0.928549 0.029356 -0.201547 -0.523599 1.299 2.801 0 0 0 0 
 2.321 1.816 -2.76454 0 0 2.25244 1.86356 -0.831561 0.0316251 -0.191931 -0.523599 1.3 2.795 0 0 0 0 
 2.322 1.824 -2.78517 0 0 2.25344 1.86856 -0.760098 0.0331567 -0.181273 -0.523599 1.301 2.797 0 0 0 0 
 2.32 1.823 -2.80126 0 0 2.25044 1.86556 -0.701658 0.0348575 -0.174556 -0.523599 1.297 2.792 0 0 0 0 
 2.316 1.821 -2.81822 0 0 2.24894 1.86556 -0.783293 0.033579 -0.175369 -0.523599 1.298 2.794 0 0 0 0 
 2.304 1.823 -2.83495 0 0 2.24394 1.86956 -0.979846 0.029432 -0.173156 -0.523599 1.3 2.8 0 0 0 0 
 2.299 1.82 -2.853 0 0 2.23944 1.86456 -0.928138 0.0301631 -0.165179 -0.523599 1.296 2.793 0 0 0 0 
 2.3 1.818 -2.87042 0 0 2.23894 1.86406 -0.939723 0.0315644 -0.167901 -0.523599 1.294 2.794 0 0 0 0 
 2.298 1.812 -2.88698 0 0 2.23494 1.86256 -1.03329 0.0328617 -0.178932 -0.523599 1.288 2.797 0 0 0 0 
 2.293 1.812 -2.90446 0 0 2.22994 1.86006 -0.954505 0.0339117 -0.169733 -0.523599 1.283 2.792 0 0 0 0 
 2.284 1.811 -2.92302 0 0 2.22894 1.86006 -1.23719 0.029304 -0.165759 -0.523599 1.29 2.793 0 0 0 0 
 2.278 1.802 -2.94032 0 0 2.22594 1.85606 -1.69745 0.0274654 -0.175839 -0.523599 1.29 2.794 0 0 0 0 
 2.275 1.794 -2.95758 0 0 2.22644 1.85406 -2.88215 0.0253021 -0.188797 -0.523599 1.294 2.798 0 0 0 0 
 2.269 1.787 -2.97629 0 0 2.22244 1.84806 -3.76883 0.0247228 -0.188779 -0.523599 1.292 2.793 0 0 0 0 
 2.269 1.78 -2.99646 0 0 2.22194 1.84506 -5.24797 0.0256631 -0.197728 -0.523599 1.291 2.794 0 0 0 0 
 2.274 1.779 -3.01644 0 0 2.22444 1.84506 -4.12469 0.0281757 -0.198792 -0.523599 1.291 2.795 0 0 0 0 
 2.281 1.79 -3.03686 0 0 2.22744 1.84956 -2.02464 0.0320326 -0.179123 -0.523599 1.29 2.793 0 0 0 0 
 2.277 1.786 -3.05708 0 0 2.22794 1.84956 -3.54112 0.0297723 -0.186776 -0.523599 1.295 2.797 0 0 0 0 
 2.277 1.785 -3.07601 0 0 2.22544 1.84856 -2.8446 0.0322467 -0.184508 -0.523599 1.29 2.796 0 0 0 0 
 2.277 1.784 -3.09607 0 0 2.22444 1.85006 -3.08 0.0337575 -0.188598 -0.523599 1.288 2.8 0 0 0 0 
 2.275 1.784 -3.11541 0 0 2.22344 1.84556 -2.5268 0.0338966 -0.173474 -0.523599 1.288 2.791 0 0 0 0 
 2.274 1.781 -3.13496 0 0 2.22294 1.84756 -3.65274 0.034457 -0.184397 -0.523599 1.288 2.798 0 0 0 0 
 2.263 1.778 3.12669 0 0 2.21694 1.84456 -7.91301 0.0320644 -0.181963 -0.523599 1.287 2.795 0 0 0 0 
 2.258 1.779 3.10743 0 0 2.21644 1.84606 23.3495 0.0299244 -0.181586 -0.523599 1.291 2.797 0 0 0 0 
 2.252 1.775 3.08869 0 0 2.21194 1.84256 8.60436 0.0297523 -0.180913 -0.523599 1.288 2.794 0 0 0 0 
 2.247 1.777 3.06983 0 0 2.20944 1.84306 5.2556 0.0287839 -0.175135 -0.523599 1.288 2.793 0 0 0 0 
 2.238 1.781 3.0509 0 0 2.20494 1.84806 2.03013 0.0266783 -0.177111 -0.523599 1.288 2.799 0 0 0 0 
 2.238 1.776 3.03277 0 0 2.20244 1.84556 2.46507 0.0293055 -0.180819 -0.523599 1.283 2.799 0 0 0 0 
 2.227 1.78 3.01478 0 0 2.20144 1.84856 0.494397 0.0234115 -0.18037 -0.523599 1.292 2.801 0 0 0 0 
 2.232 1.778 2.99634 0 0 2.20744 1.85156 0.147395 0.024145 -0.192594 -0.523599 1.299 2.809 0 0 0 0 
 2.236 1.774 2.97756 0 0 2.20694 1.84456 0.865508 0.0274979 -0.179958 -0.523599 1.294 2.799 0 0 0 0 
 2.242 1.773 2.95741 0 0 2.21294 1.84106 1.02854 0.02797 -0.170814 -0.523599 1.3 2.793 0 0 0 0 
 2.25 1.767 2.93921 0 0 2.21294 1.83306 4.65159 0.0335276 -0.158055 -0.523599 1.292 2.783 0 0 0 0 
 2.251 1.769 2.92178 0 0 2.21344 1.83106 12.2389 0.0338202 -0.144564 -0.523599 1.292 2.777 0 0 0 0 
 2.248 1.771 2.90625 0 0 2.20794 1.83256 -29.3365 0.0358497 -0.139196 -0.523599 1.284 2.778 0 0 0 0 
 2.248 1.773 2.89152 0 0 2.20744 1.83606 -62.3508 0.0369167 -0.140541 -0.523599 1.283 2.783 0 0 0 0 
 2.245 1.775 2.8768 0 0 2.20744 1.83606 18.1965 0.0351059 -0.135384 -0.523599 1.286 2.781 0 0 0 0 
 2.243 1.776 2.86218 0 0 2.20644 1.83556 17.1224 0.0346289 -0.130117 -0.523599 1.286 2.779 0 0 0 0 
 2.236 1.779 2.84881 0 0 2.19894 1.83756 106.729 0.0351357 -0.125115 -0.523599 1.278 2.78 0 0 0 0 
 2.227 1.779 2.83531 0 0 2.20244 1.84206 0.64647 0.0286884 -0.146191 -0.523599 1.294 2.789 0 0 0 0 
 2.219 1.777 2.82189 0 0 2.20094 1.84856 -1.07393 0.0270608 -0.172813 -0.523599 1.299 2.804 0 0 0 0 
 2.22 1.774 2.80704 0 0 2.20244 1.85156 -3.28857 0.0288011 -0.186997 -0.523599 1.301 2.813 0 0 0 0 
 2.212 1.767 2.78878 0 0 2.19694 1.84506 1.96194 0.0281888 -0.18863 -0.523599 1.298 2.807 0 0 0 0 
 2.209 1.766 2.76965 0 0 2.19644 1.83806 0.606666 0.0259126 -0.173851 -0.523599 1.3 2.794 0 0 0 0 
 2.195 1.761 2.75042 0 0 2.19894 1.84206 -6.92049 0.019271 -0.213481 -0.523599 1.319 2.807 0 0 0 0 
 2.192 1.764 2.73256 0 0 2.20494 1.85506 0.93684 0.0177531 -0.247822 -0.523599 1.334 2.83 0 0 0 0 
 2.188 1.769 2.70956 0 0 2.22194 1.87556 -0.00214923 0.0116855 -0.311133 -0.523599 1.372 2.866 0 0 0 0 
 2.185 1.778 2.68339 0 0 2.22644 1.89056 -0.453224 0.0113008 -0.334226 -0.523599 1.384 2.887 0 0 0 0 
 2.178 1.784 2.65014 0 0 2.20994 1.88706 0.0850533 0.0158791 -0.296046 -0.523599 1.358 2.874 0 0 0 0 
 2.175 1.789 2.61555 0 0 2.23044 1.90956 -1.45013 0.0119362 -0.369403 -0.523599 1.402 2.914 0 0 0 0 
 2.168 1.789 2.58419 0 0 2.22394 1.88956 -4.33417 0.00652704 -0.323522 -0.523599 1.396 2.874 0 0 0 0 
 2.159 1.801 2.546 0 0 2.20394 1.87306 -30.6898 0.00363451 -0.240141 -0.523599 1.365 2.829 0 0 0 0 
 2.15 1.815 2.51635 0 0 2.18844 1.86656 4.27878 0.000221246 -0.182761 -0.523599 1.343 2.802 0 0 0 0 
 2.146 1.82 2.49292 0 0 2.18244 1.86206 2.25943 5.487e-07 -0.158313 -0.523599 1.335 2.788 0 0 0 0 
 2.144 1.821 2.47548 0 0 2.17694 1.85006 1.21488 1.85017e-07 -0.12382 -0.523599 1.326 2.763 0 0 0 0 
 2.145 1.817 2.45998 0 0 2.17944 1.85156 1.56905 9.3439e-07 -0.138641 -0.523599 1.33 2.77 0 0 0 0 
 2.148 1.811 2.44785 0 0 2.18144 1.86156 16.9397 0.00514148 -0.170561 -0.523599 1.331 2.796 0 0 0 0 
 2.146 1.811 2.43349 0 0 2.18444 1.87506 -10.4312 0.00938591 -0.207567 -0.523599 1.339 2.823 0 0 0 0 
 2.144 1.801 2.41525 0 0 2.18044 1.87656 -1.81921 0.0165448 -0.225837 -0.523599 1.333 2.836 0 0 0 0 
 2.138 1.795 2.39306 0 0 2.17094 1.88206 -0.544745 0.024794 -0.239408 -0.523599 1.32 2.853 0 0 0 0 
 2.138 1.793 2.36924 0 0 2.17494 1.89206 -0.495595 0.0301839 -0.267118 -0.523599 1.328 2.875 0 0 0 0 
 2.143 1.8 2.34453 0 0 2.17294 1.90056 0.22033 0.0355122 -0.252075 -0.523599 1.319 2.885 0 0 0 0 
 2.153 1.799 2.31715 0 0 2.17744 1.90756 3.60118 0.0435184 -0.250132 -0.523599 1.318 2.9 0 0 0 0 
 2.161 1.805 2.29167 0 0 2.18094 1.92006 -0.563923 0.0502211 -0.246623 -0.523599 1.317 2.919 0 0 0 0 
 2.167 1.808 2.26634 0 0 2.18944 1.94106 -0.369704 0.0602586 -0.275149 -0.523599 1.328 2.958 0 0 0 0 
 2.172 1.811 2.24062 0 0 2.19044 1.95706 -15.1354 0.0704761 -0.279468 -0.523599 1.325 2.987 0 0 0 0 
 2.166 1.805 2.21207 0 0 2.17744 1.95156 0.247568 0.075142 -0.25644 -0.523599 1.305 2.982 0 0 0 0 
 2.163 1.804 2.18419 0 0 2.16744 1.95806 0.127822 0.0834579 -0.242577 -0.523599 1.288 2.996 0 0 0 0 
 2.153 1.799 2.15881 0 0 2.16394 1.96606 -0.470679 0.0901082 -0.265521 -0.523599 1.291 3.017 0 0 0 0 
 2.141 1.797 2.13279 0 0 2.15544 1.97606 -0.169294 0.0975494 -0.27865 -0.523599 1.286 3.039 0 0 0 0 
 2.13 1.792 2.10586 0 0 2.14944 1.98456 0.520145 0.105734 -0.294916 -0.523599 1.285 3.061 0 0 0 0 
 2.106 1.791 2.0765 0 0 2.13894 1.99406 -0.119591 0.11023 -0.324622 -0.523599 1.288 3.081 0 0 0 0 
 2.098 1.789 2.04544 0 0 2.13394 2.00256 -0.355307 0.11817 -0.328033 -0.523599 1.286 3.1 0 0 0 0 
 2.088 1.788 2.01152 0 0 2.13694 2.01506 13.6685 0.125991 -0.354123 -0.523599 1.302 3.126 0 0 0 0 
 2.077 1.791 1.97722 0 0 2.12744 2.02356 9.77365 0.131915 -0.344986 -0.523599 1.294 3.14 0 0 0 0 
 2.071 1.804 1.94021 0 0 2.12244 2.03256 3.62266 0.132119 -0.325763 -0.523599 1.29 3.145 0 0 0 0 
 2.064 1.807 1.90387 0 0 2.12044 2.03856 1.43143 0.135891 -0.320961 -0.523599 1.293 3.154 0 0 0 0 
 2.065 1.815 1.86898 0 0 2.12844 2.04656 0.557187 0.137408 -0.319541 -0.523599 1.308 3.162 0 0 0 0 
 2.066 1.833 1.83624 0 0 2.13494 2.06306 0.197927 0.138126 -0.314917 -0.523599 1.32 3.177 0 0 0 0 
 2.063 1.843 1.80506 0 0 2.13244 2.07406 0.187942 0.140982 -0.300037 -0.523599 1.318 3.189 0 0 0 0 
 2.058 1.866 1.77293 0 0 2.12794 2.08456 -0.0167311 0.134944 -0.280196 -0.523599 1.314 3.187 0 0 0 0 
 2.052 1.886 1.74219 0 0 2.12494 2.09356 -0.305022 0.129451 -0.269022 -0.523599 1.314 3.185 0 0 0 0 
 2.048 1.893 1.71345 0 0 2.12394 2.10106 -0.425013 0.131383 -0.262231 -0.523599 1.316 3.193 0 0 0 0 
 2.038 1.901 1.68619 0 0 2.11894 2.10106 -0.792187 0.127535 -0.259983 -0.523599 1.316 3.185 0 0 0 0 
 2.027 1.909 1.65913 0 0 2.11194 2.10206 -1.18235 0.124426 -0.256303 -0.523599 1.313 3.179 0 0 0 0 
 2.013 1.917 1.63224 0 0 2.10644 2.10656 -2.02944 0.12366 -0.264672 -0.523599 1.316 3.18 0 0 0 0 
 2.004 1.934 1.60544 0 0 2.10444 2.11506 -4.23608 0.119766 -0.270102 -0.523599 1.321 3.18 0 0 0 0 
 2.005 1.951 1.57732 0 0 2.10044 2.12156 -4.55206 0.114392 -0.246021 -0.523599 1.312 3.176 0 0 0 0 
 2.007 1.972 1.54911 0 0 2.10394 2.13106 -14.2696 0.108452 -0.239633 -0.523599 1.317 3.174 0 0 0 0 
 2.009 2 1.52356 0 0 2.10494 2.14806 36.2416 0.102534 -0.229185 -0.523599 1.317 3.18 0 0 0 0 
 2.017 2.01 1.49888 0 0 2.10694 2.14956 52.2294 0.0977612 -0.206639 -0.523599 1.313 3.173 0 0 0 0 
 2.02 2.01 1.47533 0 0 2.11094 2.15056 39.6575 0.0996221 -0.199682 -0.523599 1.318 3.175 0 0 0 0 
 2.019 2.014 1.45477 0 0 2.11294 2.15406 12.4906 0.100551 -0.199414 -0.523599 1.323 3.178 0 0 0 0 
 2.009 2.033 1.43385 0 0 2.11244 2.17206 4.33962 0.101997 -0.215559 -0.523599 1.332 3.195 0 0 0 0 
 2.005 2.053 1.41361 0 0 2.11294 2.18556 2.80249 0.099388 -0.222222 -0.523599 1.337 3.202 0 0 0 0 
 2.009 2.06 1.39168 0 0 2.11344 2.19056 3.01016 0.0986937 -0.206009 -0.523599 1.334 3.205 0 0 0 0 
 2.018 2.076 1.36917 0 0 2.11344 2.19556 3.03676 0.0912392 -0.181667 -0.523599 1.325 3.199 0 0 0 0 
 2.019 2.092 1.34943 0 0 2.11344 2.20206 2.32981 0.0858055 -0.178469 -0.523599 1.324 3.196 0 0 0 0 
 2.017 2.094 1.33123 0 0 2.11444 2.20156 1.98347 0.0855048 -0.181571 -0.523599 1.328 3.193 0 0 0 0 
 2.018 2.088 1.31314 0 0 2.11344 2.19906 2.3187 0.0880898 -0.167678 -0.523599 1.325 3.194 0 0 0 0 
 2.02 2.087 1.29434 0 0 2.11294 2.19856 2.57446 0.0886175 -0.154458 -0.523599 1.322 3.194 0 0 0 0 
 2.019 2.079 1.27744 0 0 2.11144 2.19506 3.06555 0.0919334 -0.143456 -0.523599 1.32 3.195 0 0 0 0 
 2.028 2.083 1.26178 0 0 2.12044 2.19756 2.90483 0.0915098 -0.13906 -0.523599 1.329 3.196 0 0 0 0 
 2.035 2.087 1.24658 0 0 2.12294 2.19856 3.20717 0.0890957 -0.125267 -0.512309 1.327 3.194 0 0 0 0 
 2.029 2.091 1.23183 0 0 2.11844 2.20156 2.87531 0.0892546 -0.124646 -0.509428 1.324 3.196 0 0 0 0 
 2.027 2.106 1.21855 0 0 2.11644 2.21106 2.39053 0.0862478 -0.12531 -0.523599 1.322 3.2 0 0 0 0 
 2.029 2.118 1.20491 0 0 2.11694 2.21806 2.1632 0.0831965 -0.12205 -0.523599 1.321 3.202 0 0 0 0 
 2.038 2.126 1.19177 0 0 2.12544 2.22306 2.01422 0.0816057 -0.119606 -0.523599 1.329 3.204 0 0 0 0 
 2.028 2.133 1.17881 0 0 2.11744 2.22656 1.72737 0.0803803 -0.12395 -0.523599 1.323 3.204 0 0 0 0 
 2.027 2.146 1.16573 0 0 2.11144 2.22906 1.50268 0.0730442 -0.119418 -0.523599 1.312 3.196 0 0 0 0 
 2.032 2.152 1.15301 0 0 2.11244 2.22956 1.44106 0.0689622 -0.112359 -0.523599 1.309 3.191 0 0 0 0 
 2.032 2.166 1.14076 0 0 2.11344 2.23706 1.19137 0.0657004 -0.118992 -0.523599 1.311 3.192 0 0 0 0 
 2.028 2.17 1.12934 0 0 2.11144 2.23956 1.1014 0.0657232 -0.122524 -0.523599 1.311 3.193 0 0 0 0 
 2.027 2.176 1.11746 0 0 2.11044 2.24106 0.988638 0.0634131 -0.12493 -0.523599 1.31 3.19 0 0 0 0 
 2.042 2.179 1.10527 0 0 2.11594 2.24256 1.16055 0.0599202 -0.101188 -0.523599 1.306 3.19 0 0 0 0 
 2.034 2.188 1.09277 0 0 2.10294 2.25306 1.37984 0.059499 -0.0843699 -0.515955 1.288 3.202 0 0 0 0 
 2.017 2.2 1.08268 0 0 2.08644 2.26156 1.22574 0.057827 -0.0876857 -0.523599 1.272 3.207 0 0 0 0 
 2.006 2.203 1.07421 0 0 2.07894 2.27056 1.33028 0.0626009 -0.0858951 -0.501954 1.268 3.222 0 0 0 0 
 2.008 2.205 1.06505 0 0 2.07744 2.27056 1.38102 0.0604735 -0.0781074 -0.47687 1.263 3.22 0 0 0 0 
 2.021 2.214 1.05734 0 0 2.07794 2.27456 1.79921 0.0535756 -0.0538545 -0.3823 1.251 3.219 0 0 0 0 
 2.034 2.224 1.04861 0 0 2.07294 2.29006 -7.92389 0.0508185 -0.0021865 -0.0172086 1.228 3.24 0 0 0 0 
 2.045 2.224 1.0456 0 0 2.07544 2.29456 -1.07986 0.0505921 0.0245886 0.192012 1.222 3.249 0 0 0 0 
 2.052 2.219 1.04527 0 0 2.07594 2.29406 -0.00655128 0.0510502 0.046073 0.346442 1.216 3.253 0 0 0 0 
 2.053 2.216 1.04595 0 0 2.06994 2.29606 -76.2443 0.0516735 0.0691638 0.491558 1.203 3.26 0 0 0 0 
 2.042 2.22 1.04636 0 0 2.06544 2.28956 -0.176097 0.0477262 0.039657 0.320884 1.205 3.243 0 0 0 0 
 2.042 2.223 1.04662 0 0 2.05444 2.29156 -0.97517 0.0435757 0.0644571 0.523599 1.183 3.244 0 0 0 0 
 2.055 2.231 1.04742 0 0 2.05344 2.29906 0.317631 0.0388057 0.0972295 0.523599 1.168 3.251 0 0 0 0 
 2.055 2.236 1.04768 0 0 2.04744 2.30156 0.933625 0.0354504 0.108364 0.523599 1.156 3.251 0 0 0 0 
 2.042 2.234 1.05173 0 0 2.03644 2.29606 5.84666 0.0341431 0.0983249 0.523599 1.147 3.242 0 0 0 0 
 2.036 2.235 1.05419 0 0 2.03044 2.29506 -5.1912 0.0330328 0.0953501 0.523599 1.141 3.239 0 0 0 0 
 2.031 2.235 1.06032 0 0 2.02744 2.28306 -1.36903 0.026783 0.0739156 0.523599 1.14 3.215 0 0 0 0 
 2.032 2.238 1.06784 0 0 2.02644 2.28056 -5.00314 0.0230696 0.0708142 0.523599 1.137 3.207 0 0 0 0 
 2.037 2.242 1.07356 0 0 2.03044 2.27606 1.91702 0.0178656 0.0616928 0.523599 1.14 3.194 0 0 0 0 
 2.038 2.252 1.08061 0 0 2.03044 2.28106 -0.847365 0.0147182 0.0571983 0.523599 1.139 3.194 0 0 0 0 
 2.044 2.26 1.08608 0 0 2.03444 2.28806 0.209037 0.0135981 0.0605816 0.523599 1.141 3.2 0 0 0 0 
 2.046 2.263 1.09149 0 0 2.03844 2.28906 -0.315971 0.0130868 0.0527086 0.523599 1.147 3.199 0 0 0 0 
 2.05 2.26 1.09703 0 0 2.04344 2.28906 -3.45692 0.0152298 0.0536471 0.523599 1.153 3.202 0 0 0 0 
 2.06 2.262 1.10199 0 0 2.04744 2.28856 1.65319 0.0120538 0.0653724 0.523599 1.151 3.199 0 0 0 0 
 2.06 2.268 1.10808 0 0 2.05094 2.30456 -1.24558 0.0191246 0.0683811 0.523599 1.158 3.225 0 0 0 0 
 2.062 2.273 1.11438 0 0 2.12494 2.37506 -19.7162 0.0791266 -0.0304925 -0.152941 1.304 3.361 0 0 0 0 
 2.064 2.278 1.11898 0 0 2.18344 2.43056 3.30832 0.125838 -0.103169 -0.316891 1.419 3.467 0 0 0 0 
 2.068 2.279 1.11808 0 0 2.22544 2.46606 2.48429 0.157777 -0.145969 -0.354436 1.499 3.537 0 0 0 0 
 2.058 2.273 1.11724 0 0 2.23594 2.48206 2.39234 0.177055 -0.163562 -0.353954 1.53 3.575 0 0 0 0 
 2.057 2.291 1.11421 0 0 2.22294 2.47556 2.02545 0.159106 -0.164771 -0.392723 1.505 3.544 0 0 0 0 
 2.065 2.301 1.10824 0 0 2.20394 2.45806 2.12189 0.134793 -0.135725 -0.38289 1.459 3.499 0 0 0 0 
 2.07 2.309 1.09743 0 0 2.18844 2.44256 2.10679 0.114945 -0.113701 -0.376768 1.423 3.46 0 0 0 0 
 2.073 2.327 1.08484 0 0 2.14894 2.40806 1.81569 0.0711787 -0.0781206 -0.413678 1.341 3.373 0 0 0 0 
 2.073 2.337 1.07401 0 0 2.12844 2.38406 1.13556 0.0450702 -0.0719367 -0.523599 1.3 3.315 0 0 0 0 
 2.082 2.348 1.06759 0 0 2.12344 2.37306 0.691004 0.027914 -0.0672749 -0.523599 1.281 3.282 0 0 0 0 
 2.08 2.359 1.06113 0 0 2.11444 2.36756 0.253729 0.0162265 -0.0726669 -0.523599 1.265 3.26 0 0 0 0 
 2.073 2.365 1.05362 0 0 2.09944 2.36806 0.116181 0.0105223 -0.0605786 -0.523599 1.242 3.255 0 0 0 0 
 2.072 2.374 1.04809 0 0 2.09294 2.37156 -0.117129 0.00560503 -0.0548723 -0.523599 1.23 3.253 0 0 0 0 
 2.079 2.374 1.04153 0 0 2.09294 2.36706 -0.543596 0.000745151 -0.0442224 -0.523599 1.223 3.244 0 0 0 0 
 2.081 2.377 1.03675 0 0 2.09294 2.36856 -0.854186 1.31937e-06 -0.0415542 -0.523599 1.221 3.244 0 0 0 0 
 2.085 2.378 1.032 0 0 2.09494 2.36956 -1.13634 6.72453e-07 -0.0367123 -0.523599 1.221 3.245 0 0 0 0 
 2.079 2.379 1.0287 0 0 2.09294 2.36956 -0.804083 2.13814e-06 -0.0479188 -0.523599 1.223 3.244 0 0 0 0 
 2.081 2.383 1.02434 0 0 2.09594 2.36956 -1.25915 1.08287e-06 -0.0564411 -0.523599 1.227 3.24 0 0 0 0 
 2.084 2.38 1.01929 0 0 2.10344 2.36756 -0.74447 2.12733e-05 -0.0657271 -0.523599 1.239 3.239 0 0 0 0 
 2.09 2.374 1.01258 0 0 2.10644 2.37056 -0.212445 0.00388934 -0.0447537 -0.523599 1.239 3.251 0 0 0 0 
 2.088 2.374 1.00749 0 0 2.09694 2.38006 0.804573 0.0065632 -0.0122477 -0.523599 1.222 3.27 0 0 0 0 
 2.089 2.374 1.00325 0 0 2.09344 2.37806 1.29613 0.00385135 -0.00443885 -0.431978 1.214 3.266 0 0 0 0 
 2.093 2.373 1.00223 0 0 2.10244 2.38006 0.927041 0.00731483 -0.0117609 -0.523599 1.228 3.271 0 0 0 0 
 2.095 2.37 1.00072 0 0 2.10094 2.37456 0.964191 0.00467029 -0.00721034 -0.523599 1.223 3.263 0 0 0 0 
 2.099 2.37 0.999339 0 0 2.09544 2.36556 2.99239 6.81575e-07 0.00169143 0.523599 1.208 3.245 0 0 0 0 
 2.094 2.37 0.998827 0 0 2.09094 2.36456 -4.72628 2.18047e-07 -0.00107171 -0.523599 1.204 3.243 0 0 0 0 
 2.097 2.375 0.998509 0 0 2.08694 2.35706 -4.62385 5.91929e-08 -0.00366473 -0.523599 1.193 3.223 0 0 0 0 
 2.097 2.378 0.998528 0 0 2.07444 2.34606 6.4072 9.02221e-08 0.00493214 0.523599 1.168 3.198 0 0 0 0 
 2.096 2.379 0.998463 0 0 2.06794 2.34756 2.06905 8.40953e-08 0.019459 0.523599 1.156 3.2 0 0 0 0 
 2.104 2.371 0.99844 0 0 2.07294 2.34856 0.881622 9.99348e-08 0.0411578 0.523599 1.158 3.21 0 0 0 0 
 2.106 2.373 0.998819 0 0 2.07494 2.35006 0.910648 9.86607e-08 0.0404159 0.523599 1.16 3.211 0 0 0 0 
 2.1 2.371 0.999708 0 0 2.07094 2.34706 1.08018 9.93646e-08 0.0339436 0.523599 1.158 3.207 0 0 0 0 
 2.104 2.367 1.00024 0 0 2.07644 2.34706 0.883496 1.13861e-07 0.0364987 0.523599 1.165 3.211 0 0 0 0 
 2.102 2.368 1.00031 0 0 2.08044 2.35156 0.955533 4.58154e-08 0.0270593 0.523599 1.175 3.219 0 0 0 0 
 2.103 2.366 1.00037 0 0 2.08194 2.34506 1.53862 1.25097e-07 0.0188026 0.523599 1.177 3.208 0 0 0 0 
 2.104 2.365 1.00055 0 0 2.08944 2.34356 10.1733 4.48278e-08 0.00198592 0.523599 1.191 3.206 0 0 0 0 
 2.106 2.363 1.0005 0 0 2.09844 2.33656 0.372764 1.38792e-07 -0.0231311 -0.523599 1.207 3.194 0 0 0 0 
 2.11 2.365 1.00059 0 0 2.10994 2.32056 -0.168916 9.51587e-08 -0.070714 -0.523599 1.226 3.16 0 0 0 0 
 2.107 2.372 1.00054 0 0 2.12794 2.30456 -0.0790241 7.81895e-08 -0.160525 -0.523599 1.265 3.121 0 0 0 0 
 2.111 2.366 1.00003 0 0 2.14344 2.28806 0.911406 7.45686e-08 -0.206367 -0.523599 1.292 3.094 0 0 0 0 
 2.105 2.368 0.991928 0 0 2.16144 2.27506 13.1519 8.01667e-08 -0.290103 -0.523599 1.334 3.066 0 0 0 0 
 2.098 2.375 0.970537 0 0 2.17694 2.25906 -9.7607 7.72095e-08 -0.385366 -0.523599 1.372 3.027 0 0 0 0 
 2.1 2.379 0.940783 0 0 2.19894 2.24306 -5.01449 8.24941e-08 -0.468824 -0.523599 1.414 2.991 0 0 0 0 
 2.097 2.378 0.898999 0 0 2.21394 2.21706 -5.07527 2.54541e-08 -0.55706 -0.523599 1.447 2.94 0 0 0 0 
 2.09 2.373 0.849871 0 0 2.23094 2.19856 -2.89014 5.76351e-08 -0.626737 -0.523599 1.488 2.908 0 0 0 0 
 2.087 2.38 0.793032 0 0 2.23344 2.18606 -3.97538 2.37647e-07 -0.675455 -0.523599 1.496 2.876 0 0 0 0 
 2.071 2.388 0.728998 0 0 2.22944 2.18056 -3.73601 0.000469416 -0.718056 -0.523599 1.504 2.857 0 0 0 0 
 2.071 2.395 0.659747 0 0 2.22594 2.17806 -5.80311 0.00728723 -0.729828 -0.523599 1.497 2.845 0 0 0 0 
 2.066 2.406 0.586795 0 0 2.22644 2.18156 -5.75998 0.0212955 -0.745148 -0.523599 1.503 2.841 0 0 0 0 
 2.059 2.407 0.512422 0 0 2.21994 2.18456 -5.23722 0.0353406 -0.729077 -0.523599 1.497 2.846 0 0 0 0 
 2.049 2.41 0.43738 0 0 2.21394 2.18556 -4.69026 0.050555 -0.720589 -0.523599 1.495 2.845 0 0 0 0 
 2.039 2.418 0.363489 0 0 2.20444 2.19556 -4.34393 0.0638075 -0.69641 -0.523599 1.486 2.857 0 0 0 0 
 2.032 2.415 0.290405 0 0 2.20394 2.19956 -3.03994 0.0807828 -0.658836 -0.523599 1.492 2.868 0 0 0 0 
 2.034 2.416 0.219351 0 0 2.20694 2.20706 -2.63565 0.0928079 -0.617285 -0.523599 1.496 2.882 0 0 0 0 
 2.034 2.425 0.151576 0 0 2.20194 2.21656 -2.92291 0.0992901 -0.588792 -0.523599 1.486 2.892 0 0 0 0 
 2.043 2.45 0.0887375 0 0 2.20344 2.22906 -5.09756 0.103272 -0.59357 -0.523599 1.48 2.892 0 0 0 0 
 2.049 2.464 0.0272618 0 0 2.19994 2.23406 -21.0743 0.106127 -0.591179 -0.523599 1.467 2.888 0 0 0 0 
 2.072 2.455 -0.0410655 0 0 2.20744 2.22506 7.83659 0.105408 -0.567789 -0.523599 1.459 2.879 0 0 0 0 
 2.089 2.469 -0.103989 0 0 2.21344 2.23306 2.96581 0.107505 -0.56071 -0.523599 1.454 2.881 0 0 0 0 
 2.101 2.47 -0.165204 0 0 2.22294 2.23706 2.83169 0.113349 -0.528295 -0.523599 1.461 2.888 0 0 0 0 
 2.107 2.472 -0.225069 0 0 2.22794 2.24556 3.21536 0.118645 -0.486656 -0.523599 1.465 2.903 0 0 0 0 
 2.103 2.473 -0.279881 0 0 2.23094 2.25106 6.0461 0.128013 -0.443825 -0.523599 1.475 2.913 0 0 0 0 
 2.117 2.486 -0.330902 0 0 2.23944 2.26156 3.72528 0.130594 -0.429345 -0.523599 1.478 2.921 0 0 0 0 
 2.131 2.487 -0.376817 0 0 2.24544 2.26506 2.58938 0.129665 -0.409646 -0.523599 1.476 2.927 0 0 0 0 
 2.141 2.479 -0.421431 0 0 2.25094 2.25806 2.1306 0.130948 -0.390465 -0.523599 1.477 2.921 0 0 0 0 
 2.155 2.482 -0.46367 0 0 2.26194 2.25906 1.77149 0.133735 -0.376993 -0.523599 1.485 2.92 0 0 0 0 
 2.165 2.495 -0.503847 0 0 2.27094 2.26556 1.47769 0.139045 -0.370609 -0.523599 1.493 2.92 0 0 0 0 
 2.189 2.51 -0.54291 0 0 2.28044 2.27056 0.576656 0.138467 -0.39028 -0.523599 1.488 2.915 0 0 0 0 
 2.22 2.519 -0.581969 0 0 2.28944 2.27306 -0.422919 0.133225 -0.415562 -0.523599 1.475 2.911 0 0 0 0 
 2.239 2.525 -0.621944 0 0 2.29294 2.27306 -23.9322 0.131906 -0.43086 -0.523599 1.463 2.905 0 0 0 0 
 2.261 2.525 -0.665548 0 0 2.30494 2.27256 0.597086 0.131666 -0.426321 -0.523599 1.465 2.904 0 0 0 0 
 2.28 2.504 -0.710224 0 0 2.31594 2.26256 -0.463947 0.127143 -0.399315 -0.523599 1.468 2.905 0 0 0 0 
 2.296 2.489 -0.753584 0 0 2.32494 2.25606 5.07219 0.123841 -0.377022 -0.523599 1.47 2.907 0 0 0 0 
 2.298 2.487 -0.794398 0 0 2.32394 2.25756 0.655533 0.124326 -0.357534 -0.523599 1.466 2.912 0 0 0 0 
 2.306 2.489 -0.83319 0 0 2.32894 2.25606 -0.89281 0.128123 -0.349789 -0.523599 1.468 2.907 0 0 0 0 
 2.313 2.489 -0.870103 0 0 2.33544 2.26056 -0.940122 0.128483 -0.326058 -0.523599 1.474 2.916 0 0 0 0 
 2.328 2.476 -0.906015 0 0 2.34394 2.25506 -3.50672 0.124638 -0.31144 -0.523599 1.476 2.918 0 0 0 0 
 2.346 2.461 -0.940492 0 0 2.35394 2.24556 2.21504 0.121186 -0.304558 -0.523599 1.478 2.914 0 0 0 0 
 2.352 2.458 -0.972639 0 0 2.35394 2.24106 4.97145 0.122273 -0.304217 -0.523599 1.472 2.908 0 0 0 0 
 2.364 2.451 -1.00446 0 0 2.36044 2.23756 0.303206 0.12071 -0.297097 -0.523599 1.473 2.908 0 0 0 0 
 2.381 2.434 -1.03649 0 0 2.36944 2.23306 -9.36984 0.113104 -0.286118 -0.523599 1.474 2.916 0 0 0 0 
 2.388 2.432 -1.06616 0 0 2.36894 2.23206 1.81105 0.112327 -0.289059 -0.523599 1.466 2.916 0 0 0 0 
 2.394 2.415 -1.09552 0 0 2.36894 2.22456 3.85158 0.106913 -0.280638 -0.523599 1.46 2.918 0 0 0 0 
 2.402 2.399 -1.12518 0 0 2.37894 2.21356 -5.24658 0.106253 -0.258689 -0.523599 1.472 2.912 0 0 0 0 
 2.404 2.376 -1.15295 0 0 2.37544 2.20356 -0.249959 0.0985504 -0.248698 -0.523599 1.463 2.915 0 0 0 0 
 2.403 2.366 -1.17917 0 0 2.37544 2.19756 -0.172683 0.0977646 -0.232642 -0.523599 1.464 2.913 0 0 0 0 
 2.401 2.357 -1.2041 0 0 2.37844 2.19306 1.50489 0.0972986 -0.207137 -0.523599 1.472 2.913 0 0 0 0 
 2.407 2.356 -1.22815 0 0 2.37994 2.18956 -0.132732 0.0991485 -0.210802 -0.523599 1.469 2.907 0 0 0 0 
 2.421 2.358 -1.24905 0 0 2.38344 2.19256 3.14941 0.0976399 -0.227988 -0.523599 1.462 2.911 0 0 0 0 
 2.423 2.339 -1.27107 0 0 2.38694 2.18356 2.35508 0.0926213 -0.209411 -0.523599 1.467 2.912 0 0 0 0 
 2.426 2.324 -1.29454 0 0 2.38844 2.17106 1.34233 0.0919047 -0.203079 -0.523599 1.467 2.902 0 0 0 0 
 2.42 2.299 -1.31598 0 0 2.38244 2.16006 0.623845 0.0838312 -0.187713 -0.523599 1.461 2.905 0 0 0 0 
 2.415 2.286 -1.33682 0 0 2.37944 2.15406 0.639548 0.0804309 -0.172059 -0.523599 1.46 2.906 0 0 0 0 
 2.417 2.27 -1.35517 0 0 2.38294 2.14806 0.469305 0.0748103 -0.157595 -0.523599 1.465 2.91 0 0 0 0 
 2.415 2.265 -1.37268 0 0 2.38394 2.14456 0.906401 0.0747881 -0.143817 -0.523599 1.469 2.908 0 0 0 0 
 2.421 2.265 -1.38844 0 0 2.38744 2.14056 0.636237 0.0776799 -0.147148 -0.523599 1.47 2.9 0 0 0 0 
 2.417 2.276 -1.40258 0 0 2.38994 2.14756 -29.0066 0.081376 -0.127162 -0.523599 1.479 2.903 0 0 0 0 
 2.417 2.279 -1.41723 0 0 2.38744 2.15356 1.97591 0.0796215 -0.127956 -0.523599 1.474 2.912 0 0 0 0 
 2.419 2.268 -1.42965 0 0 2.38694 2.15256 0.49471 0.0732138 -0.127638 -0.523599 1.471 2.921 0 0 0 0 
 2.427 2.261 -1.44238 0 0 2.39094 2.14956 -0.0510385 0.0706846 -0.133416 -0.523599 1.471 2.922 0 0 0 0 
 2.435 2.257 -1.4552 0 0 2.39444 2.14956 -0.536629 0.0681816 -0.140796 -0.523599 1.47 2.926 0 0 0 0 
 2.439 2.252 -1.46895 0 0 2.39994 2.14506 -0.427021 0.0683667 -0.132902 -0.523599 1.477 2.922 0 0 0 0 
 2.434 2.245 -1.48329 0 0 2.40144 2.13456 0.255909 0.0713796 -0.112182 -0.523599 1.485 2.908 0 0 0 0 
 2.432 2.235 -1.49592 0 0 2.40394 2.12756 0.821387 0.0698733 -0.0961615 -0.50322 1.492 2.904 0 0 0 0 
 2.438 2.219 -1.50741 0 0 2.40494 2.12006 -0.149741 0.0643608 -0.105364 -0.523599 1.488 2.905 0 0 0 0 
 2.443 2.213 -1.5174 0 0 2.40794 2.11906 -0.497949 0.0612508 -0.107725 -0.523599 1.489 2.909 0 0 0 0 
 2.451 2.204 -1.52815 0 0 2.41144 2.11206 -1.0661 0.060138 -0.117043 -0.523599 1.488 2.904 0 0 0 0 
 2.454 2.198 -1.53963 0 0 2.40944 2.10356 -1.63576 0.0620901 -0.127663 -0.523599 1.481 2.893 0 0 0 0 
 2.445 2.193 -1.5521 0 0 2.40494 2.09906 -1.02238 0.0621013 -0.112433 -0.523599 1.481 2.889 0 0 0 0 
 2.455 2.194 -1.56509 0 0 2.41094 2.09906 -1.51269 0.0631511 -0.119811 -0.523599 1.483 2.888 0 0 0 0 
 2.456 2.197 -1.57663 0 0 2.41044 2.10206 -1.77456 0.063501 -0.120855 -0.523599 1.481 2.891 0 0 0 0 
 2.457 2.198 -1.58907 0 0 2.41244 2.10256 -1.55618 0.0641477 -0.114893 -0.523599 1.484 2.891 0 0 0 0 
 2.456 2.186 -1.60189 0 0 2.41544 2.09306 -1.13841 0.0626856 -0.101207 -0.523599 1.491 2.884 0 0 0 0 
 2.452 2.181 -1.61326 0 0 2.41344 2.08956 -0.969797 0.0618725 -0.0932044 -0.523599 1.491 2.882 0 0 0 0 
 2.451 2.171 -1.62353 0 0 2.40944 2.08206 -1.5623 0.0605864 -0.0991597 -0.523599 1.484 2.877 0 0 0 0 
 2.453 2.165 -1.6332 0 0 2.40844 2.08156 -3.21171 0.0573436 -0.106091 -0.523599 1.48 2.882 0 0 0 0 
 2.458 2.146 -1.64368 0 0 2.40944 2.07256 17.1186 0.0512612 -0.117047 -0.523599 1.477 2.883 0 0 0 0 
 2.459 2.139 -1.65503 0 0 2.41094 2.07006 7.29377 0.0485661 -0.11464 -0.523599 1.479 2.885 0 0 0 0 
 2.447 2.137 -1.66643 0 0 2.40394 2.07106 25.4055 0.0464983 -0.0998078 -0.523599 1.477 2.889 0 0 0 0 
 2.446 2.145 -1.67734 0 0 2.40144 2.07706 21.7182 0.0481908 -0.101055 -0.523599 1.473 2.893 0 0 0 0 
 2.437 2.139 -1.68792 0 0 2.39794 2.07356 -9.51677 0.0462953 -0.0850389 -0.523599 1.475 2.892 0 0 0 0 
 2.442 2.142 -1.69791 0 0 2.40144 2.07756 -55.327 0.0459796 -0.0875691 -0.523599 1.477 2.897 0 0 0 0 
 2.437 2.143 -1.70622 0 0 2.39844 2.07906 -11.3973 0.0456163 -0.0808039 -0.523599 1.476 2.899 0 0 0 0 
 2.432 2.143 -1.71484 0 0 2.39444 2.08106 -12.7255 0.0443617 -0.0773583 -0.523599 1.473 2.903 0 0 0 0 
 2.434 2.146 -1.72314 0 0 2.39594 2.08056 -6.67452 0.0468518 -0.0755662 -0.523599 1.474 2.899 0 0 0 0 
 2.438 2.148 -1.73092 0 0 2.39794 2.08456 -77.269 0.0459161 -0.0803942 -0.523599 1.474 2.905 0 0 0 0 
 2.438 2.138 -1.73909 0 0 2.39944 2.07906 23.7079 0.0429526 -0.0770852 -0.523599 1.477 2.904 0 0 0 0 
 2.442 2.136 -1.74736 0 0 2.40144 2.07656 9.46997 0.04368 -0.0807149 -0.523599 1.477 2.901 0 0 0 0 
 2.451 2.126 -1.7553 0 0 2.40544 2.07056 2.70707 0.0419025 -0.0948931 -0.523599 1.476 2.899 0 0 0 0 
 2.455 2.12 -1.76466 0 0 2.40594 2.06756 1.82257 0.0406621 -0.104384 -0.523599 1.473 2.899 0 0 0 0 
 2.45 2.114 -1.77474 0 0 2.40494 2.06456 1.95163 0.0383733 -0.0938203 -0.523599 1.476 2.899 0 0 0 0 
 2.443 2.116 -1.78558 0 0 2.40294 2.06556 3.10482 0.0384846 -0.0780804 -0.523599 1.479 2.899 0 0 0 0 
 2.437 2.113 -1.79455 0 0 2.39844 2.06456 3.07439 0.0371214 -0.073945 -0.523599 1.476 2.9 0 0 0 0 
 2.441 2.122 -1.80254 0 0 2.40044 2.06956 3.50664 0.0401531 -0.0753327 -0.523599 1.476 2.901 0 0 0 0 
 2.445 2.112 -1.80978 0 0 2.40094 2.06456 1.85688 0.0376632 -0.0869113 -0.523599 1.473 2.901 0 0 0 0 
 2.449 2.092 -1.81818 0 0 2.40294 2.05456 1.05662 0.0317912 -0.0981944 -0.523599 1.473 2.901 0 0 0 0 
 2.438 2.071 -1.82718 0 0 2.39494 2.04656 0.637653 0.0231645 -0.0988683 -0.523599 1.468 2.906 0 0 0 0 
 2.428 2.063 -1.83648 0 0 2.39194 2.04156 0.676298 0.020162 -0.081563 -0.523599 1.472 2.904 0 0 0 0 
 2.43 2.065 -1.84613 0 0 2.39244 2.04156 0.720183 0.0219008 -0.0831304 -0.523599 1.471 2.902 0 0 0 0 
 2.43 2.069 -1.85413 0 0 2.39294 2.04156 0.91401 0.0244881 -0.0777547 -0.523599 1.472 2.898 0 0 0 0 
 2.428 2.07 -1.86248 0 0 2.39044 2.04356 0.84918 0.0241076 -0.0790595 -0.523599 1.469 2.901 0 0 0 0 
 2.416 2.066 -1.87057 0 0 2.38394 2.04156 0.955063 0.0218635 -0.0653835 -0.523599 1.468 2.901 0 0 0 0 
 2.409 2.057 -1.87859 0 0 2.38144 2.03756 0.851697 0.0178985 -0.0571054 -0.523599 1.47 2.902 0 0 0 0 
 2.418 2.056 -1.88524 0 0 2.38444 2.03756 0.612476 0.0186437 -0.0734056 -0.523599 1.467 2.903 0 0 0 0 
 2.425 2.061 -1.89141 0 0 2.38994 2.03956 0.701311 0.0209539 -0.0741065 -0.523599 1.471 2.902 0 0 0 0 
 2.431 2.067 -1.89872 0 0 2.39394 2.04156 0.819522 0.024022 -0.0749471 -0.523599 1.473 2.9 0 0 0 0 
 2.43 2.064 -1.90645 0 0 2.39244 2.03906 0.782661 0.0239594 -0.0759471 -0.523599 1.471 2.898 0 0 0 0 
 2.431 2.06 -1.91422 0 0 2.39194 2.03656 0.684389 0.0235167 -0.0805402 -0.523599 1.469 2.897 0 0 0 0 
 2.432 2.055 -1.92245 0 0 2.39394 2.03456 0.595519 0.0215765 -0.0801327 -0.523599 1.472 2.898 0 0 0 0 
 2.442 2.055 -1.93058 0 0 2.39794 2.03156 0.588693 0.0250453 -0.0918349 -0.523599 1.47 2.892 0 0 0 0 
 2.449 2.046 -1.93897 0 0 2.40244 2.02906 0.380844 0.0218686 -0.104248 -0.523599 1.472 2.896 0 0 0 0 
 2.451 2.044 -1.9494 0 0 2.40444 2.02906 0.332416 0.0209002 -0.105449 -0.523599 1.474 2.898 0 0 0 0 
 2.438 2.025 -1.9601 0 0 2.39794 2.02056 0.111339 0.0130595 -0.0995462 -0.523599 1.474 2.9 0 0 0 0 
 2.437 2.018 -1.97072 0 0 2.39744 2.01706 0.0238081 0.0110527 -0.101681 -0.523599 1.474 2.9 0 0 0 0 
 2.434 2.013 -1.98062 0 0 2.39344 2.01356 -0.0137653 0.0106621 -0.105523 -0.523599 1.469 2.898 0 0 0 0 
 2.427 2.007 -1.99122 0 0 2.38994 2.01106 -0.10995 0.00783111 -0.100324 -0.523599 1.469 2.899 0 0 0 0 
 2.43 2.009 -2.00215 0 0 2.39294 2.00956 -0.0150656 0.0101716 -0.0956357 -0.523599 1.472 2.894 0 0 0 0 
 2.435 2.014 -2.01253 0 0 2.39344 2.01156 0.0588228 0.0135143 -0.102738 -0.523599 1.468 2.893 0 0 0 0 
 2.444 2.023 -2.02212 0 0 2.39794 2.01506 0.174157 0.0183481 -0.106373 -0.523599 1.468 2.891 0 0 0 0 
 2.446 2.028 -2.03244 0 0 2.40044 2.01506 0.291968 0.0213811 -0.0978331 -0.523599 1.471 2.886 0 0 0 0 
 2.442 2.027 -2.04302 0 0 2.39544 2.01806 0.194452 0.0196019 -0.104614 -0.523599 1.465 2.893 0 0 0 0 
 2.438 2.027 -2.05285 0 0 2.39194 2.02056 0.140779 0.0182296 -0.105939 -0.523599 1.462 2.898 0 0 0 0 
 2.444 2.026 -2.06352 0 0 2.39744 2.01856 0.161213 0.0192316 -0.10494 -0.523599 1.467 2.895 0 0 0 0 
 2.45 2.025 -2.07413 0 0 2.40344 2.01856 0.13925 0.0189164 -0.105465 -0.523599 1.473 2.896 0 0 0 0 
 2.443 2.019 -2.08483 0 0 2.40294 2.01806 0.0235138 0.013843 -0.09679 -0.523599 1.479 2.901 0 0 0 0 
 2.434 2.013 -2.09543 0 0 2.39994 2.01706 -0.119723 0.00918508 -0.0889854 -0.523599 1.482 2.905 0 0 0 0 
 2.426 2.012 -2.10535 0 0 2.39344 2.01256 -0.0171482 0.0108412 -0.0798115 -0.523599 1.477 2.897 0 0 0 0 
