 4.259 5.307 -1.55744 0 0 3.94766 4.96617 1.93952 0 0 0 3.106 4.095 0 0 0 0 
 4.258 5.318 -1.55744 0 0 3.95216 4.96816 2.19825 0.244814 -0.674154 -0.523599 3.116 4.088 0 0 0 0 
 4.259 5.318 -1.55745 0 0 3.95866 4.96217 2.46069 0.248261 -0.660659 -0.523599 3.128 4.076 0 0 0 0 
 4.255 5.318 -1.57169 0 0 3.97267 4.94317 4.03094 0.261385 -0.604727 -0.523599 3.16 4.038 0 0 0 0 
 4.252 5.258 -1.73256 0 0 3.96317 4.86166 4.96859 0.297728 -0.460238 -0.523599 3.144 3.935 0 0 0 0 
 4.208 5.181 -1.79902 0 0 3.95117 4.80217 10.4083 0.287376 -0.347823 -0.450877 3.164 3.893 0 0 0 0 
 4.156 5.153 -1.81878 0 0 3.92117 4.78017 -59.3444 0.280713 -0.290604 -0.392597 3.156 3.877 0 0 0 0 
 4.149 5.146 -1.81804 0 0 3.92367 4.76367 -7.89806 0.284731 -0.265687 -0.357232 3.168 3.851 0 0 0 0 
 4.147 5.118 -1.83436 0 0 3.92916 4.71817 -3.68923 0.295236 -0.223466 -0.29399 3.181 3.788 0 0 0 0 
 4.169 5.003 -1.90169 0 0 3.94967 4.61516 -4.999 0.291377 -0.172351 -0.23233 3.2 3.697 0 0 0 0 
 4.161 4.942 -1.91484 0 0 3.94166 4.57967 -12.292 0.276244 -0.181271 -0.25669 3.192 3.687 0 0 0 0 
 4.166 4.926 -1.92141 0 0 3.94467 4.56467 -16.179 0.276424 -0.180144 -0.255002 3.193 3.673 0 0 0 0 
 4.136 4.871 -1.9626 0 0 3.91967 4.52466 -33.1871 0.267637 -0.147072 -0.216368 3.173 3.648 0 0 0 0 
 4.089 4.74 -1.97597 0 0 3.88167 4.28366 -1.37107 0.332131 -0.0216389 -0.0260548 3.144 3.297 0 0 0 0 
 4.086 4.738 -1.97586 0 0 3.88916 4.25417 -0.814498 0.346135 0.019499 0.0225296 3.162 3.24 0 0 0 0 
 4.039 4.659 -1.96783 0 0 3.87067 4.19866 -0.431018 0.324575 0.0465457 0.0572993 3.172 3.208 0 0 0 0 
 4.037 4.651 -1.96762 0 0 3.87417 4.17967 -0.252189 0.32997 0.0650107 0.0786456 3.181 3.178 0 0 0 0 
 4.025 4.583 -1.96626 0 0 3.86867 4.12367 -0.206302 0.321008 0.0670797 0.0833925 3.182 3.134 0 0 0 0 
 3.974 4.519 -1.96217 0 0 3.84467 4.04367 0.590805 0.324492 0.126202 0.154332 3.185 3.038 0 0 0 0 
 3.945 4.496 -1.95768 0 0 3.83267 4.01466 2.19452 0.324443 0.158436 0.192904 3.19 3.003 0 0 0 0 
 3.932 4.401 -1.91652 0 0 3.82917 3.95867 2.29466 0.299354 0.111624 0.148062 3.196 2.986 0 0 0 0 
 3.93 4.28 -1.90021 0 0 3.82917 3.87767 1.13476 0.274125 0.0750088 0.109018 3.198 2.945 0 0 0 0 
 3.973 4.253 -1.89172 0 0 3.84167 3.85766 -0.132228 0.276088 0.000168375 0.000243945 3.18 2.932 0 0 0 0 
 3.974 4.219 -1.89094 0 0 3.82516 3.83266 -0.607432 0.274139 -0.0425258 -0.0619704 3.146 2.916 0 0 0 0 
 3.967 4.18 -1.89006 0 0 3.80267 3.80866 -1.21453 0.268105 -0.085804 -0.127323 3.108 2.907 0 0 0 0 
 3.872 4.173 -1.89124 0 0 3.75667 3.78216 0.252258 0.269948 0.0296057 0.0438407 3.111 2.861 0 0 0 0 
 3.836 4.138 -1.88964 0 0 3.74367 3.75467 1.59213 0.260607 0.0711785 0.108819 3.121 2.841 0 0 0 0 
 3.806 4.036 -1.88103 0 0 3.73767 3.69866 -4.38737 0.226967 0.0861175 0.150622 3.139 2.831 0 0 0 0 
 3.751 4.069 -1.8738 0 0 3.72016 3.64566 2.31275 0.275401 0.208485 0.294033 3.159 2.692 0 0 0 0 
 3.748 4.07 -1.86263 0 0 3.71767 3.60817 -0.524946 0.300622 0.217326 0.28149 3.157 2.616 0 0 0 0 
 3.741 4.038 -1.85171 0 0 3.72166 3.57467 -2.35442 0.300492 0.229965 0.29706 3.172 2.581 0 0 0 0 
 3.733 4.018 -1.84128 0 0 3.69167 3.57667 3.03229 0.290152 0.165519 0.224341 3.12 2.605 0 0 0 0 
 3.713 3.946 -1.81287 0 0 3.69317 3.52217 -0.718684 0.276954 0.177011 0.250294 3.143 2.568 0 0 0 0 
 3.724 3.809 -1.7611 0 0 3.68817 3.40817 -5.19932 0.26562 0.0885371 0.132547 3.122 2.477 0 0 0 0 
 3.672 3.791 -1.74714 0 0 3.66817 3.37367 -2.11926 0.273528 0.149895 0.21579 3.134 2.426 0 0 0 0 
 3.686 3.669 -1.72894 0 0 3.67567 3.29667 9.79294 0.245157 0.107872 0.174221 3.135 2.394 0 0 0 0 
 3.692 3.619 -1.72271 0 0 3.67667 3.27717 0.309527 0.225708 0.0831936 0.146381 3.131 2.405 0 0 0 0 
 3.655 3.633 -1.71724 0 0 3.66066 3.27867 0.291879 0.23233 0.129381 0.219176 3.136 2.394 0 0 0 0 
 3.648 3.598 -1.7092 0 0 3.66317 3.21117 -0.394308 0.253312 0.15089 0.233906 3.148 2.294 0 0 0 0 
 3.648 3.568 -1.70266 0 0 3.69016 3.16167 -0.215242 0.26477 0.207287 0.303484 3.202 2.225 0 0 0 0 
 3.671 3.427 -1.67394 0 0 3.71617 3.07467 -18.8783 0.230306 0.183551 0.30861 3.231 2.192 0 0 0 0 
 3.662 3.384 -1.66125 0 0 3.68716 3.07967 0.511499 0.199851 0.122845 0.241092 3.182 2.245 0 0 0 0 
 3.654 3.388 -1.65468 0 0 3.66167 3.08067 0.921911 0.202739 0.0778472 0.1524 3.139 2.243 0 0 0 0 
 3.654 3.303 -1.64424 0 0 3.67517 3.01717 -1.36558 0.188211 0.0996165 0.208632 3.166 2.201 0 0 0 0 
 3.661 3.336 -1.63328 0 0 3.68017 3.01967 -1.02533 0.208711 0.0900665 0.17093 3.169 2.173 0 0 0 0 
 3.654 3.376 -1.6326 0 0 3.65767 3.04216 0.0200261 0.220778 0.0555316 0.100273 3.131 2.178 0 0 0 0 
 3.665 3.239 -1.62458 0 0 3.66267 2.95467 -0.922029 0.188283 0.0306777 0.0650814 3.13 2.14 0 0 0 0 
 3.643 3.112 -1.61602 0 0 3.65616 2.77767 -0.269089 0.221097 0.0646286 0.116395 3.139 1.913 0 0 0 0 
 3.638 3.159 -1.61597 0 0 3.60367 2.85466 -0.62844 0.202594 -0.0479476 -0.0943863 3.039 2.02 0 0 0 0 
 3.641 3.264 -1.61595 0 0 3.59117 2.86767 -10.0721 0.264061 -0.0696291 -0.105086 3.011 1.941 0 0 0 0 
 3.642 3.104 -1.61726 0 0 3.59767 2.74667 -4.78751 0.238062 -0.0621726 -0.104087 3.023 1.859 0 0 0 0 
 3.647 3.064 -1.61908 0 0 3.59367 2.72466 0.0793114 0.22657 -0.0838572 -0.146979 3.01 1.855 0 0 0 0 
 3.648 2.973 -1.62726 0 0 3.59167 2.68167 -2.02298 0.195161 -0.0935381 -0.189417 3.005 1.86 0 0 0 0 
 3.657 2.957 -1.6269 0 0 3.58917 2.68517 1.17504 0.182887 -0.124907 -0.266682 2.991 1.883 0 0 0 0 
 3.654 2.966 -1.62955 0 0 3.58617 2.70817 0.775017 0.173722 -0.126342 -0.283093 2.988 1.92 0 0 0 0 
 3.635 2.963 -1.6475 0 0 3.60217 2.69267 -2.50971 0.180331 -0.0287136 -0.063605 3.039 1.892 0 0 0 0 
 3.65 2.873 -1.65719 0 0 3.60567 2.64717 -2.49329 0.151761 -0.0607267 -0.158712 3.031 1.891 0 0 0 0 
 3.646 2.817 -1.66154 0 0 3.59967 2.61917 2.10925 0.133507 -0.0707323 -0.208831 3.023 1.891 0 0 0 0 
 3.644 2.833 -1.6641 0 0 3.60517 2.63016 -1.78521 0.136315 -0.049418 -0.144007 3.036 1.897 0 0 0 0 
 3.608 2.787 -1.67191 0 0 3.59467 2.60167 4.10955 0.123101 0.0137891 0.044776 3.051 1.886 0 0 0 0 
 3.619 2.751 -1.67174 0 0 3.59567 2.58666 0.949056 0.109925 -0.0170934 -0.0621198 3.042 1.892 0 0 0 0 
 3.647 2.726 -1.67151 0 0 3.61167 2.58267 1.29937 0.0969517 -0.0539587 -0.219049 3.046 1.909 0 0 0 0 
 3.631 2.722 -1.67497 0 0 3.60467 2.57416 -0.791508 0.0992839 -0.0280795 -0.112649 3.048 1.896 0 0 0 0 
 3.645 2.709 -1.67768 0 0 3.61067 2.56967 1.30382 0.0943169 -0.0502674 -0.210041 3.046 1.9 0 0 0 0 
 3.63 2.671 -1.67759 0 0 3.60417 2.55367 5.80201 0.0791799 -0.0348925 -0.174477 3.048 1.906 0 0 0 0 
 3.637 2.632 -1.67983 0 0 3.61617 2.52617 -2.5991 0.0712449 -0.0245277 -0.136848 3.065 1.89 0 0 0 0 
 3.678 2.507 -1.68685 0 0 3.63417 2.46567 1.3778 0.0308815 -0.107311 -0.523599 3.06 1.894 0 0 0 0 
 3.692 2.515 -1.71128 0 0 3.64667 2.46417 2.07294 0.0378563 -0.103924 -0.523599 3.071 1.883 0 0 0 0 
 3.692 2.514 -1.71207 0 0 3.64616 2.47066 1.38504 0.0330264 -0.108543 -0.523599 3.07 1.897 0 0 0 0 
 3.676 2.523 -1.73304 0 0 3.63767 2.47567 2.86311 0.0352491 -0.0832716 -0.523599 3.069 1.898 0 0 0 0 
 3.645 2.541 -1.75284 0 0 3.62217 2.48916 -1.1892 0.0365607 -0.0360325 -0.375515 3.069 1.907 0 0 0 0 
 3.619 2.548 -1.76443 0 0 3.60217 2.49567 -0.0328828 0.0361923 -0.0177842 -0.194079 3.055 1.913 0 0 0 0 
 3.61 2.535 -1.77161 0 0 3.60117 2.48967 -2.24547 0.03061 0.00106862 0.0139634 3.062 1.914 0 0 0 0 
 3.608 2.527 -1.77215 0 0 3.59817 2.48767 1.15669 0.0268468 -0.00492025 -0.0731775 3.058 1.918 0 0 0 0 
 3.612 2.528 -1.77229 0 0 3.60167 2.48717 1.04959 0.0278875 -0.0054269 -0.0776832 3.061 1.916 0 0 0 0 
 3.607 2.521 -1.77385 0 0 3.60417 2.47517 0.495167 0.0301405 0.0179291 0.233597 3.071 1.899 0 0 0 0 
