 2.756 1.395 0.461034 9.57005e-321 1.55716e+142 2.74164 1.44391 0.529794 0 0 0 3.247 0.581 0.529794 0 1.97626e-323 3.94481e-317 
 2.749 1.408 0.461034 9.57005e-321 1.55716e+142 2.74064 1.45291 0.529797 0.0125518 0.323989 0.523599 3.246 0.59 0.529797 0 1.97626e-323 3.94481e-317 
 2.766 1.406 0.461034 9.57005e-321 1.55716e+142 2.73964 1.45091 0.529795 1.18142e-06 0.392008 0.523599 3.245 0.588 0.529795 0 1.97626e-323 3.94481e-317 
 2.753 1.388 0.461034 9.57005e-321 1.55716e+142 2.74064 1.44391 0.529798 0.0146371 0.407297 0.523599 3.246 0.581 0.529798 0 1.97626e-323 3.94481e-317 
 2.751 1.403 0.461032 9.57005e-321 1.55716e+142 2.73664 1.43391 0.529795 0.00176583 0.256552 0.523599 3.242 0.571 0.529795 0 1.97626e-323 3.94481e-317 
 2.758 1.404 0.461033 9.57005e-321 1.55716e+142 2.73765 1.43891 0.52979 1.06307e-06 0.305069 0.523599 3.243 0.576 0.52979 0 1.97626e-323 3.94481e-317 
 2.757 1.412 0.461034 9.57005e-321 1.55716e+142 2.73865 1.44291 0.529789 7.88092e-07 0.271693 0.523599 3.244 0.58 0.529789 0 1.97626e-323 3.94481e-317 
 2.76 1.41 0.461034 9.57005e-321 1.55716e+142 2.73565 1.44391 0.529789 1.80458e-07 0.315553 0.523599 3.241 0.581 0.529789 0 1.97626e-323 3.94481e-317 
 2.757 1.411 0.464688 9.57005e-321 1.55716e+142 2.73542 1.44178 0.530052 2.22282e-07 0.284206 0.523599 3.241 0.579 0.530052 0 1.97626e-323 3.94481e-317 
 2.75 1.401 0.49429 9.57005e-321 1.55716e+142 2.74467 1.45068 0.526292 0.0182992 0.337415 0.523599 3.247 0.586 0.526292 0 1.97626e-323 3.94481e-317 
 2.758 1.379 0.522589 9.57005e-321 1.55716e+142 2.75543 1.47612 0.525417 0.04611 0.586994 0.523599 3.257 0.611 0.525417 0 1.97626e-323 3.94481e-317 
 2.764 1.391 0.556673 9.57005e-321 1.55716e+142 2.78095 1.50657 0.522501 0.0719097 0.58367 0.523599 3.28 0.64 0.522501 0 1.97626e-323 3.94481e-317 
 2.776 1.397 0.614236 9.57005e-321 1.55716e+142 2.81994 1.53248 0.50643 0.104895 0.526101 0.523599 3.305 0.658 0.50643 0 1.97626e-323 3.94481e-317 
 2.791 1.42 0.671111 9.57005e-321 1.55716e+142 2.87275 1.55027 0.479405 0.1289 0.303035 0.400317 3.334 0.663 0.479405 0 1.97626e-323 3.94481e-317 
 2.788 1.413 0.719795 9.57005e-321 1.55716e+142 2.91523 1.5826 0.454229 0.183085 0.233491 0.225647 3.354 0.684 0.454229 0 1.97626e-323 3.94481e-317 
 2.776 1.42 0.747548 9.57005e-321 1.55716e+142 2.95583 1.60605 0.436936 0.226736 0.070078 0.0555759 3.379 0.7 0.436936 0 1.97626e-323 3.94481e-317 
 2.786 1.401 0.768916 9.57005e-321 1.55716e+142 2.99519 1.61727 0.424434 0.263832 0.0460449 0.0314039 3.407 0.706 0.424434 0 1.97626e-323 3.94481e-317 
 2.828 1.403 0.775476 9.57005e-321 1.55716e+142 3.03028 1.626 0.417768 0.263785 0.0814962 0.0555536 3.436 0.712 0.417768 0 1.97626e-323 3.94481e-317 
 2.829 1.467 0.779902 9.57005e-321 1.55716e+142 3.06145 1.63018 0.419772 0.24676 -0.225716 -0.163185 3.469 0.717 0.419772 0 1.97626e-323 3.94481e-317 
 2.867 1.469 0.784676 9.57005e-321 1.55716e+142 3.10186 1.62602 0.422609 0.244626 -0.261779 -0.19029 3.512 0.714 0.422609 0 1.97626e-323 3.94481e-317 
 2.873 1.487 0.781595 9.57005e-321 1.55716e+142 3.11881 1.6279 0.432553 0.242827 -0.349702 -0.25364 3.538 0.72 0.432553 0 1.97626e-323 3.94481e-317 
 2.91 1.524 0.771372 9.57005e-321 1.55716e+142 3.098 1.63752 0.467883 0.189052 -0.262579 -0.244984 3.549 0.745 0.467883 0 1.97626e-323 3.94481e-317 
 2.914 1.527 0.741066 9.57005e-321 1.55716e+142 3.07024 1.63673 0.514116 0.166436 -0.135472 -0.145477 3.562 0.766 0.514116 0 1.97626e-323 3.94481e-317 
 2.912 1.568 0.717911 9.57005e-321 1.55716e+142 3.05433 1.63315 0.54881 0.132889 -0.262007 -0.341027 3.576 0.78 0.54881 0 1.97626e-323 3.94481e-317 
 2.941 1.577 0.706081 9.57005e-321 1.55716e+142 3.04846 1.64138 0.574647 0.108658 -0.127935 -0.208844 3.592 0.802 0.574647 0 1.97626e-323 3.94481e-317 
 2.954 1.596 0.680712 9.57005e-321 1.55716e+142 3.04676 1.65035 0.591057 0.0934171 -0.102548 -0.19508 3.604 0.82 0.591057 0 1.97626e-323 3.94481e-317 
 2.955 1.6 0.670168 9.57005e-321 1.55716e+142 3.06721 1.66486 0.602606 0.112712 -0.11548 -0.182371 3.634 0.841 0.602606 0 1.97626e-323 3.94481e-317 
 2.972 1.59 0.660029 9.57005e-321 1.55716e+142 3.08399 1.68294 0.607736 0.127601 0.028317 0.0399239 3.655 0.862 0.607736 0 1.97626e-323 3.94481e-317 
 2.995 1.575 0.648584 9.57005e-321 1.55716e+142 3.1035 1.69139 0.615657 0.13799 0.158698 0.204129 3.681 0.875 0.615657 0 1.97626e-323 3.94481e-317 
 2.991 1.597 0.650697 9.57005e-321 1.55716e+142 3.11705 1.70251 0.622352 0.14407 0.0438075 0.0546782 3.7 0.89 0.622352 0 1.97626e-323 3.94481e-317 
 2.986 1.626 0.653282 9.57005e-321 1.55716e+142 3.13775 1.71995 0.630132 0.155976 -0.0993724 -0.114179 3.727 0.912 0.630132 0 1.97626e-323 3.94481e-317 
 3.018 1.645 0.654143 9.57005e-321 1.55716e+142 3.14693 1.7247 0.64234 0.13243 -0.0896654 -0.121276 3.746 0.924 0.64234 0 1.97626e-323 3.94481e-317 
 3.047 1.648 0.652593 9.57005e-321 1.55716e+142 3.14921 1.73002 0.658325 0.114922 0.0189018 0.0295968 3.761 0.939 0.658325 0 1.97626e-323 3.94481e-317 
 3.045 1.645 0.650501 9.57005e-321 1.55716e+142 3.15037 1.73592 0.674658 0.121894 0.0514057 0.0757649 3.775 0.955 0.674658 0 1.97626e-323 3.94481e-317 
 3.047 1.623 0.651191 9.57005e-321 1.55716e+142 3.16253 1.75413 0.688617 0.15104 0.194819 0.228132 3.798 0.982 0.688617 0 1.97626e-323 3.94481e-317 
 3.031 1.655 0.652276 9.57005e-321 1.55716e+142 3.16804 1.76522 0.700972 0.154221 0.0249321 0.0290915 3.813 1.001 0.700972 0 1.97626e-323 3.94481e-317 
 3.032 1.669 0.65664 9.57005e-321 1.55716e+142 3.18918 1.77251 0.711306 0.164741 -0.0774377 -0.0844093 3.842 1.015 0.711306 0 1.97626e-323 3.94481e-317 
 3.063 1.664 0.656755 9.57005e-321 1.55716e+142 3.20802 1.7784 0.722122 0.162015 0.0115013 0.0127773 3.869 1.028 0.722122 0 1.97626e-323 3.94481e-317 
 3.057 1.663 0.655958 9.57005e-321 1.55716e+142 3.21867 1.79235 0.738698 0.181589 0.0209204 0.0207343 3.892 1.053 0.738698 0 1.97626e-323 3.94481e-317 
 3.074 1.668 0.656892 9.57005e-321 1.55716e+142 3.22965 1.78143 0.760591 0.16889 -0.0287548 -0.0306369 3.919 1.057 0.760591 0 1.97626e-323 3.94481e-317 
 3.106 1.685 0.657655 9.57005e-321 1.55716e+142 3.22635 1.77956 0.786167 0.13425 0.00749042 0.0100427 3.934 1.073 0.786167 0 1.97626e-323 3.94481e-317 
 3.118 1.692 0.657198 9.57005e-321 1.55716e+142 3.21613 1.77651 0.819603 0.113461 0.0425881 0.0674613 3.947 1.094 0.819603 0 1.97626e-323 3.94481e-317 
 3.118 1.735 0.657254 9.57005e-321 1.55716e+142 3.21161 1.77558 0.853197 0.0871958 -0.161096 -0.321049 3.965 1.118 0.853197 0 1.97626e-323 3.94481e-317 
 3.133 1.733 0.657143 9.57005e-321 1.55716e+142 3.20625 1.7775 0.884734 0.0747802 -0.0626817 -0.149749 3.98 1.144 0.884734 0 1.97626e-323 3.94481e-317 
 3.138 1.716 0.653444 9.57005e-321 1.55716e+142 3.20113 1.79184 0.907349 0.0847421 0.141024 0.291043 3.989 1.176 0.907349 0 1.97626e-323 3.94481e-317 
 3.174 1.741 0.652752 9.57005e-321 1.55716e+142 3.20687 1.80549 0.924181 0.0579976 0.212263 0.523599 4.005 1.203 0.924181 0 1.97626e-323 3.94481e-317 
 3.136 1.733 0.654336 9.57005e-321 1.55716e+142 3.22105 1.8194 0.930544 0.105513 0.104203 0.175928 4.023 1.222 0.930544 0 1.97626e-323 3.94481e-317 
 3.163 1.744 0.660547 9.57005e-321 1.55716e+142 3.23227 1.83328 0.936907 0.0965722 0.176723 0.3182 4.038 1.241 0.936907 0 1.97626e-323 3.94481e-317 
 3.137 1.747 0.665441 9.57005e-321 1.55716e+142 3.23633 1.85012 0.947001 0.124641 0.118424 0.169383 4.048 1.266 0.947001 0 1.97626e-323 3.94481e-317 
 3.149 1.725 0.677019 9.57005e-321 1.55716e+142 3.23418 1.86789 0.955875 0.138882 0.336766 0.411546 4.051 1.291 0.955875 0 1.97626e-323 3.94481e-317 
 3.218 1.751 0.688285 9.57005e-321 1.55716e+142 3.24739 1.87805 0.964224 0.0950476 0.499299 0.523599 4.069 1.308 0.964224 0 1.97626e-323 3.94481e-317 
 3.216 1.747 0.72378 9.57005e-321 1.55716e+142 3.26842 1.89065 0.965937 0.12136 0.436618 0.523599 4.091 1.322 0.965937 0 1.97626e-323 3.94481e-317 
 3.192 1.763 0.773931 9.57005e-321 1.55716e+142 3.25872 1.91572 0.970703 0.137955 0.363737 0.443116 4.084 1.351 0.970703 0 1.97626e-323 3.94481e-317 
 3.223 1.79 0.814525 9.57005e-321 1.55716e+142 3.26175 1.94539 0.979552 0.12644 0.464754 0.523599 4.092 1.388 0.979552 0 1.97626e-323 3.94481e-317 
 3.234 1.81 0.850471 9.57005e-321 1.55716e+142 3.26466 1.96826 0.983323 0.126335 0.481809 0.523599 4.097 1.414 0.983323 0 1.97626e-323 3.94481e-317 
 3.228 1.827 0.896153 9.57005e-321 1.55716e+142 3.28469 1.98732 0.983253 0.142831 0.321943 0.385431 4.117 1.433 0.983253 0 1.97626e-323 3.94481e-317 
 3.257 1.818 0.944378 9.57005e-321 1.55716e+142 3.30808 2.02189 0.982562 0.174719 0.422953 0.41093 4.14 1.467 0.982562 0 1.97626e-323 3.94481e-317 
 3.251 1.825 0.978996 9.57005e-321 1.55716e+142 3.33711 2.05594 0.982508 0.21204 0.290457 0.241746 4.169 1.501 0.982508 0 1.97626e-323 3.94481e-317 
 3.23 1.854 1.02136 9.57005e-321 1.55716e+142 3.34536 2.07281 0.983859 0.21666 0.0799471 0.0663221 4.178 1.519 0.983859 0 1.97626e-323 3.94481e-317 
 3.26 1.876 1.04417 9.57005e-321 1.55716e+142 3.36884 2.10052 0.986608 0.21843 0.0940747 0.0773686 4.203 1.549 0.986608 0 1.97626e-323 3.94481e-317 
 3.288 1.885 1.05019 9.57005e-321 1.55716e+142 3.36749 2.10289 0.994538 0.201349 0.203848 0.180256 4.206 1.558 0.994538 0 1.97626e-323 3.94481e-317 
 3.296 1.926 1.06227 9.57005e-321 1.55716e+142 3.38135 2.09056 1.01153 0.162551 0.0310206 0.034337 4.229 1.56 1.01153 0 1.97626e-323 3.94481e-317 
 3.292 1.946 1.08337 9.57005e-321 1.55716e+142 3.3837 2.08948 1.03389 0.148989 -0.0789961 -0.0951503 4.243 1.578 1.03389 0 1.97626e-323 3.94481e-317 
 3.296 1.941 1.08476 9.57005e-321 1.55716e+142 3.38617 2.07962 1.06715 0.144598 -0.0862697 -0.106981 4.262 1.597 1.06715 0 1.97626e-323 3.94481e-317 
 3.324 1.959 1.08321 9.57005e-321 1.55716e+142 3.39311 2.06728 1.10372 0.11238 -0.0633056 -0.101052 4.286 1.617 1.10372 0 1.97626e-323 3.94481e-317 
 3.293 1.985 1.08273 9.57005e-321 1.55716e+142 3.39339 2.05446 1.14234 0.0972728 -0.352477 -0.523599 4.303 1.639 1.14234 0 1.97626e-323 3.94481e-317 
 3.294 1.956 1.08167 9.57005e-321 1.55716e+142 3.3744 2.05794 1.17998 0.112427 -0.141324 -0.222518 4.299 1.677 1.17998 0 1.97626e-323 3.94481e-317 
 3.296 1.971 1.07427 9.57005e-321 1.55716e+142 3.36028 2.05319 1.22475 0.0904549 -0.110965 -0.217326 4.301 1.714 1.22475 0 1.97626e-323 3.94481e-317 
 3.326 1.964 1.06615 9.57005e-321 1.55716e+142 3.36189 2.06194 1.25041 0.0905945 0.101814 0.199598 4.311 1.747 1.25041 0 1.97626e-323 3.94481e-317 
 3.333 1.993 1.0598 9.57005e-321 1.55716e+142 3.35725 2.07676 1.26216 0.0747731 0.130391 0.304149 4.31 1.773 1.26216 0 1.97626e-323 3.94481e-317 
 3.358 2.004 1.06227 9.57005e-321 1.55716e+142 3.35439 2.10138 1.27513 0.0749108 0.331722 0.523599 4.311 1.81 1.27513 0 1.97626e-323 3.94481e-317 
 3.349 2.018 1.06519 9.57005e-321 1.55716e+142 3.346 2.13099 1.28702 0.0877403 0.366865 0.523599 4.306 1.851 1.28702 0 1.97626e-323 3.94481e-317 
 3.356 2.051 1.08124 9.57005e-321 1.55716e+142 3.35906 2.16074 1.2904 0.0878946 0.313134 0.523599 4.32 1.884 1.2904 0 1.97626e-323 3.94481e-317 
 3.348 2.055 1.11697 9.57005e-321 1.55716e+142 3.37232 2.18666 1.28944 0.114008 0.218775 0.332581 4.333 1.909 1.28944 0 1.97626e-323 3.94481e-317 
 3.349 2.07 1.14498 9.57005e-321 1.55716e+142 3.38794 2.22033 1.29082 0.134648 0.156313 0.205997 4.349 1.944 1.29082 0 1.97626e-323 3.94481e-317 
 3.326 2.082 1.16633 9.57005e-321 1.55716e+142 3.39604 2.22617 1.29411 0.14047 -0.0444142 -0.0568514 4.358 1.953 1.29411 0 1.97626e-323 3.94481e-317 
 3.348 2.062 1.17972 9.57005e-321 1.55716e+142 3.41878 2.23273 1.29872 0.162117 -0.0020125 -0.0022345 4.382 1.964 1.29872 0 1.97626e-323 3.94481e-317 
 3.362 2.072 1.17762 9.57005e-321 1.55716e+142 3.42094 2.24583 1.32139 0.160736 0.0679138 0.0759072 4.39 1.999 1.32139 0 1.97626e-323 3.94481e-317 
 3.364 2.088 1.17781 9.57005e-321 1.55716e+142 3.41926 2.24642 1.3547 0.146985 0.0551826 0.0674747 4.396 2.032 1.3547 0 1.97626e-323 3.94481e-317 
 3.368 2.098 1.18163 9.57005e-321 1.55716e+142 3.41935 2.23971 1.37891 0.132124 0.0369089 0.0502408 4.401 2.049 1.37891 0 1.97626e-323 3.94481e-317 
 3.416 2.135 1.18571 9.57005e-321 1.55716e+142 3.41923 2.23893 1.41423 0.0864676 0.231744 0.449488 4.407 2.083 1.41423 0 1.97626e-323 3.94481e-317 
 3.419 2.156 1.19195 9.57005e-321 1.55716e+142 3.41137 2.23914 1.44129 0.0663379 0.252685 0.523599 4.403 2.11 1.44129 0 1.97626e-323 3.94481e-317 
 3.398 2.148 1.21622 9.57005e-321 1.55716e+142 3.40346 2.22633 1.46628 0.0664509 0.147616 0.380384 4.398 2.122 1.46628 0 1.97626e-323 3.94481e-317 
 3.382 2.161 1.23972 9.57005e-321 1.55716e+142 3.3858 2.23409 1.4836 0.0620138 0.135988 0.375944 4.382 2.147 1.4836 0 1.97626e-323 3.94481e-317 
 3.411 2.153 1.25451 9.57005e-321 1.55716e+142 3.37293 2.25754 1.49418 0.0801202 0.444899 0.523599 4.37 2.181 1.49418 0 1.97626e-323 3.94481e-317 
 3.404 2.165 1.2739 9.57005e-321 1.55716e+142 3.37197 2.29804 1.49368 0.106624 0.428411 0.523599 4.369 2.221 1.49368 0 1.97626e-323 3.94481e-317 
 3.406 2.198 1.31966 9.57005e-321 1.55716e+142 3.3891 2.32967 1.49205 0.109802 0.301474 0.459007 4.386 2.251 1.49205 0 1.97626e-323 3.94481e-317 
 3.42 2.197 1.36137 9.57005e-321 1.55716e+142 3.38538 2.37012 1.48858 0.145253 0.400019 0.460211 4.382 2.288 1.48858 0 1.97626e-323 3.94481e-317 
 3.428 2.18 1.39161 9.57005e-321 1.55716e+142 3.38549 2.39142 1.48728 0.179484 0.426446 0.404131 4.382 2.308 1.48728 0 1.97626e-323 3.94481e-317 
 3.407 2.164 1.43137 9.57005e-321 1.55716e+142 3.39163 2.42912 1.48557 0.229842 0.25532 0.197351 4.388 2.344 1.48557 0 1.97626e-323 3.94481e-317 
 3.43 2.188 1.47171 9.57005e-321 1.55716e+142 3.39357 2.45639 1.48631 0.233154 0.30585 0.231877 4.39 2.372 1.48631 0 1.97626e-323 3.94481e-317 
 3.441 2.223 1.49411 9.57005e-321 1.55716e+142 3.40547 2.46925 1.48745 0.214567 0.273692 0.225689 4.402 2.386 1.48745 0 1.97626e-323 3.94481e-317 
 3.428 2.249 1.52429 9.57005e-321 1.55716e+142 3.39927 2.48677 1.48994 0.208027 0.203069 0.173935 4.396 2.406 1.48994 0 1.97626e-323 3.94481e-317 
 3.426 2.288 1.55157 9.57005e-321 1.55716e+142 3.39162 2.50433 1.4984 0.189983 0.203536 0.190503 4.389 2.432 1.4984 0 1.97626e-323 3.94481e-317 
 3.436 2.317 1.57159 9.57005e-321 1.55716e+142 3.39178 2.52464 1.51112 0.183282 0.235541 0.227325 4.39 2.465 1.51112 0 1.97626e-323 3.94481e-317 
 3.405 2.346 1.59271 9.57005e-321 1.55716e+142 3.39115 2.55697 1.52281 0.185323 0.0492005 0.0477511 4.39 2.509 1.52281 0 1.97626e-323 3.94481e-317 
 3.411 2.352 1.61569 9.57005e-321 1.55716e+142 3.38546 2.57144 1.54035 0.19343 0.0822836 0.0764215 4.385 2.541 1.54035 0 1.97626e-323 3.94481e-317 
 3.417 2.381 1.61946 9.57005e-321 1.55716e+142 3.39521 2.58728 1.55052 0.181731 0.0630244 0.0623433 4.395 2.567 1.55052 0 1.97626e-323 3.94481e-317 
 3.423 2.403 1.62695 9.57005e-321 1.55716e+142 3.41805 2.60375 1.56104 0.176079 -0.0343204 -0.0350703 4.418 2.594 1.56104 0 1.97626e-323 3.94481e-317 
 3.449 2.401 1.63296 9.57005e-321 1.55716e+142 3.43107 2.62521 1.58258 0.197276 0.0206931 0.0188786 4.431 2.637 1.58258 0 1.97626e-323 3.94481e-317 
 3.406 2.403 1.63317 9.57005e-321 1.55716e+142 3.42725 2.61303 1.62079 0.183384 -0.183477 -0.178181 4.426 2.663 1.62079 0 1.97626e-323 3.94481e-317 
 3.415 2.455 1.63454 9.57005e-321 1.55716e+142 3.42282 2.57695 1.669 0.10648 -0.0964875 -0.161684 4.418 2.675 1.669 0 1.97626e-323 3.94481e-317 
 3.433 2.474 1.63298 9.57005e-321 1.55716e+142 3.41011 2.57318 1.7131 0.0882686 0.107051 0.21493 4.4 2.715 1.7131 0 1.97626e-323 3.94481e-317 
 3.463 2.5 1.63205 9.57005e-321 1.55716e+142 3.40854 2.56641 1.7473 0.0629396 0.337509 0.523599 4.393 2.742 1.7473 0 1.97626e-323 3.94481e-317 
 3.456 2.514 1.63439 9.57005e-321 1.55716e+142 3.39107 2.59368 1.77146 0.0759347 0.390599 0.523599 4.371 2.793 1.77146 0 1.97626e-323 3.94481e-317 
 3.479 2.509 1.66045 9.57005e-321 1.55716e+142 3.36164 2.6244 1.78401 0.11743 0.638054 0.523599 4.339 2.836 1.78401 0 1.97626e-323 3.94481e-317 
 3.47 2.482 1.70251 9.57005e-321 1.55716e+142 3.34599 2.66529 1.79026 0.179297 0.528736 0.487991 4.322 2.883 1.79026 0 1.97626e-323 3.94481e-317 
 3.431 2.477 1.76644 9.57005e-321 1.55716e+142 3.31577 2.71224 1.78929 0.224451 0.332787 0.260802 4.292 2.929 1.78929 0 1.97626e-323 3.94481e-317 
 3.443 2.535 1.81539 9.57005e-321 1.55716e+142 3.30658 2.73711 1.7884 0.204803 0.426717 0.358805 4.283 2.953 1.7884 0 1.97626e-323 3.94481e-317 
 3.443 2.534 1.84778 9.57005e-321 1.55716e+142 3.28787 2.76337 1.78506 0.234606 0.419029 0.311061 4.265 2.976 1.78506 0 1.97626e-323 3.94481e-317 
 3.425 2.546 1.89109 9.57005e-321 1.55716e+142 3.29021 2.79613 1.77713 0.246695 0.233998 0.169105 4.269 3.001 1.77713 0 1.97626e-323 3.94481e-317 
 3.4 2.561 1.93188 9.57005e-321 1.55716e+142 3.28923 2.82393 1.76203 0.250141 0.0508618 0.0365835 4.271 3.014 1.76203 0 1.97626e-323 3.94481e-317 
 3.389 2.596 1.94844 9.57005e-321 1.55716e+142 3.2844 2.85925 1.75763 0.248471 0.000748708 0.000542387 4.267 3.045 1.75763 0 1.97626e-323 3.94481e-317 
 3.371 2.637 1.95234 9.57005e-321 1.55716e+142 3.28554 2.87651 1.75839 0.222939 -0.0491094 -0.03963 4.268 3.063 1.75839 0 1.97626e-323 3.94481e-317 
 3.374 2.661 1.95371 9.57005e-321 1.55716e+142 3.29093 2.8885 1.76043 0.212357 -0.0402846 -0.0341331 4.273 3.077 1.76043 0 1.97626e-323 3.94481e-317 
 3.355 2.65 1.95305 9.57005e-321 1.55716e+142 3.29367 2.91063 1.76947 0.233023 -0.196711 -0.150797 4.274 3.108 1.76947 0 1.97626e-323 3.94481e-317 
 3.318 2.71 1.95286 9.57005e-321 1.55716e+142 3.29124 2.92214 1.79144 0.183108 -0.289969 -0.277683 4.267 3.141 1.79144 0 1.97626e-323 3.94481e-317 
 3.311 2.732 1.94935 9.57005e-321 1.55716e+142 3.30237 2.90749 1.82194 0.147828 -0.324448 -0.376239 4.271 3.156 1.82194 0 1.97626e-323 3.94481e-317 
 3.326 2.726 1.93986 9.57005e-321 1.55716e+142 3.30392 2.88228 1.85429 0.135657 -0.20946 -0.271085 4.264 3.162 1.85429 0 1.97626e-323 3.94481e-317 
 3.331 2.772 1.90919 9.57005e-321 1.55716e+142 3.31586 2.87116 1.89109 0.0867007 -0.119895 -0.243958 4.265 3.186 1.89109 0 1.97626e-323 3.94481e-317 
 3.361 2.797 1.89126 9.57005e-321 1.55716e+142 3.32576 2.87201 1.9241 0.072248 0.0649491 0.160425 4.264 3.218 1.9241 0 1.97626e-323 3.94481e-317 
 3.339 2.81 1.88093 9.57005e-321 1.55716e+142 3.31676 2.85607 1.95728 0.0444759 0.0496615 0.198344 4.243 3.233 1.95728 0 1.97626e-323 3.94481e-317 
 3.327 2.798 1.88382 9.57005e-321 1.55716e+142 3.31168 2.84351 1.99269 0.0421207 0.00390017 0.0166656 4.224 3.253 1.99269 0 1.97626e-323 3.94481e-317 
 3.338 2.797 1.88523 9.57005e-321 1.55716e+142 3.30618 2.85098 2.01531 0.0537964 0.0929365 0.301482 4.209 3.281 2.01531 0 1.97626e-323 3.94481e-317 
 3.316 2.791 1.88492 9.57005e-321 1.55716e+142 3.29782 2.8593 2.03275 0.0619154 -0.0257212 -0.0746375 4.193 3.305 2.03275 0 1.97626e-323 3.94481e-317 
 3.321 2.78 1.88672 9.57005e-321 1.55716e+142 3.29703 2.86904 2.0465 0.0807819 -0.0317647 -0.070661 4.186 3.327 2.0465 0 1.97626e-323 3.94481e-317 
 3.322 2.829 1.88556 9.57005e-321 1.55716e+142 3.29106 2.88919 2.05308 0.0586917 0.0731934 0.220815 4.177 3.353 2.05308 0 1.97626e-323 3.94481e-317 
 3.314 2.854 1.88552 9.57005e-321 1.55716e+142 3.28142 2.91109 2.06452 0.0565996 0.0906561 0.280696 4.162 3.385 2.06452 0 1.97626e-323 3.94481e-317 
 3.317 2.843 1.88599 9.57005e-321 1.55716e+142 3.27287 2.91073 2.08204 0.0688102 0.139548 0.350012 4.145 3.4 2.08204 0 1.97626e-323 3.94481e-317 
 3.324 2.848 1.88861 9.57005e-321 1.55716e+142 3.26077 2.9259 2.09798 0.083143 0.231113 0.463925 4.125 3.429 2.09798 0 1.97626e-323 3.94481e-317 
 3.336 2.854 1.89279 9.57005e-321 1.55716e+142 3.2618 2.93069 2.10984 0.0859096 0.296508 0.523599 4.12 3.444 2.10984 0 1.97626e-323 3.94481e-317 
 3.327 2.868 1.90928 9.57005e-321 1.55716e+142 3.24487 2.94068 2.12154 0.0860609 0.342505 0.523599 4.097 3.464 2.12154 0 1.97626e-323 3.94481e-317 
 3.277 2.869 1.93735 9.57005e-321 1.55716e+142 3.24245 2.96169 2.13212 0.0867686 -0.00621197 -0.0128859 4.089 3.494 2.13212 0 1.97626e-323 3.94481e-317 
 3.272 2.867 1.96684 9.57005e-321 1.55716e+142 3.22959 2.99104 2.14356 0.114783 -0.0532436 -0.0833024 4.07 3.533 2.14356 0 1.97626e-323 3.94481e-317 
 3.288 2.871 1.96506 9.57005e-321 1.55716e+142 3.2143 2.99577 2.15944 0.126139 0.120017 0.169619 4.046 3.551 2.15944 0 1.97626e-323 3.94481e-317 
 3.31 2.898 1.96635 9.57005e-321 1.55716e+142 3.20763 3.00605 2.17603 0.123875 0.315755 0.430162 4.03 3.575 2.17603 0 1.97626e-323 3.94481e-317 
 3.31 2.92 1.97698 9.57005e-321 1.55716e+142 3.19652 2.99662 2.18631 0.104762 0.456894 0.523599 4.013 3.574 2.18631 0 1.97626e-323 3.94481e-317 
 3.308 2.931 2.01152 9.57005e-321 1.55716e+142 3.18876 3.00352 2.19874 0.106124 0.473556 0.523599 3.998 3.591 2.19874 0 1.97626e-323 3.94481e-317 
 3.285 2.938 2.05796 9.57005e-321 1.55716e+142 3.17678 3.02075 2.20216 0.110745 0.348429 0.515287 3.984 3.611 2.20216 0 1.97626e-323 3.94481e-317 
 3.307 2.937 2.10537 9.57005e-321 1.55716e+142 3.15343 3.0295 2.20496 0.142938 0.487734 0.523599 3.959 3.622 2.20496 0 1.97626e-323 3.94481e-317 
 3.296 2.928 2.14182 9.57005e-321 1.55716e+142 3.15051 3.03803 2.20678 0.152599 0.355755 0.397317 3.955 3.632 2.20678 0 1.97626e-323 3.94481e-317 
 3.29 2.97 2.19114 9.57005e-321 1.55716e+142 3.1342 3.0601 2.20794 0.147163 0.424175 0.478591 3.938 3.655 2.20794 0 1.97626e-323 3.94481e-317 
 3.303 2.993 2.22743 9.57005e-321 1.55716e+142 3.1212 3.08775 2.20962 0.167558 0.47193 0.46921 3.924 3.684 2.20962 0 1.97626e-323 3.94481e-317 
 3.269 2.984 2.26884 9.57005e-321 1.55716e+142 3.11491 3.10346 2.21247 0.168161 0.227053 0.238416 3.916 3.702 2.21247 0 1.97626e-323 3.94481e-317 
 3.262 2.98 2.31328 9.57005e-321 1.55716e+142 3.09457 3.11759 2.21856 0.188746 0.160681 0.152052 3.892 3.721 2.21856 0 1.97626e-323 3.94481e-317 
 3.264 2.995 2.33221 9.57005e-321 1.55716e+142 3.07562 3.14067 2.22853 0.207205 0.18345 0.158035 3.867 3.752 2.22853 0 1.97626e-323 3.94481e-317 
 3.246 3.031 2.34754 9.57005e-321 1.55716e+142 3.07143 3.1617 2.2412 0.189715 0.173879 0.163502 3.855 3.783 2.2412 0 1.97626e-323 3.94481e-317 
 3.211 3.029 2.3657 9.57005e-321 1.55716e+142 3.06228 3.17615 2.25216 0.18351 -0.00471421 -0.00462401 3.839 3.806 2.25216 0 1.97626e-323 3.94481e-317 
 3.197 3.07 2.38176 9.57005e-321 1.55716e+142 3.05702 3.18014 2.26903 0.155722 0.0934929 0.107651 3.823 3.823 2.26903 0 1.97626e-323 3.94481e-317 
 3.182 3.071 2.38317 9.57005e-321 1.55716e+142 3.05453 3.17271 2.29735 0.142644 0.0800463 0.100667 3.802 3.837 2.29735 0 1.97626e-323 3.94481e-317 
 3.153 3.063 2.39186 9.57005e-321 1.55716e+142 3.0478 3.17191 2.32005 0.132671 -0.0472806 -0.0640596 3.78 3.853 2.32005 0 1.97626e-323 3.94481e-317 
 3.125 3.085 2.39748 9.57005e-321 1.55716e+142 3.04648 3.17246 2.34136 0.102719 -0.0696756 -0.121495 3.764 3.869 2.34136 0 1.97626e-323 3.94481e-317 
 3.126 3.084 2.39609 9.57005e-321 1.55716e+142 3.0505 3.18628 2.35706 0.109901 -0.147325 -0.236769 3.757 3.894 2.35706 0 1.97626e-323 3.94481e-317 
 3.107 3.073 2.39578 9.57005e-321 1.55716e+142 3.03574 3.18228 2.3742 0.111642 -0.195626 -0.305531 3.73 3.902 2.3742 0 1.97626e-323 3.94481e-317 
 3.098 3.103 2.39262 9.57005e-321 1.55716e+142 3.03204 3.18675 2.39389 0.0925781 -0.104534 -0.200515 3.712 3.92 2.39389 0 1.97626e-323 3.94481e-317 
 3.082 3.084 2.38799 9.57005e-321 1.55716e+142 3.02583 3.1831 2.41119 0.0961987 -0.213538 -0.380124 3.693 3.928 2.41119 0 1.97626e-323 3.94481e-317 
 3.112 3.118 2.3848 9.57005e-321 1.55716e+142 2.99934 3.18756 2.42256 0.114212 0.163409 0.252058 3.658 3.94 2.42256 0 1.97626e-323 3.94481e-317 
 3.093 3.119 2.37213 9.57005e-321 1.55716e+142 2.99255 3.20031 2.4321 0.112998 0.0702943 0.111511 3.644 3.959 2.4321 0 1.97626e-323 3.94481e-317 
 3.088 3.146 2.37627 9.57005e-321 1.55716e+142 2.97509 3.22099 2.43413 0.117375 0.146454 0.220927 3.625 3.981 2.43413 0 1.97626e-323 3.94481e-317 
 3.089 3.163 2.37837 9.57005e-321 1.55716e+142 2.9587 3.23477 2.43756 0.12705 0.227338 0.311593 3.606 3.997 2.43756 0 1.97626e-323 3.94481e-317 
 3.087 3.166 2.38332 9.57005e-321 1.55716e+142 2.9552 3.24963 2.44866 0.134948 0.175448 0.229884 3.594 4.019 2.44866 0 1.97626e-323 3.94481e-317 
 3.103 3.209 2.39585 9.57005e-321 1.55716e+142 2.93157 3.24114 2.46206 0.135012 0.53902 0.523599 3.56 4.019 2.46206 0 1.97626e-323 3.94481e-317 
 3.08 3.189 2.4146 9.57005e-321 1.55716e+142 2.92554 3.23728 2.48116 0.132206 0.390995 0.489187 3.539 4.027 2.48116 0 1.97626e-323 3.94481e-317 
 3.022 3.197 2.46776 9.57005e-321 1.55716e+142 2.90931 3.2403 2.49096 0.101846 0.22777 0.382706 3.515 4.036 2.49096 0 1.97626e-323 3.94481e-317 
 3.035 3.219 2.5032 9.57005e-321 1.55716e+142 2.89446 3.25591 2.49491 0.12021 0.32557 0.453598 3.497 4.054 2.49491 0 1.97626e-323 3.94481e-317 
 3.015 3.19 2.52525 9.57005e-321 1.55716e+142 2.86868 3.2745 2.49394 0.147722 0.0895076 0.108636 3.472 4.072 2.49394 0 1.97626e-323 3.94481e-317 
 3 3.207 2.55322 9.57005e-321 1.55716e+142 2.8592 3.30035 2.49584 0.148183 0.00280645 0.00340903 3.461 4.099 2.49584 0 1.97626e-323 3.94481e-317 
 2.994 3.24 2.55956 9.57005e-321 1.55716e+142 2.83831 3.30727 2.50098 0.147049 0.168426 0.203318 3.436 4.109 2.50098 0 1.97626e-323 3.94481e-317 
 2.978 3.22 2.56279 9.57005e-321 1.55716e+142 2.82679 3.30884 2.51522 0.153703 0.0472599 0.0552894 3.413 4.119 2.51522 0 1.97626e-323 3.94481e-317 
 2.989 3.234 2.58062 9.57005e-321 1.55716e+142 2.79554 3.31347 2.52965 0.181502 0.191269 0.187459 3.37 4.132 2.52965 0 1.97626e-323 3.94481e-317 
 2.984 3.249 2.58607 9.57005e-321 1.55716e+142 2.78635 3.32031 2.544 0.18139 0.23424 0.22839 3.349 4.147 2.544 0 1.97626e-323 3.94481e-317 
 2.967 3.239 2.60661 9.57005e-321 1.55716e+142 2.76067 3.32838 2.54922 0.196116 0.147873 0.134897 3.319 4.158 2.54922 0 1.97626e-323 3.94481e-317 
 2.952 3.234 2.62776 9.57005e-321 1.55716e+142 2.75036 3.33526 2.55846 0.197755 0.0569606 0.0518 3.301 4.17 2.55846 0 1.97626e-323 3.94481e-317 
 2.92 3.258 2.64175 9.57005e-321 1.55716e+142 2.74652 3.33893 2.56821 0.167663 0.0668179 0.0716117 3.289 4.179 2.56821 0 1.97626e-323 3.94481e-317 
 2.929 3.274 2.64708 9.57005e-321 1.55716e+142 2.73157 3.34927 2.58249 0.184195 0.146653 0.142343 3.262 4.197 2.58249 0 1.97626e-323 3.94481e-317 
 2.907 3.285 2.65434 9.57005e-321 1.55716e+142 2.71984 3.35151 2.59924 0.172862 0.157508 0.162564 3.236 4.208 2.59924 0 1.97626e-323 3.94481e-317 
 2.883 3.285 2.66991 9.57005e-321 1.55716e+142 2.71513 3.3539 2.61814 0.158764 0.0835754 0.0944725 3.215 4.22 2.61814 0 1.97626e-323 3.94481e-317 
 2.865 3.281 2.68562 9.57005e-321 1.55716e+142 2.71403 3.35495 2.62609 0.14746 0.000452351 0.000552171 3.207 4.225 2.62609 0 1.97626e-323 3.94481e-317 
 2.809 3.315 2.69037 9.57005e-321 1.55716e+142 2.69506 3.40298 2.64669 0.124165 -0.176534 -0.250542 3.17 4.283 2.64669 0 1.97626e-323 3.94481e-317 
 2.811 3.321 2.692 9.57005e-321 1.55716e+142 2.69717 3.39888 2.67949 0.119895 -0.124823 -0.185251 3.143 4.294 2.67949 0 1.97626e-323 3.94481e-317 
 2.769 3.329 2.69075 9.57005e-321 1.55716e+142 2.72128 3.38869 2.71725 0.0613011 -0.222163 -0.523599 3.133 4.3 2.71725 0 1.97626e-323 3.94481e-317 
 2.761 3.315 2.68854 9.57005e-321 1.55716e+142 2.72753 3.37817 2.75669 0.0519974 -0.289 -0.523599 3.103 4.305 2.75669 0 1.97626e-323 3.94481e-317 
 2.777 3.308 2.68228 9.57005e-321 1.55716e+142 2.72461 3.37217 2.79 0.0670145 -0.228839 -0.523599 3.069 4.311 2.79 0 1.97626e-323 3.94481e-317 
 2.782 3.285 2.65781 9.57005e-321 1.55716e+142 2.72093 3.3726 2.81895 0.0848686 -0.316423 -0.523599 3.038 4.321 2.81895 0 1.97626e-323 3.94481e-317 
 2.767 3.268 2.6346 9.57005e-321 1.55716e+142 2.70792 3.37677 2.83787 0.0946716 -0.418613 -0.523599 3.007 4.331 2.83787 0 1.97626e-323 3.94481e-317 
 2.769 3.282 2.59921 9.57005e-321 1.55716e+142 2.70808 3.37527 2.85684 0.0896358 -0.309127 -0.523599 2.989 4.335 2.85684 0 1.97626e-323 3.94481e-317 
 2.816 3.302 2.55598 9.57005e-321 1.55716e+142 2.70944 3.3719 2.87281 0.111782 0.00391719 0.00630766 2.975 4.336 2.87281 0 1.97626e-323 3.94481e-317 
 2.79 3.327 2.52867 9.57005e-321 1.55716e+142 2.703 3.37398 2.89201 0.0862244 0.0748354 0.154972 2.95 4.343 2.89201 0 1.97626e-323 3.94481e-317 
 2.788 3.314 2.52965 9.57005e-321 1.55716e+142 2.68811 3.3795 2.90655 0.104731 0.0234513 0.0402838 2.921 4.352 2.90655 0 1.97626e-323 3.94481e-317 
 2.758 3.354 2.53167 9.57005e-321 1.55716e+142 2.6847 3.38334 2.92049 0.0676847 0.119675 0.308125 2.904 4.359 2.92049 0 1.97626e-323 3.94481e-317 
 2.75 3.355 2.53157 9.57005e-321 1.55716e+142 2.66799 3.37987 2.93205 0.0719738 0.175916 0.414465 2.876 4.358 2.93205 0 1.97626e-323 3.94481e-317 
 2.741 3.369 2.53327 9.57005e-321 1.55716e+142 2.63853 3.37029 2.94485 0.0767842 0.375523 0.523599 2.834 4.351 2.94485 0 1.97626e-323 3.94481e-317 
 2.735 3.379 2.53932 9.57005e-321 1.55716e+142 2.61582 3.36567 2.9533 0.0838661 0.503824 0.523599 2.803 4.348 2.9533 0 1.97626e-323 3.94481e-317 
 2.748 3.38 2.5685 9.57005e-321 1.55716e+142 2.58742 3.34356 2.95391 0.110142 0.712067 0.523599 2.774 4.326 2.95391 0 1.97626e-323 3.94481e-317 
 2.722 3.38 2.61564 9.57005e-321 1.55716e+142 2.57076 3.35369 2.95324 0.109609 0.600807 0.523599 2.758 4.336 2.95324 0 1.97626e-323 3.94481e-317 
 2.699 3.375 2.68556 9.57005e-321 1.55716e+142 2.54103 3.3636 2.94842 0.124122 0.474757 0.523599 2.733 4.345 2.94842 0 1.97626e-323 3.94481e-317 
 2.702 3.377 2.75008 9.57005e-321 1.55716e+142 2.51193 3.38442 2.93914 0.159192 0.366496 0.392858 2.713 4.364 2.93914 0 1.97626e-323 3.94481e-317 
 2.688 3.408 2.79146 9.57005e-321 1.55716e+142 2.48056 3.40497 2.93161 0.173215 0.401894 0.395616 2.689 4.383 2.93161 0 1.97626e-323 3.94481e-317 
 2.695 3.395 2.82823 9.57005e-321 1.55716e+142 2.45822 3.40925 2.93024 0.203384 0.305697 0.264225 2.668 4.387 2.93024 0 1.97626e-323 3.94481e-317 
 2.668 3.358 2.86894 9.57005e-321 1.55716e+142 2.42851 3.40855 2.93361 0.214383 0.0798861 0.0669737 2.635 4.387 2.93361 0 1.97626e-323 3.94481e-317 
 2.696 3.384 2.89672 9.57005e-321 1.55716e+142 2.41505 3.41999 2.9413 0.247301 0.157907 0.114432 2.614 4.4 2.9413 0 1.97626e-323 3.94481e-317 
 2.674 3.385 2.90277 9.57005e-321 1.55716e+142 2.38186 3.41105 2.9513 0.255344 0.205268 0.143703 2.571 4.393 2.9513 0 1.97626e-323 3.94481e-317 
 2.654 3.41 2.91967 9.57005e-321 1.55716e+142 2.35681 3.40659 2.97057 0.255982 0.321188 0.222124 2.527 4.392 2.97057 0 1.97626e-323 3.94481e-317 
 2.632 3.449 2.94071 9.57005e-321 1.55716e+142 2.3292 3.40628 2.99122 0.257948 0.474361 0.319664 2.479 4.395 2.99122 0 1.97626e-323 3.94481e-317 
 2.596 3.432 2.9764 9.57005e-321 1.55716e+142 2.31978 3.40005 3.00697 0.237426 0.371278 0.274377 2.454 4.391 3.00697 0 1.97626e-323 3.94481e-317 
 2.545 3.435 3.02581 9.57005e-321 1.55716e+142 2.29679 3.40174 3.01706 0.214948 0.310651 0.254502 2.421 4.394 3.01706 0 1.97626e-323 3.94481e-317 
 2.528 3.443 3.06219 9.57005e-321 1.55716e+142 2.28094 3.40053 3.02728 0.215141 0.311693 0.2551 2.395 4.394 3.02728 0 1.97626e-323 3.94481e-317 
 2.518 3.433 3.09295 9.57005e-321 1.55716e+142 2.27703 3.39781 3.04346 0.210814 0.238027 0.200505 2.375 4.393 3.04346 0 1.97626e-323 3.94481e-317 
 2.47 3.398 3.1231 9.57005e-321 1.55716e+142 2.26832 3.38734 3.05983 0.176818 0.0779823 0.0792194 2.35 4.384 3.05983 0 1.97626e-323 3.94481e-317 
 2.464 3.414 -3.13392 9.57005e-321 1.55716e+142 2.24986 3.39006 3.07741 0.18827 0.118259 0.112586 2.314 4.388 3.07741 0 1.97626e-323 3.94481e-317 
 2.434 3.417 -3.12623 9.57005e-321 1.55716e+142 2.22516 3.40045 3.08772 0.183492 0.071399 0.0699262 2.279 4.399 3.08772 0 1.97626e-323 3.94481e-317 
 2.426 3.42 -3.11479 9.57005e-321 1.55716e+142 2.21863 3.39781 3.10122 0.182507 0.089123 0.0876733 2.259 4.397 3.10122 0 1.97626e-323 3.94481e-317 
 2.405 3.454 -3.10731 9.57005e-321 1.55716e+142 2.21356 3.39514 3.12516 0.171201 0.285646 0.291757 2.23 4.395 3.12516 0 1.97626e-323 3.94481e-317 
 2.377 3.459 -3.09852 9.57005e-321 1.55716e+142 2.20143 3.40604 -3.13317 0.157114 0.254699 0.283917 2.193 4.406 -3.13317 0 1.97626e-323 3.94481e-317 
 2.4 3.435 -3.07179 9.57005e-321 1.55716e+142 2.19817 3.40649 -3.11042 0.178469 0.0776297 0.0781363 2.167 4.406 -3.11042 0 1.97626e-323 3.94481e-317 
 2.379 3.456 -3.04647 9.57005e-321 1.55716e+142 2.2114 3.39565 -3.08417 0.152575 0.250146 0.286964 2.154 4.394 -3.08417 0 1.97626e-323 3.94481e-317 
 2.287 3.414 -3.04003 9.57005e-321 1.55716e+142 2.21227 3.39339 -3.05923 0.0671672 0.0863597 0.227429 2.13 4.39 -3.05923 0 1.97626e-323 3.94481e-317 
 2.228 3.346 -3.01338 9.57005e-321 1.55716e+142 2.19694 3.39211 -3.04048 0.02384 -0.358655 -0.523599 2.096 4.387 -3.04048 0 1.97626e-323 3.94481e-317 
 2.327 3.415 -3.0073 9.57005e-321 1.55716e+142 2.18063 3.3943 -3.02067 0.129666 0.00542015 0.00752399 2.06 4.387 -3.02067 0 1.97626e-323 3.94481e-317 
 2.335 3.429 -3.01431 9.57005e-321 1.55716e+142 2.18456 3.39493 -3.00056 0.134819 0.0862856 0.114696 2.044 4.385 -3.00056 0 1.97626e-323 3.94481e-317 
 2.345 3.438 -3.01434 9.57005e-321 1.55716e+142 2.17958 3.3973 -2.97828 0.148685 0.110726 0.133251 2.017 4.384 -2.97828 0 1.97626e-323 3.94481e-317 
 2.304 3.408 -3.01169 9.57005e-321 1.55716e+142 2.19786 3.39724 -2.95566 0.0935427 -0.0195428 -0.0375875 2.013 4.38 -2.95566 0 1.97626e-323 3.94481e-317 
 2.262 3.402 -3.0092 9.57005e-321 1.55716e+142 2.2039 3.39164 -2.93319 0.0517197 0.0178998 0.0622162 1.997 4.37 -2.93319 0 1.97626e-323 3.94481e-317 
 2.229 3.389 -3.00868 9.57005e-321 1.55716e+142 2.19486 3.37838 -2.91582 0.0309481 0.042945 0.244768 1.971 4.353 -2.91582 0 1.97626e-323 3.94481e-317 
 2.222 3.391 -3.00931 9.57005e-321 1.55716e+142 2.14961 3.36215 -2.90375 0.0665483 0.127361 0.331755 1.914 4.334 -2.90375 0 1.97626e-323 3.94481e-317 
 2.217 3.387 -3.00673 9.57005e-321 1.55716e+142 2.0929 3.31971 -2.90139 0.117451 0.302548 0.434165 1.855 4.291 -2.90139 0 1.97626e-323 3.94481e-317 
 2.215 3.395 -2.99906 9.57005e-321 1.55716e+142 2.05407 3.28251 -2.90224 0.15846 0.492818 0.510342 1.817 4.254 -2.90224 0 1.97626e-323 3.94481e-317 
 2.218 3.358 -2.96932 9.57005e-321 1.55716e+142 2.01968 3.26793 -2.9047 0.186637 0.290581 0.273238 1.785 4.24 -2.9047 0 1.97626e-323 3.94481e-317 
 2.2 3.346 -2.92198 9.57005e-321 1.55716e+142 1.97483 3.25601 -2.92201 0.210783 0.197049 0.16671 1.757 4.232 -2.92201 0 1.97626e-323 3.94481e-317 
 2.183 3.322 -2.8963 9.57005e-321 1.55716e+142 1.95718 3.26964 -2.94821 0.203313 -0.0208749 -0.0184791 1.765 4.251 -2.94821 0 1.97626e-323 3.94481e-317 
 2.161 3.307 -2.87911 9.57005e-321 1.55716e+142 1.94674 3.2901 -2.96189 0.18623 -0.208918 -0.19925 1.768 4.274 -2.96189 0 1.97626e-323 3.94481e-317 
 2.097 3.333 -2.88131 9.57005e-321 1.55716e+142 1.94016 3.30436 -2.96044 0.139503 -0.0738289 -0.0949741 1.76 4.288 -2.96044 0 1.97626e-323 3.94481e-317 
 2.066 3.306 -2.88432 9.57005e-321 1.55716e+142 1.93359 3.31794 -2.95187 0.111027 -0.277316 -0.422515 1.745 4.3 -2.95187 0 1.97626e-323 3.94481e-317 
 2.094 3.315 -2.88725 9.57005e-321 1.55716e+142 1.90506 3.28753 -2.92894 0.166727 -0.115712 -0.12428 1.694 4.265 -2.92894 0 1.97626e-323 3.94481e-317 
 2.073 3.295 -2.90438 9.57005e-321 1.55716e+142 1.87111 3.2315 -2.89808 0.185335 0.0761513 0.0738248 1.63 4.202 -2.89808 0 1.97626e-323 3.94481e-317 
 2.055 3.289 -2.90874 9.57005e-321 1.55716e+142 1.82008 3.17788 -2.88056 0.22453 0.266916 0.210801 1.562 4.144 -2.88056 0 1.97626e-323 3.94481e-317 
 1.987 3.251 -2.90713 9.57005e-321 1.55716e+142 1.76445 3.15044 -2.88225 0.211519 0.233873 0.196456 1.508 4.117 -2.88225 0 1.97626e-323 3.94481e-317 
 2.002 3.263 -2.90145 9.57005e-321 1.55716e+142 1.73258 3.15237 -2.89451 0.253567 0.203934 0.143768 1.488 4.122 -2.89451 0 1.97626e-323 3.94481e-317 
 1.98 3.236 -2.89247 9.57005e-321 1.55716e+142 1.71052 3.14553 -2.91514 0.248869 0.100787 0.0727677 1.486 4.12 -2.91514 0 1.97626e-323 3.94481e-317 
 1.966 3.271 -2.87578 9.57005e-321 1.55716e+142 1.70965 3.18065 -2.91911 0.237983 0.0960199 0.0724979 1.489 4.156 -2.91911 0 1.97626e-323 3.94481e-317 
 1.955 3.264 -2.8672 9.57005e-321 1.55716e+142 1.74896 3.21133 -2.91162 0.186505 -0.027308 -0.0263495 1.521 4.185 -2.91162 0 1.97626e-323 3.94481e-317 
 1.952 3.254 -2.85798 9.57005e-321 1.55716e+142 1.77983 3.21923 -2.88702 0.153654 -0.0837818 -0.0978337 1.528 4.187 -2.88702 0 1.97626e-323 3.94481e-317 
 1.932 3.323 -2.85784 9.57005e-321 1.55716e+142 1.8052 3.2235 -2.83879 0.13351 0.351914 0.443003 1.507 4.178 -2.83879 0 1.97626e-323 3.94481e-317 
 1.941 3.287 -2.85306 9.57005e-321 1.55716e+142 1.79777 3.2287 -2.80023 0.135139 0.088781 0.117706 1.463 4.171 -2.80023 0 1.97626e-323 3.94481e-317 
 1.927 3.273 -2.81835 9.57005e-321 1.55716e+142 1.76842 3.19021 -2.77288 0.155448 0.158663 0.181697 1.408 4.123 -2.77288 0 1.97626e-323 3.94481e-317 
 1.874 3.272 -2.80877 9.57005e-321 1.55716e+142 1.73717 3.15732 -2.74837 0.148804 0.362526 0.413272 1.354 4.081 -2.74837 0 1.97626e-323 3.94481e-317 
 1.876 3.234 -2.79253 9.57005e-321 1.55716e+142 1.72168 3.12275 -2.73696 0.162179 0.28771 0.30909 1.328 4.042 -2.73696 0 1.97626e-323 3.94481e-317 
 1.877 3.245 -2.75953 9.57005e-321 1.55716e+142 1.69503 3.10576 -2.7344 0.19575 0.319987 0.286165 1.299 4.024 -2.7344 0 1.97626e-323 3.94481e-317 
 1.844 3.252 -2.7316 9.57005e-321 1.55716e+142 1.67426 3.09629 -2.73306 0.19416 0.392438 0.348931 1.277 4.014 -2.73306 0 1.97626e-323 3.94481e-317 
 1.865 3.223 -2.70001 9.57005e-321 1.55716e+142 1.65541 3.11523 -2.73072 0.206642 0.0403123 0.0351005 1.256 4.032 -2.73072 0 1.97626e-323 3.94481e-317 
 1.812 3.245 -2.66025 9.57005e-321 1.55716e+142 1.6674 3.12165 -2.71979 0.163592 0.235231 0.253265 1.258 4.034 -2.71979 0 1.97626e-323 3.94481e-317 
 1.748 3.251 -2.65491 9.57005e-321 1.55716e+142 1.67509 3.1461 -2.69034 0.101904 0.364996 0.523599 1.239 4.046 -2.69034 0 1.97626e-323 3.94481e-317 
 1.751 3.246 -2.6306 9.57005e-321 1.55716e+142 1.71442 3.17756 -2.65183 0.0586586 0.283175 0.523599 1.244 4.06 -2.65183 0 1.97626e-323 3.94481e-317 
 1.776 3.215 -2.5951 9.57005e-321 1.55716e+142 1.75884 3.19255 -2.60891 0.0231774 0.0744751 0.523599 1.251 4.054 -2.60891 0 1.97626e-323 3.94481e-317 
 1.749 3.237 -2.56822 9.57005e-321 1.55716e+142 1.77421 3.21276 -2.56853 3.57341e-07 0.2627 0.523599 1.232 4.053 -2.56853 0 1.97626e-323 3.94481e-317 
 1.749 3.224 -2.56009 9.57005e-321 1.55716e+142 1.76491 3.2096 -2.53642 4.87995e-07 0.159656 0.523599 1.196 4.032 -2.53642 0 1.97626e-323 3.94481e-317 
 1.739 3.209 -2.53176 9.57005e-321 1.55716e+142 1.75637 3.1666 -2.50883 0.0104632 0.330846 0.523599 1.165 3.973 -2.50883 0 1.97626e-323 3.94481e-317 
 1.75 3.229 -2.5151 9.57005e-321 1.55716e+142 1.7565 3.16322 -2.48616 0.0317881 0.405546 0.523599 1.147 3.956 -2.48616 0 1.97626e-323 3.94481e-317 
 1.749 3.222 -2.48065 9.57005e-321 1.55716e+142 1.71755 3.13357 -2.48231 0.0712535 0.333625 0.523599 1.105 3.924 -2.48231 0 1.97626e-323 3.94481e-317 
 1.743 3.214 -2.4413 9.57005e-321 1.55716e+142 1.70121 3.11242 -2.47767 0.087258 0.325205 0.523599 1.085 3.9 -2.47767 0 1.97626e-323 3.94481e-317 
 1.746 3.217 -2.4094 9.57005e-321 1.55716e+142 1.6983 3.09385 -2.47374 0.105737 0.368981 0.523599 1.079 3.879 -2.47374 0 1.97626e-323 3.94481e-317 
 1.73 3.226 -2.37694 9.57005e-321 1.55716e+142 1.67582 3.07844 -2.46797 0.126968 0.408928 0.523599 1.052 3.86 -2.46797 0 1.97626e-323 3.94481e-317 
 1.71 3.235 -2.34024 9.57005e-321 1.55716e+142 1.67303 3.06001 -2.46386 0.138492 0.549581 0.523599 1.046 3.839 -2.46386 0 1.97626e-323 3.94481e-317 
 1.713 3.226 -2.29975 9.57005e-321 1.55716e+142 1.64537 3.06433 -2.45698 0.147313 0.327047 0.380174 1.013 3.839 -2.45698 0 1.97626e-323 3.94481e-317 
 1.676 3.193 -2.25008 9.57005e-321 1.55716e+142 1.64028 3.07437 -2.45063 0.102136 0.291332 0.474334 1.003 3.845 -2.45063 0 1.97626e-323 3.94481e-317 
 1.691 3.167 -2.21912 9.57005e-321 1.55716e+142 1.64213 3.07747 -2.43647 0.088648 0.0968653 0.194206 0.994 3.839 -2.43647 0 1.97626e-323 3.94481e-317 
 1.673 3.16 -2.19326 9.57005e-321 1.55716e+142 1.64856 3.07366 -2.41334 0.0747 0.200557 0.450175 0.983 3.82 -2.41334 0 1.97626e-323 3.94481e-317 
 1.648 3.171 -2.18541 9.57005e-321 1.55716e+142 1.64258 3.08412 -2.38894 0.0665395 0.304577 0.523599 0.959 3.814 -2.38894 0 1.97626e-323 3.94481e-317 
 1.646 3.153 -2.16353 9.57005e-321 1.55716e+142 1.64196 3.08882 -2.36625 0.0494834 0.224204 0.523599 0.942 3.803 -2.36625 0 1.97626e-323 3.94481e-317 
 1.675 3.147 -2.13339 9.57005e-321 1.55716e+142 1.63673 3.07062 -2.34393 0.0746301 0.0551057 0.132135 0.921 3.769 -2.34393 0 1.97626e-323 3.94481e-317 
 1.677 3.153 -2.11615 9.57005e-321 1.55716e+142 1.6248 3.08934 -2.32356 0.0715849 -0.0768788 -0.190956 0.895 3.773 -2.32356 0 1.97626e-323 3.94481e-317 
 1.654 3.139 -2.11242 9.57005e-321 1.55716e+142 1.61036 3.09011 -2.30351 0.0565876 -0.0830728 -0.258342 0.867 3.759 -2.30351 0 1.97626e-323 3.94481e-317 
 1.648 3.14 -2.11486 9.57005e-321 1.55716e+142 1.61728 3.08157 -2.27631 0.0578094 0.0269052 0.083579 0.856 3.73 -2.27631 0 1.97626e-323 3.94481e-317 
 1.631 3.132 -2.11548 9.57005e-321 1.55716e+142 1.60865 3.0928 -2.24107 0.039565 0.00843122 0.0383388 0.825 3.714 -2.24107 0 1.97626e-323 3.94481e-317 
 1.653 3.126 -2.11475 9.57005e-321 1.55716e+142 1.60649 3.093 -2.21181 0.0462811 -0.157764 -0.523599 0.805 3.691 -2.21181 0 1.97626e-323 3.94481e-317 
 1.665 3.118 -2.11511 9.57005e-321 1.55716e+142 1.6224 3.0632 -2.17949 0.0605176 -0.0546155 -0.161038 0.802 3.635 -2.17949 0 1.97626e-323 3.94481e-317 
 1.667 3.128 -2.11647 9.57005e-321 1.55716e+142 1.61336 3.08082 -2.15098 0.0601324 -0.144574 -0.408431 0.777 3.629 -2.15098 0 1.97626e-323 3.94481e-317 
 1.648 3.122 -2.11783 9.57005e-321 1.55716e+142 1.59956 3.05629 -2.14327 0.0713667 -0.0476426 -0.11959 0.759 3.598 -2.14327 0 1.97626e-323 3.94481e-317 
 1.633 3.117 -2.12116 9.57005e-321 1.55716e+142 1.60719 3.03431 -2.12904 0.0739937 0.140067 0.328395 0.759 3.564 -2.12904 0 1.97626e-323 3.94481e-317 
 1.649 3.099 -2.12109 9.57005e-321 1.55716e+142 1.59105 3.00846 -2.11594 0.0942748 -0.0129808 -0.0247792 0.736 3.527 -2.11594 0 1.97626e-323 3.94481e-317 
 1.651 3.107 -2.1193 9.57005e-321 1.55716e+142 1.56749 2.9875 -2.11123 0.127694 -0.0532689 -0.0749484 0.71 3.502 -2.11123 0 1.97626e-323 3.94481e-317 
 1.64 3.093 -2.11942 9.57005e-321 1.55716e+142 1.56048 2.96115 -2.1093 0.135056 0.00533666 0.0071125 0.702 3.474 -2.1093 0 1.97626e-323 3.94481e-317 
 1.594 3.083 -2.1196 9.57005e-321 1.55716e+142 1.55704 2.94446 -2.10428 0.121671 0.244805 0.347469 0.696 3.453 -2.10428 0 1.97626e-323 3.94481e-317 
 1.582 3.09 -2.11857 9.57005e-321 1.55716e+142 1.53514 2.93004 -2.10013 0.142361 0.250112 0.306287 0.672 3.435 -2.10013 0 1.97626e-323 3.94481e-317 
 1.588 3.11 -2.11271 9.57005e-321 1.55716e+142 1.52769 2.91216 -2.09306 0.177433 0.27215 0.269377 0.661 3.411 -2.09306 0 1.97626e-323 3.94481e-317 
 1.585 3.085 -2.09367 9.57005e-321 1.55716e+142 1.50434 2.87754 -2.08571 0.193634 0.176918 0.163002 0.634 3.37 -2.08571 0 1.97626e-323 3.94481e-317 
 1.593 3.043 -2.06705 9.57005e-321 1.55716e+142 1.51013 2.85292 -2.07383 0.181411 0.0947103 0.0936982 0.634 3.335 -2.07383 0 1.97626e-323 3.94481e-317 
 1.566 3.026 -2.05015 9.57005e-321 1.55716e+142 1.48532 2.84948 -2.06294 0.170076 0.0539429 0.0570285 0.604 3.322 -2.06294 0 1.97626e-323 3.94481e-317 
 1.528 3.034 -2.04154 9.57005e-321 1.55716e+142 1.47321 2.83403 -2.05892 0.17914 0.225633 0.222947 0.59 3.303 -2.05892 0 1.97626e-323 3.94481e-317 
 1.553 2.997 -2.03214 9.57005e-321 1.55716e+142 1.4754 2.83281 -2.04338 0.159269 0.0201596 0.0227797 0.585 3.288 -2.04338 0 1.97626e-323 3.94481e-317 
 1.576 2.947 -2.00926 9.57005e-321 1.55716e+142 1.45894 2.81005 -2.01967 0.153757 -0.270335 -0.306503 0.558 3.244 -2.01967 0 1.97626e-323 3.94481e-317 
 1.56 2.904 -2.00888 9.57005e-321 1.55716e+142 1.45743 2.82734 -1.99726 0.101539 -0.375991 -0.523599 0.547 3.241 -1.99726 0 1.97626e-323 3.94481e-317 
 1.558 2.895 -2.01326 9.57005e-321 1.55716e+142 1.47364 2.82523 -1.97444 0.088501 -0.296615 -0.523599 0.554 3.218 -1.97444 0 1.97626e-323 3.94481e-317 
 1.558 2.888 -2.02591 9.57005e-321 1.55716e+142 1.47971 2.82819 -1.95068 0.0787019 -0.287054 -0.523599 0.551 3.199 -1.95068 0 1.97626e-323 3.94481e-317 
 1.537 2.877 -2.05201 9.57005e-321 1.55716e+142 1.47997 2.80164 -1.93624 0.0819267 -0.101807 -0.220057 0.546 3.159 -1.93624 0 1.97626e-323 3.94481e-317 
 1.543 2.883 -2.07911 9.57005e-321 1.55716e+142 1.47344 2.77486 -1.92638 0.112604 -0.0498061 -0.0794488 0.536 3.123 -1.92638 0 1.97626e-323 3.94481e-317 
 1.534 2.876 -2.08721 9.57005e-321 1.55716e+142 1.45031 2.7562 -1.92389 0.12775 -0.081063 -0.113725 0.512 3.102 -1.92389 0 1.97626e-323 3.94481e-317 
 1.521 2.919 -2.09184 9.57005e-321 1.55716e+142 1.43778 2.75148 -1.92252 0.16385 0.0622747 0.0683063 0.499 3.096 -1.92252 0 1.97626e-323 3.94481e-317 
 1.488 2.882 -2.09721 9.57005e-321 1.55716e+142 1.44109 2.72547 -1.90978 0.140301 0.220964 0.276239 0.498 3.058 -1.90978 0 1.97626e-323 3.94481e-317 
 1.503 2.863 -2.09586 9.57005e-321 1.55716e+142 1.44243 2.715 -1.89336 0.139266 0.126687 0.162302 0.494 3.032 -1.89336 0 1.97626e-323 3.94481e-317 
 1.48 2.872 -2.09357 9.57005e-321 1.55716e+142 1.43944 2.70116 -1.88372 0.149159 0.285782 0.3321 0.488 3.009 -1.88372 0 1.97626e-323 3.94481e-317 
 1.492 2.866 -2.08934 9.57005e-321 1.55716e+142 1.42721 2.69187 -1.87457 0.161365 0.167477 0.184688 0.473 2.991 -1.87457 0 1.97626e-323 3.94481e-317 
 1.502 2.85 -2.07419 9.57005e-321 1.55716e+142 1.41464 2.68204 -1.8629 0.16603 0.0249166 0.0270065 0.457 2.97 -1.8629 0 1.97626e-323 3.94481e-317 
 1.448 2.842 -2.06039 9.57005e-321 1.55716e+142 1.40698 2.67288 -1.84744 0.149003 0.247144 0.290133 0.445 2.946 -1.84744 0 1.97626e-323 3.94481e-317 
 1.483 2.824 -2.05222 9.57005e-321 1.55716e+142 1.40975 2.65209 -1.82545 0.163531 0.0815746 0.0895498 0.442 2.904 -1.82545 0 1.97626e-323 3.94481e-317 
 1.444 2.786 -2.02669 9.57005e-321 1.55716e+142 1.42151 2.63135 -1.80148 0.131949 0.282021 0.367266 0.448 2.86 -1.80148 0 1.97626e-323 3.94481e-317 
 1.457 2.781 -2.01468 9.57005e-321 1.55716e+142 1.406 2.61974 -1.78571 0.14729 0.132884 0.160989 0.429 2.833 -1.78571 0 1.97626e-323 3.94481e-317 
 1.442 2.751 -1.98465 9.57005e-321 1.55716e+142 1.4156 2.59125 -1.77803 0.138625 0.233192 0.294016 0.437 2.797 -1.77803 0 1.97626e-323 3.94481e-317 
 1.429 2.745 -1.96919 9.57005e-321 1.55716e+142 1.42425 2.59228 -1.76473 0.127029 0.325894 0.432617 0.443 2.785 -1.76473 0 1.97626e-323 3.94481e-317 
 1.446 2.732 -1.94411 9.57005e-321 1.55716e+142 1.42759 2.5682 -1.75768 0.140812 0.246754 0.305549 0.445 2.754 -1.75768 0 1.97626e-323 3.94481e-317 
 1.453 2.721 -1.91245 9.57005e-321 1.55716e+142 1.42217 2.54532 -1.75451 0.154795 0.168363 0.193332 0.439 2.728 -1.75451 0 1.97626e-323 3.94481e-317 
 1.427 2.672 -1.8889 9.57005e-321 1.55716e+142 1.41474 2.5214 -1.75138 0.129648 0.209958 0.283641 0.431 2.701 -1.75138 0 1.97626e-323 3.94481e-317 
 1.409 2.69 -1.8719 9.57005e-321 1.55716e+142 1.39465 2.50092 -1.75186 0.163201 0.235295 0.253913 0.411 2.681 -1.75186 0 1.97626e-323 3.94481e-317 
 1.437 2.707 -1.84941 9.57005e-321 1.55716e+142 1.39939 2.47101 -1.7477 0.208538 0.146768 0.126011 0.415 2.647 -1.7477 0 1.97626e-323 3.94481e-317 
 1.416 2.678 -1.82835 9.57005e-321 1.55716e+142 1.41019 2.4494 -1.73717 0.196755 0.274133 0.245721 0.424 2.615 -1.73717 0 1.97626e-323 3.94481e-317 
 1.428 2.634 -1.81508 9.57005e-321 1.55716e+142 1.42236 2.42389 -1.7235 0.18121 0.243367 0.237191 0.434 2.576 -1.7235 0 1.97626e-323 3.94481e-317 
 1.439 2.65 -1.78789 9.57005e-321 1.55716e+142 1.41627 2.4099 -1.71742 0.210431 0.1502 0.127779 0.427 2.556 -1.71742 0 1.97626e-323 3.94481e-317 
 1.393 2.604 -1.76398 9.57005e-321 1.55716e+142 1.41704 2.37535 -1.71899 0.19534 0.352028 0.313675 0.428 2.523 -1.71899 0 1.97626e-323 3.94481e-317 
 1.389 2.612 -1.74701 9.57005e-321 1.55716e+142 1.43118 2.34832 -1.71801 0.225275 0.432256 0.332555 0.442 2.495 -1.71801 0 1.97626e-323 3.94481e-317 
 1.392 2.582 -1.70988 9.57005e-321 1.55716e+142 1.43006 2.32648 -1.71886 0.220188 0.364144 0.289329 0.441 2.474 -1.71886 0 1.97626e-323 3.94481e-317 
 1.406 2.529 -1.66798 9.57005e-321 1.55716e+142 1.42388 2.30225 -1.7201 0.19732 0.207323 0.186917 0.435 2.451 -1.7201 0 1.97626e-323 3.94481e-317 
 1.377 2.503 -1.63174 9.57005e-321 1.55716e+142 1.41881 2.26183 -1.72053 0.210651 0.286437 0.24004 0.43 2.411 -1.72053 0 1.97626e-323 3.94481e-317 
 1.375 2.518 -1.61081 9.57005e-321 1.55716e+142 1.40693 2.22662 -1.71972 0.255205 0.20421 0.143049 0.418 2.375 -1.71972 0 1.97626e-323 3.94481e-317 
 1.395 2.497 -1.58167 9.57005e-321 1.55716e+142 1.3943 2.1991 -1.71722 0.261298 0.011783 0.00811676 0.405 2.345 -1.71722 0 1.97626e-323 3.94481e-317 
 1.412 2.441 -1.56665 9.57005e-321 1.55716e+142 1.39483 2.16878 -1.7135 0.23889 -0.0884009 -0.0665104 0.405 2.311 -1.7135 0 1.97626e-323 3.94481e-317 
 1.41 2.426 -1.56504 9.57005e-321 1.55716e+142 1.39651 2.15356 -1.70867 0.239018 -0.0727495 -0.0547317 0.406 2.291 -1.70867 0 1.97626e-323 3.94481e-317 
 1.391 2.404 -1.56596 9.57005e-321 1.55716e+142 1.41414 2.13586 -1.69626 0.235542 0.106182 0.0809662 0.422 2.261 -1.69626 0 1.97626e-323 3.94481e-317 
 1.392 2.342 -1.56586 9.57005e-321 1.55716e+142 1.41051 2.14137 -1.66557 0.176244 0.0950652 0.0967877 0.415 2.236 -1.66557 0 1.97626e-323 3.94481e-317 
 1.371 2.327 -1.56373 9.57005e-321 1.55716e+142 1.41561 2.14597 -1.63988 0.1602 0.241975 0.265465 0.418 2.215 -1.63988 0 1.97626e-323 3.94481e-317 
 1.385 2.342 -1.55809 9.57005e-321 1.55716e+142 1.41517 2.14231 -1.61149 0.175925 0.149941 0.152228 0.416 2.183 -1.61149 0 1.97626e-323 3.94481e-317 
 1.401 2.335 -1.54012 9.57005e-321 1.55716e+142 1.41895 2.13036 -1.58044 0.179981 0.0628749 0.0627991 0.419 2.14 -1.58044 0 1.97626e-323 3.94481e-317 
 1.379 2.304 -1.52663 9.57005e-321 1.55716e+142 1.43588 2.13672 -1.55508 0.150296 0.281104 0.324742 0.436 2.121 -1.55508 0 1.97626e-323 3.94481e-317 
 1.397 2.263 -1.51448 9.57005e-321 1.55716e+142 1.43427 2.13329 -1.5325 0.116028 0.181823 0.274929 0.435 2.095 -1.5325 0 1.97626e-323 3.94481e-317 
 1.436 2.24 -1.48505 9.57005e-321 1.55716e+142 1.43267 2.10361 -1.51916 0.11909 -0.0907424 -0.136303 0.434 2.052 -1.51916 0 1.97626e-323 3.94481e-317 
 1.439 2.255 -1.4734 9.57005e-321 1.55716e+142 1.43645 2.06244 -1.4993 0.168159 -0.11715 -0.124748 0.439 1.991 -1.4993 0 1.97626e-323 3.94481e-317 
 1.418 2.238 -1.47516 9.57005e-321 1.55716e+142 1.45061 2.05861 -1.47705 0.159505 0.0858512 0.0965808 0.455 1.965 -1.47705 0 1.97626e-323 3.94481e-317 
 1.419 2.213 -1.47589 9.57005e-321 1.55716e+142 1.45043 2.06846 -1.45609 0.129027 0.104383 0.144604 0.457 1.954 -1.45609 0 1.97626e-323 3.94481e-317 
 1.422 2.183 -1.47428 9.57005e-321 1.55716e+142 1.46379 2.06344 -1.43494 0.108527 0.185451 0.298401 0.473 1.928 -1.43494 0 1.97626e-323 3.94481e-317 
 1.435 2.157 -1.46785 9.57005e-321 1.55716e+142 1.46491 2.05206 -1.41511 0.0945071 0.120211 0.225077 0.477 1.897 -1.41511 0 1.97626e-323 3.94481e-317 
 1.435 2.162 -1.45229 9.57005e-321 1.55716e+142 1.47582 2.03078 -1.40222 0.11894 0.151345 0.225158 0.49 1.863 -1.40222 0 1.97626e-323 3.94481e-317 
 1.413 2.156 -1.43927 9.57005e-321 1.55716e+142 1.4839 2.02171 -1.39112 0.126725 0.313128 0.418492 0.5 1.843 -1.39112 0 1.97626e-323 3.94481e-317 
 1.422 2.136 -1.42427 9.57005e-321 1.55716e+142 1.49063 2.00577 -1.37885 0.123355 0.292583 0.403511 0.509 1.815 -1.37885 0 1.97626e-323 3.94481e-317 
 1.428 2.11 -1.39355 9.57005e-321 1.55716e+142 1.50782 1.9869 -1.36954 0.120747 0.341669 0.471085 0.528 1.787 -1.36954 0 1.97626e-323 3.94481e-317 
 1.42 2.085 -1.36414 9.57005e-321 1.55716e+142 1.51296 1.99206 -1.36529 0.100046 0.448309 0.523599 0.534 1.788 -1.36529 0 1.97626e-323 3.94481e-317 
 1.389 2.104 -1.32858 9.57005e-321 1.55716e+142 1.52421 1.9796 -1.36168 0.140784 0.582281 0.523599 0.546 1.772 -1.36168 0 1.97626e-323 3.94481e-317 
 1.421 2.098 -1.28313 9.57005e-321 1.55716e+142 1.53039 1.94544 -1.35774 0.157839 0.34492 0.374758 0.553 1.734 -1.35774 0 1.97626e-323 3.94481e-317 
 1.434 2.084 -1.23276 9.57005e-321 1.55716e+142 1.52607 1.92092 -1.35623 0.162379 0.182412 0.199517 0.549 1.708 -1.35623 0 1.97626e-323 3.94481e-317 
 1.444 2.078 -1.19983 9.57005e-321 1.55716e+142 1.50935 1.92121 -1.35286 0.14896 0.0232237 0.0280557 0.533 1.705 -1.35286 0 1.97626e-323 3.94481e-317 
 1.423 2.078 -1.18705 9.57005e-321 1.55716e+142 1.50747 1.90952 -1.34435 0.164913 0.0845183 0.0919899 0.533 1.685 -1.34435 0 1.97626e-323 3.94481e-317 
 1.442 2.047 -1.18507 9.57005e-321 1.55716e+142 1.50636 1.91841 -1.3146 0.12583 0.067187 0.095817 0.539 1.665 -1.3146 0 1.97626e-323 3.94481e-317 
 1.432 2.026 -1.17791 9.57005e-321 1.55716e+142 1.50426 1.91454 -1.28436 0.114971 0.14673 0.225806 0.545 1.632 -1.28436 0 1.97626e-323 3.94481e-317 
 1.407 2.013 -1.17135 9.57005e-321 1.55716e+142 1.50244 1.90283 -1.25788 0.12291 0.270156 0.376742 0.551 1.595 -1.25788 0 1.97626e-323 3.94481e-317 
 1.411 2.016 -1.15333 9.57005e-321 1.55716e+142 1.5072 1.90506 -1.22913 0.12437 0.256747 0.355776 0.565 1.57 -1.22913 0 1.97626e-323 3.94481e-317 
 1.443 1.996 -1.12518 9.57005e-321 1.55716e+142 1.51605 1.89634 -1.20002 0.106852 0.142112 0.234975 0.584 1.534 -1.20002 0 1.97626e-323 3.94481e-317 
 1.451 1.959 -1.10146 9.57005e-321 1.55716e+142 1.53997 1.88327 -1.17313 0.0959494 0.284467 0.490209 0.618 1.496 -1.17313 0 1.97626e-323 3.94481e-317 
 1.453 1.932 -1.08889 9.57005e-321 1.55716e+142 1.55153 1.86577 -1.15188 0.0937564 0.35808 0.523599 0.638 1.459 -1.15188 0 1.97626e-323 3.94481e-317 
 1.453 1.915 -1.0583 9.57005e-321 1.55716e+142 1.55445 1.84798 -1.13957 0.0969942 0.349308 0.523599 0.646 1.43 -1.13957 0 1.97626e-323 3.94481e-317 
 1.425 1.931 -1.02198 9.57005e-321 1.55716e+142 1.56601 1.84771 -1.12441 0.130627 0.451869 0.523599 0.664 1.416 -1.12441 0 1.97626e-323 3.94481e-317 
 1.439 1.9 -0.985506 9.57005e-321 1.55716e+142 1.5624 1.84626 -1.10709 0.102717 0.453802 0.523599 0.668 1.399 -1.10709 0 1.97626e-323 3.94481e-317 
 1.412 1.888 -0.941662 9.57005e-321 1.55716e+142 1.5764 1.82007 -1.09385 0.138445 0.536919 0.523599 0.688 1.361 -1.09385 0 1.97626e-323 3.94481e-317 
 1.422 1.872 -0.894236 9.57005e-321 1.55716e+142 1.58546 1.80839 -1.08106 0.138094 0.507038 0.523599 0.703 1.338 -1.08106 0 1.97626e-323 3.94481e-317 
 1.478 1.862 -0.839866 9.57005e-321 1.55716e+142 1.58722 1.78454 -1.06382 0.115124 0.180312 0.274791 0.713 1.299 -1.06382 0 1.97626e-323 3.94481e-317 
 1.465 1.861 -0.793087 9.57005e-321 1.55716e+142 1.60915 1.78451 -1.04545 0.138041 0.28544 0.356314 0.744 1.283 -1.04545 0 1.97626e-323 3.94481e-317 
 1.5 1.835 -0.77805 9.57005e-321 1.55716e+142 1.60368 1.7855 -1.02686 0.0962242 0.236741 0.416896 0.748 1.268 -1.02686 0 1.97626e-323 3.94481e-317 
 1.516 1.881 -0.749429 9.57005e-321 1.55716e+142 1.61206 1.7829 -1.01232 0.120331 -0.0385049 -0.0575348 0.764 1.253 -1.01232 0 1.97626e-323 3.94481e-317 
 1.522 1.854 -0.728877 9.57005e-321 1.55716e+142 1.6204 1.77496 -0.998028 0.110589 0.0404835 0.0657979 0.78 1.233 -0.998028 0 1.97626e-323 3.94481e-317 
 1.508 1.832 -0.730908 9.57005e-321 1.55716e+142 1.63991 1.7569 -0.986153 0.130786 0.189943 0.255694 0.806 1.205 -0.986153 0 1.97626e-323 3.94481e-317 
 1.515 1.836 -0.729029 9.57005e-321 1.55716e+142 1.63902 1.7447 -0.975565 0.134615 0.0852704 0.113528 0.811 1.184 -0.975565 0 1.97626e-323 3.94481e-317 
 1.5 1.81 -0.714708 9.57005e-321 1.55716e+142 1.65713 1.72731 -0.965135 0.152643 0.229584 0.264392 0.835 1.158 -0.965135 0 1.97626e-323 3.94481e-317 
 1.527 1.819 -0.706332 9.57005e-321 1.55716e+142 1.6643 1.70004 -0.953246 0.159346 -0.00775944 -0.008765 0.849 1.121 -0.953246 0 1.97626e-323 3.94481e-317 
 1.562 1.839 -0.68662 9.57005e-321 1.55716e+142 1.6672 1.69728 -0.939389 0.1513 -0.24372 -0.282211 0.86 1.107 -0.939389 0 1.97626e-323 3.94481e-317 
 1.585 1.844 -0.687763 9.57005e-321 1.55716e+142 1.66403 1.67894 -0.922359 0.149151 -0.439273 -0.487457 0.867 1.075 -0.922359 0 1.97626e-323 3.94481e-317 
 1.598 1.807 -0.692864 9.57005e-321 1.55716e+142 1.64622 1.67549 -0.901434 0.109539 -0.431161 -0.523599 0.862 1.055 -0.901434 0 1.97626e-323 3.94481e-317 
 1.576 1.789 -0.719326 9.57005e-321 1.55716e+142 1.62714 1.69041 -0.866618 0.0918695 -0.257413 -0.467121 0.865 1.043 -0.866618 0 1.97626e-323 3.94481e-317 
 1.553 1.747 -0.758552 9.57005e-321 1.55716e+142 1.60988 1.70727 -0.824022 0.0602642 0.0696891 0.20522 0.876 1.028 -0.824022 0 1.97626e-323 3.94481e-317 
 1.57 1.718 -0.779692 9.57005e-321 1.55716e+142 1.59621 1.728 -0.784128 0.0107205 0.189418 0.523599 0.89 1.02 -0.784128 0 1.97626e-323 3.94481e-317 
 1.595 1.723 -0.775813 9.57005e-321 1.55716e+142 1.59443 1.73788 -0.749718 2.15353e-07 0.0801822 0.523599 0.913 1.006 -0.749718 0 1.97626e-323 3.94481e-317 
 1.629 1.756 -0.77291 9.57005e-321 1.55716e+142 1.61299 1.73651 -0.723471 0.00241627 -0.189207 -0.523599 0.951 0.987 -0.723471 0 1.97626e-323 3.94481e-317 
 1.604 1.763 -0.773354 9.57005e-321 1.55716e+142 1.63182 1.73279 -0.704719 0.0359732 -0.0154611 -0.0772096 0.984 0.971 -0.704719 0 1.97626e-323 3.94481e-317 
 1.615 1.752 -0.775082 9.57005e-321 1.55716e+142 1.64949 1.72546 -0.699044 0.0379224 0.0365178 0.171628 1.006 0.96 -0.699044 0 1.97626e-323 3.94481e-317 
 1.623 1.738 -0.77428 9.57005e-321 1.55716e+142 1.67241 1.6932 -0.696329 0.0584621 0.0171006 0.0526028 1.031 0.926 -0.696329 0 1.97626e-323 3.94481e-317 
 1.63 1.766 -0.773635 9.57005e-321 1.55716e+142 1.68445 1.67 -0.695088 0.0936622 -0.19434 -0.35744 1.044 0.902 -0.695088 0 1.97626e-323 3.94481e-317 
 1.627 1.755 -0.77562 9.57005e-321 1.55716e+142 1.6911 1.66196 -0.692025 0.0976061 -0.135815 -0.245414 1.053 0.892 -0.692025 0 1.97626e-323 3.94481e-317 
 1.605 1.741 -0.784737 9.57005e-321 1.55716e+142 1.70302 1.65076 -0.68287 0.116788 0.0329266 0.0507049 1.072 0.875 -0.68287 0 1.97626e-323 3.94481e-317 
 1.615 1.738 -0.792963 9.57005e-321 1.55716e+142 1.71797 1.63942 -0.667429 0.124998 0.0249955 0.0359786 1.099 0.854 -0.667429 0 1.97626e-323 3.94481e-317 
 1.661 1.725 -0.792441 9.57005e-321 1.55716e+142 1.75389 1.64726 -0.654656 0.105853 0.0717158 0.121352 1.145 0.854 -0.654656 0 1.97626e-323 3.94481e-317 
 1.678 1.746 -0.791998 9.57005e-321 1.55716e+142 1.77162 1.65603 -0.641781 0.113861 0.0210251 0.0332258 1.173 0.855 -0.641781 0 1.97626e-323 3.94481e-317 
 1.674 1.749 -0.791344 9.57005e-321 1.55716e+142 1.79116 1.63988 -0.643701 0.140344 0.0385522 0.0494055 1.191 0.84 -0.643701 0 1.97626e-323 3.94481e-317 
 1.651 1.713 -0.791748 9.57005e-321 1.55716e+142 1.81989 1.61982 -0.647121 0.164036 0.302986 0.320975 1.217 0.822 -0.647121 0 1.97626e-323 3.94481e-317 
 1.676 1.667 -0.78762 9.57005e-321 1.55716e+142 1.83967 1.60196 -0.651862 0.144774 0.401733 0.463232 1.233 0.807 -0.651862 0 1.97626e-323 3.94481e-317 
 1.685 1.673 -0.775698 9.57005e-321 1.55716e+142 1.86623 1.58157 -0.663948 0.171886 0.335994 0.338327 1.25 0.794 -0.663948 0 1.97626e-323 3.94481e-317 
 1.7 1.681 -0.738566 9.57005e-321 1.55716e+142 1.89761 1.55412 -0.669519 0.203944 0.201834 0.176288 1.277 0.77 -0.669519 0 1.97626e-323 3.94481e-317 
 1.685 1.68 -0.707009 9.57005e-321 1.55716e+142 1.92901 1.54121 -0.672591 0.243246 0.253569 0.185482 1.306 0.759 -0.672591 0 1.97626e-323 3.94481e-317 
 1.718 1.675 -0.68833 9.57005e-321 1.55716e+142 1.96459 1.52475 -0.673327 0.251598 0.191623 0.136243 1.341 0.743 -0.673327 0 1.97626e-323 3.94481e-317 
 1.786 1.68 -0.662757 9.57005e-321 1.55716e+142 1.98476 1.50961 -0.673547 0.22947 -0.0590842 -0.0463136 1.361 0.728 -0.673547 0 1.97626e-323 3.94481e-317 
 1.783 1.663 -0.648906 9.57005e-321 1.55716e+142 1.98489 1.49651 -0.673712 0.229406 -0.0523337 -0.0410398 1.361 0.715 -0.673712 0 1.97626e-323 3.94481e-317 
 1.791 1.629 -0.650565 9.57005e-321 1.55716e+142 1.99982 1.45636 -0.672346 0.237528 -0.0528288 -0.0400126 1.377 0.674 -0.672346 0 1.97626e-323 3.94481e-317 
 1.838 1.631 -0.650395 9.57005e-321 1.55716e+142 2.02261 1.43691 -0.668243 0.232904 -0.208287 -0.159605 1.403 0.652 -0.668243 0 1.97626e-323 3.94481e-317 
 1.837 1.578 -0.650547 9.57005e-321 1.55716e+142 2.03462 1.43503 -0.646775 0.213903 0.0299136 0.0251671 1.432 0.637 -0.646775 0 1.97626e-323 3.94481e-317 
 1.872 1.575 -0.651861 9.57005e-321 1.55716e+142 2.02528 1.45236 -0.610501 0.172153 -0.0246324 -0.0257494 1.452 0.633 -0.610501 0 1.97626e-323 3.94481e-317 
 1.884 1.565 -0.650863 9.57005e-321 1.55716e+142 2.0488 1.47122 -0.574958 0.165224 0.13975 0.151088 1.505 0.632 -0.574958 0 1.97626e-323 3.94481e-317 
 1.904 1.57 -0.650901 9.57005e-321 1.55716e+142 2.06592 1.47491 -0.554978 0.163832 0.124746 0.136208 1.539 0.625 -0.554978 0 1.97626e-323 3.94481e-317 
 1.906 1.554 -0.648344 9.57005e-321 1.55716e+142 2.08319 1.46066 -0.545906 0.173954 0.177505 0.18165 1.564 0.606 -0.545906 0 1.97626e-323 3.94481e-317 
 1.915 1.536 -0.642089 9.57005e-321 1.55716e+142 2.10781 1.4487 -0.541953 0.182497 0.243895 0.236072 1.592 0.592 -0.541953 0 1.97626e-323 3.94481e-317 
 1.948 1.525 -0.625634 9.57005e-321 1.55716e+142 2.12329 1.4466 -0.534356 0.165818 0.216083 0.230399 1.614 0.586 -0.534356 0 1.97626e-323 3.94481e-317 
 1.929 1.494 -0.601275 9.57005e-321 1.55716e+142 2.13245 1.44134 -0.522968 0.176281 0.387091 0.376411 1.633 0.575 -0.522968 0 1.97626e-323 3.94481e-317 
 1.963 1.489 -0.58037 9.57005e-321 1.55716e+142 2.15149 1.44057 -0.510359 0.16392 0.347822 0.364843 1.663 0.568 -0.510359 0 1.97626e-323 3.94481e-317 
 1.98 1.469 -0.541523 9.57005e-321 1.55716e+142 2.15835 1.43217 -0.498775 0.15294 0.341139 0.381796 1.68 0.554 -0.498775 0 1.97626e-323 3.94481e-317 
 2.011 1.489 -0.506246 9.57005e-321 1.55716e+142 2.17678 1.43378 -0.489047 0.1513 0.182419 0.213709 1.707 0.551 -0.489047 0 1.97626e-323 3.94481e-317 
 2.023 1.49 -0.472421 9.57005e-321 1.55716e+142 2.2042 1.42378 -0.48047 0.168288 0.129303 0.137431 1.742 0.537 -0.48047 0 1.97626e-323 3.94481e-317 
 2.047 1.449 -0.456862 9.57005e-321 1.55716e+142 2.21431 1.40886 -0.469352 0.14812 0.215959 0.256653 1.762 0.517 -0.469352 0 1.97626e-323 3.94481e-317 
 2.036 1.447 -0.443954 9.57005e-321 1.55716e+142 2.23948 1.39876 -0.456139 0.180473 0.235606 0.230801 1.799 0.501 -0.456139 0 1.97626e-323 3.94481e-317 
 2.051 1.492 -0.420855 9.57005e-321 1.55716e+142 2.24149 1.39843 -0.438397 0.18607 -0.0403801 -0.0390429 1.817 0.493 -0.438397 0 1.97626e-323 3.94481e-317 
 2.083 1.465 -0.398181 9.57005e-321 1.55716e+142 2.24658 1.3975 -0.416519 0.155216 0.00683327 0.0079242 1.842 0.483 -0.416519 0 1.97626e-323 3.94481e-317 
 2.07 1.445 -0.399293 9.57005e-321 1.55716e+142 2.23608 1.39695 -0.389882 0.150856 0.115543 0.137002 1.856 0.472 -0.389882 0 1.97626e-323 3.94481e-317 
 2.096 1.46 -0.397672 9.57005e-321 1.55716e+142 2.24471 1.39906 -0.36796 0.140966 0.00818562 0.0104519 1.885 0.466 -0.36796 0 1.97626e-323 3.94481e-317 
 2.091 1.438 -0.389831 9.57005e-321 1.55716e+142 2.27179 1.40658 -0.343508 0.158113 0.222305 0.247874 1.935 0.465 -0.343508 0 1.97626e-323 3.94481e-317 
 2.099 1.407 -0.386805 9.57005e-321 1.55716e+142 2.26826 1.41434 -0.322834 0.13821 0.409894 0.490346 1.951 0.466 -0.322834 0 1.97626e-323 3.94481e-317 
 2.102 1.401 -0.35957 9.57005e-321 1.55716e+142 2.29437 1.42091 -0.311382 0.156314 0.482894 0.50749 1.988 0.469 -0.311382 0 1.97626e-323 3.94481e-317 
 2.145 1.404 -0.317376 9.57005e-321 1.55716e+142 2.33294 1.41796 -0.304626 0.155935 0.403468 0.435862 2.033 0.464 -0.304626 0 1.97626e-323 3.94481e-317 
 2.12 1.362 -0.270212 9.57005e-321 1.55716e+142 2.36374 1.41871 -0.291868 0.200633 0.613221 0.502965 2.076 0.461 -0.291868 0 1.97626e-323 3.94481e-317 
 2.123 1.379 -0.229244 9.57005e-321 1.55716e+142 2.37101 1.41563 -0.292153 0.209156 0.466462 0.381746 2.083 0.458 -0.292153 0 1.97626e-323 3.94481e-317 
 2.176 1.39 -0.174483 9.57005e-321 1.55716e+142 2.3776 1.41975 -0.291723 0.172053 0.350351 0.351328 2.09 0.462 -0.291723 0 1.97626e-323 3.94481e-317 
 2.194 1.388 -0.12788 9.57005e-321 1.55716e+142 2.3847 1.42572 -0.291823 0.163966 0.34163 0.358803 2.097 0.468 -0.291823 0 1.97626e-323 3.94481e-317 
 2.211 1.346 -0.0927622 9.57005e-321 1.55716e+142 2.38977 1.4307 -0.291898 0.155401 0.563755 0.523599 2.102 0.473 -0.291898 0 1.97626e-323 3.94481e-317 
 2.239 1.372 -0.0565735 9.57005e-321 1.55716e+142 2.38981 1.42869 -0.291942 0.131972 0.382645 0.481014 2.102 0.471 -0.291942 0 1.97626e-323 3.94481e-317 
 2.262 1.413 -0.00772636 9.57005e-321 1.55716e+142 2.38169 1.43472 -0.291816 0.105186 0.14064 0.236179 2.094 0.477 -0.291816 0 1.97626e-323 3.94481e-317 
 2.3 1.43 -0.00626592 9.57005e-321 1.55716e+142 2.36987 1.44067 -0.292007 0.061323 0.0750243 0.216757 2.082 0.483 -0.292007 0 1.97626e-323 3.94481e-317 
 2.295 1.425 -0.00596416 9.57005e-321 1.55716e+142 2.36991 1.44666 -0.292047 0.0659569 0.147928 0.383695 2.082 0.489 -0.292047 0 1.97626e-323 3.94481e-317 
 2.285 1.41 -0.00738675 9.57005e-321 1.55716e+142 2.37175 1.44271 -0.291873 0.0766779 0.218486 0.473908 2.084 0.485 -0.291873 0 1.97626e-323 3.94481e-317 
 2.294 1.421 -0.00693538 9.57005e-321 1.55716e+142 2.37593 1.44765 -0.292069 0.0722451 0.179933 0.421444 2.088 0.49 -0.292069 0 1.97626e-323 3.94481e-317 
 2.304 1.417 -0.00724029 9.57005e-321 1.55716e+142 2.37891 1.44466 -0.292046 0.066119 0.188581 0.474299 2.091 0.487 -0.292046 0 1.97626e-323 3.94481e-317 
 2.286 1.394 -0.00721966 9.57005e-321 1.55716e+142 2.37796 1.44664 -0.292093 0.0823439 0.344696 0.523599 2.09 0.489 -0.292093 0 1.97626e-323 3.94481e-317 
 2.268 1.386 -0.00720069 9.57005e-321 1.55716e+142 2.37599 1.43463 -0.292132 0.0961042 0.311429 0.523599 2.088 0.477 -0.292132 0 1.97626e-323 3.94481e-317 
 2.282 1.418 -0.00704592 9.57005e-321 1.55716e+142 2.37103 1.44362 -0.292174 0.0784322 0.171496 0.374959 2.083 0.486 -0.292174 0 1.97626e-323 3.94481e-317 
 2.284 1.395 -0.00710158 9.57005e-321 1.55716e+142 2.36806 1.44761 -0.292205 0.075449 0.348573 0.523599 2.08 0.49 -0.292205 0 1.97626e-323 3.94481e-317 
 2.282 1.4 -0.00701632 9.57005e-321 1.55716e+142 2.36508 1.44761 -0.292217 0.0742556 0.316645 0.523599 2.077 0.49 -0.292217 0 1.97626e-323 3.94481e-317 
 2.264 1.428 -0.00700114 9.57005e-321 1.55716e+142 2.35803 1.44662 -0.292167 0.0826253 0.125027 0.265922 2.07 0.489 -0.292167 0 1.97626e-323 3.94481e-317 
