 1 1 1.12333 9.57005e-321 1.55716e+142 0.8734 1.0957 0.9182 0 0 0 1.939 0.391 3.21143e-322 0 1.97626e-323 5.70755e-317 
 1 1 1.12333 9.57005e-321 1.55716e+142 0.8734 1.0957 0.9182 0.261238 1.25369 0.523599 1.94 0.391 3.21143e-322 0 1.97626e-323 5.70755e-317 
 1 1 1.12333 9.57005e-321 1.55716e+142 0.8734 1.0957 0.9182 0.261115 1.25234 0.523599 1.941 0.391 3.21143e-322 0 1.97626e-323 5.70755e-317 
 1 1 1.16897 9.57005e-321 1.55716e+142 0.8734 1.0957 0.9182 0.265944 1.17868 0.523599 1.942 0.391 3.21143e-322 0 1.97626e-323 5.70755e-317 
 1 1 1.28716 9.57005e-321 1.55716e+142 0.8734 1.0957 0.9182 0.276012 0.983011 0.523599 1.944 0.39 3.21143e-322 0 1.97626e-323 5.70755e-317 
 1 1 1.40174 9.57005e-321 1.55716e+142 0.8734 1.0957 0.9182 0.285535 0.829811 0.481963 1.937 0.419 3.21143e-322 0 1.97626e-323 5.70755e-317 
 1 1 1.49581 9.57005e-321 1.55716e+142 0.8734 1.0957 0.9182 0.289474 0.68311 0.401675 1.941 0.437 3.21143e-322 0 1.97626e-323 5.70755e-317 
 1 1 1.57535 9.57005e-321 1.55716e+142 0.8734 1.0957 0.9182 0.301403 0.615762 0.352389 1.898 0.457 3.21143e-322 0 1.97626e-323 5.70755e-317 
 1 1 1.64535 9.57005e-321 1.55716e+142 0.8734 1.0957 0.9182 0.302748 0.497326 0.287496 1.896 0.46 3.21143e-322 0 1.97626e-323 5.70755e-317 
 1 1 1.70577 9.57005e-321 1.55716e+142 0.8734 1.0957 0.9182 0.303257 0.396695 0.231249 1.894 0.464 3.21143e-322 0 1.97626e-323 5.70755e-317 
 1 1 1.75201 9.57005e-321 1.55716e+142 0.8734 1.0957 0.9182 0.303318 0.336541 0.197122 1.9 0.49 3.21143e-322 0 1.97626e-323 5.70755e-317 
 1 1 1.79147 9.57005e-321 1.55716e+142 0.8734 1.0957 0.9182 0.302979 0.272046 0.160237 1.899 0.494 3.21143e-322 0 1.97626e-323 5.70755e-317 
 1 1 1.824 9.57005e-321 1.55716e+142 0.8734 1.0957 0.9182 0.310112 0.263829 0.151955 1.878 0.521 3.21143e-322 0 1.97626e-323 5.70755e-317 
 0.746 0.962 1.85148 9.57005e-321 1.55716e+142 0.8734 1.0957 0.9182 0.261875 -1.40169 -0.523599 1.851 0.54 3.21143e-322 0 1.97626e-323 5.70755e-317 
 0.464 0.943 1.87747 9.57005e-321 1.55716e+142 0.7862 0.9815 0.9187 0.15419 -2.62359 -0.523599 1.869 0.549 3.21143e-322 0 1.97626e-323 5.70755e-317 
 0.433 0.98 1.82233 9.57005e-321 1.55716e+142 0.6596 0.8157 0.9181 1.5358e-07 -2.13089 -0.523599 1.846 0.583 3.21143e-322 0 1.97626e-323 5.70755e-317 
 0.399 0.991 1.6484 9.57005e-321 1.55716e+142 0.6504 0.8038 0.9179 0.0220637 -2.2858 -0.523599 1.843 0.591 3.21143e-322 0 1.97626e-323 5.70755e-317 
 0.343 1.022 1.45327 9.57005e-321 1.55716e+142 0.6504 0.8038 0.9179 0.0880527 -2.40165 -0.523599 1.744 0.594 3.21143e-322 0 1.97626e-323 5.70755e-317 
 0.32 1.024 1.25648 9.57005e-321 1.55716e+142 0.6504 0.8038 0.9179 0.175428 -2.32362 -0.523599 1.736 0.6 3.21143e-322 0 1.97626e-323 5.70755e-317 
 0.34 1.065 1.05225 9.57005e-321 1.55716e+142 0.6232 0.7681 0.9175 0.167691 -2.17125 -0.523599 1.728 0.607 3.21143e-322 0 1.97626e-323 5.70755e-317 
 0.361 1.132 0.845898 9.57005e-321 1.55716e+142 0.6504 0.8038 0.9179 0.222942 -2.01327 -0.523599 1.72 0.613 3.21143e-322 0 1.97626e-323 5.70755e-317 
 0.337 1.126 0.638175 9.57005e-321 1.55716e+142 0.6965 0.8641 0.9185 0.354725 -1.56756 -0.523599 1.712 0.619 3.21143e-322 0 1.97626e-323 5.70755e-317 
 0.307 1.122 0.436644 9.57005e-321 1.55716e+142 0.6872 0.8519 0.9184 0.40487 -1.2342 -0.501852 1.703 0.647 3.21143e-322 0 1.97626e-323 5.70755e-317 
 0.27 1.046 0.283362 9.57005e-321 1.55716e+142 0.6734 0.8338 0.9182 0.444787 -0.744054 -0.292475 1.694 0.656 3.21143e-322 0 1.97626e-323 5.70755e-317 
 0.314 1.075 0.157296 9.57005e-321 1.55716e+142 0.6413 0.7918 0.9178 0.382613 -0.787437 -0.354774 1.687 0.662 3.21143e-322 0 1.97626e-323 5.70755e-317 
 0.372 1.132 0.0850201 9.57005e-321 1.55716e+142 0.6919 0.858 0.9184 0.367766 -0.612409 -0.291217 1.673 0.687 3.21143e-322 0 1.97626e-323 5.70755e-317 
 0.445 1.135 0.00390715 9.57005e-321 1.55716e+142 0.7198 0.8946 0.9186 0.311407 -0.359448 -0.204854 1.666 0.694 3.21143e-322 0 1.97626e-323 5.70755e-317 
 0.508 1.149 -0.0551686 9.57005e-321 1.55716e+142 0.7339 0.9131 0.9187 0.245223 -0.287648 -0.208085 1.641 0.734 3.21143e-322 0 1.97626e-323 5.70755e-317 
 0.514 1.167 -0.0860592 9.57005e-321 1.55716e+142 0.7718 0.9627 0.9187 0.261296 -0.0329865 -0.0227196 1.633 0.742 3.21143e-322 0 1.97626e-323 5.70755e-317 
 0.546 1.137 -0.111234 9.57005e-321 1.55716e+142 0.7766 0.969 0.9187 0.217429 0.170097 0.139896 1.626 0.751 3.21143e-322 0 1.97626e-323 5.70755e-317 
 0.561 1.124 -0.113249 9.57005e-321 1.55716e+142 0.7718 0.9627 0.9187 0.191839 0.18982 0.176257 1.62 0.757 3.21143e-322 0 1.97626e-323 5.70755e-317 
 0.576 1.139 -0.109345 9.57005e-321 1.55716e+142 0.7718 0.9627 0.9187 0.17557 0.0887134 0.0907021 1.613 0.765 3.21143e-322 0 1.97626e-323 5.70755e-317 
 0.643 1.169 -0.10678 9.57005e-321 1.55716e+142 0.7862 0.9815 0.9187 0.113964 -0.0126979 -0.0200529 1.605 0.774 3.21143e-322 0 1.97626e-323 5.70755e-317 
 0.63 1.142 -0.105293 9.57005e-321 1.55716e+142 0.815 1.0193 0.9186 0.139847 0.484115 0.523599 1.6 0.779 3.21143e-322 0 1.97626e-323 5.70755e-317 
 0.665 1.165 -0.103511 9.57005e-321 1.55716e+142 0.8102 1.013 0.9187 0.090577 0.322377 0.523599 1.563 0.773 3.21143e-322 0 1.97626e-323 5.70755e-317 
 0.681 1.142 -0.0759351 9.57005e-321 1.55716e+142 0.8295 1.0383 0.9186 0.0843972 0.735204 0.523599 1.553 0.781 3.21143e-322 0 1.97626e-323 5.70755e-317 
 0.669 1.137 -0.0417291 9.57005e-321 1.55716e+142 0.8392 1.051 0.9185 0.108708 0.859915 0.523599 1.546 0.786 3.21143e-322 0 1.97626e-323 5.70755e-317 
 0.686 1.165 0.0382267 9.57005e-321 1.55716e+142 0.8198 1.0256 0.9186 0.0793286 0.426642 0.523599 1.539 0.792 3.21143e-322 0 1.97626e-323 5.70755e-317 
 0.658 1.127 0.11613 9.57005e-321 1.55716e+142 0.8392 1.051 0.9185 0.13546 0.86519 0.523599 1.517 0.792 3.21143e-322 0 1.97626e-323 5.70755e-317 
 0.674 1.14 0.160277 9.57005e-321 1.55716e+142 0.8102 1.013 0.9187 0.0887236 0.576305 0.523599 1.496 0.775 3.21143e-322 0 1.97626e-323 5.70755e-317 
 0.621 1.093 0.2418 9.57005e-321 1.55716e+142 0.8198 1.0256 0.9186 0.165954 0.770012 0.523599 1.488 0.779 3.21143e-322 0 1.97626e-323 5.70755e-317 
 0.639 1.118 0.299594 9.57005e-321 1.55716e+142 0.791 0.9878 0.9187 0.113169 0.43196 0.523599 1.474 0.769 3.21143e-322 0 1.97626e-323 5.70755e-317 
 0.699 1.163 0.371519 9.57005e-321 1.55716e+142 0.7862 0.9815 0.9187 0.0488278 0.338924 0.523599 1.466 0.771 3.21143e-322 0 1.97626e-323 5.70755e-317 
 0.727 1.155 0.408149 9.57005e-321 1.55716e+142 0.849 1.0637 0.9184 0.123918 1.08585 0.523599 1.46 0.773 3.21143e-322 0 1.97626e-323 5.70755e-317 
 0.734 1.148 0.456171 9.57005e-321 1.55716e+142 0.8441 1.0574 0.9185 0.119767 1.20804 0.523599 1.438 0.781 3.21143e-322 0 1.97626e-323 5.70755e-317 
 0.701 1.158 0.566797 9.57005e-321 1.55716e+142 0.8538 1.0701 0.9184 0.165772 0.888526 0.523599 1.43 0.783 3.21143e-322 0 1.97626e-323 5.70755e-317 
 0.754 1.184 0.682213 9.57005e-321 1.55716e+142 0.8441 1.0574 0.9185 0.122968 1.04207 0.523599 1.424 0.785 3.21143e-322 0 1.97626e-323 5.70755e-317 
 0.776 1.165 0.770004 9.57005e-321 1.55716e+142 0.8538 1.0701 0.9184 0.153842 1.30209 0.523599 1.415 0.779 3.21143e-322 0 1.97626e-323 5.70755e-317 
 0.735 1.137 0.88143 9.57005e-321 1.55716e+142 0.8734 1.0957 0.9182 0.227038 0.975411 0.523599 1.408 0.781 3.21143e-322 0 1.97626e-323 5.70755e-317 
 0.723 1.124 1.00779 9.57005e-321 1.55716e+142 0.8392 1.051 0.9185 0.195529 0.876669 0.523599 1.401 0.783 3.21143e-322 0 1.97626e-323 5.70755e-317 
 0.741 1.122 1.10005 9.57005e-321 1.55716e+142 0.8295 1.0383 0.9186 0.186658 0.984217 0.523599 1.395 0.784 3.21143e-322 0 1.97626e-323 5.70755e-317 
 0.747 1.133 1.1879 9.57005e-321 1.55716e+142 0.8344 1.0446 0.9185 0.191905 0.889334 0.523599 1.389 0.786 3.21143e-322 0 1.97626e-323 5.70755e-317 
 0.722 1.154 1.28666 9.57005e-321 1.55716e+142 0.8344 1.0446 0.9185 0.181102 0.517444 0.475019 1.384 0.787 3.21143e-322 0 1.97626e-323 5.70755e-317 
 0.735 1.201 1.3742 9.57005e-321 1.55716e+142 0.8441 1.0574 0.9185 0.161883 0.371486 0.391714 1.377 0.789 3.21143e-322 0 1.97626e-323 5.70755e-317 
 0.737 1.194 1.42321 9.57005e-321 1.55716e+142 0.8685 1.0893 0.9182 0.20087 0.175457 0.155951 1.372 0.79 3.21143e-322 0 1.97626e-323 5.70755e-317 
 0.756 1.242 1.45966 9.57005e-321 1.55716e+142 0.8636 1.0829 0.9183 0.159391 0.242035 0.266813 1.367 0.791 3.21143e-322 0 1.97626e-323 5.70755e-317 
 0.762 1.285 1.47603 9.57005e-321 1.55716e+142 0.8931 1.1214 0.918 0.16584 -0.0489634 -0.053094 1.36 0.793 3.21143e-322 0 1.97626e-323 5.70755e-317 
 0.764 1.32 1.50108 9.57005e-321 1.55716e+142 0.9227 1.1602 0.9176 0.176981 -0.370399 -0.360275 1.355 0.794 3.21143e-322 0 1.97626e-323 5.70755e-317 
 0.786 1.342 1.50065 9.57005e-321 1.55716e+142 0.9376 1.1797 0.9174 0.179746 -0.431122 -0.407558 1.361 0.768 3.21143e-322 0 1.97626e-323 5.70755e-317 
 0.826 1.348 1.49273 9.57005e-321 1.55716e+142 0.9576 1.2057 0.917 0.206434 -0.287194 -0.245373 1.357 0.767 3.21143e-322 0 1.97626e-323 5.70755e-317 
 0.82 1.359 1.47324 9.57005e-321 1.55716e+142 0.9826 1.2384 0.9166 0.233096 -0.513024 -0.377196 1.353 0.767 3.21143e-322 0 1.97626e-323 5.70755e-317 
 0.758 1.383 1.4447 9.57005e-321 1.55716e+142 0.9826 1.2384 0.9166 0.218089 -0.981973 -0.523599 1.349 0.766 3.21143e-322 0 1.97626e-323 5.70755e-317 
 0.755 1.389 1.38788 9.57005e-321 1.55716e+142 0.9826 1.2384 0.9166 0.222237 -0.98014 -0.523599 1.347 0.75 3.21143e-322 0 1.97626e-323 5.70755e-317 
 0.781 1.408 1.28407 9.57005e-321 1.55716e+142 0.9676 1.2188 0.9168 0.194365 -0.671646 -0.523599 1.344 0.749 3.21143e-322 0 1.97626e-323 5.70755e-317 
 0.741 1.405 1.17949 9.57005e-321 1.55716e+142 0.9876 1.2449 0.9165 0.24876 -0.851076 -0.523599 1.34 0.747 3.21143e-322 0 1.97626e-323 5.70755e-317 
 0.693 1.38 1.10519 9.57005e-321 1.55716e+142 0.9826 1.2384 0.9166 0.282894 -0.886825 -0.513732 1.337 0.746 3.21143e-322 0 1.97626e-323 5.70755e-317 
 0.689 1.446 1.01608 9.57005e-321 1.55716e+142 0.9526 1.1992 0.9171 0.21094 -1.10058 -0.523599 1.334 0.745 3.21143e-322 0 1.97626e-323 5.70755e-317 
 0.721 1.498 0.921085 9.57005e-321 1.55716e+142 0.9676 1.2188 0.9168 0.198251 -1.08132 -0.523599 1.348 0.761 3.21143e-322 0 1.97626e-323 5.70755e-317 
 0.721 1.53 0.795052 9.57005e-321 1.55716e+142 0.9977 1.2581 0.9162 0.244403 -1.08967 -0.523599 1.364 0.746 3.21143e-322 0 1.97626e-323 5.70755e-317 
 0.721 1.514 0.678705 9.57005e-321 1.55716e+142 1.0229 1.2909 0.9157 0.29311 -0.718532 -0.415557 1.365 0.763 3.21143e-322 0 1.97626e-323 5.70755e-317 
 0.719 1.547 0.56644 9.57005e-321 1.55716e+142 1.0381 1.3107 0.9153 0.313322 -0.665306 -0.365077 1.364 0.763 3.21143e-322 0 1.97626e-323 5.70755e-317 
 0.761 1.602 0.492216 9.57005e-321 1.55716e+142 1.0229 1.2909 0.9157 0.256608 -0.824294 -0.523599 1.363 0.763 3.21143e-322 0 1.97626e-323 5.70755e-317 
 0.805 1.647 0.423073 9.57005e-321 1.55716e+142 1.0687 1.3504 0.9146 0.276929 -0.675559 -0.413756 1.363 0.763 3.21143e-322 0 1.97626e-323 5.70755e-317 
 0.845 1.657 0.338277 9.57005e-321 1.55716e+142 1.1044 1.3968 0.9136 0.28817 -0.346369 -0.213069 1.362 0.763 3.21143e-322 0 1.97626e-323 5.70755e-317 
 0.872 1.674 0.268843 9.57005e-321 1.55716e+142 1.1353 1.4367 0.9126 0.30027 -0.127992 -0.0765762 1.361 0.764 3.21143e-322 0 1.97626e-323 5.70755e-317 
 0.893 1.705 0.239263 9.57005e-321 1.55716e+142 1.1507 1.4567 0.9121 0.288774 -0.103267 -0.0642804 1.388 0.812 3.21143e-322 0 1.97626e-323 5.70755e-317 
 0.914 1.681 0.228334 9.57005e-321 1.55716e+142 1.1817 1.4967 0.9111 0.308348 0.288285 0.166726 1.389 0.815 3.21143e-322 0 1.97626e-323 5.70755e-317 
 0.94 1.724 0.220947 9.57005e-321 1.55716e+142 1.1662 1.4767 0.9116 0.261983 -0.0057014 -0.00391723 1.402 0.835 3.21143e-322 0 1.97626e-323 5.70755e-317 
 0.965 1.731 0.226088 9.57005e-321 1.55716e+142 1.1869 1.5034 0.9109 0.258637 0.131648 0.0913664 1.428 0.864 3.21143e-322 0 1.97626e-323 5.70755e-317 
 0.967 1.715 0.227155 9.57005e-321 1.55716e+142 1.2024 1.5234 0.9103 0.269465 0.360465 0.236289 1.454 0.893 3.21143e-322 0 1.97626e-323 5.70755e-317 
 1.003 1.702 0.231251 9.57005e-321 1.55716e+142 1.2128 1.5368 0.9099 0.25834 0.593297 0.39199 1.452 0.886 3.21143e-322 0 1.97626e-323 5.70755e-317 
 1.062 1.749 0.246986 9.57005e-321 1.55716e+142 1.2076 1.5301 0.9101 0.20096 0.428001 0.366081 1.436 0.911 3.21143e-322 0 1.97626e-323 5.70755e-317 
 1.071 1.731 0.303657 9.57005e-321 1.55716e+142 1.244 1.5769 0.9087 0.250771 0.731787 0.483656 1.439 0.917 3.21143e-322 0 1.97626e-323 5.70755e-317 
 1.083 1.747 0.341153 9.57005e-321 1.55716e+142 1.2545 1.5902 0.9083 0.255429 0.651652 0.430493 1.441 0.923 3.21143e-322 0 1.97626e-323 5.70755e-317 
 1.101 1.798 0.407133 9.57005e-321 1.55716e+142 1.2597 1.5969 0.9081 0.239949 0.250605 0.185824 1.443 0.928 3.21143e-322 0 1.97626e-323 5.70755e-317 
 1.105 1.76 0.472012 9.57005e-321 1.55716e+142 1.2962 1.6437 0.9065 0.306017 0.589293 0.333664 1.445 0.934 3.21143e-322 0 1.97626e-323 5.70755e-317 
 1.134 1.792 0.500062 9.57005e-321 1.55716e+142 1.2805 1.6236 0.9072 0.254312 0.393201 0.271436 1.447 0.94 3.21143e-322 0 1.97626e-323 5.70755e-317 
 1.141 1.781 0.558587 9.57005e-321 1.55716e+142 1.3067 1.6571 0.906 0.296188 0.486605 0.287526 1.449 0.945 3.21143e-322 0 1.97626e-323 5.70755e-317 
 1.165 1.821 0.600816 9.57005e-321 1.55716e+142 1.3119 1.6637 0.9058 0.271575 0.249484 0.163876 1.451 0.95 3.21143e-322 0 1.97626e-323 5.70755e-317 
 1.166 1.813 0.650874 9.57005e-321 1.55716e+142 1.3276 1.6838 0.905 0.299931 0.267051 0.158916 1.453 0.955 3.21143e-322 0 1.97626e-323 5.70755e-317 
 1.176 1.842 0.674878 9.57005e-321 1.55716e+142 1.3276 1.6838 0.905 0.278787 0.0727963 0.0469667 1.454 0.958 3.21143e-322 0 1.97626e-323 5.70755e-317 
 1.18 1.827 0.701222 9.57005e-321 1.55716e+142 1.3434 1.7038 0.9043 0.308693 0.182876 0.106234 1.456 0.964 3.21143e-322 0 1.97626e-323 5.70755e-317 
 1.224 1.858 0.708652 9.57005e-321 1.55716e+142 1.3434 1.7038 0.9043 0.267015 0.155674 0.104561 1.457 0.967 3.21143e-322 0 1.97626e-323 5.70755e-317 
 1.273 1.878 0.726828 9.57005e-321 1.55716e+142 1.3644 1.7305 0.9032 0.259448 0.231518 0.159262 1.459 0.972 3.21143e-322 0 1.97626e-323 5.70755e-317 
 1.286 1.867 0.743212 9.57005e-321 1.55716e+142 1.3854 1.7571 0.9022 0.291185 0.353111 0.214909 1.461 0.975 3.21143e-322 0 1.97626e-323 5.70755e-317 
 1.303 1.891 0.769124 9.57005e-321 1.55716e+142 1.4012 1.777 0.9013 0.288997 0.232911 0.144062 1.462 0.979 3.21143e-322 0 1.97626e-323 5.70755e-317 
 1.3 1.888 0.8051 9.57005e-321 1.55716e+142 1.4169 1.797 0.9005 0.316369 0.184825 0.104772 1.464 0.984 3.21143e-322 0 1.97626e-323 5.70755e-317 
 1.324 1.917 0.827948 9.57005e-321 1.55716e+142 1.4169 1.797 0.9005 0.283531 0.0734327 0.0465851 1.465 0.987 3.21143e-322 0 1.97626e-323 5.70755e-317 
 1.336 1.93 0.845744 9.57005e-321 1.55716e+142 1.4327 1.8169 0.8996 0.290229 0.015825 0.00981434 1.466 0.991 3.21143e-322 0 1.97626e-323 5.70755e-317 
 1.342 1.918 0.852684 9.57005e-321 1.55716e+142 1.4485 1.8368 0.8987 0.319356 0.100349 0.0565001 1.468 0.994 3.21143e-322 0 1.97626e-323 5.70755e-317 
 1.348 1.923 0.857061 9.57005e-321 1.55716e+142 1.4485 1.8368 0.8987 0.334379 -0.00137376 -0.000739512 1.37 1.009 3.21143e-322 0 1.97626e-323 5.70755e-317 
 1.356 1.935 0.865667 9.57005e-321 1.55716e+142 1.4485 1.8368 0.8987 0.321992 -0.0562713 -0.0314464 1.365 1.013 3.21143e-322 0 1.97626e-323 5.70755e-317 
 1.367 1.943 0.868378 9.57005e-321 1.55716e+142 1.4591 1.85 0.898 0.324742 -0.0729493 -0.0404128 1.361 1.016 3.21143e-322 0 1.97626e-323 5.70755e-317 
 1.377 1.95 0.868116 9.57005e-321 1.55716e+142 1.4643 1.8566 0.8977 0.322117 -0.0779286 -0.0435192 1.356 1.02 3.21143e-322 0 1.97626e-323 5.70755e-317 
 1.399 1.981 0.868767 9.57005e-321 1.55716e+142 1.4749 1.8698 0.8971 0.298352 -0.17458 -0.104939 1.352 1.024 3.21143e-322 0 1.97626e-323 5.70755e-317 
 1.41 1.99 0.867064 9.57005e-321 1.55716e+142 1.4959 1.8962 0.8958 0.312357 -0.187874 -0.107845 1.348 1.026 3.21143e-322 0 1.97626e-323 5.70755e-317 
 1.45 2.067 0.865309 9.57005e-321 1.55716e+142 1.5065 1.9093 0.8951 0.237901 -0.48049 -0.348693 1.344 1.03 3.21143e-322 0 1.97626e-323 5.70755e-317 
 1.494 2.125 0.858466 9.57005e-321 1.55716e+142 1.5591 1.9749 0.8916 0.23083 -0.620013 -0.450347 1.34 1.033 3.21143e-322 0 1.97626e-323 5.70755e-317 
 1.501 2.144 0.815735 9.57005e-321 1.55716e+142 1.596 2.0204 0.889 0.261458 -0.60525 -0.394804 1.336 1.036 3.21143e-322 0 1.97626e-323 5.70755e-317 
 1.559 2.214 0.755046 9.57005e-321 1.55716e+142 1.6065 2.0333 0.8882 0.189207 -0.746536 -0.523599 1.333 1.039 3.21143e-322 0 1.97626e-323 5.70755e-317 
 1.581 2.234 0.69153 9.57005e-321 1.55716e+142 1.6696 2.1105 0.8832 0.241815 -0.57181 -0.402411 1.33 1.042 3.21143e-322 0 1.97626e-323 5.70755e-317 
 1.611 2.271 0.617975 9.57005e-321 1.55716e+142 1.6905 2.136 0.8815 0.226898 -0.562375 -0.419636 1.326 1.045 3.21143e-322 0 1.97626e-323 5.70755e-317 
 1.62 2.292 0.55861 9.57005e-321 1.55716e+142 1.7219 2.174 0.8787 0.248784 -0.478891 -0.333542 1.323 1.047 3.21143e-322 0 1.97626e-323 5.70755e-317 
 1.625 2.292 0.498014 9.57005e-321 1.55716e+142 1.7324 2.1866 0.8778 0.25777 -0.334365 -0.229377 1.32 1.049 3.21143e-322 0 1.97626e-323 5.70755e-317 
 1.655 2.324 0.449617 9.57005e-321 1.55716e+142 1.7376 2.1929 0.8773 0.22713 -0.401799 -0.308273 1.317 1.052 3.21143e-322 0 1.97626e-323 5.70755e-317 
 1.679 2.334 0.414135 9.57005e-321 1.55716e+142 1.7637 2.2242 0.8748 0.232588 -0.254764 -0.194666 1.314 1.055 3.21143e-322 0 1.97626e-323 5.70755e-317 
 1.685 2.349 0.371857 9.57005e-321 1.55716e+142 1.7741 2.2367 0.8738 0.233759 -0.23551 -0.179399 1.312 1.056 3.21143e-322 0 1.97626e-323 5.70755e-317 
 1.723 2.372 0.345317 9.57005e-321 1.55716e+142 1.7897 2.2553 0.8723 0.2114 -0.226453 -0.190479 1.308 1.059 3.21143e-322 0 1.97626e-323 5.70755e-317 
 1.76 2.365 0.320785 9.57005e-321 1.55716e+142 1.8105 2.28 0.8702 0.203082 0.0219509 0.0194535 1.306 1.061 3.21143e-322 0 1.97626e-323 5.70755e-317 
 1.804 2.388 0.300644 9.57005e-321 1.55716e+142 1.826 2.2984 0.8685 0.171098 -0.0253811 -0.0266952 1.196 1.024 3.21143e-322 0 1.97626e-323 5.70755e-317 
 1.837 2.406 0.300367 9.57005e-321 1.55716e+142 1.8622 2.341 0.8646 0.177855 0.122885 0.123732 1.189 1.024 3.21143e-322 0 1.97626e-323 5.70755e-317 
 1.831 2.408 0.300213 9.57005e-321 1.55716e+142 1.8725 2.3531 0.8634 0.192547 0.145324 0.135027 1.081 1.025 3.21143e-322 0 1.97626e-323 5.70755e-317 
 1.827 2.4 0.301536 9.57005e-321 1.55716e+142 1.8828 2.3651 0.8622 0.209656 0.252722 0.213662 1.071 1.025 3.21143e-322 0 1.97626e-323 5.70755e-317 
 1.861 2.415 0.303837 9.57005e-321 1.55716e+142 1.8776 2.3591 0.8628 0.17083 0.171921 0.179206 1.055 1.025 3.21143e-322 0 1.97626e-323 5.70755e-317 
 1.898 2.396 0.31115 9.57005e-321 1.55716e+142 1.893 2.3771 0.861 0.163471 0.477289 0.483879 1.042 1.024 3.21143e-322 0 1.97626e-323 5.70755e-317 
 1.933 2.403 0.323565 9.57005e-321 1.55716e+142 1.9033 2.389 0.8598 0.145608 0.56115 0.523599 1.03 1.024 3.21143e-322 0 1.97626e-323 5.70755e-317 
 1.947 2.389 0.370609 9.57005e-321 1.55716e+142 1.9238 2.4128 0.8573 0.170457 0.771272 0.523599 1.019 1.024 3.21143e-322 0 1.97626e-323 5.70755e-317 
 1.95 2.404 0.425559 9.57005e-321 1.55716e+142 1.9136 2.4009 0.8585 0.154399 0.581017 0.523599 1.007 1.024 3.21143e-322 0 1.97626e-323 5.70755e-317 
 1.92 2.41 0.501421 9.57005e-321 1.55716e+142 1.9289 2.4187 0.8566 0.200477 0.418597 0.359508 0.997 1.024 3.21143e-322 0 1.97626e-323 5.70755e-317 
 1.919 2.408 0.557619 9.57005e-321 1.55716e+142 1.9238 2.4128 0.8573 0.199236 0.346705 0.303551 0.986 1.024 3.21143e-322 0 1.97626e-323 5.70755e-317 
 1.936 2.409 0.598947 9.57005e-321 1.55716e+142 1.9187 2.4069 0.8579 0.182224 0.355204 0.337449 0.978 1.024 3.21143e-322 0 1.97626e-323 5.70755e-317 
 1.939 2.425 0.6323 9.57005e-321 1.55716e+142 1.9238 2.4128 0.8573 0.179767 0.248539 0.243907 0.952 1.039 3.21143e-322 0 1.97626e-323 5.70755e-317 
 1.964 2.448 0.666264 9.57005e-321 1.55716e+142 1.934 2.4246 0.856 0.164511 0.217317 0.233442 0.942 1.04 3.21143e-322 0 1.97626e-323 5.70755e-317 
 1.962 2.482 0.690537 9.57005e-321 1.55716e+142 1.9595 2.4538 0.8526 0.180877 0.0260892 0.025957 0.898 1.056 3.21143e-322 0 1.97626e-323 5.70755e-317 
 1.989 2.496 0.708615 9.57005e-321 1.55716e+142 1.9747 2.4713 0.8506 0.175045 0.0864376 0.0886516 0.886 1.058 3.21143e-322 0 1.97626e-323 5.70755e-317 
 1.988 2.508 0.712613 9.57005e-321 1.55716e+142 1.9848 2.4828 0.8492 0.182233 0.0221821 0.0219068 0.873 1.06 3.21143e-322 0 1.97626e-323 5.70755e-317 
 1.985 2.495 0.718201 9.57005e-321 1.55716e+142 1.9949 2.4943 0.8477 0.205203 0.0902492 0.0790001 0.862 1.061 3.21143e-322 0 1.97626e-323 5.70755e-317 
 2.003 2.509 0.721936 9.57005e-321 1.55716e+142 1.9949 2.4943 0.8477 0.185091 0.0984839 0.0954839 0.852 1.063 3.21143e-322 0 1.97626e-323 5.70755e-317 
 2.026 2.526 0.730579 9.57005e-321 1.55716e+142 2.005 2.5057 0.8463 0.173487 0.121641 0.125544 0.844 1.064 3.21143e-322 0 1.97626e-323 5.70755e-317 
 2.037 2.531 0.740235 9.57005e-321 1.55716e+142 2.0252 2.5284 0.8433 0.190187 0.161606 0.151774 0.82 1.057 3.21143e-322 0 1.97626e-323 5.70755e-317 
 2.013 2.527 0.753528 9.57005e-321 1.55716e+142 2.0252 2.5284 0.8433 0.208141 0.0448515 0.0387681 0.81 1.058 3.21143e-322 0 1.97626e-323 5.70755e-317 
 2.028 2.546 0.770082 9.57005e-321 1.55716e+142 2.0202 2.5228 0.8441 0.180655 -0.00446391 -0.0044477 0.802 1.059 3.21143e-322 0 1.97626e-323 5.70755e-317 
 2.033 2.574 0.776493 9.57005e-321 1.55716e+142 2.0302 2.5341 0.8426 0.173863 -0.134449 -0.138306 0.793 1.059 3.21143e-322 0 1.97626e-323 5.70755e-317 
 2.068 2.589 0.777705 9.57005e-321 1.55716e+142 2.0503 2.5565 0.8395 0.168718 -0.015766 -0.0168187 0.784 1.06 3.21143e-322 0 1.97626e-323 5.70755e-317 
 2.082 2.605 0.775152 9.57005e-321 1.55716e+142 2.0652 2.5732 0.8372 0.1697 -0.017155 -0.0181943 0.775 1.061 3.21143e-322 0 1.97626e-323 5.70755e-317 
 2.094 2.601 0.775287 9.57005e-321 1.55716e+142 2.0852 2.5952 0.834 0.190701 0.0810625 0.076365 0.765 1.062 3.21143e-322 0 1.97626e-323 5.70755e-317 
 2.1 2.614 0.774605 9.57005e-321 1.55716e+142 2.1001 2.6116 0.8315 0.198338 0.0497332 0.0451042 0.757 1.062 3.21143e-322 0 1.97626e-323 5.70755e-317 
 2.11 2.632 0.777045 9.57005e-321 1.55716e+142 2.105 2.617 0.8307 0.187408 0.0044361 0.00426073 0.733 1.053 3.21143e-322 0 1.97626e-323 5.70755e-317 
 2.123 2.645 0.777609 9.57005e-321 1.55716e+142 2.1149 2.6279 0.829 0.184186 0.00702385 0.00686412 0.726 1.053 3.21143e-322 0 1.97626e-323 5.70755e-317 
 2.146 2.691 0.778676 9.57005e-321 1.55716e+142 2.1297 2.644 0.8264 0.160955 -0.123189 -0.136903 0.728 1.092 3.21143e-322 0 1.97626e-323 5.70755e-317 
 2.162 2.713 0.779152 9.57005e-321 1.55716e+142 2.1592 2.6759 0.8212 0.175618 -0.144881 -0.147418 0.773 1.113 3.21143e-322 0 1.97626e-323 5.70755e-317 
 2.184 2.722 0.777551 9.57005e-321 1.55716e+142 2.1788 2.6969 0.8175 0.181275 -0.0662971 -0.0657361 0.769 1.117 3.21143e-322 0 1.97626e-323 5.70755e-317 
 2.191 2.723 0.774731 9.57005e-321 1.55716e+142 2.1935 2.7125 0.8147 0.195019 -0.0260847 -0.0240712 0.766 1.12 3.21143e-322 0 1.97626e-323 5.70755e-317 
 2.203 2.752 0.772808 9.57005e-321 1.55716e+142 2.1935 2.7125 0.8147 0.169971 -0.12464 -0.131235 0.762 1.123 3.21143e-322 0 1.97626e-323 5.70755e-317 
 2.222 2.782 0.77182 9.57005e-321 1.55716e+142 2.2178 2.7382 0.81 0.170975 -0.182384 -0.189702 0.758 1.126 3.21143e-322 0 1.97626e-323 5.70755e-317 
 2.235 2.791 0.76682 9.57005e-321 1.55716e+142 2.2324 2.7535 0.807 0.175786 -0.152996 -0.1554 0.755 1.128 3.21143e-322 0 1.97626e-323 5.70755e-317 
 2.238 2.817 0.756377 9.57005e-321 1.55716e+142 2.2517 2.7736 0.803 0.183536 -0.265261 -0.254508 0.752 1.131 3.21143e-322 0 1.97626e-323 5.70755e-317 
 2.262 2.824 0.73939 9.57005e-321 1.55716e+142 2.2614 2.7836 0.801 0.17585 -0.162157 -0.164484 0.76 1.158 3.21143e-322 0 1.97626e-323 5.70755e-317 
 2.293 2.819 0.710851 9.57005e-321 1.55716e+142 2.2758 2.7985 0.7979 0.176053 0.0637187 0.0650552 0.757 1.162 3.21143e-322 0 1.97626e-323 5.70755e-317 
 2.297 2.844 0.698742 9.57005e-321 1.55716e+142 2.2902 2.8132 0.7947 0.177209 -0.0431096 -0.0437606 0.755 1.166 3.21143e-322 0 1.97626e-323 5.70755e-317 
 2.281 2.866 0.700074 9.57005e-321 1.55716e+142 2.295 2.8181 0.7936 0.182609 -0.249143 -0.240817 0.753 1.17 3.21143e-322 0 1.97626e-323 5.70755e-317 
 2.297 2.856 0.695586 9.57005e-321 1.55716e+142 2.3094 2.8327 0.7904 0.194583 -0.0914507 -0.084396 0.768 1.15 3.21143e-322 0 1.97626e-323 5.70755e-317 
 2.326 2.887 0.673058 9.57005e-321 1.55716e+142 2.319 2.8423 0.7882 0.169761 -0.113027 -0.119275 0.767 1.152 3.21143e-322 0 1.97626e-323 5.70755e-317 
 2.351 2.915 0.664748 9.57005e-321 1.55716e+142 2.338 2.8614 0.7837 0.161071 -0.140202 -0.155414 0.766 1.154 3.21143e-322 0 1.97626e-323 5.70755e-317 
 2.349 2.905 0.653813 9.57005e-321 1.55716e+142 2.3665 2.8897 0.7767 0.202571 -0.0354057 -0.0314503 0.765 1.155 3.21143e-322 0 1.97626e-323 5.70755e-317 
 2.365 2.907 0.641211 9.57005e-321 1.55716e+142 2.3713 2.8943 0.7755 0.195883 0.0428971 0.0393984 0.764 1.157 3.21143e-322 0 1.97626e-323 5.70755e-317 
 2.372 2.927 0.636512 9.57005e-321 1.55716e+142 2.3665 2.8897 0.7767 0.174818 -0.053112 -0.0546319 0.763 1.159 3.21143e-322 0 1.97626e-323 5.70755e-317 
 2.39 2.955 0.635536 9.57005e-321 1.55716e+142 2.3807 2.9036 0.7731 0.165221 -0.131031 -0.141793 0.762 1.161 3.21143e-322 0 1.97626e-323 5.70755e-317 
 2.423 2.969 0.630743 9.57005e-321 1.55716e+142 2.4043 2.9265 0.767 0.162958 -0.0333552 -0.0368269 0.761 1.162 3.21143e-322 0 1.97626e-323 5.70755e-317 
 2.431 2.981 0.621258 9.57005e-321 1.55716e+142 2.4372 2.958 0.7582 0.190817 -0.0187224 -0.0176592 0.76 1.164 3.21143e-322 0 1.97626e-323 5.70755e-317 
 2.429 2.989 0.617404 9.57005e-321 1.55716e+142 2.4419 2.9624 0.7569 0.193938 -0.0672826 -0.0623662 0.77 1.175 3.21143e-322 0 1.97626e-323 5.70755e-317 
 2.438 2.995 0.614531 9.57005e-321 1.55716e+142 2.4466 2.9668 0.7556 0.190041 -0.0578188 -0.0547091 0.753 1.19 3.21143e-322 0 1.97626e-323 5.70755e-317 
 2.454 3.009 0.608171 9.57005e-321 1.55716e+142 2.4559 2.9756 0.7529 0.182669 -0.0596489 -0.0587097 0.752 1.192 3.21143e-322 0 1.97626e-323 5.70755e-317 
 2.453 3.01 0.602753 9.57005e-321 1.55716e+142 2.4699 2.9887 0.7489 0.199567 -0.0430466 -0.0388064 0.751 1.195 3.21143e-322 0 1.97626e-323 5.70755e-317 
 2.463 3.013 0.596965 9.57005e-321 1.55716e+142 2.4699 2.9887 0.7489 0.190716 -0.0148678 -0.0140315 0.75 1.197 3.21143e-322 0 1.97626e-323 5.70755e-317 
 2.486 3.031 0.592326 9.57005e-321 1.55716e+142 2.4792 2.9973 0.7462 0.176185 -0.0174416 -0.0178173 0.748 1.2 3.21143e-322 0 1.97626e-323 5.70755e-317 
 2.495 3.04 0.589004 9.57005e-321 1.55716e+142 2.4839 3.0016 0.7448 0.170801 -0.0291726 -0.0307342 0.711 1.213 3.21143e-322 0 1.97626e-323 5.70755e-317 
 2.504 3.048 0.586543 9.57005e-321 1.55716e+142 2.5071 3.0229 0.7378 0.18777 -0.00586348 -0.00562078 0.708 1.216 3.21143e-322 0 1.97626e-323 5.70755e-317 
 2.523 3.058 0.583313 9.57005e-321 1.55716e+142 2.5164 3.0313 0.7349 0.179894 0.0237653 0.0237747 0.705 1.219 3.21143e-322 0 1.97626e-323 5.70755e-317 
 2.532 3.066 0.581983 9.57005e-321 1.55716e+142 2.5256 3.0397 0.732 0.180304 0.0236245 0.0235803 0.703 1.222 3.21143e-322 0 1.97626e-323 5.70755e-317 
 2.546 3.051 0.581435 9.57005e-321 1.55716e+142 2.5395 3.0521 0.7276 0.193733 0.19642 0.18051 0.7 1.224 3.21143e-322 0 1.97626e-323 5.70755e-317 
 2.574 3.082 0.582988 9.57005e-321 1.55716e+142 2.5395 3.0521 0.7276 0.158125 0.114547 0.129662 0.697 1.227 3.21143e-322 0 1.97626e-323 5.70755e-317 
 2.598 3.125 0.585131 9.57005e-321 1.55716e+142 2.5717 3.0805 0.717 0.157517 -0.0337377 -0.0385342 0.673 1.233 3.21143e-322 0 1.97626e-323 5.70755e-317 
 2.626 3.142 0.587037 9.57005e-321 1.55716e+142 2.6083 3.1121 0.7044 0.17113 0.0122411 0.0128749 0.67 1.236 3.21143e-322 0 1.97626e-323 5.70755e-317 
 2.64 3.157 0.585678 9.57005e-321 1.55716e+142 2.622 3.1237 0.6995 0.169404 -0.0134476 -0.0142878 0.666 1.238 3.21143e-322 0 1.97626e-323 5.70755e-317 
 2.648 3.173 0.586776 9.57005e-321 1.55716e+142 2.6493 3.1465 0.6894 0.187149 -0.061329 -0.0589179 0.663 1.241 3.21143e-322 0 1.97626e-323 5.70755e-317 
 2.663 3.182 0.586682 9.57005e-321 1.55716e+142 2.6584 3.154 0.6859 0.182148 -0.050648 -0.050009 0.661 1.242 3.21143e-322 0 1.97626e-323 5.70755e-317 
 2.678 3.199 0.586112 9.57005e-321 1.55716e+142 2.672 3.165 0.6807 0.178437 -0.0896818 -0.0902219 0.657 1.245 3.21143e-322 0 1.97626e-323 5.70755e-317 
 2.706 3.213 0.585046 9.57005e-321 1.55716e+142 2.6901 3.1796 0.6736 0.171495 -0.0513954 -0.053892 0.654 1.247 3.21143e-322 0 1.97626e-323 5.70755e-317 
 2.731 3.229 0.583967 9.57005e-321 1.55716e+142 2.7081 3.1939 0.6663 0.165646 -0.040356 -0.043825 0.65 1.25 3.21143e-322 0 1.97626e-323 5.70755e-317 
 2.734 3.224 0.581816 9.57005e-321 1.55716e+142 2.7351 3.2149 0.655 0.195862 0.0188735 0.0173432 0.647 1.252 3.21143e-322 0 1.97626e-323 5.70755e-317 
 2.738 3.227 0.579352 9.57005e-321 1.55716e+142 2.7396 3.2184 0.6531 0.196478 0.0205614 0.0188348 0.645 1.253 3.21143e-322 0 1.97626e-323 5.70755e-317 
 2.751 3.245 0.579552 9.57005e-321 1.55716e+142 2.7486 3.2252 0.6492 0.188296 -0.039848 -0.0380739 0.631 1.304 3.21143e-322 0 1.97626e-323 5.70755e-317 
 2.766 3.261 0.578627 9.57005e-321 1.55716e+142 2.7575 3.232 0.6453 0.179553 -0.078728 -0.0787608 0.637 1.347 3.21143e-322 0 1.97626e-323 5.70755e-317 
 2.783 3.263 0.576415 9.57005e-321 1.55716e+142 2.7665 3.2388 0.6413 0.175887 -0.0160303 -0.0164037 0.627 1.393 3.21143e-322 0 1.97626e-323 5.70755e-317 
 2.804 3.27 0.573006 9.57005e-321 1.55716e+142 2.7843 3.252 0.6333 0.176539 0.0327484 0.0333781 0.625 1.402 3.21143e-322 0 1.97626e-323 5.70755e-317 
 2.793 3.273 0.572019 9.57005e-321 1.55716e+142 2.7977 3.2618 0.6271 0.197877 -0.0296013 -0.0269206 0.623 1.407 3.21143e-322 0 1.97626e-323 5.70755e-317 
 2.803 3.281 0.571943 9.57005e-321 1.55716e+142 2.7977 3.2618 0.6271 0.186722 -0.0410026 -0.0395059 0.619 1.418 3.21143e-322 0 1.97626e-323 5.70755e-317 
 2.812 3.288 0.570123 9.57005e-321 1.55716e+142 2.8066 3.2682 0.623 0.186421 -0.0472889 -0.0456283 0.616 1.428 3.21143e-322 0 1.97626e-323 5.70755e-317 
 2.847 3.305 0.567355 9.57005e-321 1.55716e+142 2.8155 3.2746 0.6187 0.162112 -0.0120439 -0.0133721 0.613 1.435 3.21143e-322 0 1.97626e-323 5.70755e-317 
 2.863 3.309 0.565146 9.57005e-321 1.55716e+142 2.8466 3.2964 0.6036 0.181779 0.0286205 0.0283328 0.611 1.442 3.21143e-322 0 1.97626e-323 5.70755e-317 
 2.9 3.319 0.563722 9.57005e-321 1.55716e+142 2.8554 3.3025 0.5992 0.159201 0.119938 0.134785 0.61 1.445 3.21143e-322 0 1.97626e-323 5.70755e-317 
 2.915 3.327 0.564131 9.57005e-321 1.55716e+142 2.8864 3.3233 0.5832 0.17718 0.117001 0.118308 0.613 1.488 3.21143e-322 0 1.97626e-323 5.70755e-317 
 2.93 3.326 0.566356 9.57005e-321 1.55716e+142 2.904 3.3349 0.5739 0.185331 0.174754 0.168125 0.613 1.49 3.21143e-322 0 1.97626e-323 5.70755e-317 
 2.951 3.343 0.568014 9.57005e-321 1.55716e+142 2.9216 3.3462 0.5643 0.18004 0.140581 0.139635 0.61 1.504 3.21143e-322 0 1.97626e-323 5.70755e-317 
 2.971 3.369 0.571373 9.57005e-321 1.55716e+142 2.9391 3.3572 0.5545 0.170865 0.0392064 0.0412792 0.608 1.512 3.21143e-322 0 1.97626e-323 5.70755e-317 
 2.982 3.396 0.576048 9.57005e-321 1.55716e+142 2.9523 3.3653 0.547 0.163517 -0.109434 -0.119888 0.614 1.563 3.21143e-322 0 1.97626e-323 5.70755e-317 
 3.003 3.407 0.576035 9.57005e-321 1.55716e+142 2.9829 3.3836 0.5291 0.173932 -0.121145 -0.124721 0.622 1.581 3.21143e-322 0 1.97626e-323 5.70755e-317 
 3 3.394 0.575116 9.57005e-321 1.55716e+142 3.009 3.3987 0.5131 0.208491 -0.0756686 -0.0652355 0.622 1.591 3.21143e-322 0 1.97626e-323 5.70755e-317 
 3.006 3.389 0.573751 9.57005e-321 1.55716e+142 2.996 3.3912 0.5212 0.193396 -0.00285364 -0.00265598 0.621 1.601 3.21143e-322 0 1.97626e-323 5.70755e-317 
 3.024 3.417 0.572102 9.57005e-321 1.55716e+142 3.0003 3.3937 0.5185 0.171257 -0.113769 -0.119012 0.621 1.608 3.21143e-322 0 1.97626e-323 5.70755e-317 
 3.03 3.427 0.573634 9.57005e-321 1.55716e+142 3.0221 3.406 0.505 0.183981 -0.180397 -0.174694 0.62 1.619 3.21143e-322 0 1.97626e-323 5.70755e-317 
 3.039 3.423 0.571456 9.57005e-321 1.55716e+142 3.0352 3.4131 0.4967 0.192035 -0.131347 -0.122499 0.62 1.627 3.21143e-322 0 1.97626e-323 5.70755e-317 
 3.068 3.431 0.563756 9.57005e-321 1.55716e+142 3.0395 3.4155 0.4939 0.1711 -0.0615614 -0.0646734 0.619 1.635 3.21143e-322 0 1.97626e-323 5.70755e-317 
 3.079 3.449 0.554203 9.57005e-321 1.55716e+142 3.0569 3.4248 0.4827 0.171987 -0.15108 -0.15682 0.634 1.659 3.21143e-322 0 1.97626e-323 5.70755e-317 
 3.11 3.461 0.548164 9.57005e-321 1.55716e+142 3.0829 3.4381 0.4653 0.168642 -0.136228 -0.144391 0.635 1.671 3.21143e-322 0 1.97626e-323 5.70755e-317 
 3.132 3.463 0.532913 9.57005e-321 1.55716e+142 3.1088 3.4509 0.4474 0.176334 -0.0850765 -0.0866279 0.664 1.676 3.21143e-322 0 1.97626e-323 5.70755e-317 
 3.146 3.469 0.519092 9.57005e-321 1.55716e+142 3.1261 3.4591 0.4352 0.179819 -0.0838929 -0.0837808 0.665 1.683 3.21143e-322 0 1.97626e-323 5.70755e-317 
 3.174 3.475 0.509589 9.57005e-321 1.55716e+142 3.1304 3.4611 0.4321 0.160041 -0.0136316 -0.0153304 0.689 1.691 3.21143e-322 0 1.97626e-323 5.70755e-317 
 3.193 3.496 0.500903 9.57005e-321 1.55716e+142 3.1648 3.4765 0.4069 0.16926 -0.133851 -0.141394 0.692 1.697 3.21143e-322 0 1.97626e-323 5.70755e-317 
 3.19 3.495 0.496528 9.57005e-321 1.55716e+142 3.1863 3.4856 0.3907 0.192224 -0.167528 -0.155606 0.695 1.705 3.21143e-322 0 1.97626e-323 5.70755e-317 
 3.193 3.5 0.483377 9.57005e-321 1.55716e+142 3.1949 3.4892 0.3841 0.196312 -0.189739 -0.172249 0.698 1.712 3.21143e-322 0 1.97626e-323 5.70755e-317 
 3.213 3.503 0.465792 9.57005e-321 1.55716e+142 3.1906 3.4874 0.3874 0.175738 -0.118369 -0.120651 0.7 1.717 3.21143e-322 0 1.97626e-323 5.70755e-317 
 3.225 3.522 0.44576 9.57005e-321 1.55716e+142 3.2206 3.4993 0.364 0.187748 -0.234582 -0.22122 0.703 1.725 3.21143e-322 0 1.97626e-323 5.70755e-317 
 3.251 3.544 0.4308 9.57005e-321 1.55716e+142 3.2292 3.5026 0.3571 0.167887 -0.309574 -0.320468 0.752 1.759 3.21143e-322 0 1.97626e-323 5.70755e-317 
 3.275 3.558 0.405224 9.57005e-321 1.55716e+142 3.2634 3.5149 0.3293 0.176544 -0.35973 -0.351537 0.758 1.766 3.21143e-322 0 1.97626e-323 5.70755e-317 
 3.295 3.569 0.370633 9.57005e-321 1.55716e+142 3.2805 3.5206 0.315 0.174083 -0.375928 -0.370732 0.762 1.772 3.21143e-322 0 1.97626e-323 5.70755e-317 
 3.325 3.593 0.332432 9.57005e-321 1.55716e+142 3.3061 3.5287 0.2932 0.168566 -0.475967 -0.470226 0.853 1.82 3.21143e-322 0 1.97626e-323 5.70755e-317 
 3.331 3.592 0.291793 9.57005e-321 1.55716e+142 3.336 3.5374 0.2672 0.192867 -0.436644 -0.386967 0.884 1.817 3.21143e-322 0 1.97626e-323 5.70755e-317 
 3.336 3.59 0.241657 9.57005e-321 1.55716e+142 3.3488 3.5408 0.2558 0.202517 -0.365709 -0.314275 0.894 1.825 3.21143e-322 0 1.97626e-323 5.70755e-317 
 3.339 3.592 0.195571 9.57005e-321 1.55716e+142 3.3445 3.5397 0.2596 0.197177 -0.324886 -0.28832 0.927 1.842 3.21143e-322 0 1.97626e-323 5.70755e-317 
 3.353 3.609 0.1566 9.57005e-321 1.55716e+142 3.3488 3.5408 0.2558 0.188797 -0.398659 -0.363219 0.938 1.85 3.21143e-322 0 1.97626e-323 5.70755e-317 
 3.364 3.616 0.122824 9.57005e-321 1.55716e+142 3.3658 3.5451 0.2405 0.195478 -0.401628 -0.354228 0.948 1.857 3.21143e-322 0 1.97626e-323 5.70755e-317 
 3.369 3.642 0.0808731 9.57005e-321 1.55716e+142 3.3786 3.5482 0.2289 0.204701 -0.531027 -0.436859 0.958 1.865 3.21143e-322 0 1.97626e-323 5.70755e-317 
 3.4 3.672 0.0366208 9.57005e-321 1.55716e+142 3.3913 3.5511 0.2172 0.193837 -0.692005 -0.523599 0.968 1.872 3.21143e-322 0 1.97626e-323 5.70755e-317 
 3.403 3.669 -0.0216924 9.57005e-321 1.55716e+142 3.4253 3.5582 0.1854 0.223616 -0.555695 -0.420612 0.977 1.879 3.21143e-322 0 1.97626e-323 5.70755e-317 
 3.406 3.674 -0.0884497 9.57005e-321 1.55716e+142 3.4253 3.5582 0.1854 0.224111 -0.504119 -0.384719 0.986 1.885 3.21143e-322 0 1.97626e-323 5.70755e-317 
 3.443 3.68 -0.147325 9.57005e-321 1.55716e+142 3.4253 3.5582 0.1854 0.195935 -0.537254 -0.458482 0.993 1.891 3.21143e-322 0 1.97626e-323 5.70755e-317 
 3.47 3.672 -0.201108 9.57005e-321 1.55716e+142 3.4508 3.5627 0.1612 0.19421 -0.422503 -0.373235 1.01 1.885 3.21143e-322 0 1.97626e-323 5.70755e-317 
 3.516 3.687 -0.256597 9.57005e-321 1.55716e+142 3.4848 3.5677 0.1283 0.191332 -0.487263 -0.42982 1.019 1.89 3.21143e-322 0 1.97626e-323 5.70755e-317 
 3.521 3.68 -0.300994 9.57005e-321 1.55716e+142 3.5229 3.572 0.0907 0.217481 -0.308854 -0.250266 1.025 1.894 3.21143e-322 0 1.97626e-323 5.70755e-317 
 3.518 3.667 -0.350866 9.57005e-321 1.55716e+142 3.5272 3.5724 0.0864 0.218232 -0.144757 -0.118834 1.033 1.899 3.21143e-322 0 1.97626e-323 5.70755e-317 
 3.542 3.683 -0.379154 9.57005e-321 1.55716e+142 3.5272 3.5724 0.0864 0.205287 -0.281535 -0.242017 1.059 1.942 3.21143e-322 0 1.97626e-323 5.70755e-317 
 3.566 3.692 -0.397976 9.57005e-321 1.55716e+142 3.5399 3.5734 0.0737 0.201315 -0.355825 -0.308024 1.067 1.949 3.21143e-322 0 1.97626e-323 5.70755e-317 
 3.611 3.705 -0.42856 9.57005e-321 1.55716e+142 3.5781 3.5756 0.0354 0.20529 -0.439284 -0.367655 1.077 1.957 3.21143e-322 0 1.97626e-323 5.70755e-317 
 3.631 3.692 -0.464173 9.57005e-321 1.55716e+142 3.6035 3.5762 0.0096 0.205318 -0.324887 -0.277477 1.085 1.963 3.21143e-322 0 1.97626e-323 5.70755e-317 
 3.646 3.674 -0.510702 9.57005e-321 1.55716e+142 3.6205 3.5763 -0.0077 0.198936 -0.176176 -0.158077 1.092 1.969 3.21143e-322 0 1.97626e-323 5.70755e-317 
 3.65 3.67 -0.544168 9.57005e-321 1.55716e+142 3.6459 3.5758 -0.0337 0.214273 -0.0530811 -0.0445614 1.1 1.975 3.21143e-322 0 1.97626e-323 5.70755e-317 
 3.66 3.663 -0.5629 9.57005e-321 1.55716e+142 3.6459 3.5758 -0.0337 0.202859 -0.032037 -0.0284192 1.105 1.979 3.21143e-322 0 1.97626e-323 5.70755e-317 
 3.678 3.657 -0.568986 9.57005e-321 1.55716e+142 3.6544 3.5755 -0.0424 0.193909 -0.0414077 -0.0384186 1.113 1.986 3.21143e-322 0 1.97626e-323 5.70755e-317 
 3.699 3.646 -0.573512 9.57005e-321 1.55716e+142 3.6671 3.5749 -0.0554 0.183876 -0.0254745 -0.0249324 1.119 1.99 3.21143e-322 0 1.97626e-323 5.70755e-317 
 3.712 3.641 -0.578078 9.57005e-321 1.55716e+142 3.6926 3.5732 -0.0814 0.193534 0.0287781 0.0267591 1.126 1.996 3.21143e-322 0 1.97626e-323 5.70755e-317 
 3.737 3.647 -0.581372 9.57005e-321 1.55716e+142 3.7011 3.5725 -0.0901 0.18625 -0.0868666 -0.083755 1.131 2 3.21143e-322 0 1.97626e-323 5.70755e-317 
 3.747 3.641 -0.583264 9.57005e-321 1.55716e+142 3.7266 3.5699 -0.1161 0.197811 -0.0216474 -0.0196956 1.138 2.006 3.21143e-322 0 1.97626e-323 5.70755e-317 
 3.769 3.651 -0.590243 9.57005e-321 1.55716e+142 3.7436 3.5678 -0.1333 0.20226 -0.119496 -0.105946 1.143 2.009 3.21143e-322 0 1.97626e-323 5.70755e-317 
 3.774 3.635 -0.593202 9.57005e-321 1.55716e+142 3.7648 3.5648 -0.1548 0.208504 0.00659441 0.00569286 1.14 1.979 3.21143e-322 0 1.97626e-323 5.70755e-317 
 3.799 3.631 -0.603926 9.57005e-321 1.55716e+142 3.7691 3.5641 -0.1591 0.192386 -0.0584845 -0.0546646 1.144 1.981 3.21143e-322 0 1.97626e-323 5.70755e-317 
 3.809 3.61 -0.60612 9.57005e-321 1.55716e+142 3.7903 3.5605 -0.1805 0.192785 0.0735544 0.0685688 1.15 1.984 3.21143e-322 0 1.97626e-323 5.70755e-317 
 3.824 3.599 -0.612354 9.57005e-321 1.55716e+142 3.7946 3.5597 -0.1847 0.180014 0.0876265 0.0873964 1.155 1.986 3.21143e-322 0 1.97626e-323 5.70755e-317 
 3.838 3.588 -0.610189 9.57005e-321 1.55716e+142 3.8159 3.5556 -0.2059 0.183526 0.138974 0.135469 1.169 2.026 3.21143e-322 0 1.97626e-323 5.70755e-317 
 3.884 3.597 -0.608971 9.57005e-321 1.55716e+142 3.8287 3.5528 -0.2186 0.167765 -0.100878 -0.107815 1.173 2.03 3.21143e-322 0 1.97626e-323 5.70755e-317 
 3.905 3.57 -0.608146 9.57005e-321 1.55716e+142 3.8543 3.5469 -0.2437 0.161619 0.0221384 0.0246513 1.207 2.062 3.21143e-322 0 1.97626e-323 5.70755e-317 
 3.924 3.564 -0.609784 9.57005e-321 1.55716e+142 3.8885 3.5378 -0.2767 0.176298 0.0419093 0.0427633 1.213 2.067 3.21143e-322 0 1.97626e-323 5.70755e-317 
 3.935 3.545 -0.609013 9.57005e-321 1.55716e+142 3.9056 3.5329 -0.2929 0.174516 0.139685 0.14309 1.219 2.072 3.21143e-322 0 1.97626e-323 5.70755e-317 
 3.958 3.535 -0.60849 9.57005e-321 1.55716e+142 3.927 3.5262 -0.3131 0.173005 0.13119 0.135656 1.225 2.077 3.21143e-322 0 1.97626e-323 5.70755e-317 
 3.97 3.517 -0.605752 9.57005e-321 1.55716e+142 3.9484 3.5191 -0.3329 0.175696 0.219298 0.221001 1.23 2.082 3.21143e-322 0 1.97626e-323 5.70755e-317 
 4.016 3.508 -0.601211 9.57005e-321 1.55716e+142 3.957 3.5161 -0.3408 0.146259 0.0733891 0.0900752 1.234 2.086 3.21143e-322 0 1.97626e-323 5.70755e-317 
 4.014 3.483 -0.591661 9.57005e-321 1.55716e+142 4 3.5 0 0.147911 0.676695 0.523599 1.24 2.09 3.21143e-322 0 1.97626e-323 5.70755e-317 
 4.019 3.48 -0.586367 9.57005e-321 1.55716e+142 4.0129 3.4948 -0.3907 0.184831 0.286391 0.271993 1.246 2.096 3.21143e-322 0 1.97626e-323 5.70755e-317 
 4.028 3.469 -0.535633 9.57005e-321 1.55716e+142 4.0302 3.4876 -0.4054 0.192157 0.275691 0.252728 1.25 2.1 3.21143e-322 0 1.97626e-323 5.70755e-317 
 4.049 3.465 -0.509812 9.57005e-321 1.55716e+142 4.0345 3.4857 -0.4091 0.179265 0.198734 0.196962 1.255 2.104 3.21143e-322 0 1.97626e-323 5.70755e-317 
 4.061 3.452 -0.482611 9.57005e-321 1.55716e+142 4.0474 3.4801 -0.4198 0.178032 0.216087 0.215095 1.259 2.108 3.21143e-322 0 1.97626e-323 5.70755e-317 
 4.077 3.448 -0.462746 9.57005e-321 1.55716e+142 4.0647 3.4722 -0.4338 0.181057 0.158635 0.15642 1.264 2.112 3.21143e-322 0 1.97626e-323 5.70755e-317 
 4.101 3.454 -0.441075 9.57005e-321 1.55716e+142 4.082 3.4641 -0.4475 0.181143 0.000843117 0.000837798 1.267 2.115 3.21143e-322 0 1.97626e-323 5.70755e-317 
 4.116 3.44 -0.428823 9.57005e-321 1.55716e+142 4.0992 3.4557 -0.4608 0.180781 0.0211921 0.0210974 1.272 2.119 3.21143e-322 0 1.97626e-323 5.70755e-317 
 4.138 3.435 -0.426934 9.57005e-321 1.55716e+142 4.1208 3.4448 -0.4771 0.182446 -0.0420984 -0.0415101 1.275 2.122 3.21143e-322 0 1.97626e-323 5.70755e-317 
 4.143 3.417 -0.42523 9.57005e-321 1.55716e+142 4.1295 3.4404 -0.4835 0.180486 0.0577549 0.0575358 1.29 2.175 3.21143e-322 0 1.97626e-323 5.70755e-317 
 4.146 3.398 -0.425291 9.57005e-321 1.55716e+142 4.1467 3.4312 -0.496 0.188512 0.15611 0.147971 1.294 2.181 3.21143e-322 0 1.97626e-323 5.70755e-317 
 4.161 3.39 -0.42027 9.57005e-321 1.55716e+142 4.1596 3.4242 -0.5052 0.186337 0.141899 0.136225 1.303 2.217 3.21143e-322 0 1.97626e-323 5.70755e-317 
 4.173 3.384 -0.407841 9.57005e-321 1.55716e+142 4.1725 3.417 -0.5143 0.187296 0.113253 0.108415 1.308 2.226 3.21143e-322 0 1.97626e-323 5.70755e-317 
 4.197 3.391 -0.393871 9.57005e-321 1.55716e+142 4.1854 3.4096 -0.5233 0.182584 -0.0455091 -0.0448349 1.311 2.231 3.21143e-322 0 1.97626e-323 5.70755e-317 
 4.217 3.386 -0.384888 9.57005e-321 1.55716e+142 4.1983 3.4021 -0.5321 0.177227 -0.10252 -0.10375 1.316 2.24 3.21143e-322 0 1.97626e-323 5.70755e-317 
 4.232 3.389 -0.384975 9.57005e-321 1.55716e+142 4.2112 3.3945 -0.5408 0.178915 -0.195067 -0.193786 1.32 2.246 3.21143e-322 0 1.97626e-323 5.70755e-317 
 4.239 3.387 -0.386704 9.57005e-321 1.55716e+142 4.2283 3.3841 -0.5522 0.189715 -0.23529 -0.219639 1.323 2.252 3.21143e-322 0 1.97626e-323 5.70755e-317 
 4.266 3.384 -0.389355 9.57005e-321 1.55716e+142 4.2326 3.3815 -0.555 0.171504 -0.303644 -0.30851 1.327 2.259 3.21143e-322 0 1.97626e-323 5.70755e-317 
 4.274 3.385 -0.393412 9.57005e-321 1.55716e+142 4.2539 3.3681 -0.5689 0.1873 -0.374268 -0.345273 1.33 2.263 3.21143e-322 0 1.97626e-323 5.70755e-317 
 4.334 3.391 -0.415118 9.57005e-321 1.55716e+142 4.2539 3.3681 -0.5689 0.145003 -0.608328 -0.523599 1.333 2.269 3.21143e-322 0 1.97626e-323 5.70755e-317 
 4.343 3.347 -0.457926 9.57005e-321 1.55716e+142 4.2964 3.3402 -0.5958 0.165165 -0.367696 -0.38113 1.337 2.276 3.21143e-322 0 1.97626e-323 5.70755e-317 
 4.341 3.309 -0.524004 9.57005e-321 1.55716e+142 4.3217 3.3228 -0.6115 0.178498 -0.0800006 -0.0804997 1.34 2.281 3.21143e-322 0 1.97626e-323 5.70755e-317 
 4.353 3.275 -0.560737 9.57005e-321 1.55716e+142 4.3343 3.3139 -0.6191 0.167885 0.117445 0.12526 1.343 2.286 3.21143e-322 0 1.97626e-323 5.70755e-317 
 4.367 3.273 -0.564621 9.57005e-321 1.55716e+142 4.3635 3.2927 -0.6368 0.187675 0.0334503 0.0320714 1.345 2.29 3.21143e-322 0 1.97626e-323 5.70755e-317 
 4.4 3.263 -0.561031 9.57005e-321 1.55716e+142 4.3677 3.2897 -0.6393 0.162904 -0.0445801 -0.0492187 1.353 2.345 3.21143e-322 0 1.97626e-323 5.70755e-317 
 4.416 3.27 -0.561869 9.57005e-321 1.55716e+142 4.3967 3.2678 -0.6564 0.18608 -0.199444 -0.190585 1.355 2.352 3.21143e-322 0 1.97626e-323 5.70755e-317 
 4.416 3.276 -0.566555 9.57005e-321 1.55716e+142 4.4008 3.2646 -0.6588 0.193737 -0.238397 -0.217975 1.353 2.399 3.21143e-322 0 1.97626e-323 5.70755e-317 
 4.439 3.273 -0.580449 9.57005e-321 1.55716e+142 4.4008 3.2646 -0.6588 0.176349 -0.307366 -0.304004 1.356 2.407 3.21143e-322 0 1.97626e-323 5.70755e-317 
 4.445 3.289 -0.606645 9.57005e-321 1.55716e+142 4.4131 3.255 -0.6661 0.195723 -0.416204 -0.365564 1.357 2.414 3.21143e-322 0 1.97626e-323 5.70755e-317 
 4.452 3.296 -0.641205 9.57005e-321 1.55716e+142 4.4213 3.2486 -0.6709 0.205912 -0.452764 -0.37687 1.36 2.423 3.21143e-322 0 1.97626e-323 5.70755e-317 
 4.458 3.301 -0.685084 9.57005e-321 1.55716e+142 4.4131 3.255 -0.6661 0.198104 -0.461276 -0.396881 1.374 2.483 3.21143e-322 0 1.97626e-323 5.70755e-317 
 4.464 3.29 -0.732059 9.57005e-321 1.55716e+142 4.4172 3.2518 -0.6685 0.193831 -0.382359 -0.341189 1.378 2.495 3.21143e-322 0 1.97626e-323 5.70755e-317 
 4.477 3.287 -0.77811 9.57005e-321 1.55716e+142 4.4254 3.2453 -0.6733 0.194925 -0.381846 -0.338998 1.38 2.506 3.21143e-322 0 1.97626e-323 5.70755e-317 
 4.487 3.284 -0.816108 9.57005e-321 1.55716e+142 4.4336 3.2388 -0.678 0.197528 -0.371846 -0.326707 1.383 2.516 3.21143e-322 0 1.97626e-323 5.70755e-317 
 4.497 3.281 -0.854225 9.57005e-321 1.55716e+142 4.4417 3.2322 -0.6827 0.200156 -0.361033 -0.313939 1.385 2.525 3.21143e-322 0 1.97626e-323 5.70755e-317 
 4.515 3.265 -0.892863 9.57005e-321 1.55716e+142 4.4498 3.2256 -0.6874 0.189421 -0.344718 -0.316557 1.388 2.535 3.21143e-322 0 1.97626e-323 5.70755e-317 
 4.538 3.237 -0.930353 9.57005e-321 1.55716e+142 4.466 3.2123 -0.6968 0.176323 -0.301335 -0.298431 1.39 2.544 3.21143e-322 0 1.97626e-323 5.70755e-317 
 4.553 3.229 -0.966705 9.57005e-321 1.55716e+142 4.49 3.1919 -0.7107 0.190739 -0.268633 -0.248279 1.392 2.551 3.21143e-322 0 1.97626e-323 5.70755e-317 
 4.585 3.207 -0.997085 9.57005e-321 1.55716e+142 4.5059 3.1782 -0.7198 0.178468 -0.32291 -0.314849 1.464 2.591 3.21143e-322 0 1.97626e-323 5.70755e-317 
 4.592 3.207 -1.02527 9.57005e-321 1.55716e+142 4.5256 3.1607 -0.7312 0.198029 -0.278549 -0.247978 1.47 2.601 3.21143e-322 0 1.97626e-323 5.70755e-317 
 4.622 3.184 -1.0598 9.57005e-321 1.55716e+142 4.5412 3.1466 -0.7403 0.18651 -0.318673 -0.298368 1.477 2.612 3.21143e-322 0 1.97626e-323 5.70755e-317 
 4.622 3.179 -1.08794 9.57005e-321 1.55716e+142 4.5567 3.1324 -0.7493 0.199798 -0.219247 -0.195011 1.482 2.619 3.21143e-322 0 1.97626e-323 5.70755e-317 
 4.653 3.178 -1.12247 9.57005e-321 1.55716e+142 4.5682 3.1216 -0.756 0.202281 -0.338928 -0.292919 1.487 2.628 3.21143e-322 0 1.97626e-323 5.70755e-317 
 4.65 3.142 -1.14228 9.57005e-321 1.55716e+142 4.5796 3.1108 -0.7627 0.186038 -0.16776 -0.160912 1.493 2.639 3.21143e-322 0 1.97626e-323 5.70755e-317 
 4.662 3.09 -1.17833 9.57005e-321 1.55716e+142 4.5872 3.1035 -0.7672 0.147376 -0.0615652 -0.0750521 1.498 2.647 3.21143e-322 0 1.97626e-323 5.70755e-317 
 4.665 3.078 -1.19108 9.57005e-321 1.55716e+142 4.621 3.0704 -0.7873 0.175123 0.101843 0.104299 1.503 2.655 3.21143e-322 0 1.97626e-323 5.70755e-317 
 4.663 3.043 -1.19636 9.57005e-321 1.55716e+142 4.6358 3.0555 -0.7962 0.164558 0.273624 0.290816 1.508 2.662 3.21143e-322 0 1.97626e-323 5.70755e-317 
 4.665 3.005 -1.19166 9.57005e-321 1.55716e+142 4.6467 3.0442 -0.8028 0.147041 0.407691 0.462908 1.512 2.668 3.21143e-322 0 1.97626e-323 5.70755e-317 
 4.704 2.903 -1.17071 9.57005e-321 1.55716e+142 4.7002 2.987 -0.8364 0.121778 0.618222 0.523599 1.519 2.681 3.21143e-322 0 1.97626e-323 5.70755e-317 
 4.711 2.884 -1.13169 9.57005e-321 1.55716e+142 4.7312 2.9521 -0.8568 0.149541 0.688406 0.523599 1.525 2.69 3.21143e-322 0 1.97626e-323 5.70755e-317 
 4.737 2.882 -1.07255 9.57005e-321 1.55716e+142 4.7546 2.9247 -0.8728 0.172489 0.50455 0.484639 1.528 2.695 3.21143e-322 0 1.97626e-323 5.70755e-317 
 4.761 2.861 -1.00399 9.57005e-321 1.55716e+142 4.7644 2.9129 -0.8797 0.162949 0.385686 0.402754 1.56 2.682 3.21143e-322 0 1.97626e-323 5.70755e-317 
 4.785 2.848 -0.95607 9.57005e-321 1.55716e+142 4.7774 2.8971 -0.8891 0.161131 0.253345 0.2758 1.564 2.686 3.21143e-322 0 1.97626e-323 5.70755e-317 
 4.816 2.857 -0.92035 9.57005e-321 1.55716e+142 4.8028 2.8654 -0.908 0.187126 -0.0280624 -0.0269872 1.569 2.691 3.21143e-322 0 1.97626e-323 5.70755e-317 
 4.806 2.867 -0.896379 9.57005e-321 1.55716e+142 4.809 2.8574 -0.9127 0.208213 -0.04535 -0.0391851 1.575 2.697 3.21143e-322 0 1.97626e-323 5.70755e-317 
 4.804 2.915 -0.894063 9.57005e-321 1.55716e+142 4.8028 2.8654 -0.908 0.234065 -0.243397 -0.185035 1.578 2.7 3.21143e-322 0 1.97626e-323 5.70755e-317 
 4.828 2.901 -0.894232 9.57005e-321 1.55716e+142 4.787 2.8852 -0.8961 0.189725 -0.323286 -0.297606 1.584 2.705 3.21143e-322 0 1.97626e-323 5.70755e-317 
 4.848 2.887 -0.899113 9.57005e-321 1.55716e+142 4.7902 2.8813 -0.8985 0.174347 -0.38233 -0.375953 1.587 2.708 3.21143e-322 0 1.97626e-323 5.70755e-317 
 4.87 2.879 -0.9067 9.57005e-321 1.55716e+142 4.809 2.8574 -0.9127 0.185056 -0.478942 -0.435963 1.602 2.686 3.21143e-322 0 1.97626e-323 5.70755e-317 
 4.871 2.863 -0.939655 9.57005e-321 1.55716e+142 4.8182 2.8454 -0.92 0.187252 -0.385497 -0.354879 1.606 2.688 3.21143e-322 0 1.97626e-323 5.70755e-317 
 4.877 2.843 -0.990534 9.57005e-321 1.55716e+142 4.8273 2.8334 -0.9273 0.184157 -0.291303 -0.277388 1.611 2.691 3.21143e-322 0 1.97626e-323 5.70755e-317 
 4.873 2.801 -1.03103 9.57005e-321 1.55716e+142 4.8392 2.8174 -0.9371 0.171645 -0.0571809 -0.0598923 1.615 2.693 3.21143e-322 0 1.97626e-323 5.70755e-317 
 4.862 2.784 -1.05502 9.57005e-321 1.55716e+142 4.8567 2.7933 -0.9521 0.189552 0.114519 0.108322 1.66 2.699 3.21143e-322 0 1.97626e-323 5.70755e-317 
 4.874 2.748 -1.05865 9.57005e-321 1.55716e+142 4.8624 2.7852 -0.9572 0.165703 0.179015 0.192064 1.69 2.692 3.21143e-322 0 1.97626e-323 5.70755e-317 
 4.866 2.715 -1.05455 9.57005e-321 1.55716e+142 4.8792 2.761 -0.9727 0.171291 0.362133 0.363623 1.696 2.693 3.21143e-322 0 1.97626e-323 5.70755e-317 
 4.852 2.691 -1.05237 9.57005e-321 1.55716e+142 4.8955 2.7368 -0.9885 0.187048 0.535193 0.475598 1.705 2.695 3.21143e-322 0 1.97626e-323 5.70755e-317 
 4.892 2.688 -1.03962 9.57005e-321 1.55716e+142 4.9034 2.7247 -0.9966 0.177946 0.270874 0.267437 1.71 2.697 3.21143e-322 0 1.97626e-323 5.70755e-317 
 4.947 2.716 -0.989549 9.57005e-321 1.55716e+142 4.9137 2.7086 -1.0076 0.19026 -0.265019 -0.245663 1.718 2.698 3.21143e-322 0 1.97626e-323 5.70755e-317 
 4.947 2.711 -0.974469 9.57005e-321 1.55716e+142 4.9188 2.7005 -1.0132 0.194418 -0.266089 -0.241546 1.725 2.7 3.21143e-322 0 1.97626e-323 5.70755e-317 
 4.956 2.702 -0.978838 9.57005e-321 1.55716e+142 4.9213 2.6965 -1.016 0.187869 -0.287066 -0.268406 1.729 2.701 3.21143e-322 0 1.97626e-323 5.70755e-317 
 4.965 2.693 -0.984851 9.57005e-321 1.55716e+142 4.9263 2.6884 -1.0216 0.185617 -0.310034 -0.292054 1.735 2.702 3.21143e-322 0 1.97626e-323 5.70755e-317 
 4.975 2.689 -1.00545 9.57005e-321 1.55716e+142 4.9337 2.6763 -1.0302 0.191483 -0.346487 -0.314873 1.741 2.703 3.21143e-322 0 1.97626e-323 5.70755e-317 
 4.983 2.683 -1.03847 9.57005e-321 1.55716e+142 4.9385 2.6683 -1.036 0.192982 -0.346609 -0.312687 1.748 2.705 3.21143e-322 0 1.97626e-323 5.70755e-317 
 4.99 2.669 -1.07452 9.57005e-321 1.55716e+142 4.9433 2.6602 -1.0419 0.188656 -0.311161 -0.288596 1.753 2.706 3.21143e-322 0 1.97626e-323 5.70755e-317 
 4.995 2.663 -1.11189 9.57005e-321 1.55716e+142 4.9479 2.6522 -1.0478 0.191185 -0.287908 -0.264703 1.758 2.707 3.21143e-322 0 1.97626e-323 5.70755e-317 
 5.003 2.656 -1.14459 9.57005e-321 1.55716e+142 4.9549 2.6401 -1.0568 0.195954 -0.284094 -0.255271 1.805 2.691 3.21143e-322 0 1.97626e-323 5.70755e-317 
 5.01 2.648 -1.17331 9.57005e-321 1.55716e+142 4.9594 2.6321 -1.0629 0.195947 -0.277143 -0.249292 1.81 2.691 3.21143e-322 0 1.97626e-323 5.70755e-317 
 5.018 2.641 -1.20322 9.57005e-321 1.55716e+142 4.9638 2.624 -1.0691 0.196628 -0.279275 -0.250296 1.865 2.719 3.21143e-322 0 1.97626e-323 5.70755e-317 
 5.025 2.634 -1.23258 9.57005e-321 1.55716e+142 4.9682 2.616 -1.0753 0.197521 -0.274252 -0.244908 1.876 2.721 3.21143e-322 0 1.97626e-323 5.70755e-317 
 5.032 2.627 -1.26112 9.57005e-321 1.55716e+142 4.9725 2.608 -1.0816 0.19842 -0.270483 -0.24062 1.883 2.722 3.21143e-322 0 1.97626e-323 5.70755e-317 
 5.034 2.585 -1.28891 9.57005e-321 1.55716e+142 4.9768 2.6 -1.0881 0.170213 -0.175114 -0.183108 1.893 2.724 3.21143e-322 0 1.97626e-323 5.70755e-317 
 5.043 2.523 -1.31622 9.57005e-321 1.55716e+142 4.993 2.5681 -1.1145 0.146821 -0.0756705 -0.0925061 1.902 2.725 3.21143e-322 0 1.97626e-323 5.70755e-317 
 5.026 2.471 -1.3322 9.57005e-321 1.55716e+142 5.0169 2.5167 -1.1607 0.156272 0.208673 0.235883 1.908 2.726 3.21143e-322 0 1.97626e-323 5.70755e-317 
 5.03 2.456 -1.33189 9.57005e-321 1.55716e+142 5.0285 2.4893 -1.1874 0.169377 0.213014 0.222621 1.917 2.728 3.21143e-322 0 1.97626e-323 5.70755e-317 
 5.023 2.434 -1.32891 9.57005e-321 1.55716e+142 5.039 2.4622 -1.2157 0.178796 0.300948 0.294183 1.923 2.729 3.21143e-322 0 1.97626e-323 5.70755e-317 
 5.027 2.42 -1.32399 9.57005e-321 1.55716e+142 5.0446 2.4468 -1.2326 0.180872 0.286362 0.277621 1.954 2.758 3.21143e-322 0 1.97626e-323 5.70755e-317 
 5.032 2.403 -1.31123 9.57005e-321 1.55716e+142 5.0499 2.4315 -1.25 0.18018 0.260805 0.254878 1.96 2.76 3.21143e-322 0 1.97626e-323 5.70755e-317 
 5.036 2.371 -1.28319 9.57005e-321 1.55716e+142 5.056 2.4125 -1.2726 0.170891 0.257057 0.264418 1.97 2.764 3.21143e-322 0 1.97626e-323 5.70755e-317 
 5.036 2.353 -1.25715 9.57005e-321 1.55716e+142 5.0647 2.3824 -1.311 0.183757 0.221725 0.213869 1.977 2.766 3.21143e-322 0 1.97626e-323 5.70755e-317 
 5.039 2.339 -1.23367 9.57005e-321 1.55716e+142 5.0695 2.3638 -1.3363 0.187868 0.170143 0.161596 1.985 2.768 3.21143e-322 0 1.97626e-323 5.70755e-317 
 5.042 2.325 -1.21176 9.57005e-321 1.55716e+142 5.0729 2.3491 -1.3575 0.18802 0.125183 0.119274 1.992 2.771 3.21143e-322 0 1.97626e-323 5.70755e-317 
 5.082 2.289 -1.19415 9.57005e-321 1.55716e+142 5.0759 2.3345 -1.3794 0.157318 -0.118422 -0.134676 1.998 2.773 3.21143e-322 0 1.97626e-323 5.70755e-317 
 5.093 2.27 -1.18163 9.57005e-321 1.55716e+142 5.0819 2.2986 -1.438 0.16653 -0.280296 -0.294178 2.004 2.775 3.21143e-322 0 1.97626e-323 5.70755e-317 
 5.105 2.253 -1.18412 9.57005e-321 1.55716e+142 5.0853 2.2671 -1.4956 0.17306 -0.444262 -0.432852 2.05 2.83 3.21143e-322 0 1.97626e-323 5.70755e-317 
 5.119 2.231 -1.1904 9.57005e-321 1.55716e+142 5.086 2.2567 -1.5159 0.15908 -0.528191 -0.523599 2.057 2.834 3.21143e-322 0 1.97626e-323 5.70755e-317 
 5.102 2.204 -1.20961 9.57005e-321 1.55716e+142 5.0868 2.2363 -1.5583 0.156864 -0.406929 -0.436857 2.066 2.839 3.21143e-322 0 1.97626e-323 5.70755e-317 
 5.09 2.175 -1.26215 9.57005e-321 1.55716e+142 5.0866 2.2129 -1.6108 0.155045 -0.318222 -0.353888 2.074 2.844 3.21143e-322 0 1.97626e-323 5.70755e-317 
 5.145 2.181 -1.30636 9.57005e-321 1.55716e+142 5.0837 2.1774 -1.7002 0.179588 -0.886316 -0.523599 2.08 2.847 3.21143e-322 0 1.97626e-323 5.70755e-317 
 5.171 2.168 -1.34186 9.57005e-321 1.55716e+142 5.0841 2.1805 -1.6917 0.169026 -1.01667 -0.523599 2.088 2.853 3.21143e-322 0 1.97626e-323 5.70755e-317 
 5.174 2.158 -1.42324 9.57005e-321 1.55716e+142 5.0841 2.1805 -1.6917 0.1707 -0.960668 -0.523599 2.108 2.9 3.21143e-322 0 1.97626e-323 5.70755e-317 
 5.181 2.145 -1.53194 9.57005e-321 1.55716e+142 5.0829 2.171 -1.7173 0.180378 -0.946519 -0.523599 2.117 2.908 3.21143e-322 0 1.97626e-323 5.70755e-317 
 5.188 2.132 -1.63323 9.57005e-321 1.55716e+142 5.0814 2.1616 -1.7436 0.189565 -0.935499 -0.523599 2.134 2.928 3.21143e-322 0 1.97626e-323 5.70755e-317 
 5.195 2.12 -1.73342 9.57005e-321 1.55716e+142 5.0803 2.1554 -1.7615 0.19708 -0.910701 -0.523599 2.14 2.933 3.21143e-322 0 1.97626e-323 5.70755e-317 
 5.2 2.112 -1.8307 9.57005e-321 1.55716e+142 5.0791 2.1493 -1.7796 0.206835 -0.86113 -0.523599 2.149 2.959 3.21143e-322 0 1.97626e-323 5.70755e-317 
 5.207 2.101 -1.92806 9.57005e-321 1.55716e+142 5.0778 2.1432 -1.7981 0.214941 -0.824506 -0.523599 2.154 3.005 3.21143e-322 0 1.97626e-323 5.70755e-317 
 5.21 2.088 -2.02209 9.57005e-321 1.55716e+142 5.0756 2.1341 -1.8262 0.222488 -0.774389 -0.523599 2.16 3.014 3.21143e-322 0 1.97626e-323 5.70755e-317 
 5.171 2.039 -2.10987 9.57005e-321 1.55716e+142 5.074 2.1282 -1.8452 0.178544 -0.677214 -0.523599 2.172 3.031 3.21143e-322 0 1.97626e-323 5.70755e-317 
 5.19 2.023 -2.19409 9.57005e-321 1.55716e+142 5.0644 2.0991 -1.9442 0.21533 -0.759388 -0.523599 2.178 3.04 3.21143e-322 0 1.97626e-323 5.70755e-317 
 5.182 1.995 -2.2711 9.57005e-321 1.55716e+142 5.0561 2.0796 -2.0166 0.22001 -0.775594 -0.523599 2.183 3.047 3.21143e-322 0 1.97626e-323 5.70755e-317 
 5.2 1.981 -2.34977 9.57005e-321 1.55716e+142 5.0521 2.0715 -2.0483 0.239535 -0.805323 -0.523599 2.185 3.063 3.21143e-322 0 1.97626e-323 5.70755e-317 
 5.189 1.957 -2.43207 9.57005e-321 1.55716e+142 5.0493 2.0661 -2.0696 0.231429 -0.781026 -0.523599 2.191 3.072 3.21143e-322 0 1.97626e-323 5.70755e-317 
 5.198 1.985 -2.51828 9.57005e-321 1.55716e+142 5.0402 2.0504 -2.1341 0.271932 -0.527432 -0.335893 2.195 3.078 3.21143e-322 0 1.97626e-323 5.70755e-317 
 5.188 1.964 -2.60327 9.57005e-321 1.55716e+142 5.0449 2.0582 -2.1017 0.248127 -0.489994 -0.341529 2.201 3.088 3.21143e-322 0 1.97626e-323 5.70755e-317 
 5.195 1.953 -2.65765 9.57005e-321 1.55716e+142 5.0464 2.0608 -2.091 0.24783 -0.485332 -0.338899 2.206 3.095 3.21143e-322 0 1.97626e-323 5.70755e-317 
 5.201 1.952 -2.71289 9.57005e-321 1.55716e+142 5.0418 2.053 -2.1233 0.26248 -0.405656 -0.271325 2.211 3.103 3.21143e-322 0 1.97626e-323 5.70755e-317 
 5.21 1.943 -2.76428 9.57005e-321 1.55716e+142 5.0386 2.0479 -2.1449 0.274402 -0.377597 -0.242806 2.215 3.108 3.21143e-322 0 1.97626e-323 5.70755e-317 
 5.213 1.933 -2.80608 9.57005e-321 1.55716e+142 5.0402 2.0504 -2.1341 0.271517 -0.371269 -0.241333 2.22 3.116 3.21143e-322 0 1.97626e-323 5.70755e-317 
 5.17 1.896 -2.84593 9.57005e-321 1.55716e+142 5.0386 2.0479 -2.1449 0.232726 -0.484509 -0.358542 2.224 3.123 3.21143e-322 0 1.97626e-323 5.70755e-317 
 5.158 1.907 -2.88499 9.57005e-321 1.55716e+142 5.0246 2.0279 -2.2319 0.249441 -0.317904 -0.225502 2.228 3.128 3.21143e-322 0 1.97626e-323 5.70755e-317 
 5.168 1.895 -2.93626 9.57005e-321 1.55716e+142 5.0208 2.0231 -2.2536 0.262882 -0.302057 -0.203948 2.233 3.136 3.21143e-322 0 1.97626e-323 5.70755e-317 
 5.168 1.885 -2.96756 9.57005e-321 1.55716e+142 5.0188 2.0207 -2.2645 0.265199 -0.303939 -0.203441 2.236 3.141 3.21143e-322 0 1.97626e-323 5.70755e-317 
 5.072 1.873 -2.99992 9.57005e-321 1.55716e+142 5.0148 2.016 -2.2862 0.187458 -0.328833 -0.305843 2.24 3.147 3.21143e-322 0 1.97626e-323 5.70755e-317 
 5.061 1.867 -3.03095 9.57005e-321 1.55716e+142 5.0044 2.0045 -2.3401 0.193767 -0.298803 -0.270756 2.244 3.153 3.21143e-322 0 1.97626e-323 5.70755e-317 
 5.051 1.842 -3.06492 9.57005e-321 1.55716e+142 5.0044 2.0045 -2.3401 0.185864 -0.42086 -0.387025 2.246 3.157 3.21143e-322 0 1.97626e-323 5.70755e-317 
 5.017 1.836 -3.09507 9.57005e-321 1.55716e+142 5.0044 2.0045 -2.3401 0.156812 -0.456361 -0.482541 2.251 3.163 3.21143e-322 0 1.97626e-323 5.70755e-317 
 4.987 1.852 3.13992 9.57005e-321 1.55716e+142 5.0044 2.0045 -2.3401 0.128183 -0.345318 -0.451502 2.254 3.168 3.21143e-322 0 1.97626e-323 5.70755e-317 
 4.956 1.848 3.09342 9.57005e-321 1.55716e+142 5.0044 2.0045 -2.3401 0.101335 -0.385539 -0.523599 2.256 3.172 3.21143e-322 0 1.97626e-323 5.70755e-317 
 4.971 1.869 3.05671 9.57005e-321 1.55716e+142 5.0044 2.0045 -2.3401 0.108851 -0.195379 -0.312499 2.259 3.177 3.21143e-322 0 1.97626e-323 5.70755e-317 
 4.962 1.865 3.01617 9.57005e-321 1.55716e+142 5.0044 2.0045 -2.3401 0.100296 -0.21424 -0.367068 2.263 3.182 3.21143e-322 0 1.97626e-323 5.70755e-317 
 4.954 1.86 2.99348 9.57005e-321 1.55716e+142 5.0044 2.0045 -2.3401 0.0938747 -0.251414 -0.449204 2.266 3.186 3.21143e-322 0 1.97626e-323 5.70755e-317 
 4.951 1.855 2.97021 9.57005e-321 1.55716e+142 5.0044 2.0045 -2.3401 0.0918305 -0.277447 -0.498097 2.268 3.19 3.21143e-322 0 1.97626e-323 5.70755e-317 
 4.955 1.87 2.94414 9.57005e-321 1.55716e+142 5.0044 2.0045 -2.3401 0.0896938 -0.155263 -0.302053 2.271 3.194 3.21143e-322 0 1.97626e-323 5.70755e-317 
 4.958 1.867 2.91692 9.57005e-321 1.55716e+142 5.0044 2.0045 -2.3401 0.0915801 -0.151242 -0.288947 2.273 3.198 3.21143e-322 0 1.97626e-323 5.70755e-317 
 4.951 1.864 2.89484 9.57005e-321 1.55716e+142 5.0044 2.0045 -2.3401 0.0856883 -0.177245 -0.356426 2.276 3.202 3.21143e-322 0 1.97626e-323 5.70755e-317 
 4.971 1.88 2.87994 9.57005e-321 1.55716e+142 5.0044 2.0045 -2.3401 0.0958629 -0.00892884 -0.0167639 2.278 3.206 3.21143e-322 0 1.97626e-323 5.70755e-317 
 4.958 1.895 2.85989 9.57005e-321 1.55716e+142 5.0044 2.0045 -2.3401 0.0790538 0.0636225 0.143863 2.28 3.209 3.21143e-322 0 1.97626e-323 5.70755e-317 
 4.961 1.881 2.85734 9.57005e-321 1.55716e+142 5.0044 2.0045 -2.3401 0.0858309 -0.0183158 -0.0383921 2.283 3.212 3.21143e-322 0 1.97626e-323 5.70755e-317 
 4.938 1.883 2.85789 9.57005e-321 1.55716e+142 5.0044 2.0045 -2.3401 0.0666968 -0.0765933 -0.203838 2.285 3.216 3.21143e-322 0 1.97626e-323 5.70755e-317 
 4.917 1.881 2.85624 9.57005e-321 1.55716e+142 5.0044 2.0045 -2.3401 0.0505522 -0.15675 -0.509069 2.287 3.219 3.21143e-322 0 1.97626e-323 5.70755e-317 
 4.93 1.868 2.85095 9.57005e-321 1.55716e+142 5.0044 2.0045 -2.3401 0.0652865 -0.19506 -0.493424 2.288 3.221 3.21143e-322 0 1.97626e-323 5.70755e-317 
 4.919 1.856 2.83716 9.57005e-321 1.55716e+142 5.0044 2.0045 -2.3401 0.0606904 -0.298356 -0.523599 2.291 3.225 3.21143e-322 0 1.97626e-323 5.70755e-317 
 4.933 1.853 2.81841 9.57005e-321 1.55716e+142 5.0044 2.0045 -2.3401 0.0718925 -0.259391 -0.523599 2.292 3.227 3.21143e-322 0 1.97626e-323 5.70755e-317 
 4.906 1.84 2.78758 9.57005e-321 1.55716e+142 5.0044 2.0045 -2.3401 0.0560716 -0.411715 -0.523599 2.294 3.23 3.21143e-322 0 1.97626e-323 5.70755e-317 
 4.891 1.85 2.76187 9.57005e-321 1.55716e+142 5.0044 2.0045 -2.3401 0.0397828 -0.404831 -0.523599 2.296 3.233 3.21143e-322 0 1.97626e-323 5.70755e-317 
