 1.927 0.37 2.34373 0 0 1.5801 0.3062 1.7577 0 0 0 0.584 0.4 1.23483 0 0 0 
 1.921 0.373 2.34373 0 0 1.5801 0.3062 1.7577 0.279721 0.609064 0.373532 0.573 0.385 1.23486 0 0 0 
 1.934 0.371 2.34373 0 0 1.5801 0.3062 1.7577 0.286485 0.62432 0.373819 0.584 0.382 1.23478 0 0 0 
 1.966 0.387 2.34373 0 0 1.5801 0.3062 1.7577 0.297931 0.722774 0.411719 0.582 0.382 1.23484 0 0 0 
 1.967 0.388 2.34373 0 0 1.5801 0.3062 1.7577 0.29723 0.724387 0.413403 0.596 0.398 1.24075 0 0 0 
 1.961 0.379 2.34164 0 0 1.5789 0.3125 1.7685 0.29843 0.677461 0.38791 0.628 0.431 1.32212 0 0 0 
 1.938 0.391 2.34757 0 0 1.5801 0.3062 1.7577 0.277583 0.672425 0.411183 0.629 0.46 1.43223 0 0 0 
 1.937 0.392 2.38196 0 0 1.5789 0.3125 1.7685 0.286016 0.629766 0.377342 0.569 0.478 1.55987 0 0 0 
 1.933 0.434 2.41075 0 0 1.5776 0.3187 1.779 0.273013 0.687958 0.425824 0.601 0.509 1.64777 0 0 0 
 1.932 0.438 2.44705 0 0 1.5776 0.3187 1.779 0.27059 0.639964 0.402474 0.619 0.503 1.68906 0 0 0 
 1.931 0.441 2.47917 0 0 1.5718 0.3441 1.8185 0.286995 0.559349 0.337402 0.598 0.517 1.72998 0 0 0 
 1.886 0.466 2.49714 0 0 1.5718 0.3441 1.8185 0.256889 0.556391 0.371733 0.568 0.565 1.77021 0 0 0 
 1.869 0.498 2.5132 0 0 1.5718 0.3441 1.8185 0.237582 0.613891 0.435343 0.579 0.598 1.78603 0 0 0 
 1.836 0.518 2.54095 0 0 1.5639 0.3731 1.8586 0.227377 0.532613 0.399018 0.595 0.623 1.7939 0 0 0 
 1.8 0.538 2.5591 0 0 1.5568 0.396 1.8869 0.217899 0.479387 0.377059 0.552 0.628 1.80824 0 0 0 
 1.793 0.545 2.58895 0 0 1.5478 0.4224 1.9163 0.223597 0.383055 0.299116 0.574 0.639 1.84011 0 0 0 
 1.75 0.567 2.61757 0 0 1.5404 0.4424 1.9364 0.204281 0.304306 0.261973 0.546 0.618 1.8347 0 0 0 
 1.742 0.575 2.63031 0 0 1.5365 0.4525 1.9459 0.204022 0.283759 0.245307 0.535 0.636 1.83113 0 0 0 
 1.733 0.582 2.65195 0 0 1.5255 0.4796 1.9695 0.220474 0.20769 0.167965 0.456 0.607 1.8272 0 0 0 
 1.725 0.589 2.66748 0 0 1.5226 0.4864 1.975 0.217903 0.18851 0.154479 0.448 0.648 1.80687 0 0 0 
 1.728 0.582 2.67935 0 0 1.5196 0.4932 1.9804 0.228137 0.135928 0.106839 0.407 0.64 1.73822 0 0 0 
 1.721 0.588 2.69733 0 0 1.5226 0.4864 1.975 0.216216 0.145858 0.120835 0.425 0.677 1.65597 0 0 0 
 1.715 0.594 2.71303 0 0 1.5167 0.5001 1.9856 0.214075 0.0944042 0.0792116 0.459 0.708 1.58845 0 0 0 
 1.708 0.599 2.72019 0 0 1.5167 0.5001 1.9856 0.207368 0.0950693 0.0823356 0.465 0.726 1.51626 0 0 0 
 1.72 0.63 2.73241 0 0 1.5136 0.507 1.9907 0.209683 0.20947 0.177915 0.491 0.776 1.50388 0 0 0 
 1.739 0.673 2.74096 0 0 1.5042 0.5277 2.0052 0.226096 0.325974 0.253914 0.484 0.787 1.47305 0 0 0 
 1.735 0.682 2.74689 0 0 1.501 0.5346 2.0097 0.229477 0.325885 0.250263 0.446 0.751 1.44028 0 0 0 
 1.709 0.683 2.75422 0 0 1.491 0.5555 2.0227 0.224113 0.226207 0.179721 0.434 0.756 1.38628 0 0 0 
 1.705 0.69 2.75876 0 0 1.4842 0.5695 2.0307 0.229267 0.204017 0.158827 0.42 0.793 1.29523 0 0 0 
 1.605 0.685 2.76958 0 0 1.4807 0.5765 2.0345 0.160436 -0.00809473 -0.00908156 0.458 0.813 1.19831 0 0 0 
 1.595 0.691 2.77604 0 0 1.4664 0.6048 2.0488 0.174463 -0.0952335 -0.0979418 0.415 0.821 1.10621 0 0 0 
 1.586 0.697 2.78302 0 0 1.4627 0.6119 2.0521 0.171832 -0.112514 -0.117321 0.407 0.828 1.07069 0 0 0 
 1.577 0.703 2.7921 0 0 1.4571 0.6225 2.0568 0.170453 -0.15219 -0.159351 0.401 0.804 0.987694 0 0 0 
 1.569 0.708 2.80117 0 0 1.4533 0.6297 2.0599 0.166847 -0.176202 -0.187851 0.405 0.818 0.899729 0 0 0 
 1.553 0.72 2.80082 0 0 1.4476 0.6404 2.0642 0.152543 -0.203352 -0.235502 0.442 0.816 0.823532 0 0 0 
 1.537 0.73 2.79785 0 0 1.4457 0.6439 2.0657 0.137291 -0.180147 -0.231938 0.466 0.875 0.748589 0 0 0 
 1.529 0.736 2.79349 0 0 1.4379 0.6583 2.0711 0.135071 -0.223853 -0.289909 0.481 0.887 0.701926 0 0 0 
 1.524 0.734 2.78878 0 0 1.43 0.6727 2.0761 0.14662 -0.305916 -0.359263 0.447 0.855 0.659049 0 0 0 
 1.516 0.739 2.77778 0 0 1.428 0.6763 2.0773 0.148652 -0.29449 -0.342536 0.417 0.849 0.627357 0 0 0 
 1.509 0.744 2.77098 0 0 1.424 0.6835 2.0796 0.146234 -0.301788 -0.355673 0.423 0.876 0.605336 0 0 0 
 1.517 0.753 2.76452 0 0 1.42 0.6907 2.0819 0.147928 -0.259743 -0.306122 0.458 0.911 0.580895 0 0 0 
 1.511 0.758 2.7523 0 0 1.4179 0.6943 2.083 0.139843 -0.259517 -0.322385 0.484 0.922 0.525027 0 0 0 
 1.505 0.763 2.73764 0 0 1.4139 0.7015 2.0851 0.132444 -0.268715 -0.350153 0.515 0.945 0.46462 0 0 0 
 1.485 0.779 2.73066 0 0 1.4118 0.7052 2.0861 0.116884 -0.237491 -0.350622 0.513 0.965 0.41474 0 0 0 
 1.479 0.783 2.71356 0 0 1.4015 0.7233 2.091 0.123428 -0.29183 -0.402368 0.512 0.979 0.391583 0 0 0 
 1.473 0.788 2.69558 0 0 1.3973 0.7306 2.0928 0.123715 -0.297279 -0.408229 0.511 0.989 0.370981 0 0 0 
 1.467 0.793 2.6872 0 0 1.3931 0.7379 2.0945 0.128145 -0.332033 -0.436403 0.485 0.952 0.357724 0 0 0 
 1.461 0.797 2.67272 0 0 1.3889 0.7451 2.0961 0.134835 -0.356157 -0.443822 0.455 0.916 0.346266 0 0 0 
 1.456 0.801 2.66556 0 0 1.3868 0.7488 2.0969 0.116835 -0.386519 -0.523599 0.52 0.959 0.348608 0 0 0 
 1.451 0.805 2.65753 0 0 1.3826 0.7561 2.0984 0.120773 -0.434437 -0.523599 0.504 0.921 0.348496 0 0 0 
 1.446 0.809 2.64165 0 0 1.3804 0.7598 2.0991 0.111157 -0.426391 -0.523599 0.537 0.969 0.346942 0 0 0 
 1.416 0.794 2.62211 0 0 1.3762 0.7671 2.1005 0.102165 -0.63965 -0.523599 0.532 0.973 0.348763 0 0 0 
 1.41 0.797 2.61146 0 0 1.3762 0.7671 2.1005 0.0905289 -0.643708 -0.523599 0.561 1 0.351171 0 0 0 
 1.404 0.799 2.58877 0 0 1.374 0.7707 2.1012 0.104645 -0.669831 -0.523599 0.506 0.955 0.349331 0 0 0 
 1.399 0.802 2.5694 0 0 1.3719 0.7744 2.1018 0.10453 -0.71731 -0.523599 0.507 0.934 0.356064 0 0 0 
 1.393 0.804 2.5612 0 0 1.3676 0.7817 2.1031 0.10439 -0.804335 -0.523599 0.514 0.909 0.374023 0 0 0 
 1.388 0.806 2.54741 0 0 1.3654 0.7854 2.1037 0.100329 -0.841632 -0.523599 0.529 0.922 0.425191 0 0 0 
 1.383 0.808 2.53624 0 0 1.3632 0.7891 2.1042 0.0886174 -0.830728 -0.523599 0.568 0.989 0.463356 0 0 0 
 1.378 0.81 2.5214 0 0 1.3611 0.7927 2.1048 0.0821682 -0.903387 -0.523599 0.595 0.987 0.487826 0 0 0 
 1.373 0.812 2.51041 0 0 1.3589 0.7964 2.1053 0.0812439 -0.928434 -0.523599 0.598 0.993 0.488697 0 0 0 
 1.369 0.814 2.49837 0 0 1.3567 0.8001 2.1058 0.0835434 -0.928839 -0.523599 0.59 1.001 0.527901 0 0 0 
 1.364 0.816 2.47707 0 0 1.3545 0.8037 2.1063 0.076832 -0.965657 -0.523599 0.621 1.02 0.601301 0 0 0 
 1.379 0.848 2.4666 0 0 1.3524 0.8074 2.1068 0.0891334 -0.764756 -0.523599 0.571 0.987 0.661586 0 0 0 
 1.376 0.851 2.45735 0 0 1.3436 0.8221 2.1086 0.110103 -0.796002 -0.523599 0.525 0.938 0.736264 0 0 0 
 1.373 0.855 2.44269 0 0 1.3414 0.8258 2.1089 0.0997043 -0.884017 -0.523599 0.571 0.956 0.797944 0 0 0 
 1.367 0.867 2.43449 0 0 1.337 0.8332 2.1097 0.0921593 -0.939264 -0.523599 0.595 0.965 0.843112 0 0 0 
 1.364 0.871 2.42349 0 0 1.3304 0.8443 2.1106 0.0960691 -0.942879 -0.523599 0.594 0.988 0.910585 0 0 0 
 1.361 0.874 2.40691 0 0 1.3282 0.848 2.1109 0.0977777 -0.936907 -0.523599 0.587 1.006 0.980504 0 0 0 
 1.358 0.878 2.39347 0 0 1.326 0.8516 2.1112 0.105797 -1.04957 -0.523599 0.584 0.945 1.04816 0 0 0 
 1.356 0.881 2.37585 0 0 1.3237 0.8553 2.1114 0.106451 -1.05354 -0.523599 0.585 0.965 1.1019 0 0 0 
 1.353 0.884 2.35752 0 0 1.3215 0.859 2.1116 0.109664 -1.06904 -0.523599 0.578 0.97 1.16456 0 0 0 
 1.351 0.887 2.34653 0 0 1.3193 0.8627 2.1118 0.105479 -1.04775 -0.523599 0.581 1.018 1.20903 0 0 0 
 1.349 0.89 2.3364 0 0 1.3171 0.8664 2.112 0.0907464 -0.990214 -0.523599 0.607 1.081 1.27906 0 0 0 
 1.346 0.893 2.31633 0 0 1.3171 0.8664 2.112 0.0748443 -0.964589 -0.523599 0.649 1.094 1.33077 0 0 0 
 1.344 0.896 2.30324 0 0 1.3149 0.8701 2.1122 0.0828939 -1.03194 -0.523599 0.634 1.062 1.38628 0 0 0 
 1.342 0.898 2.28946 0 0 1.3126 0.8738 2.1124 0.0830085 -1.00103 -0.523599 0.631 1.061 1.43892 0 0 0 
 1.34 0.901 2.2734 0 0 1.3104 0.8775 2.1125 0.0842177 -0.936828 -0.523599 0.62 1.073 1.4802 0 0 0 
 1.338 0.903 2.25769 0 0 1.3082 0.8812 2.1126 0.0864664 -0.879476 -0.523599 0.61 1.092 1.49117 0 0 0 
 1.336 0.905 2.24844 0 0 1.3082 0.8812 2.1126 0.0784923 -0.814045 -0.523599 0.632 1.126 1.51062 0 0 0 
 1.334 0.908 2.23553 0 0 1.306 0.8849 2.1127 0.0803865 -0.823112 -0.523599 0.63 1.127 1.5189 0 0 0 
 1.333 0.91 2.22855 0 0 1.3037 0.8886 2.1128 0.072367 -0.781077 -0.523599 0.677 1.157 1.54654 0 0 0 
 1.331 0.912 2.22087 0 0 1.3037 0.8886 2.1128 0.0700451 -0.844223 -0.523599 0.691 1.139 1.56479 0 0 0 
 1.329 0.914 2.20568 0 0 1.3015 0.8923 2.1129 0.0785198 -0.943057 -0.523599 0.673 1.105 1.5908 0 0 0 
 1.328 0.916 2.19661 0 0 1.2993 0.896 2.1129 0.0767466 -0.897042 -0.523599 0.691 1.131 1.62206 0 0 0 
 1.326 0.918 2.18683 0 0 1.2993 0.896 2.1129 0.0673449 -0.749494 -0.523599 0.723 1.197 1.62375 0 0 0 
 1.325 0.92 2.17235 0 0 1.297 0.8997 2.113 0.0729113 -0.810603 -0.523599 0.71 1.177 1.63206 0 0 0 
 1.323 0.921 2.16624 0 0 1.2948 0.9034 2.113 0.0754584 -0.820113 -0.523599 0.712 1.183 1.67995 0 0 0 
 1.322 0.923 2.15926 0 0 1.2948 0.9034 2.113 0.0771723 -0.848127 -0.523599 0.704 1.175 1.70541 0 0 0 
 1.32 0.925 2.14896 0 0 1.2948 0.9034 2.113 0.0742354 -0.750346 -0.523599 0.7 1.22 1.69911 0 0 0 
 1.319 0.926 2.13762 0 0 1.2926 0.9071 2.113 0.087378 -0.663647 -0.523599 0.641 1.246 1.69585 0 0 0 
 1.318 0.928 2.12645 0 0 1.2926 0.9071 2.113 0.0853813 -0.687694 -0.523599 0.647 1.24 1.69127 0 0 0 
 1.317 0.929 2.11772 0 0 1.2903 0.9109 2.113 0.0856555 -0.653662 -0.523599 0.651 1.256 1.64448 0 0 0 
 1.316 0.931 2.10672 0 0 1.2903 0.9109 2.113 0.0888026 -0.628279 -0.523599 0.625 1.256 1.57516 0 0 0 
 1.314 0.932 2.09329 0 0 1.2881 0.9146 2.1129 0.0888527 -0.615058 -0.523599 0.627 1.265 1.51832 0 0 0 
 1.313 0.934 2.08456 0 0 1.2881 0.9146 2.1129 0.0934257 -0.593882 -0.523599 0.591 1.257 1.44234 0 0 0 
 1.312 0.935 2.0699 0 0 1.2859 0.9183 2.1129 0.0944176 -0.583488 -0.523599 0.586 1.261 1.35689 0 0 0 
 1.311 0.936 2.06222 0 0 1.2859 0.9183 2.1129 0.0947891 -0.666126 -0.523599 0.586 1.252 1.24536 0 0 0 
 1.31 0.937 2.04756 0 0 1.2859 0.9183 2.1129 0.112055 -0.790335 -0.523599 0.563 1.231 1.1551 0 0 0 
 1.309 0.938 2.03238 0 0 1.2836 0.922 2.1128 0.127552 -0.658701 -0.523599 0.514 1.235 1.06528 0 0 0 
 1.309 0.94 2.01946 0 0 1.2836 0.922 2.1128 0.133827 -0.505763 -0.523599 0.474 1.234 0.980729 0 0 0 
 1.308 0.941 2.00881 0 0 1.2836 0.922 2.1128 0.130755 -0.44753 -0.523599 0.481 1.255 0.865371 0 0 0 
 1.307 0.942 1.98997 0 0 1.2814 0.9257 2.1127 0.122724 -0.376798 -0.504878 0.528 1.33 0.745356 0 0 0 
 1.306 0.943 1.97077 0 0 1.2814 0.9257 2.1127 0.12401 -0.270415 -0.374031 0.529 1.384 0.618833 0 0 0 
 1.305 0.944 1.95384 0 0 1.2814 0.9257 2.1127 0.124333 -0.154702 -0.220331 0.549 1.466 0.507698 0 0 0 
 1.305 0.945 1.92783 0 0 1.2792 0.9294 2.1126 0.12248 -0.162956 -0.235058 0.566 1.467 0.393972 0 0 0 
 1.304 0.945 1.90724 0 0 1.2792 0.9294 2.1126 0.11335 -0.229446 -0.34941 0.603 1.458 0.269421 0 0 0 
 1.303 0.946 1.89153 0 0 1.2792 0.9294 2.1126 0.107728 -0.253994 -0.401358 0.625 1.461 0.197141 0 0 0 
 1.302 0.947 1.87809 0 0 1.2792 0.9294 2.1126 0.102421 -0.207821 -0.350182 0.658 1.501 0.166005 0 0 0 
 1.302 0.948 1.86762 0 0 1.2769 0.9331 2.1125 0.0999215 -0.171947 -0.300376 0.686 1.524 0.145173 0 0 0 
 1.301 0.949 1.86047 0 0 1.2769 0.9331 2.1125 0.0944405 -0.244518 -0.436114 0.696 1.498 0.125952 0 0 0 
 1.301 0.949 1.85244 0 0 1.2769 0.9331 2.1125 0.090784 -0.253696 -0.466053 0.713 1.499 0.112308 0 0 0 
 1.3 0.95 1.8404 0 0 1.2769 0.9331 2.1125 0.0859361 -0.37508 -0.523599 0.721 1.454 0.117156 0 0 0 
 1.299 0.951 1.83237 0 0 1.2747 0.9368 2.1124 0.0835071 -0.35739 -0.523599 0.742 1.467 0.128953 0 0 0 
 1.299 0.952 1.82399 0 0 1.2747 0.9368 2.1124 0.0761857 -0.349697 -0.523599 0.779 1.479 0.186725 0 0 0 
 1.298 0.952 1.80758 0 0 1.2747 0.9368 2.1124 0.0746168 -0.368202 -0.523599 0.789 1.48 0.250114 0 0 0 
 1.917 0.397 2.23692 0 0 1.5769 0.3219 1.7841 0.23762 0.87555 0.523599 1 1 1.12333 0 0 0 
 1.939 0.391 2.23692 0 0 1.5769 0.3219 1.7841 0.253577 0.891523 0.523599 1 1 1.12333 0 0 0 
 1.94 0.391 2.2371 0 0 1.5769 0.3219 1.7841 0.254173 0.892678 0.523599 1 1 1.12333 0 0 0 
 1.941 0.391 2.23692 0 0 1.5789 0.3125 1.7685 0.248969 0.905018 0.523599 1 1 1.12333 0 0 0 
 1.942 0.391 2.23745 0 0 1.5789 0.3125 1.7685 0.249933 0.903314 0.523599 1 1 1.15202 0 0 0 
 1.943 0.39 2.2378 0 0 1.5789 0.3125 1.7685 0.251914 0.894749 0.523599 1 1 1.2622 0 0 0 
 1.946 0.418 2.2624 0 0 1.5789 0.3125 1.7685 0.242619 0.933399 0.523599 1 1 1.38108 0 0 0 
 1.94 0.437 2.28265 0 0 1.5741 0.3346 1.8041 0.24527 0.918084 0.523599 1 1 1.47724 0 0 0 
 1.898 0.457 2.33134 0 0 1.5718 0.3441 1.8185 0.218162 0.840921 0.523599 1 1 1.55984 0 0 0 
 1.896 0.46 2.37881 0 0 1.5718 0.3441 1.8185 0.217872 0.787167 0.523599 1 1 1.63145 0 0 0 
 1.895 0.463 2.39819 0 0 1.5666 0.3634 1.8457 0.227984 0.735391 0.523599 1 1 1.69401 0 0 0 
 1.9 0.489 2.42873 0 0 1.5648 0.3699 1.8544 0.225405 0.767241 0.523599 1 1 1.74342 0 0 0 
 1.899 0.493 2.45177 0 0 1.5648 0.3699 1.8544 0.224029 0.748529 0.523599 1 1 1.78341 0 0 0 
 1.879 0.52 2.48091 0 0 1.5589 0.3894 1.8791 0.211185 0.739916 0.523599 1 1 1.81859 0 0 0 
 1.852 0.539 2.50186 0 0 1.5589 0.3894 1.8791 0.218729 0.686149 0.514027 0.819 0.953 1.84534 0 0 0 
 1.869 0.548 2.5235 0 0 1.5478 0.4224 1.9163 0.280167 0.626603 0.382725 0.492 0.948 1.8751 0 0 0 
 1.847 0.582 2.56032 0 0 1.5466 0.4257 1.9197 0.264182 0.65165 0.417854 0.439 0.969 1.84357 0 0 0 
 1.843 0.589 2.58161 0 0 1.5441 0.4324 1.9265 0.265478 0.624634 0.400613 0.407 0.988 1.68773 0 0 0 
 1.746 0.593 2.60273 0 0 1.5338 0.4592 1.9521 0.226442 0.435672 0.333391 0.362 1.023 1.49208 0 0 0 
 1.738 0.599 2.63781 0 0 1.5311 0.466 1.958 0.224837 0.381389 0.296341 0.316 1.007 1.29591 0 0 0 
 1.729 0.605 2.65876 0 0 1.5167 0.5001 1.9856 0.236632 0.266968 0.200352 0.33 1.058 1.09311 0 0 0 
 1.722 0.612 2.6804 0 0 1.5136 0.507 1.9907 0.234322 0.237263 0.18028 0.357 1.118 0.887098 0 0 0 
 1.714 0.617 2.72002 0 0 1.5121 0.5104 1.9932 0.229843 0.181984 0.141566 0.333 1.123 0.679839 0 0 0 
 1.703 0.647 2.74009 0 0 1.509 0.5173 1.9981 0.221592 0.244702 0.196214 0.3 1.117 0.47345 0 0 0 
 1.695 0.654 2.75667 0 0 1.4961 0.545 2.0163 0.229126 0.151821 0.118709 0.288 1.061 0.314281 0 0 0 
 1.688 0.661 2.77883 0 0 1.4944 0.5485 2.0185 0.223955 0.134196 0.107442 0.331 1.133 0.17606 0 0 0 
 1.675 0.685 2.78878 0 0 1.4893 0.559 2.0247 0.214858 0.178468 0.148414 0.388 1.149 0.100721 0 0 0 
 1.668 0.693 2.79751 0 0 1.4859 0.566 2.0287 0.210104 0.174462 0.148366 0.427 1.155 0.0250744 0 0 0 
 1.642 0.714 2.80885 0 0 1.4754 0.5871 2.0401 0.191987 0.169197 0.157321 0.512 1.159 -0.0455018 0 0 0 
 1.635 0.741 2.82264 0 0 1.4718 0.5942 2.0436 0.185793 0.244056 0.232182 0.513 1.168 -0.0803621 0 0 0 
 1.627 0.749 2.82892 0 0 1.4495 0.6368 2.0628 0.193524 0.108518 0.100594 0.537 1.138 -0.107697 0 0 0 
 1.62 0.757 2.83957 0 0 1.4457 0.6439 2.0657 0.186998 0.101946 0.0978178 0.55 1.126 -0.112959 0 0 0 
 1.613 0.765 2.84445 0 0 1.4418 0.6511 2.0684 0.179835 0.112685 0.112314 0.578 1.143 -0.108994 0 0 0 
 1.607 0.772 2.84934 0 0 1.434 0.6655 2.0736 0.173314 0.102596 0.106154 0.623 1.163 -0.106388 0 0 0 
 1.6 0.779 2.85615 0 0 1.432 0.6691 2.0749 0.163513 0.111525 0.122158 0.634 1.142 -0.105562 0 0 0 
 1.563 0.773 2.8633 0 0 1.428 0.6763 2.0773 0.136102 0.0573864 0.0757505 0.659 1.167 -0.105603 0 0 0 
 1.555 0.779 2.86976 0 0 1.422 0.6871 2.0808 0.126117 0.0554912 0.0790349 0.687 1.165 -0.081772 0 0 0 
 1.547 0.785 2.87447 0 0 1.4159 0.6979 2.0841 0.121382 0.00999644 0.0148228 0.679 1.138 -0.0515647 0 0 0 
 1.54 0.791 2.88076 0 0 1.4139 0.7015 2.0851 0.11682 0.0381167 0.0586643 0.687 1.161 0.0209009 0 0 0 
 1.517 0.792 2.88651 0 0 1.4098 0.7088 2.0872 0.105959 -0.0455352 -0.0771999 0.654 1.135 0.106092 0 0 0 
 1.496 0.775 2.88966 0 0 1.4036 0.7197 2.09 0.0899396 -0.175022 -0.336923 0.684 1.134 0.146169 0 0 0 
 1.488 0.779 2.89262 0 0 1.4036 0.7197 2.09 0.0909196 -0.22231 -0.41461 0.637 1.107 0.228817 0 0 0 
 1.48 0.782 2.89594 0 0 1.4015 0.7233 2.091 0.089885 -0.242242 -0.45166 0.62 1.109 0.285981 0 0 0 
 1.468 0.771 2.89821 0 0 1.3973 0.7306 2.0928 0.0734825 -0.209401 -0.473947 0.706 1.17 0.361247 0 0 0 
 1.46 0.773 2.89943 0 0 1.3994 0.7269 2.0919 0.0605033 -0.16667 -0.460323 0.718 1.158 0.400833 0 0 0 
 1.44 0.78 2.89402 0 0 1.3973 0.7306 2.0928 0.0411316 -0.115181 -0.466885 0.737 1.155 0.439199 0 0 0 
 1.432 0.783 2.88809 0 0 1.3868 0.7488 2.0969 0.0495815 -0.245524 -0.523599 0.708 1.159 0.543324 0 0 0 
 1.424 0.785 2.88198 0 0 1.3847 0.7524 2.0976 0.0424306 -0.211055 -0.523599 0.726 1.166 0.663337 0 0 0 
 1.416 0.779 2.87063 0 0 1.3826 0.7561 2.0984 0.0332442 -0.175099 -0.523599 0.772 1.173 0.741997 0 0 0 
 1.409 0.781 2.86365 0 0 1.3783 0.7634 2.0998 0.0278823 -0.404883 -0.523599 0.733 1.134 0.856571 0 0 0 
 1.403 0.782 2.85946 0 0 1.3804 0.7598 2.0991 0.0168831 -0.553664 -0.523599 0.716 1.123 0.973426 0 0 0 
 1.396 0.784 2.8537 0 0 1.3783 0.7634 2.0998 0.00666531 -0.384076 -0.523599 0.736 1.122 1.08213 0 0 0 
 1.39 0.785 2.85231 0 0 1.3762 0.7671 2.1005 0.00843735 -0.121683 -0.523599 0.744 1.117 1.16992 0 0 0 
 1.384 0.787 2.84829 0 0 1.3719 0.7744 2.1018 0.0189597 -0.152651 -0.523599 0.726 1.149 1.26733 0 0 0 
 1.378 0.788 2.8448 0 0 1.3719 0.7744 2.1018 0.0224245 -0.165789 -0.523599 0.734 1.193 1.35733 0 0 0 
 1.372 0.79 2.84445 0 0 1.3676 0.7817 2.1031 0.0198598 -0.233994 -0.523599 0.731 1.185 1.41376 0 0 0 
 1.367 0.791 2.84428 0 0 1.3654 0.7854 2.1037 0.0226417 -0.183189 -0.523599 0.757 1.229 1.45408 0 0 0 
 1.361 0.792 2.84428 0 0 1.3654 0.7854 2.1037 0.0288209 -0.157877 -0.523599 0.758 1.283 1.4718 0 0 0 
 1.356 0.794 2.84445 0 0 1.3611 0.7927 2.1048 0.0332174 -0.18574 -0.523599 0.758 1.308 1.49455 0 0 0 
 1.362 0.768 2.84393 0 0 1.3611 0.7927 2.1048 0.0500377 -0.32609 -0.523599 0.781 1.34 1.50059 0 0 0 
 1.357 0.767 2.84079 0 0 1.3589 0.7964 2.1053 0.0500973 -0.271328 -0.523599 0.821 1.362 1.49378 0 0 0 
 1.353 0.767 2.838 0 0 1.3719 0.7744 2.1018 0.0354755 -0.130017 -0.523599 0.827 1.354 1.47987 0 0 0 
 1.35 0.767 2.83433 0 0 1.3719 0.7744 2.1018 0.0470414 -0.26998 -0.523599 0.775 1.392 1.45069 0 0 0 
 1.348 0.75 2.83136 0 0 1.3697 0.778 2.1025 0.0561489 -0.464696 -0.523599 0.749 1.388 1.40771 0 0 0 
 1.344 0.749 2.82595 0 0 1.3697 0.778 2.1025 0.0549842 -0.421674 -0.523599 0.78 1.406 1.30545 0 0 0 
 1.341 0.747 2.81915 0 0 1.3762 0.7671 2.1005 0.0523778 -0.427157 -0.523599 0.757 1.408 1.20956 0 0 0 
 1.338 0.746 2.81374 0 0 1.3762 0.7671 2.1005 0.0557614 -0.520158 -0.523599 0.698 1.39 1.12144 0 0 0 
 1.334 0.745 2.80763 0 0 1.374 0.7707 2.1012 0.0620685 -0.55766 -0.523599 0.703 1.42 1.03417 0 0 0 
 1.348 0.761 2.7996 0 0 1.374 0.7707 2.1012 0.0790381 -0.482078 -0.523599 0.707 1.484 0.942582 0 0 0 
 1.364 0.746 2.79279 0 0 1.3719 0.7744 2.1018 0.104912 -0.625744 -0.523599 0.714 1.53 0.819366 0 0 0 
 1.365 0.763 2.78546 0 0 1.3826 0.7561 2.0984 0.0886061 -0.243913 -0.460041 0.737 1.536 0.701597 0 0 0 
 1.364 0.763 2.77429 0 0 1.3826 0.7561 2.0984 0.0846828 -0.503661 -0.523599 0.709 1.532 0.588648 0 0 0 
 1.363 0.763 2.76801 0 0 1.374 0.7707 2.1012 0.0988638 -0.518391 -0.523599 0.751 1.591 0.505191 0 0 0 
 1.363 0.763 2.76033 0 0 1.374 0.7707 2.1012 0.104643 -0.482324 -0.523599 0.794 1.638 0.43753 0 0 0 
 1.362 0.763 2.7427 0 0 1.374 0.7707 2.1012 0.107216 -0.436891 -0.523599 0.842 1.664 0.355709 0 0 0 
 1.361 0.764 2.73031 0 0 1.374 0.7707 2.1012 0.10921 -0.412602 -0.523599 0.865 1.678 0.27855 0 0 0 
 1.388 0.812 2.71844 0 0 1.374 0.7707 2.1012 0.113185 -0.045461 -0.0721716 0.897 1.714 0.244658 0 0 0 
 1.389 0.814 2.69837 0 0 1.3611 0.7927 2.1048 0.116932 -0.0442364 -0.0679904 0.914 1.677 0.231341 0 0 0 
 1.389 0.817 2.6879 0 0 1.3589 0.7964 2.1053 0.123657 -0.0507875 -0.0737943 0.927 1.707 0.218698 0 0 0 
 1.427 0.863 2.67167 0 0 1.3589 0.7964 2.1053 0.12943 0.328122 0.4281 0.955 1.714 0.226734 0 0 0 
 1.453 0.892 2.6598 0 0 1.3524 0.8074 2.1068 0.140943 0.504565 0.523599 0.973 1.722 0.227223 0 0 0 
 1.452 0.886 2.63903 0 0 1.3458 0.8185 2.1081 0.140839 0.499216 0.523599 0.991 1.696 0.230548 0 0 0 
 1.456 0.892 2.63328 0 0 1.3458 0.8185 2.1081 0.145815 0.57243 0.523599 1.043 1.734 0.240403 0 0 0 
 1.438 0.916 2.62821 0 0 1.3436 0.8221 2.1086 0.126968 0.758939 0.523599 1.068 1.733 0.289 0 0 0 
 1.44 0.922 2.62647 0 0 1.3282 0.848 2.1109 0.140121 0.726255 0.523599 1.074 1.737 0.329231 0 0 0 
 1.443 0.928 2.63869 0 0 1.3282 0.848 2.1109 0.157713 0.712152 0.523599 1.101 1.799 0.393889 0 0 0 
 1.445 0.933 2.6502 0 0 1.326 0.8516 2.1112 0.155362 0.803746 0.523599 1.106 1.763 0.459922 0 0 0 
 1.447 0.939 2.66696 0 0 1.3215 0.859 2.1116 0.165744 0.749657 0.523599 1.131 1.796 0.491882 0 0 0 
 1.449 0.944 2.68598 0 0 1.3215 0.859 2.1116 0.165536 0.759604 0.523599 1.135 1.793 0.535363 0 0 0 
 1.451 0.949 2.69872 0 0 1.3193 0.8627 2.1118 0.170581 0.739177 0.523599 1.167 1.811 0.586955 0 0 0 
 1.452 0.954 2.7153 0 0 1.3171 0.8664 2.112 0.171275 0.72443 0.523599 1.163 1.811 0.636174 0 0 0 
 1.454 0.958 2.73747 0 0 1.3149 0.8701 2.1122 0.177012 0.663094 0.523599 1.172 1.836 0.669703 0 0 0 
 1.456 0.963 2.75195 0 0 1.3149 0.8701 2.1122 0.176106 0.700991 0.523599 1.183 1.827 0.696919 0 0 0 
 1.457 0.967 2.76714 0 0 1.3126 0.8738 2.1124 0.182753 0.651829 0.523599 1.209 1.858 0.706727 0 0 0 
 1.459 0.971 2.79332 0 0 1.3104 0.8775 2.1125 0.187526 0.662669 0.523599 1.259 1.859 0.72352 0 0 0 
 1.461 0.975 2.80833 0 0 1.3082 0.8812 2.1126 0.192045 0.647202 0.523599 1.284 1.869 0.73983 0 0 0 
 1.462 0.979 2.82473 0 0 1.3082 0.8812 2.1126 0.194573 0.628202 0.523599 1.304 1.884 0.762696 0 0 0 
 1.463 0.983 2.85475 0 0 1.306 0.8849 2.1127 0.195829 0.575579 0.486621 1.293 1.893 0.79835 0 0 0 
 1.465 0.987 2.87203 0 0 1.306 0.8849 2.1127 0.198467 0.563386 0.47238 1.315 1.904 0.823851 0 0 0 
 1.466 0.99 2.88809 0 0 1.306 0.8849 2.1127 0.20114 0.517563 0.43375 1.333 1.928 0.842699 0 0 0 
 1.467 0.993 2.91601 0 0 1.3015 0.8923 2.1129 0.204406 0.487599 0.405575 1.347 1.922 0.851848 0 0 0 
 1.469 0.997 2.93242 0 0 1.3015 0.8923 2.1129 0.204729 0.489233 0.406215 1.346 1.922 0.855206 0 0 0 
 1.366 1.012 2.95458 0 0 1.2993 0.896 2.1129 0.153387 0.545107 0.523599 1.354 1.934 0.864526 0 0 0 
 1.361 1.016 2.98181 0 0 1.2658 0.9517 2.1116 0.170915 0.283468 0.290113 1.365 1.941 0.868511 0 0 0 
 1.357 1.02 3.00083 0 0 1.2636 0.9554 2.1114 0.16998 0.255807 0.264538 1.375 1.948 0.868223 0 0 0 
 1.353 1.023 3.02352 0 0 1.2613 0.9591 2.1112 0.169139 0.157013 0.165565 1.397 1.98 0.868908 0 0 0 
 1.348 1.026 3.0497 0 0 1.2591 0.9628 2.1109 0.16663 0.111538 0.11991 1.407 1.988 0.867172 0 0 0 
 1.344 1.03 3.06558 0 0 1.2569 0.9665 2.1106 0.164609 -0.0652252 -0.0712032 1.448 2.064 0.865925 0 0 0 
 1.341 1.033 3.07919 0 0 1.2524 0.9739 2.11 0.164362 -0.189792 -0.204931 1.485 2.111 0.861807 0 0 0 
 1.337 1.036 3.09612 0 0 1.2502 0.9776 2.1097 0.161312 -0.234154 -0.255567 1.485 2.128 0.820476 0 0 0 
 1.333 1.039 3.1038 0 0 1.248 0.9814 2.1093 0.158809 -0.360746 -0.38814 1.552 2.202 0.768253 0 0 0 
 1.33 1.042 3.11026 0 0 1.2458 0.9851 2.109 0.157294 -0.404088 -0.433133 1.578 2.23 0.697971 0 0 0 
 1.327 1.044 3.11515 0 0 1.2458 0.9851 2.109 0.154392 -0.437534 -0.471699 1.609 2.267 0.625604 0 0 0 
 1.323 1.047 3.10974 0 0 1.2413 0.9925 2.1082 0.155099 -0.468007 -0.497565 1.614 2.285 0.564673 0 0 0 
 1.32 1.049 3.09787 0 0 1.2391 0.9962 2.1078 0.156071 -0.470649 -0.497306 1.621 2.292 0.508732 0 0 0 
 1.317 1.052 3.08373 0 0 1.2369 0.9999 2.1073 0.156963 -0.484529 -0.507164 1.647 2.324 0.454454 0 0 0 
 1.314 1.054 3.07047 0 0 1.2369 0.9999 2.1073 0.15692 -0.46475 -0.489781 1.675 2.321 0.418008 0 0 0 
 1.312 1.056 3.04726 0 0 1.2347 1.0036 2.1069 0.159569 -0.465588 -0.483604 1.682 2.349 0.379891 0 0 0 
 1.309 1.059 3.03102 0 0 1.2325 1.0073 2.1064 0.160918 -0.464484 -0.479177 1.706 2.367 0.347843 0 0 0 
 1.306 1.061 3.00554 0 0 1.2303 1.0111 2.1059 0.163672 -0.453771 -0.46288 1.752 2.363 0.323321 0 0 0 
 1.197 1.025 2.98408 0 0 1.2303 1.0111 2.1059 0.107097 -0.789704 -0.523599 1.8 2.393 0.302631 0 0 0 
 1.189 1.024 2.96662 0 0 1.2171 1.0333 2.1026 0.115766 -0.913821 -0.523599 1.825 2.392 0.300375 0 0 0 
 1.084 1.025 2.94533 0 0 1.215 1.037 2.102 0.0611882 -1.07473 -0.523599 1.829 2.408 0.299429 0 0 0 
 1.071 1.025 2.91653 0 0 1.2128 1.0407 2.1013 0.0609712 -1.11203 -0.523599 1.826 2.401 0.301074 0 0 0 
 1.058 1.025 2.89856 0 0 1.1869 1.0852 2.0923 0.0806881 -1.3538 -0.523599 1.847 2.415 0.303675 0 0 0 
 1.045 1.025 2.8825 0 0 1.1827 1.0926 2.0905 0.0809123 -1.40696 -0.523599 1.891 2.4 0.310684 0 0 0 
 1.033 1.024 2.85999 0 0 1.1806 1.0963 2.0896 0.0815257 -1.44654 -0.523599 1.935 2.4 0.320075 0 0 0 
 1.021 1.024 2.85266 0 0 1.1764 1.1037 2.0877 0.0808306 -1.49609 -0.523599 1.937 2.386 0.365956 0 0 0 
 1.01 1.024 2.84742 0 0 1.1743 1.1074 2.0867 0.0781954 -1.5306 -0.523599 1.949 2.405 0.419778 0 0 0 
 0.999 1.024 2.84079 0 0 1.1722 1.1111 2.0857 0.0759537 -1.56222 -0.523599 1.931 2.41 0.48737 0 0 0 
 0.988 1.024 2.83381 0 0 1.168 1.1184 2.0836 0.0759569 -1.60708 -0.523599 1.915 2.413 0.55179 0 0 0 
 0.978 1.024 2.81932 0 0 1.1659 1.1221 2.0826 0.0763087 -1.63497 -0.523599 1.929 2.406 0.591526 0 0 0 
 0.968 1.024 2.80449 0 0 1.1638 1.1258 2.0815 0.0768518 -1.66309 -0.523599 1.931 2.427 0.62895 0 0 0 
 0.944 1.04 2.79262 0 0 1.1638 1.1258 2.0815 0.0619449 -1.63042 -0.523599 1.964 2.454 0.663548 0 0 0 
 0.898 1.056 2.77778 0 0 1.1515 1.1479 2.0746 0.0494681 -1.70581 -0.523599 1.974 2.471 0.688259 0 0 0 
 0.886 1.058 2.76819 0 0 1.1355 1.1773 2.0642 0.0626017 -1.81652 -0.523599 1.978 2.489 0.708109 0 0 0 
 0.875 1.06 2.7619 0 0 1.1316 1.1846 2.0613 0.0623092 -1.84506 -0.523599 1.982 2.504 0.711729 0 0 0 
 0.864 1.061 2.75248 0 0 1.1296 1.1883 2.0599 0.0612327 -1.86396 -0.523599 1.989 2.497 0.718213 0 0 0 
 0.854 1.063 2.74375 0 0 1.1257 1.1956 2.0569 0.0622969 -1.88925 -0.523599 2 2.511 0.721578 0 0 0 
 0.844 1.064 2.73747 0 0 1.1238 1.1993 2.0554 0.0609088 -1.90583 -0.523599 2.026 2.523 0.729626 0 0 0 
 0.822 1.057 2.72857 0 0 1.118 1.2102 2.0507 0.0618557 -1.97231 -0.523599 2.034 2.522 0.739284 0 0 0 
 0.812 1.058 2.72176 0 0 1.118 1.2102 2.0507 0.0585642 -1.97481 -0.523599 2.022 2.524 0.751833 0 0 0 
 0.802 1.059 2.71618 0 0 1.118 1.2102 2.0507 0.0549108 -1.97672 -0.523599 2.026 2.539 0.768445 0 0 0 
 0.793 1.059 2.7064 0 0 1.1161 1.2139 2.0491 0.055778 -1.99046 -0.523599 2.031 2.572 0.776009 0 0 0 
 0.784 1.06 2.69977 0 0 1.1105 1.2248 2.0441 0.0596826 -2.01924 -0.523599 2.052 2.581 0.778274 0 0 0 
 0.775 1.061 2.6886 0 0 1.1105 1.2248 2.0441 0.0584931 -2.01937 -0.523599 2.08 2.603 0.775232 0 0 0 
 0.767 1.062 2.68179 0 0 1.1086 1.2285 2.0424 0.0586767 -2.02793 -0.523599 2.099 2.61 0.775207 0 0 0 
 0.759 1.062 2.67516 0 0 1.1086 1.2285 2.0424 0.0569686 -2.0292 -0.523599 2.107 2.614 0.774705 0 0 0 
 0.734 1.053 2.66801 0 0 1.1049 1.2358 2.0389 0.055411 -2.0639 -0.523599 2.108 2.63 0.777078 0 0 0 
 0.726 1.053 2.65945 0 0 1.1049 1.2358 2.0389 0.0545136 -2.06291 -0.523599 2.128 2.649 0.777583 0 0 0 
 0.729 1.091 2.65317 0 0 1.1031 1.2394 2.0372 0.0441836 -1.99584 -0.523599 2.144 2.689 0.778683 0 0 0 
 0.774 1.113 2.64689 0 0 1.0994 1.2467 2.0335 0.0628813 -1.95053 -0.523599 2.16 2.711 0.779341 0 0 0 
 0.77 1.116 2.63624 0 0 1.0887 1.2684 2.022 0.0762128 -1.99908 -0.523599 2.185 2.721 0.7779 0 0 0 
 0.766 1.119 2.62909 0 0 1.0887 1.2684 2.022 0.0753038 -1.99405 -0.523599 2.189 2.721 0.77478 0 0 0 
 0.763 1.122 2.62245 0 0 1.0887 1.2684 2.022 0.0746885 -1.98848 -0.523599 2.201 2.75 0.773078 0 0 0 
 0.759 1.125 2.61146 0 0 1.0852 1.2756 2.0179 0.0793648 -1.99966 -0.523599 2.213 2.776 0.771795 0 0 0 
 0.755 1.128 2.60587 0 0 1.0852 1.2756 2.0179 0.0779749 -1.99506 -0.523599 2.233 2.791 0.768574 0 0 0 
 0.752 1.131 2.59697 0 0 1.0835 1.2792 2.0158 0.0802588 -1.99745 -0.523599 2.235 2.811 0.757721 0 0 0 
 0.76 1.158 2.58493 0 0 1.0818 1.2828 2.0137 0.0774256 -1.93686 -0.523599 2.251 2.824 0.742191 0 0 0 
 0.758 1.161 2.57778 0 0 1.0733 1.3008 2.0028 0.0882183 -1.97229 -0.523599 2.287 2.816 0.715983 0 0 0 
 0.756 1.165 2.56381 0 0 1.0733 1.3008 2.0028 0.0897277 -1.9623 -0.523599 2.285 2.832 0.69816 0 0 0 
 0.753 1.169 2.55072 0 0 1.07 1.308 1.9982 0.0948516 -1.96894 -0.523599 2.28 2.858 0.700038 0 0 0 
 0.768 1.149 2.54444 0 0 1.07 1.308 1.9982 0.112359 -1.98839 -0.523599 2.298 2.86 0.697556 0 0 0 
 0.767 1.151 2.53222 0 0 1.0684 1.3116 1.9959 0.116789 -1.98675 -0.523599 2.324 2.879 0.678226 0 0 0 
 0.766 1.153 2.52036 0 0 1.0767 1.2936 2.0072 0.107988 -1.94729 -0.523599 2.345 2.907 0.666702 0 0 0 
 0.765 1.155 2.51023 0 0 1.075 1.2972 2.005 0.111789 -1.94713 -0.523599 2.358 2.912 0.655673 0 0 0 
 0.764 1.157 2.49278 0 0 1.0733 1.3008 2.0028 0.117695 -1.94315 -0.523599 2.358 2.903 0.642819 0 0 0 
 0.763 1.159 2.47672 0 0 1.0733 1.3008 2.0028 0.120921 -1.9333 -0.523599 2.372 2.916 0.637903 0 0 0 
 0.762 1.16 2.46311 0 0 1.0733 1.3008 2.0028 0.123907 -1.92618 -0.523599 2.386 2.949 0.636773 0 0 0 
 0.761 1.162 2.44269 0 0 1.0733 1.3008 2.0028 0.128261 -1.91353 -0.523599 2.425 2.973 0.631521 0 0 0 
 0.76 1.163 2.42978 0 0 1.0733 1.3008 2.0028 0.130977 -1.90628 -0.523599 2.429 2.979 0.622662 0 0 0 
 0.77 1.174 2.40831 0 0 1.07 1.308 1.9982 0.139105 -1.86912 -0.523599 2.427 2.987 0.618543 0 0 0 
 0.753 1.189 2.39574 0 0 1.07 1.308 1.9982 0.129001 -1.8671 -0.523599 2.436 2.993 0.615528 0 0 0 
 0.752 1.192 2.38196 0 0 1.07 1.308 1.9982 0.130775 -1.85636 -0.523599 2.452 3.007 0.609644 0 0 0 
 0.751 1.195 2.36415 0 0 1.062 1.3259 1.9862 0.144809 -1.86586 -0.523599 2.452 3.008 0.603933 0 0 0 
 0.75 1.197 2.34216 0 0 1.0604 1.3295 1.9837 0.151437 -1.85376 -0.523599 2.462 3.012 0.598027 0 0 0 
 0.749 1.199 2.32715 0 0 1.0604 1.3295 1.9837 0.153939 -1.84218 -0.523599 2.47 3.02 0.59268 0 0 0 
 0.712 1.213 2.31232 0 0 1.0573 1.3366 1.9787 0.144005 -1.88603 -0.523599 2.494 3.038 0.589495 0 0 0 
 0.709 1.216 2.28719 0 0 1.0573 1.3366 1.9787 0.14831 -1.87087 -0.523599 2.503 3.046 0.587114 0 0 0 
 0.706 1.218 2.2727 0 0 1.0497 1.3543 1.9654 0.161445 -1.8796 -0.523599 2.511 3.055 0.583962 0 0 0 
 0.703 1.221 2.24844 0 0 1.0497 1.3543 1.9654 0.16546 -1.863 -0.523599 2.53 3.065 0.58232 0 0 0 
 0.701 1.224 2.22104 0 0 1.0468 1.3614 1.9599 0.174899 -1.84648 -0.523599 2.539 3.05 0.581359 0 0 0 
 0.698 1.226 2.20743 0 0 1.0468 1.3614 1.9599 0.176592 -1.83855 -0.523599 2.572 3.08 0.581773 0 0 0 
 0.674 1.233 2.18142 0 0 1.0439 1.3685 1.9542 0.178573 -1.85509 -0.523599 2.598 3.12 0.584638 0 0 0 
 0.67 1.236 2.15455 0 0 1.0439 1.3685 1.9542 0.183076 -1.8363 -0.523599 2.619 3.131 0.587543 0 0 0 
 0.667 1.238 2.13989 0 0 1.0397 1.3791 1.9454 0.191805 -1.83136 -0.523599 2.637 3.162 0.585954 0 0 0 
 0.663 1.24 2.11004 0 0 1.0369 1.3861 1.9394 0.201941 -1.81025 -0.523599 2.646 3.17 0.586852 0 0 0 
 0.66 1.243 2.08002 0 0 1.0369 1.3861 1.9394 0.20721 -1.784 -0.523599 2.659 3.178 0.586812 0 0 0 
 0.657 1.245 2.06449 0 0 1.0369 1.3861 1.9394 0.209409 -1.77258 -0.523599 2.661 3.18 0.586788 0 0 0 
 0.654 1.247 2.0336 0 0 1.0369 1.3861 1.9394 0.215258 -1.74456 -0.523599 2.699 3.208 0.585257 0 0 0 
 0.651 1.249 2.00672 0 0 1.0342 1.3931 1.9332 0.224412 -1.71982 -0.523599 2.728 3.227 0.583871 0 0 0 
 0.648 1.251 1.97356 0 0 1.0342 1.3931 1.9332 0.230479 -1.68708 -0.523599 2.726 3.223 0.58331 0 0 0 
 0.645 1.253 1.95017 0 0 1.0342 1.3931 1.9332 0.234228 -1.66524 -0.523599 2.743 3.231 0.579829 0 0 0 
 0.631 1.304 1.92591 0 0 1.0342 1.3931 1.9332 0.208805 -1.67429 -0.523599 2.749 3.243 0.579582 0 0 0 
 0.637 1.347 1.88176 0 0 1.0342 1.3931 1.9332 0.19324 -1.62464 -0.523599 2.755 3.251 0.579358 0 0 0 
 0.627 1.393 1.85575 0 0 1.0192 1.435 1.8929 0.197518 -1.62454 -0.523599 2.777 3.262 0.576962 0 0 0 
 0.625 1.402 1.82923 0 0 1.0026 1.4898 1.8295 0.232178 -1.62057 -0.523599 2.797 3.267 0.573118 0 0 0 
 0.622 1.41 1.78071 0 0 1.0017 1.4932 1.8252 0.2395 -1.5763 -0.523599 2.807 3.271 0.573082 0 0 0 
 0.619 1.418 1.75435 0 0 1 1.5 0 0.0245767 -2.30822 -0.523599 2.801 3.279 0.572467 0 0 0 
 0.616 1.426 1.73044 0 0 0.9983 1.5068 1.8074 0.247089 -1.51371 -0.523599 2.81 3.287 0.570633 0 0 0 
 0.614 1.434 1.70374 0 0 0.9975 1.5101 1.8029 0.249372 -1.48878 -0.523599 2.841 3.302 0.568033 0 0 0 
 0.612 1.441 1.6711 0 0 0.9959 1.5168 1.794 0.255216 -1.45382 -0.523599 2.854 3.304 0.565331 0 0 0 
 0.609 1.448 1.64597 0 0 0.9944 1.5236 1.785 0.259823 -1.4304 -0.523599 2.869 3.315 0.564639 0 0 0 
 0.611 1.473 1.61962 0 0 0.9937 1.5269 1.7805 0.251703 -1.41484 -0.523599 2.913 3.325 0.564133 0 0 0 
 0.612 1.495 1.59815 0 0 0.993 1.5302 1.776 0.244536 -1.40598 -0.523599 2.915 3.327 0.564216 0 0 0 
 0.61 1.503 1.57878 0 0 0.9879 1.5568 1.7398 0.259561 -1.38303 -0.523599 2.949 3.342 0.567555 0 0 0 
 0.608 1.511 1.54597 0 0 0.9873 1.5601 1.7353 0.262278 -1.34964 -0.523599 2.956 3.356 0.570003 0 0 0 
 0.614 1.561 1.49518 0 0 0.9857 1.57 1.7216 0.24692 -1.32601 -0.523599 2.979 3.39 0.574929 0 0 0 
 0.613 1.571 1.45975 0 0 0.9818 1.5993 1.6806 0.264303 -1.27815 -0.523599 3.005 3.403 0.577514 0 0 0 
 0.622 1.589 1.40338 0 0 0.9811 1.6058 1.6715 0.263678 -1.2007 -0.523599 2.998 3.392 0.575128 0 0 0 
 0.621 1.599 1.37563 0 0 0.9802 1.6155 1.6578 0.267672 -1.17241 -0.523599 3.005 3.385 0.573414 0 0 0 
 0.621 1.608 1.3491 0 0 0.9796 1.6219 1.6487 0.26972 -1.14401 -0.523599 3.023 3.405 0.572522 0 0 0 
 0.62 1.617 1.30756 0 0 0.9789 1.6315 1.635 0.275386 -1.09282 -0.523599 3.028 3.425 0.574015 0 0 0 
 0.62 1.625 1.26323 0 0 0.9787 1.6347 1.6305 0.277356 -1.03815 -0.523599 3.037 3.422 0.572323 0 0 0 
 0.619 1.634 1.23985 0 0 0.9785 1.6379 1.6259 0.27712 -1.01955 -0.523599 3.056 3.43 0.565485 0 0 0 
 0.635 1.661 1.19237 0 0 0.9782 1.6442 1.6168 0.266596 -0.962541 -0.523599 3.083 3.438 0.558521 0 0 0 
 0.635 1.669 1.15171 0 0 0.9779 1.6506 1.6077 0.26937 -0.911813 -0.523599 3.106 3.459 0.549511 0 0 0 
 0.663 1.675 1.10336 0 0 0.9775 1.6663 1.585 0.269007 -0.767813 -0.474599 3.124 3.459 0.535695 0 0 0 
 0.665 1.683 1.07195 0 0 0.9774 1.6726 1.576 0.269624 -0.725925 -0.451272 3.131 3.462 0.521958 0 0 0 
 0.689 1.689 1.04176 0 0 0.9774 1.6789 1.5669 0.262786 -0.626202 -0.405193 3.165 3.476 0.511555 0 0 0 
 0.692 1.697 0.986256 0 0 0.9774 1.6851 1.5579 0.262615 -0.546068 -0.358142 3.183 3.489 0.502767 0 0 0 
 0.695 1.704 0.954318 0 0 0.9774 1.6851 1.5579 0.258585 -0.510039 -0.341154 3.197 3.489 0.497811 0 0 0 
 0.698 1.711 0.923601 0 0 0.9775 1.6913 1.5489 0.258125 -0.465598 -0.313941 3.19 3.494 0.486151 0 0 0 
 0.7 1.717 0.885728 0 0 0.9777 1.6975 1.5399 0.25824 -0.410083 -0.278414 3.212 3.517 0.469555 0 0 0 
 0.703 1.724 0.843493 0 0 0.9779 1.7037 1.531 0.25714 -0.348501 -0.23928 3.222 3.518 0.449833 0 0 0 
 0.706 1.73 0.817663 0 0 0.9781 1.7098 1.522 0.256521 -0.308922 -0.213467 3.257 3.54 0.435637 0 0 0 
 0.757 1.765 0.777696 0 0 0.9781 1.7098 1.522 0.219361 -0.244386 -0.19791 3.272 3.549 0.409935 0 0 0 
 0.762 1.772 0.757276 0 0 0.9802 1.7403 1.4778 0.231835 -0.157024 -0.121317 3.294 3.563 0.378184 0 0 0 
 0.851 1.818 0.739474 0 0 0.9808 1.7464 1.469 0.177164 -0.0407943 -0.0414237 3.324 3.59 0.339997 0 0 0 
 0.882 1.815 0.713121 0 0 0.9853 1.7822 1.4171 0.18443 0.192749 0.185946 3.333 3.601 0.30026 0 0 0 
 0.892 1.823 0.699856 0 0 0.9868 1.7911 1.4043 0.181516 0.229628 0.223893 3.333 3.586 0.251311 0 0 0 
 0.925 1.84 0.687814 0 0 0.9883 1.7999 1.3916 0.164777 0.305681 0.32228 3.336 3.595 0.204747 0 0 0 
 0.935 1.848 0.673677 0 0 0.9893 1.8057 1.3833 0.159647 0.334163 0.360317 3.351 3.608 0.164067 0 0 0 
 0.946 1.856 0.664602 0 0 0.9941 1.8289 1.3501 0.165873 0.404778 0.413881 3.362 3.615 0.129614 0 0 0 
 0.956 1.863 0.666347 0 0 0.9967 1.8403 1.3338 0.166396 0.435383 0.440163 3.371 3.647 0.0893318 0 0 0 
 0.966 1.871 0.673503 0 0 0.9981 1.8461 1.3257 0.163418 0.443361 0.454283 3.4 3.668 0.0471565 0 0 0 
 0.975 1.877 0.682229 0 0 1.0003 1.8546 1.3137 0.163668 0.461185 0.469395 3.401 3.667 -0.0104501 0 0 0 
 0.984 1.884 0.696889 0 0 1.0033 1.8659 1.2979 0.166013 0.475151 0.475722 3.405 3.674 -0.0751137 0 0 0 
 0.993 1.891 0.706488 0 0 1.0049 1.8715 1.29 0.164089 0.481818 0.486216 3.433 3.677 -0.135497 0 0 0 
 1.002 1.897 0.722021 0 0 1.0074 1.8799 1.2784 0.165063 0.493101 0.493369 3.472 3.671 -0.190415 0 0 0 
 1.017 1.889 0.742441 0 0 1.0099 1.8882 1.2668 0.1699 0.582377 0.523599 3.514 3.682 -0.245899 0 0 0 
 1.025 1.894 0.755531 0 0 1.0091 1.8854 1.2706 0.163975 0.579275 0.523599 3.518 3.683 -0.292152 0 0 0 
 1.033 1.899 0.773158 0 0 1.0117 1.8937 1.2592 0.166141 0.588909 0.523599 3.518 3.671 -0.341822 0 0 0 
 1.059 1.942 0.795498 0 0 1.0144 1.902 1.2478 0.144962 0.52081 0.523599 3.534 3.677 -0.372971 0 0 0 
 1.067 1.949 0.810158 0 0 1.0162 1.9075 1.2403 0.143898 0.525268 0.523599 3.572 3.694 -0.392345 0 0 0 
 1.075 1.955 0.824993 0 0 1.0345 1.9559 1.1753 0.173219 0.564727 0.523599 3.6 3.698 -0.423347 0 0 0 
 1.083 1.962 0.85379 0 0 1.039 1.9664 1.1615 0.176864 0.552097 0.511923 3.625 3.688 -0.456511 0 0 0 
 1.091 1.968 0.870196 0 0 1.0424 1.9743 1.1512 0.178058 0.553546 0.510172 3.645 3.677 -0.487306 0 0 0 
 1.098 1.974 0.885554 0 0 1.0459 1.9821 1.1411 0.179438 0.550574 0.504607 3.647 3.666 -0.534005 0 0 0 
 1.105 1.979 0.909464 0 0 1.0495 1.9899 1.1312 0.181895 0.542152 0.492423 3.66 3.667 -0.559485 0 0 0 
 1.112 1.985 0.923601 0 0 1.0532 1.9976 1.1213 0.183067 0.53874 0.487134 3.673 3.661 -0.567114 0 0 0 
 1.119 1.99 0.939134 0 0 1.0569 2.0052 1.1116 0.184726 0.536715 0.481864 3.699 3.653 -0.572689 0 0 0 
 1.125 1.995 0.967757 0 0 1.0607 2.0128 1.1021 0.18746 0.516036 0.460041 3.706 3.645 -0.577566 0 0 0 
 1.131 2 0.984337 0 0 1.0646 2.0204 1.0926 0.189363 0.506302 0.448549 3.735 3.646 -0.580672 0 0 0 
 1.137 2.005 1.00144 0 0 1.0685 2.0279 1.0833 0.191161 0.495508 0.436553 3.753 3.65 -0.58182 0 0 0 
 1.143 2.009 1.03146 0 0 1.0725 2.0354 1.0741 0.194055 0.472722 0.413236 3.777 3.658 -0.588925 0 0 0 
 1.14 1.979 1.04874 0 0 1.0752 2.0404 1.068 0.214875 0.499046 0.395969 3.784 3.641 -0.592274 0 0 0 
 1.144 1.981 1.06584 0 0 1.0633 2.0179 1.0957 0.198889 0.53454 0.450582 3.803 3.634 -0.60188 0 0 0 
 1.149 1.984 1.09534 0 0 1.0646 2.0204 1.0926 0.199251 0.516031 0.436223 3.806 3.616 -0.60492 0 0 0 
 1.154 1.986 1.11122 0 0 1.0659 2.0229 1.0895 0.199463 0.514699 0.434827 3.825 3.605 -0.611135 0 0 0 
 1.168 2.025 1.12745 0 0 1.0685 2.0279 1.0833 0.179079 0.48388 0.452684 3.835 3.589 -0.610219 0 0 0 
 1.173 2.029 1.15764 0 0 1.0905 2.0672 1.0357 0.201701 0.377879 0.325247 3.865 3.593 -0.608883 0 0 0 
 1.206 2.06 1.17597 0 0 1.0934 2.0721 1.03 0.182155 0.464953 0.430687 3.902 3.587 -0.607418 0 0 0 
 1.212 2.066 1.19429 0 0 1.0977 2.0793 1.0215 0.182716 0.448854 0.416334 3.921 3.579 -0.608979 0 0 0 
 1.218 2.071 1.22466 0 0 1.1233 2.1191 0.976 0.203523 0.315792 0.272353 3.934 3.55 -0.608795 0 0 0 
 1.224 2.076 1.23985 0 0 1.128 2.1259 0.9683 0.203946 0.299194 0.258172 3.957 3.543 -0.60853 0 0 0 
 1.229 2.081 1.25433 0 0 1.1343 2.135 0.9583 0.205796 0.270205 0.232077 3.962 3.526 -0.60608 0 0 0 
 1.234 2.086 1.28016 0 0 1.1374 2.1395 0.9534 0.20476 0.243918 0.211225 4 3.504 -0.602551 0 0 0 
 1.24 2.09 1.29395 0 0 1.1422 2.1463 0.9461 0.205537 0.229331 0.198201 4.011 3.485 -0.594035 0 0 0 
 1.245 2.095 1.31542 0 0 1.1471 2.1529 0.9389 0.205552 0.198591 0.172182 4.03 3.486 -0.58764 0 0 0 
 1.249 2.099 1.32763 0 0 1.1503 2.1574 0.9341 0.205128 0.183856 0.159955 4.026 3.47 -0.542964 0 0 0 
 1.254 2.103 1.34613 0 0 1.1552 2.1639 0.9271 0.205528 0.157376 0.136966 4.037 3.455 -0.515958 0 0 0 
 1.258 2.107 1.36062 0 0 1.1585 2.1683 0.9225 0.204891 0.139467 0.121916 4.058 3.453 -0.487859 0 0 0 
 1.263 2.111 1.37179 0 0 1.1634 2.1748 0.9157 0.205355 0.121725 0.106293 4.074 3.45 -0.466954 0 0 0 
 1.267 2.115 1.38558 0 0 1.1668 2.1791 0.9112 0.204588 0.104147 0.0913749 4.095 3.45 -0.445097 0 0 0 
 1.271 2.118 1.39657 0 0 1.1701 2.1834 0.9068 0.204458 0.0911266 0.0800543 4.114 3.434 -0.429354 0 0 0 
 1.275 2.122 1.40408 0 0 1.1735 2.1877 0.9024 0.203858 0.0812797 0.0716444 4.131 3.441 -0.426986 0 0 0 
 1.289 2.174 1.41298 0 0 1.1768 2.1919 0.898 0.17468 0.101859 0.104579 4.141 3.418 -0.424886 0 0 0 
 1.293 2.18 1.42101 0 0 1.2128 2.2352 0.8551 0.193131 -0.0994848 -0.0924565 4.147 3.404 -0.425146 0 0 0 
 1.303 2.217 1.42624 0 0 1.2163 2.2392 0.8513 0.172778 -0.0923425 -0.0959074 4.162 3.396 -0.421888 0 0 0 
 1.307 2.224 1.43217 0 0 1.2232 2.2471 0.8437 0.172223 -0.120626 -0.125411 4.17 3.385 -0.410446 0 0 0 
 1.311 2.231 1.43968 0 0 1.2461 2.2722 0.8204 0.180683 -0.242668 -0.2372 4.195 3.392 -0.396523 0 0 0 
 1.315 2.238 1.44352 0 0 1.2549 2.2816 0.8119 0.181077 -0.278967 -0.27051 4.202 3.383 -0.385748 0 0 0 
 1.319 2.245 1.44771 0 0 1.2602 2.2872 0.8069 0.179389 -0.295818 -0.288543 4.24 3.406 -0.384667 0 0 0 
 1.323 2.251 1.44422 0 0 1.2655 2.2927 0.8021 0.178901 -0.303793 -0.29664 4.232 3.382 -0.386828 0 0 0 
 1.326 2.257 1.4423 0 0 1.2691 2.2964 0.7988 0.177369 -0.309564 -0.304393 4.263 3.385 -0.388489 0 0 0 
 1.33 2.263 1.43811 0 0 1.2744 2.3018 0.7941 0.176907 -0.316908 -0.311923 4.264 3.386 -0.392055 0 0 0 
 1.333 2.269 1.42327 0 0 1.2797 2.3072 0.7894 0.177473 -0.31884 -0.312765 4.331 3.392 -0.408435 0 0 0 
 1.336 2.274 1.41245 0 0 1.2868 2.3143 0.7834 0.179289 -0.333623 -0.323202 4.348 3.364 -0.447269 0 0 0 
 1.339 2.28 1.40146 0 0 1.2868 2.3143 0.7834 0.176482 -0.311225 -0.307368 4.339 3.318 -0.510888 0 0 0 
 1.342 2.285 1.38366 0 0 1.2938 2.3213 0.7775 0.17888 -0.318248 -0.309921 4.35 3.277 -0.557127 0 0 0 
 1.345 2.29 1.37301 0 0 1.2974 2.3248 0.7746 0.178651 -0.314763 -0.307106 4.357 3.277 -0.564584 0 0 0 
 1.352 2.344 1.36324 0 0 1.3027 2.33 0.7703 0.150805 -0.35749 -0.403307 4.397 3.265 -0.561721 0 0 0 
 1.355 2.351 1.34666 0 0 1.3325 2.3583 0.7477 0.165681 -0.489168 -0.488486 4.413 3.277 -0.561975 0 0 0 
 1.353 2.397 1.33461 0 0 1.3377 2.3631 0.7439 0.144394 -0.58726 -0.523599 4.407 3.275 -0.564225 0 0 0 
 1.355 2.406 1.31367 0 0 1.3583 2.3819 0.7299 0.154084 -0.674043 -0.523599 4.427 3.271 -0.57671 0 0 0 
 1.357 2.414 1.30233 0 0 1.3651 2.3879 0.7256 0.154789 -0.69944 -0.523599 4.444 3.275 -0.600291 0 0 0 
 1.36 2.423 1.28365 0 0 1.3702 2.3924 0.7224 0.154611 -0.707801 -0.523599 4.447 3.296 -0.634128 0 0 0 
 1.374 2.483 1.26917 0 0 1.3752 2.3968 0.7193 0.123646 -0.762666 -0.523599 4.456 3.301 -0.676161 0 0 0 
 1.377 2.493 1.24578 0 0 1.3819 2.4027 0.7153 0.124802 -0.785075 -0.523599 4.466 3.296 -0.722834 0 0 0 
 1.38 2.504 1.22571 0 0 1.4206 2.4356 0.6948 0.146326 -0.938 -0.523599 4.475 3.288 -0.769898 0 0 0 
 1.382 2.514 1.2086 0 0 1.4268 2.4408 0.692 0.147093 -0.961824 -0.523599 4.485 3.285 -0.808214 0 0 0 
 1.385 2.523 1.18609 0 0 1.4314 2.4446 0.69 0.147818 -0.968883 -0.523599 4.495 3.282 -0.846379 0 0 0 
 1.387 2.533 1.16044 0 0 1.4375 2.4496 0.6874 0.149855 -0.986456 -0.523599 4.513 3.266 -0.885185 0 0 0 
 1.39 2.542 1.14577 0 0 1.4464 2.4569 0.684 0.152641 -1.01216 -0.523599 4.535 3.244 -0.922973 0 0 0 
 1.392 2.551 1.12832 0 0 1.4508 2.4605 0.6825 0.153092 -1.027 -0.523599 4.551 3.23 -0.959413 0 0 0 
 1.464 2.591 1.10511 0 0 1.4551 2.464 0.6811 0.115695 -0.778123 -0.523599 4.57 3.212 -0.991618 0 0 0 
 1.47 2.601 1.08766 0 0 1.5047 2.5038 0.6754 0.146484 -0.91017 -0.523599 4.589 3.196 -1.01927 0 0 0 
 1.476 2.61 1.06863 0 0 1.5284 2.5229 0.6798 0.160239 -0.943356 -0.523599 4.614 3.192 -1.05342 0 0 0 
 1.482 2.619 1.0353 0 0 1.5362 2.5292 0.6821 0.163934 -0.930339 -0.523599 4.629 3.185 -1.08164 0 0 0 
 1.487 2.628 1.01645 0 0 1.5427 2.5345 0.6845 0.16525 -0.930816 -0.523599 4.641 3.175 -1.11299 0 0 0 
 1.492 2.637 1.00039 0 0 1.5515 2.5416 0.6885 0.168019 -0.935454 -0.523599 4.647 3.167 -1.13749 0 0 0 
 1.497 2.645 0.974389 0 0 1.5589 2.5478 0.6929 0.171446 -0.924109 -0.523599 4.652 3.1 -1.17223 0 0 0 
 1.502 2.653 0.957285 0 0 1.5667 2.5543 0.6984 0.174138 -0.919346 -0.523599 4.663 3.08 -1.18686 0 0 0 
 1.507 2.661 0.929186 0 0 1.5733 2.5599 0.7042 0.177116 -0.902108 -0.523599 4.672 3.07 -1.19458 0 0 0 
 1.512 2.668 0.90353 0 0 1.5823 2.5676 0.7138 0.182105 -0.879705 -0.523599 4.66 3.023 -1.19291 0 0 0 
 1.516 2.675 0.882238 0 0 1.5901 2.5744 0.7239 0.18606 -0.862196 -0.523599 4.673 2.992 -1.18935 0 0 0 
 1.52 2.682 0.850648 0 0 1.5957 2.5794 0.7321 0.189111 -0.834454 -0.523599 4.689 2.921 -1.17878 0 0 0 
 1.524 2.689 0.829705 0 0 1.6023 2.5854 0.7426 0.19188 -0.813921 -0.523599 4.709 2.887 -1.14385 0 0 0 
 1.527 2.694 0.798465 0 0 1.6087 2.5913 0.7535 0.19636 -0.776038 -0.523599 4.716 2.873 -1.09739 0 0 0 
 1.559 2.681 0.772809 0 0 1.6144 2.5967 0.7634 0.192286 -0.575957 -0.49448 4.753 2.874 -1.01781 0 0 0 
 1.564 2.686 0.751342 0 0 1.6257 2.6077 0.7821 0.198246 -0.527698 -0.446813 4.782 2.851 -0.96505 0 0 0 
 1.569 2.691 0.723592 0 0 1.6308 2.6128 0.7896 0.199362 -0.488739 -0.415573 4.813 2.86 -0.928402 0 0 0 
 1.574 2.696 0.690781 0 0 1.6365 2.6186 0.7972 0.200898 -0.442433 -0.377408 4.807 2.866 -0.901417 0 0 0 
 1.578 2.7 0.66879 0 0 1.6418 2.6241 0.8031 0.202423 -0.408284 -0.348258 4.813 2.907 -0.894616 0 0 0 
 1.583 2.704 0.6468 0 0 1.6479 2.6304 0.8088 0.203934 -0.369657 -0.315384 4.825 2.91 -0.894158 0 0 0 
 1.587 2.708 0.608578 0 0 1.6529 2.6357 0.8125 0.20517 -0.31806 -0.27212 4.835 2.879 -0.897851 0 0 0 
 1.601 2.686 0.587635 0 0 1.6568 2.6398 0.8149 0.207607 -0.140494 -0.121214 4.871 2.884 -0.903657 0 0 0 
 1.605 2.688 0.567913 0 0 1.6504 2.633 0.8107 0.199773 -0.13539 -0.12139 4.867 2.866 -0.927172 0 0 0 
 1.61 2.69 0.534753 0 0 1.6555 2.6384 0.8141 0.200049 -0.0779487 -0.0700218 4.882 2.846 -0.980796 0 0 0 
 1.614 2.692 0.516253 0 0 1.6581 2.6412 0.8156 0.199025 -0.0478567 -0.043255 4.878 2.81 -1.02298 0 0 0 
 1.66 2.699 0.490598 0 0 1.6601 2.6433 0.8166 0.173917 0.0690307 0.0713239 4.86 2.786 -1.05391 0 0 0 
 1.689 2.692 0.474541 0 0 1.6853 2.6703 0.8226 0.179959 0.278309 0.271499 4.866 2.75 -1.05811 0 0 0 
 1.696 2.693 0.466513 0 0 1.6894 2.6747 0.8228 0.1789 0.311852 0.30404 4.872 2.724 -1.05522 0 0 0 
 1.703 2.695 0.456565 0 0 1.699 2.6851 0.8227 0.181922 0.357923 0.34036 4.851 2.694 -1.0534 0 0 0 
 1.71 2.697 0.451503 0 0 1.7037 2.69 0.8225 0.181197 0.383921 0.364356 4.89 2.691 -1.04678 0 0 0 
 1.717 2.698 0.448362 0 0 1.7074 2.6941 0.8223 0.180139 0.41174 0.390315 4.934 2.712 -1.00041 0 0 0 
 1.723 2.699 0.4529 0 0 1.7113 2.6983 0.822 0.180311 0.429199 0.404796 4.945 2.713 -0.97173 0 0 0 
 1.729 2.701 0.460579 0 0 1.7153 2.7026 0.8217 0.180538 0.438688 0.41231 4.954 2.704 -0.979663 0 0 0 
 1.735 2.702 0.476112 0 0 1.7195 2.707 0.8213 0.181802 0.445366 0.415303 4.963 2.695 -0.984289 0 0 0 
 1.741 2.703 0.489899 0 0 1.7226 2.7104 0.821 0.182102 0.451964 0.420144 4.974 2.69 -0.999432 0 0 0 
 1.747 2.705 0.501244 0 0 1.7258 2.7139 0.8207 0.182017 0.456317 0.423901 4.982 2.684 -1.02815 0 0 0 
 1.752 2.706 0.518173 0 0 1.7291 2.7174 0.8203 0.183211 0.456704 0.421772 4.977 2.669 -1.06708 0 0 0 
 1.757 2.707 0.533182 0 0 1.7325 2.721 0.8199 0.184358 0.459023 0.421334 4.992 2.667 -1.10049 0 0 0 
 1.803 2.691 0.545225 0 0 1.7359 2.7247 0.8195 0.171855 0.680315 0.523599 5 2.659 -1.13552 0 0 0 
 1.81 2.691 0.560932 0 0 1.7478 2.7374 0.8181 0.180219 0.705549 0.523599 5.009 2.65 -1.16741 0 0 0 
 1.865 2.719 0.581352 0 0 1.7516 2.7414 0.8176 0.149915 0.756059 0.523599 5.016 2.642 -1.19419 0 0 0 
 1.874 2.72 0.595314 0 0 1.7903 2.7826 0.8129 0.180232 0.810824 0.523599 5.023 2.635 -1.2269 0 0 0 
 1.883 2.722 0.611894 0 0 1.7949 2.7874 0.8124 0.181071 0.821314 0.523599 5.03 2.628 -1.25222 0 0 0 
 1.892 2.723 0.631965 0 0 1.8012 2.794 0.8117 0.18417 0.832697 0.523599 5.033 2.586 -1.28073 0 0 0 
 1.9 2.725 0.648022 0 0 1.806 2.7991 0.8112 0.185682 0.839638 0.523599 5.042 2.526 -1.31074 0 0 0 
 1.908 2.726 0.663555 0 0 1.8109 2.8042 0.8106 0.187652 0.84987 0.523599 5.026 2.487 -1.32888 0 0 0 
 1.916 2.727 0.690432 0 0 1.8142 2.8077 0.8103 0.189385 0.848497 0.523599 5.029 2.459 -1.33503 0 0 0 
 1.923 2.729 0.707012 0 0 1.8192 2.813 0.8098 0.191595 0.8496 0.523599 5.022 2.437 -1.33022 0 0 0 
 1.952 2.758 0.733366 0 0 1.8227 2.8166 0.8094 0.172858 0.835987 0.523599 5.026 2.423 -1.32522 0 0 0 
 1.96 2.76 0.759196 0 0 1.8517 2.847 0.8066 0.195808 0.817716 0.523599 5.031 2.405 -1.31696 0 0 0 
 1.968 2.763 0.772111 0 0 1.8575 2.853 0.806 0.197486 0.820901 0.523599 5.037 2.375 -1.28867 0 0 0 
 1.976 2.766 0.799163 0 0 1.8614 2.8571 0.8057 0.198738 0.810434 0.523599 5.035 2.356 -1.26501 0 0 0 
 1.983 2.768 0.821677 0 0 1.8673 2.8633 0.8052 0.202105 0.800877 0.523599 5.039 2.342 -1.23642 0 0 0 
 1.99 2.77 0.838431 0 0 1.8734 2.8696 0.8046 0.205139 0.796179 0.523599 5.042 2.328 -1.21363 0 0 0 
 1.997 2.773 0.86304 0 0 1.8775 2.8739 0.8043 0.206605 0.782425 0.523599 5.086 2.301 -1.19592 0 0 0 
 2.004 2.775 0.880144 0 0 1.8837 2.8803 0.8038 0.209714 0.775654 0.523599 5.09 2.267 -1.18409 0 0 0 
 2.048 2.829 0.911733 0 0 1.8858 2.8825 0.8036 0.173302 0.793697 0.523599 5.098 2.259 -1.18419 0 0 0 
 2.057 2.834 0.930408 0 0 1.9167 2.9144 0.8012 0.194331 0.742539 0.523599 5.113 2.236 -1.18794 0 0 0 
 2.065 2.838 0.949606 0 0 1.9403 2.9388 0.7996 0.2101 0.696424 0.523599 5.118 2.213 -1.20288 0 0 0 
 2.072 2.843 0.974389 0 0 1.9477 2.9464 0.7991 0.212751 0.669427 0.515328 5.089 2.178 -1.25136 0 0 0 
 2.08 2.847 1.00423 0 0 1.9526 2.9515 0.7988 0.21387 0.648071 0.499335 5.123 2.175 -1.29791 0 0 0 
 2.087 2.852 1.02256 0 0 1.9577 2.9566 0.7985 0.214196 0.633633 0.489288 5.169 2.171 -1.33515 0 0 0 
 2.108 2.9 1.0435 0 0 1.9653 2.9645 0.798 0.190272 0.596253 0.513577 5.172 2.16 -1.41311 0 0 0 
 2.115 2.906 1.06828 0 0 2 3 0 0.111227 -0.130219 -0.207696 5.179 2.147 -1.50992 0 0 0 
 2.122 2.913 1.08731 0 0 2.0056 3.0057 0.7957 0.212095 0.471635 0.380735 5.187 2.134 -1.6232 0 0 0 
 2.14 2.933 1.10668 0 0 2.0112 3.0114 0.7954 0.20207 0.482881 0.406217 5.194 2.122 -1.71321 0 0 0 
 2.149 2.959 1.14246 0 0 2.0313 3.0319 0.7945 0.20133 0.378607 0.32639 5.199 2.115 -1.81128 0 0 0 
 2.163 2.986 1.16236 0 0 2.0491 3.05 0.7937 0.196955 0.322617 0.28672 5.206 2.103 -1.91827 0 0 0 
 2.159 3.012 1.18504 0 0 2.0673 3.0686 0.7931 0.196378 0.172809 0.157092 5.212 2.092 -2.00351 0 0 0 
 2.17 3.029 1.19394 0 0 2.0797 3.0812 0.7926 0.193922 0.14806 0.136575 5.193 2.051 -2.09244 0 0 0 
 2.177 3.039 1.2018 0 0 2.0892 3.0907 0.7923 0.193842 0.125335 0.115863 5.174 2.023 -2.17727 0 0 0 
 2.183 3.047 1.221 0 0 2.1019 3.1037 0.7919 0.19714 0.0764582 0.0696976 5.187 2.002 -2.25582 0 0 0 
 2.184 3.061 1.2388 0 0 2.1084 3.1102 0.7918 0.193155 0.0161516 0.0150504 5.198 1.989 -2.34182 0 0 0 
 2.19 3.07 1.25276 0 0 2.1181 3.12 0.7915 0.193561 -0.0180146 -0.0167509 5.188 1.96 -2.41526 0 0 0 
 2.195 3.078 1.2662 0 0 2.1246 3.1267 0.7913 0.192403 -0.0430228 -0.0402277 5.187 1.974 -2.50088 0 0 0 
 2.2 3.086 1.27545 0 0 2.1312 3.1333 0.7911 0.191366 -0.0639608 -0.0600895 5.2 1.972 -2.5953 0 0 0 
 2.205 3.094 1.28226 0 0 2.1379 3.14 0.791 0.190511 -0.0824525 -0.0777464 5.205 1.958 -2.64724 0 0 0 
 2.21 3.101 1.29098 0 0 2.1445 3.1468 0.7908 0.190126 -0.101082 -0.0954082 5.192 1.948 -2.70736 0 0 0 
 2.215 3.108 1.29447 0 0 2.1512 3.1536 0.7906 0.190036 -0.114498 -0.108029 5.21 1.945 -2.7541 0 0 0 
 2.219 3.115 1.29587 0 0 2.158 3.1604 0.7905 0.190233 -0.131429 -0.123724 5.212 1.935 -2.7981 0 0 0 
 2.224 3.122 1.29552 0 0 2.1614 3.1638 0.7904 0.187972 -0.12745 -0.121444 5.194 1.905 -2.83823 0 0 0 
 2.228 3.128 1.29482 0 0 2.1682 3.1706 0.7903 0.188863 -0.140776 -0.133373 5.158 1.909 -2.87675 0 0 0 
 2.232 3.134 1.2936 0 0 2.1716 3.1741 0.7902 0.187423 -0.139784 -0.13345 5.168 1.897 -2.93219 0 0 0 
 2.236 3.14 1.28976 0 0 2.1784 3.181 0.79 0.188561 -0.149657 -0.141902 5.168 1.887 -2.96069 0 0 0 
 2.239 3.146 1.28452 0 0 2.1819 3.1845 0.79 0.187543 -0.150307 -0.143273 5.074 1.875 -2.99684 0 0 0 
 2.243 3.152 1.27981 0 0 2.1888 3.1914 0.7898 0.188769 -0.159713 -0.151132 5.074 1.875 -3.03095 0 0 0 
 2.246 3.157 1.27615 0 0 2.1922 3.1949 0.7897 0.188202 -0.160268 -0.152099 5.056 1.848 -3.05851 0 0 0 
 2.25 3.162 1.27109 0 0 2.1992 3.2019 0.7896 0.190112 -0.167916 -0.157666 5.026 1.844 -3.0888 0 0 0 
 2.253 3.167 1.2662 0 0 2.1992 3.2019 0.7896 0.187105 -0.154342 -0.147404 4.984 1.849 -3.13051 0 0 0 
 2.256 3.172 1.26184 0 0 2.2061 3.209 0.7895 0.189187 -0.167389 -0.157934 4.952 1.847 3.10257 0 0 0 
 2.259 3.177 1.25765 0 0 2.2096 3.2125 0.7894 0.188675 -0.168097 -0.159014 4.976 1.868 3.06037 0 0 0 
 2.262 3.181 1.25136 0 0 2.2131 3.216 0.7893 0.188848 -0.164935 -0.15593 4.964 1.866 3.02015 0 0 0 
 2.265 3.185 1.247 0 0 2.2167 3.2196 0.7893 0.188989 -0.164127 -0.155066 4.955 1.861 2.99723 0 0 0 
 2.268 3.19 1.24142 0 0 2.2202 3.2231 0.7892 0.188561 -0.163488 -0.154817 4.952 1.856 2.97512 0 0 0 
 2.27 3.194 1.23025 0 0 2.2237 3.2267 0.7891 0.18925 -0.160322 -0.15132 4.963 1.867 2.94667 0 0 0 
 2.273 3.198 1.22414 0 0 2.2308 3.2338 0.789 0.192086 -0.169973 -0.157951 4.959 1.867 2.92247 0 0 0 
 2.275 3.201 1.2182 0 0 2.2308 3.2338 0.789 0.190377 -0.15844 -0.148697 4.953 1.864 2.89656 0 0 0 
 2.278 3.205 1.21175 0 0 2.2343 3.2374 0.789 0.190612 -0.154859 -0.145208 4.956 1.871 2.88138 0 0 0 
 2.28 3.208 1.20407 0 0 2.2379 3.241 0.7889 0.191673 -0.153942 -0.143572 4.959 1.895 2.86198 0 0 0 
 2.282 3.212 1.19866 0 0 2.2415 3.2446 0.7888 0.192065 -0.157393 -0.146449 4.948 1.882 2.85772 0 0 0 
 2.284 3.215 1.19115 0 0 2.245 3.2482 0.7888 0.193108 -0.155873 -0.144283 4.944 1.878 2.85836 0 0 0 
 2.286 3.218 1.1812 0 0 2.245 3.2482 0.7888 0.191564 -0.140625 -0.131375 4.92 1.883 2.85676 0 0 0 
 2.288 3.221 1.17562 0 0 2.2486 3.2518 0.7887 0.192512 -0.141812 -0.131827 4.926 1.877 2.85251 0 0 0 
 2.29 3.224 1.16829 0 0 2.2522 3.2554 0.7887 0.193557 -0.140896 -0.130285 4.919 1.857 2.83974 0 0 0 
 2.292 3.227 1.16061 0 0 2.2522 3.2554 0.7887 0.191862 -0.128552 -0.120024 4.928 1.854 2.82283 0 0 0 
 2.294 3.23 1.1552 0 0 2.2558 3.259 0.7886 0.1928 -0.129826 -0.120619 4.908 1.843 2.79434 0 0 0 
 2.295 3.232 1.14892 0 0 2.2594 3.2626 0.7885 0.194551 -0.133001 -0.122438 4.892 1.85 2.76719 0 0 0 
 2.297 3.235 1.14071 0 0 2.2594 3.2626 0.7885 0.192854 -0.12045 -0.111952 4.891 1.85 2.72614 0 0 0 
