 3.423 2.485 1.23353 0 0 3.35337 2.46703 0.263868 0 0 0 2.307 3.309 0 0 0 0 
 3.424 2.486 1.23353 0 0 3.35617 2.46744 0.280723 9.10432e-08 0.170935 0.523599 2.314 3.308 0 0 0 0 
 3.427 2.487 1.23353 0 0 3.35677 2.46783 0.279851 8.7835e-08 0.177234 0.523599 2.309 3.307 0 0 0 0 
 3.435 2.489 1.23682 0 0 3.36266 2.46923 0.280254 8.55157e-08 0.18307 0.523599 2.31 3.307 0 0 0 0 
 3.436 2.487 1.24158 0 0 3.36487 2.46723 0.285231 8.70323e-08 0.180204 0.523599 2.315 3.305 0 0 0 0 
 3.435 2.483 1.25871 0 0 3.36207 2.46383 0.268989 8.99646e-08 0.187654 0.523599 2.308 3.303 0 0 0 0 
 3.434 2.481 1.27729 0 0 3.36137 2.46393 0.239362 9.92503e-08 0.190168 0.523599 2.308 3.308 0 0 0 0 
 3.437 2.487 1.29621 0 0 3.36377 2.46723 0.276634 9.48468e-08 0.192033 0.523599 2.309 3.305 0 0 0 0 
 3.441 2.492 1.31556 0 0 3.36627 2.47254 0.266508 9.85842e-08 0.198438 0.523599 2.308 3.311 0 0 0 0 
 3.432 2.5 1.33489 0 0 3.35817 2.47963 0.283033 1.00503e-07 0.197236 0.523599 2.302 3.316 0 0 0 0 
 3.422 2.493 1.35493 0 0 3.35387 2.47563 0.260528 1.19932e-07 0.183988 0.523599 2.311 3.319 0 0 0 0 
 3.411 2.49 1.37472 0 0 3.34827 2.47353 0.268651 4.23194e-08 0.170335 0.523599 2.318 3.319 0 0 0 0 
 3.408 2.491 1.39292 0 0 3.34617 2.47333 0.293715 4.23573e-08 0.16861 0.523599 2.318 3.316 0 0 0 0 
 3.414 2.494 1.40997 0 0 3.34767 2.47303 0.327009 1.2083e-07 0.181873 0.523599 2.309 3.308 0 0 0 0 
 3.415 2.493 1.42693 0 0 3.34986 2.47144 0.343734 1.23516e-07 0.179576 0.523599 2.314 3.305 0 0 0 0 
 3.411 2.488 1.44538 0 0 3.34827 2.46913 0.310114 4.61917e-08 0.174546 0.523599 2.318 3.309 0 0 0 0 
 3.404 2.482 1.46343 0 0 3.34217 2.46824 0.226362 1.95758e-07 0.173829 0.523599 2.314 3.32 0 0 0 0 
 3.407 2.481 1.48129 0 0 3.34697 2.46723 0.233388 2.09278e-07 0.169477 0.523599 2.323 3.319 0 0 0 0 
 3.411 2.488 1.49902 0 0 3.35097 2.47273 0.259893 2.0395e-07 0.17019 0.523599 2.327 3.321 0 0 0 0 
 3.411 2.487 1.51608 0 0 3.35097 2.47293 0.238664 2.33444e-07 0.170942 0.523599 2.327 3.324 0 0 0 0 
 3.409 2.49 1.53327 0 0 3.35046 2.47533 0.255911 2.4005e-07 0.167324 0.523599 2.33 3.325 0 0 0 0 
 3.406 2.489 1.55013 0 0 3.34777 2.47464 0.251802 2.62369e-07 0.167061 0.523599 2.328 3.325 0 0 0 0 
 3.408 2.49 1.56726 0 0 3.34647 2.47683 0.21727 3.1506e-07 0.17689 0.523599 2.319 3.33 0 0 0 0 
 3.419 2.493 1.58426 0 0 3.35477 2.47834 0.232354 3.07544e-07 0.185361 0.523599 2.321 3.328 0 0 0 0 
 3.425 2.502 1.6026 0 0 3.35897 2.48433 0.274081 2.69943e-07 0.191794 0.523599 2.321 3.327 0 0 0 0 
 3.427 2.508 1.62162 0 0 3.36127 2.48913 0.295133 2.71093e-07 0.191913 0.523599 2.324 3.329 0 0 0 0 
 3.441 2.507 1.64105 0 0 3.36987 2.48813 0.271598 1.08601e-07 0.207782 0.523599 2.32 3.328 0 0 0 0 
 3.45 2.506 1.6612 0 0 3.37767 2.48683 0.271328 1.2358e-07 0.21175 0.523599 2.325 3.326 0 0 0 0 
 3.462 2.512 1.68294 0 0 3.38516 2.49043 0.288278 1.23503e-07 0.226004 0.523599 2.322 3.324 0 0 0 0 
 3.468 2.518 1.70506 0 0 3.38847 2.49433 0.306646 1.26152e-07 0.235138 0.523599 2.319 3.323 0 0 0 0 
 3.464 2.523 1.72808 0 0 3.38447 2.49543 0.361155 1.05121e-07 0.238102 0.523599 2.315 3.315 0 0 0 0 
 3.463 2.526 1.75205 0 0 3.38287 2.49603 0.392394 1.03449e-07 0.242005 0.523599 2.312 3.31 0 0 0 0 
 3.453 2.524 1.77649 0 0 3.37497 2.49553 0.381862 1.38845e-07 0.235549 0.523599 2.309 3.313 0 0 0 0 
 3.45 2.521 1.80154 0 0 3.37257 2.49433 0.358643 6.51596e-07 0.232656 0.523599 2.308 3.316 0 0 0 0 
 3.45 2.526 1.82538 0 0 3.37167 2.49723 0.384653 2.39847e-07 0.237064 0.523599 2.305 3.314 0 0 0 0 
 3.456 2.535 1.84866 0 0 3.37377 2.50384 0.398226 2.9128e-07 0.249786 0.523599 2.298 3.315 0 0 0 0 
 3.461 2.541 1.87311 0 0 3.37547 2.50743 0.413878 3.81586e-07 0.260873 0.523599 2.292 3.313 0 0 0 0 
 3.464 2.545 1.89952 0 0 3.37787 2.50933 0.439467 4.7532e-07 0.26461 0.523599 2.293 3.31 0 0 0 0 
 3.461 2.546 1.92695 0 0 3.37547 2.51093 0.434572 1.30447e-05 0.262178 0.523599 2.292 3.313 0 0 0 0 
 3.468 2.546 1.95412 0 0 3.38186 2.51183 0.418845 0.00213943 0.262381 0.523599 2.297 3.316 0 0 0 0 
 3.475 2.552 1.98056 0 0 3.38736 2.51454 0.455614 0.00225569 0.269779 0.523599 2.299 3.311 0 0 0 0 
 3.488 2.547 2.00733 0 0 3.39796 2.51163 0.414323 0.00592421 0.272391 0.523599 2.304 3.313 0 0 0 0 
 3.497 2.548 2.03516 0 0 3.40487 2.51144 0.419102 0.0077019 0.278143 0.523599 2.306 3.31 0 0 0 0 
 3.5 2.546 2.06025 0 0 3.40487 2.50973 0.4008 0.0105411 0.283749 0.523599 2.299 3.309 0 0 0 0 
 3.503 2.546 2.08832 0 0 3.40757 2.51243 0.366963 0.0140042 0.278805 0.523599 2.301 3.318 0 0 0 0 
 3.497 2.547 2.11712 0 0 3.40547 2.51283 0.391602 0.0140725 0.268842 0.523599 2.308 3.317 0 0 0 0 
 3.484 2.546 2.14574 0 0 3.39607 2.51153 0.413322 0.01429 0.259277 0.523599 2.307 3.315 0 0 0 0 
 3.483 2.542 2.17353 0 0 3.39627 2.50813 0.411573 0.0157927 0.253687 0.523599 2.31 3.313 0 0 0 0 
 3.483 2.544 2.19976 0 0 3.39507 2.50953 0.413322 0.0175351 0.255333 0.523599 2.306 3.313 0 0 0 0 
 3.481 2.546 2.22753 0 0 3.39306 2.51423 0.377812 0.0205378 0.248161 0.523599 2.304 3.324 0 0 0 0 
 3.481 2.554 2.25173 0 0 3.39127 2.51863 0.415862 0.020966 0.256221 0.523599 2.298 3.32 0 0 0 0 
 3.482 2.568 2.28104 0 0 3.39227 2.52843 0.471893 0.0207043 0.261392 0.523599 2.299 3.32 0 0 0 0 
 3.488 2.578 2.30683 0 0 3.39466 2.53543 0.490535 0.0225805 0.271756 0.523599 2.293 3.32 0 0 0 0 
 3.491 2.593 2.3367 0 0 3.39796 2.54533 0.562427 0.0220276 0.278359 0.523599 2.297 3.318 0 0 0 0 
 3.481 2.607 2.36665 0 0 3.39127 2.55574 0.642797 0.0207476 0.276788 0.523599 2.298 3.32 0 0 0 0 
 3.493 2.619 2.39522 0 0 3.40087 2.56443 0.672789 0.022434 0.285202 0.523599 2.302 3.321 0 0 0 0 
 3.491 2.634 2.42345 0 0 3.40006 2.57404 0.775188 0.0214943 0.291976 0.523599 2.304 3.318 0 0 0 0 
 3.487 2.637 2.45495 0 0 3.39757 2.57524 0.82637 0.0221271 0.290368 0.523599 2.305 3.315 0 0 0 0 
 3.479 2.64 2.48154 0 0 3.39257 2.57944 0.843487 0.0227254 0.280241 0.523599 2.307 3.322 0 0 0 0 
 3.474 2.638 2.51355 0 0 3.38967 2.57713 0.880091 0.0235264 0.274426 0.523599 2.309 3.319 0 0 0 0 
 3.473 2.634 2.53906 0 0 3.38807 2.57344 0.864891 0.0255959 0.271808 0.523599 2.306 3.316 0 0 0 0 
 3.466 2.639 2.5699 0 0 3.38197 2.57723 0.903949 0.0266299 0.269842 0.523599 2.302 3.317 0 0 0 0 
 3.46 2.645 2.59492 0 0 3.37897 2.58143 0.998036 0.025881 0.267317 0.523599 2.306 3.317 0 0 0 0 
 3.455 2.639 2.62229 0 0 3.37637 2.57723 1.00014 0.0266853 0.256732 0.523599 2.309 3.317 0 0 0 0 
 3.459 2.632 2.6491 0 0 3.37767 2.57233 0.90137 0.0304917 0.251424 0.523599 2.304 3.317 0 0 0 0 
 3.468 2.633 2.67783 0 0 3.38517 2.57123 0.923485 0.0325238 0.254419 0.523599 2.308 3.311 0 0 0 0 
 3.478 2.627 2.70028 0 0 3.39156 2.56674 0.837565 0.0364327 0.251103 0.523599 2.306 3.31 0 0 0 0 
 3.491 2.619 2.72814 0 0 3.39947 2.56203 0.717434 0.0419839 0.243127 0.523599 2.302 3.313 0 0 0 0 
 3.503 2.618 2.7507 0 0 3.40847 2.55923 0.716361 0.0447345 0.24633 0.523599 2.304 3.306 0 0 0 0 
 3.517 2.616 2.77697 0 0 3.41887 2.55783 0.67348 0.0486211 0.242705 0.523599 2.306 3.306 0 0 0 0 
 3.522 2.616 2.79832 0 0 3.42177 2.55903 0.638594 0.0513799 0.23681 0.523599 2.304 3.31 0 0 0 0 
 3.517 2.612 2.82229 0 0 3.41947 2.55713 0.630461 0.0513326 0.224239 0.523599 2.308 3.313 0 0 0 0 
 3.507 2.611 2.84813 0 0 3.41337 2.55524 0.677636 0.050014 0.21846 0.523599 2.311 3.309 0 0 0 0 
 3.496 2.619 2.86768 0 0 3.40507 2.55933 0.769921 0.0486779 0.222983 0.523599 2.309 3.304 0 0 0 0 
 3.479 2.63 2.89177 0 0 3.39317 2.56794 0.882523 0.046286 0.221638 0.523599 2.309 3.307 0 0 0 0 
 3.464 2.638 2.9117 0 0 3.38267 2.57383 1.00703 0.0441215 0.221137 0.523599 2.309 3.308 0 0 0 0 
 3.464 2.648 2.93382 0 0 3.38477 2.58053 1.14168 0.0435302 0.224919 0.523599 2.316 3.307 0 0 0 0 
 3.466 2.65 2.95615 0 0 3.38587 2.58224 1.12836 0.0452542 0.221902 0.523599 2.315 3.308 0 0 0 0 
 3.468 2.65 2.97873 0 0 3.38637 2.58374 1.05409 0.0475116 0.213984 0.523599 2.312 3.313 0 0 0 0 
 3.47 2.646 3.00036 0 0 3.38747 2.58033 1.02062 0.0492104 0.20825 0.523599 2.311 3.311 0 0 0 0 
 3.47 2.635 3.02138 0 0 3.38687 2.57173 0.952341 0.0507361 0.19755 0.523599 2.309 3.308 0 0 0 0 
 3.469 2.634 3.04377 0 0 3.38647 2.56983 0.984187 0.0513241 0.195121 0.523599 2.31 3.304 0 0 0 0 
 3.467 2.636 3.06155 0 0 3.38567 2.57153 1.01448 0.0513218 0.191995 0.523599 2.312 3.305 0 0 0 0 
 3.46 2.645 3.08328 0 0 3.38107 2.57903 1.106 0.0506751 0.191275 0.523599 2.313 3.309 0 0 0 0 
 3.454 2.654 3.10191 0 0 3.37927 2.58504 1.32091 0.048718 0.195479 0.523599 2.321 3.308 0 0 0 0 
 3.454 2.657 3.11909 0 0 3.37807 2.58504 1.39166 0.0503304 0.199996 0.523599 2.317 3.301 0 0 0 0 
 3.454 2.664 -3.13796 0 0 3.37807 2.59023 1.46367 0.0515877 0.199311 0.523599 2.317 3.302 0 0 0 0 
 3.444 2.66 -3.11831 0 0 3.37017 2.58744 1.50002 0.0510484 0.192218 0.523599 2.314 3.302 0 0 0 0 
 3.434 2.663 -3.09653 0 0 3.36587 2.59194 1.7154 0.0481618 0.184867 0.523599 2.323 3.31 0 0 0 0 
 3.424 2.675 -3.07519 0 0 3.35947 2.59883 2.42874 0.0470625 0.195344 0.523599 2.325 3.305 0 0 0 0 
 3.418 2.684 -3.05475 0 0 3.35347 2.60423 2.87443 0.048293 0.20095 0.523599 2.319 3.302 0 0 0 0 
 3.408 2.693 -3.0341 0 0 3.34707 2.61234 3.96581 0.046981 0.200638 0.523599 2.321 3.308 0 0 0 0 
 3.401 2.696 -3.01442 0 0 3.34307 2.61534 5.54391 0.0459321 0.19813 0.523599 2.324 3.311 0 0 0 0 
 3.389 2.703 -2.99218 0 0 3.33497 2.61964 35.7094 0.0447546 0.203039 0.523599 2.325 3.309 0 0 0 0 
 3.389 2.708 -2.97226 0 0 3.33556 2.62403 -1806.62 0.0447546 0.203039 0.523599 2.327 3.312 0 0 0 0 
 3.391 2.705 -2.95203 0 0 3.33667 2.62313 15.5736 0.0465814 0.191213 0.523599 2.326 3.316 0 0 0 0 
 3.388 2.702 -2.93176 0 0 3.33427 2.62193 12.3497 0.0467928 0.182912 0.523599 2.325 3.319 0 0 0 0 
 3.379 2.698 -2.91284 0 0 3.32797 2.61913 39.236 0.0456539 0.177999 0.523599 2.325 3.319 0 0 0 0 
 3.372 2.693 -2.89485 0 0 3.32307 2.61503 -44.5482 0.0448884 0.173809 0.523599 2.325 3.317 0 0 0 0 
 3.361 2.679 -2.87697 0 0 3.31297 2.60433 60.9414 0.0443852 0.162591 0.523599 2.317 3.314 0 0 0 0 
 3.353 2.665 -2.85974 0 0 3.30616 2.59513 12.6211 0.0432854 0.147968 0.523599 2.313 3.316 0 0 0 0 
 3.343 2.652 -2.84385 0 0 3.29916 2.58483 25.9135 0.0413665 0.140761 0.523599 2.313 3.312 0 0 0 0 
 3.337 2.643 -2.82926 0 0 3.29616 2.57943 70.5968 0.039166 0.131702 0.523599 2.317 3.315 0 0 0 0 
 3.332 2.651 -2.8149 0 0 3.29177 2.58533 -16.3081 0.0397144 0.135303 0.523599 2.314 3.316 0 0 0 0 
 3.313 2.662 -2.80164 0 0 3.27877 2.59243 -2.01232 0.0373607 0.149015 0.523599 2.315 3.314 0 0 0 0 
 3.296 2.675 -2.78797 0 0 3.26777 2.60063 -0.556471 0.0353551 0.165276 0.523599 2.318 3.311 0 0 0 0 
 3.285 2.68 -2.77267 0 0 3.25917 2.60383 -0.195902 0.0349492 0.170113 0.523599 2.315 3.31 0 0 0 0 
 3.278 2.688 -2.75562 0 0 3.25307 2.60913 0.0212413 0.0358117 0.175337 0.523599 2.311 3.309 0 0 0 0 
 3.271 2.681 -2.73799 0 0 3.24817 2.60183 0.337228 0.0353528 0.17585 0.523599 2.311 3.301 0 0 0 0 
 3.272 2.683 -2.7206 0 0 3.24797 2.60234 0.217919 0.0372133 0.17545 0.523599 2.308 3.298 0 0 0 0 
 3.271 2.68 -2.70288 0 0 3.24937 2.60144 0.533144 0.0358788 0.170548 0.523599 2.315 3.302 0 0 0 0 
 3.264 2.689 -2.68532 0 0 3.24387 2.60893 1.10409 0.0361668 0.173433 0.523599 2.313 3.306 0 0 0 0 
 3.252 2.692 -2.66794 0 0 3.23757 2.61073 -0.765685 0.0339609 0.18129 0.523599 2.32 3.305 0 0 0 0 
 3.241 2.689 -2.65008 0 0 3.22896 2.60923 0.358915 0.0328342 0.178473 0.523599 2.317 3.307 0 0 0 0 
 3.241 2.68 -2.63181 0 0 3.22837 2.60203 -0.113054 0.0333053 0.170815 0.523599 2.315 3.304 0 0 0 0 
 3.243 2.675 -2.61388 0 0 3.22857 2.59973 -1.82311 0.0340637 0.159342 0.523599 2.311 3.308 0 0 0 0 
 3.243 2.679 -2.59657 0 0 3.23067 2.60133 0.0131646 0.0344099 0.165507 0.523599 2.318 3.304 0 0 0 0 
 3.241 2.676 -2.58042 0 0 3.22806 2.60074 -0.501007 0.0344625 0.156756 0.523599 2.314 3.309 0 0 0 0 
 3.242 2.674 -2.56367 0 0 3.22697 2.59994 -4.60578 0.0357512 0.148288 0.523599 2.308 3.311 0 0 0 0 
 3.248 2.674 -2.54812 0 0 3.23086 2.60143 1.93273 0.0368303 0.139217 0.523599 2.307 3.316 0 0 0 0 
 3.255 2.674 -2.53341 0 0 3.23667 2.59904 1.38966 0.0388896 0.14025 0.523599 2.31 3.308 0 0 0 0 
 3.257 2.675 -2.51974 0 0 3.23597 2.59793 0.575318 0.0415992 0.138088 0.523599 2.303 3.302 0 0 0 0 
 3.257 2.678 -2.50542 0 0 3.23687 2.60003 0.895878 0.041955 0.139043 0.523599 2.306 3.302 0 0 0 0 
 3.249 2.681 -2.49163 0 0 3.23097 2.60213 2.83156 0.0416911 0.142142 0.523599 2.305 3.302 0 0 0 0 
 3.239 2.688 -2.47674 0 0 3.22397 2.61003 -1.95315 0.0402708 0.142909 0.523599 2.305 3.312 0 0 0 0 
 3.229 2.688 -2.46238 0 0 3.21907 2.60943 -18.5164 0.0384441 0.150839 0.523599 2.312 3.31 0 0 0 0 
 3.217 2.688 -2.44779 0 0 3.21067 2.60883 -0.0699129 0.0374345 0.156261 0.523599 2.312 3.308 0 0 0 0 
 3.209 2.685 -2.43325 0 0 3.20657 2.60763 0.371918 0.0352488 0.157555 0.523599 2.317 3.311 0 0 0 0 
 3.205 2.681 -2.41771 0 0 3.20376 2.60513 -5.80433 0.0345529 0.154502 0.523599 2.317 3.312 0 0 0 0 
 3.197 2.675 -2.40164 0 0 3.19997 2.60093 0.154452 0.0323019 0.156674 0.523599 2.323 3.312 0 0 0 0 
 3.192 2.677 -2.38569 0 0 3.19646 2.60353 -0.922917 0.031897 0.156247 0.523599 2.323 3.316 0 0 0 0 
 3.197 2.682 -2.36961 0 0 3.19847 2.60703 -1.26735 0.0345716 0.150961 0.523599 2.318 3.316 0 0 0 0 
 3.196 2.683 -2.35416 0 0 3.19537 2.60924 -0.0724211 0.0354787 0.142221 0.523599 2.31 3.321 0 0 0 0 
 3.194 2.693 -2.33907 0 0 3.19397 2.61593 -4.50007 0.0373275 0.147259 0.523599 2.31 3.32 0 0 0 0 
 3.193 2.692 -2.32495 0 0 3.19537 2.61523 -1.71463 0.0366075 0.149432 0.523599 2.317 3.32 0 0 0 0 
 3.198 2.684 -2.31025 0 0 3.20096 2.61113 0.624102 0.0348913 0.141444 0.523599 2.324 3.325 0 0 0 0 
 3.196 2.671 -2.2955 0 0 3.19927 2.60113 0.673971 0.0337173 0.134616 0.523599 2.323 3.322 0 0 0 0 
 3.178 2.667 -2.28142 0 0 3.18667 2.59893 869.587 0.0309766 0.14105 0.523599 2.323 3.324 0 0 0 0 
 3.169 2.658 -2.26813 0 0 3.17797 2.59323 -1.37196 0.0295682 0.134306 0.523599 2.315 3.326 0 0 0 0 
 3.165 2.646 -2.25425 0 0 3.17457 2.58483 -0.111912 0.0278638 0.127804 0.523599 2.313 3.326 0 0 0 0 
 3.168 2.634 -2.24127 0 0 3.17847 2.57614 0.938775 0.026139 0.122768 0.523599 2.319 3.325 0 0 0 0 
 3.165 2.627 -2.22876 0 0 3.17607 2.57214 3.98266 0.0246543 0.117793 0.523599 2.318 3.328 0 0 0 0 
 3.161 2.624 -2.21642 0 0 3.17627 2.56853 -0.535794 0.0237003 0.126965 0.523599 2.328 3.323 0 0 0 0 
 3.159 2.627 -2.20424 0 0 3.17397 2.56883 -0.922533 0.0256433 0.129311 0.523599 2.325 3.317 0 0 0 0 
 3.153 2.627 -2.19128 0 0 3.16977 2.56974 -0.281234 0.0248704 0.130636 0.523599 2.325 3.32 0 0 0 0 
 3.158 2.63 -2.17806 0 0 3.17177 2.57154 -1.99312 0.0270238 0.124087 0.523599 2.32 3.319 0 0 0 0 
 3.162 2.628 -2.16481 0 0 3.17487 2.57074 -3.74104 0.0270534 0.118666 0.523599 2.321 3.321 0 0 0 0 
 3.171 2.631 -2.15188 0 0 3.17997 2.57313 -0.173043 0.0291097 0.108878 0.523599 2.317 3.322 0 0 0 0 
 3.177 2.637 -2.13993 0 0 3.18237 2.57764 14.3594 0.0314988 0.10105 0.523599 2.311 3.323 0 0 0 0 
 3.185 2.644 -2.12936 0 0 3.18766 2.58194 -3.56505 0.0341981 0.0970545 0.523599 2.31 3.321 0 0 0 0 
 3.186 2.637 -2.11936 0 0 3.18867 2.57704 -0.558506 0.0332195 0.0926992 0.523599 2.311 3.321 0 0 0 0 
 3.181 2.639 -2.10999 0 0 3.18427 2.57753 0.0246112 0.0340862 0.0948807 0.523599 2.308 3.318 0 0 0 0 
 3.182 2.637 -2.10086 0 0 3.18587 2.57524 -0.279118 0.0342661 0.0954212 0.523599 2.311 3.315 0 0 0 0 
 3.18 2.636 -2.09138 0 0 3.18237 2.57573 -0.364182 0.0340794 0.0884415 0.523599 2.304 3.319 0 0 0 0 
 3.173 2.629 -2.08183 0 0 3.17807 2.57233 5.14558 0.0313261 0.0889553 0.523599 2.306 3.324 0 0 0 0 
 3.165 2.619 -2.07269 0 0 3.17186 2.56653 -4.65445 0.0284944 0.0867633 0.523599 2.304 3.328 0 0 0 0 
 3.164 2.606 -2.06407 0 0 3.17117 2.55713 -0.595044 0.0264542 0.0818956 0.523599 2.304 3.327 0 0 0 0 
 3.163 2.597 -2.05515 0 0 3.17017 2.55083 -0.161311 0.0250248 0.0775161 0.523599 2.303 3.327 0 0 0 0 
 3.158 2.597 -2.0473 0 0 3.16757 2.55083 8.73098 0.0244611 0.0826708 0.523599 2.306 3.327 0 0 0 0 
 3.154 2.589 -2.03935 0 0 3.16357 2.54403 -87.5828 0.0238972 0.0803893 0.523599 2.302 3.323 0 0 0 0 
 3.152 2.575 -2.03064 0 0 3.16157 2.53484 -1.77422 0.0211845 0.0737636 0.523599 2.3 3.325 0 0 0 0 
 3.147 2.567 -2.02221 0 0 3.15867 2.53013 -0.0187053 0.0187584 0.0744318 0.523599 2.302 3.328 0 0 0 0 
 3.15 2.563 -2.01509 0 0 3.15987 2.52793 -0.438067 0.0182919 0.0671838 0.523599 2.299 3.33 0 0 0 0 
 3.153 2.555 -2.00734 0 0 3.16257 2.52084 -0.458946 0.0179495 0.0647799 0.523599 2.301 3.325 0 0 0 0 
 3.148 2.548 -2.00049 0 0 3.15997 2.51624 0.52924 0.0159554 0.0676936 0.523599 2.304 3.326 0 0 0 0 
 3.146 2.546 -1.99411 0 0 3.15797 2.51633 0.779791 0.0147782 0.0649115 0.523599 2.302 3.331 0 0 0 0 
 3.144 2.541 -1.98699 0 0 3.15627 2.51193 0.973277 0.0144416 0.0645757 0.523599 2.301 3.328 0 0 0 0 
 3.144 2.539 -1.98085 0 0 3.15837 2.50993 2.05691 0.0139978 0.0696407 0.523599 2.308 3.326 0 0 0 0 
 3.146 2.545 -1.97392 0 0 3.16067 2.51353 1.54385 0.0155073 0.0725563 0.523599 2.311 3.324 0 0 0 0 
 3.151 2.552 -1.96675 0 0 3.16237 2.51813 0.16327 0.017917 0.0659972 0.523599 2.305 3.323 0 0 0 0 
 3.154 2.567 -1.95942 0 0 3.16447 2.52893 -0.540802 0.0208383 0.0673915 0.523599 2.305 3.324 0 0 0 0 
 3.15 2.568 -1.95303 0 0 3.16227 2.52904 -0.0353524 0.0210671 0.072421 0.523599 2.307 3.322 0 0 0 0 
 3.147 2.564 -1.94564 0 0 3.16107 2.52593 0.464971 0.0202137 0.0755833 0.523599 2.31 3.321 0 0 0 0 
 3.146 2.564 -1.93836 0 0 3.16067 2.52503 0.526482 0.0207646 0.0773965 0.523599 2.311 3.318 0 0 0 0 
 3.136 2.563 -1.93054 0 0 3.15426 2.52433 1.64546 0.0199179 0.0858969 0.523599 2.313 3.318 0 0 0 0 
 3.131 2.563 -1.92271 0 0 3.15197 2.52433 3.56514 0.0194904 0.0923608 0.523599 2.317 3.318 0 0 0 0 
 3.125 2.562 -1.91383 0 0 3.14567 2.52454 4.04829 0.0189891 0.0897579 0.523599 2.31 3.321 0 0 0 0 
 3.125 2.562 -1.90473 0 0 3.14567 2.52633 6.39695 0.0180436 0.0874573 0.523599 2.31 3.327 0 0 0 0 
 3.133 2.571 -1.89542 0 0 3.15157 2.53204 1.71444 0.0207369 0.0839233 0.523599 2.311 3.325 0 0 0 0 
 3.135 2.578 -1.88618 0 0 3.15117 2.53843 0.832129 0.0217628 0.0771951 0.523599 2.305 3.33 0 0 0 0 
 3.136 2.576 -1.87795 0 0 3.15367 2.53673 1.31013 0.0214351 0.0802048 0.523599 2.311 3.329 0 0 0 0 
 3.137 2.582 -1.86981 0 0 3.15317 2.54123 0.713581 0.0228177 0.0766085 0.523599 2.307 3.33 0 0 0 0 
 3.138 2.587 -1.86204 0 0 3.15537 2.54503 0.885881 0.0235057 0.0799821 0.523599 2.312 3.331 0 0 0 0 
 3.134 2.584 -1.85427 0 0 3.15197 2.54264 1.11352 0.0231614 0.0803801 0.523599 2.31 3.33 0 0 0 0 
 3.14 2.581 -1.84564 0 0 3.15527 2.54024 0.50935 0.023394 0.0718289 0.523599 2.307 3.329 0 0 0 0 
 3.148 2.584 -1.83769 0 0 3.16117 2.54084 -0.138032 0.0254129 0.0670453 0.523599 2.308 3.324 0 0 0 0 
 3.143 2.58 -1.8305 0 0 3.15586 2.53863 -0.0738305 0.0244152 0.0642447 0.523599 2.302 3.326 0 0 0 0 
 3.137 2.576 -1.82333 0 0 3.15197 2.53523 0.44366 0.0238073 0.0687944 0.523599 2.303 3.324 0 0 0 0 
 3.134 2.563 -1.81658 0 0 3.14957 2.52493 0.835552 0.0220817 0.0680174 0.523599 2.302 3.32 0 0 0 0 
 3.128 2.55 -1.80987 0 0 3.14417 2.51613 1.72984 0.0193849 0.0664071 0.523599 2.298 3.321 0 0 0 0 
 3.121 2.541 -1.80293 0 0 3.14047 2.51013 67.2629 0.0170796 0.0730446 0.523599 2.302 3.322 0 0 0 0 
 3.118 2.537 -1.79548 0 0 3.13627 2.50763 27.0737 0.0163983 0.068334 0.523599 2.295 3.323 0 0 0 0 
 3.119 2.533 -1.78768 0 0 3.13817 2.50333 -43.6075 0.0165971 0.0704288 0.523599 2.299 3.318 0 0 0 0 
 3.118 2.531 -1.78046 0 0 3.13777 2.50373 -5.16243 0.0150775 0.0702635 0.523599 2.3 3.324 0 0 0 0 
 3.117 2.523 -1.77232 0 0 3.13797 2.49963 -2.03719 0.0125227 0.0710163 0.523599 2.303 3.329 0 0 0 0 
 3.108 2.52 -1.76499 0 0 3.13197 2.49663 -1.47485 0.0122922 0.0789289 0.523599 2.304 3.326 0 0 0 0 
 3.104 2.52 -1.75704 0 0 3.13007 2.49693 -1.22182 0.0120088 0.0841894 0.523599 2.307 3.327 0 0 0 0 
 3.101 2.517 -1.74852 0 0 3.12857 2.49423 -1.0844 0.0118217 0.0877796 0.523599 2.309 3.325 0 0 0 0 
 3.096 2.505 -1.73959 0 0 3.12567 2.48644 -0.722737 0.00904428 0.0914003 0.523599 2.311 3.327 0 0 0 0 
 3.09 2.505 -1.73053 0 0 3.12147 2.48704 -0.642313 0.00867745 0.0958317 0.523599 2.311 3.329 0 0 0 0 
 3.091 2.508 -1.72111 0 0 3.12277 2.49003 -0.634721 0.00886152 0.0963101 0.523599 2.313 3.332 0 0 0 0 
 3.099 2.504 -1.71134 0 0 3.12987 2.48843 -0.551889 0.00757187 0.0925886 0.523599 2.318 3.336 0 0 0 0 
 3.106 2.512 -1.7012 0 0 3.13417 2.49464 -0.708707 0.00917328 0.0852437 0.523599 2.316 3.338 0 0 0 0 
 3.104 2.519 -1.69196 0 0 3.13127 2.49954 -0.866366 0.0108018 0.0829623 0.523599 2.311 3.338 0 0 0 0 
 3.101 2.516 -1.68383 0 0 3.13037 2.49683 -0.764392 0.0106297 0.08839 0.523599 2.315 3.336 0 0 0 0 
 3.097 2.516 -1.67575 0 0 3.12546 2.49563 -0.86903 0.011639 0.0857845 0.523599 2.308 3.332 0 0 0 0 
 3.094 2.512 -1.66671 0 0 3.12217 2.49254 -0.8272 0.0112395 0.0842872 0.523599 2.304 3.331 0 0 0 0 
 3.095 2.514 -1.65835 0 0 3.12347 2.49423 -0.832694 0.0115875 0.0847817 0.523599 2.306 3.332 0 0 0 0 
 3.099 2.511 -1.64978 0 0 3.12627 2.49093 -0.905642 0.0120027 0.0810318 0.523599 2.306 3.328 0 0 0 0 
 3.096 2.519 -1.64151 0 0 3.12387 2.49713 -0.998558 0.0133286 0.0825594 0.523599 2.305 3.33 0 0 0 0 
 3.095 2.521 -1.63356 0 0 3.12467 2.49733 -1.025 0.0146203 0.087381 0.523599 2.31 3.326 0 0 0 0 
 3.094 2.523 -1.62521 0 0 3.12277 2.49993 -1.03344 0.0144132 0.0842678 0.523599 2.306 3.33 0 0 0 0 
 3.085 2.516 -1.61643 0 0 3.11647 2.49563 -0.755839 0.012749 0.0910989 0.523599 2.306 3.332 0 0 0 0 
 3.078 2.519 -1.60766 0 0 3.11187 2.49803 -0.712518 0.0133067 0.0973874 0.523599 2.307 3.333 0 0 0 0 
 3.078 2.519 -1.59834 0 0 3.11277 2.49803 -0.688625 0.0135137 0.0993776 0.523599 2.31 3.333 0 0 0 0 
 3.077 2.521 -1.58848 0 0 3.11237 2.49883 -0.724144 0.014538 0.100473 0.523599 2.311 3.331 0 0 0 0 
 3.073 2.524 -1.5786 0 0 3.11107 2.49973 -0.740607 0.016187 0.107337 0.523599 2.316 3.327 0 0 0 0 
 3.069 2.528 -1.56836 0 0 3.10677 2.50194 -0.825655 0.0176294 0.105655 0.523599 2.311 3.325 0 0 0 0 
 3.067 2.525 -1.55734 0 0 3.10537 2.50014 -0.757237 0.0171189 0.106615 0.523599 2.311 3.326 0 0 0 0 
 3.064 2.527 -1.54658 0 0 3.10356 2.50303 -0.692553 0.0168272 0.109292 0.523599 2.312 3.331 0 0 0 0 
 3.066 2.525 -1.53571 0 0 3.10647 2.50254 -0.620243 0.0161457 0.111261 0.523599 2.317 3.334 0 0 0 0 
 3.066 2.526 -1.52488 0 0 3.10677 2.50413 -0.594503 0.0160424 0.111457 0.523599 2.318 3.337 0 0 0 0 
 3.073 2.53 -1.5135 0 0 3.11257 2.50723 -0.648587 0.0168661 0.107113 0.523599 2.321 3.338 0 0 0 0 
 3.072 2.53 -1.50203 0 0 3.11247 2.50663 -0.651477 0.0176018 0.108631 0.523599 2.323 3.336 0 0 0 0 
 3.07 2.535 -1.49079 0 0 3.11016 2.50804 -0.794464 0.0202373 0.105912 0.523599 2.32 3.329 0 0 0 0 
 3.077 2.533 -1.47982 0 0 3.11476 2.50543 -0.894751 0.0207211 0.0981143 0.523599 2.319 3.325 0 0 0 0 
 3.075 2.535 -1.46932 0 0 3.11277 2.50743 -0.894757 0.0209596 0.0971821 0.523599 2.317 3.327 0 0 0 0 
 3.084 2.533 -1.45967 0 0 3.11937 2.50543 -0.988159 0.0209675 0.0896768 0.523599 2.318 3.325 0 0 0 0 
 3.083 2.528 -1.4498 0 0 3.11717 2.50074 -1.02561 0.0208643 0.0855919 0.523599 2.313 3.321 0 0 0 0 
 3.087 2.52 -1.44103 0 0 3.11996 2.49513 -0.939629 0.0193471 0.0824816 0.523599 2.313 3.321 0 0 0 0 
 3.083 2.515 -1.43266 0 0 3.11657 2.49164 -0.835662 0.0185871 0.084098 0.523599 2.311 3.321 0 0 0 0 
 3.081 2.51 -1.42414 0 0 3.11487 2.48663 -0.825246 0.0187856 0.0842488 0.523599 2.31 3.316 0 0 0 0 
 3.071 2.509 -1.41584 0 0 3.10937 2.48564 -0.69746 0.0194667 0.095973 0.523599 2.315 3.315 0 0 0 0 
 3.067 2.503 -1.40672 0 0 3.10626 2.48233 -0.580952 0.0180209 0.099072 0.523599 2.314 3.318 0 0 0 0 
 3.065 2.501 -1.39695 0 0 3.10457 2.48243 -0.506996 0.0169186 0.100276 0.523599 2.313 3.323 0 0 0 0 
 3.059 2.496 -1.38717 0 0 3.10037 2.47834 -0.455058 0.0168065 0.105011 0.523599 2.313 3.321 0 0 0 0 
 3.057 2.494 -1.37708 0 0 3.09926 2.47723 -0.418866 0.016598 0.107281 0.523599 2.314 3.322 0 0 0 0 
 3.054 2.486 -1.36631 0 0 3.09747 2.47254 -0.320096 0.0149162 0.111868 0.523599 2.315 3.325 0 0 0 0 
 3.055 2.482 -1.35547 0 0 3.09787 2.47064 -0.271529 0.0137508 0.110922 0.523599 2.314 3.328 0 0 0 0 
 3.05 2.482 -1.34428 0 0 3.09436 2.47094 -0.254713 0.0140936 0.114536 0.523599 2.314 3.329 0 0 0 0 
 3.054 2.48 -1.33343 0 0 3.09716 2.46893 -0.26211 0.0141757 0.110616 0.523599 2.314 3.327 0 0 0 0 
 3.049 2.474 -1.3219 0 0 3.09337 2.46533 -0.197834 0.013155 0.11496 0.523599 2.313 3.329 0 0 0 0 
 3.051 2.463 -1.31051 0 0 3.09507 2.45793 -0.115455 0.0111136 0.116332 0.523599 2.314 3.33 0 0 0 0 
 3.052 2.456 -1.29865 0 0 3.09517 2.45274 -0.0757861 0.0101183 0.114805 0.523599 2.312 3.329 0 0 0 0 
 3.051 2.45 -1.28699 0 0 3.09447 2.44883 -0.0268113 0.00916383 0.116878 0.523599 2.312 3.33 0 0 0 0 
 3.047 2.439 -1.2754 0 0 3.09047 2.43963 0.0146106 0.00834653 0.117998 0.523599 2.308 3.325 0 0 0 0 
 3.046 2.433 -1.26304 0 0 3.09157 2.43484 0.0402922 0.00839117 0.124234 0.523599 2.314 3.323 0 0 0 0 
 3.05 2.437 -1.25111 0 0 3.09317 2.43733 0.00776009 0.0091308 0.115989 0.523599 2.31 3.322 0 0 0 0 
 3.051 2.445 -1.23854 0 0 3.09387 2.44413 -0.020183 0.0101448 0.113506 0.523599 2.31 3.326 0 0 0 0 
 3.049 2.44 -1.22663 0 0 3.09217 2.44063 0.0147106 0.00960343 0.115277 0.523599 2.309 3.326 0 0 0 0 
 3.049 2.434 -1.21494 0 0 3.09217 2.43643 0.0564701 0.00880906 0.116658 0.523599 2.309 3.326 0 0 0 0 
 3.042 2.433 -1.20356 0 0 3.08697 2.43544 0.054205 0.00957497 0.120896 0.523599 2.308 3.325 0 0 0 0 
 3.042 2.431 -1.19185 0 0 3.08697 2.43403 0.067599 0.00953851 0.121059 0.523599 2.308 3.325 0 0 0 0 
 3.043 2.437 -1.17966 0 0 3.08827 2.43883 0.0405595 0.0106888 0.119947 0.523599 2.31 3.327 0 0 0 0 
 3.041 2.433 -1.16762 0 0 3.08776 2.43693 0.0843412 0.0101739 0.12567 0.523599 2.313 3.33 0 0 0 0 
 3.036 2.432 -1.15574 0 0 3.08457 2.43623 0.0874236 0.0108529 0.130068 0.523599 2.314 3.33 0 0 0 0 
 3.039 2.429 -1.1426 0 0 3.08727 2.43263 0.0754561 0.0115189 0.127932 0.523599 2.316 3.325 0 0 0 0 
 3.051 2.436 -1.12946 0 0 3.09537 2.43754 0.0346118 0.0119848 0.114815 0.523599 2.315 3.325 0 0 0 0 
 3.055 2.439 -1.11745 0 0 3.09577 2.43903 0.000858077 0.0120911 0.103254 0.523599 2.307 3.323 0 0 0 0 
 3.055 2.432 -1.10582 0 0 3.09667 2.43383 0.0440701 0.0115957 0.107244 0.523599 2.31 3.322 0 0 0 0 
 3.058 2.435 -1.09537 0 0 3.09667 2.43743 0.0630589 0.0105561 0.100095 0.523599 2.303 3.327 0 0 0 0 
 3.06 2.431 -1.08465 0 0 3.09777 2.43313 0.0565932 0.0106887 0.0969725 0.523599 2.302 3.322 0 0 0 0 
 3.054 2.435 -1.0749 0 0 3.09416 2.43713 0.053205 0.0116959 0.10239 0.523599 2.304 3.326 0 0 0 0 
 3.055 2.432 -1.0649 0 0 3.09577 2.43593 0.0968294 0.0111041 0.105886 0.523599 2.307 3.329 0 0 0 0 
 3.053 2.431 -1.05399 0 0 3.09707 2.43553 0.10328 0.0121583 0.114182 0.523599 2.316 3.33 0 0 0 0 
 3.052 2.431 -1.0429 0 0 3.09457 2.43553 0.106946 0.01193 0.109998 0.523599 2.31 3.33 0 0 0 0 
 3.043 2.432 -1.03114 0 0 3.08827 2.43623 0.0938331 0.0133558 0.115346 0.523599 2.31 3.33 0 0 0 0 
 3.048 2.437 -1.01995 0 0 3.09327 2.44033 0.0738098 0.0141556 0.113318 0.523599 2.315 3.332 0 0 0 0 
 3.058 2.439 -1.00796 0 0 3.09907 2.44053 0.0373975 0.0139237 0.0999604 0.523599 2.311 3.328 0 0 0 0 
 3.056 2.438 -0.996794 0 0 3.09947 2.43923 0.0284205 0.0152407 0.104388 0.523599 2.317 3.326 0 0 0 0 
 3.051 2.435 -0.986724 0 0 3.09537 2.43713 0.04816 0.0153351 0.107235 0.523599 2.315 3.326 0 0 0 0 
 3.052 2.43 -0.976252 0 0 3.09607 2.43363 0.0826778 0.0146702 0.108286 0.523599 2.315 3.326 0 0 0 0 
 3.047 2.436 -0.964984 0 0 3.09316 2.43664 0.0137545 0.0173797 0.107385 0.523599 2.317 3.322 0 0 0 0 
 3.046 2.434 -0.953868 0 0 3.09187 2.43733 0.0728407 0.0161032 0.11039 0.523599 2.315 3.329 0 0 0 0 
 3.043 2.432 -0.943221 0 0 3.08887 2.43323 0.0269325 0.0174823 0.106087 0.523599 2.312 3.32 0 0 0 0 
 3.05 2.431 -0.932595 0 0 3.09617 2.43193 0.0202559 0.0180225 0.105433 0.523599 2.32 3.318 0 0 0 0 
 3.055 2.428 -0.922039 0 0 3.09937 2.43013 0.04816 0.0169153 0.102754 0.523599 2.319 3.319 0 0 0 0 
 3.065 2.415 -0.911542 0 0 3.10667 2.42103 0.145867 0.0140306 0.102987 0.523599 2.32 3.319 0 0 0 0 
 3.07 2.407 -0.901163 0 0 3.10987 2.41693 0.254504 0.0115276 0.105444 0.523599 2.319 3.324 0 0 0 0 
 3.073 2.398 -0.890786 0 0 3.10987 2.41093 0.366019 0.00897909 0.103921 0.523599 2.312 3.325 0 0 0 0 
 3.072 2.392 -0.880266 0 0 3.11037 2.40673 0.404144 0.00898277 0.11002 0.523599 2.316 3.325 0 0 0 0 
 3.08 2.377 -0.869977 0 0 3.11506 2.39564 0.587851 0.00586049 0.109915 0.523599 2.313 3.323 0 0 0 0 
 3.076 2.376 -0.858614 0 0 3.11197 2.39343 0.526697 0.00714063 0.109225 0.523599 2.312 3.318 0 0 0 0 
 3.075 2.383 -0.847547 0 0 3.11247 2.39953 0.472424 0.00853496 0.110255 0.523599 2.316 3.322 0 0 0 0 
 3.077 2.382 -0.83671 0 0 3.11326 2.39913 0.511105 0.00797685 0.108543 0.523599 2.314 3.323 0 0 0 0 
 3.09 2.377 -0.825531 0 0 3.12206 2.39444 0.60452 0.00618109 0.100189 0.523599 2.313 3.319 0 0 0 0 
 3.099 2.382 -0.814528 0 0 3.12837 2.39763 0.589193 0.00603221 0.090869 0.523599 2.313 3.318 0 0 0 0 
 3.102 2.383 -0.804774 0 0 3.13017 2.39833 0.605521 0.0058161 0.0876039 0.523599 2.312 3.318 0 0 0 0 
 3.102 2.377 -0.795821 0 0 3.12957 2.39474 0.749818 0.00460071 0.0910211 0.523599 2.31 3.32 0 0 0 0 
 3.098 2.386 -0.786885 0 0 3.12767 2.40073 0.542041 0.00717141 0.0888624 0.523599 2.313 3.319 0 0 0 0 
 3.095 2.391 -0.777717 0 0 3.12647 2.40484 0.470406 0.00863727 0.0902274 0.523599 2.316 3.321 0 0 0 0 
 3.084 2.398 -0.768804 0 0 3.11787 2.40883 0.33133 0.0113428 0.0883168 0.523599 2.313 3.318 0 0 0 0 
 3.076 2.4 -0.759909 0 0 3.11377 2.41024 0.277853 0.0137025 0.0940362 0.523599 2.318 3.318 0 0 0 0 
 3.075 2.401 -0.751009 0 0 3.11187 2.41094 0.276216 0.013585 0.0911917 0.523599 2.314 3.318 0 0 0 0 
 3.064 2.403 -0.74228 0 0 3.10566 2.41354 0.258378 0.0158968 0.100846 0.523599 2.319 3.322 0 0 0 0 
 3.065 2.396 -0.733305 0 0 3.10577 2.40923 0.336574 0.0144872 0.104314 0.523599 2.317 3.324 0 0 0 0 
 3.064 2.395 -0.722841 0 0 3.10537 2.40823 0.331339 0.0150447 0.104741 0.523599 2.318 3.323 0 0 0 0 
 3.065 2.394 -0.712499 0 0 3.10637 2.40663 0.315317 0.0155488 0.10277 0.523599 2.319 3.32 0 0 0 0 
 3.063 2.385 -0.702047 0 0 3.10317 2.40033 0.401499 0.014055 0.105837 0.523599 2.313 3.32 0 0 0 0 
 3.059 2.38 -0.691608 0 0 3.10037 2.39714 0.439679 0.0141973 0.11125 0.523599 2.313 3.321 0 0 0 0 
 3.059 2.372 -0.680786 0 0 3.10097 2.39183 0.51131 0.0137011 0.117607 0.523599 2.315 3.322 0 0 0 0 
 3.054 2.366 -0.669554 0 0 3.09627 2.38763 0.561839 0.0134513 0.121477 0.523599 2.311 3.322 0 0 0 0 
 3.06 2.359 -0.657958 0 0 3.10107 2.38333 0.67332 0.0120806 0.124916 0.523599 2.313 3.324 0 0 0 0 
 3.058 2.356 -0.645935 0 0 3.09937 2.38153 0.709854 0.0121304 0.127507 0.523599 2.312 3.325 0 0 0 0 
 3.06 2.362 -0.633904 0 0 3.10077 2.38603 0.668972 0.0127262 0.122441 0.523599 2.312 3.326 0 0 0 0 
 3.061 2.365 -0.621524 0 0 3.10147 2.38663 0.592192 0.013805 0.1157 0.523599 2.312 3.321 0 0 0 0 
 3.059 2.369 -0.609689 0 0 3.09947 2.38973 0.562537 0.0144517 0.112882 0.523599 2.31 3.322 0 0 0 0 
