 1.99 0.581 -5.82598e-05 6.94536e-310 5.55604e+180 2.01927 2.161 0.819289 0 0 0 2.019 1.161 -0.000271913 0 6.02902e+233 3.25466e-318 
 1.989 0.585 -5.84325e-05 6.94536e-310 5.55604e+180 2.02527 2.159 -0.3219 0.219391 1.81315 0.523599 2.025 1.159 -0.000268806 0 6.02902e+233 3.25466e-318 
 1.986 0.609 -5.92494e-05 6.94536e-310 5.55604e+180 2.02727 2.167 1.32519 0.221227 1.81425 0.523599 2.027 1.167 -0.000274314 0 6.02902e+233 3.25466e-318 
 1.972 0.608 0.0173937 6.94536e-310 5.55604e+180 2.01527 2.179 2.35617 0.242147 1.80923 0.523599 2.015 1.179 -0.000274733 0 6.02902e+233 3.25466e-318 
 2.008 0.63 0.147226 6.94536e-310 5.55604e+180 2.01528 2.177 -1.57035 0.345596 1.77532 0.523599 2.015 1.177 -0.000275634 0 6.02902e+233 3.25466e-318 
 2.006 0.608 0.313245 6.94536e-310 5.55604e+180 2.01127 2.169 -2.03457 0.500329 1.67869 0.523599 2.011 1.169 -0.000274515 0 6.02902e+233 3.25466e-318 
 2.021 0.65 0.474627 6.94536e-310 5.55604e+180 2.01027 2.179 1.67058 0.610424 1.54904 0.523599 2.01 1.179 -0.000273305 0 6.02902e+233 3.25466e-318 
 2.063 0.649 0.614191 6.94536e-310 5.55604e+180 2.00948 2.179 -3.14147 0.68997 1.43445 0.523599 2.01 1.179 0.000518689 0 6.02902e+233 3.25466e-318 
 2.091 0.648 0.709794 6.94536e-310 5.55604e+180 1.97261 2.18526 2.97336 0.729967 1.37509 0.523599 2.011 1.186 0.0384027 0 6.02902e+233 3.25466e-318 
 2.132 0.699 0.809847 6.94536e-310 5.55604e+180 1.97235 2.19886 1.58941 0.756085 1.28693 0.523599 2.02 1.2 0.0476645 0 6.02902e+233 3.25466e-318 
 2.153 0.665 0.934974 6.94536e-310 5.55604e+180 1.98817 2.20595 0.421094 0.844646 1.13142 0.491883 2.034 1.207 0.0458436 0 6.02902e+233 3.25466e-318 
 2.174 0.69 1.07104 6.94536e-310 5.55604e+180 1.99189 2.20594 -0.00350346 0.887231 0.95897 0.408074 2.038 1.207 0.0461269 0 6.02902e+233 3.25466e-318 
 2.206 0.697 1.19363 6.94536e-310 5.55604e+180 1.9978 2.20702 0.181694 0.92469 0.805821 0.335409 2.042 1.208 0.0442114 0 6.02902e+233 3.25466e-318 
 2.213 0.732 1.31627 6.94536e-310 5.55604e+180 1.9971 2.20595 -2.14958 0.936739 0.630828 0.263126 2.043 1.207 0.0459166 0 6.02902e+233 3.25466e-318 
 2.257 0.745 1.43361 6.94536e-310 5.55604e+180 1.98552 2.21005 2.80054 0.955101 0.508167 0.209694 2.029 1.211 0.0434896 0 6.02902e+233 3.25466e-318 
 2.293 0.788 1.53165 6.94536e-310 5.55604e+180 1.96107 2.2082 -3.06601 0.944271 0.425713 0.178417 2.021 1.21 0.0599609 0 6.02902e+233 3.25466e-318 
 2.342 0.817 1.60108 6.94536e-310 5.55604e+180 1.9346 2.2086 3.12663 0.941071 0.402989 0.169643 2.017 1.212 0.0824967 0 6.02902e+233 3.25466e-318 
 2.346 0.847 1.66446 6.94536e-310 5.55604e+180 1.91963 2.21543 2.71321 0.936722 0.329824 0.139921 2.025 1.221 0.105565 0 6.02902e+233 3.25466e-318 
 2.378 0.857 1.72245 6.94536e-310 5.55604e+180 1.88334 2.21603 3.12524 0.946552 0.313185 0.131583 2.017 1.225 0.134064 0 6.02902e+233 3.25466e-318 
 2.33 0.881 1.77756 6.94536e-310 5.55604e+180 1.83666 2.22073 3.04117 0.939728 0.231474 0.0982112 2.005 1.235 0.169142 0 6.02902e+233 3.25466e-318 
 2.375 0.896 1.83303 6.94536e-310 5.55604e+180 1.80424 2.24502 2.49862 0.964887 0.219908 0.0909131 2.008 1.266 0.205198 0 6.02902e+233 3.25466e-318 
 2.387 0.944 1.89154 6.94536e-310 5.55604e+180 1.74954 2.2664 2.76902 0.967808 0.204776 0.0844337 1.987 1.295 0.239748 0 6.02902e+233 3.25466e-318 
 2.399 0.965 1.95635 6.94536e-310 5.55604e+180 1.71399 2.29369 2.48685 0.988148 0.14485 0.0585679 1.981 1.33 0.270291 0 6.02902e+233 3.25466e-318 
 2.402 0.983 2.01721 6.94536e-310 5.55604e+180 1.65973 2.2931 -3.13072 0.996432 0.110788 0.0444447 1.956 1.338 0.300788 0 6.02902e+233 3.25466e-318 
 2.433 1.027 2.07181 6.94536e-310 5.55604e+180 1.61604 2.30834 2.80594 1.00571 0.106988 0.0425265 1.945 1.364 0.335202 0 6.02902e+233 3.25466e-318 
 2.432 1.075 2.12375 6.94536e-310 5.55604e+180 1.55734 2.31953 2.95322 1.007 0.0958653 0.0380612 1.921 1.388 0.37219 0 6.02902e+233 3.25466e-318 
 2.379 1.174 2.1734 6.94536e-310 5.55604e+180 1.49882 2.33731 2.84675 0.966169 0.071939 0.0297744 1.897 1.42 0.409533 0 6.02902e+233 3.25466e-318 
 2.427 1.187 2.22377 6.94536e-310 5.55604e+180 1.43701 2.34036 3.09227 1.00634 0.0905597 0.0359801 1.868 1.438 0.445586 0 6.02902e+233 3.25466e-318 
 2.419 1.22 2.27685 6.94536e-310 5.55604e+180 1.38141 2.34162 3.11898 1.01212 0.0650701 0.0257108 1.842 1.454 0.478655 0 6.02902e+233 3.25466e-318 
 2.398 1.268 2.33409 6.94536e-310 5.55604e+180 1.34232 2.34658 3.01534 1.00021 0.018267 0.00730518 1.829 1.473 0.50829 0 6.02902e+233 3.25466e-318 
 2.348 1.265 2.39411 6.94536e-310 5.55604e+180 1.298 2.35136 3.03416 1.00035 -0.0881747 -0.0352428 1.806 1.49 0.532861 0 6.02902e+233 3.25466e-318 
 2.333 1.306 2.45043 6.94536e-310 5.55604e+180 1.25395 2.37183 2.70655 1.00271 -0.141411 -0.056352 1.781 1.522 0.555131 0 6.02902e+233 3.25466e-318 
 2.354 1.355 2.50277 6.94536e-310 5.55604e+180 1.19349 2.38411 2.94126 1.02552 -0.139687 -0.0544303 1.739 1.546 0.576993 0 6.02902e+233 3.25466e-318 
 2.336 1.375 2.55694 6.94536e-310 5.55604e+180 1.13521 2.37396 -2.96916 1.03129 -0.176279 -0.0682659 1.696 1.546 0.595345 0 6.02902e+233 3.25466e-318 
 2.269 1.443 2.61196 6.94536e-310 5.55604e+180 1.12865 2.36601 -2.26078 0.965251 -0.240293 -0.0992501 1.701 1.546 0.609375 0 6.02902e+233 3.25466e-318 
 2.246 1.457 2.63831 6.94536e-310 5.55604e+180 1.12669 2.36711 2.6286 0.946251 -0.284617 -0.119738 1.706 1.552 0.617882 0 6.02902e+233 3.25466e-318 
 2.227 1.472 2.63771 6.94536e-310 5.55604e+180 1.13175 2.37615 1.06084 0.930799 -0.294433 -0.12586 1.711 1.561 0.617813 0 6.02902e+233 3.25466e-318 
 2.239 1.457 2.63849 6.94536e-310 5.55604e+180 1.12481 2.37819 2.85502 0.947325 -0.297929 -0.125141 1.704 1.563 0.617737 0 6.02902e+233 3.25466e-318 
 2.219 1.454 2.63833 6.94536e-310 5.55604e+180 1.13468 2.3751 -0.30335 0.930718 -0.317634 -0.135673 1.714 1.56 0.617893 0 6.02902e+233 3.25466e-318 
 2.231 1.465 2.63844 6.94536e-310 5.55604e+180 1.13569 2.3771 1.1061 0.93359 -0.302518 -0.128896 1.715 1.562 0.617888 0 6.02902e+233 3.25466e-318 
 2.222 1.459 2.63849 6.94536e-310 5.55604e+180 1.13064 2.37807 2.95139 0.933877 -0.311359 -0.13258 1.71 1.563 0.617938 0 6.02902e+233 3.25466e-318 
 2.205 1.484 2.63846 6.94536e-310 5.55604e+180 1.13165 2.37708 -0.778179 0.914579 -0.30062 -0.130729 1.711 1.562 0.617928 0 6.02902e+233 3.25466e-318 
 2.223 1.471 2.63849 6.94536e-310 5.55604e+180 1.13466 2.37709 0.00228097 0.927555 -0.302023 -0.129516 1.714 1.562 0.617916 0 6.02902e+233 3.25466e-318 
 2.237 1.448 2.63847 6.94536e-310 5.55604e+180 1.13564 2.37807 0.789352 0.943374 -0.314125 -0.132413 1.715 1.563 0.617949 0 6.02902e+233 3.25466e-318 
 2.225 1.434 2.63852 6.94536e-310 5.55604e+180 1.13159 2.38004 2.68893 0.944703 -0.33325 -0.140177 1.711 1.565 0.618005 0 6.02902e+233 3.25466e-318 
 2.215 1.44 2.63847 6.94536e-310 5.55604e+180 1.13455 2.37701 -0.795558 0.934283 -0.334247 -0.142138 1.714 1.562 0.618049 0 6.02902e+233 3.25466e-318 
 2.234 1.416 2.6384 6.94536e-310 5.55604e+180 1.14054 2.38 0.463372 0.951239 -0.348246 -0.145405 1.72 1.565 0.618061 0 6.02902e+233 3.25466e-318 
