0.6 0.6 0.7836247514423946 0
0.6013438323768345 0.6013390744727652 0.7801242705353187 0
0.6027026830621762 0.6026836673541882 0.7766851431048385 0
0.6040764910742512 0.6040337415249281 0.7733057050267812 0
0.6054651954312852 0.6053892598656441 0.7699843483400333 0
0.6068687351515042 0.6067501852569954 0.7667195190071306 0
0.6082870492531339 0.6081164805796414 0.7635097147750483 0
0.6097200767544007 0.6094881087142414 0.7603534831304735 0
0.61116775667353 0.6108650325414544 0.7572494193446621 0
0.6126300280287477 0.6122472149419398 0.7541961646053116 0
0.6141068298382802 0.613634618796357 0.751192404230464 0
0.6155981011203534 0.615027206985365 0.748236865959758 0
0.6171037808931926 0.6164249423896231 0.745328318320605 0
0.6186238081750243 0.6178277878897908 0.7424655690659722 0
0.6201581219840742 0.619235706366527 0.7396474636788859 0
0.6217066613385682 0.6206486607004912 0.7368728839418923 0
0.6232693652567324 0.6220666137723425 0.734140746568206 0
0.6248461727567923 0.6234895284627403 0.7314500018908773 0
0.6264370228569741 0.6249173676523438 0.7287996326084377 0
0.6280418545755038 0.6263500942218122 0.7261886525834836 0
0.6296606069306073 0.6277876710518049 0.7236161056920241 0
0.6312932189405104 0.629230061022981 0.7210810647214864 0
0.632939629623439 0.6306772270159997 0.7185826303146736 0
0.634599777997619 0.6321291319115204 0.7161199299579747 0
0.6362736030812763 0.6335857385902023 0.7136921170113452 0
0.6379610438926372 0.6350470099327047 0.7112983697790739 0
0.6396620394499271 0.6365129088196868 0.7089378906175805 0
0.6413765287713722 0.6379833981318078 0.7066099050812447 0
0.6431044508751983 0.6394584407497271 0.7043136611017112 0
0.6448457447796314 0.6409379995541039 0.7020484282016239 0
0.6466003495028975 0.6424220374255973 0.6998134967393644 0
0.648368204063222 0.6439105172448668 0.6976081771842616 0
0.6501492474788316 0.6454034018925715 0.6954317994216126 0
0.6519434187679517 0.6469006542493707 0.6932837120838108 0
0.6537506569488084 0.6484022371959236 0.6911632819098411 0
0.6555709010396277 0.6499081136128896 0.6890698931283132 0
0.657404090058635 0.6514182463809277 0.687002946865935 0
0.6592501630240569 0.6529325983806975 0.6849618605785346 0
0.661109058954119 0.6544511324928579 0.6829460675042798 0
0.6629807168670471 0.6559738115980683 0.6809550161378388 0
0.6648650757810673 0.6575005985769881 0.6789881697254907 0
0.6667620747144055 0.6590314563102763 0.6770450057785093 0
0.6686716526852876 0.6605663476785922 0.6751250156059668 0
0.6705937487119394 0.6621052355625953 0.673227703864594 0
0.672528301812587 0.6636480828429446 0.6713525881264322 0
0.6744752510054562 0.6651948524002995 0.6694991984615773 0
0.6764345353087731 0.6667455071153191 0.6676670770376515 0
0.6784060937407632 0.6683000098686628 0.6658557777331692 0
0.6803898653196528 0.6698583235409897 0.6640648657660775 0
0.6823857890636678 0.6714204110129592 0.6622939173352169 0
0.6843938039910337 0.6729862351652306 0.6605425192751933 0
0.686413849119977 0.674555758878463 0.658810268724138 0
0.6884458634687235 0.6761289450333157 0.6570967728029224 0
0.6904897860554986 0.6777057565104478 0.6554016483060171 0
0.6925455558985288 0.6792861561905189 0.6537245214042627 0
0.6946131120160397 0.680870106954188 0.6520650273567524 0
0.6966923934262573 0.6824575716821144 0.6504228102345351 0
0.6987833391474078 0.6840485132549575 0.6487975226528679 0
0.7008858881977167 0.6856428945533763 0.647188825513487 0
0.7029999795954099 0.6872406784580303 0.6455963877556912 0
0.7051255523587138 0.6888418278495786 0.6440198861162356 0
0.7072625455058535 0.6904463056086805 0.642459004897162 0
0.7094108980550559 0.6920540746159951 0.6409134357423553 0
0.7115705490245461 0.6936650977521819 0.6393828774206315 0
0.7137414374325506 0.6952793378979001 0.6378670356175943 0
0.715923502297295 0.6968967579338088 0.6363656227332808 0
0.7181166826370052 0.6985173207405675 0.634878357687369 0
0.7203209174699071 0.7001409891988352 0.6334049657308398 0
0.7225361458142269 0.7017677261892713 0.6319451782637245 0
0.7247623066881903 0.703397494592535 0.6304987326590488 0
0.7269993391100233 0.7050302572892857 0.6290653720925782 0
0.7292471820979518 0.7066659771601824 0.627644845378183 0
0.7315057746702015 0.7083046170858844 0.6262369068084241 0
0.7337750558449985 0.7099461399470512 0.6248413160006359 0
0.7360549646405689 0.7115905086243418 0.6234578377479483 0
0.7383454400751385 0.7132376859984156 0.6220862418746581 0
0.7406464211669329 0.7148876349499318 0.6207263030968475 0
0.7429578469341783 0.7165403183595496 0.6193778008871418 0
0.7452796563951006 0.7181956991079284 0.6180405193438092 0
0.7476117885679255 0.7198537400757271 0.6167142470638883 0
0.7499541824708795 0.7215144041436055 0.6153987770207772 0
0.752306777122188 0.7231776541922224 0.6140939064448068 0
0.7546695115400771 0.7248434531022373 0.6127994367084327 0
0.7570423247427724 0.7265117637543093 0.6115151732142474 0
0.7594251557485004 0.7281825490290977 0.610240925287178 0
0.7618179435754865 0.7298557718072618 0.608976506069149 0
0.7642206272419569 0.7315313949694608 0.6077217324177275 0
0.7666331457661374 0.7332093813963542 0.6064764248071958 0
0.7690554381662542 0.7348896939686009 0.6052404072334368 0
0.7714874434605328 0.7365722955668603 0.6040135071205796 0
0.773929100667199 0.7382571490717916 0.6027955552313798 0
0.776380348804479 0.739944217364054 0.6015863855798087 0
0.7788411268905994 0.7416334633243071 0.6003858353466277 0
0.7813113739437849 0.7433248498332099 0.5991937447964859 0
0.7837910289822619 0.7450183397714214 0.5980099571988711 0
0.7862800310242566 0.7467138960196014 0.5968343187501615 0
0.7887783190879946 0.7484114814584086 0.5956666784984789 0
0.7912858321917018 0.7501110589685027 0.5945068882706988 0
0.7938025093536043 0.7518125914305428 0.5933548026014891 0
0.7963282895919279 0.753516041725188 0.5922102786642288 0
0.7988631119248987 0.7552213727330978 0.5910731762042082 0
0.8014069153707423 0.7569285473349312 0.5899433574733042 0
0.8039596389476846 0.7586375284113477 0.5888206871669687 0
0.8065212216739521 0.7603482788430065 0.5877050323626859 0
0.8090916025677701 0.7620607615105667 0.5865962624599275 0
0.8116707206473649 0.7637749392946876 0.5854942491224969 0
0.8142585149309619 0.7654907750760286 0.5843988662214492 0
0.8168549244367875 0.7672082317352488 0.5833099897806686 0
0.8194598881830677 0.7689272721530075 0.5822274979230068 0
0.822073345188028 0.770647859209964 0.5811512708182703 0
0.8246952344698948 0.7723699557867776 0.5800811906330235 0
0.8273254950468933 0.7740935247641074 0.5790171414804447 0
0.8299640659372501 0.7758185290226127 0.5779590093733926 0
0.8326108861591909 0.7775449314429528 0.5769066821769689 0
0.8352658947309416 0.7792726949057869 0.5758600495633486 0
0.837929030670728 0.7810017822917744 0.5748190029674963 0
0.8406002329967761 0.7827321564815742 0.5737834355440423 0
0.8432794407273118 0.784463780355846 0.5727532421251826 0
0.845966592880561 0.7861966167952488 0.5717283191799082 0
0.8486616284747499 0.787930628680442 0.570708564774103 0
0.8513644865281039 0.7896657788920846 0.5696938785315091 0
0.8540751060588496 0.791402030310836 0.568684161596224 0
0.8567934260852125 0.7931393458173557 0.5676793165953601 0
0.8595193856254181 0.7948776882923023 0.5666792476033037 0
0.8622529236976931 0.7966170206163359 0.5656838601065936 0
0.8649939793202629 0.7983573056701152 0.5646930609695674 0
0.8677424915113537 0.8000985063342996 0.563706758401106 0
0.870498399289191 0.8018405854895481 0.5627248619219096 0
0.8732616416720014 0.8035835060165204 0.561747282332903 0
0.87603215767801 0.8053272307958753 0.5607739316838597 0
0.8788098863254435 0.8070717227082725 0.5598047232435803 0
0.8815947666325274 0.808816944634371 0.5588395714699061 0
0.8843867376174879 0.8105628594548303 0.5578783919810645 0
0.8871857382985503 0.8123094300503091 0.5569211015274036 0
0.8899917076939411 0.8140566193014671 0.5559676179640175 0
0.8928045848218861 0.8158043900889637 0.5550178602234404 0
0.895624308700611 0.8175527052934577 0.554071748289806 0
0.8984508183483418 0.8193015277956085 0.5531292031728975 0
0.9012840527833049 0.8210508204760757 0.5521901468831463 0
0.9041239510237253 0.8228005462155179 0.5512545024069871 0
0.9069704520878297 0.8245506678945951 0.5503221936828818 0
0.9098234949938436 0.8263011483939658 0.5493931455780311 0
0.9126830187599932 0.82805195059429 0.5484672838650627 0
0.9155489624045042 0.8298030373762265 0.5475445351998036 0
0.9184212649456027 0.8315543716204346 0.5466248270994574 0
0.9212998654015142 0.8333059162075734 0.5457080879205548 0
0.924184702790465 0.8350576340183026 0.5447942468384499 0
0.9270757161306813 0.8368094879332811 0.5438832338265261 0
0.9299728444403881 0.8385614408331682 0.5429749796358047 0
0.9328760267378124 0.8403134555986234 0.5420694157754591 0
0.9357852020411793 0.8420654951103055 0.5411664744933481 0
0.938700309368715 0.8438175222488743 0.5402660887568271 0
0.9416212877386452 0.8455694998949886 0.5393681922344682 0
0.9445480761691966 0.847321390929308 0.5384727192777723 0
0.9474806136785938 0.8490731582324913 0.5375796049030189 0
0.9504188392850641 0.8508247646851983 0.5366887847739525 0
0.9533626920068329 0.8525761731680879 0.5358001951847561 0
0.9563121108621254 0.8543273465618193 0.5349137730426999 0
0.9592670348691682 0.856078247747052 0.5340294558519294 0
0.9622274030461875 0.8578288396044451 0.5331471816973335 0
0.9651931544114087 0.8595790850146581 0.5322668892281431 0
0.968164227983058 0.8613289468583498 0.5313885176426596 0
0.971140562779361 0.8630783880161799 0.5305120066727017 0
0.9741220978185438 0.8648273713688073 0.5296372965684365 0
0.9771087721188323 0.8665758597968916 0.5287643280836695 0
0.9801005246984524 0.8683238161810917 0.5278930424611515 0
0.9830972945756301 0.870071203402067 0.5270233814180936 0
0.9860990207685916 0.871817984340477 0.5261552871323812 0
0.989105642295562 0.8735641218769805 0.5252887022282903 0
0.992117098174768 0.8753095788922372 0.524423569763063 0
0.9951333274244349 0.8770543182669059 0.5235598332133592 0
0.9981542690627893 0.8787983028816462 0.5226974364620789 0
1.0011798621080568 0.8805414956171173 0.5218363237852317 0
1.0042100455784628 0.8822838593539782 0.5209764398390824 0
1.007244758492234 0.8840253569728885 0.5201177296476457 0
1.0102839398675958 0.8857659513545073 0.5192601385899384 0
1.0133275287227743 0.8875056053794939 0.5184036123878615 0
1.016375464075996 0.8892442819285076 0.5175480970941915 0
1.0194276849454857 0.8909819438822073 0.5166935390801927 0
1.0224841303494698 0.8927185541212526 0.5158398850241352 0
1.0255447393061747 0.8944540755263027 0.514987081899679 0
1.0286094508338257 0.8961884709780169 0.5141350769640385 0
1.031678203950649 0.8979217033570543 0.5132838177469154 0
1.0347509376748703 0.8996537355440741 0.5124332520391617 0
1.0378275910247157 0.9013845304197361 0.5115833278814863 0
1.0409081030184109 0.9031140508646989 0.5107339935538675 0
1.0439924126741822 0.904842259759622 0.5098851975643135 0
1.0470804590102554 0.9065691199851644 0.5090368886383905 0
1.050172181044856 0.908294594421986 0.5081890157082993 0
1.0532675177962105 0.9100186459507456 0.5073415279027245 0
1.0563664082825446 0.9117412374521023 0.5064943745360826 0
1.0594687915220837 0.9134623318067157 0.5056475050981201 0
1.0625746065330548 0.9151818918952448 0.5048008692444099 0
1.0656837923336828 0.916899880598349 0.5039544167850917 0
1.0687962879421942 0.9186162607966877 0.503108097675629 0
1.0719120323768148 0.9203309953709198 0.5022618620065884 0
1.07503096465577 0.9220440472017049 0.5014156599935767 0
1.0781530237972867 0.923755379169702 0.500569441967714 0
1.08127814881959 0.9254649541555703 0.49972315836541387 0
1.0844062787409061 0.9271727350399692 0.49887675971919865 0
1.087537352579461 0.9288786847035582 0.49803019664759635 0
1.0906713093534806 0.9305827660269961 0.4971834198457948 0
1.0938080880811907 0.9322849418909425 0.49633638007603925 0
1.096947627780817 0.9339851751760564 0.49548902815806484 0
1.100089867470586 0.9356834287629971 0.4946413149597213 0
1.1032347461687233 0.937379665532424 0.4937931913875169 0
1.1063822028934547 0.9390738483649963 0.49294460837723986 0
1.1095321766630064 0.940765940141373 0.4920955168846253 0
1.1126846064956042 0.942455903742214 0.4912458678760188 0
1.1158394314094735 0.9441437020481778 0.49039561231894274 0
1.1189965904228412 0.9458292979399241 0.4895447011731801 0
1.1221560225539324 0.947512654298112 0.48869308538112316 0
1.1253176668209732 0.9491937340034007 0.4878407158586063 0
1.1284814622421901 0.9508724999364496 0.48698754348609896 0
1.131647347835808 0.952548914977918 0.4861335190985782 0
1.1348152626200538 0.9542229420084649 0.48527859347735314 0
1.1379851456131527 0.9558945439087498 0.484422717339981 0
1.1411569358333313 0.9575636835594319 0.4835658413315475 0
1.1443305722988146 0.9592303238411702 0.4827079160151801 0
1.1475059940278294 0.9608944276346244 0.48184889186282914 0
1.1506831400386013 0.9625559578204534 0.48098871924612513 0
1.1538619493493558 0.9642148772793167 0.4801273484269746 0
1.1570423609783196 0.9658711488918734 0.47926472954814775 0
1.1602243139437178 0.9675247355387826 0.47840081262422207 0
1.163407747263777 0.9691756001007037 0.4775355475320027 0
1.1665925999567228 0.9708237054582962 0.47666888400114765 0
1.169778811040781 0.972469014492219 0.47580077160486367 0
1.1729663195341782 0.9741114900831318 0.47493115975019773 0
1.1761550644551388 0.9757510951116932 0.47405999766870865 0
1.1793449848218902 0.9773877924585628 0.47318723440704596 0
1.182536019652658 0.9790215450044001 0.4723128188167511 0
1.185728107965668 0.9806523156298639 0.4714366995453563 0
1.1889211887791458 0.9822800672156138 0.4705588250260209 0
1.1921152011113179 0.9839047626423089 0.4696791434681129 0
1.1953100839804094 0.9855263647906083 0.46879760284719174 0
1.198505776404647 0.9871448365411717 0.46791415089507504 0
1.201702217402256 0.9887601407746578 0.4670287350899981 0
1.2048993459914625 0.9903722403717262 0.4661413026462391 0
1.2080971011904937 0.9919810982130363 0.46525180050448023 0
1.2112954220175731 0.9935866771792468 0.46436017532080676 0
1.2144942474909288 0.9951889401510177 0.46346637345709857 0
1.217693516628785 0.9967878500090073 0.4625703409701493 0
1.2208931684493687 0.9983833696338758 0.4616720236013118 0
1.2240931419709058 0.999975461906282 0.46077136676605573 0
1.227293376211622 1.0015640897068852 0.4598683155426885 0
1.2304938101897431 1.0031492159163446 0.4589628146621639 0
1.2336943829234948 1.0047308034153195 0.45805480849659486 0
1.2368950334311033 1.0063088150844692 0.4571442410486648 0
1.2400957007307944 1.007883213804453 0.4562310559399467 0
1.2432963238407946 1.00945396245593 0.4553151963999623 0
1.2464968417793292 1.0110210239195596 0.45439660525451164 0
1.2496971935646242 1.0125843610760008 0.4534752249141316 0
1.252897318214906 1.014143936805913 0.45255099736253834 0
1.2560971547483997 1.015699713989956 0.451623864144304 0
1.259296642183331 1.0172516555087878 0.45069376635324576 0
1.2624957195379276 1.018799724243069 0.4497606446202788 0
1.2656943258304136 1.020343883073458 0.4488244391005693 0
1.2688924000790152 1.021884094880614 0.44788508946149824 0
1.2720898813019594 1.023420322545197 0.4469425348697951 0
1.2752867085174713 1.0249525289478658 0.44599671397874635 0
1.2784828207437766 1.0264806769692796 0.44504756491485625 0
1.281678156999102 1.0280047294900978 0.4440950252651409 0
1.2848726563016726 1.029524649390979 0.4431390320632631 0
1.2880662576697146 1.0310403995525836 0.4421795217759411 0
1.2912589001214543 1.0325519428555703 0.44121643028934976 0
1.2944505226751168 1.034059242180598 0.44024969289479254 0
1.2976410643489291 1.0355622604083268 0.43927924427465787 0
1.3008304641611161 1.037060960419415 0.438305018487932 0
1.3040186611299045 1.0385553050945222 0.43732694895513713 0
1.3072055942735195 1.040045257314308 0.4363449684437838 0
1.3103912026101876 1.0415307799594313 0.4353590090529445 0
1.3135754251581349 1.0430118359105516 0.4343690021978991 0
1.3167582009355858 1.0444883880483278 0.4333748785942358 0
1.3199394689607684 1.0459603992534197 0.4323765682420943 0
1.3231191682519072 1.0474278324064858 0.431374000409903 0
1.3262972378272284 1.0488906503881859 0.43036710361751795 0
1.3294736167049586 1.0503488160791792 0.42935580561993214 0
1.332648243903322 1.0518022923601247 0.4283400333895796 0
1.335821058440546 1.053251042111682 0.4273197130992782 0
1.3389919993348567 1.0546950282145102 0.42629477010450434 0
1.3421610056044788 1.0561342135492684 0.42526512892513907 0
1.3453280162676395 1.0575685609966161 0.42423071322715267 0
1.3484929703425639 1.0589980334372127 0.42319144580386514 0
1.351655806847478 1.0604225937517169 0.4221472485569093 0
1.3548164648006076 1.0618422048207883 0.42109804247685717 0
1.3579748832201783 1.0632568295250857 0.42004374762306734 0
1.3611310011244175 1.0646664307452693 0.4189842831039991 0
1.36428475753155 1.0660709713619976 0.417919567056345 0
1.367436091459802 1.0674704142559301 0.416849516623969 0
1.370584941927399 1.0688647223077261 0.41577404793673883 0
1.3737312479525672 1.0702538583980448 0.41469307608873335 0
1.3768749485535328 1.0716377854075452 0.41360651511572677 0
1.3800159827485212 1.0730164662168868 0.4125142779729415 0
1.3831542895557585 1.074389863706729 0.411416276511386 0
1.3862898079934711 1.075757940757731 0.41031242145486335 0
1.3894224770798842 1.0771206602505519 0.4092026223752229 0
1.392552235833224 1.0784779850658506 0.40808678766850176 0
1.3956790232717164 1.0798298780842872 0.4069648245291153 0
1.3988027784135875 1.0811763021865202 0.40583663892494193 0
1.401923440277063 1.0825172202532092 0.40470213557058726 0
1.4050409478803687 1.0838525951650133 0.4035612179011902 0
1.408155240241731 1.0851823898025923 0.4024137880447875 0
1.4112662563793759 1.0865065670466048 0.40125974679490733 0
1.4143739353115283 1.0878250897777102 0.4000989935815349 0
1.4174782160564152 1.089137920876568 0.39893142644285895 0
1.4205790376322611 1.090445023223837 0.3977569419948722 0
1.423676339057294 1.0917463597001769 0.39657543540169027 0
1.4267700593497383 1.0930418931862467 0.3953868003441596 0
1.4298601375278202 1.0943315865627057 0.39419092898835983 0
1.4329465126097658 1.0956154027102132 0.3929877119535543 0
1.4360291236138008 1.0968933045094287 0.3917770382782685 0
1.439107909558152 1.0981652548410112 0.39055879538787885 0
1.4421828094610438 1.0994312165856197 0.3893328690585915 0
1.4452537623407031 1.1006911526239136 0.38809914338342516 0
1.4483207072153559 1.1019450258365526 0.3868575007350158 0
1.4513835831032273 1.1031927991041952 0.38560782172935965 0
1.454442329022544 1.1044344353075015 0.38434998518779356 0
1.4574968839915325 1.1056698973271304 0.3830838680985173 0
1.4605471870284166 1.1068991480437405 0.3818093455768065 0
1.4635931771514243 1.108122150337992 0.38052629082462475 0
1.4666347933787804 1.109338867090544 0.3792345750894526 0
1.4696719747287108 1.1105492611820549 0.37793406762169485 0
1.4727046602194422 1.1117532954931848 0.37662463563155213 0
1.4757327888692002 1.112950932904593 0.37530614424441333 0
1.4787562996962105 1.1141421362969384 0.37397845645563277 0
1.481775131718699 1.1153268685508806 0.3726414330839475 0
1.4847892239548914 1.116505092547078 0.3712949327240929 0
1.4877985154230144 1.117676771166191 0.3699388116976914 0
1.4908029451412932 1.1188418672888782 0.3685729240037577 0
1.4938024521279545 1.1200003437957988 0.36719712126737497 0
1.4967969754012227 1.1211521635676123 0.36581125268733705 0
1.4997864539793253 1.1222972894849779 0.36441516498264476 0
1.5027708268804876 1.1234356844285545 0.36300870233775434 0
1.5057500331229356 1.1245673112790022 0.3615917063457719 0
1.508724011724895 1.1256921329169796 0.36016401595144676 0
1.511692701704592 1.126810112223146 0.35872546739178596 0
1.514656042080252 1.1279212120781605 0.35727589413561023 0
1.5176139718701018 1.129025395362683 0.3558151268212842 0
1.5205664300923667 1.1301226249573721 0.3543429931938026 0
1.5235133557652725 1.1312128637428873 0.35285931803880893 0
1.5264546879070457 1.1322960745998878 0.35136392311647296 0
1.5293903655359116 1.1333722204090333 0.3498566270924848 0
1.5323203276700965 1.1344412640509822 0.3483372454683222 0
1.5352445133278263 1.1355031684063945 0.34680559050892523 0
1.5381628615273268 1.1365578963559289 0.34526147116913286 0
1.5410753112868236 1.1376054107802451 0.3437046930174494 0
1.5439818016245435 1.1386456745600024 0.34213505815927614 0
1.5468822715587114 1.1396786505758594 0.3405523651565176 0
1.5497766601075542 1.1407043017084764 0.33895640894599927 0
1.5526649062892963 1.1417225908385114 0.33734698075612035 0
1.5555469491221656 1.1427334808466245 0.335723868020254 0
1.558422727624387 1.143736934613475 0.3340868542889409 0
1.561292180814186 1.1447329150197214 0.3324357191392469 0
1.5641552477097893 1.145721384946024 0.3307702380816435 0
1.5670118673294224 1.146702307273041 0.32909018246512967 0
1.5698619786913106 1.1476756448814323 0.32739531937862565 0
1.5727055208136818 1.1486413606518573 0.3256854115515323 0
1.5755424327147596 1.1495994174649744 0.32396021724976654 0
1.5783726534127716 1.150549778201444 0.3222194901699861 0
1.581196121925943 1.1514924057419247 0.3204629793315491 0
1.5840127772724992 1.1524272629670755 0.31869042896425437 0
1.5868225584706672 1.153354312757556 0.31690157839395106 0
1.5896254045386724 1.1542735179940258 0.3150961619251606 0
1.592421254494741 1.1551848415571437 0.3132739087195905 0
1.5952100473570978 1.1560882463275686 0.3114345426729765 0
1.5979917221439701 1.1569836951859607 0.3095777822864161 0
1.6007662178735833 1.1578711510129784 0.30770334053664955 0
1.6035334735641635 1.1587505766892816 0.30581092474079097 0
1.606293428233936 1.159621935095529 0.3039002364180337 0
1.6090460209011272 1.1604851891123802 0.30197097114866006 0
1.611791190583963 1.1613403016204944 0.3000228184269211 0
1.6145288763006695 1.162187235500531 0.29805546151202117 0
1.6172590170694723 1.1630259536331486 0.29606857727395397 0
1.6199815519085976 1.1638564188990075 0.2940618360349331 0
1.6226964198362708 1.164678594178766 0.292034901407273 0
1.6254035598707184 1.165492442353084 0.2899874301257647 0
1.6281029110301655 1.16629792630262 0.2879190718762484 0
1.630794412332839 1.167095008908034 0.2858294691187208 0
1.633478002796964 1.167883653049985 0.2837182569061907 0
1.6361536214407677 1.1686638216091323 0.28158506269801076 0
1.6388212072824746 1.1694354774661353 0.27942950616768425 0
1.6414806993403106 1.1701985835016528 0.27725119900653444 0
1.6441320366325027 1.1709531025963442 0.27504974472027083 0
1.6467751581772763 1.1716989976308692 0.27282473842117816 0
1.6494100029928573 1.1724362314858863 0.2705757666134947 0
1.6520365100974714 1.1731647670420555 0.26830240697316854 0
1.654654618509345 1.1738845671800355 0.26600422812192204 0
1.6572642672467033 1.1745955947804858 0.2636807893936699 0
1.6598653953277729 1.1752978127240659 0.26133164059566655 0
1.6624579417707797 1.1759911838914345 0.25895632176214495 0
1.665041845593949 1.1766756711632513 0.25655436290099776 0
1.6676170458155073 1.1773512374201753 0.25412528373403553 0
1.6701834814536798 1.1780178455428656 0.2516685934288478 0
1.6727410915266938 1.1786754584119823 0.24918379032365137 0
1.6752898150527744 1.1793240389081836 0.24667036164518488 0
1.6778295910501464 1.1799635499121293 0.24412778321615375 0
1.680360358537038 1.1805939543044786 0.24155551915805107 0
1.682882056531673 1.1812152149658905 0.23895302158210127 0
1.6853946240522786 1.1818272947770248 0.23631973027351735 0
1.687898000117081 1.1824301566185405 0.23365507236706254 0
1.6903921237443045 1.1830237633710963 0.23095846201160755 0
1.6928769339521763 1.1836080779153524 0.22822930002757383 0
1.695352369758921 1.1841830631319668 0.22546697355359702 0
1.6978183701827672 1.1847486819016004 0.22267085568252343 0
1.7002748742419382 1.1853048971049112 0.2198403050905337 0
1.7027218209546608 1.185851671622559 0.2169746656507784 0
1.7051591493391611 1.1863889683352027 0.2140732660417677 0
1.7075867984136648 1.1869167501235016 0.21113541934181712 0
1.710004707196398 1.1874349798681154 0.20816042261218304 0
1.7124128147055868 1.1879436204497031 0.20514755647099614 0
1.7148110599594564 1.1884426347489239 0.20209608465417467 0
1.7171993819762335 1.1889319856464369 0.19900525356408796 0
1.7195777197741433 1.1894116360229017 0.19587429180759774 0
1.721946012371412 1.1898815487589771 0.19270240972056937 0
1.7243041987862657 1.190341686735323 0.18948879888074263 0
1.7266522180369308 1.1907920128325982 0.18623263160665574 0
1.7289900091416321 1.191232489931462 0.182933060445265 0
1.7313175111185963 1.1916630809125734 0.17958921764489164 0
1.7336346629860482 1.1920837486565916 0.17620021461596447 0
1.7359414037622154 1.192494456044177 0.17276514137666749 0
1.7382376724653228 1.1928951659559877 0.16928306598716897 0
1.740523408113596 1.1932858412726832 0.1657530339681846 0
1.7427985497252623 1.1936664448749232 0.16217406770588105 0
1.7450630363185462 1.1940369396433665 0.15854516584357226 0
1.7473168069116745 1.1943972884586722 0.1548653026590728 0
1.7495598005228725 1.1947474542015 0.151133427426547 0
1.751791956170366 1.1950873997525089 0.14734846376689903 0
1.754013212872382 1.1954170879923582 0.1435093089815362 0
1.7562235096471452 1.195736481801707 0.1396148333738161 0
1.7584227855128827 1.1960455440612154 0.13566387955581566 0
1.7606109794878195 1.1963442376515414 0.1316552617428451 0
1.7627880305901813 1.196632525453345 0.12758776503227012 0
1.7649538778381948 1.1969103703472852 0.12346014467255423 0
1.7671084602500855 1.1971777352140216 0.11927112531635789 0
1.7692517168440796 1.1974345829342128 0.11501940026520042 0
1.771383586638403 1.1976808763885187 0.1107036306993913 0
1.7735040086512812 1.1979165784575982 0.10632244490030762 0
1.7756129219009407 1.198141652022111 0.1018744374599246 0
1.7777102654056063 1.1983560599627157 0.09735816848505724 0
1.779795978183505 1.1985597651600717 0.09277216278982627 0
1.781869999252863 1.1987527304948387 0.08811490908526635 0
1.7839322676319052 1.1989349188476757 0.08338485916218624 0
1.7859827223388585 1.1991062930992418 0.07858042706989544 0
1.7880213023919471 1.199266816130196 0.07369998829691234 0
1.7900479468093988 1.1994164508211986 0.0687418789465542 0
1.7920625946094388 1.1995551600529077 0.06370439492188322 0
1.794065184810293 1.1996829067059833 0.0585857911102151 0
1.796055656430187 1.1997996536610844 0.05338428058033023 0
1.7980339484873478 1.1999053637988704 0.04809803378820024 0
1.7999999999999996 1.1999999999999997 0.24497866312686414 0
1.7999999999999998 1.2 0.04273383568003802 0
1.8019537773839787 1.2000835432629064 0.03732534756611748 0
1.8038953566455533 1.2001560470571162 0.03188160408030241 0
1.8058248411886013 1.2002175829699293 0.026403144491267135 0
1.8077423344170007 1.2002682225886456 0.020890537745024113 0
1.8096479397346288 1.200308037500565 0.015344382824013575 0
1.8115417605453643 1.200337099292988 0.009765309074731039 0
1.8134239002530843 1.2003554795532143 0.004153976505664548 0
1.8152944622616665 1.200363249868544 -0.0014889239501407355 0
1.8171535499749893 1.2003604818262767 -0.007162670206583287 0
1.8190012667969297 1.200347247013713 -0.012866508835419845 0
1.8208377161313662 1.2003236170181526 -0.018599654913453202 0
1.8226630013821763 1.2002896634268958 -0.024361291912885382 0
1.8244772259532378 1.2002454578272421 -0.03015057163140474 0
1.8262804932484282 1.200191071806492 -0.03596661416940908 0
1.8280729066716255 1.2001265769519451 -0.04180850794913346 0
1.8298545696267083 1.2000520448509016 -0.04767530978309457 0
1.8316255855175534 1.199967547090662 -0.05356604498983326 0
1.8333860577480385 1.1998731552585251 -0.05947970755754158 0
1.8351360897220426 1.1997689409417922 -0.06541526036148856 0
1.8368757848434418 1.1996549757277624 -0.07137163542805608 0
1.8386052465161151 1.1995313312037363 -0.07734773425606319 0
1.84032457814394 1.1993980789570138 -0.08334242818644776 0
1.842033883130794 1.1992552905748946 -0.08935455882844688 0
1.8437332648805551 1.1991030376446787 -0.09538293853795529 0
1.8454228267971018 1.1989413917536669 -0.10142635095137918 0
1.8471026722843105 1.1987704244891582 -0.10748355157152768 0
1.84877290474606 1.198590207438453 -0.11355326840922744 0
1.8504336275862279 1.1984008121888512 -0.11963420267871828 0
1.8520849442086917 1.1982023103276536 -0.12572502954487322 0
1.85372695801733 1.1979947734421592 -0.13182439892435097 0
1.8553597724160191 1.1977782731196682 -0.13793093633718942 0
1.856983490808638 1.197552880947481 -0.14404324381085457 0
1.8585982165990644 1.1973186685128971 -0.1501599008323435 0
1.8602040531911754 1.1970757074032172 -0.15627946534843518 0
1.8618011039888493 1.1968240692057406 -0.16240047481285583 0
1.8633894723959648 1.1965638255077682 -0.16852144727873986 0
1.8649692618163978 1.1962950478965988 -0.17464088253088017 0
1.8665405756540279 1.1960178079595334 -0.18075726326320346 0
1.8681035173127314 1.1957321772838716 -0.18686905629043007 0
1.8696581901963865 1.1954382274569135 -0.19297471379643166 0
1.8712046977088717 1.195136030065959 -0.19907267461809625 0
1.8727431432540638 1.1948256566983082 -0.20516136555629358 0
1.8742736302358418 1.1945071789412611 -0.2112392027168837 0
1.8757962620580821 1.194180668382118 -0.21730459287450044 0
1.8773111421246642 1.1938461966081784 -0.2233559348597227 0
1.8788183738394637 1.1935038352067422 -0.229391620961404 0
1.8803180606063603 1.1931536557651103 -0.23541003834820817 0
1.8818103058292313 1.192795729870582 -0.24140957049869938 0
1.8832952129119533 1.1924301291104573 -0.2473885986382357 0
1.8847728852584062 1.1920569250720365 -0.25334550318735477 0
1.8862434262724657 1.1916761893426195 -0.25927866520278064 0
1.8877069393580115 1.1912879935095062 -0.2651864678234728 0
1.8891635279189198 1.1908924091599973 -0.2710672977079552 0
1.8906132953590689 1.1904895078813915 -0.2769195464619241 0
1.8920563450823373 1.19007936126099 -0.28274161205780246 0
1.8934927804926018 1.189662040886092 -0.2885319002329883 0
1.8949227049937414 1.189237618343998 -0.2942888258762069 0
1.896346221989632 1.188806165222008 -0.3000108143842763 0
1.8977634348841532 1.188367753107422 -0.3056963030021932 0
1.899174447081182 1.1879224535875395 -0.31134374212882665 0
1.9005793619845959 1.1874703382496612 -0.3169515965960522 0
1.9019782829982734 1.1870114786810866 -0.32251834691308257 0
1.9033713135260921 1.1865459464691162 -0.32804249047663875 0
1.9047585569719296 1.1860738132010495 -0.3335225427402709 0
1.9061401167396639 1.1855951504641868 -0.3389570383477356 0
1.9075160962331728 1.1851100298458281 -0.34434453222039424 0
1.908886598856333 1.1846185229332733 -0.3496836006025593 0
1.910251728013024 1.1841207013138226 -0.3549728420623901 0
1.9116115871071226 1.1836166365747758 -0.3602108784426519 0
1.9129662795425075 1.183106400303433 -0.3653963557667863 0
1.9143159087230548 1.182590064087094 -0.37052794509178166 0
1.915660578052644 1.1820676995130595 -0.37560434331532666 0
1.917000390935152 1.1815393781686288 -0.3806242739284857 0
1.9183354507744568 1.181005171641102 -0.3855864877180886 0
1.9196658609744361 1.1804651515177795 -0.3904897634178193 0
1.920991724938968 1.179919389385961 -0.3953329083079451 0
1.9223131460719305 1.1793679568329467 -0.40011475876176783 0
1.9236302277772002 1.1788109254460362 -0.404834180740399 0
1.924943073458656 1.1782483668125299 -0.4094900702395414 0
1.9262517865201758 1.1776803525197277 -0.4140813536811162 0
1.9275564703656363 1.1771069541549297 -0.4186069882577324 0
1.9288572283989158 1.1765282433054356 -0.4230659622267399 0
1.9301541640238928 1.175944291558546 -0.42745729515820113 0
1.9314473806444443 1.1753551705015604 -0.43178003813139165 0
1.9327369816644486 1.1747609517217792 -0.4360332738911088 0
1.9340230704877832 1.1741617068065018 -0.4402161169531549 0
1.9353057505183255 1.1735575073430287 -0.4443277136713891 0
1.936585125159954 1.1729484249186597 -0.44836724226181524 0
1.9378612978165466 1.1723345311206952 -0.45233391278478796 0
1.93913437189198 1.1717158975364346 -0.456226967088984 0
1.9404044507901332 1.1710925957531786 -0.46004567872226804 0
1.9416716379148835 1.1704646973582264 -0.4637893528010479 0
1.942936036670108 1.1698322739388787 -0.46745732585095284 0
1.944197750459686 1.1691953970824351 -0.4710489656157677 0
1.9454568826874943 1.1685541383761961 -0.47456367083352574 0
1.9467135367574104 1.1679085694074613 -0.4780008709863115 0
1.9479678160733132 1.1672587617635306 -0.4813600260268698 0
1.9492198240390795 1.1666047870317044 -0.48464062607516323 0
1.9504696640585875 1.1659467167992823 -0.4878421910978558 0
1.9517174395357146 1.1652846226535647 -0.49096427056352093 0
1.9529632538743391 1.1646185761818515 -0.49400644308262154 0
1.9542072104783386 1.1639486489714423 -0.49696831602528296 0
1.9554494127515918 1.1632749126096378 -0.49984952513162545 0
1.9566899640979745 1.1625974386837377 -0.5026497340982026 0
1.957928967921366 1.1619162987810419 -0.5053686341631607 0
1.9591665276256438 1.1612315644888502 -0.50800594367317 0
1.9604027466146854 1.160543307394463 -0.51056140764581 0
1.961637728292369 1.1598515990851805 -0.5130347973231103 0
1.962871576062572 1.1591565111483024 -0.5154259097197971 0
1.9641043933291729 1.1584581151711286 -0.5177345671671023 0
1.9653362834960482 1.1577564827409592 -0.5199606168526376 0
1.9665673499670768 1.1570516854450945 -0.5221039303610382 0
1.9677976961461359 1.1563437948708337 -0.5241644032096707 0
1.9690274254371043 1.1556328826054783 -0.5261419543917104 0
1.9702566412438585 1.1549190202363269 -0.5280365259109912 0
1.9714854469702774 1.1542022793506796 -0.5298480823310138 0
1.9727139460202372 1.1534827315358374 -0.5315766103167932 0
1.973942241797617 1.1527604483790994 -0.5332221181897409 0
1.9751704377062946 1.1520355014677661 -0.5347846354831399 0
1.9763986371501474 1.1513079623891374 -0.5362642125041253 0
1.9776269435330533 1.1505779027305132 -0.5376609199037223 0
1.9788554602588904 1.1498453940791933 -0.5389748482543598 0
1.9800842907315357 1.1491105080224782 -0.5402061076332302 0
1.981313538354868 1.148373316147668 -0.5413548272171702 0
1.982543306532764 1.1476338900420617 -0.5424211548833362 0
1.9837736986691028 1.1468923012929606 -0.5434052568223235 0
1.9850048181677609 1.146148621487664 -0.5443073171577726 0
1.9862367684326165 1.1454029222134718 -0.545127537578342 0
1.987469652867548 1.1446552750576844 -0.5458661369787461 0
1.9887035748764326 1.1439057516076017 -0.5465233511117104 0
1.989938637863148 1.1431544234505235 -0.5470994322490352 0
1.9911749452315726 1.14240136217375 -0.5475946488553063 0
1.9924126003855835 1.1416466393645814 -0.5480092852702606 0
1.9936517067290591 1.1408903266103174 -0.5483436414034507 0
1.9948923676658767 1.140132495498258 -0.5485980324374247 0
1.9961346865999143 1.1393732176157034 -0.5487727885430046 0
1.9973787669350502 1.1386125645499536 -0.5488682546064704 0
1.9986247120751612 1.1378506078883084 -0.5488847899601343 0
1.9998726254241257 1.137087419218068 -0.5488227681330597 0
2.001122610385821 1.1363230701265326 -0.5486825766021789 0
2.0023747703641255 1.1355576322010017 -0.5484646165591572 0
2.0036292087629177 1.1347911770287755 -0.5481693026841647 0
2.0048860289860735 1.1340237761971543 -0.5477970629269058 0
2.0061453344374716 1.133255501293438 -0.5473483383004103 0
2.00740722852099 1.1324864239049262 -0.5468235826796196 0
2.0086718146405063 1.1317166156189193 -0.546223262608911 0
2.0099391961998987 1.1309461480227174 -0.5455478571182946 0
2.011209476603044 1.1301750927036203 -0.5447978575444148 0
2.012482759253821 1.129403521248928 -0.5439737673600814 0
2.013759147556107 1.1286315052459406 -0.5430761020100583 0
2.01503874491378 1.127859116281958 -0.5421053887512096 0
2.0163216547307172 1.1270864259442805 -0.5410621664988722 0
2.017607980410798 1.1263135058202076 -0.5399469856792246 0
2.0188978253578984 1.12554042749704 -0.5387604080833932 0
2.020191292975897 1.1247672625620768 -0.5375030067279378 0
2.0214884866686718 1.1239940826026191 -0.5361753657176205 0
2.0227895098400994 1.123220959205966 -0.5347780801105531 0
2.0240944658940587 1.122447963959418 -0.533311755787788 0
2.0254034582344276 1.1216751684502748 -0.5317770093228011 0
2.026716590265084 1.1209026442658367 -0.5301744678528698 0
2.0280339653899047 1.1201304629934037 -0.52850476895329 0
2.0293556870127674 1.1193586962202757 -0.5267685605072664 0
2.0306818585375512 1.1185874155337525 -0.5249665005834357 0
2.0320125833681337 1.1178166925211346 -0.5230992573049482 0
2.033347964908392 1.1170465987697216 -0.521167508722621 0
2.034688106562203 1.1162772058668136 -0.5191719426849762 0
2.0360331117334463 1.1155085853997107 -0.5171132567062988 0
2.037383083825999 1.1147408089557127 -0.5149921578341803 0
2.0387381262437394 1.11397394812212 -0.5128093625104136 0
2.0400983423905443 1.113208074486232 -0.5105655964330923 0
2.0414638356702923 1.1124432596353495 -0.5082615944131342 0
2.0428347094868604 1.111679575156772 -0.5058981002257591 0
2.0442110672441274 1.1109170926377998 -0.5034758664604767 0
2.04559301234597 1.1101558836657326 -0.5009956543637945 0
2.046980648196267 1.1093960198278705 -0.49845823367867076 0
2.0483740781988953 1.1086375727115136 -0.49586438247744313 0
2.0497734057577333 1.1078806139039616 -0.49321488699060173 0
2.0511787342766588 1.107125214992515 -0.4905105414283287 0
2.052590167159549 1.1063714475644737 -0.48775214779623255 0
2.054007807810282 1.1056193832071373 -0.48494051570595054 0
2.0554317596327367 1.1048690935078063 -0.4820764621781974 0
2.056862126030789 1.1041206500537806 -0.47916081143781375 0
2.0582990104083185 1.10337412443236 -0.4761943947057779 0
2.059742516169201 1.1026295882308448 -0.4731780499794809 0
2.061192746717316 1.1018871130365346 -0.47011262181035063 0
2.0626498054565405 1.1011467704367295 -0.4669989610703484 0
2.0641137957907527 1.1004086320187303 -0.4638379247159548 0
2.06558482112383 1.0996727693698358 -0.4606303755385879 0
2.0670629848596507 1.098939254077347 -0.45737718191443694 0
2.0685483904020914 1.0982081577285632 -0.45407921754215597 0
2.0700411411550315 1.097479551910785 -0.4507373611762682 0
2.071541340522348 1.096753508211312 -0.44735249635260593 0
2.0730490919079183 1.0960300982174442 -0.443925511105839 0
2.074564498715621 1.095309393516482 -0.44045729768152087 0
2.076087664349333 1.094591465695725 -0.43694875224165114 0
2.0776186922129334 1.0938763863424734 -0.4334007745626017 0
2.0791576857102987 1.093164227044027 -0.4298142677267128 0
2.080704748245307 1.0924550593876863 -0.42619013780958626 0
2.0822599832218365 1.0917489549607509 -0.4225292935596783 0
2.083823494043765 1.0910459853505208 -0.41883264607415643 0
2.08539538411497 1.090346222144296 -0.4151011084669607 0
2.0869757568393297 1.0896497369293772 -0.4113355955352882 0
2.0885647156207208 1.0889566012930634 -0.4075370234187558 0
2.0901623638630227 1.088266886822655 -0.4037063092564175 0
2.0917688049701115 1.0875806651054523 -0.3998443708379785 0
2.093384142345866 1.0868980077287551 -0.39595212625378295 0
2.095008479394165 1.0862189862798632 -0.3920304935402855 0
2.0966419195188837 1.085543672346077 -0.3880803903230241 0
2.0982845661239016 1.084872137514696 -0.3841027334581697 0
2.099936522613097 1.0842044533730206 -0.38009843867271087 0
2.101597892390346 1.083540691508351 -0.3760684202013267 0
2.103268778859528 1.0828809235079868 -0.3720135904252515 0
2.1049492854245195 1.082225220959228 -0.36793485950866733 0
2.1066395154891993 1.0815736554493751 -0.3638331350363731 0
2.1083395724574445 1.0809262985657275 -0.3597093216522364 0
2.1100495597331332 1.0802832218955856 -0.3555643206977856 0
2.1117695807201438 1.0796444970262493 -0.35139902985386023 0
2.113499738822353 1.0790101955450186 -0.3472143427829531 0
2.115240137443639 1.0783803890391934 -0.34301114877525357 0
2.1169908799878794 1.077755149096074 -0.3387903323970381 0
2.1187520698589526 1.07713454730296 -0.33455277314353976 0
2.1205238104607362 1.076518655247152 -0.3302993450948564 0
2.1223062051971073 1.0759075445159494 -0.32603091657633554 0
2.1240993574719447 1.0753012866966527 -0.3217483498257575 0
2.1259033706891257 1.0746999533765613 -0.31745250066261793 0
2.1277183482525275 1.074103616142976 -0.31314421816682625 0
2.129544393566029 1.0735123465831962 -0.30882434436102607 0
2.131381610033508 1.0729262162845221 -0.3044937139007369 0
2.133230101058841 1.072345296834254 -0.3001531537711741 0
2.135089970045907 1.0717696598196913 -0.29580348299160275 0
2.136961320398583 1.0711993768281345 -0.2914455123277641 0
2.138844255520748 1.0706345194468834 -0.2870800440119716 0
2.1407388788162782 1.070075159263238 -0.2827078714712544 0
2.142645293689052 1.0695213678644988 -0.27832977906543976 0
2.1445636035429483 1.0689732168379649 -0.273946541833628 0
2.146493911781843 1.068430777770937 -0.269558925248931 0
2.148436321809615 1.067894122250715 -0.26516768498512355 0
2.1503909370301426 1.0673633218645986 -0.26077356669039914 0
2.152357860847302 1.0668384481998883 -0.25637730577287454 0
2.1543371966649727 1.0663195728438837 -0.25197962719587874 0
2.1563290478870316 1.065806767383885 -0.24758124528258652 0
2.1583335179173564 1.0653001034071923 -0.24318286353237425 0
2.160350710159825 1.0647996525011052 -0.23878517444679542 0
2.1623807280183156 1.0643054862529242 -0.23438885936686554 0
2.164423674896706 1.063817676249949 -0.22999458832024536 0
2.166479654198873 1.0633362940794795 -0.2256030198797816 0
2.1685487693286953 1.0628614113288162 -0.22121480103270766 0
2.17063112369005 1.0623930995852588 -0.21683056706019369 0
2.172726820686816 1.0619314304361074 -0.2124509414290487 0
2.1748359637228702 1.0614764754686619 -0.2080765356915741 0
2.176958656202091 1.0610283062702224 -0.20370794939895728 0
2.1790950015283554 1.0605869944280886 -0.19934577002339673 0
2.181245103105542 1.0601526115295612 -0.19499057289146624 0
2.183409064337528 1.0597252291619397 -0.19064292112785575 0
2.1855869886281916 1.059304918912524 -0.18630336560906874 0
2.1877789793814104 1.0588917523686145 -0.1819724449279372 0
2.1899851400010615 1.058485801117511 -0.17765068536728282 0
2.192205573891024 1.0580871367465134 -0.17333860088454559 0
2.1944403844551754 1.057695830842922 -0.16903669310458216 0
2.196689675097393 1.0573119549940366 -0.16474545132364649 0
2.198953549221555 1.0569355807871577 -0.1604653525211078 0
2.201232110231538 1.0565667798095844 -0.15619686138094224 0
2.2035254615312216 1.0562056236486173 -0.15194043032236884 0
2.205833706524483 1.0558521838915562 -0.14769649953844374 0
2.208156948615199 1.0555065321257013 -0.14346549704283232 0
2.2104952912072493 1.0551687399383525 -0.13924783872593577 0
2.212848837704509 1.05483887891681 -0.13504392841686666 0
2.2152176915108583 1.0545170206483734 -0.13085415795508634 0
2.217601956030174 1.054203236720343 -0.12667890726778 0
2.220001734666334 1.0538975987200192 -0.12251854445482546 0
2.2224171308232163 1.053600178234701 -0.11837342588084626 0
2.2248482479046983 1.0533110468516895 -0.11424389627269925 0
2.2272951893146584 1.053030276158284 -0.11013028882474005 0
2.229758058456974 1.0527579377417846 -0.10603292530803357 0
2.2322369587355224 1.0524941031894917 -0.10195211618695173 0
2.2347319935541825 1.0522388440887047 -0.0978881607400675 0
2.2372432663168302 1.0519922320267243 -0.09384134718596573 0
2.239770880427346 1.0517543385908499 -0.08981195281492108 0
2.2423149392896056 1.051525235368382 -0.08580024412373873 0
2.2448755463074876 1.0513049939466201 -0.08180647695558617 0
2.2474528048848694 1.0510936859128646 -0.07783089664331548 0
2.2500468184256297 1.0508913828544153 -0.07387373815702115 0
2.252657690333645 1.0506981563585724 -0.06993522625413204 0
2.2552855240127943 1.0505140780126359 -0.06601557563336889 0
2.2579304228669543 1.0503392194039056 -0.06211499109103394 0
2.260592490300003 1.0501736521196818 -0.0582336676803134 0
2.263271829715819 1.0500174477472641 -0.05437179087226827 0
2.2659685445182802 1.0498706778739533 -0.05052953672011462 0
2.2686827381112633 1.0497334140870485 -0.04670707202359346 0
2.271414513898646 1.04960572797385 -0.04290455449687586 0
2.2741639752843077 1.0494876911216582 -0.03912213293654485 0
2.2769312256721244 1.0493793751177725 -0.03535994739102101 0
2.279716368465975 1.0492808515494934 -0.03161812933123737 0
2.2825195070697375 1.0491921920041207 -0.027896801822365303 0
2.285340744887288 1.0491134680689544 -0.024196079694654864 0
2.2881801853225068 1.0490447513312946 -0.020516069716659004 0
2.2910379317792695 1.0489861133784413 -0.016856870766971392 0
2.2939140876614545 1.0489376257976946 -0.01321857400687456 0
2.2968087563729402 1.048899360176354 -0.009601263052391567 0
2.299722041317604 1.0488713881017202 -0.0060050141463040855 0
2.302654045899324 1.048853781161093 -0.0024298963294096722 0
2.3056048735219776 1.048846610941772 0.0011240283889270048 0
2.3085746275894423 1.0488499490310579 0.004656704860261936 0
2.3115634115055967 1.0488638670162498 0.008168084628971794 0
2.3145713286743184 1.0488884364846487 0.011658125763378324 0
2.3175984824994846 1.048923729023554 0.015126792689713826 0
2.3206449763849735 1.0489698162202659 0.018574056026396092 0
2.323710913734663 1.0490267696620845 0.021999892419575576 0
2.3267963979524304 1.0490946609363097 0.025404284381393007 0
2.329901532442154 1.0491735616302413 0.028787220128398256 0
2.333026420607712 1.0492635433311797 0.032148693422412666 0
2.3361711658529813 1.0493646776264245 0.035488703413268805 0
2.3393358715818398 1.0494770361032761 0.03880725448288071 0
2.3425206411981665 1.0496006903490345 0.042104356091810506 0
2.345725578105837 1.0497357119509996 0.045380022627518626 0
2.348950785708731 1.049882172496471 0.048634273254559886 0
2.3521963674107256 1.050040143572749 0.05186713176744395 0
2.355462426615698 1.0502096967671342 0.05507862644454969 0
2.3587490667275275 1.0503909036669257 0.05826878990592915 0
2.3620563911500905 1.0505838358594242 0.061437658971563544 0
2.365384503287265 1.0507885649319293 0.06458527452320519 0
2.3687335065429296 1.0510051624717411 0.06771168136811469 0
2.372103504320962 1.0512337000661598 0.07081692810482093 0
2.3754946000252386 1.0514742493024851 0.07390106699157256 0
2.3789068970596388 1.0517268817680172 0.0769641538177562 0
2.382340498828039 1.051991669050056 0.08000624777608696 0
2.3857955087343186 1.0522686827359018 0.0830274113391417 0
2.389272030182354 1.0525579944128542 0.08602771013694867 0
2.392770166576024 1.0528596756682136 0.0890072128377417 0
2.396290021319206 1.0531737980892797 0.09196599103072281 0
2.399831697815777 1.0535004332633529 0.09490411911139586 0
2.4033952994696164 1.0538396527777327 0.09782167416966023 0
2.4069809296846008 1.0541915282197194 0.10071873587982873 0
2.4105886918646076 1.054556131176613 0.1035953863930928 0
2.414218689413516 1.0549335332357133 0.10645171023314191 0
2.4178710257352027 1.0553238059843206 0.10928779419281669 0
2.421545804233547 1.0557270210097345 0.11210372723501419 0
2.4252431283124243 1.0561432498992558 0.11489960039358714 0
2.428963101375714 1.0565725642401838 0.11767550667899626 0
2.432705826827294 1.057015035619819 0.12043154098450529 0
2.436471408071041 1.057470735625461 0.12316779999574587 0
2.4402599485108345 1.0579397358444098 0.1258843821018293 0
2.4440715515505507 1.0584221078639655 0.12858138730934646 0
2.447906320594067 1.0589179232714283 0.13125891715788152 0
2.4517643590452636 1.0594272536540983 0.13391707463848512 0
2.4556457703080157 1.0599501705992749 0.136555964114096 0
2.459550657786203 1.0604867456942586 0.13917569124137597 0
2.4634791248837025 1.0610370505263496 0.14177636289567525 0
2.467431275004391 1.0616011566828474 0.14435808709773615 0
2.4714072115521484 1.0621791357510522 0.1469209729420863 0
2.4754070379308506 1.0627710593182642 0.1494651305278706 0
2.479430857544377 1.0633769989717832 0.15199067089155102 0
2.483478773796604 1.0639970262989094 0.15449770594134987 0
2.4875508900914105 1.0646312128869426 0.1569863483940923 0
2.4916473098326732 1.0652796303231828 0.15945671171321807 0
2.495768136424271 1.06594235019493 0.16190891004963892 0
2.4999134732700807 1.066619444089485 0.16434305818297656 0
2.504083423773981 1.0673109835941461 0.16675927146649183 0
2.508278091339849 1.068017040296215 0.1691576657716704 0
2.5124975793715625 1.0687376857829909 0.17153835743617346 0
2.516741991273 1.0694729916417738 0.1739014632128132 0
2.521011430448038 1.0702230294598643 0.1762471002196694 0
2.5253060003005556 1.0709878708245615 0.1785753858931608 0
2.529625804234431 1.0717675873231662 0.18088643794100132 0
2.53397094565354 1.072562250542978 0.18318037429836842 0
2.538341527961762 1.0733719320712973 0.18545731308388522 0
2.5427376545629734 1.0741967034954232 0.1877173725590409 0
2.5471594288610544 1.075036636402657 0.18996067108682507 0
2.5516069542598796 1.0758918023802977 0.19218732709370703 0
2.55608033416333 1.0767622730156459 0.19439745903178565 0
2.560579671975281 1.077648119896001 0.19659118534299677 0
2.565105071099611 1.0785494146086636 0.1987686244237954 0
2.569656634940199 1.0794662287409333 0.20092989459219254 0
2.574234466900921 1.0803986338801106 0.20307511405503884 0
2.5788386703856556 1.0813467016134948 0.20520440087721165 0
2.583469348798282 1.0823105035283869 0.20731787295135784 0
2.5881266055426746 1.0832901112120856 0.20941564796970769 0
2.5928105440227154 1.0842855962518925 0.21149784339582975 0
2.597521267642278 1.0852970302351062 0.21356457643853885 0
2.602258879805243 1.0863244847490272 0.21561596402625693 0
2.6070234839154875 1.087368031380956 0.21765212278234408 0
2.6118151833768892 1.0884277417181916 0.21967316900228048 0
2.616634081593326 1.089503687348035 0.22167921863034995 0
2.6214802819686756 1.0905959398577858 0.2236703872389332 0
2.6263538879068156 1.091704570834744 0.22564679000749638 0
2.6312550028116237 1.0928296518662097 0.22760854170282438 0
2.636183730086979 1.0939712545394826 0.2295557566606688 0
2.641140173136757 1.0951294504418634 0.23148854876716932 0
2.646124435364838 1.0963043111606512 0.23340703144243882 0
2.6511366201750968 1.0974959082831468 0.23531131762332141 0
2.656176830971414 1.0987043133966496 0.2372015197488704 0
2.661245171157666 1.09992959808846 0.2390777497445119 0
2.666341744137732 1.101171833945878 0.24094011900892304 0
2.671466653315488 1.1024310925562035 0.24278873839994006 0
2.6766200020948117 1.1037074455067364 0.24462371822199624 0
2.6818018938795833 1.105000964384777 0.24644516821474988 0
2.687012432073678 1.106311720777625 0.24825319754071123 0
2.692251720080974 1.1076397862725806 0.25004791477523797 0
2.6975198613053504 1.1089852324569436 0.2518294278962241 0
2.7028169591506845 1.1103481309180145 0.2535978442743396 0
2.708143117020854 1.1117285532430932 0.2553532706643431 0
2.713498438319736 1.1131265710194793 0.2570958131961945 0
2.718883026451209 1.1145422558344726 0.25882557736812667 0
2.72429698481915 1.1159756792753739 0.2605426680377731 0
2.7297404168274384 1.1174269129294827 0.2622471894167117 0
2.735213425879951 1.1188960283840994 0.26393924506321087 0
2.7407161153805655 1.1203830972265236 0.26561893787645324 0
2.7462485887331596 1.1218881910440555 0.26728637009129674 0
2.751810949341611 1.123411381423995 0.26894164327287173 0
2.757403300609799 1.1249527399536423 0.270584858312176 0
2.7630257459415986 1.126512338220297 0.2722161154216643 0
2.7686783887408906 1.1280902478112598 0.2738355141316176 0
2.7743613324115506 1.12968654031383 0.275443153286372 0
2.780074680357458 1.1313012873153083 0.2770391310415052 0
2.785818535982489 1.132934560402994 0.2786235448609518 0
2.7915930026905227 1.1345864311641876 0.28019649151451476 0
2.797398183885435 1.1362569711861887 0.28175806707584444 0
2.803234182971107 1.1379462520562984 0.28330836692062905 0
2.8091011033514133 1.1396543453618153 0.28484748572524043 0
2.814999048430233 1.14138132269004 0.28637551746528667 0
2.8209281216114444 1.1431272556282726 0.287892555414923 0
2.8268884262989245 1.1448922157638128 0.2893986921462138 0
2.8328800658965507 1.1466762746839612 0.29089401952839733 0
2.838903143808203 1.1484795039760172 0.2923786287283293 0
2.844957763437757 1.150301975227281 0.2938526102100976 0
2.8510440281890896 1.1521437600250528 0.29531605373543135 0
2.857162041466082 1.1540049299566326 0.29676904836462004 0
2.863311906672608 1.15588555660932 0.29821168245665186 0
2.8694937272125505 1.1577857115704155 0.2996440436709442 0
2.8757076064897817 1.159705466427219 0.30106621896756713 0
2.881953647908183 1.1616448927670302 0.3024782946095334 0
2.8882319548716318 1.1636040621771495 0.3038803561636746 0
2.8945426307840036 1.1655830462448766 0.3052724885025164 0
2.900885779049178 1.1675819165575114 0.30665477580620254 0
2.9072615030710343 1.1696007447023546 0.3080273015645241 0
2.9136699062534483 1.171639602266706 0.30939014857882013 0
2.9201110920002966 1.1736985608378645 0.3107433989646446 0
2.9265851637154605 1.1757776920031322 0.3120871341538996 0
2.933092224802814 1.1778770673498067 0.3134214348975256 0
2.939632378666237 1.1799967584651898 0.3147463812682466 0
2.946205728709608 1.1821368369365812 0.3160620526631814 0
2.952812378336804 1.1842973743512801 0.317368527807109 0
2.959452430951701 1.1864784422965873 0.31866588475487106 0
2.9661259899581798 1.1886801123598025 0.3199542008953097 0
2.9728331587601162 1.1909024561282258 0.3212335529538072 0
2.9795740407613884 1.1931455451891573 0.32250401699580505 0
2.9863487393658747 1.1954094511298967 0.3237656684304094 0
2.9931573579774526 1.1976942455377442 0.32501858201354045 0
3.0 1.2 0.0 0
3.0 1.2 0.32626092743653945 0
3.006876712716486 1.2023267525197983 0.3274853071550711 0
3.013787318926249 1.2046744067636124 0.32869023895421223 0
3.0207315853077183 1.207042832813749 0.32987615315453545 0
3.027709278539324 1.2094319007525163 0.3310434673608788 0
3.034720165299495 1.2118414806622209 0.3321925869216715 0
3.0417640122666603 1.2142714426251708 0.3333239053684617 0
3.0488405861192516 1.2167216567236732 0.3344378048376254 0
3.055949653535696 1.2191919930400354 0.33553465647303565 0
3.0630909811944247 1.2216823216565644 0.33661482081315963 0
3.0702643357738673 1.2241925126555686 0.3376786481608957 0
3.0774694839524526 1.2267224361193545 0.3387264789389894 0
3.084706192408611 1.22927196213023 0.3397586440304048 0
3.091974227820771 1.231840960770502 0.34077546510473083 0
3.099273356867363 1.2344293021224784 0.34177725493175576 0
3.1066033462268168 1.2370368562684662 0.3427643176819171 0
3.1139639625775626 1.2396634932907733 0.34373694921514625 0
3.121354972598027 1.242309083271706 0.3446954373577372 0
3.1287761429666427 1.244973496293573 0.34564006216865045 0
3.1362272403618383 1.2476566024386808 0.3465710961953022 0
3.1437080314620443 1.2503582717893376 0.3474888047192334 0
3.151218282945688 1.25307837442785 0.34839344599179045 0
3.158757761491201 1.2558167804365254 0.349285271461975 0
3.1663262337770117 1.2585733598976716 0.350164525994122 0
3.1739234664815497 1.261347982893596 0.3510314480779173 0
3.181549226283246 1.2641405195066056 0.35188627003082623 0
3.189203279860529 1.2669508398190084 0.35272921819192754 0
3.1968853938918294 1.269778813913111 0.3535605131094773 0
3.204595335055575 1.2726243118712215 0.3543803697205844 0
3.2123328700301967 1.2754872037756466 0.35518899752508876 0
3.220097765494124 1.2783673597086944 0.3559866007522725 0
3.2278897881257858 1.2812646497526718 0.3567733785219148 0
3.2357087046036126 1.2841789439898865 0.35754952499940784 0
3.2435542816060328 1.2871101125026456 0.3583152295450421 0
3.2514262858114775 1.2900580253732568 0.35907067685822397 0
3.2593244838983755 1.293022552684027 0.3598160471162287 0
3.267248642545157 1.2960035645172643 0.36055151610835756 0
3.27519852843025 1.2990009309552755 0.36127725536469885 0
3.283173908232085 1.302014522080368 0.36199343228138253 0
3.2911745486290926 1.3050442079748494 0.3627002102403072 0
3.299200216299701 1.3080898587210275 0.3633977487255371 0
3.3072506779223407 1.3111513444012086 0.3640862034352652 0
3.31532570017544 1.3142285350977008 0.3647657263898771 0
3.323425049737431 1.3173213008928117 0.36543646603673574 0
3.331548493286741 1.3204295118688485 0.36609856735072904 0
3.3396957975018 1.3235530381081184 0.36675217193200005 0
3.347866729061038 1.3266917496929285 0.36739741810008775 0
3.356061054642884 1.329845516705587 0.36803444098478616 0
3.364278540925769 1.3330142092284005 0.3686633726144409 0
3.372518954588121 1.3361976973436769 0.36928434200065446 0
3.3807820623083704 1.3393958511337236 0.3698974752207674 0
3.3890676307649468 1.3426085406808475 0.37050289549725945 0
3.3973754266362803 1.3458356360673565 0.37110072327487476 0
3.4057052166007984 1.3490770073755578 0.3716910762945638 0
3.414056767336933 1.3523325246877587 0.3722740696660962 0
3.422429845523113 1.3556020580862667 0.37284981593726035 0
3.4308242178377673 1.358885477653389 0.373418425161474 0
3.439239650959327 1.3621826534714332 0.3739800049631747 0
3.4476759115662197 1.3654934556227067 0.374534660600713 0
3.4561327663368764 1.3688177541895168 0.3750824950277687 0
3.4646099819497262 1.3721554192541707 0.37562360895269775 0
3.4731073250831987 1.3755063208989766 0.3761581008954909 0
3.4816245624157243 1.3788703292062408 0.37668606724413606 0
3.490161460625731 1.382247314258271 0.37720760230758404 0
3.49871778639165 1.385637146137375 0.377722798368682 0
3.5072933063919094 1.3890396949258599 0.3782317457343812 0
3.5158877873049406 1.3924548307060332 0.3787345327850297 0
3.524500995809171 1.3958824235602023 0.3792312460215303 0
3.533132698583032 1.3993223435706743 0.3797219701119118 0
3.541782662304952 1.402774460819757 0.3802067879356049 0
3.550450653653363 1.4062386453897575 0.3806857806271741 0
3.559136439306691 1.409714767362983 0.381159027617887 0
3.567839785943367 1.4132026968217413 0.3816266066769134 0
3.576560460241822 1.41670230384834 0.38208859395065625 0
3.5852982288804847 1.4202134585250854 0.3825450640013299 0
3.5940528585377836 1.4237360309342861 0.3829960898438424 0
3.60282411589215 1.4272698911582493 0.38344174298239014 0
3.6116117676220125 1.4308149092792817 0.38388209344525526 0
3.6204155804058 1.4343709553796908 0.38431720981889894 0
3.6292353209219437 1.4379378995417849 0.3847471592811306 0
3.638070755848873 1.4415156118478705 0.3851720076331221 0
3.646921651865016 1.445103962380255 0.38559181933057796 0
3.6557877756488044 1.4487028212212465 0.38600665751400987 0
3.664668893878666 1.4523120584531515 0.38641658403819445 0
3.673564773233031 1.455931544158278 0.38682165950062675 0
3.6824751803903295 1.459561148418933 0.38722194326935233 0
3.69139988202899 1.4632007413174242 0.38761749350982155 0
3.700338644827443 1.466850192936059 0.3880083672110395 0
3.7092912354641188 1.4705093733571446 0.3883946202112514 0
3.718257420617445 1.4741781526629882 0.38877630722224854 0
3.7272369669658523 1.4778564009358979 0.3891534818537653 0
3.73622964118777 1.48154398825818 0.38952619663655297 0
3.7452352099616295 1.4852407847121434 0.3898945030452167 0
3.754253439965857 1.4889466603800938 0.3902584515201135 0
3.7632840978788846 1.4926614853443396 0.39061809148902915 0
3.7723269503791412 1.4963851296871882 0.3909734713876383 0
3.781381764145057 1.5001174634909464 0.39132463868024325 0
3.79044830585506 1.503858356837922 0.391671639878852 0
3.799526342187581 1.5076076798104225 0.39201452056288305 0
3.80861563982105 1.5113653024907552 0.3923533253975052 0
3.8177159654338952 1.515131094961227 0.3926880981516511 0
3.826827085704547 1.518904927304146 0.39301888171581495 0
3.8359487673114354 1.522686669601819 0.39334571811899915 0
3.84508077693299 1.5264761919365544 0.3936686485454399 0
3.85422288124764 1.5302733643906583 0.39398771335079263 0
3.8633748469338136 1.5340780570464387 0.3943029520776204 0
3.8725364406699425 1.537890139986203 0.3946144034710982 0
3.881707429134455 1.5417094832922587 0.39492210549346507 0
3.8908875790057826 1.5455359570469127 0.3952260953389065 0
3.900076656962352 1.5493694313324728 0.39552640944699086 0
3.9092744296825956 1.5532097762312462 0.39582308351723305 0
3.918480663844941 1.5570568618255407 0.39611615252141835 0
3.9276951261278192 1.5609105581976632 0.39640565071723777 0
3.9369175832096586 1.5647707354299212 0.39669161166060907 0
3.946147801768889 1.568637263604622 0.39697406821774067 0
3.9553855484839406 1.5725100128040737 0.3972530525771955 0
3.9646305900332433 1.5763888531105825 0.3975285962615774 0
3.973882693095224 1.5802736546064566 0.3978007301381801 0
3.983141624348316 1.5841642873740027 0.39806948443067786 0
3.9924071504709477 1.5880606214955293 0.3983348887291436 0
4.001679038141547 1.591962527053343 0.3985969720003783 0
4.010957054038546 1.5958698741297515 0.39885576259837846 0
4.020240964840373 1.5997825328070623 0.39911128827342773 0
4.029530537225457 1.6037003731675816 0.3993635761821091 0
4.038825537872228 1.6076232652936184 0.3996126528959148 0
4.048125733459116 1.6115510792674792 0.39985854441081975 0
4.057430890664552 1.6154836851714718 0.4001012761553361 0
4.066740776166961 1.6194209530879031 0.4003408729990115 0
4.076055156644777 1.623362753099081 0.4005773592609058 0
4.085373798776429 1.6273089552873121 0.4008107587172241 0
4.094696469240345 1.631259429734905 0.40104109460889403 0
4.104022934714957 1.6352140465241662 0.4012683896492383 0
4.113352961878692 1.6391726757374037 0.4014926660310064 0
4.122686317409979 1.6431351874569238 0.4017139454333812 0
4.132022767987251 1.6471014517650349 0.40193224902874497 0
4.1413620802889355 1.6510713387440443 0.40214759748942946 0
4.150704020993461 1.6550447184762587 0.4023600109935065 0
4.160048356779261 1.6590214610439862 0.40256950923163304 0
4.169394854324762 1.6630014365295342 0.40277611141232783 0
4.178743280308392 1.6669845150152094 0.40297983626816325 0
4.188093401408584 1.6709705665833199 0.40318070206101786 0
4.1974449843037664 1.6749594613161727 0.4033787265876113 0
4.206797795672368 1.6789510692960752 0.4035739271844153 0
4.216151602192821 1.6829452606053352 0.403766320732964 0
4.225506170543552 1.6869419053262598 0.4039559236642936 0
4.234861267402991 1.6909408735411557 0.40414275196372196 0
4.244216659449569 1.6949420353323315 0.40432682117529134 0
4.253572113361716 1.6989452607820938 0.4045081464059705 0
4.262927395817859 1.7029504199727503 0.40468674232975627 0
4.27228227349643 1.7069573829866083 0.4048626231914592 0
4.281636513075857 1.7109660199059755 0.40503580281079815 0
4.29098988123457 1.7149762008131586 0.40520629458543145 0
4.300342144651 1.7189877957904653 0.4053741114950265 0
4.309693070003575 1.7230006749202036 0.4055392661038798 0
4.319042423970724 1.7270147082846794 0.40570177056444034 0
4.3283899732308795 1.731029765966202 0.4058616366201088 0
4.337735484462469 1.7350457180470777 0.4060188756078872 0
4.347078724343921 1.7390624346096133 0.40617349846139816 0
4.356419459553666 1.7430797857361178 0.4063255157125699 0
4.365757456770136 1.7470976415088968 0.4064749374949869 0
4.375092482671759 1.751115872010259 0.4066217735452782 0
4.384424303936963 1.7551343473225116 0.4067660332053318 0
4.393752687244177 1.7591529375279613 0.40690772542416537 0
4.403077399271835 1.7631715127089165 0.4070468587597397 0
4.412398206698364 1.7671899429476832 0.4071834413805817 0
4.421714876202193 1.7712080983265706 0.40731748106660093 0
4.431027174461752 1.7752258489278843 0.40744898521121437 0
4.440334868155472 1.779243064833933 0.40757796082190134 0
4.4496377239617795 1.7832596161270233 0.40770441452123507 0
4.458935508559107 1.787275372889463 0.407828352547841 0
4.468227988625883 1.791290205203559 0.40794978075708593 0
4.477514930840537 1.7953039831516193 0.40806870462126554 0
4.486796101881499 1.7993165768159511 0.4081851292304575 0
4.496071268427198 1.8033278562788615 0.40829905929237775 0
4.505340197156064 1.8073376916226578 0.40841049913269994 0
4.514602654746527 1.8113459529296487 0.40851945269465073 0
4.523858407877015 1.81535251028214 0.40862592353925575 0
4.5331072232259615 1.8193572337624397 0.4087299148445198 0
4.542348867471791 1.8233599934528555 0.4088314294051206 0
4.551583107292935 1.8273606594356937 0.40893046963171376 0
4.560809709367825 1.8313591017932627 0.40902703755000236 0
4.570028440374888 1.8353551906078698 0.40912113479983514 0
4.579239066992555 1.839348795961822 0.4092127626340041 0
4.588441355899255 1.8433397879374271 0.40930192191691744 0
4.59763507377342 1.8473280366169917 0.40938861312324676 0
4.606819987293475 1.851313412082824 0.409472836336092 0
4.6159958631378535 1.855295784417232 0.4095545912452207 0
4.625162467984983 1.8592750237025215 0.4096338771453428 0
4.634319568513293 1.8632510000210005 0.4097106929336607 0
4.643466931401217 1.8672235834549769 0.40978503710792 0
4.6526043233271785 1.871192644086758 0.40985690776326394 0
4.66173151096961 1.8751580519986502 0.4099263025904335 0
4.670848261006943 1.879119677272962 0.4099932188723984 0
4.679954340117604 1.8830773899920001 0.4100576534813438 0
4.689049514980024 1.8870310602380727 0.41011960287562893 0
4.698133552272632 1.8909805580934855 0.41017906309656954 0
4.707206218673859 1.894925753640548 0.410236029764249 0
4.716267280862134 1.8988665169615664 0.410290498074356 0
4.725316505515885 1.9028027181388483 0.4103424627939236 0
4.734353659313541 1.9067342272547005 0.4103919182571195 0
4.743378508933538 1.9106609143914324 0.41043885836105065 0
4.7523908210542976 1.9145826496313485 0.4104832765609366 0
4.761390362354255 1.918499303056759 0.41052516586544047 0
4.7703768995118345 1.922410744749969 0.4105645188313776 0
4.779350199205471 1.9263168447932868 0.4106013275590314 0
4.788310028113592 1.9302174732690203 0.4106355836858971 0
4.797256152914627 1.934112500259476 0.41066727838143996 0
4.806188340287005 1.938001795846962 0.41069640234108384 0
4.815106356909156 1.9418852301137854 0.4107229457796288 0
4.82400996945951 1.9457626731422533 0.4107468984252728 0
4.832898944616496 1.9496339950146733 0.41076824951247587 0
4.841773049058545 1.9534990658133533 0.4107869877750128 0
4.850632049464085 1.9573577556205999 0.41080310143895704 0
4.859475712511546 1.9612099345187208 0.4108165782147051 0
4.868303804879357 1.9650554725900236 0.41082740528907535 0
4.87711609324595 1.9688942399168154 0.4108355693179605 0
4.885912344289751 1.9727261065814035 0.41084105641659313 0
4.894692324689193 1.9765509426660959 0.4108438521517678 0
4.903455801122703 1.9803686182531992 0.41084394153221204 0
4.912202540268713 1.9841790034250208 0.41084130899941357 0
4.920932308805651 1.9879819682638695 0.41083593841741145 0
4.929644873411946 1.9917773828520509 0.41082781306314475 0
4.938340000766029 1.9955651172718731 0.41081691561560013 0
4.947017457546329 1.9993450416056437 0.41080322814493037 0
4.955677010431275 2.0031170259356696 0.4107867321013277 0
4.9643184260992985 2.006880940344259 0.41076740830314257 0
4.972941471228826 2.0106366549137182 0.41074523692495 0
4.981545912498292 2.0143840397263553 0.4107201974848856 0
4.99013151658612 2.0181229648644776 0.41069226883157667 0
4.998698050170744 2.0218533004103927 0.41066142913095655 0
5.007245279930593 2.0255749164464074 0.4106276558523105 0
5.015772972544095 2.029287683054829 0.4105909257536115 0
5.02428089468968 2.032991470317966 0.41055121486681434 0
5.032768813045778 2.0366861483181253 0.41050849848250326 0
5.041236494290819 2.040371587137613 0.4104627511339408 0
5.049683705103233 2.0440476568587385 0.41041394658024766 0
5.058110212161447 2.0477142275638083 0.4103620577894505 0
5.066515782143893 2.0513711693351286 0.4103070569212058 0
5.074900181729002 2.055018352255009 0.41024891530795243 0
5.083263177595199 2.0586556464057555 0.4101876034357861 0
5.091604536420918 2.062282921869676 0.4101230909258206 0
5.099924024884585 2.065900048729077 0.41005534651271747 0
5.1082214096646315 2.0695068970662662 0.4099843380244819 0
5.116496457439488 2.0731033369635528 0.4099100323602042 0
5.124748934887584 2.076689238503242 0.4098323954678761 0
5.132978608687346 2.080264471767642 0.40975139232093516 0
5.1411852455172085 2.0838289068390603 0.40966698689402997 0
5.1493686120555955 2.087382413799804 0.40957914213805197 0
5.157528474980939 2.09092486273218 0.4094878199542673 0
5.165664600971672 2.0944561237184973 0.4093929811676041 0
5.173776756706219 2.0979760668410616 0.4092945854985914 0
5.181864708863013 2.101484562182181 0.4091925915348472 0
5.189928224120481 2.104981479824163 0.4090869567010749 0
5.197967069157056 2.1084666898493154 0.40897763722816727 0
5.205981010651162 2.1119400623399436 0.4088645881213147 0
5.213969815281236 2.1154014673783577 0.40874776312671096 0
5.221933249725702 2.118850775046863 0.40862711469731056 0
5.229871080662989 2.1222878554277678 0.40850259395654204 0
5.237783074771532 2.12571257860338 0.4083741506623693 0
5.245668998729757 2.129124814656006 0.4082417331680553 0
5.253528619216092 2.132524433667953 0.4081052883825746 0
5.261361702908972 2.1359113057215295 0.4079647617298045 0
5.26916801648682 2.139285300899042 0.4078200971049233 0
5.276947326628071 2.1426462892827987 0.4076712368306891 0
5.284699400011152 2.145994140955106 0.407518121610798 0
5.292424003314491 2.149328725998272 0.40736069048234763 0
5.3001209032165235 2.152649914494604 0.40719888076605826 0
5.307789866395671 2.155957576526409 0.40703262801403717 0
5.315430659530372 2.1592515821759948 0.40686186595774665 0
5.323043049299047 2.1625318015256685 0.40668652644989295 0
5.330626802380132 2.1657981046577377 0.40650653940902143 0
5.338181685452055 2.16905036165451 0.4063218327574034 0
5.345707465193243 2.172288442598292 0.40613233235951995 0
5.353203908282131 2.175512217571392 0.4059379619570542 0
5.360670781397143 2.178721556656116 0.40573864310045304 0
5.3681078512167115 2.1819163299347735 0.4055342950792886 0
5.375514884419267 2.1850964074896706 0.40532483484892917 0
5.382891647683235 2.188261659403114 0.4051101769538929 0
5.390237907687051 2.191411955757413 0.4048902334494303 0
5.397553431109138 2.1945471666348735 0.40466491381769154 0
5.404837984627931 2.197667162117803 0.4044341248828864 0
5.412091334921857 2.2007718122885094 0.404197770721048 0
5.419313248669346 2.2038609872293002 0.403955752566659 0
5.42650349254883 2.2069345570224828 0.40370796871560416 0
5.433661833238733 2.209992391750363 0.4034543144236997 0
5.440788037417488 2.2130343614952497 0.4031946818004256 0
5.447881871763526 2.2160603363394507 0.4029289596991773 0
5.454943102955274 2.219070186365272 0.40265703360172495 0
5.461971497671165 2.222063781655023 0.4023787854981115 0
5.468966822589625 2.225040992291009 0.4020940937610491 0
5.475928844389084 2.2280016883555374 0.40180283301521413 0
5.482857329747974 2.230945739930917 0.4015048739999709 0
5.489752045344722 2.2338730170994547 0.4012000834262778 0
5.496612757857759 2.2367833899434575 0.4008883238277334 0
5.503439233965514 2.2396767285452333 0.4005694534032485 0
5.510231240346417 2.242552902987089 0.40024332585465666 0
5.516988543678898 2.245411783351332 0.3999097902147145 0
5.523710910641385 2.2482532397202704 0.3995686906683339 0
5.530398107912308 2.251077142176211 0.39921986636494566 0
5.537049902170101 2.253883360801461 0.3988631512229221 0
5.543666060093184 2.256671765678328 0.3984983737218098 0
5.550246348359998 2.25944222688912 0.3981253566897906 0
5.5567905336489645 2.262194614516143 0.39774391707455453 0
5.563298382638515 2.2649287986417055 0.3973538657078505 0
5.569769662007083 2.267644649348115 0.39695500705686204 0
5.5762041384330905 2.270342036717678 0.3965471389616659 0
5.582601578594973 2.2730208308327025 0.3961300523629229 0
5.588961749171158 2.275680901775496 0.39570353101191125 0
5.595284416840077 2.278322119628365 0.3952673511698565 0
5.601569348280157 2.2809443544736183 0.39482128128804594 0
5.607816310169829 2.2835474763935624 0.3943650816740306 0
5.614025069187525 2.286131355470505 0.39389850413993244 0
5.620195392011669 2.288695861786753 0.39342129163067574 0
5.626327045320693 2.291240865424614 0.39293317783495346 0
5.632419795793029 2.2937662364663955 0.3924338867737815 0
5.638473410107104 2.2962718449944046 0.3919231323664265 0
5.644487654941349 2.29875756109095 0.39140061797489367 0
5.650462296974194 2.301223254838338 0.3908660359206537 0
5.656397102884063 2.3036687963188744 0.3903190669766721 0
5.662291839349395 2.30609405561487 0.38975937983047493 0
5.668146273048611 2.3084989028086293 0.38918663051518354 0
5.673960170660146 2.3108832079824606 0.388600461812071 0
5.679733298862428 2.313246841218672 0.38800050261365615 0
5.685465424333888 2.3155896725995704 0.387386367254806 0
5.691156313752951 2.3179115722074632 0.3867576548000143 0
5.696805733798052 2.320212410124658 0.3861139482929354 0
5.702413451147617 2.3224920564334615 0.385454813957114 0
5.707979232480078 2.3247503812161816 0.3847798003514332 0
5.713502844473863 2.3269872545551253 0.38408843747199756 0
5.718984053807403 2.329202546532601 0.3833802357999184 0
5.724422627159125 2.3313961272309145 0.382654685289865 0
5.7298183312074595 2.3335678667323747 0.38191125429351963 0
5.7351709326308375 2.335717635119288 0.38114938841738893 0
5.74048019810769 2.3378453024739625 0.3803685093046665 0
5.745745894316443 2.3399507388787053 0.37956801333905166 0
5.7509677879355285 2.3420338144158235 0.37874727026510396 0
5.756145645643373 2.344094399167624 0.37790562171394426 0
5.761279234118411 2.3461323632164164 0.3770423796332048 0
5.766368320039068 2.348147576644506 0.3761568246094012 0
5.771412670083774 2.3501399095342004 0.375248204075308 0
5.776412050930962 2.3521092319678076 0.3743157303934513 0
5.781366229259057 2.3540554140276346 0.37335857880486484 0
5.786274971746492 2.3559783257959888 0.37237588523368986 0
5.791138045071695 2.3578778373551783 0.37136674393278124 0
5.795955215913096 2.3597538187875093 0.3703302049596032 0
5.8007262509491255 2.3616061401752906 0.369265271466552 0
5.805450916858213 2.363434671600828 0.3681708967902085 0
5.810128980318784 2.36523928314643 0.3670459813197369 0
5.814760208009275 2.367019844894404 0.36588936913156767 0
5.8193443666081075 2.3687762269270562 0.3646998443576303 0
5.82388122279372 2.3705082993266955 0.36347612727762246 0
5.828370543244535 2.3722159321756284 0.3622168700953616 0
5.832812094638985 2.373898995556163 0.3609206523815264 0
5.8372056436555 2.3755573595506054 0.3595859761450495 0
5.841550956972509 2.3771908942412643 0.3582112604975856 0
5.845847801268441 2.3787994697104464 0.35679483587553135 0
5.850095943221727 2.3803829560404592 0.35533493777215397 0
5.8542951495107936 2.3819412233136097 0.3538296999339682 0
5.858445186814074 2.383474141612207 0.35227714696378487 0
5.862545821809998 2.3849815810185566 0.35067518627513855 0
5.86659682117699 2.386463411614966 0.34902159932417615 0
5.870597951593488 2.3879195034837437 0.34731403204954625 0
5.874548979737911 2.3893497267071964 0.34554998442792 0
5.878449672288698 2.390753951367632 0.34372679905961834 0
5.882299795924272 2.3921320475473564 0.3418416486653335 0
5.8860991173230675 2.3934838853286786 0.3398915223832428 0
5.889847403163512 2.3948093347939055 0.3378732107235369 0
5.893544420124035 2.3961082660253443 0.3357832890257971 0
5.897189934883066 2.3973805491053026 0.33361809925101743 0
5.900783714119033 2.3986260541160878 0.33137372989750125 0
5.90432552451037 2.3998446511400067 0.32904599382782995 0
5.907815132735505 2.4010362102593676 0.3266304037374006 0
5.911252305472863 2.402200601556477 0.324122144977599 0
5.914636809400881 2.403337695113644 0.3215160453961425 0
5.917968411197981 2.404447361013174 0.3188065418027435 0
5.9212468775426 2.405529469337375 0.3159876426248645 0
5.924471975113161 2.4065838901685543 0.31305288623365224 0
5.927643470588099 2.40761049358902 0.3099952943562776 0
5.930761130645839 2.4086091496810784 0.30680731988825405 0
5.933824721964814 2.409579728527038 0.30348078831097847 0
5.936834011223453 2.410522100209206 0.30000683179898774 0
5.939788765100184 2.4114361348098887 0.2963758149333547 0
5.9426887502734385 2.4123217024113948 0.2925772507673362 0
5.945533733421644 2.4131786730960307 0.28859970577121036 0
5.948323481223232 2.414006916946104 0.28443069191845227 0
5.951057760356631 2.414806304043923 0.2800565438667956 0
5.9537363375002705 2.415576704471794 0.27546227882014246 0
5.956358979332582 2.416317988312025 0.27063143619279456 0
5.958925452531991 2.417030025646923 0.26554589366088127 0
5.961435523776933 2.417712686558796 0.26018565552269 0
5.963888959745831 2.4183658411299502 0.2545286084708027 0
5.966285527117119 2.4189893594426937 0.24855023890530203 0
5.968624992569227 2.419583111579334 0.2422233046942047 0
5.9709071227805826 2.420146967622179 0.23551745280047826 0
5.973131684429616 2.4206807976535356 0.2283987723615001 0
5.975298444194753 2.4211844717557103 0.22082927052112464 0
5.977407168754434 2.4216578600110124 0.21276625549276754 0
5.979457624787076 2.4221008325017475 0.20416160782177067 0
5.981449578971117 2.4225132593102234 0.19496091642203023 0
5.983382797984982 2.4228950105187486 0.18510245049266924 0
5.985257048507101 2.4232459562096285 0.17451593158920875 0
5.987072097215907 2.423565966465172 0.16312106156028908 0
5.988827710789826 2.4238549113676853 0.150825751448954 0
5.990523655907292 2.4241126609994783 0.13752398323720513 0
5.992159699246728 2.4243390854428557 0.12309322011539296 0
5.9937356074865695 2.4245340547801257 0.10739126126927356 0
5.995251147305244 2.4246974390935967 0.09025241393443917 0
5.996706085381177 2.4248291084655738 0.07148282904469064 0
5.998100188392805 2.424928932978367 0.05085481895099162 0
5.999433223018556 2.424996782714283 0.028099950982801204 0
6.000704955936855 2.425032527755627 0.0029006985287724765 0
6.00191515382614 2.4250360381847096 -0.02511954869371981 0
6.00306358336483 2.425007184083836 -0.05640822417925356 0
6.004150011231362 2.4249458355353144 -0.09149695571766685 0
6.005174204104163 2.4248518626214515 -0.13101596119184822 0
6.006135928661666 2.4247251354245565 -0.17570790259924582 0
6.007034951582296 2.424565524026935 -0.22643786520945677 0
6.007871039544484 2.424372898510895 -0.28419308053431247 0
6.008643959226657 2.4241471289587424 -0.35006117446579554 0
6.0093534773072514 2.4238880854527873 -0.4251690249422752 0
6.009999360464692 2.423595638075336 -0.5105574011516237 0
6.010581375377407 2.423269656908694 -0.6069652941730231 0
6.011099288723833 2.4229100120351728 -0.714515044117587 0
6.011552867182393 2.4225165735370764 -0.8323419602277279 0
6.011941877431518 2.4220892114967123 -0.9583011373083384 0
6.012266086149638 2.4216277959963897 -1.0889570512627589 0
6.012525260015182 2.421132197118414 -1.220009488815645 0
6.0127191657065815 2.4206022849450943 -1.3470811430637621 0
6.012847569902264 2.420037929558737 -1.4665398883480583 0
6.012910239280662 2.4194390010416504 -1.5760023973833477 0
6.012906940520202 2.4188053694761407 -1.6743940537414321 0
6.012837440299314 2.418136904944516 -1.761689943687285 0
6.012701505296427 2.4174334775290824 -1.8385456516662677 0
6.012498902189972 2.41669495731215 -1.9059672400592615 0
6.012229397658382 2.4159212143760245 -1.965077759873422 0
6.011892758380081 2.4151121188030125 -2.016977687009542 0
6.0114887510335 2.414267540675423 -2.062674407537072 0
6.011017142297072 2.413387350075563 -2.103055025881773 0
6.01047769884922 2.412471417085738 -2.1388832809744813 0
6.009870187368379 2.411519611788258 -2.1708082906657147 0
6.009194374532977 2.4105318042654296 -2.1993780310837225 0
6.008450027021444 2.409507864599559 -2.225053788199648 0
6.007636911512212 2.4084476628729563 -2.2482237736572377 0
6.006754794683702 2.407351069167925 -2.269215170584696 0
6.005803443214352 2.4062179535667756 -2.288304428530888 0
6.00478262378259 2.4050481861518143 -2.305725889008134 0
6.003692103066844 2.4038416370053484 -2.3216789307577965 0
6.002531647745544 2.402598176209686 -2.33633385257637 0
6.00130102449712 2.4013176738471342 -2.3498367034242706 0
