0.0000 0.0000 0.7867 0
0.0022 0.0022 0.7893 0
0.0045 0.0045 0.7919 0
0.0068 0.0068 0.7944 0
0.0090 0.0091 0.7968 0
0.0113 0.0115 0.7992 0
0.0137 0.0139 0.8015 0
0.0160 0.0163 0.8037 0
0.0184 0.0187 0.8059 0
0.0207 0.0212 0.8081 0
0.0231 0.0237 0.8102 0
0.0255 0.0262 0.8123 0
0.0280 0.0288 0.8143 0
0.0304 0.0314 0.8163 0
0.0328 0.0340 0.8182 0
0.0353 0.0366 0.8201 0
0.0378 0.0393 0.822 0
0.0403 0.0420 0.8238 0
0.0428 0.0447 0.8255 0
0.0454 0.0475 0.8273 0
0.0479 0.0502 0.829 0
0.0505 0.0530 0.8306 0
0.0531 0.0559 0.8323 0
0.0557 0.0587 0.8339 0
0.0583 0.0616 0.8354 0
0.0609 0.0645 0.837 0
0.0636 0.0675 0.8385 0
0.0662 0.0704 0.84 0
0.0689 0.0734 0.8414 0
0.0716 0.0764 0.8428 0
0.0743 0.0795 0.8442 0
0.0771 0.0826 0.8456 0
0.0798 0.0857 0.8469 0
0.0826 0.0888 0.8482 0
0.0853 0.0919 0.8495 0
0.0881 0.0951 0.8508 0
0.0909 0.0983 0.852 0
0.0938 0.1015 0.8532 0
0.0966 0.1048 0.8544 0
0.0995 0.1081 0.8556 0
0.1023 0.1114 0.8568 0
0.1052 0.1147 0.8579 0
0.1081 0.1180 0.859 0
0.1110 0.1214 0.8601 0
0.1140 0.1248 0.8612 0
0.1169 0.1282 0.8622 0
0.1199 0.1317 0.8633 0
0.1228 0.1352 0.8643 0
0.1258 0.1387 0.8653 0
0.1288 0.1422 0.8663 0
0.1318 0.1458 0.8672 0
0.1349 0.1493 0.8682 0
0.1379 0.1529 0.8691 0
0.1410 0.1566 0.87 0
0.1441 0.1602 0.8709 0
0.1472 0.1639 0.8718 0
0.1503 0.1676 0.8727 0
0.1534 0.1713 0.8735 0
0.1565 0.1750 0.8744 0
0.1597 0.1788 0.8752 0
0.1628 0.1826 0.876 0
0.1660 0.1864 0.8768 0
0.1692 0.1902 0.8776 0
0.1724 0.1941 0.8784 0
0.1756 0.1980 0.8791 0
0.1789 0.2019 0.8799 0
0.1821 0.2058 0.8806 0
0.1854 0.2098 0.8813 0
0.1887 0.2137 0.882 0
0.1919 0.2177 0.8827 0
0.1953 0.2218 0.8834 0
0.1986 0.2258 0.8841 0
0.2019 0.2299 0.8848 0
0.2052 0.2340 0.8854 0
0.2086 0.2381 0.8861 0
0.2120 0.2422 0.8867 0
0.2154 0.2464 0.8873 0
0.2188 0.2505 0.888 0
0.2222 0.2547 0.8886 0
0.2256 0.2589 0.8892 0
0.2291 0.2632 0.8897 0
0.2325 0.2674 0.8903 0
0.2360 0.2717 0.8909 0
0.2395 0.2760 0.8914 0
0.2429 0.2804 0.892 0
0.2465 0.2847 0.8925 0
0.2500 0.2891 0.8931 0
0.2535 0.2935 0.8936 0
0.2571 0.2979 0.8941 0
0.2606 0.3023 0.8946 0
0.2642 0.3068 0.8951 0
0.2678 0.3112 0.8956 0
0.2714 0.3157 0.8961 0
0.2750 0.3202 0.8966 0
0.2786 0.3248 0.897 0
0.2822 0.3293 0.8975 0
0.2859 0.3339 0.8979 0
0.2895 0.3385 0.8984 0
0.2932 0.3431 0.8988 0
0.2969 0.3477 0.8993 0
0.3006 0.3524 0.8997 0
0.3043 0.3571 0.9001 0
0.3080 0.3617 0.9005 0
0.3118 0.3665 0.9009 0
0.3155 0.3712 0.9013 0
0.3193 0.3759 0.9017 0
0.3230 0.3807 0.9021 0
0.3268 0.3855 0.9025 0
0.3306 0.3903 0.9029 0
0.3344 0.3951 0.9032 0
0.3382 0.4000 0.9036 0
0.3421 0.4048 0.9039 0
0.3459 0.4097 0.9043 0
0.3498 0.4146 0.9046 0
0.3536 0.4195 0.905 0
0.3575 0.4245 0.9053 0
0.3614 0.4294 0.9056 0
0.3653 0.4344 0.906 0
0.3692 0.4394 0.9063 0
0.3731 0.4444 0.9066 0
0.3771 0.4494 0.9069 0
0.3810 0.4545 0.9072 0
0.3850 0.4595 0.9075 0
0.3889 0.4646 0.9078 0
0.3929 0.4697 0.9081 0
0.3969 0.4748 0.9083 0
0.4009 0.4799 0.9086 0
0.4049 0.4851 0.9089 0
0.4090 0.4903 0.9092 0
0.4130 0.4954 0.9094 0
0.4170 0.5006 0.9097 0
0.4211 0.5059 0.9099 0
0.4252 0.5111 0.9102 0
0.4292 0.5163 0.9104 0
0.4333 0.5216 0.9107 0
0.4374 0.5269 0.9109 0
0.4415 0.5322 0.9111 0
0.4457 0.5375 0.9114 0
0.4498 0.5428 0.9116 0
0.4539 0.5482 0.9118 0
0.4581 0.5535 0.912 0
0.4623 0.5589 0.9122 0
0.4664 0.5643 0.9124 0
0.4706 0.5697 0.9126 0
0.4748 0.5751 0.9128 0
0.4790 0.5806 0.913 0
0.4832 0.5860 0.9132 0
0.4875 0.5915 0.9134 0
0.4917 0.5970 0.9136 0
0.4959 0.6025 0.9138 0
0.5002 0.6080 0.9139 0
0.5044 0.6135 0.9141 0
0.5087 0.6191 0.9143 0
0.5130 0.6246 0.9145 0
0.5173 0.6302 0.9146 0
0.5216 0.6358 0.9148 0
0.5259 0.6414 0.9149 0
0.5302 0.6470 0.9151 0
0.5346 0.6527 0.9152 0
0.5389 0.6583 0.9154 0
0.5433 0.6640 0.9155 0
0.5476 0.6696 0.9156 0
0.5520 0.6753 0.9158 0
0.5564 0.6810 0.9159 0
0.5608 0.6868 0.916 0
0.5652 0.6925 0.9162 0
0.5696 0.6982 0.9163 0
0.5740 0.7040 0.9164 0
0.5784 0.7097 0.9165 0
0.5829 0.7155 0.9166 0
0.5873 0.7213 0.9167 0
0.5917 0.7271 0.9168 0
0.5962 0.7330 0.9169 0
0.6007 0.7388 0.917 0
0.6052 0.7446 0.9171 0
0.6096 0.7505 0.9172 0
0.6141 0.7564 0.9173 0
0.6186 0.7622 0.9174 0
0.6232 0.7681 0.9175 0
0.6277 0.7740 0.9176 0
0.6322 0.7800 0.9176 0
0.6368 0.7859 0.9177 0
0.6413 0.7918 0.9178 0
0.6459 0.7978 0.9179 0
0.6504 0.8038 0.9179 0
0.6550 0.8097 0.918 0
0.6596 0.8157 0.9181 0
0.6642 0.8217 0.9181 0
0.6688 0.8278 0.9182 0
0.6734 0.8338 0.9182 0
0.6780 0.8398 0.9183 0
0.6826 0.8459 0.9183 0
0.6872 0.8519 0.9184 0
0.6919 0.8580 0.9184 0
0.6965 0.8641 0.9185 0
0.7012 0.8702 0.9185 0
0.7058 0.8763 0.9185 0
0.7105 0.8824 0.9186 0
0.7152 0.8885 0.9186 0
0.7198 0.8946 0.9186 0
0.7245 0.9008 0.9186 0
0.7292 0.9069 0.9187 0
0.7339 0.9131 0.9187 0
0.7387 0.9193 0.9187 0
0.7434 0.9254 0.9187 0
0.7481 0.9316 0.9187 0
0.7528 0.9378 0.9187 0
0.7576 0.9440 0.9187 0
0.7623 0.9503 0.9187 0
0.7671 0.9565 0.9187 0
0.7718 0.9627 0.9187 0
0.7766 0.9690 0.9187 0
0.7814 0.9752 0.9187 0
0.7862 0.9815 0.9187 0
0.7910 0.9878 0.9187 0
0.7958 0.9941 0.9187 0
0.8006 1.0003 0.9187 0
0.8054 1.0066 0.9187 0
0.8102 1.0130 0.9187 0
0.8150 1.0193 0.9186 0
0.8198 1.0256 0.9186 0
0.8247 1.0319 0.9186 0
0.8295 1.0383 0.9186 0
0.8344 1.0446 0.9185 0
0.8392 1.0510 0.9185 0
0.8441 1.0574 0.9185 0
0.8490 1.0637 0.9184 0
0.8538 1.0701 0.9184 0
0.8587 1.0765 0.9183 0
0.8636 1.0829 0.9183 0
0.8685 1.0893 0.9182 0
0.8734 1.0957 0.9182 0
0.8783 1.1021 0.9181 0
0.8832 1.1085 0.9181 0
0.8881 1.1150 0.918 0
0.8931 1.1214 0.918 0
0.8980 1.1279 0.9179 0
0.9029 1.1343 0.9179 0
0.9079 1.1408 0.9178 0
0.9128 1.1472 0.9177 0
0.9178 1.1537 0.9177 0
0.9227 1.1602 0.9176 0
0.9277 1.1667 0.9175 0
0.9326 1.1732 0.9174 0
0.9376 1.1797 0.9174 0
0.9426 1.1862 0.9173 0
0.9476 1.1927 0.9172 0
0.9526 1.1992 0.9171 0
0.9576 1.2057 0.917 0
0.9626 1.2122 0.9169 0
0.9676 1.2188 0.9168 0
0.9726 1.2253 0.9167 0
0.9776 1.2318 0.9166 0
0.9826 1.2384 0.9166 0
0.9876 1.2449 0.9165 0
0.9927 1.2515 0.9164 0
0.9977 1.2581 0.9162 0
1.0027 1.2646 0.9161 0
1.0078 1.2712 0.916 0
1.0128 1.2778 0.9159 0
1.0179 1.2843 0.9158 0
1.0229 1.2909 0.9157 0
1.0280 1.2975 0.9156 0
1.0331 1.3041 0.9155 0
1.0381 1.3107 0.9153 0
1.0432 1.3173 0.9152 0
1.0483 1.3239 0.9151 0
1.0534 1.3305 0.915 0
1.0585 1.3371 0.9148 0
1.0636 1.3438 0.9147 0
1.0687 1.3504 0.9146 0
1.0738 1.3570 0.9144 0
1.0789 1.3636 0.9143 0
1.0840 1.3703 0.9141 0
1.0891 1.3769 0.914 0
1.0942 1.3835 0.9139 0
1.0993 1.3902 0.9137 0
1.1044 1.3968 0.9136 0
1.1096 1.4034 0.9134 0
1.1147 1.4101 0.9133 0
1.1198 1.4167 0.9131 0
1.1250 1.4234 0.9129 0
1.1301 1.4300 0.9128 0
1.1353 1.4367 0.9126 0
1.1404 1.4434 0.9125 0
1.1456 1.4500 0.9123 0
1.1507 1.4567 0.9121 0
1.1559 1.4634 0.9119 0
1.1610 1.4700 0.9118 0
1.1662 1.4767 0.9116 0
1.1714 1.4834 0.9114 0
1.1765 1.4900 0.9112 0
1.1817 1.4967 0.9111 0
1.1869 1.5034 0.9109 0
1.1921 1.5101 0.9107 0
1.1973 1.5167 0.9105 0
1.2024 1.5234 0.9103 0
1.2076 1.5301 0.9101 0
1.2128 1.5368 0.9099 0
1.2180 1.5435 0.9097 0
1.2232 1.5501 0.9095 0
1.2284 1.5568 0.9093 0
1.2336 1.5635 0.9091 0
1.2388 1.5702 0.9089 0
1.2440 1.5769 0.9087 0
1.2492 1.5835 0.9085 0
1.2545 1.5902 0.9083 0
1.2597 1.5969 0.9081 0
1.2649 1.6036 0.9078 0
1.2701 1.6103 0.9076 0
1.2753 1.6170 0.9074 0
1.2805 1.6236 0.9072 0
1.2858 1.6303 0.9069 0
1.2910 1.6370 0.9067 0
1.2962 1.6437 0.9065 0
1.3015 1.6504 0.9062 0
1.3067 1.6571 0.906 0
1.3119 1.6637 0.9058 0
1.3172 1.6704 0.9055 0
1.3224 1.6771 0.9053 0
1.3276 1.6838 0.905 0
1.3329 1.6904 0.9048 0
1.3381 1.6971 0.9045 0
1.3434 1.7038 0.9043 0
1.3486 1.7105 0.904 0
1.3539 1.7171 0.9038 0
1.3591 1.7238 0.9035 0
1.3644 1.7305 0.9032 0
1.3696 1.7371 0.903 0
1.3749 1.7438 0.9027 0
1.3801 1.7504 0.9024 0
1.3854 1.7571 0.9022 0
1.3906 1.7637 0.9019 0
1.3959 1.7704 0.9016 0
1.4012 1.7770 0.9013 0
1.4064 1.7837 0.901 0
1.4117 1.7903 0.9007 0
1.4169 1.7970 0.9005 0
1.4222 1.8036 0.9002 0
1.4275 1.8102 0.8999 0
1.4327 1.8169 0.8996 0
1.4380 1.8235 0.8993 0
1.4433 1.8301 0.899 0
1.4485 1.8368 0.8987 0
1.4538 1.8434 0.8984 0
1.4591 1.8500 0.898 0
1.4643 1.8566 0.8977 0
1.4696 1.8632 0.8974 0
1.4749 1.8698 0.8971 0
1.4801 1.8764 0.8968 0
1.4854 1.8830 0.8965 0
1.4907 1.8896 0.8961 0
1.4959 1.8962 0.8958 0
1.5012 1.9028 0.8955 0
1.5065 1.9093 0.8951 0
1.5117 1.9159 0.8948 0
1.5170 1.9225 0.8945 0
1.5223 1.9290 0.8941 0
1.5275 1.9356 0.8938 0
1.5328 1.9422 0.8934 0
1.5381 1.9487 0.8931 0
1.5433 1.9552 0.8927 0
1.5486 1.9618 0.8923 0
1.5539 1.9683 0.892 0
1.5591 1.9749 0.8916 0
1.5644 1.9814 0.8913 0
1.5697 1.9879 0.8909 0
1.5749 1.9944 0.8905 0
1.5802 2.0009 0.8901 0
1.5855 2.0074 0.8898 0
1.5907 2.0139 0.8894 0
1.5960 2.0204 0.889 0
1.6013 2.0269 0.8886 0
1.6065 2.0333 0.8882 0
1.6118 2.0398 0.8878 0
1.6170 2.0463 0.8874 0
1.6223 2.0527 0.887 0
1.6275 2.0592 0.8866 0
1.6328 2.0656 0.8862 0
1.6381 2.0721 0.8858 0
1.6433 2.0785 0.8854 0
1.6486 2.0849 0.8849 0
1.6538 2.0913 0.8845 0
1.6591 2.0977 0.8841 0
1.6643 2.1041 0.8837 0
1.6696 2.1105 0.8832 0
1.6748 2.1169 0.8828 0
1.6800 2.1233 0.8824 0
1.6853 2.1297 0.8819 0
1.6905 2.1360 0.8815 0
1.6958 2.1424 0.881 0
1.7010 2.1487 0.8806 0
1.7062 2.1551 0.8801 0
1.7115 2.1614 0.8797 0
1.7167 2.1677 0.8792 0
1.7219 2.1740 0.8787 0
1.7271 2.1803 0.8783 0
1.7324 2.1866 0.8778 0
1.7376 2.1929 0.8773 0
1.7428 2.1992 0.8768 0
1.7480 2.2055 0.8763 0
1.7532 2.2117 0.8758 0
1.7585 2.2180 0.8753 0
1.7637 2.2242 0.8748 0
1.7689 2.2305 0.8743 0
1.7741 2.2367 0.8738 0
1.7793 2.2429 0.8733 0
1.7845 2.2491 0.8728 0
1.7897 2.2553 0.8723 0
1.7949 2.2615 0.8718 0
1.8001 2.2677 0.8712 0
1.8053 2.2739 0.8707 0
1.8105 2.2800 0.8702 0
1.8156 2.2862 0.8696 0
1.8208 2.2923 0.8691 0
1.8260 2.2984 0.8685 0
1.8312 2.3045 0.868 0
1.8364 2.3107 0.8674 0
1.8415 2.3167 0.8669 0
1.8467 2.3228 0.8663 0
1.8519 2.3289 0.8657 0
1.8570 2.3350 0.8652 0
1.8622 2.3410 0.8646 0
1.8673 2.3471 0.864 0
1.8725 2.3531 0.8634 0
1.8776 2.3591 0.8628 0
1.8828 2.3651 0.8622 0
1.8879 2.3711 0.8616 0
1.8930 2.3771 0.861 0
1.8982 2.3831 0.8604 0
1.9033 2.3890 0.8598 0
1.9084 2.3950 0.8592 0
1.9136 2.4009 0.8585 0
1.9187 2.4069 0.8579 0
1.9238 2.4128 0.8573 0
1.9289 2.4187 0.8566 0
1.9340 2.4246 0.856 0
1.9391 2.4305 0.8553 0
1.9442 2.4363 0.8546 0
1.9493 2.4422 0.854 0
1.9544 2.4480 0.8533 0
1.9595 2.4538 0.8526 0
1.9646 2.4597 0.852 0
1.9696 2.4655 0.8513 0
1.9747 2.4713 0.8506 0
1.9798 2.4770 0.8499 0
1.9848 2.4828 0.8492 0
1.9899 2.4885 0.8485 0
1.9949 2.4943 0.8477 0
2.0000 2.5000 0.0 0
2.0000 2.5000 0.847 0
2.0050 2.5057 0.8463 0
2.0101 2.5114 0.8456 0
2.0151 2.5171 0.8448 0
2.0202 2.5228 0.8441 0
2.0252 2.5284 0.8433 0
2.0302 2.5341 0.8426 0
2.0352 2.5397 0.8418 0
2.0402 2.5453 0.8411 0
2.0452 2.5509 0.8403 0
2.0503 2.5565 0.8395 0
2.0553 2.5621 0.8388 0
2.0602 2.5676 0.838 0
2.0652 2.5732 0.8372 0
2.0702 2.5787 0.8364 0
2.0752 2.5842 0.8356 0
2.0802 2.5897 0.8348 0
2.0852 2.5952 0.834 0
2.0901 2.6007 0.8332 0
2.0951 2.6061 0.8323 0
2.1001 2.6116 0.8315 0
2.1050 2.6170 0.8307 0
2.1100 2.6225 0.8298 0
2.1149 2.6279 0.829 0
2.1199 2.6333 0.8282 0
2.1248 2.6386 0.8273 0
2.1297 2.6440 0.8264 0
2.1347 2.6494 0.8256 0
2.1396 2.6547 0.8247 0
2.1445 2.6600 0.8238 0
2.1494 2.6653 0.8229 0
2.1543 2.6706 0.8221 0
2.1592 2.6759 0.8212 0
2.1642 2.6812 0.8203 0
2.1691 2.6864 0.8194 0
2.1739 2.6917 0.8184 0
2.1788 2.6969 0.8175 0
2.1837 2.7021 0.8166 0
2.1886 2.7073 0.8157 0
2.1935 2.7125 0.8147 0
2.1984 2.7177 0.8138 0
2.2032 2.7228 0.8128 0
2.2081 2.7280 0.8119 0
2.2130 2.7331 0.8109 0
2.2178 2.7382 0.81 0
2.2227 2.7433 0.809 0
2.2275 2.7484 0.808 0
2.2324 2.7535 0.807 0
2.2372 2.7585 0.806 0
2.2421 2.7636 0.805 0
2.2469 2.7686 0.804 0
2.2517 2.7736 0.803 0
2.2566 2.7786 0.802 0
2.2614 2.7836 0.801 0
2.2662 2.7886 0.7999 0
2.2710 2.7935 0.7989 0
2.2758 2.7985 0.7979 0
2.2806 2.8034 0.7968 0
2.2854 2.8083 0.7958 0
2.2902 2.8132 0.7947 0
2.2950 2.8181 0.7936 0
2.2998 2.8230 0.7925 0
2.3046 2.8278 0.7915 0
2.3094 2.8327 0.7904 0
2.3142 2.8375 0.7893 0
2.3190 2.8423 0.7882 0
2.3237 2.8471 0.787 0
2.3285 2.8519 0.7859 0
2.3333 2.8567 0.7848 0
2.3380 2.8614 0.7837 0
2.3428 2.8662 0.7825 0
2.3475 2.8709 0.7814 0
2.3523 2.8756 0.7802 0
2.3570 2.8803 0.7791 0
2.3618 2.8850 0.7779 0
2.3665 2.8897 0.7767 0
2.3713 2.8943 0.7755 0
2.3760 2.8990 0.7743 0
2.3807 2.9036 0.7731 0
2.3855 2.9082 0.7719 0
2.3902 2.9128 0.7707 0
2.3949 2.9174 0.7695 0
2.3996 2.9219 0.7683 0
2.4043 2.9265 0.767 0
2.4090 2.9310 0.7658 0
2.4137 2.9356 0.7645 0
2.4184 2.9401 0.7633 0
2.4231 2.9446 0.762 0
2.4278 2.9490 0.7607 0
2.4325 2.9535 0.7594 0
2.4372 2.9580 0.7582 0
2.4419 2.9624 0.7569 0
2.4466 2.9668 0.7556 0
2.4512 2.9712 0.7542 0
2.4559 2.9756 0.7529 0
2.4606 2.9800 0.7516 0
2.4653 2.9843 0.7502 0
2.4699 2.9887 0.7489 0
2.4746 2.9930 0.7475 0
2.4792 2.9973 0.7462 0
2.4839 3.0016 0.7448 0
2.4885 3.0059 0.7434 0
2.4932 3.0102 0.742 0
2.4978 3.0145 0.7406 0
2.5025 3.0187 0.7392 0
2.5071 3.0229 0.7378 0
2.5117 3.0271 0.7364 0
2.5164 3.0313 0.7349 0
2.5210 3.0355 0.7335 0
2.5256 3.0397 0.732 0
2.5302 3.0438 0.7306 0
2.5349 3.0480 0.7291 0
2.5395 3.0521 0.7276 0
2.5441 3.0562 0.7262 0
2.5487 3.0603 0.7247 0
2.5533 3.0644 0.7232 0
2.5579 3.0684 0.7216 0
2.5625 3.0725 0.7201 0
2.5671 3.0765 0.7186 0
2.5717 3.0805 0.717 0
2.5763 3.0845 0.7155 0
2.5809 3.0885 0.7139 0
2.5854 3.0925 0.7124 0
2.5900 3.0964 0.7108 0
2.5946 3.1004 0.7092 0
2.5992 3.1043 0.7076 0
2.6038 3.1082 0.706 0
2.6083 3.1121 0.7044 0
2.6129 3.1160 0.7028 0
2.6174 3.1199 0.7011 0
2.6220 3.1237 0.6995 0
2.6266 3.1275 0.6978 0
2.6311 3.1314 0.6962 0
2.6357 3.1352 0.6945 0
2.6402 3.1390 0.6928 0
2.6448 3.1427 0.6911 0
2.6493 3.1465 0.6894 0
2.6538 3.1502 0.6877 0
2.6584 3.1540 0.6859 0
2.6629 3.1577 0.6842 0
2.6674 3.1614 0.6825 0
2.6720 3.1650 0.6807 0
2.6765 3.1687 0.6789 0
2.6810 3.1724 0.6772 0
2.6855 3.1760 0.6754 0
2.6901 3.1796 0.6736 0
2.6946 3.1832 0.6718 0
2.6991 3.1868 0.6699 0
2.7036 3.1904 0.6681 0
2.7081 3.1939 0.6663 0
2.7126 3.1975 0.6644 0
2.7171 3.2010 0.6626 0
2.7216 3.2045 0.6607 0
2.7261 3.2080 0.6588 0
2.7306 3.2115 0.6569 0
2.7351 3.2149 0.655 0
2.7396 3.2184 0.6531 0
2.7441 3.2218 0.6512 0
2.7486 3.2252 0.6492 0
2.7530 3.2286 0.6473 0
2.7575 3.2320 0.6453 0
2.7620 3.2354 0.6433 0
2.7665 3.2388 0.6413 0
2.7709 3.2421 0.6393 0
2.7754 3.2454 0.6373 0
2.7799 3.2487 0.6353 0
2.7843 3.2520 0.6333 0
2.7888 3.2553 0.6312 0
2.7933 3.2585 0.6292 0
2.7977 3.2618 0.6271 0
2.8022 3.2650 0.625 0
2.8066 3.2682 0.623 0
2.8111 3.2714 0.6209 0
2.8155 3.2746 0.6187 0
2.8200 3.2778 0.6166 0
2.8244 3.2809 0.6145 0
2.8288 3.2841 0.6123 0
2.8333 3.2872 0.6102 0
2.8377 3.2903 0.608 0
2.8421 3.2934 0.6058 0
2.8466 3.2964 0.6036 0
2.8510 3.2995 0.6014 0
2.8554 3.3025 0.5992 0
2.8599 3.3055 0.5969 0
2.8643 3.3085 0.5947 0
2.8687 3.3115 0.5924 0
2.8731 3.3145 0.5901 0
2.8775 3.3175 0.5879 0
2.8819 3.3204 0.5856 0
2.8864 3.3233 0.5832 0
2.8908 3.3262 0.5809 0
2.8952 3.3291 0.5786 0
2.8996 3.3320 0.5762 0
2.9040 3.3349 0.5739 0
2.9084 3.3377 0.5715 0
2.9128 3.3405 0.5691 0
2.9172 3.3434 0.5667 0
2.9216 3.3462 0.5643 0
2.9260 3.3489 0.5619 0
2.9303 3.3517 0.5594 0
2.9347 3.3544 0.557 0
2.9391 3.3572 0.5545 0
2.9435 3.3599 0.552 0
2.9479 3.3626 0.5495 0
2.9523 3.3653 0.547 0
2.9566 3.3679 0.5445 0
2.9610 3.3706 0.5419 0
2.9654 3.3732 0.5394 0
2.9698 3.3758 0.5368 0
2.9741 3.3784 0.5343 0
2.9785 3.3810 0.5317 0
2.9829 3.3836 0.5291 0
2.9872 3.3861 0.5264 0
2.9916 3.3887 0.5238 0
2.9960 3.3912 0.5212 0
3.0003 3.3937 0.5185 0
3.0047 3.3962 0.5158 0
3.0090 3.3987 0.5131 0
3.0134 3.4011 0.5104 0
3.0178 3.4036 0.5077 0
3.0221 3.4060 0.505 0
3.0265 3.4084 0.5023 0
3.0308 3.4108 0.4995 0
3.0352 3.4131 0.4967 0
3.0395 3.4155 0.4939 0
3.0438 3.4178 0.4911 0
3.0482 3.4202 0.4883 0
3.0525 3.4225 0.4855 0
3.0569 3.4248 0.4827 0
3.0612 3.4270 0.4798 0
3.0655 3.4293 0.4769 0
3.0699 3.4315 0.474 0
3.0742 3.4337 0.4711 0
3.0785 3.4359 0.4682 0
3.0829 3.4381 0.4653 0
3.0872 3.4403 0.4624 0
3.0915 3.4425 0.4594 0
3.0958 3.4446 0.4564 0
3.1002 3.4467 0.4534 0
3.1045 3.4488 0.4504 0
3.1088 3.4509 0.4474 0
3.1131 3.4530 0.4444 0
3.1174 3.4550 0.4414 0
3.1217 3.4571 0.4383 0
3.1261 3.4591 0.4352 0
3.1304 3.4611 0.4321 0
3.1347 3.4631 0.429 0
3.1390 3.4651 0.4259 0
3.1433 3.4670 0.4228 0
3.1476 3.4690 0.4196 0
3.1519 3.4709 0.4165 0
3.1562 3.4728 0.4133 0
3.1605 3.4747 0.4101 0
3.1648 3.4765 0.4069 0
3.1691 3.4784 0.4037 0
3.1734 3.4802 0.4005 0
3.1777 3.4821 0.3972 0
3.1820 3.4839 0.394 0
3.1863 3.4856 0.3907 0
3.1906 3.4874 0.3874 0
3.1949 3.4892 0.3841 0
3.1992 3.4909 0.3808 0
3.2035 3.4926 0.3774 0
3.2078 3.4943 0.3741 0
3.2121 3.4960 0.3707 0
3.2163 3.4977 0.3674 0
3.2206 3.4993 0.364 0
3.2249 3.5010 0.3606 0
3.2292 3.5026 0.3571 0
3.2335 3.5042 0.3537 0
3.2378 3.5057 0.3503 0
3.2421 3.5073 0.3468 0
3.2463 3.5089 0.3433 0
3.2506 3.5104 0.3398 0
3.2549 3.5119 0.3363 0
3.2592 3.5134 0.3328 0
3.2634 3.5149 0.3293 0
3.2677 3.5163 0.3257 0
3.2720 3.5178 0.3222 0
3.2763 3.5192 0.3186 0
3.2805 3.5206 0.315 0
3.2848 3.5220 0.3114 0
3.2891 3.5234 0.3078 0
3.2933 3.5247 0.3042 0
3.2976 3.5261 0.3005 0
3.3019 3.5274 0.2969 0
3.3061 3.5287 0.2932 0
3.3104 3.5300 0.2895 0
3.3147 3.5313 0.2858 0
3.3189 3.5325 0.2821 0
3.3232 3.5338 0.2784 0
3.3275 3.5350 0.2747 0
3.3317 3.5362 0.2709 0
3.3360 3.5374 0.2672 0
3.3403 3.5385 0.2634 0
3.3445 3.5397 0.2596 0
3.3488 3.5408 0.2558 0
3.3530 3.5419 0.252 0
3.3573 3.5430 0.2482 0
3.3615 3.5441 0.2443 0
3.3658 3.5451 0.2405 0
3.3701 3.5462 0.2366 0
3.3743 3.5472 0.2328 0
3.3786 3.5482 0.2289 0
3.3828 3.5492 0.225 0
3.3871 3.5502 0.2211 0
3.3913 3.5511 0.2172 0
3.3956 3.5521 0.2132 0
3.3998 3.5530 0.2093 0
3.4041 3.5539 0.2053 0
3.4083 3.5548 0.2014 0
3.4126 3.5557 0.1974 0
3.4168 3.5565 0.1934 0
3.4211 3.5573 0.1894 0
3.4253 3.5582 0.1854 0
3.4296 3.5590 0.1814 0
3.4338 3.5597 0.1774 0
3.4381 3.5605 0.1733 0
3.4423 3.5612 0.1693 0
3.4466 3.5620 0.1652 0
3.4508 3.5627 0.1612 0
3.4551 3.5634 0.1571 0
3.4593 3.5640 0.153 0
3.4635 3.5647 0.1489 0
3.4678 3.5653 0.1448 0
3.4720 3.5659 0.1407 0
3.4763 3.5665 0.1366 0
3.4805 3.5671 0.1324 0
3.4848 3.5677 0.1283 0
3.4890 3.5682 0.1241 0
3.4932 3.5688 0.12 0
3.4975 3.5693 0.1158 0
3.5017 3.5698 0.1116 0
3.5060 3.5703 0.1075 0
3.5102 3.5707 0.1033 0
3.5145 3.5711 0.0991 0
3.5187 3.5716 0.0949 0
3.5229 3.5720 0.0907 0
3.5272 3.5724 0.0864 0
3.5314 3.5727 0.0822 0
3.5357 3.5731 0.078 0
3.5399 3.5734 0.0737 0
3.5441 3.5737 0.0695 0
3.5484 3.5740 0.0653 0
3.5526 3.5743 0.061 0
3.5569 3.5746 0.0567 0
3.5611 3.5748 0.0525 0
3.5653 3.5750 0.0482 0
3.5696 3.5752 0.0439 0
3.5738 3.5754 0.0396 0
3.5781 3.5756 0.0354 0
3.5823 3.5757 0.0311 0
3.5865 3.5759 0.0268 0
3.5908 3.5760 0.0225 0
3.5950 3.5761 0.0182 0
3.5993 3.5761 0.0139 0
3.6035 3.5762 0.0096 0
3.6077 3.5762 0.0052 0
3.6120 3.5763 0.0009 0
3.6162 3.5763 -0.0034 0
3.6205 3.5763 -0.0077 0
3.6247 3.5762 -0.012 0
3.6289 3.5762 -0.0164 0
3.6332 3.5761 -0.0207 0
3.6374 3.5760 -0.025 0
3.6417 3.5759 -0.0294 0
3.6459 3.5758 -0.0337 0
3.6501 3.5756 -0.038 0
3.6544 3.5755 -0.0424 0
3.6586 3.5753 -0.0467 0
3.6629 3.5751 -0.051 0
3.6671 3.5749 -0.0554 0
3.6714 3.5746 -0.0597 0
3.6756 3.5744 -0.0641 0
3.6798 3.5741 -0.0684 0
3.6841 3.5738 -0.0727 0
3.6883 3.5735 -0.0771 0
3.6926 3.5732 -0.0814 0
3.6968 3.5728 -0.0858 0
3.7011 3.5725 -0.0901 0
3.7053 3.5721 -0.0944 0
3.7096 3.5717 -0.0988 0
3.7138 3.5713 -0.1031 0
3.7181 3.5708 -0.1074 0
3.7223 3.5704 -0.1117 0
3.7266 3.5699 -0.1161 0
3.7308 3.5694 -0.1204 0
3.7351 3.5689 -0.1247 0
3.7393 3.5684 -0.129 0
3.7436 3.5678 -0.1333 0
3.7478 3.5672 -0.1376 0
3.7521 3.5666 -0.1419 0
3.7563 3.5660 -0.1462 0
3.7606 3.5654 -0.1505 0
3.7648 3.5648 -0.1548 0
3.7691 3.5641 -0.1591 0
3.7733 3.5634 -0.1634 0
3.7776 3.5627 -0.1677 0
3.7818 3.5620 -0.172 0
3.7861 3.5613 -0.1762 0
3.7903 3.5605 -0.1805 0
3.7946 3.5597 -0.1847 0
3.7989 3.5589 -0.189 0
3.8031 3.5581 -0.1932 0
3.8074 3.5573 -0.1975 0
3.8116 3.5564 -0.2017 0
3.8159 3.5556 -0.2059 0
3.8202 3.5547 -0.2102 0
3.8244 3.5538 -0.2144 0
3.8287 3.5528 -0.2186 0
3.8329 3.5519 -0.2228 0
3.8372 3.5509 -0.227 0
3.8415 3.5499 -0.2312 0
3.8457 3.5489 -0.2353 0
3.8500 3.5479 -0.2395 0
3.8543 3.5469 -0.2437 0
3.8585 3.5458 -0.2478 0
3.8628 3.5447 -0.252 0
3.8671 3.5436 -0.2561 0
3.8714 3.5425 -0.2602 0
3.8756 3.5414 -0.2644 0
3.8799 3.5402 -0.2685 0
3.8842 3.5390 -0.2726 0
3.8885 3.5378 -0.2767 0
3.8927 3.5366 -0.2808 0
3.8970 3.5354 -0.2848 0
3.9013 3.5341 -0.2889 0
3.9056 3.5329 -0.2929 0
3.9098 3.5316 -0.297 0
3.9141 3.5303 -0.301 0
3.9184 3.5289 -0.305 0
3.9227 3.5276 -0.3091 0
3.9270 3.5262 -0.3131 0
3.9313 3.5248 -0.3171 0
3.9356 3.5234 -0.321 0
3.9398 3.5220 -0.325 0
3.9441 3.5206 -0.329 0
3.9484 3.5191 -0.3329 0
3.9527 3.5176 -0.3369 0
3.9570 3.5161 -0.3408 0
3.9613 3.5146 -0.3447 0
3.9656 3.5130 -0.3486 0
3.9699 3.5115 -0.3525 0
3.9742 3.5099 -0.3564 0
3.9785 3.5083 -0.3603 0
3.9828 3.5067 -0.3641 0
3.9871 3.5050 -0.368 0
3.9914 3.5034 -0.3718 0
3.9957 3.5017 -0.3756 0
4.0000 3.5000 0.0 0
4.0000 3.5000 -0.3794 0
4.0043 3.4983 -0.3832 0
4.0086 3.4965 -0.387 0
4.0129 3.4948 -0.3907 0
4.0172 3.4930 -0.3944 0
4.0215 3.4912 -0.3981 0
4.0259 3.4894 -0.4018 0
4.0302 3.4876 -0.4054 0
4.0345 3.4857 -0.4091 0
4.0388 3.4839 -0.4127 0
4.0431 3.4820 -0.4162 0
4.0474 3.4801 -0.4198 0
4.0517 3.4781 -0.4233 0
4.0561 3.4762 -0.4268 0
4.0604 3.4742 -0.4303 0
4.0647 3.4722 -0.4338 0
4.0690 3.4702 -0.4372 0
4.0733 3.4682 -0.4407 0
4.0777 3.4662 -0.4441 0
4.0820 3.4641 -0.4475 0
4.0863 3.4621 -0.4508 0
4.0906 3.4600 -0.4542 0
4.0949 3.4579 -0.4575 0
4.0992 3.4557 -0.4608 0
4.1036 3.4536 -0.4641 0
4.1079 3.4514 -0.4674 0
4.1122 3.4492 -0.4706 0
4.1165 3.4471 -0.4739 0
4.1208 3.4448 -0.4771 0
4.1251 3.4426 -0.4803 0
4.1295 3.4404 -0.4835 0
4.1338 3.4381 -0.4866 0
4.1381 3.4358 -0.4898 0
4.1424 3.4335 -0.4929 0
4.1467 3.4312 -0.496 0
4.1510 3.4289 -0.4991 0
4.1553 3.4265 -0.5022 0
4.1596 3.4242 -0.5052 0
4.1639 3.4218 -0.5083 0
4.1682 3.4194 -0.5113 0
4.1725 3.4170 -0.5143 0
4.1768 3.4145 -0.5173 0
4.1811 3.4121 -0.5203 0
4.1854 3.4096 -0.5233 0
4.1897 3.4071 -0.5263 0
4.1940 3.4046 -0.5292 0
4.1983 3.4021 -0.5321 0
4.2026 3.3996 -0.535 0
4.2069 3.3971 -0.5379 0
4.2112 3.3945 -0.5408 0
4.2155 3.3919 -0.5437 0
4.2198 3.3894 -0.5465 0
4.2240 3.3867 -0.5494 0
4.2283 3.3841 -0.5522 0
4.2326 3.3815 -0.555 0
4.2369 3.3788 -0.5578 0
4.2411 3.3762 -0.5606 0
4.2454 3.3735 -0.5634 0
4.2497 3.3708 -0.5662 0
4.2539 3.3681 -0.5689 0
4.2582 3.3654 -0.5717 0
4.2624 3.3626 -0.5744 0
4.2667 3.3599 -0.5771 0
4.2709 3.3571 -0.5798 0
4.2752 3.3543 -0.5825 0
4.2794 3.3515 -0.5852 0
4.2837 3.3487 -0.5879 0
4.2879 3.3459 -0.5905 0
4.2922 3.3431 -0.5932 0
4.2964 3.3402 -0.5958 0
4.3006 3.3373 -0.5985 0
4.3048 3.3345 -0.6011 0
4.3091 3.3316 -0.6037 0
4.3133 3.3287 -0.6063 0
4.3175 3.3257 -0.6089 0
4.3217 3.3228 -0.6115 0
4.3259 3.3199 -0.614 0
4.3301 3.3169 -0.6166 0
4.3343 3.3139 -0.6191 0
4.3385 3.3109 -0.6217 0
4.3427 3.3079 -0.6242 0
4.3469 3.3049 -0.6267 0
4.3510 3.3019 -0.6293 0
4.3552 3.2989 -0.6318 0
4.3594 3.2958 -0.6343 0
4.3635 3.2927 -0.6368 0
4.3677 3.2897 -0.6393 0
4.3719 3.2866 -0.6417 0
4.3760 3.2835 -0.6442 0
4.3802 3.2804 -0.6467 0
4.3843 3.2772 -0.6491 0
4.3884 3.2741 -0.6516 0
4.3926 3.2710 -0.654 0
4.3967 3.2678 -0.6564 0
4.4008 3.2646 -0.6588 0
4.4049 3.2614 -0.6613 0
4.4090 3.2582 -0.6637 0
4.4131 3.2550 -0.6661 0
4.4172 3.2518 -0.6685 0
4.4213 3.2486 -0.6709 0
4.4254 3.2453 -0.6733 0
4.4295 3.2421 -0.6756 0
4.4336 3.2388 -0.678 0
4.4376 3.2355 -0.6804 0
4.4417 3.2322 -0.6827 0
4.4458 3.2289 -0.6851 0
4.4498 3.2256 -0.6874 0
4.4539 3.2223 -0.6898 0
4.4579 3.2190 -0.6921 0
4.4619 3.2156 -0.6945 0
4.4660 3.2123 -0.6968 0
4.4700 3.2089 -0.6991 0
4.4740 3.2055 -0.7014 0
4.4780 3.2021 -0.7037 0
4.4820 3.1988 -0.7061 0
4.4860 3.1953 -0.7084 0
4.4900 3.1919 -0.7107 0
4.4940 3.1885 -0.713 0
4.4979 3.1851 -0.7153 0
4.5019 3.1816 -0.7176 0
4.5059 3.1782 -0.7198 0
4.5098 3.1747 -0.7221 0
4.5138 3.1712 -0.7244 0
4.5177 3.1677 -0.7267 0
4.5216 3.1643 -0.7289 0
4.5256 3.1607 -0.7312 0
4.5295 3.1572 -0.7335 0
4.5334 3.1537 -0.7357 0
4.5373 3.1502 -0.738 0
4.5412 3.1466 -0.7403 0
4.5451 3.1431 -0.7425 0
4.5489 3.1395 -0.7448 0
4.5528 3.1360 -0.747 0
4.5567 3.1324 -0.7493 0
4.5605 3.1288 -0.7515 0
4.5644 3.1252 -0.7538 0
4.5682 3.1216 -0.756 0
4.5720 3.1180 -0.7582 0
4.5758 3.1144 -0.7605 0
4.5796 3.1108 -0.7627 0
4.5834 3.1071 -0.765 0
4.5872 3.1035 -0.7672 0
4.5910 3.0998 -0.7694 0
4.5948 3.0962 -0.7717 0
4.5986 3.0925 -0.7739 0
4.6023 3.0888 -0.7761 0
4.6061 3.0852 -0.7783 0
4.6098 3.0815 -0.7806 0
4.6136 3.0778 -0.7828 0
4.6173 3.0741 -0.785 0
4.6210 3.0704 -0.7873 0
4.6247 3.0666 -0.7895 0
4.6284 3.0629 -0.7917 0
4.6321 3.0592 -0.7939 0
4.6358 3.0555 -0.7962 0
4.6394 3.0517 -0.7984 0
4.6431 3.0480 -0.8006 0
4.6467 3.0442 -0.8028 0
4.6504 3.0404 -0.8051 0
4.6540 3.0367 -0.8073 0
4.6576 3.0329 -0.8095 0
4.6612 3.0291 -0.8118 0
4.6648 3.0253 -0.814 0
4.6684 3.0215 -0.8162 0
4.6720 3.0177 -0.8185 0
4.6755 3.0139 -0.8207 0
4.6791 3.0101 -0.8229 0
4.6826 3.0062 -0.8252 0
4.6862 3.0024 -0.8274 0
4.6897 2.9986 -0.8297 0
4.6932 2.9947 -0.8319 0
4.6967 2.9909 -0.8342 0
4.7002 2.9870 -0.8364 0
4.7037 2.9832 -0.8387 0
4.7072 2.9793 -0.8409 0
4.7106 2.9755 -0.8432 0
4.7141 2.9716 -0.8454 0
4.7175 2.9677 -0.8477 0
4.7209 2.9638 -0.85 0
4.7244 2.9599 -0.8522 0
4.7278 2.9560 -0.8545 0
4.7312 2.9521 -0.8568 0
4.7345 2.9482 -0.8591 0
4.7379 2.9443 -0.8613 0
4.7413 2.9404 -0.8636 0
4.7446 2.9365 -0.8659 0
4.7479 2.9326 -0.8682 0
4.7513 2.9287 -0.8705 0
4.7546 2.9247 -0.8728 0
4.7579 2.9208 -0.8751 0
4.7612 2.9169 -0.8774 0
4.7644 2.9129 -0.8797 0
4.7677 2.9090 -0.8821 0
4.7710 2.9050 -0.8844 0
4.7742 2.9011 -0.8867 0
4.7774 2.8971 -0.8891 0
4.7806 2.8932 -0.8914 0
4.7838 2.8892 -0.8937 0
4.7870 2.8852 -0.8961 0
4.7902 2.8813 -0.8985 0
4.7934 2.8773 -0.9008 0
4.7965 2.8733 -0.9032 0
4.7996 2.8693 -0.9056 0
4.8028 2.8654 -0.908 0
4.8059 2.8614 -0.9103 0
4.8090 2.8574 -0.9127 0
4.8121 2.8534 -0.9151 0
4.8151 2.8494 -0.9176 0
4.8182 2.8454 -0.92 0
4.8212 2.8414 -0.9224 0
4.8243 2.8374 -0.9248 0
4.8273 2.8334 -0.9273 0
4.8303 2.8294 -0.9297 0
4.8333 2.8254 -0.9322 0
4.8363 2.8214 -0.9346 0
4.8392 2.8174 -0.9371 0
4.8422 2.8133 -0.9396 0
4.8451 2.8093 -0.9421 0
4.8480 2.8053 -0.9446 0
4.8509 2.8013 -0.9471 0
4.8538 2.7973 -0.9496 0
4.8567 2.7933 -0.9521 0
4.8596 2.7892 -0.9547 0
4.8624 2.7852 -0.9572 0
4.8653 2.7812 -0.9598 0
4.8681 2.7772 -0.9623 0
4.8709 2.7731 -0.9649 0
4.8737 2.7691 -0.9675 0
4.8765 2.7651 -0.9701 0
4.8792 2.7610 -0.9727 0
4.8820 2.7570 -0.9753 0
4.8847 2.7530 -0.9779 0
4.8874 2.7489 -0.9806 0
4.8901 2.7449 -0.9832 0
4.8928 2.7409 -0.9859 0
4.8955 2.7368 -0.9885 0
4.8981 2.7328 -0.9912 0
4.9008 2.7288 -0.9939 0
4.9034 2.7247 -0.9966 0
4.9060 2.7207 -0.9994 0
4.9086 2.7167 -1.0021 0
4.9112 2.7126 -1.0048 0
4.9137 2.7086 -1.0076 0
4.9163 2.7045 -1.0104 0
4.9188 2.7005 -1.0132 0
4.9213 2.6965 -1.016 0
4.9238 2.6924 -1.0188 0
4.9263 2.6884 -1.0216 0
4.9288 2.6844 -1.0245 0
4.9312 2.6803 -1.0273 0
4.9337 2.6763 -1.0302 0
4.9361 2.6723 -1.0331 0
4.9385 2.6683 -1.036 0
4.9409 2.6642 -1.0389 0
4.9433 2.6602 -1.0419 0
4.9456 2.6562 -1.0448 0
4.9479 2.6522 -1.0478 0
4.9503 2.6481 -1.0508 0
4.9526 2.6441 -1.0538 0
4.9549 2.6401 -1.0568 0
4.9571 2.6361 -1.0599 0
4.9594 2.6321 -1.0629 0
4.9616 2.6280 -1.066 0
4.9638 2.6240 -1.0691 0
4.9660 2.6200 -1.0722 0
4.9682 2.6160 -1.0753 0
4.9704 2.6120 -1.0785 0
4.9725 2.6080 -1.0816 0
4.9746 2.6040 -1.0848 0
4.9768 2.6000 -1.0881 0
4.9789 2.5960 -1.0913 0
4.9809 2.5920 -1.0945 0
4.9830 2.5880 -1.0978 0
4.9850 2.5840 -1.1011 0
4.9871 2.5800 -1.1044 0
4.9891 2.5761 -1.1078 0
4.9910 2.5721 -1.1111 0
4.9930 2.5681 -1.1145 0
4.9950 2.5641 -1.1179 0
4.9969 2.5602 -1.1213 0
4.9988 2.5562 -1.1248 0
5.0007 2.5522 -1.1283 0
5.0026 2.5483 -1.1318 0
5.0044 2.5443 -1.1353 0
5.0063 2.5404 -1.1388 0
5.0081 2.5364 -1.1424 0
5.0099 2.5325 -1.146 0
5.0117 2.5285 -1.1496 0
5.0135 2.5246 -1.1533 0
5.0152 2.5206 -1.157 0
5.0169 2.5167 -1.1607 0
5.0186 2.5128 -1.1644 0
5.0203 2.5089 -1.1682 0
5.0220 2.5049 -1.172 0
5.0236 2.5010 -1.1758 0
5.0253 2.4971 -1.1797 0
5.0269 2.4932 -1.1835 0
5.0285 2.4893 -1.1874 0
5.0300 2.4854 -1.1914 0
5.0316 2.4815 -1.1954 0
5.0331 2.4777 -1.1994 0
5.0346 2.4738 -1.2034 0
5.0361 2.4699 -1.2075 0
5.0376 2.4660 -1.2116 0
5.0390 2.4622 -1.2157 0
5.0405 2.4583 -1.2199 0
5.0419 2.4545 -1.2241 0
5.0433 2.4506 -1.2283 0
5.0446 2.4468 -1.2326 0
5.0460 2.4429 -1.2369 0
5.0473 2.4391 -1.2412 0
5.0486 2.4353 -1.2456 0
5.0499 2.4315 -1.25 0
5.0512 2.4276 -1.2544 0
5.0524 2.4238 -1.2589 0
5.0537 2.4200 -1.2635 0
5.0549 2.4162 -1.268 0
5.0560 2.4125 -1.2726 0
5.0572 2.4087 -1.2773 0
5.0583 2.4049 -1.282 0
5.0595 2.4011 -1.2867 0
5.0606 2.3974 -1.2915 0
5.0616 2.3936 -1.2963 0
5.0627 2.3899 -1.3011 0
5.0637 2.3861 -1.306 0
5.0647 2.3824 -1.311 0
5.0657 2.3787 -1.316 0
5.0667 2.3749 -1.321 0
5.0677 2.3712 -1.3261 0
5.0686 2.3675 -1.3312 0
5.0695 2.3638 -1.3363 0
5.0704 2.3601 -1.3416 0
5.0712 2.3565 -1.3468 0
5.0721 2.3528 -1.3521 0
5.0729 2.3491 -1.3575 0
5.0737 2.3454 -1.3629 0
5.0744 2.3418 -1.3684 0
5.0752 2.3382 -1.3739 0
5.0759 2.3345 -1.3794 0
5.0766 2.3309 -1.385 0
5.0773 2.3273 -1.3907 0
5.0780 2.3237 -1.3964 0
5.0786 2.3201 -1.4022 0
5.0792 2.3165 -1.408 0
5.0798 2.3129 -1.4139 0
5.0804 2.3093 -1.4198 0
5.0809 2.3057 -1.4258 0
5.0814 2.3022 -1.4319 0
5.0819 2.2986 -1.438 0
5.0824 2.2951 -1.4441 0
5.0828 2.2915 -1.4504 0
5.0833 2.2880 -1.4566 0
5.0837 2.2845 -1.463 0
5.0840 2.2810 -1.4694 0
5.0844 2.2775 -1.4758 0
5.0847 2.2740 -1.4824 0
5.0850 2.2705 -1.4889 0
5.0853 2.2671 -1.4956 0
5.0856 2.2636 -1.5023 0
5.0858 2.2602 -1.5091 0
5.0860 2.2567 -1.5159 0
5.0862 2.2533 -1.5228 0
5.0864 2.2499 -1.5298 0
5.0865 2.2465 -1.5368 0
5.0866 2.2431 -1.5439 0
5.0867 2.2397 -1.5511 0
5.0868 2.2363 -1.5583 0
5.0868 2.2329 -1.5656 0
5.0869 2.2296 -1.5729 0
5.0869 2.2262 -1.5804 0
5.0868 2.2229 -1.5879 0
5.0868 2.2196 -1.5954 0
5.0867 2.2162 -1.6031 0
5.0866 2.2129 -1.6108 0
5.0864 2.2097 -1.6186 0
5.0863 2.2064 -1.6264 0
5.0861 2.2031 -1.6343 0
5.0859 2.1998 -1.6423 0
5.0857 2.1966 -1.6504 0
5.0854 2.1934 -1.6585 0
5.0851 2.1901 -1.6667 0
5.0848 2.1869 -1.675 0
5.0845 2.1837 -1.6833 0
5.0841 2.1805 -1.6917 0
5.0837 2.1774 -1.7002 0
5.0833 2.1742 -1.7087 0
5.0829 2.1710 -1.7173 0
5.0824 2.1679 -1.726 0
5.0819 2.1648 -1.7348 0
5.0814 2.1616 -1.7436 0
5.0809 2.1585 -1.7525 0
5.0803 2.1554 -1.7615 0
5.0797 2.1524 -1.7705 0
5.0791 2.1493 -1.7796 0
5.0784 2.1462 -1.7888 0
5.0778 2.1432 -1.7981 0
5.0771 2.1402 -1.8074 0
5.0763 2.1371 -1.8167 0
5.0756 2.1341 -1.8262 0
5.0748 2.1312 -1.8357 0
5.0740 2.1282 -1.8452 0
5.0732 2.1252 -1.8549 0
5.0723 2.1223 -1.8646 0
5.0714 2.1193 -1.8743 0
5.0705 2.1164 -1.8841 0
5.0695 2.1135 -1.894 0
5.0686 2.1106 -1.9039 0
5.0676 2.1077 -1.9139 0
5.0666 2.1048 -1.924 0
5.0655 2.1020 -1.9341 0
5.0644 2.0991 -1.9442 0
5.0633 2.0963 -1.9544 0
5.0622 2.0935 -1.9647 0
5.0610 2.0907 -1.975 0
5.0598 2.0879 -1.9853 0
5.0586 2.0851 -1.9957 0
5.0574 2.0824 -2.0062 0
5.0561 2.0796 -2.0166 0
5.0548 2.0769 -2.0272 0
5.0534 2.0742 -2.0377 0
5.0521 2.0715 -2.0483 0
5.0507 2.0688 -2.0589 0
5.0493 2.0661 -2.0696 0
5.0478 2.0635 -2.0803 0
5.0464 2.0608 -2.091 0
5.0449 2.0582 -2.1017 0
5.0433 2.0556 -2.1125 0
5.0418 2.0530 -2.1233 0
5.0402 2.0504 -2.1341 0
5.0386 2.0479 -2.1449 0
5.0369 2.0453 -2.1558 0
5.0352 2.0428 -2.1666 0
5.0335 2.0403 -2.1775 0
5.0318 2.0378 -2.1884 0
5.0300 2.0353 -2.1992 0
5.0282 2.0328 -2.2101 0
5.0264 2.0304 -2.221 0
5.0246 2.0279 -2.2319 0
5.0227 2.0255 -2.2428 0
5.0208 2.0231 -2.2536 0
5.0188 2.0207 -2.2645 0
5.0168 2.0184 -2.2753 0
5.0148 2.0160 -2.2862 0
5.0128 2.0137 -2.297 0
5.0108 2.0113 -2.3078 0
5.0087 2.0090 -2.3186 0
5.0065 2.0068 -2.3294 0
5.0044 2.0045 -2.3401 0
5.0022 2.0022 -2.3508 0