1.5000 0.0000 0.79 0
1.5022 0.0022 0.7991 0
1.5044 0.0045 0.8084 0
1.5065 0.0067 0.8177 0
1.5087 0.0090 0.827 0
1.5108 0.0113 0.8364 0
1.5128 0.0135 0.8458 0
1.5148 0.0158 0.8553 0
1.5168 0.0181 0.8649 0
1.5188 0.0204 0.8744 0
1.5207 0.0228 0.884 0
1.5227 0.0251 0.8937 0
1.5245 0.0274 0.9034 0
1.5264 0.0298 0.9131 0
1.5282 0.0321 0.9229 0
1.5300 0.0345 0.9327 0
1.5318 0.0369 0.9425 0
1.5335 0.0392 0.9524 0
1.5352 0.0416 0.9622 0
1.5369 0.0440 0.9721 0
1.5385 0.0464 0.9821 0
1.5401 0.0489 0.992 0
1.5417 0.0513 1.002 0
1.5433 0.0537 1.012 0
1.5448 0.0562 1.022 0
1.5463 0.0586 1.032 0
1.5478 0.0611 1.042 0
1.5492 0.0636 1.052 0
1.5506 0.0661 1.0621 0
1.5520 0.0686 1.0721 0
1.5534 0.0711 1.0822 0
1.5547 0.0736 1.0922 0
1.5560 0.0761 1.1022 0
1.5573 0.0786 1.1123 0
1.5586 0.0811 1.1223 0
1.5598 0.0837 1.1323 0
1.5610 0.0862 1.1423 0
1.5621 0.0888 1.1522 0
1.5633 0.0914 1.1622 0
1.5644 0.0940 1.1722 0
1.5655 0.0965 1.1821 0
1.5666 0.0991 1.192 0
1.5676 0.1017 1.2018 0
1.5686 0.1044 1.2117 0
1.5696 0.1070 1.2215 0
1.5705 0.1096 1.2313 0
1.5715 0.1122 1.241 0
1.5724 0.1149 1.2507 0
1.5733 0.1175 1.2604 0
1.5741 0.1202 1.2701 0
1.5749 0.1229 1.2796 0
1.5758 0.1256 1.2892 0
1.5765 0.1282 1.2987 0
1.5773 0.1309 1.3082 0
1.5780 0.1336 1.3176 0
1.5787 0.1363 1.3269 0
1.5794 0.1391 1.3362 0
1.5800 0.1418 1.3455 0
1.5807 0.1445 1.3547 0
1.5813 0.1473 1.3638 0
1.5818 0.1500 1.3729 0
1.5824 0.1528 1.382 0
1.5829 0.1555 1.3909 0
1.5834 0.1583 1.3999 0
1.5839 0.1611 1.4087 0
1.5844 0.1639 1.4175 0
1.5848 0.1667 1.4262 0
1.5852 0.1695 1.4349 0
1.5856 0.1723 1.4435 0
1.5860 0.1751 1.452 0
1.5863 0.1779 1.4605 0
1.5866 0.1808 1.4689 0
1.5869 0.1836 1.4772 0
1.5872 0.1865 1.4855 0
1.5874 0.1893 1.4937 0
1.5876 0.1922 1.5018 0
1.5878 0.1951 1.5098 0
1.5880 0.1979 1.5178 0
1.5882 0.2008 1.5257 0
1.5883 0.2037 1.5336 0
1.5884 0.2066 1.5413 0
1.5885 0.2095 1.549 0
1.5885 0.2124 1.5566 0
1.5886 0.2154 1.5642 0
1.5886 0.2183 1.5717 0
1.5886 0.2212 1.5791 0
1.5886 0.2242 1.5864 0
1.5885 0.2271 1.5937 0
1.5885 0.2301 1.6009 0
1.5884 0.2331 1.608 0
1.5883 0.2360 1.615 0
1.5881 0.2390 1.622 0
1.5880 0.2420 1.6289 0
1.5878 0.2450 1.6357 0
1.5876 0.2480 1.6425 0
1.5874 0.2510 1.6492 0
1.5872 0.2540 1.6558 0
1.5869 0.2570 1.6623 0
1.5866 0.2600 1.6688 0
1.5863 0.2631 1.6752 0
1.5860 0.2661 1.6816 0
1.5857 0.2692 1.6878 0
1.5853 0.2722 1.694 0
1.5849 0.2753 1.7001 0
1.5845 0.2783 1.7062 0
1.5841 0.2814 1.7122 0
1.5837 0.2845 1.7181 0
1.5832 0.2876 1.724 0
1.5827 0.2906 1.7298 0
1.5822 0.2937 1.7355 0
1.5817 0.2968 1.7411 0
1.5812 0.3000 1.7467 0
1.5806 0.3031 1.7523 0
1.5801 0.3062 1.7577 0
1.5795 0.3093 1.7631 0
1.5789 0.3125 1.7685 0
1.5782 0.3156 1.7738 0
1.5776 0.3187 1.779 0
1.5769 0.3219 1.7841 0
1.5762 0.3250 1.7892 0
1.5755 0.3282 1.7942 0
1.5748 0.3314 1.7992 0
1.5741 0.3346 1.8041 0
1.5733 0.3377 1.809 0
1.5725 0.3409 1.8138 0
1.5718 0.3441 1.8185 0
1.5709 0.3473 1.8232 0
1.5701 0.3505 1.8278 0
1.5693 0.3537 1.8324 0
1.5684 0.3569 1.8369 0
1.5675 0.3602 1.8413 0
1.5666 0.3634 1.8457 0
1.5657 0.3666 1.8501 0
1.5648 0.3699 1.8544 0
1.5639 0.3731 1.8586 0
1.5629 0.3764 1.8628 0
1.5619 0.3796 1.8669 0
1.5609 0.3829 1.871 0
1.5599 0.3861 1.8751 0
1.5589 0.3894 1.8791 0
1.5578 0.3927 1.883 0
1.5568 0.3960 1.8869 0
1.5557 0.3992 1.8907 0
1.5546 0.4025 1.8945 0
1.5535 0.4058 1.8982 0
1.5524 0.4091 1.9019 0
1.5513 0.4124 1.9056 0
1.5501 0.4157 1.9092 0
1.5489 0.4191 1.9128 0
1.5478 0.4224 1.9163 0
1.5466 0.4257 1.9197 0
1.5453 0.4290 1.9232 0
1.5441 0.4324 1.9265 0
1.5429 0.4357 1.9299 0
1.5416 0.4391 1.9332 0
1.5404 0.4424 1.9364 0
1.5391 0.4458 1.9396 0
1.5378 0.4491 1.9428 0
1.5365 0.4525 1.9459 0
1.5351 0.4559 1.949 0
1.5338 0.4592 1.9521 0
1.5324 0.4626 1.9551 0
1.5311 0.4660 1.958 0
1.5297 0.4694 1.961 0
1.5283 0.4728 1.9638 0
1.5269 0.4762 1.9667 0
1.5255 0.4796 1.9695 0
1.5240 0.4830 1.9723 0
1.5226 0.4864 1.975 0
1.5211 0.4898 1.9777 0
1.5196 0.4932 1.9804 0
1.5181 0.4967 1.983 0
1.5167 0.5001 1.9856 0
1.5151 0.5035 1.9882 0
1.5136 0.5070 1.9907 0
1.5121 0.5104 1.9932 0
1.5105 0.5138 1.9957 0
1.5090 0.5173 1.9981 0
1.5074 0.5208 2.0005 0
1.5058 0.5242 2.0029 0
1.5042 0.5277 2.0052 0
1.5026 0.5311 2.0075 0
1.5010 0.5346 2.0097 0
1.4994 0.5381 2.012 0
1.4977 0.5416 2.0142 0
1.4961 0.5450 2.0163 0
1.4944 0.5485 2.0185 0
1.4927 0.5520 2.0206 0
1.4910 0.5555 2.0227 0
1.4893 0.5590 2.0247 0
1.4876 0.5625 2.0267 0
1.4859 0.5660 2.0287 0
1.4842 0.5695 2.0307 0
1.4824 0.5730 2.0326 0
1.4807 0.5765 2.0345 0
1.4789 0.5801 2.0364 0
1.4772 0.5836 2.0383 0
1.4754 0.5871 2.0401 0
1.4736 0.5906 2.0419 0
1.4718 0.5942 2.0436 0
1.4700 0.5977 2.0454 0
1.4682 0.6012 2.0471 0
1.4664 0.6048 2.0488 0
1.4645 0.6083 2.0504 0
1.4627 0.6119 2.0521 0
1.4608 0.6154 2.0537 0
1.4590 0.6190 2.0553 0
1.4571 0.6225 2.0568 0
1.4552 0.6261 2.0584 0
1.4533 0.6297 2.0599 0
1.4514 0.6332 2.0613 0
1.4495 0.6368 2.0628 0
1.4476 0.6404 2.0642 0
1.4457 0.6439 2.0657 0
1.4437 0.6475 2.067 0
1.4418 0.6511 2.0684 0
1.4398 0.6547 2.0697 0
1.4379 0.6583 2.0711 0
1.4359 0.6619 2.0724 0
1.4340 0.6655 2.0736 0
1.4320 0.6691 2.0749 0
1.4300 0.6727 2.0761 0
1.4280 0.6763 2.0773 0
1.4260 0.6799 2.0785 0
1.4240 0.6835 2.0796 0
1.4220 0.6871 2.0808 0
1.4200 0.6907 2.0819 0
1.4179 0.6943 2.083 0
1.4159 0.6979 2.0841 0
1.4139 0.7015 2.0851 0
1.4118 0.7052 2.0861 0
1.4098 0.7088 2.0872 0
1.4077 0.7124 2.0881 0
1.4056 0.7160 2.0891 0
1.4036 0.7197 2.09 0
1.4015 0.7233 2.091 0
1.3994 0.7269 2.0919 0
1.3973 0.7306 2.0928 0
1.3952 0.7342 2.0936 0
1.3931 0.7379 2.0945 0
1.3910 0.7415 2.0953 0
1.3889 0.7451 2.0961 0
1.3868 0.7488 2.0969 0
1.3847 0.7524 2.0976 0
1.3826 0.7561 2.0984 0
1.3804 0.7598 2.0991 0
1.3783 0.7634 2.0998 0
1.3762 0.7671 2.1005 0
1.3740 0.7707 2.1012 0
1.3719 0.7744 2.1018 0
1.3697 0.7780 2.1025 0
1.3676 0.7817 2.1031 0
1.3654 0.7854 2.1037 0
1.3632 0.7891 2.1042 0
1.3611 0.7927 2.1048 0
1.3589 0.7964 2.1053 0
1.3567 0.8001 2.1058 0
1.3545 0.8037 2.1063 0
1.3524 0.8074 2.1068 0
1.3502 0.8111 2.1073 0
1.3480 0.8148 2.1077 0
1.3458 0.8185 2.1081 0
1.3436 0.8221 2.1086 0
1.3414 0.8258 2.1089 0
1.3392 0.8295 2.1093 0
1.3370 0.8332 2.1097 0
1.3348 0.8369 2.11 0
1.3326 0.8406 2.1103 0
1.3304 0.8443 2.1106 0
1.3282 0.8480 2.1109 0
1.3260 0.8516 2.1112 0
1.3237 0.8553 2.1114 0
1.3215 0.8590 2.1116 0
1.3193 0.8627 2.1118 0
1.3171 0.8664 2.112 0
1.3149 0.8701 2.1122 0
1.3126 0.8738 2.1124 0
1.3104 0.8775 2.1125 0
1.3082 0.8812 2.1126 0
1.3060 0.8849 2.1127 0
1.3037 0.8886 2.1128 0
1.3015 0.8923 2.1129 0
1.2993 0.8960 2.1129 0
1.2970 0.8997 2.113 0
1.2948 0.9034 2.113 0
1.2926 0.9071 2.113 0
1.2903 0.9109 2.113 0
1.2881 0.9146 2.1129 0
1.2859 0.9183 2.1129 0
1.2836 0.9220 2.1128 0
1.2814 0.9257 2.1127 0
1.2792 0.9294 2.1126 0
1.2769 0.9331 2.1125 0
1.2747 0.9368 2.1124 0
1.2725 0.9405 2.1122 0
1.2702 0.9442 2.112 0
1.2680 0.9479 2.1119 0
1.2658 0.9517 2.1116 0
1.2636 0.9554 2.1114 0
1.2613 0.9591 2.1112 0
1.2591 0.9628 2.1109 0
1.2569 0.9665 2.1106 0
1.2546 0.9702 2.1103 0
1.2524 0.9739 2.11 0
1.2502 0.9776 2.1097 0
1.2480 0.9814 2.1093 0
1.2458 0.9851 2.109 0
1.2435 0.9888 2.1086 0
1.2413 0.9925 2.1082 0
1.2391 0.9962 2.1078 0
1.2369 0.9999 2.1073 0
1.2347 1.0036 2.1069 0
1.2325 1.0073 2.1064 0
1.2303 1.0111 2.1059 0
1.2281 1.0148 2.1054 0
1.2259 1.0185 2.1049 0
1.2237 1.0222 2.1043 0
1.2215 1.0259 2.1038 0
1.2193 1.0296 2.1032 0
1.2171 1.0333 2.1026 0
1.2150 1.0370 2.102 0
1.2128 1.0407 2.1013 0
1.2106 1.0444 2.1007 0
1.2084 1.0481 2.1 0
1.2063 1.0519 2.0993 0
1.2041 1.0556 2.0986 0
1.2019 1.0593 2.0979 0
1.1998 1.0630 2.0971 0
1.1976 1.0667 2.0964 0
1.1955 1.0704 2.0956 0
1.1933 1.0741 2.0948 0
1.1912 1.0778 2.094 0
1.1891 1.0815 2.0931 0
1.1869 1.0852 2.0923 0
1.1848 1.0889 2.0914 0
1.1827 1.0926 2.0905 0
1.1806 1.0963 2.0896 0
1.1785 1.1000 2.0886 0
1.1764 1.1037 2.0877 0
1.1743 1.1074 2.0867 0
1.1722 1.1111 2.0857 0
1.1701 1.1148 2.0847 0
1.1680 1.1184 2.0836 0
1.1659 1.1221 2.0826 0
1.1638 1.1258 2.0815 0
1.1618 1.1295 2.0804 0
1.1597 1.1332 2.0793 0
1.1577 1.1369 2.0781 0
1.1556 1.1406 2.077 0
1.1536 1.1442 2.0758 0
1.1515 1.1479 2.0746 0
1.1495 1.1516 2.0733 0
1.1475 1.1553 2.0721 0
1.1455 1.1590 2.0708 0
1.1435 1.1626 2.0695 0
1.1415 1.1663 2.0682 0
1.1395 1.1700 2.0669 0
1.1375 1.1736 2.0655 0
1.1355 1.1773 2.0642 0
1.1335 1.1810 2.0628 0
1.1316 1.1846 2.0613 0
1.1296 1.1883 2.0599 0
1.1277 1.1920 2.0584 0
1.1257 1.1956 2.0569 0
1.1238 1.1993 2.0554 0
1.1219 1.2029 2.0539 0
1.1200 1.2066 2.0523 0
1.1180 1.2102 2.0507 0
1.1161 1.2139 2.0491 0
1.1143 1.2175 2.0475 0
1.1124 1.2212 2.0458 0
1.1105 1.2248 2.0441 0
1.1086 1.2285 2.0424 0
1.1068 1.2321 2.0407 0
1.1049 1.2358 2.0389 0
1.1031 1.2394 2.0372 0
1.1013 1.2430 2.0354 0
1.0994 1.2467 2.0335 0
1.0976 1.2503 2.0317 0
1.0958 1.2539 2.0298 0
1.0940 1.2575 2.0279 0
1.0923 1.2611 2.0259 0
1.0905 1.2648 2.024 0
1.0887 1.2684 2.022 0
1.0870 1.2720 2.0199 0
1.0852 1.2756 2.0179 0
1.0835 1.2792 2.0158 0
1.0818 1.2828 2.0137 0
1.0801 1.2864 2.0116 0
1.0784 1.2900 2.0094 0
1.0767 1.2936 2.0072 0
1.0750 1.2972 2.005 0
1.0733 1.3008 2.0028 0
1.0717 1.3044 2.0005 0
1.0700 1.3080 1.9982 0
1.0684 1.3116 1.9959 0
1.0668 1.3152 1.9935 0
1.0652 1.3187 1.9911 0
1.0636 1.3223 1.9887 0
1.0620 1.3259 1.9862 0
1.0604 1.3295 1.9837 0
1.0589 1.3330 1.9812 0
1.0573 1.3366 1.9787 0
1.0558 1.3401 1.9761 0
1.0543 1.3437 1.9735 0
1.0527 1.3473 1.9708 0
1.0512 1.3508 1.9681 0
1.0497 1.3543 1.9654 0
1.0483 1.3579 1.9626 0
1.0468 1.3614 1.9599 0
1.0454 1.3650 1.957 0
1.0439 1.3685 1.9542 0
1.0425 1.3720 1.9513 0
1.0411 1.3756 1.9484 0
1.0397 1.3791 1.9454 0
1.0383 1.3826 1.9424 0
1.0369 1.3861 1.9394 0
1.0356 1.3896 1.9363 0
1.0342 1.3931 1.9332 0
1.0329 1.3967 1.9301 0
1.0316 1.4002 1.9269 0
1.0303 1.4037 1.9236 0
1.0290 1.4072 1.9204 0
1.0277 1.4106 1.9171 0
1.0265 1.4141 1.9137 0
1.0252 1.4176 1.9104 0
1.0240 1.4211 1.907 0
1.0228 1.4246 1.9035 0
1.0216 1.4280 1.9 0
1.0204 1.4315 1.8964 0
1.0192 1.4350 1.8929 0
1.0181 1.4384 1.8892 0
1.0169 1.4419 1.8856 0
1.0158 1.4453 1.8819 0
1.0147 1.4488 1.8781 0
1.0136 1.4522 1.8743 0
1.0125 1.4557 1.8705 0
1.0115 1.4591 1.8666 0
1.0104 1.4625 1.8626 0
1.0094 1.4660 1.8587 0
1.0084 1.4694 1.8546 0
1.0074 1.4728 1.8506 0
1.0064 1.4762 1.8465 0
1.0054 1.4796 1.8423 0
1.0045 1.4830 1.8381 0
1.0036 1.4864 1.8338 0
1.0026 1.4898 1.8295 0
1.0017 1.4932 1.8252 0
1.0009 1.4966 1.8208 0
1.0000 1.5000 0.0 0
1.0000 1.5000 1.8163 0
0.9992 1.5034 1.8119 0
0.9983 1.5068 1.8074 0
0.9975 1.5101 1.8029 0
0.9967 1.5135 1.7984 0
0.9959 1.5168 1.794 0
0.9952 1.5202 1.7895 0
0.9944 1.5236 1.785 0
0.9937 1.5269 1.7805 0
0.9930 1.5302 1.776 0
0.9923 1.5336 1.7715 0
0.9916 1.5369 1.767 0
0.9910 1.5402 1.7624 0
0.9903 1.5436 1.7579 0
0.9897 1.5469 1.7534 0
0.9891 1.5502 1.7489 0
0.9885 1.5535 1.7443 0
0.9879 1.5568 1.7398 0
0.9873 1.5601 1.7353 0
0.9868 1.5634 1.7307 0
0.9863 1.5667 1.7262 0
0.9857 1.5700 1.7216 0
0.9852 1.5733 1.7171 0
0.9848 1.5765 1.7125 0
0.9843 1.5798 1.708 0
0.9838 1.5831 1.7034 0
0.9834 1.5863 1.6989 0
0.9830 1.5896 1.6943 0
0.9826 1.5928 1.6897 0
0.9822 1.5961 1.6852 0
0.9818 1.5993 1.6806 0
0.9815 1.6026 1.6761 0
0.9811 1.6058 1.6715 0
0.9808 1.6090 1.6669 0
0.9805 1.6123 1.6624 0
0.9802 1.6155 1.6578 0
0.9799 1.6187 1.6533 0
0.9796 1.6219 1.6487 0
0.9794 1.6251 1.6441 0
0.9792 1.6283 1.6396 0
0.9789 1.6315 1.635 0
0.9787 1.6347 1.6305 0
0.9785 1.6379 1.6259 0
0.9784 1.6411 1.6214 0
0.9782 1.6442 1.6168 0
0.9781 1.6474 1.6123 0
0.9779 1.6506 1.6077 0
0.9778 1.6537 1.6032 0
0.9777 1.6569 1.5986 0
0.9776 1.6600 1.5941 0
0.9776 1.6632 1.5896 0
0.9775 1.6663 1.585 0
0.9775 1.6695 1.5805 0
0.9774 1.6726 1.576 0
0.9774 1.6757 1.5715 0
0.9774 1.6789 1.5669 0
0.9774 1.6820 1.5624 0
0.9774 1.6851 1.5579 0
0.9775 1.6882 1.5534 0
0.9775 1.6913 1.5489 0
0.9776 1.6944 1.5444 0
0.9777 1.6975 1.5399 0
0.9778 1.7006 1.5355 0
0.9779 1.7037 1.531 0
0.9780 1.7068 1.5265 0
0.9781 1.7098 1.522 0
0.9783 1.7129 1.5176 0
0.9785 1.7160 1.5131 0
0.9786 1.7190 1.5087 0
0.9788 1.7221 1.5042 0
0.9790 1.7251 1.4998 0
0.9792 1.7282 1.4954 0
0.9795 1.7312 1.491 0
0.9797 1.7343 1.4866 0
0.9800 1.7373 1.4821 0
0.9802 1.7403 1.4778 0
0.9805 1.7434 1.4734 0
0.9808 1.7464 1.469 0
0.9811 1.7494 1.4646 0
0.9815 1.7524 1.4602 0
0.9818 1.7554 1.4559 0
0.9821 1.7584 1.4515 0
0.9825 1.7614 1.4472 0
0.9829 1.7644 1.4429 0
0.9832 1.7674 1.4385 0
0.9836 1.7703 1.4342 0
0.9840 1.7733 1.4299 0
0.9845 1.7763 1.4256 0
0.9849 1.7792 1.4214 0
0.9853 1.7822 1.4171 0
0.9858 1.7852 1.4128 0
0.9863 1.7881 1.4086 0
0.9868 1.7911 1.4043 0
0.9873 1.7940 1.4001 0
0.9878 1.7969 1.3959 0
0.9883 1.7999 1.3916 0
0.9888 1.8028 1.3874 0
0.9893 1.8057 1.3833 0
0.9899 1.8086 1.3791 0
0.9905 1.8115 1.3749 0
0.9910 1.8144 1.3707 0
0.9916 1.8173 1.3666 0
0.9922 1.8202 1.3625 0
0.9928 1.8231 1.3583 0
0.9935 1.8260 1.3542 0
0.9941 1.8289 1.3501 0
0.9947 1.8318 1.346 0
0.9954 1.8346 1.3419 0
0.9961 1.8375 1.3379 0
0.9967 1.8403 1.3338 0
0.9974 1.8432 1.3298 0
0.9981 1.8461 1.3257 0
0.9988 1.8489 1.3217 0
0.9996 1.8517 1.3177 0
1.0003 1.8546 1.3137 0
1.0010 1.8574 1.3097 0
1.0018 1.8602 1.3058 0
1.0026 1.8630 1.3018 0
1.0033 1.8659 1.2979 0
1.0041 1.8687 1.2939 0
1.0049 1.8715 1.29 0
1.0057 1.8743 1.2861 0
1.0065 1.8771 1.2822 0
1.0074 1.8799 1.2784 0
1.0082 1.8826 1.2745 0
1.0091 1.8854 1.2706 0
1.0099 1.8882 1.2668 0
1.0108 1.8910 1.263 0
1.0117 1.8937 1.2592 0
1.0126 1.8965 1.2554 0
1.0135 1.8992 1.2516 0
1.0144 1.9020 1.2478 0
1.0153 1.9047 1.2441 0
1.0162 1.9075 1.2403 0
1.0172 1.9102 1.2366 0
1.0181 1.9129 1.2329 0
1.0191 1.9157 1.2292 0
1.0200 1.9184 1.2255 0
1.0210 1.9211 1.2218 0
1.0220 1.9238 1.2181 0
1.0230 1.9265 1.2145 0
1.0240 1.9292 1.2108 0
1.0250 1.9319 1.2072 0
1.0260 1.9346 1.2036 0
1.0271 1.9373 1.2 0
1.0281 1.9400 1.1965 0
1.0291 1.9426 1.1929 0
1.0302 1.9453 1.1893 0
1.0313 1.9480 1.1858 0
1.0323 1.9506 1.1823 0
1.0334 1.9533 1.1788 0
1.0345 1.9559 1.1753 0
1.0356 1.9586 1.1718 0
1.0367 1.9612 1.1683 0
1.0379 1.9638 1.1649 0
1.0390 1.9664 1.1615 0
1.0401 1.9691 1.158 0
1.0413 1.9717 1.1546 0
1.0424 1.9743 1.1512 0
1.0436 1.9769 1.1479 0
1.0448 1.9795 1.1445 0
1.0459 1.9821 1.1411 0
1.0471 1.9847 1.1378 0
1.0483 1.9873 1.1345 0
1.0495 1.9899 1.1312 0
1.0507 1.9924 1.1279 0
1.0520 1.9950 1.1246 0
1.0532 1.9976 1.1213 0
1.0544 2.0001 1.1181 0
1.0557 2.0027 1.1149 0
1.0569 2.0052 1.1116 0
1.0582 2.0078 1.1084 0
1.0594 2.0103 1.1052 0
1.0607 2.0128 1.1021 0
1.0620 2.0154 1.0989 0
1.0633 2.0179 1.0957 0
1.0646 2.0204 1.0926 0
1.0659 2.0229 1.0895 0
1.0672 2.0254 1.0864 0
1.0685 2.0279 1.0833 0
1.0698 2.0304 1.0802 0
1.0711 2.0329 1.0771 0
1.0725 2.0354 1.0741 0
1.0738 2.0379 1.0711 0
1.0752 2.0404 1.068 0
1.0765 2.0428 1.065 0
1.0779 2.0453 1.062 0
1.0793 2.0478 1.059 0
1.0807 2.0502 1.0561 0
1.0820 2.0527 1.0531 0
1.0834 2.0551 1.0502 0
1.0848 2.0575 1.0473 0
1.0862 2.0600 1.0443 0
1.0876 2.0624 1.0414 0
1.0891 2.0648 1.0386 0
1.0905 2.0672 1.0357 0
1.0919 2.0697 1.0328 0
1.0934 2.0721 1.03 0
1.0948 2.0745 1.0272 0
1.0962 2.0769 1.0243 0
1.0977 2.0793 1.0215 0
1.0992 2.0816 1.0188 0
1.1006 2.0840 1.016 0
1.1021 2.0864 1.0132 0
1.1036 2.0888 1.0105 0
1.1051 2.0911 1.0077 0
1.1065 2.0935 1.005 0
1.1080 2.0958 1.0023 0
1.1095 2.0982 0.9996 0
1.1110 2.1005 0.9969 0
1.1126 2.1029 0.9943 0
1.1141 2.1052 0.9916 0
1.1156 2.1075 0.989 0
1.1171 2.1098 0.9863 0
1.1187 2.1122 0.9837 0
1.1202 2.1145 0.9811 0
1.1217 2.1168 0.9785 0
1.1233 2.1191 0.976 0
1.1248 2.1214 0.9734 0
1.1264 2.1237 0.9709 0
1.1280 2.1259 0.9683 0
1.1295 2.1282 0.9658 0
1.1311 2.1305 0.9633 0
1.1327 2.1328 0.9608 0
1.1343 2.1350 0.9583 0
1.1358 2.1373 0.9558 0
1.1374 2.1395 0.9534 0
1.1390 2.1418 0.9509 0
1.1406 2.1440 0.9485 0
1.1422 2.1463 0.9461 0
1.1438 2.1485 0.9437 0
1.1454 2.1507 0.9413 0
1.1471 2.1529 0.9389 0
1.1487 2.1551 0.9365 0
1.1503 2.1574 0.9341 0
1.1519 2.1596 0.9318 0
1.1536 2.1618 0.9295 0
1.1552 2.1639 0.9271 0
1.1568 2.1661 0.9248 0
1.1585 2.1683 0.9225 0
1.1601 2.1705 0.9202 0
1.1618 2.1727 0.918 0
1.1634 2.1748 0.9157 0
1.1651 2.1770 0.9134 0
1.1668 2.1791 0.9112 0
1.1684 2.1813 0.909 0
1.1701 2.1834 0.9068 0
1.1718 2.1856 0.9046 0
1.1735 2.1877 0.9024 0
1.1751 2.1898 0.9002 0
1.1768 2.1919 0.898 0
1.1785 2.1941 0.8959 0
1.1802 2.1962 0.8937 0
1.1819 2.1983 0.8916 0
1.1836 2.2004 0.8895 0
1.1853 2.2025 0.8873 0
1.1870 2.2046 0.8852 0
1.1887 2.2066 0.8832 0
1.1904 2.2087 0.8811 0
1.1921 2.2108 0.879 0
1.1938 2.2129 0.877 0
1.1955 2.2149 0.8749 0
1.1972 2.2170 0.8729 0
1.1989 2.2190 0.8709 0
1.2007 2.2211 0.8689 0
1.2024 2.2231 0.8669 0
1.2041 2.2251 0.8649 0
1.2058 2.2272 0.8629 0
1.2076 2.2292 0.8609 0
1.2093 2.2312 0.859 0
1.2110 2.2332 0.857 0
1.2128 2.2352 0.8551 0
1.2145 2.2372 0.8532 0
1.2163 2.2392 0.8513 0
1.2180 2.2412 0.8494 0
1.2197 2.2432 0.8475 0
1.2215 2.2452 0.8456 0
1.2232 2.2471 0.8437 0
1.2250 2.2491 0.8419 0
1.2267 2.2510 0.84 0
1.2285 2.2530 0.8382 0
1.2302 2.2550 0.8364 0
1.2320 2.2569 0.8346 0
1.2337 2.2588 0.8328 0
1.2355 2.2608 0.831 0
1.2373 2.2627 0.8292 0
1.2390 2.2646 0.8274 0
1.2408 2.2665 0.8257 0
1.2425 2.2684 0.8239 0
1.2443 2.2703 0.8222 0
1.2461 2.2722 0.8204 0
1.2478 2.2741 0.8187 0
1.2496 2.2760 0.817 0
1.2514 2.2779 0.8153 0
1.2531 2.2798 0.8136 0
1.2549 2.2816 0.8119 0
1.2567 2.2835 0.8103 0
1.2584 2.2854 0.8086 0
1.2602 2.2872 0.8069 0
1.2620 2.2891 0.8053 0
1.2637 2.2909 0.8037 0
1.2655 2.2927 0.8021 0
1.2673 2.2946 0.8004 0
1.2691 2.2964 0.7988 0
1.2708 2.2982 0.7973 0
1.2726 2.3000 0.7957 0
1.2744 2.3018 0.7941 0
1.2761 2.3036 0.7925 0
1.2779 2.3054 0.791 0
1.2797 2.3072 0.7894 0
1.2815 2.3090 0.7879 0
1.2832 2.3108 0.7864 0
1.2850 2.3126 0.7849 0
1.2868 2.3143 0.7834 0
1.2885 2.3161 0.7819 0
1.2903 2.3179 0.7804 0
1.2921 2.3196 0.7789 0
1.2938 2.3213 0.7775 0
1.2956 2.3231 0.776 0
1.2974 2.3248 0.7746 0
1.2991 2.3265 0.7731 0
1.3009 2.3283 0.7717 0
1.3027 2.3300 0.7703 0
1.3044 2.3317 0.7689 0
1.3062 2.3334 0.7675 0
1.3079 2.3351 0.7661 0
1.3097 2.3368 0.7647 0
1.3115 2.3385 0.7633 0
1.3132 2.3402 0.762 0
1.3150 2.3418 0.7606 0
1.3167 2.3435 0.7593 0
1.3185 2.3452 0.758 0
1.3202 2.3468 0.7566 0
1.3220 2.3485 0.7553 0
1.3237 2.3501 0.754 0
1.3255 2.3518 0.7527 0
1.3272 2.3534 0.7515 0
1.3290 2.3550 0.7502 0
1.3307 2.3567 0.7489 0
1.3325 2.3583 0.7477 0
1.3342 2.3599 0.7464 0
1.3359 2.3615 0.7452 0
1.3377 2.3631 0.7439 0
1.3394 2.3647 0.7427 0
1.3411 2.3663 0.7415 0
1.3429 2.3679 0.7403 0
1.3446 2.3694 0.7391 0
1.3463 2.3710 0.7379 0
1.3480 2.3726 0.7368 0
1.3498 2.3741 0.7356 0
1.3515 2.3757 0.7345 0
1.3532 2.3772 0.7333 0
1.3549 2.3788 0.7322 0
1.3566 2.3803 0.7311 0
1.3583 2.3819 0.7299 0
1.3600 2.3834 0.7288 0
1.3617 2.3849 0.7277 0
1.3634 2.3864 0.7267 0
1.3651 2.3879 0.7256 0
1.3668 2.3894 0.7245 0
1.3685 2.3909 0.7235 0
1.3702 2.3924 0.7224 0
1.3719 2.3939 0.7214 0
1.3735 2.3954 0.7203 0
1.3752 2.3968 0.7193 0
1.3769 2.3983 0.7183 0
1.3786 2.3998 0.7173 0
1.3802 2.4012 0.7163 0
1.3819 2.4027 0.7153 0
1.3836 2.4041 0.7144 0
1.3852 2.4055 0.7134 0
1.3869 2.4070 0.7124 0
1.3885 2.4084 0.7115 0
1.3902 2.4098 0.7106 0
1.3918 2.4112 0.7097 0
1.3934 2.4126 0.7087 0
1.3951 2.4140 0.7078 0
1.3967 2.4154 0.7069 0
1.3983 2.4168 0.7061 0
1.3999 2.4182 0.7052 0
1.4016 2.4196 0.7043 0
1.4032 2.4209 0.7035 0
1.4048 2.4223 0.7026 0
1.4064 2.4237 0.7018 0
1.4080 2.4250 0.701 0
1.4096 2.4264 0.7002 0
1.4112 2.4277 0.6994 0
1.4128 2.4290 0.6986 0
1.4143 2.4304 0.6978 0
1.4159 2.4317 0.697 0
1.4175 2.4330 0.6963 0
1.4191 2.4343 0.6955 0
1.4206 2.4356 0.6948 0
1.4222 2.4369 0.6941 0
1.4237 2.4382 0.6934 0
1.4253 2.4395 0.6927 0
1.4268 2.4408 0.692 0
1.4284 2.4421 0.6913 0
1.4299 2.4433 0.6906 0
1.4314 2.4446 0.69 0
1.4330 2.4459 0.6893 0
1.4345 2.4471 0.6887 0
1.4360 2.4484 0.6881 0
1.4375 2.4496 0.6874 0
1.4390 2.4508 0.6868 0
1.4405 2.4521 0.6863 0
1.4420 2.4533 0.6857 0
1.4435 2.4545 0.6851 0
1.4450 2.4557 0.6846 0
1.4464 2.4569 0.684 0
1.4479 2.4581 0.6835 0
1.4494 2.4593 0.683 0
1.4508 2.4605 0.6825 0
1.4523 2.4616 0.682 0
1.4537 2.4628 0.6815 0
1.4551 2.4640 0.6811 0
1.4566 2.4651 0.6806 0
1.4580 2.4663 0.6802 0
1.4594 2.4674 0.6798 0
1.4608 2.4686 0.6794 0
1.4622 2.4697 0.679 0
1.4636 2.4709 0.6786 0
1.4650 2.4720 0.6782 0
1.4664 2.4731 0.6779 0
1.4678 2.4742 0.6776 0
1.4692 2.4753 0.6772 0
1.4705 2.4764 0.6769 0
1.4719 2.4775 0.6767 0
1.4733 2.4786 0.6764 0
1.4746 2.4797 0.6761 0
1.4759 2.4807 0.6759 0
1.4773 2.4818 0.6757 0
1.4786 2.4829 0.6755 0
1.4799 2.4839 0.6753 0
1.4812 2.4850 0.6751 0
1.4825 2.4860 0.6749 0
1.4838 2.4871 0.6748 0
1.4851 2.4881 0.6747 0
1.4864 2.4891 0.6746 0
1.4877 2.4901 0.6745 0
1.4889 2.4912 0.6744 0
1.4902 2.4922 0.6744 0
1.4915 2.4932 0.6744 0
1.4927 2.4942 0.6744 0
1.4939 2.4952 0.6744 0
1.4952 2.4961 0.6744 0
1.4964 2.4971 0.6745 0
1.4976 2.4981 0.6746 0
1.4988 2.4990 0.6747 0
1.5000 2.5000 0.0 0
1.5000 2.5000 0.6748 0
1.5012 2.5010 0.6749 0
1.5024 2.5019 0.6751 0
1.5035 2.5028 0.6752 0
1.5047 2.5038 0.6754 0
1.5059 2.5047 0.6755 0
1.5070 2.5056 0.6757 0
1.5082 2.5065 0.6758 0
1.5093 2.5074 0.676 0
1.5104 2.5083 0.6761 0
1.5115 2.5092 0.6763 0
1.5126 2.5101 0.6765 0
1.5138 2.5110 0.6767 0
1.5148 2.5119 0.6769 0
1.5159 2.5128 0.6771 0
1.5170 2.5136 0.6773 0
1.5181 2.5145 0.6775 0
1.5192 2.5154 0.6777 0
1.5202 2.5162 0.6779 0
1.5213 2.5171 0.6781 0
1.5223 2.5179 0.6783 0
1.5234 2.5187 0.6786 0
1.5244 2.5196 0.6788 0
1.5254 2.5204 0.679 0
1.5264 2.5212 0.6793 0
1.5274 2.5220 0.6795 0
1.5284 2.5229 0.6798 0
1.5294 2.5237 0.6801 0
1.5304 2.5245 0.6803 0
1.5314 2.5253 0.6806 0
1.5324 2.5261 0.6809 0
1.5334 2.5268 0.6812 0
1.5343 2.5276 0.6815 0
1.5353 2.5284 0.6818 0
1.5362 2.5292 0.6821 0
1.5372 2.5299 0.6824 0
1.5381 2.5307 0.6828 0
1.5391 2.5315 0.6831 0
1.5400 2.5322 0.6834 0
1.5409 2.5330 0.6838 0
1.5418 2.5337 0.6841 0
1.5427 2.5345 0.6845 0
1.5436 2.5352 0.6849 0
1.5445 2.5359 0.6853 0
1.5454 2.5367 0.6856 0
1.5463 2.5374 0.686 0
1.5472 2.5381 0.6864 0
1.5481 2.5388 0.6868 0
1.5489 2.5395 0.6872 0
1.5498 2.5402 0.6877 0
1.5507 2.5409 0.6881 0
1.5515 2.5416 0.6885 0
1.5524 2.5423 0.689 0
1.5532 2.5430 0.6894 0
1.5540 2.5437 0.6899 0
1.5549 2.5444 0.6904 0
1.5557 2.5451 0.6909 0
1.5565 2.5458 0.6913 0
1.5573 2.5464 0.6918 0
1.5581 2.5471 0.6923 0
1.5589 2.5478 0.6929 0
1.5597 2.5484 0.6934 0
1.5605 2.5491 0.6939 0
1.5613 2.5498 0.6944 0
1.5621 2.5504 0.695 0
1.5629 2.5511 0.6955 0
1.5637 2.5517 0.6961 0
1.5644 2.5523 0.6967 0
1.5652 2.5530 0.6973 0
1.5660 2.5536 0.6978 0
1.5667 2.5543 0.6984 0
1.5675 2.5549 0.6991 0
1.5682 2.5555 0.6997 0
1.5690 2.5562 0.7003 0
1.5697 2.5568 0.7009 0
1.5704 2.5574 0.7016 0
1.5712 2.5580 0.7022 0
1.5719 2.5586 0.7029 0
1.5726 2.5592 0.7036 0
1.5733 2.5599 0.7042 0
1.5741 2.5605 0.7049 0
1.5748 2.5611 0.7056 0
1.5755 2.5617 0.7063 0
1.5762 2.5623 0.707 0
1.5769 2.5629 0.7078 0
1.5776 2.5635 0.7085 0
1.5783 2.5641 0.7092 0
1.5789 2.5646 0.71 0
1.5796 2.5652 0.7107 0
1.5803 2.5658 0.7115 0
1.5810 2.5664 0.7123 0
1.5817 2.5670 0.713 0
1.5823 2.5676 0.7138 0
1.5830 2.5681 0.7146 0
1.5837 2.5687 0.7154 0
1.5843 2.5693 0.7162 0
1.5850 2.5699 0.7171 0
1.5856 2.5704 0.7179 0
1.5863 2.5710 0.7187 0
1.5869 2.5716 0.7196 0
1.5876 2.5721 0.7204 0
1.5882 2.5727 0.7213 0
1.5889 2.5733 0.7221 0
1.5895 2.5738 0.723 0
1.5901 2.5744 0.7239 0
1.5908 2.5749 0.7248 0
1.5914 2.5755 0.7257 0
1.5920 2.5761 0.7266 0
1.5927 2.5766 0.7275 0
1.5933 2.5772 0.7284 0
1.5939 2.5777 0.7293 0
1.5945 2.5783 0.7302 0
1.5951 2.5788 0.7311 0
1.5957 2.5794 0.7321 0
1.5964 2.5799 0.733 0
1.5970 2.5805 0.734 0
1.5976 2.5810 0.7349 0
1.5982 2.5816 0.7359 0
1.5988 2.5821 0.7368 0
1.5994 2.5826 0.7378 0
1.6000 2.5832 0.7387 0
1.6006 2.5837 0.7397 0
1.6012 2.5843 0.7407 0
1.6018 2.5848 0.7416 0
1.6023 2.5854 0.7426 0
1.6029 2.5859 0.7436 0
1.6035 2.5864 0.7446 0
1.6041 2.5870 0.7456 0
1.6047 2.5875 0.7466 0
1.6053 2.5881 0.7475 0
1.6058 2.5886 0.7485 0
1.6064 2.5891 0.7495 0
1.6070 2.5897 0.7505 0
1.6076 2.5902 0.7515 0
1.6082 2.5907 0.7525 0
1.6087 2.5913 0.7535 0
1.6093 2.5918 0.7545 0
1.6099 2.5924 0.7555 0
1.6105 2.5929 0.7565 0
1.6110 2.5934 0.7575 0
1.6116 2.5940 0.7585 0
1.6122 2.5945 0.7594 0
1.6127 2.5951 0.7604 0
1.6133 2.5956 0.7614 0
1.6139 2.5961 0.7624 0
1.6144 2.5967 0.7634 0
1.6150 2.5972 0.7644 0
1.6156 2.5978 0.7653 0
1.6161 2.5983 0.7663 0
1.6167 2.5988 0.7673 0
1.6173 2.5994 0.7682 0
1.6178 2.5999 0.7692 0
1.6184 2.6005 0.7702 0
1.6189 2.6010 0.7711 0
1.6195 2.6016 0.7721 0
1.6201 2.6021 0.773 0
1.6206 2.6027 0.7739 0
1.6212 2.6032 0.7749 0
1.6218 2.6038 0.7758 0
1.6223 2.6043 0.7767 0
1.6229 2.6049 0.7776 0
1.6234 2.6054 0.7785 0
1.6240 2.6060 0.7794 0
1.6246 2.6065 0.7803 0
1.6251 2.6071 0.7812 0
1.6257 2.6077 0.7821 0
1.6263 2.6082 0.783 0
1.6268 2.6088 0.7838 0
1.6274 2.6093 0.7847 0
1.6280 2.6099 0.7855 0
1.6285 2.6105 0.7864 0
1.6291 2.6110 0.7872 0
1.6297 2.6116 0.788 0
1.6302 2.6122 0.7888 0
1.6308 2.6128 0.7896 0
1.6314 2.6133 0.7904 0
1.6319 2.6139 0.7912 0
1.6325 2.6145 0.792 0
1.6331 2.6151 0.7928 0
1.6337 2.6156 0.7935 0
1.6342 2.6162 0.7943 0
1.6348 2.6168 0.795 0
1.6354 2.6174 0.7958 0
1.6360 2.6180 0.7965 0
1.6365 2.6186 0.7972 0
1.6371 2.6192 0.7979 0
1.6377 2.6198 0.7986 0
1.6383 2.6204 0.7993 0
1.6389 2.6210 0.7999 0
1.6395 2.6216 0.8006 0
1.6401 2.6222 0.8013 0
1.6407 2.6228 0.8019 0
1.6412 2.6234 0.8025 0
1.6418 2.6241 0.8031 0
1.6424 2.6247 0.8038 0
1.6430 2.6253 0.8044 0
1.6436 2.6259 0.8049 0
1.6442 2.6265 0.8055 0
1.6449 2.6272 0.8061 0
1.6455 2.6278 0.8066 0
1.6461 2.6284 0.8072 0
1.6467 2.6291 0.8077 0
1.6473 2.6297 0.8082 0
1.6479 2.6304 0.8088 0
1.6485 2.6310 0.8093 0
1.6492 2.6317 0.8098 0
1.6498 2.6323 0.8102 0
1.6504 2.6330 0.8107 0
1.6510 2.6336 0.8112 0
1.6517 2.6343 0.8116 0
1.6523 2.6350 0.8121 0
1.6529 2.6357 0.8125 0
1.6536 2.6363 0.8129 0
1.6542 2.6370 0.8133 0
1.6549 2.6377 0.8137 0
1.6555 2.6384 0.8141 0
1.6562 2.6391 0.8145 0
1.6568 2.6398 0.8149 0
1.6575 2.6405 0.8152 0
1.6581 2.6412 0.8156 0
1.6588 2.6419 0.8159 0
1.6595 2.6426 0.8163 0
1.6601 2.6433 0.8166 0
1.6608 2.6440 0.8169 0
1.6615 2.6447 0.8172 0
1.6622 2.6455 0.8175 0
1.6629 2.6462 0.8178 0
1.6635 2.6469 0.818 0
1.6642 2.6477 0.8183 0
1.6649 2.6484 0.8186 0
1.6656 2.6491 0.8188 0
1.6663 2.6499 0.8191 0
1.6670 2.6507 0.8193 0
1.6678 2.6514 0.8195 0
1.6685 2.6522 0.8197 0
1.6692 2.6529 0.8199 0
1.6699 2.6537 0.8201 0
1.6706 2.6545 0.8203 0
1.6714 2.6553 0.8205 0
1.6721 2.6561 0.8207 0
1.6728 2.6569 0.8209 0
1.6736 2.6577 0.821 0
1.6743 2.6585 0.8212 0
1.6751 2.6593 0.8213 0
1.6758 2.6601 0.8214 0
1.6766 2.6609 0.8216 0
1.6774 2.6617 0.8217 0
1.6781 2.6626 0.8218 0
1.6789 2.6634 0.8219 0
1.6797 2.6642 0.822 0
1.6805 2.6651 0.8221 0
1.6813 2.6659 0.8222 0
1.6821 2.6668 0.8223 0
1.6829 2.6676 0.8224 0
1.6837 2.6685 0.8224 0
1.6845 2.6694 0.8225 0
1.6853 2.6703 0.8226 0
1.6861 2.6711 0.8226 0
1.6869 2.6720 0.8227 0
1.6878 2.6729 0.8227 0
1.6886 2.6738 0.8227 0
1.6894 2.6747 0.8228 0
1.6903 2.6756 0.8228 0
1.6911 2.6766 0.8228 0
1.6920 2.6775 0.8228 0
1.6929 2.6784 0.8228 0
1.6937 2.6793 0.8228 0
1.6946 2.6803 0.8228 0
1.6955 2.6812 0.8228 0
1.6964 2.6822 0.8228 0
1.6972 2.6831 0.8228 0
1.6981 2.6841 0.8228 0
1.6990 2.6851 0.8227 0
1.7000 2.6861 0.8227 0
1.7009 2.6871 0.8227 0
1.7018 2.6880 0.8226 0
1.7027 2.6890 0.8226 0
1.7037 2.6900 0.8225 0
1.7046 2.6911 0.8225 0
1.7055 2.6921 0.8224 0
1.7065 2.6931 0.8224 0
1.7074 2.6941 0.8223 0
1.7084 2.6952 0.8223 0
1.7094 2.6962 0.8222 0
1.7104 2.6973 0.8221 0
1.7113 2.6983 0.822 0
1.7123 2.6994 0.822 0
1.7133 2.7005 0.8219 0
1.7143 2.7015 0.8218 0
1.7153 2.7026 0.8217 0
1.7164 2.7037 0.8216 0
1.7174 2.7048 0.8215 0
1.7184 2.7059 0.8214 0
1.7195 2.7070 0.8213 0
1.7205 2.7082 0.8212 0
1.7215 2.7093 0.8211 0
1.7226 2.7104 0.821 0
1.7237 2.7116 0.8209 0
1.7247 2.7127 0.8208 0
1.7258 2.7139 0.8207 0
1.7269 2.7151 0.8205 0
1.7280 2.7162 0.8204 0
1.7291 2.7174 0.8203 0
1.7302 2.7186 0.8202 0
1.7313 2.7198 0.82 0
1.7325 2.7210 0.8199 0
1.7336 2.7222 0.8198 0
1.7347 2.7235 0.8197 0
1.7359 2.7247 0.8195 0
1.7371 2.7259 0.8194 0
1.7382 2.7272 0.8192 0
1.7394 2.7284 0.8191 0
1.7406 2.7297 0.819 0
1.7418 2.7310 0.8188 0
1.7430 2.7322 0.8187 0
1.7442 2.7335 0.8185 0
1.7454 2.7348 0.8184 0
1.7466 2.7361 0.8182 0
1.7478 2.7374 0.8181 0
1.7491 2.7388 0.8179 0
1.7503 2.7401 0.8178 0
1.7516 2.7414 0.8176 0
1.7528 2.7428 0.8175 0
1.7541 2.7441 0.8173 0
1.7554 2.7455 0.8172 0
1.7567 2.7469 0.817 0
1.7580 2.7482 0.8168 0
1.7593 2.7496 0.8167 0
1.7606 2.7510 0.8165 0
1.7619 2.7524 0.8163 0
1.7632 2.7539 0.8162 0
1.7646 2.7553 0.816 0
1.7659 2.7567 0.8159 0
1.7673 2.7582 0.8157 0
1.7687 2.7596 0.8155 0
1.7700 2.7611 0.8154 0
1.7714 2.7626 0.8152 0
1.7728 2.7640 0.815 0
1.7742 2.7655 0.8148 0
1.7756 2.7670 0.8147 0
1.7771 2.7685 0.8145 0
1.7785 2.7701 0.8143 0
1.7799 2.7716 0.8142 0
1.7814 2.7731 0.814 0
1.7828 2.7747 0.8138 0
1.7843 2.7762 0.8136 0
1.7858 2.7778 0.8135 0
1.7873 2.7794 0.8133 0
1.7888 2.7810 0.8131 0
1.7903 2.7826 0.8129 0
1.7918 2.7842 0.8128 0
1.7934 2.7858 0.8126 0
1.7949 2.7874 0.8124 0
1.7964 2.7891 0.8122 0
1.7980 2.7907 0.8121 0
1.7996 2.7924 0.8119 0
1.8012 2.7940 0.8117 0
1.8027 2.7957 0.8115 0
1.8043 2.7974 0.8114 0
1.8060 2.7991 0.8112 0
1.8076 2.8008 0.811 0
1.8092 2.8025 0.8108 0
1.8109 2.8042 0.8106 0
1.8125 2.8060 0.8105 0
1.8142 2.8077 0.8103 0
1.8159 2.8095 0.8101 0
1.8175 2.8113 0.8099 0
1.8192 2.8130 0.8098 0
1.8209 2.8148 0.8096 0
1.8227 2.8166 0.8094 0
1.8244 2.8185 0.8092 0
1.8261 2.8203 0.809 0
1.8279 2.8221 0.8089 0
1.8297 2.8240 0.8087 0
1.8314 2.8258 0.8085 0
1.8332 2.8277 0.8083 0
1.8350 2.8296 0.8082 0
1.8368 2.8315 0.808 0
1.8386 2.8334 0.8078 0
1.8405 2.8353 0.8076 0
1.8423 2.8372 0.8074 0
1.8442 2.8392 0.8073 0
1.8460 2.8411 0.8071 0
1.8479 2.8431 0.8069 0
1.8498 2.8450 0.8067 0
1.8517 2.8470 0.8066 0
1.8536 2.8490 0.8064 0
1.8555 2.8510 0.8062 0
1.8575 2.8530 0.806 0
1.8594 2.8551 0.8059 0
1.8614 2.8571 0.8057 0
1.8633 2.8592 0.8055 0
1.8653 2.8612 0.8053 0
1.8673 2.8633 0.8052 0
1.8693 2.8654 0.805 0
1.8713 2.8675 0.8048 0
1.8734 2.8696 0.8046 0
1.8754 2.8717 0.8045 0
1.8775 2.8739 0.8043 0
1.8795 2.8760 0.8041 0
1.8816 2.8782 0.8039 0
1.8837 2.8803 0.8038 0
1.8858 2.8825 0.8036 0
1.8879 2.8847 0.8034 0
1.8901 2.8869 0.8033 0
1.8922 2.8892 0.8031 0
1.8944 2.8914 0.8029 0
1.8966 2.8936 0.8028 0
1.8987 2.8959 0.8026 0
1.9009 2.8982 0.8024 0
1.9031 2.9005 0.8022 0
1.9054 2.9028 0.8021 0
1.9076 2.9051 0.8019 0
1.9099 2.9074 0.8017 0
1.9121 2.9097 0.8016 0
1.9144 2.9121 0.8014 0
1.9167 2.9144 0.8012 0
1.9190 2.9168 0.8011 0
1.9213 2.9192 0.8009 0
1.9236 2.9216 0.8007 0
1.9260 2.9240 0.8006 0
1.9283 2.9265 0.8004 0
1.9307 2.9289 0.8003 0
1.9331 2.9314 0.8001 0
1.9355 2.9338 0.7999 0
1.9379 2.9363 0.7998 0
1.9403 2.9388 0.7996 0
1.9427 2.9413 0.7994 0
1.9452 2.9438 0.7993 0
1.9477 2.9464 0.7991 0
1.9501 2.9489 0.799 0
1.9526 2.9515 0.7988 0
1.9551 2.9541 0.7986 0
1.9577 2.9566 0.7985 0
1.9602 2.9593 0.7983 0
1.9628 2.9619 0.7982 0
1.9653 2.9645 0.798 0
1.9679 2.9671 0.7978 0
1.9705 2.9698 0.7977 0
1.9731 2.9725 0.7975 0
1.9757 2.9752 0.7974 0
1.9784 2.9779 0.7972 0
1.9810 2.9806 0.7971 0
1.9837 2.9833 0.7969 0
1.9864 2.9861 0.7968 0
1.9891 2.9888 0.7966 0
1.9918 2.9916 0.7965 0
1.9945 2.9944 0.7963 0
1.9972 2.9972 0.7961 0
2.0000 3.0000 0.0 0
2.0000 3.0000 0.796 0
2.0028 3.0028 0.7958 0
2.0056 3.0057 0.7957 0
2.0084 3.0085 0.7956 0
2.0112 3.0114 0.7954 0
2.0140 3.0143 0.7953 0
2.0169 3.0172 0.7951 0
2.0197 3.0201 0.795 0
2.0226 3.0230 0.7949 0
2.0255 3.0260 0.7947 0
2.0284 3.0289 0.7946 0
2.0313 3.0319 0.7945 0
2.0342 3.0349 0.7943 0
2.0372 3.0379 0.7942 0
2.0401 3.0409 0.7941 0
2.0431 3.0439 0.794 0
2.0461 3.0470 0.7939 0
2.0491 3.0500 0.7937 0
2.0521 3.0531 0.7936 0
2.0551 3.0561 0.7935 0
2.0581 3.0592 0.7934 0
2.0612 3.0623 0.7933 0
2.0642 3.0654 0.7932 0
2.0673 3.0686 0.7931 0
2.0704 3.0717 0.793 0
2.0735 3.0748 0.7928 0
2.0766 3.0780 0.7927 0
2.0797 3.0812 0.7926 0
2.0829 3.0843 0.7925 0
2.0860 3.0875 0.7924 0
2.0892 3.0907 0.7923 0
2.0923 3.0939 0.7922 0
2.0955 3.0972 0.7921 0
2.0987 3.1004 0.792 0
2.1019 3.1037 0.7919 0
2.1051 3.1069 0.7919 0
2.1084 3.1102 0.7918 0
2.1116 3.1135 0.7917 0
2.1148 3.1167 0.7916 0
2.1181 3.1200 0.7915 0
2.1214 3.1233 0.7914 0
2.1246 3.1267 0.7913 0
2.1279 3.1300 0.7912 0
2.1312 3.1333 0.7911 0
2.1345 3.1367 0.7911 0
2.1379 3.1400 0.791 0
2.1412 3.1434 0.7909 0
2.1445 3.1468 0.7908 0
2.1479 3.1502 0.7907 0
2.1512 3.1536 0.7906 0
2.1546 3.1570 0.7906 0
2.1580 3.1604 0.7905 0
2.1614 3.1638 0.7904 0
2.1648 3.1672 0.7903 0
2.1682 3.1706 0.7903 0
2.1716 3.1741 0.7902 0
2.1750 3.1775 0.7901 0
2.1784 3.1810 0.79 0
2.1819 3.1845 0.79 0
2.1853 3.1880 0.7899 0
2.1888 3.1914 0.7898 0
2.1922 3.1949 0.7897 0
2.1957 3.1984 0.7897 0
2.1992 3.2019 0.7896 0
2.2026 3.2055 0.7895 0
2.2061 3.2090 0.7895 0
2.2096 3.2125 0.7894 0
2.2131 3.2160 0.7893 0
2.2167 3.2196 0.7893 0
2.2202 3.2231 0.7892 0
2.2237 3.2267 0.7891 0
2.2272 3.2303 0.7891 0
2.2308 3.2338 0.789 0
2.2343 3.2374 0.789 0
2.2379 3.2410 0.7889 0
2.2415 3.2446 0.7888 0
2.2450 3.2482 0.7888 0
2.2486 3.2518 0.7887 0
2.2522 3.2554 0.7887 0
2.2558 3.2590 0.7886 0
2.2594 3.2626 0.7885 0
2.2630 3.2662 0.7885 0
2.2666 3.2698 0.7884 0
2.2702 3.2735 0.7884 0
2.2738 3.2771 0.7883 0
2.2774 3.2807 0.7882 0
2.2810 3.2844 0.7882 0
2.2847 3.2880 0.7881 0
2.2883 3.2917 0.7881 0
2.2919 3.2954 0.788 0
2.2956 3.2990 0.788 0
2.2992 3.3027 0.7879 0
2.3029 3.3064 0.7879 0
2.3065 3.3100 0.7878 0
2.3102 3.3137 0.7878 0
2.3139 3.3174 0.7877 0
2.3175 3.3211 0.7877 0
2.3212 3.3248 0.7876 0
2.3249 3.3285 0.7876 0
2.3286 3.3322 0.7875 0
2.3323 3.3359 0.7875 0
2.3360 3.3396 0.7874 0
2.3396 3.3433 0.7874 0
2.3433 3.3470 0.7873 0
2.3470 3.3507 0.7873 0
2.3507 3.3544 0.7872 0
2.3544 3.3581 0.7872 0
2.3582 3.3619 0.7871 0
2.3619 3.3656 0.7871 0
2.3656 3.3693 0.787 0
2.3693 3.3730 0.787 0
2.3730 3.3768 0.7869 0
2.3767 3.3805 0.7869 0
2.3804 3.3842 0.7868 0
2.3842 3.3879 0.7868 0
2.3879 3.3917 0.7868 0
2.3916 3.3954 0.7867 0
2.3953 3.3992 0.7867 0
2.3991 3.4029 0.7866 0
2.4028 3.4066 0.7866 0
2.4065 3.4104 0.7865 0
2.4103 3.4141 0.7865 0
2.4140 3.4179 0.7865 0
2.4177 3.4216 0.7864 0
2.4215 3.4253 0.7864 0
2.4252 3.4291 0.7863 0
2.4289 3.4328 0.7863 0
2.4327 3.4366 0.7862 0
2.4364 3.4403 0.7862 0
2.4401 3.4441 0.7862 0
2.4439 3.4478 0.7861 0
2.4476 3.4515 0.7861 0
2.4514 3.4553 0.786 0
2.4551 3.4590 0.786 0
2.4588 3.4628 0.786 0
2.4626 3.4665 0.7859 0
2.4663 3.4702 0.7859 0
2.4700 3.4740 0.7858 0
2.4738 3.4777 0.7858 0
2.4775 3.4814 0.7858 0
2.4812 3.4852 0.7857 0
2.4849 3.4889 0.7857 0
2.4887 3.4926 0.7857 0
2.4924 3.4964 0.7856 0
2.4961 3.5001 0.7856 0
2.4998 3.5038 0.7855 0
2.5036 3.5075 0.7855 0
2.5073 3.5113 0.7855 0
2.5110 3.5150 0.7854 0
2.5147 3.5187 0.7854 0
2.5184 3.5224 0.7854 0
2.5221 3.5261 0.7853 0
2.5259 3.5298 0.7853 0
2.5296 3.5335 0.7853 0
2.5333 3.5372 0.7852 0
2.5370 3.5409 0.7852 0
2.5407 3.5446 0.7852 0
2.5443 3.5483 0.7851 0
2.5480 3.5520 0.7851 0
2.5517 3.5557 0.7851 0
2.5554 3.5594 0.785 0
2.5591 3.5630 0.785 0
2.5628 3.5667 0.785 0
2.5664 3.5704 0.7849 0
2.5701 3.5740 0.7849 0
2.5738 3.5777 0.7849 0
2.5774 3.5814 0.7848 0
2.5811 3.5850 0.7848 0
2.5847 3.5887 0.7848 0
2.5884 3.5923 0.7847 0
2.5920 3.5959 0.7847 0
2.5957 3.5996 0.7847 0
2.5993 3.6032 0.7846 0
2.6029 3.6068 0.7846 0
2.6065 3.6104 0.7846 0
2.6101 3.6140 0.7845 0
2.6138 3.6176 0.7845 0
2.6174 3.6212 0.7845 0
2.6210 3.6248 0.7844 0
2.6246 3.6284 0.7844 0
2.6281 3.6320 0.7844 0
2.6317 3.6356 0.7843 0
2.6353 3.6391 0.7843 0
2.6389 3.6427 0.7843 0
2.6424 3.6463 0.7842 0
2.6460 3.6498 0.7842 0
2.6496 3.6534 0.7842 0
2.6531 3.6569 0.7842 0
2.6566 3.6604 0.7841 0
2.6602 3.6639 0.7841 0
2.6637 3.6675 0.7841 0
2.6672 3.6710 0.784 0
2.6707 3.6745 0.784 0
2.6742 3.6780 0.784 0
2.6777 3.6814 0.7839 0
2.6812 3.6849 0.7839 0
2.6847 3.6884 0.7839 0
2.6882 3.6919 0.7839 0
2.6916 3.6953 0.7838 0
2.6951 3.6988 0.7838 0
2.6985 3.7022 0.7838 0
2.7020 3.7056 0.7837 0
2.7054 3.7090 0.7837 0
2.7088 3.7125 0.7837 0
2.7122 3.7159 0.7836 0
2.7156 3.7192 0.7836 0
2.7190 3.7226 0.7836 0
2.7224 3.7260 0.7836 0
2.7258 3.7294 0.7835 0
2.7292 3.7327 0.7835 0
2.7325 3.7361 0.7835 0
2.7359 3.7394 0.7834 0
2.7392 3.7427 0.7834 0
2.7426 3.7461 0.7834 0
2.7459 3.7494 0.7834 0
2.7492 3.7527 0.7833 0
2.7525 3.7560 0.7833 0
2.7558 3.7592 0.7833 0
2.7591 3.7625 0.7832 0
2.7623 3.7658 0.7832 0
2.7656 3.7690 0.7832 0
2.7688 3.7722 0.7832 0
2.7721 3.7755 0.7831 0
2.7753 3.7787 0.7831 0
2.7785 3.7819 0.7831 0
2.7817 3.7851 0.783 0
2.7849 3.7883 0.783 0
2.7881 3.7914 0.783 0
2.7913 3.7946 0.783 0
2.7944 3.7977 0.7829 0
2.7976 3.8009 0.7829 0
2.8007 3.8040 0.7829 0
2.8039 3.8071 0.7828 0
2.8070 3.8102 0.7828 0
2.8101 3.8133 0.7828 0
2.8132 3.8164 0.7827 0
2.8162 3.8194 0.7827 0
2.8193 3.8225 0.7827 0
2.8224 3.8255 0.7827 0
2.8254 3.8285 0.7826 0
2.8284 3.8315 0.7826 0
2.8314 3.8345 0.7826 0
2.8344 3.8375 0.7825 0
2.8374 3.8405 0.7825 0
2.8404 3.8434 0.7825 0
2.8434 3.8464 0.7825 0
2.8463 3.8493 0.7824 0
2.8492 3.8522 0.7824 0
2.8522 3.8551 0.7824 0
2.8551 3.8580 0.7823 0
2.8580 3.8609 0.7823 0
2.8608 3.8638 0.7823 0
2.8637 3.8666 0.7822 0
2.8666 3.8694 0.7822 0
2.8694 3.8722 0.7822 0
2.8722 3.8751 0.7821 0
2.8750 3.8778 0.7821 0
2.8778 3.8806 0.7821 0
2.8806 3.8834 0.7821 0
2.8833 3.8861 0.782 0
2.8861 3.8888 0.782 0
2.8888 3.8916 0.782 0
2.8915 3.8942 0.7819 0
2.8942 3.8969 0.7819 0
2.8969 3.8996 0.7819 0
2.8996 3.9022 0.7818 0
2.9022 3.9049 0.7818 0
2.9049 3.9075 0.7818 0
2.9075 3.9101 0.7817 0
2.9101 3.9127 0.7817 0
2.9127 3.9153 0.7817 0
2.9153 3.9178 0.7816 0
2.9178 3.9203 0.7816 0
2.9204 3.9229 0.7816 0
2.9229 3.9254 0.7815 0
2.9254 3.9279 0.7815 0
2.9279 3.9303 0.7815 0
2.9303 3.9328 0.7814 0
2.9328 3.9352 0.7814 0
2.9352 3.9376 0.7813 0
2.9377 3.9400 0.7813 0
2.9401 3.9424 0.7813 0
2.9424 3.9448 0.7812 0
2.9448 3.9471 0.7812 0
2.9472 3.9494 0.7812 0
2.9495 3.9517 0.7811 0
2.9518 3.9540 0.7811 0
2.9541 3.9563 0.781 0
2.9564 3.9586 0.781 0
2.9586 3.9608 0.781 0
2.9609 3.9630 0.7809 0
2.9631 3.9652 0.7809 0
2.9653 3.9674 0.7808 0
2.9675 3.9696 0.7808 0
2.9696 3.9717 0.7807 0
2.9718 3.9738 0.7807 0
2.9739 3.9759 0.7807 0
2.9760 3.9780 0.7806 0
2.9781 3.9801 0.7806 0
2.9801 3.9821 0.7805 0
2.9822 3.9842 0.7805 0
2.9842 3.9862 0.7804 0
2.9862 3.9881 0.7804 0
2.9882 3.9901 0.7803 0
2.9902 3.9921 0.7803 0
2.9921 3.9940 0.7802 0
2.9940 3.9959 0.7802 0
2.9959 3.9978 0.7801 0
2.9978 3.9996 0.78 0
2.9997 4.0015 0.78 0
3.0015 4.0033 0.7799 0
3.0033 4.0051 0.7799 0
3.0051 4.0069 0.7798 0
3.0069 4.0086 0.7798 0
3.0087 4.0104 0.7797 0
3.0104 4.0121 0.7796 0
3.0121 4.0138 0.7796 0
3.0138 4.0154 0.7795 0
3.0155 4.0171 0.7794 0
3.0171 4.0187 0.7794 0
3.0187 4.0203 0.7793 0
3.0203 4.0219 0.7792 0
3.0219 4.0235 0.7791 0
3.0235 4.0250 0.779 0
3.0250 4.0265 0.779 0
3.0265 4.0280 0.7789 0
3.0280 4.0295 0.7788 0
3.0295 4.0309 0.7787 0
3.0309 4.0323 0.7786 0
3.0323 4.0337 0.7785 0
3.0337 4.0351 0.7784 0
3.0351 4.0365 0.7783 0
3.0365 4.0378 0.7782 0
3.0378 4.0391 0.7781 0
3.0391 4.0404 0.778 0
3.0404 4.0417 0.7779 0
3.0416 4.0429 0.7778 0
3.0429 4.0441 0.7776 0
3.0441 4.0453 0.7775 0
3.0452 4.0465 0.7774 0
3.0464 4.0476 0.7772 0
3.0475 4.0487 0.7771 0
3.0486 4.0498 0.7769 0
3.0497 4.0509 0.7767 0
3.0508 4.0519 0.7766 0
3.0518 4.0529 0.7764 0
3.0528 4.0539 0.7762 0
3.0538 4.0549 0.776 0
3.0548 4.0558 0.7758 0
3.0557 4.0567 0.7756 0
3.0566 4.0576 0.7753 0
3.0575 4.0585 0.7751 0
3.0583 4.0593 0.7748 0
3.0592 4.0601 0.7745 0
3.0600 4.0609 0.7742 0
3.0607 4.0617 0.7739 0
3.0615 4.0624 0.7735 0
3.0622 4.0631 0.7731 0
3.0629 4.0638 0.7727 0
3.0636 4.0644 0.7723 0
3.0642 4.0651 0.7718 0
3.0648 4.0657 0.7712 0
3.0654 4.0662 0.7707 0
3.0660 4.0668 0.77 0
3.0665 4.0673 0.7693 0
3.0670 4.0678 0.7685 0
3.0675 4.0683 0.7675 0
3.0680 4.0687 0.7665 0
3.0684 4.0691 0.7653 0
3.0688 4.0695 0.7639 0
3.0692 4.0698 0.7623 0
3.0695 4.0702 0.7604 0
3.0698 4.0705 0.7581 0
3.0701 4.0707 0.7552 0
3.0704 4.0710 0.7516 0
3.0706 4.0712 0.7469 0
3.0708 4.0714 0.7406 0
3.0710 4.0715 0.7314 0
3.0711 4.0717 0.7173 0
3.0712 4.0718 0.6922 0
3.0713 4.0718 0.6362 0
3.0713 4.0719 0.4056 0
3.0714 4.0719 -1.8363 0
3.0714 4.0719 -2.1939 0
3.0713 4.0718 -2.262 0
3.0713 4.0717 -2.2904 0
3.0712 4.0716 -2.306 0
3.0710 4.0715 -2.3158 0
3.0709 4.0713 -2.3226 0
3.0707 4.0711 -2.3276 0
3.0705 4.0709 -2.3313 0
3.0702 4.0706 -2.3343 0
3.0700 4.0703 -2.3367 0
3.0697 4.0700 -2.3387 0
3.0693 4.0697 -2.3404 0
3.0690 4.0693 -2.3418 0
3.0686 4.0689 -2.343 0
3.0681 4.0684 -2.3441 0
3.0677 4.0680 -2.345 0
3.0672 4.0675 -2.3458 0
3.0666 4.0669 -2.3466 0
3.0661 4.0664 -2.3472 0
3.0655 4.0658 -2.3478 0
3.0649 4.0651 -2.3484 0
3.0642 4.0645 -2.3489 0
3.0636 4.0638 -2.3493 0
3.0628 4.0631 -2.3498 0
3.0621 4.0623 -2.3501 0
3.0613 4.0615 -2.3505 0
3.0605 4.0607 -2.3508 0
3.0597 4.0598 -2.3511 0
3.0588 4.0590 -2.3514 0
3.0579 4.0580 -2.3517 0
3.0569 4.0571 -2.352 0
3.0559 4.0561 -2.3522 0
3.0549 4.0551 -2.3524 0
3.0539 4.0540 -2.3526 0
3.0528 4.0529 -2.3528 0
3.0517 4.0518 -2.353 0
3.0506 4.0507 -2.3532 0
3.0494 4.0495 -2.3534 0
3.0482 4.0483 -2.3535 0
3.0469 4.0470 -2.3537 0
3.0456 4.0457 -2.3538 0
3.0443 4.0444 -2.354 0
3.0430 4.0431 -2.3541 0
3.0416 4.0417 -2.3542 0
3.0402 4.0402 -2.3544 0
3.0387 4.0388 -2.3545 0
3.0372 4.0373 -2.3546 0
3.0357 4.0358 -2.3547 0
3.0342 4.0342 -2.3548 0
3.0326 4.0326 -2.3549 0
3.0309 4.0310 -2.355 0
3.0293 4.0293 -2.3551 0
3.0276 4.0276 -2.3552 0
3.0258 4.0259 -2.3553 0
3.0241 4.0241 -2.3554 0
3.0223 4.0223 -2.3555 0
3.0204 4.0204 -2.3555 0
3.0185 4.0186 -2.3556 0
3.0166 4.0166 -2.3557 0
3.0147 4.0147 -2.3558 0
3.0127 4.0127 -2.3558 0
3.0107 4.0107 -2.3559 0
3.0086 4.0086 -2.356 0
3.0065 4.0065 -2.356 0
3.0044 4.0044 -2.3561 0
3.0022 4.0022 -2.3562 0
