5.000000	3.600000	3.141593	0.250000	0.000000
4.996783	3.600000	3.141593	0.250000	0.000000
4.993567	3.600000	3.141593	0.250000	0.000000
4.990350	3.600000	3.141593	0.250000	0.000000
4.987134	3.600000	3.141593	0.250000	0.000000
4.983917	3.600000	3.141593	0.250000	0.000000
4.980701	3.600000	3.141593	0.250000	0.000000
4.977484	3.600000	3.141593	0.250000	0.000000
4.974267	3.600000	3.141593	0.250000	0.000000
4.971051	3.600000	3.141593	0.250000	0.000000
4.967834	3.600000	3.141593	0.250000	0.000000
4.964618	3.600000	3.141593	0.250000	0.000000
4.961401	3.600000	3.141593	0.250000	0.000000
4.958184	3.600000	3.141593	0.250000	0.000000
4.954968	3.600000	3.141593	0.250000	0.000000
4.951751	3.600000	3.141593	0.250000	0.000000
4.948535	3.600000	3.141593	0.250000	0.000000
4.945318	3.600000	3.141593	0.250000	0.000000
4.942102	3.600000	3.141593	0.250000	0.000000
4.938885	3.600000	3.141593	0.250000	0.000000
4.935668	3.600000	3.141593	0.250000	0.000000
4.932452	3.600000	3.141593	0.250000	0.000000
4.929235	3.600000	3.141593	0.250000	0.000000
4.926019	3.600000	3.141593	0.250000	0.000000
4.922802	3.600000	3.141593	0.250000	0.000000
4.919585	3.600000	3.141593	0.250000	0.000000
4.916369	3.600000	3.141593	0.250000	0.000000
4.913152	3.600000	3.141593	0.250000	0.000000
4.909936	3.600000	3.141593	0.250000	0.000000
4.906719	3.600000	3.141593	0.250000	0.000000
4.903503	3.600000	3.141593	0.250000	0.000000
4.900286	3.600000	3.141593	0.250000	0.000000
4.897069	3.600000	3.141593	0.250000	0.000000
4.893853	3.600000	3.141593	0.250000	0.000000
4.890636	3.600000	3.141593	0.250000	0.000000
4.887420	3.600000	3.141593	0.250000	0.000000
4.884203	3.600000	3.141593	0.250000	0.000000
4.880986	3.600000	3.141593	0.250000	0.000000
4.877770	3.600000	3.141593	0.250000	0.000000
4.874553	3.600000	3.141593	0.250000	0.000000
4.871337	3.600000	3.141593	0.250000	0.000000
4.868120	3.600000	3.141593	0.250000	0.000000
4.864904	3.600000	3.141593	0.250000	0.000000
4.861687	3.600000	3.141593	0.250000	0.000000
4.858470	3.600000	3.141593	0.250000	0.000000
4.855254	3.600000	3.141593	0.250000	0.000000
4.852037	3.600000	3.141593	0.250000	0.000000
4.848821	3.600000	3.141593	0.250000	0.000000
4.845604	3.600000	3.141593	0.250000	0.000000
4.842387	3.600000	3.141593	0.250000	0.000000
4.839171	3.600000	3.141593	0.250000	0.000000
4.835954	3.600000	3.141593	0.250000	0.000000
4.832738	3.600000	3.141593	0.250000	0.000000
4.829521	3.600000	3.141593	0.250000	0.000000
4.826305	3.600000	3.141593	0.250000	0.000000
4.823088	3.600000	3.141593	0.250000	0.000000
4.819871	3.600000	3.141593	0.250000	0.000000
4.816655	3.600000	3.141593	0.250000	0.000000
4.813438	3.600000	3.141593	0.250000	0.000000
4.810222	3.600000	3.141593	0.250000	0.000000
4.807005	3.600000	3.141593	0.250000	0.000000
4.803788	3.600000	3.141593	0.250000	0.000000
4.800572	3.600000	3.141593	0.250000	0.000000
4.797355	3.600000	3.141593	0.250000	0.000000
4.794139	3.600000	3.141593	0.250000	0.000000
4.790922	3.600000	3.141593	0.250000	0.000000
4.787706	3.600000	3.141593	0.250000	0.000000
4.784489	3.600000	3.141593	0.250000	0.000000
4.781272	3.600000	3.141593	0.250000	0.000000
4.778056	3.600000	3.141593	0.250000	0.000000
4.774839	3.600000	3.141593	0.250000	0.000000
4.771623	3.600000	3.141593	0.250000	0.000000
4.768406	3.600000	3.141593	0.250000	0.000000
4.765189	3.600000	3.141593	0.250000	0.000000
4.761973	3.600000	3.141593	0.250000	0.000000
4.758756	3.600000	3.141593	0.250000	0.000000
4.755540	3.600000	3.141593	0.250000	0.000000
4.752323	3.600000	3.141593	0.250000	0.000000
4.749107	3.600000	3.141593	0.250000	0.000000
4.745890	3.600000	3.141593	0.250000	0.000000
4.742673	3.600000	3.141593	0.250000	0.000000
4.739457	3.600000	3.141593	0.250000	0.000000
4.736240	3.600000	3.141593	0.250000	0.000000
4.733024	3.600000	3.141593	0.250000	0.000000
4.729807	3.600000	3.141593	0.250000	0.000000
4.726590	3.600000	3.141593	0.250000	0.000000
4.723374	3.600000	3.141593	0.250000	0.000000
4.720157	3.600000	3.141593	0.250000	0.000000
4.716941	3.600000	3.141593	0.250000	0.000000
4.713724	3.600000	3.141593	0.250000	0.000000
4.710508	3.600000	3.141593	0.250000	0.000000
4.707291	3.600000	3.141593	0.250000	0.000000
4.704074	3.600000	3.141593	0.250000	0.000000
4.700858	3.600000	3.141593	0.250000	0.000000
4.697641	3.600000	3.141593	0.250000	0.000000
4.694425	3.600000	3.141593	0.250000	0.000000
4.691208	3.600000	3.141593	0.250000	0.000000
4.687991	3.600000	3.141593	0.250000	0.000000
4.684775	3.600000	3.141593	0.250000	0.000000
4.681558	3.600000	3.141593	0.250000	0.000000
4.678342	3.600000	3.141593	0.250000	0.000000
4.675125	3.600000	3.141593	0.250000	0.000000
4.671909	3.600000	3.141593	0.250000	0.000000
4.668692	3.600000	3.141593	0.250000	0.000000
4.665475	3.600000	3.141593	0.250000	0.000000
4.662259	3.600000	3.141593	0.250000	0.000000
4.659042	3.600000	3.141593	0.250000	0.000000
4.655826	3.600000	3.141593	0.250000	0.000000
4.652609	3.600000	3.141593	0.250000	0.000000
4.649392	3.600000	3.141593	0.250000	0.000000
4.646176	3.600000	3.141593	0.250000	0.000000
4.642959	3.600000	3.141593	0.250000	0.000000
4.639743	3.600000	3.141593	0.250000	0.000000
4.636526	3.600000	3.141593	0.250000	0.000000
4.633310	3.600000	3.141593	0.250000	0.000000
4.630093	3.600000	3.141593	0.250000	0.000000
4.626876	3.600000	3.141593	0.250000	0.000000
4.623660	3.600000	3.141593	0.250000	0.000000
4.620443	3.600000	3.141593	0.250000	0.000000
4.617227	3.600000	3.141593	0.250000	0.000000
4.614010	3.600000	3.141593	0.250000	0.000000
4.610793	3.600000	3.141593	0.250000	0.000000
4.607577	3.600000	3.141593	0.250000	0.000000
4.604360	3.600000	3.141593	0.250000	0.000000
4.601144	3.600000	3.141593	0.250000	0.000000
4.597927	3.600000	3.141593	0.250000	0.000000
4.594711	3.600000	3.141593	0.250000	0.000000
4.591494	3.600000	3.141593	0.250000	0.000000
4.588277	3.600000	3.141593	0.250000	0.000000
4.585061	3.600000	3.141593	0.250000	0.000000
4.581844	3.600000	3.141593	0.250000	0.000000
4.578628	3.600000	3.141593	0.250000	0.000000
4.575411	3.600000	3.141593	0.250000	0.000000
4.572194	3.600000	3.141593	0.250000	0.000000
4.568978	3.600000	3.141593	0.250000	0.000000
4.565761	3.600000	3.141593	0.250000	0.000000
4.562545	3.600000	3.141593	0.250000	0.000000
4.559328	3.600000	3.141593	0.250000	0.000000
4.556112	3.600000	3.141593	0.250000	0.000000
4.552895	3.600000	3.141593	0.250000	0.000000
4.549678	3.600000	3.141593	0.250000	0.000000
4.546462	3.600000	3.141593	0.250000	0.000000
4.543245	3.600000	3.141593	0.250000	0.000000
4.540029	3.600000	3.141593	0.250000	0.000000
4.536812	3.600000	3.141593	0.250000	0.000000
4.533595	3.600000	3.141593	0.250000	0.000000
4.530379	3.600000	3.141593	0.250000	0.000000
4.527162	3.600000	3.141593	0.250000	0.000000
4.523946	3.600000	3.141593	0.250000	0.000000
4.520729	3.600000	3.141593	0.250000	0.000000
4.517513	3.600000	3.141593	0.250000	0.000000
4.514296	3.600000	3.141593	0.250000	0.000000
4.511079	3.600000	3.141593	0.250000	0.000000
4.507863	3.600000	3.141593	0.250000	0.000000
4.504646	3.600000	3.141593	0.250000	0.000000
4.501430	3.600000	3.141593	0.250000	0.000000
4.498213	3.600000	3.141593	0.250000	0.000000
4.494996	3.600000	3.141593	0.250000	0.000000
4.491780	3.600000	3.141593	0.250000	0.000000
4.488563	3.600000	3.141593	0.250000	0.000000
4.485347	3.600000	3.141593	0.250000	0.000000
4.482130	3.600000	3.141593	0.250000	0.000000
4.478914	3.600000	3.141593	0.250000	0.000000
4.475697	3.600000	3.141593	0.250000	0.000000
4.472480	3.600000	3.141593	0.250000	0.000000
4.469264	3.600000	3.141593	0.250000	0.000000
4.466047	3.600000	3.141593	0.250000	0.000000
4.462831	3.600000	3.141593	0.250000	0.000000
4.459614	3.600000	3.141593	0.250000	0.000000
4.456397	3.600000	3.141593	0.250000	0.000000
4.453181	3.600000	3.141593	0.250000	0.000000
4.449964	3.600000	3.141593	0.250000	0.000000
4.446748	3.600000	3.141593	0.250000	0.000000
4.443531	3.600000	3.141593	0.250000	0.000000
4.440315	3.600000	3.141593	0.250000	0.000000
4.437098	3.600000	3.141593	0.250000	0.000000
4.433881	3.600000	3.141593	0.250000	0.000000
4.430665	3.600000	3.141593	0.250000	0.000000
4.427448	3.600000	3.141593	0.250000	0.000000
4.424232	3.600000	3.141593	0.250000	0.000000
4.421015	3.600000	3.141593	0.250000	0.000000
4.417798	3.600000	3.141593	0.250000	0.000000
4.414582	3.600000	3.141593	0.250000	0.000000
4.411365	3.600000	3.141593	0.250000	0.000000
4.408149	3.600000	3.141593	0.250000	0.000000
4.404932	3.600000	3.141593	0.250000	0.000000
4.401716	3.600000	3.141593	0.250000	0.000000
4.398499	3.600000	3.141593	0.250000	0.000000
4.395282	3.600000	3.141593	0.250000	0.000000
4.392066	3.600000	3.141593	0.250000	0.000000
4.388849	3.600000	3.141593	0.250000	0.000000
4.385633	3.600000	3.141593	0.250000	0.000000
4.382416	3.600000	3.141593	0.250000	0.000000
4.379199	3.600000	3.141593	0.250000	0.000000
4.375983	3.600000	3.141593	0.250000	0.000000
4.372766	3.600000	3.141593	0.250000	0.000000
4.369550	3.600000	3.141593	0.250000	0.000000
4.366333	3.600000	3.141593	0.250000	0.000000
4.363117	3.600000	3.141593	0.250000	0.000000
4.359900	3.600000	3.141593	0.250000	0.000000
4.356683	3.600000	3.141593	0.250000	0.000000
4.353467	3.600000	3.141593	0.250000	0.000000
4.350250	3.600000	3.141593	0.250000	0.000000
4.347034	3.600000	3.141593	0.250000	0.000000
4.343817	3.600000	3.141593	0.250000	0.000000
4.340600	3.600000	3.141593	0.250000	0.000000
4.337384	3.600000	3.141593	0.250000	0.000000
4.334167	3.600000	3.141593	0.250000	0.000000
4.330951	3.600000	3.141593	0.250000	0.000000
4.327734	3.600000	3.141593	0.250000	0.000000
4.324518	3.600000	3.141593	0.250000	0.000000
4.321301	3.600000	3.141593	0.250000	0.000000
4.318084	3.600000	3.141593	0.250000	0.000000
4.314868	3.600000	3.141593	0.250000	0.000000
4.311651	3.600000	3.141593	0.250000	0.000000
4.308435	3.600000	3.141593	0.250000	0.000000
4.305218	3.600000	3.141593	0.250000	0.000000
4.302001	3.600000	3.141593	0.250000	0.000000
4.298785	3.600000	3.141593	0.250000	0.000000
4.295568	3.600000	3.141593	0.250000	0.000000
4.292352	3.600000	3.141593	0.250000	0.000000
4.289135	3.600000	3.141593	0.250000	0.000000
4.285919	3.600000	3.141593	0.250000	0.000000
4.282702	3.600000	3.141593	0.250000	0.000000
4.279485	3.600000	3.141593	0.250000	0.000000
4.276269	3.600000	3.141593	0.250000	0.000000
4.273052	3.600000	3.141593	0.250000	0.000000
4.269836	3.600000	3.141593	0.250000	0.000000
4.266619	3.600000	3.141593	0.250000	0.000000
4.263402	3.600000	3.141593	0.250000	0.000000
4.260186	3.600000	3.141593	0.250000	0.000000
4.256969	3.600000	3.141593	0.250000	0.000000
4.253753	3.600000	3.141593	0.250000	0.000000
4.250536	3.600000	3.141593	0.250000	0.000000
4.247320	3.600000	3.141593	0.250000	0.000000
4.244103	3.600000	3.141593	0.250000	0.000000
4.240886	3.600000	3.141593	0.250000	0.000000
4.237670	3.600000	3.141593	0.250000	0.000000
4.234453	3.600000	3.141593	0.250000	0.000000
4.231237	3.600000	3.141593	0.250000	0.000000
4.228020	3.600000	3.141593	0.250000	0.000000
4.224803	3.600000	3.141593	0.250000	0.000000
4.221587	3.600000	3.141593	0.250000	0.000000
4.218370	3.600000	3.141593	0.250000	0.000000
4.215154	3.600000	3.141593	0.250000	0.000000
4.211937	3.600000	3.141593	0.250000	0.000000
4.208721	3.600000	3.141593	0.250000	0.000000
4.205504	3.600000	3.141593	0.250000	0.000000
4.202287	3.600000	3.141593	0.250000	0.000000
4.199071	3.600000	3.141593	0.250000	0.000000
4.195854	3.600000	3.141593	0.250000	0.000000
4.192638	3.600000	3.141593	0.250000	0.000000
4.189421	3.600000	3.141593	0.250000	0.000000
4.186204	3.600000	3.141593	0.250000	0.000000
4.182988	3.600000	3.141593	0.250000	0.000000
4.179771	3.600000	3.141593	0.250000	0.000000
4.176555	3.600000	3.141593	0.250000	0.000000
4.173338	3.600000	3.141593	0.250000	0.000000
4.170122	3.600000	3.141593	0.250000	0.000000
4.166905	3.600000	3.141593	0.250000	0.000000
4.163688	3.600000	3.141593	0.250000	0.000000
4.160472	3.600000	3.141593	0.250000	0.000000
4.157255	3.600000	3.141593	0.250000	0.000000
4.154039	3.600000	3.141593	0.250000	0.000000
4.150822	3.600000	3.141593	0.250000	0.000000
4.147605	3.600000	3.141593	0.250000	0.000000
4.144389	3.600000	3.141593	0.250000	0.000000
4.141172	3.600000	3.141593	0.250000	0.000000
4.137956	3.600000	3.141593	0.250000	0.000000
4.134739	3.600000	3.141593	0.250000	0.000000
4.131523	3.600000	3.141593	0.250000	0.000000
4.128306	3.600000	3.141593	0.250000	0.000000
4.125089	3.600000	3.141593	0.250000	0.000000
4.121873	3.600000	3.141593	0.250000	0.000000
4.118656	3.600000	3.141593	0.250000	0.000000
4.115440	3.600000	3.141593	0.250000	0.000000
4.112223	3.600000	3.141593	0.250000	0.000000
4.109006	3.600000	3.141593	0.250000	0.000000
4.105790	3.600000	3.141593	0.250000	0.000000
4.102573	3.600000	3.141593	0.250000	0.000000
4.099357	3.600000	3.141593	0.250000	0.000000
4.096140	3.600000	3.141593	0.250000	0.000000
4.092924	3.600000	3.141593	0.250000	0.000000
4.089707	3.600000	3.141593	0.250000	0.000000
4.086490	3.600000	3.141593	0.250000	0.000000
4.083274	3.600000	3.141593	0.250000	0.000000
4.080057	3.600000	3.141593	0.250000	0.000000
4.076841	3.600000	3.141593	0.250000	0.000000
4.073624	3.600000	3.141593	0.250000	0.000000
4.070407	3.600000	3.141593	0.250000	0.000000
4.067191	3.600000	3.141593	0.250000	0.000000
4.063974	3.600000	3.141593	0.250000	0.000000
4.060758	3.600000	3.141593	0.250000	0.000000
4.057541	3.600000	3.141593	0.250000	0.000000
4.054325	3.600000	3.141593	0.250000	0.000000
4.051108	3.600000	3.141593	0.250000	0.000000
4.047891	3.600000	3.141593	0.250000	0.000000
4.044675	3.600000	3.141593	0.250000	0.000000
4.041458	3.600000	3.141593	0.250000	0.000000
4.038242	3.600000	3.141593	0.250000	0.000000
4.035025	3.600000	3.141593	0.250000	0.000000
4.031808	3.600000	3.141593	0.250000	0.000000
4.028592	3.600000	3.141593	0.250000	0.000000
4.025375	3.600000	3.141593	0.250000	0.000000
4.022159	3.600000	3.141593	0.250000	0.000000
4.018942	3.600000	3.141593	0.250000	0.000000
4.015726	3.600000	3.141593	0.250000	0.000000
4.012509	3.600000	3.141593	0.250000	0.000000
4.009292	3.600000	3.141593	0.250000	0.000000
4.006076	3.600000	3.141593	0.250000	0.000000
4.002859	3.600000	3.141593	0.250000	0.000000
3.999643	3.600000	3.141593	0.250000	0.000000
3.996426	3.600000	3.141593	0.250000	0.000000
3.993209	3.600000	3.141593	0.250000	0.000000
3.989993	3.600000	3.141593	0.250000	0.000000
3.986776	3.600000	3.141593	0.250000	0.000000
3.983560	3.600000	3.141593	0.250000	0.000000
3.980343	3.600000	3.141593	0.250000	0.000000
3.977127	3.600000	3.141593	0.250000	0.000000
3.973910	3.600000	3.141593	0.250000	0.000000
3.970693	3.600000	3.141593	0.250000	0.000000
3.967477	3.600000	3.141593	0.250000	0.000000
3.964260	3.600000	3.141593	0.250000	0.000000
3.961044	3.600000	3.141593	0.250000	0.000000
3.957827	3.600000	3.141593	0.250000	0.000000
3.954610	3.600000	3.141593	0.250000	0.000000
3.951394	3.600000	3.141593	0.250000	0.000000
3.948177	3.600000	3.141593	0.250000	0.000000
3.944961	3.600000	3.141593	0.250000	0.000000
3.941744	3.600000	3.141593	0.250000	0.000000
3.938528	3.600000	3.141593	0.250000	0.000000
3.935311	3.600000	3.141593	0.250000	0.000000
3.932094	3.600000	3.141593	0.250000	0.000000
3.928878	3.600000	3.141593	0.250000	0.000000
3.925661	3.600000	3.141593	0.250000	0.000000
3.922445	3.600000	3.141593	0.250000	0.000000
3.919228	3.600000	3.141593	0.250000	0.000000
3.916011	3.600000	3.141593	0.250000	0.000000
3.912795	3.600000	3.141593	0.250000	0.000000
3.909578	3.600000	3.141593	0.250000	0.000000
3.906362	3.600000	3.141593	0.250000	0.000000
3.903145	3.600000	3.141593	0.250000	0.000000
3.899929	3.600000	3.141593	0.250000	0.000000
3.896712	3.600000	3.141593	0.250000	0.000000
3.893495	3.600000	3.141593	0.250000	0.000000
3.890279	3.600000	3.141593	0.250000	0.000000
3.887062	3.600000	3.141593	0.250000	0.000000
3.883846	3.600000	3.141593	0.250000	0.000000
3.880629	3.600000	3.141593	0.250000	0.000000
3.877412	3.600000	3.141593	0.250000	0.000000
3.874196	3.600000	3.141593	0.250000	0.000000
3.870979	3.600000	3.141593	0.250000	0.000000
3.867763	3.600000	3.141593	0.250000	0.000000
3.864546	3.600000	3.141593	0.250000	0.000000
3.861330	3.600000	3.141593	0.250000	0.000000
3.858113	3.600000	3.141593	0.250000	0.000000
3.854896	3.600000	3.141593	0.250000	0.000000
3.851680	3.600000	3.141593	0.250000	0.000000
3.848463	3.600000	3.141593	0.250000	0.000000
3.845247	3.600000	3.141593	0.250000	0.000000
3.842030	3.600000	3.141593	0.250000	0.000000
3.838813	3.600000	3.141593	0.250000	0.000000
3.835597	3.600000	3.141593	0.250000	0.000000
3.832380	3.600000	3.141593	0.250000	0.000000
3.829164	3.600000	3.141593	0.250000	0.000000
3.825947	3.600000	3.141593	0.250000	0.000000
3.822731	3.600000	3.141593	0.250000	0.000000
3.819514	3.600000	3.141593	0.250000	0.000000
3.816297	3.600000	3.141593	0.250000	0.000000
3.813081	3.600000	3.141593	0.250000	0.000000
3.809864	3.600000	3.141593	0.250000	0.000000
3.806648	3.600000	3.141593	0.250000	0.000000
3.803431	3.600000	3.141593	0.250000	0.000000
3.800214	3.600000	3.141593	0.250000	0.000000
3.796998	3.600000	3.141593	0.250000	0.000000
3.793781	3.600000	3.141593	0.250000	0.000000
3.790565	3.600000	3.141593	0.250000	0.000000
3.787348	3.600000	3.141593	0.250000	0.000000
3.784132	3.600000	3.141593	0.250000	0.000000
3.780915	3.600000	3.141593	0.250000	0.000000
3.777698	3.600000	3.141593	0.250000	0.000000
3.774482	3.600000	3.141593	0.250000	0.000000
3.771265	3.600000	3.141593	0.250000	0.000000
3.768049	3.600000	3.141593	0.250000	0.000000
3.764832	3.600000	3.141593	0.250000	0.000000
3.761615	3.600000	3.141593	0.250000	0.000000
3.758399	3.600000	3.141593	0.250000	0.000000
3.755182	3.600000	3.141593	0.250000	0.000000
3.751966	3.600000	3.141593	0.250000	0.000000
3.748749	3.600000	3.141593	0.250000	0.000000
3.745533	3.600000	3.141593	0.250000	0.000000
3.742316	3.600000	3.141593	0.250000	0.000000
3.739099	3.600000	3.141593	0.250000	0.000000
3.735883	3.600000	3.141593	0.250000	0.000000
3.732666	3.600000	3.141593	0.250000	0.000000
3.729450	3.600000	3.141593	0.250000	0.000000
3.726233	3.600000	3.141593	0.250000	0.000000
3.723016	3.600000	3.141593	0.250000	0.000000
3.719800	3.600000	3.141593	0.250000	0.000000
3.716583	3.600000	3.141593	0.250000	0.000000
3.713367	3.600000	3.141593	0.250000	0.000000
3.710150	3.600000	3.141593	0.250000	0.000000
3.706934	3.600000	3.141593	0.250000	0.000000
3.703717	3.600000	3.141593	0.250000	0.000000
3.700500	3.600000	3.141593	0.250000	0.000000
3.697284	3.600000	3.141593	0.250000	0.000000
3.694067	3.600000	3.141593	0.250000	0.000000
3.690851	3.600000	3.141593	0.250000	0.000000
3.687634	3.600000	3.141593	0.250000	0.000000
3.684417	3.600000	3.141593	0.250000	0.000000
3.681201	3.600000	3.141593	0.250000	0.000000
3.677984	3.600000	3.141593	0.250000	0.000000
3.674768	3.600000	3.141593	0.250000	0.000000
3.671551	3.600000	3.141593	0.250000	0.000000
3.668335	3.600000	3.141593	0.250000	0.000000
3.665118	3.600000	3.141593	0.250000	0.000000
3.661901	3.600000	3.141593	0.250000	0.000000
3.658685	3.600000	3.141593	0.250000	0.000000
3.655468	3.600000	3.141593	0.250000	0.000000
3.652252	3.600000	3.141593	0.250000	0.000000
3.649035	3.600000	3.141593	0.250000	0.000000
3.645818	3.600000	3.141593	0.250000	0.000000
3.642602	3.600000	3.141593	0.250000	0.000000
3.639385	3.600000	3.141593	0.250000	0.000000
3.636169	3.600000	3.141593	0.250000	0.000000
3.632952	3.600000	3.141593	0.250000	0.000000
3.629736	3.600000	3.141593	0.250000	0.000000
3.626519	3.600000	3.141593	0.250000	0.000000
3.623302	3.600000	3.141593	0.250000	0.000000
3.620086	3.600000	3.141593	0.250000	0.000000
3.616869	3.600000	3.141593	0.250000	0.000000
3.613653	3.600000	3.141593	0.250000	0.000000
3.610436	3.600000	3.141593	0.250000	0.000000
3.607219	3.600000	3.141593	0.250000	0.000000
3.604003	3.600000	3.141593	0.250000	0.000000
3.600786	3.600000	3.141593	0.250000	0.000000
3.597570	3.600000	3.141593	0.250000	0.000000
3.594353	3.600000	3.141593	0.250000	0.000000
3.591137	3.600000	3.141593	0.250000	0.000000
3.587920	3.600000	3.141593	0.250000	0.000000
3.584703	3.600000	3.141593	0.250000	0.000000
3.581487	3.600000	3.141593	0.250000	0.000000
3.578270	3.600000	3.141593	0.250000	0.000000
3.575054	3.600000	3.141593	0.250000	0.000000
3.571837	3.600000	3.141593	0.250000	0.000000
3.568620	3.600000	3.141593	0.250000	0.000000
3.565404	3.600000	3.141593	0.250000	0.000000
3.562187	3.600000	3.141593	0.250000	0.000000
3.558971	3.600000	3.141593	0.250000	0.000000
3.555754	3.600000	3.141593	0.250000	0.000000
3.552538	3.600000	3.141593	0.250000	0.000000
3.549321	3.600000	3.141593	0.250000	0.000000
3.546104	3.600000	3.141593	0.250000	0.000000
3.542888	3.600000	3.141593	0.250000	0.000000
3.539671	3.600000	3.141593	0.250000	0.000000
3.536455	3.600000	3.141593	0.250000	0.000000
3.533238	3.600000	3.141593	0.250000	0.000000
3.530021	3.600000	3.141593	0.250000	0.000000
3.526805	3.600000	3.141593	0.250000	0.000000
3.523588	3.600000	3.141593	0.250000	0.000000
3.520372	3.600000	3.141593	0.250000	0.000000
3.517155	3.600000	3.141593	0.250000	0.000000
3.513939	3.600000	3.141593	0.250000	0.000000
3.510722	3.600000	3.141593	0.250000	0.000000
3.507505	3.600000	3.141593	0.250000	0.000000
3.504289	3.600000	3.141593	0.250000	0.000000
3.501072	3.600000	3.141593	0.250000	0.000000
3.497856	3.600000	3.141593	0.250000	0.000000
3.494639	3.600000	3.141593	0.250000	0.000000
3.491422	3.600000	3.141593	0.250000	0.000000
3.488206	3.600000	3.141593	0.250000	0.000000
3.484989	3.600000	3.141593	0.250000	0.000000
3.481773	3.600000	3.141593	0.250000	0.000000
3.478556	3.600000	3.141593	0.250000	0.000000
3.475340	3.600000	3.141593	0.250000	0.000000
3.472123	3.600000	3.141593	0.250000	0.000000
3.468906	3.600000	3.141593	0.250000	0.000000
3.465690	3.600000	3.141593	0.250000	0.000000
3.462473	3.600000	3.141593	0.250000	0.000000
3.459257	3.600000	3.141593	0.250000	0.000000
3.456040	3.600000	3.141593	0.250000	0.000000
3.452823	3.600000	3.141593	0.250000	0.000000
3.449607	3.600000	3.141593	0.250000	0.000000
3.446390	3.600000	3.141593	0.250000	0.000000
3.443174	3.600000	3.141593	0.250000	0.000000
3.439957	3.600000	3.141593	0.250000	0.000000
3.436741	3.600000	3.141593	0.250000	0.000000
3.433524	3.600000	3.141593	0.250000	0.000000
3.430307	3.600000	3.141593	0.250000	0.000000
3.427091	3.600000	3.141593	0.250000	0.000000
3.423874	3.600000	3.141593	0.250000	0.000000
3.420658	3.600000	3.141593	0.250000	0.000000
3.417441	3.600000	3.141593	0.250000	0.000000
3.414224	3.600000	3.141593	0.250000	0.000000
3.411008	3.600000	3.141593	0.250000	0.000000
3.407791	3.600000	3.141593	0.250000	0.000000
3.404575	3.600000	3.141593	0.250000	0.000000
3.401358	3.600000	3.141593	0.250000	0.000000
3.398142	3.600000	3.141593	0.250000	0.000000
3.394925	3.600000	3.141593	0.250000	0.000000
3.391708	3.600000	3.141593	0.250000	0.000000
3.388492	3.600000	3.141593	0.250000	0.000000
3.385275	3.600000	3.141593	0.250000	0.000000
3.382059	3.600000	3.141593	0.250000	0.000000
3.378842	3.600000	3.141593	0.250000	0.000000
3.375625	3.600000	3.141593	0.250000	0.000000
3.372409	3.600000	3.141593	0.250000	0.000000
3.369192	3.600000	3.141593	0.250000	0.000000
3.365976	3.600000	3.141593	0.250000	0.000000
3.362759	3.600000	3.141593	0.250000	0.000000
3.359543	3.600000	3.141593	0.250000	0.000000
3.356326	3.600000	3.141593	0.250000	0.000000
3.353109	3.600000	3.141593	0.250000	0.000000
3.349893	3.600000	3.141593	0.250000	0.000000
3.346676	3.600000	3.141593	0.250000	0.000000
3.343460	3.600000	3.141593	0.250000	0.000000
3.340243	3.600000	3.141593	0.250000	0.000000
3.337026	3.600000	3.141593	0.250000	0.000000
3.333810	3.600000	3.141593	0.250000	0.000000
3.330593	3.600000	3.141593	0.250000	0.000000
3.327377	3.600000	3.141593	0.250000	0.000000
3.324160	3.600000	3.141593	0.250000	0.000000
3.320944	3.600000	3.141593	0.250000	0.000000
3.317727	3.600000	3.141593	0.250000	0.000000
3.314510	3.600000	3.141593	0.250000	0.000000
3.311294	3.600000	3.141593	0.250000	0.000000
3.308077	3.600000	3.141593	0.250000	0.000000
3.304861	3.600000	3.141593	0.250000	0.000000
3.301644	3.600000	3.141593	0.250000	0.000000
3.298427	3.600000	3.141593	0.250000	0.000000
3.295211	3.600000	3.141593	0.250000	0.000000
3.291994	3.600000	3.141593	0.250000	0.000000
3.288778	3.600000	3.141593	0.250000	0.000000
3.285561	3.600000	3.141593	0.250000	0.000000
3.282345	3.600000	3.141593	0.250000	0.000000
3.279128	3.600000	3.141593	0.250000	0.000000
3.275911	3.600000	3.141593	0.250000	0.000000
3.272695	3.600000	3.141593	0.250000	0.000000
3.269478	3.600000	3.141593	0.250000	0.000000
3.266262	3.600000	3.141593	0.250000	0.000000
3.263045	3.600000	3.141593	0.250000	0.000000
3.259828	3.600000	3.141593	0.250000	0.000000
3.256612	3.600000	3.141593	0.250000	0.000000
3.253395	3.600000	3.141593	0.250000	0.000000
3.250179	3.600000	3.141593	0.250000	0.000000
3.246962	3.600000	3.141593	0.250000	0.000000
3.243746	3.600000	3.141593	0.250000	0.000000
3.240529	3.600000	3.141593	0.250000	0.000000
3.237312	3.600000	3.141593	0.250000	0.000000
3.234096	3.600000	3.141593	0.250000	0.000000
3.230879	3.600000	3.141593	0.250000	0.000000
3.227663	3.600000	3.141593	0.250000	0.000000
3.224446	3.600000	3.141593	0.250000	0.000000
3.221229	3.600000	3.141593	0.250000	0.000000
3.218013	3.600000	3.141593	0.250000	0.000000
3.214796	3.600000	3.141593	0.250000	0.000000
3.211580	3.600000	3.141593	0.250000	0.000000
3.208363	3.600000	3.141593	0.250000	0.000000
3.205147	3.600000	3.141593	0.250000	0.000000
3.201930	3.600000	3.141593	0.250000	0.000000
3.198713	3.600000	3.141593	0.250000	0.000000
3.195497	3.600000	3.141593	0.250000	0.000000
3.192280	3.600000	3.141593	0.250000	0.000000
3.189064	3.600000	3.141593	0.250000	0.000000
3.185847	3.600000	3.141593	0.250000	0.000000
3.182630	3.600000	3.141593	0.250000	0.000000
3.179414	3.600000	3.141593	0.250000	0.000000
3.176197	3.600000	3.141593	0.250000	0.000000
3.172981	3.600000	3.141593	0.250000	0.000000
3.169764	3.600000	3.141593	0.250000	0.000000
3.166548	3.600000	3.141593	0.250000	0.000000
3.163331	3.600000	3.141593	0.250000	0.000000
3.160114	3.600000	3.141593	0.250000	0.000000
3.156898	3.600000	3.141593	0.250000	0.000000
3.153681	3.600000	3.141593	0.250000	0.000000
3.150465	3.600000	3.141593	0.250000	0.000000
3.147248	3.600000	3.141593	0.250000	0.000000
3.144031	3.600000	3.141593	0.250000	0.000000
3.140815	3.600000	3.141593	0.250000	0.000000
3.137598	3.600000	3.141593	0.250000	0.000000
3.134382	3.600000	3.141593	0.250000	0.000000
3.131165	3.600000	3.141593	0.250000	0.000000
3.127949	3.600000	3.141593	0.250000	0.000000
3.124732	3.600000	3.141593	0.250000	0.000000
3.121515	3.600000	3.141593	0.250000	0.000000
3.118299	3.600000	3.141593	0.250000	0.000000
3.115082	3.600000	3.141593	0.250000	0.000000
3.111866	3.600000	3.141593	0.250000	0.000000
3.108649	3.600000	3.141593	0.250000	0.000000
3.105432	3.600000	3.141593	0.250000	0.000000
3.102216	3.600000	3.141593	0.250000	0.000000
3.098999	3.600000	3.141593	0.250000	0.000000
3.095783	3.600000	3.141593	0.250000	0.000000
3.092566	3.600000	3.141593	0.250000	0.000000
3.089350	3.600000	3.141593	0.250000	0.000000
3.086133	3.600000	3.141593	0.250000	0.000000
3.082916	3.600000	3.141593	0.250000	0.000000
3.079700	3.600000	3.141593	0.250000	0.000000
3.076483	3.600000	3.141593	0.250000	0.000000
3.073267	3.600000	3.141593	0.250000	0.000000
3.070050	3.600000	3.141593	0.250000	0.000000
3.066833	3.600000	3.141593	0.250000	0.000000
3.063617	3.600000	3.141593	0.250000	0.000000
3.060400	3.600000	3.141593	0.250000	0.000000
3.057184	3.600000	3.141593	0.250000	0.000000
3.053967	3.600000	3.141593	0.250000	0.000000
3.050751	3.600000	3.141593	0.250000	0.000000
3.047534	3.600000	3.141593	0.250000	0.000000
3.044317	3.600000	3.141593	0.250000	0.000000
3.041101	3.600000	3.141593	0.250000	0.000000
3.037884	3.600000	3.141593	0.250000	0.000000
3.034668	3.600000	3.141593	0.250000	0.000000
3.031451	3.600000	3.141593	0.250000	0.000000
3.028234	3.600000	3.141593	0.250000	0.000000
3.025018	3.600000	3.141593	0.250000	0.000000
3.021801	3.600000	3.141593	0.250000	0.000000
3.018585	3.600000	3.141593	0.250000	0.000000
3.015368	3.600000	3.141593	0.250000	0.000000
3.012152	3.600000	3.141593	0.250000	0.000000
3.008935	3.600000	3.141593	0.250000	0.000000
3.005718	3.600000	3.141593	0.250000	0.000000
3.002502	3.600000	3.141593	0.250000	0.000000
2.999285	3.600000	3.141593	0.250000	0.000000
2.996069	3.600000	3.141593	0.250000	0.000000
2.992852	3.600000	3.141593	0.250000	0.000000
2.989635	3.600000	3.141593	0.250000	0.000000
2.986419	3.600000	3.141593	0.250000	0.000000
2.983202	3.600000	3.141593	0.250000	0.000000
2.979986	3.600000	3.141593	0.250000	0.000000
2.976769	3.600000	3.141593	0.250000	0.000000
2.973553	3.600000	3.141593	0.250000	0.000000
2.970336	3.600000	3.141593	0.250000	0.000000
2.967119	3.600000	3.141593	0.250000	0.000000
2.963903	3.600000	3.141593	0.250000	0.000000
2.960686	3.600000	3.141593	0.250000	0.000000
2.957470	3.600000	3.141593	0.250000	0.000000
2.954253	3.600000	3.141593	0.250000	0.000000
2.951036	3.600000	3.141593	0.250000	0.000000
2.947820	3.600000	3.141593	0.250000	0.000000
2.944603	3.600000	3.141593	0.250000	0.000000
2.941387	3.600000	3.141593	0.250000	0.000000
2.938170	3.600000	3.141593	0.250000	0.000000
2.934954	3.600000	3.141593	0.250000	0.000000
2.931737	3.600000	3.141593	0.250000	0.000000
2.928520	3.600000	3.141593	0.250000	0.000000
2.925304	3.600000	3.141593	0.250000	0.000000
2.922087	3.600000	3.141593	0.250000	0.000000
2.918871	3.600000	3.141593	0.250000	0.000000
2.915654	3.600000	3.141593	0.250000	0.000000
2.912437	3.600000	3.141593	0.250000	0.000000
2.909221	3.600000	3.141593	0.250000	0.000000
2.906004	3.600000	3.141593	0.250000	0.000000
2.902788	3.600000	3.141593	0.250000	0.000000
2.899571	3.600000	3.141593	0.250000	0.000000
2.896355	3.600000	3.141593	0.250000	0.000000
2.893138	3.600000	3.141593	0.250000	0.000000
2.889921	3.600000	3.141593	0.250000	0.000000
2.886705	3.600000	3.141593	0.250000	0.000000
2.883488	3.600000	3.141593	0.250000	0.000000
2.880272	3.600000	3.141593	0.250000	0.000000
2.877055	3.600000	3.141593	0.250000	0.000000
2.873838	3.600000	3.141593	0.250000	0.000000
2.870622	3.600000	3.141593	0.250000	0.000000
2.867405	3.600000	3.141593	0.250000	0.000000
2.864189	3.600000	3.141593	0.250000	0.000000
2.860972	3.600000	3.141593	0.250000	0.000000
2.857756	3.600000	3.141593	0.250000	0.000000
2.854539	3.600000	3.141593	0.250000	0.000000
2.851322	3.600000	3.141593	0.250000	0.000000
2.848106	3.600000	3.141593	0.250000	0.000000
2.844889	3.600000	3.141593	0.250000	0.000000
2.841673	3.600000	3.141593	0.250000	0.000000
2.838456	3.600000	3.141593	0.250000	0.000000
2.835239	3.600000	3.141593	0.250000	0.000000
2.832023	3.600000	3.141593	0.250000	0.000000
2.828806	3.600000	3.141593	0.250000	0.000000
2.825590	3.600000	3.141593	0.250000	0.000000
2.822373	3.600000	3.141593	0.250000	0.000000
2.819157	3.600000	3.141593	0.250000	0.000000
2.815940	3.600000	3.141593	0.250000	0.000000
2.812723	3.600000	3.141593	0.250000	0.000000
2.809507	3.600000	3.141593	0.250000	0.000000
2.806290	3.600000	3.141593	0.250000	0.000000
2.803074	3.600000	3.141593	0.250000	0.000000
2.799857	3.600000	3.141593	0.250000	0.000000
2.796640	3.600000	3.141593	0.250000	0.000000
2.793424	3.600000	3.141593	0.250000	0.000000
2.790207	3.600000	3.141593	0.250000	0.000000
2.786991	3.600000	3.141593	0.250000	0.000000
2.783774	3.600000	3.141593	0.250000	0.000000
2.780558	3.600000	3.141593	0.250000	0.000000
2.777341	3.600000	3.141593	0.250000	0.000000
2.774124	3.600000	3.141593	0.250000	0.000000
2.770908	3.600000	3.141593	0.250000	0.000000
2.767691	3.600000	3.141593	0.250000	0.000000
2.764475	3.600000	3.141593	0.250000	0.000000
2.761258	3.600000	3.141593	0.250000	0.000000
2.758041	3.600000	3.141593	0.250000	0.000000
2.754825	3.600000	3.141593	0.250000	0.000000
2.751608	3.600000	3.141593	0.250000	0.000000
2.748392	3.600000	3.141593	0.250000	0.000000
2.745175	3.600000	3.141593	0.250000	0.000000
2.741959	3.600000	3.141593	0.250000	0.000000
2.738742	3.600000	3.141593	0.250000	0.000000
2.735525	3.600000	3.141593	0.250000	0.000000
2.732309	3.600000	3.141593	0.250000	0.000000
2.729092	3.600000	3.141593	0.250000	0.000000
2.725876	3.600000	3.141593	0.250000	0.000000
2.722659	3.600000	3.141593	0.250000	0.000000
2.719442	3.600000	3.141593	0.250000	0.000000
2.716226	3.600000	3.141593	0.250000	0.000000
2.713009	3.600000	3.141593	0.250000	0.000000
2.709793	3.600000	3.141593	0.250000	0.000000
2.706576	3.600000	3.141593	0.250000	0.000000
2.703360	3.600000	3.141593	0.250000	0.000000
2.700143	3.600000	3.141593	0.250000	0.000000
2.696926	3.600000	3.141593	0.250000	0.000000
2.693710	3.600000	3.141593	0.250000	0.000000
2.690493	3.600000	3.141593	0.250000	0.000000
2.687277	3.600000	3.141593	0.250000	0.000000
2.684060	3.600000	3.141593	0.250000	0.000000
2.680843	3.600000	3.141593	0.250000	0.000000
2.677627	3.600000	3.141593	0.250000	0.000000
2.674410	3.600000	3.141593	0.250000	0.000000
2.671194	3.600000	3.141593	0.250000	0.000000
2.667977	3.600000	3.141593	0.250000	0.000000
2.664761	3.600000	3.141593	0.250000	0.000000
2.661544	3.600000	3.141593	0.250000	0.000000
2.658327	3.600000	3.141593	0.250000	0.000000
2.655111	3.600000	3.141593	0.250000	0.000000
2.651894	3.600000	3.141593	0.250000	0.000000
2.648678	3.600000	3.141593	0.250000	0.000000
2.645461	3.600000	3.141593	0.250000	0.000000
2.642244	3.600000	3.141593	0.250000	0.000000
2.639028	3.600000	3.141593	0.250000	0.000000
2.635811	3.600000	3.141593	0.250000	0.000000
2.632595	3.600000	3.141593	0.250000	0.000000
2.629378	3.600000	3.141593	0.250000	0.000000
2.626162	3.600000	3.141593	0.250000	0.000000
2.622945	3.600000	3.141593	0.250000	0.000000
2.619728	3.600000	3.141593	0.250000	0.000000
2.616512	3.600000	3.141593	0.250000	0.000000
2.613295	3.600000	3.141593	0.250000	0.000000
2.610079	3.600000	3.141593	0.250000	0.000000
2.606862	3.600000	3.141593	0.250000	0.000000
2.603645	3.600000	3.141593	0.250000	0.000000
2.600429	3.600000	3.141593	0.250000	0.000000
2.597212	3.600000	3.141593	0.250000	0.000000
2.593996	3.600000	3.141593	0.250000	0.000000
2.590779	3.600000	3.141593	0.250000	0.000000
2.587563	3.600000	3.141593	0.250000	0.000000
2.584346	3.600000	3.141593	0.250000	0.000000
2.581129	3.600000	3.141593	0.250000	0.000000
2.577913	3.600000	3.141593	0.250000	0.000000
2.574696	3.600000	3.141593	0.250000	0.000000
2.571480	3.600000	3.141593	0.250000	0.000000
2.568263	3.600000	3.141593	0.250000	0.000000
2.565046	3.600000	3.141593	0.250000	0.000000
2.561830	3.600000	3.141593	0.250000	0.000000
2.558613	3.600000	3.141593	0.250000	0.000000
2.555397	3.600000	3.141593	0.250000	0.000000
2.552180	3.600000	3.141593	0.250000	0.000000
2.548964	3.600000	3.141593	0.250000	0.000000
2.545747	3.600000	3.141593	0.250000	0.000000
2.542530	3.600000	3.141593	0.250000	0.000000
2.539314	3.600000	3.141593	0.250000	0.000000
2.536097	3.600000	3.141593	0.250000	0.000000
2.532881	3.600000	3.141593	0.250000	0.000000
2.529664	3.600000	3.141593	0.250000	0.000000
2.526447	3.600000	3.141593	0.250000	0.000000
2.523231	3.600000	3.141593	0.250000	0.000000
2.520014	3.600000	3.141593	0.250000	0.000000
2.516798	3.600000	3.141593	0.250000	0.000000
2.513581	3.600000	3.141593	0.250000	0.000000
2.510365	3.600000	3.141593	0.250000	0.000000
2.507148	3.600000	3.141593	0.250000	0.000000
2.503931	3.600000	3.141593	0.250000	0.000000
2.500715	3.600000	3.141593	0.250000	0.000000
2.497498	3.600000	3.141593	0.250000	0.000000
2.494282	3.600000	3.141593	0.250000	0.000000
2.491065	3.600000	3.141593	0.250000	0.000000
2.487848	3.600000	3.141593	0.250000	0.000000
2.484632	3.600000	3.141593	0.250000	0.000000
2.481415	3.600000	3.141593	0.250000	0.000000
2.478199	3.600000	3.141593	0.250000	0.000000
2.474982	3.600000	3.141593	0.250000	0.000000
2.471766	3.600000	3.141593	0.250000	0.000000
2.468549	3.600000	3.141593	0.250000	0.000000
2.465332	3.600000	3.141593	0.250000	0.000000
2.462116	3.600000	3.141593	0.250000	0.000000
2.458899	3.600000	3.141593	0.250000	0.000000
2.455683	3.600000	3.141593	0.250000	0.000000
2.452466	3.600000	3.141593	0.250000	0.000000
2.449249	3.600000	3.141593	0.250000	0.000000
2.446033	3.600000	3.141593	0.250000	0.000000
2.442816	3.600000	3.141593	0.250000	0.000000
2.439600	3.600000	3.141593	0.250000	0.000000
2.436383	3.600000	3.141593	0.250000	0.000000
2.433167	3.600000	3.141593	0.250000	0.000000
2.429950	3.600000	3.141593	0.250000	0.000000
2.426733	3.600000	3.141593	0.250000	0.000000
2.423517	3.600000	3.141593	0.250000	0.000000
2.420300	3.600000	3.141593	0.250000	0.000000
2.417084	3.600000	3.141593	0.250000	0.000000
2.413867	3.600000	3.141593	0.250000	0.000000
2.410650	3.600000	3.141593	0.250000	0.000000
2.407434	3.600000	3.141593	0.250000	0.000000
2.404217	3.600000	3.141593	0.250000	0.000000
2.401001	3.600000	3.141593	0.250000	0.000000
2.397784	3.600000	3.141593	0.250000	0.000000
2.394568	3.600000	3.141593	0.250000	0.000000
2.391351	3.600000	3.141593	0.250000	0.000000
2.388134	3.600000	3.141593	0.250000	0.000000
2.384918	3.600000	3.141593	0.250000	0.000000
2.381701	3.600000	3.141593	0.250000	0.000000
2.378485	3.600000	3.141593	0.250000	0.000000
2.375268	3.600000	3.141593	0.250000	0.000000
2.372051	3.600000	3.141593	0.250000	0.000000
2.368835	3.600000	3.141593	0.250000	0.000000
2.365618	3.600000	3.141593	0.250000	0.000000
2.362402	3.600000	3.141593	0.250000	0.000000
2.359185	3.600000	3.141593	0.250000	0.000000
2.355969	3.600000	3.141593	0.250000	0.000000
2.352752	3.600000	3.141593	0.250000	0.000000
2.349535	3.600000	3.141593	0.250000	0.000000
2.346319	3.600000	3.141593	0.250000	0.000000
2.343102	3.600000	3.141593	0.250000	0.000000
2.339886	3.600000	3.141593	0.250000	0.000000
2.336669	3.600000	3.141593	0.250000	0.000000
2.333452	3.600000	3.141593	0.250000	0.000000
2.330236	3.600000	3.141593	0.250000	0.000000
2.327019	3.600000	3.141593	0.250000	0.000000
2.323803	3.600000	3.141593	0.250000	0.000000
2.320586	3.600000	3.141593	0.250000	0.000000
2.317370	3.600000	3.141593	0.250000	0.000000
2.314153	3.600000	3.141593	0.250000	0.000000
2.310936	3.600000	3.141593	0.250000	0.000000
2.307720	3.600000	3.141593	0.250000	0.000000
2.304503	3.600000	3.141593	0.250000	0.000000
2.301287	3.600000	3.141593	0.250000	0.000000
2.298070	3.600000	3.141593	0.250000	0.000000
2.294853	3.600000	3.141593	0.250000	0.000000
2.291637	3.600000	3.141593	0.250000	0.000000
2.288420	3.600000	3.141593	0.250000	0.000000
2.285204	3.600000	3.141593	0.250000	0.000000
2.281987	3.600000	3.141593	0.250000	0.000000
2.278771	3.600000	3.141593	0.250000	0.000000
2.275554	3.600000	3.141593	0.250000	0.000000
2.272337	3.600000	3.141593	0.250000	0.000000
2.269121	3.600000	3.141593	0.250000	0.000000
2.265904	3.600000	3.141593	0.250000	0.000000
2.262688	3.600000	3.141593	0.250000	0.000000
2.259471	3.600000	3.141593	0.250000	0.000000
2.256254	3.600000	3.141593	0.250000	0.000000
2.253038	3.600000	3.141593	0.250000	0.000000
2.249821	3.600000	3.141593	0.250000	0.000000
2.246605	3.600000	3.141593	0.250000	0.000000
2.243388	3.600000	3.141593	0.250000	0.000000
2.240172	3.600000	3.141593	0.250000	0.000000
2.236955	3.600000	3.141593	0.250000	0.000000
2.233738	3.600000	3.141593	0.250000	0.000000
2.230522	3.600000	3.141593	0.250000	0.000000
2.227305	3.600000	3.141593	0.250000	0.000000
2.224089	3.600000	3.141593	0.250000	0.000000
2.220872	3.600000	3.141593	0.250000	0.000000
2.217655	3.600000	3.141593	0.250000	0.000000
2.214439	3.600000	3.141593	0.250000	0.000000
2.211222	3.600000	3.141593	0.250000	0.000000
2.208006	3.600000	3.141593	0.250000	0.000000
2.204789	3.600000	3.141593	0.250000	0.000000
2.201573	3.600000	3.141593	0.250000	0.000000
2.198356	3.600000	3.141593	0.250000	0.000000
2.195139	3.600000	3.141593	0.250000	0.000000
2.191923	3.600000	3.141593	0.250000	0.000000
2.188706	3.600000	3.141593	0.250000	0.000000
2.185490	3.600000	3.141593	0.250000	0.000000
2.182273	3.600000	3.141593	0.250000	0.000000
2.179056	3.600000	3.141593	0.250000	0.000000
2.175840	3.600000	3.141593	0.250000	0.000000
2.172623	3.600000	3.141593	0.250000	0.000000
2.169407	3.600000	3.141593	0.250000	0.000000
2.166190	3.600000	3.141593	0.250000	0.000000
2.162974	3.600000	3.141593	0.250000	0.000000
2.159757	3.600000	3.141593	0.250000	0.000000
2.156540	3.600000	3.141593	0.250000	0.000000
2.153324	3.600000	3.141593	0.250000	0.000000
2.150107	3.600000	3.141593	0.250000	0.000000
2.146891	3.600000	3.141593	0.250000	0.000000
2.143674	3.600000	3.141593	0.250000	0.000000
2.140457	3.600000	3.141593	0.250000	0.000000
2.137241	3.600000	3.141593	0.250000	0.000000
2.134024	3.600000	3.141593	0.250000	0.000000
2.130808	3.600000	3.141593	0.250000	0.000000
2.127591	3.600000	3.141593	0.250000	0.000000
2.124375	3.600000	3.141593	0.250000	0.000000
2.121158	3.600000	3.141593	0.250000	0.000000
2.117941	3.600000	3.141593	0.250000	0.000000
2.114725	3.600000	3.141593	0.250000	0.000000
2.111508	3.600000	3.141593	0.250000	0.000000
2.108292	3.600000	3.141593	0.250000	0.000000
2.105075	3.600000	3.141593	0.250000	0.000000
2.101858	3.600000	3.141593	0.250000	0.000000
2.098642	3.600000	3.141593	0.250000	0.000000
2.095425	3.600000	3.141593	0.250000	0.000000
2.092209	3.600000	3.141593	0.250000	0.000000
2.088992	3.600000	3.141593	0.250000	0.000000
2.085776	3.600000	3.141593	0.250000	0.000000
2.082559	3.600000	3.141593	0.250000	0.000000
2.079342	3.600000	3.141593	0.250000	0.000000
2.076126	3.600000	3.141593	0.250000	0.000000
2.072909	3.600000	3.141593	0.250000	0.000000
2.069693	3.600000	3.141593	0.250000	0.000000
2.066476	3.600000	3.141593	0.250000	0.000000
2.063259	3.600000	3.141593	0.250000	0.000000
2.060043	3.600000	3.141593	0.250000	0.000000
2.056826	3.600000	3.141593	0.250000	0.000000
2.053610	3.600000	3.141593	0.250000	0.000000
2.050393	3.600000	3.141593	0.250000	0.000000
2.047177	3.600000	3.141593	0.250000	0.000000
2.043960	3.600000	3.141593	0.250000	0.000000
2.040743	3.600000	3.141593	0.250000	0.000000
2.037527	3.600000	3.141593	0.250000	0.000000
2.034310	3.600000	3.141593	0.250000	0.000000
2.031094	3.600000	3.141593	0.250000	0.000000
2.027877	3.600000	3.141593	0.250000	0.000000
2.024660	3.600000	3.141593	0.250000	0.000000
2.021444	3.600000	3.141593	0.250000	0.000000
2.018227	3.600000	3.141593	0.250000	0.000000
2.015011	3.600000	3.141593	0.250000	0.000000
2.011794	3.600000	3.141593	0.250000	0.000000
2.008578	3.600000	3.141593	0.250000	0.000000
2.005361	3.600000	3.141593	0.250000	0.000000
2.002144	3.600000	3.141593	0.250000	0.000000
1.998928	3.600000	3.141593	0.250000	0.000000
1.995711	3.600000	3.141593	0.250000	0.000000
1.992495	3.600000	3.141593	0.250000	0.000000
1.989278	3.600000	3.141593	0.250000	0.000000
1.986061	3.600000	3.141593	0.250000	0.000000
1.982845	3.600000	3.141593	0.250000	0.000000
1.979628	3.600000	3.141593	0.250000	0.000000
1.976412	3.600000	3.141593	0.250000	0.000000
1.973195	3.600000	3.141593	0.250000	0.000000
1.969979	3.600000	3.141593	0.250000	0.000000
1.966762	3.600000	3.141593	0.250000	0.000000
1.963545	3.600000	3.141593	0.250000	0.000000
1.960329	3.600000	3.141593	0.250000	0.000000
1.957112	3.600000	3.141593	0.250000	0.000000
1.953896	3.600000	3.141593	0.250000	0.000000
1.950679	3.600000	3.141593	0.250000	0.000000
1.947462	3.600000	3.141593	0.250000	0.000000
1.944246	3.600000	3.141593	0.250000	0.000000
1.941029	3.600000	3.141593	0.250000	0.000000
1.937813	3.600000	3.141593	0.250000	0.000000
1.934596	3.600000	3.141593	0.250000	0.000000
1.931380	3.600000	3.141593	0.250000	0.000000
1.928163	3.600000	3.141593	0.250000	0.000000
1.924946	3.600000	3.141593	0.250000	0.000000
1.921730	3.600000	3.141593	0.250000	0.000000
1.918513	3.600000	3.141593	0.250000	0.000000
1.915297	3.600000	3.141593	0.250000	0.000000
1.912080	3.600000	3.141593	0.250000	0.000000
1.908863	3.600000	3.141593	0.250000	0.000000
1.905647	3.600000	3.141593	0.250000	0.000000
1.902430	3.600000	3.141593	0.250000	0.000000
1.899214	3.600000	3.141593	0.250000	0.000000
1.895997	3.600000	3.141593	0.250000	0.000000
1.892781	3.600000	3.141593	0.250000	0.000000
1.889564	3.600000	3.141593	0.250000	0.000000
1.886347	3.600000	3.141593	0.250000	0.000000
1.883131	3.600000	3.141593	0.250000	0.000000
1.879914	3.600000	3.141593	0.250000	0.000000
1.876698	3.600000	3.141593	0.250000	0.000000
1.873481	3.600000	3.141593	0.250000	0.000000
1.870264	3.600000	3.141593	0.250000	0.000000
1.867048	3.600000	3.141593	0.250000	0.000000
1.863831	3.600000	3.141593	0.250000	0.000000
1.860615	3.600000	3.141593	0.250000	0.000000
1.857398	3.600000	3.141593	0.250000	0.000000
1.854182	3.600000	3.141593	0.250000	0.000000
1.850965	3.600000	3.141593	0.250000	0.000000
1.847748	3.600000	3.141593	0.250000	0.000000
1.844532	3.600000	3.141593	0.250000	0.000000
1.841315	3.600000	3.141593	0.250000	0.000000
1.838099	3.600000	3.141593	0.250000	0.000000
1.834882	3.600000	3.141593	0.250000	0.000000
1.831665	3.600000	3.141593	0.250000	0.000000
1.828449	3.600000	3.141593	0.250000	0.000000
1.825232	3.600000	3.141593	0.250000	0.000000
1.822016	3.600000	3.141593	0.250000	0.000000
1.818799	3.600000	3.141593	0.250000	0.000000
1.815583	3.600000	3.141593	0.250000	0.000000
1.812366	3.600000	3.141593	0.250000	0.000000
1.809149	3.600000	3.141593	0.250000	0.000000
1.805933	3.600000	3.141593	0.250000	0.000000
1.802716	3.600000	3.141593	0.250000	0.000000
1.799500	3.600000	3.141593	0.250000	0.000000
1.796283	3.600000	3.141593	0.250000	0.000000
1.793066	3.600000	3.141593	0.250000	0.000000
1.789850	3.600000	3.141593	0.250000	0.000000
1.786633	3.600000	3.141593	0.250000	0.000000
1.783417	3.600000	3.141593	0.250000	0.000000
1.780200	3.600000	3.141593	0.250000	0.000000
1.776984	3.600000	3.141593	0.250000	0.000000
1.773767	3.600000	3.141593	0.250000	0.000000
1.770550	3.600000	3.141593	0.250000	0.000000
1.767334	3.600000	3.141593	0.250000	0.000000
1.764117	3.600000	3.141593	0.250000	0.000000
1.760901	3.600000	3.141593	0.250000	0.000000
1.757684	3.600000	3.141593	0.250000	0.000000
1.754467	3.600000	3.141593	0.250000	0.000000
1.751251	3.600000	3.141593	0.250000	0.000000
1.748034	3.600000	3.141593	0.250000	0.000000
1.744818	3.600000	3.141593	0.250000	0.000000
1.741601	3.600000	3.141593	0.250000	0.000000
1.738385	3.600000	3.141593	0.250000	0.000000
1.735168	3.600000	3.141593	0.250000	0.000000
1.731951	3.600000	3.141593	0.250000	0.000000
1.728735	3.600000	3.141593	0.250000	0.000000
1.725518	3.600000	3.141593	0.250000	0.000000
1.722302	3.600000	3.141593	0.250000	0.000000
1.719085	3.600000	3.141593	0.250000	0.000000
1.715868	3.600000	3.141593	0.250000	0.000000
1.712652	3.600000	3.141593	0.250000	0.000000
1.709435	3.600000	3.141593	0.250000	0.000000
1.706219	3.600000	3.141593	0.250000	0.000000
1.703002	3.600000	3.141593	0.250000	0.000000
1.699786	3.600000	3.141593	0.250000	0.000000
1.696569	3.600000	3.141593	0.250000	0.000000
1.693352	3.600000	3.141593	0.250000	0.000000
1.690136	3.600000	3.141593	0.250000	0.000000
1.686919	3.600000	3.141593	0.250000	0.000000
1.683703	3.600000	3.141593	0.250000	0.000000
1.680486	3.600000	3.141593	0.250000	0.000000
1.677269	3.600000	3.141593	0.250000	0.000000
1.674053	3.600000	3.141593	0.250000	0.000000
1.670836	3.600000	3.141593	0.250000	0.000000
1.667620	3.600000	3.141593	0.250000	0.000000
1.664403	3.600000	3.141593	0.250000	0.000000
1.661187	3.600000	3.141593	0.250000	0.000000
1.657970	3.600000	3.141593	0.250000	0.000000
1.654753	3.600000	3.141593	0.250000	0.000000
1.651537	3.600000	3.141593	0.250000	0.000000
1.648320	3.600000	3.141593	0.250000	0.000000
1.645104	3.600000	3.141593	0.250000	0.000000
1.641887	3.600000	3.141593	0.250000	0.000000
1.638670	3.600000	3.141593	0.250000	0.000000
1.635454	3.600000	3.141593	0.250000	0.000000
1.632237	3.600000	3.141593	0.250000	0.000000
1.629021	3.600000	3.141593	0.250000	0.000000
1.625804	3.600000	3.141593	0.250000	0.000000
1.622588	3.600000	3.141593	0.250000	0.000000
1.619371	3.600000	3.141593	0.250000	0.000000
1.616154	3.600000	3.141593	0.250000	0.000000
1.612938	3.600000	3.141593	0.250000	0.000000
1.609721	3.600000	3.141593	0.250000	0.000000
1.606505	3.600000	3.141593	0.250000	0.000000
1.603288	3.600000	3.141593	0.250000	0.000000
1.600071	3.600000	3.141593	0.250000	0.000000
1.596855	3.600000	3.141593	0.250000	0.000000
1.593638	3.600000	3.141593	0.250000	0.000000
1.590422	3.600000	3.141593	0.250000	0.000000
1.587205	3.600000	3.141593	0.250000	0.000000
1.583989	3.600000	3.141593	0.250000	0.000000
1.580772	3.600000	3.141593	0.250000	0.000000
1.577555	3.600000	3.141593	0.250000	0.000000
1.574339	3.600000	3.141593	0.250000	0.000000
1.571122	3.600000	3.141593	0.250000	0.000000
1.567906	3.600000	3.141593	0.250000	0.000000
1.564689	3.600000	3.141593	0.250000	0.000000
1.561472	3.600000	3.141593	0.250000	0.000000
1.558256	3.600000	3.141593	0.250000	0.000000
1.555039	3.600000	3.141593	0.250000	0.000000
1.551823	3.600000	3.141593	0.250000	0.000000
1.548606	3.600000	3.141593	0.250000	0.000000
1.545390	3.600000	3.141593	0.250000	0.000000
1.542173	3.600000	3.141593	0.250000	0.000000
1.538956	3.600000	3.141593	0.250000	0.000000
1.535740	3.600000	3.141593	0.250000	0.000000
1.532523	3.600000	3.141593	0.250000	0.000000
1.529307	3.600000	3.141593	0.250000	0.000000
1.526090	3.600000	3.141593	0.250000	0.000000
1.522873	3.600000	3.141593	0.250000	0.000000
1.519657	3.600000	3.141593	0.250000	0.000000
1.516440	3.600000	3.141593	0.250000	0.000000
1.513224	3.600000	3.141593	0.250000	0.000000
1.510007	3.600000	3.141593	0.250000	0.000000
1.506791	3.600000	3.141593	0.250000	0.000000
1.503574	3.600000	3.141593	0.250000	0.000000
1.500357	3.600000	3.141593	0.250000	0.000000
1.497141	3.600000	3.141593	0.250000	0.000000
1.493924	3.600000	3.141593	0.250000	0.000000
1.490708	3.600000	3.141593	0.250000	0.000000
1.487491	3.600000	3.141593	0.250000	0.000000
1.484274	3.600000	3.141593	0.250000	0.000000
1.481058	3.600000	3.141593	0.250000	0.000000
1.477841	3.600000	3.141593	0.250000	0.000000
1.474625	3.600000	3.141593	0.250000	0.000000
1.471408	3.600000	3.141593	0.250000	0.000000
1.468192	3.600000	3.141593	0.250000	0.000000
1.464975	3.600000	3.141593	0.250000	0.000000
1.461758	3.600000	3.141593	0.250000	0.000000
1.458542	3.600000	3.141593	0.250000	0.000000
1.455325	3.600000	3.141593	0.250000	0.000000
1.452109	3.600000	3.141593	0.250000	0.000000
1.448892	3.600000	3.141593	0.250000	0.000000
1.445675	3.600000	3.141593	0.250000	0.000000
1.442459	3.600000	3.141593	0.250000	0.000000
1.439242	3.600000	3.141593	0.250000	0.000000
1.436026	3.600000	3.141593	0.250000	0.000000
1.432809	3.600000	3.141593	0.250000	0.000000
1.429593	3.600000	3.141593	0.250000	0.000000
1.426376	3.600000	3.141593	0.250000	0.000000
1.423159	3.600000	3.141593	0.250000	0.000000
1.419943	3.600000	3.141593	0.250000	0.000000
1.416726	3.600000	3.141593	0.250000	0.000000
1.413510	3.600000	3.141593	0.250000	0.000000
1.410293	3.600000	3.141593	0.250000	0.000000
1.407076	3.600000	3.141593	0.250000	0.000000
1.403860	3.600000	3.141593	0.250000	0.000000
1.400643	3.600000	3.141593	0.250000	0.000000
1.397427	3.600000	3.141593	0.250000	0.000000
1.394210	3.600000	3.141593	0.250000	0.000000
1.390994	3.600000	3.141593	0.250000	0.000000
1.387777	3.600000	3.141593	0.250000	0.000000
1.384560	3.600000	3.141593	0.250000	0.000000
1.381344	3.600000	3.141593	0.250000	0.000000
1.378127	3.600000	3.141593	0.250000	0.000000
1.374911	3.600000	3.141593	0.250000	0.000000
1.371694	3.600000	3.141593	0.250000	0.000000
1.368477	3.600000	3.141593	0.250000	0.000000
1.365261	3.600000	3.141593	0.250000	0.000000
1.362044	3.600000	3.141593	0.250000	0.000000
1.358828	3.600000	3.141593	0.250000	0.000000
1.355611	3.600000	3.141593	0.250000	0.000000
1.352395	3.600000	3.141593	0.250000	0.000000
1.349178	3.600000	3.141593	0.250000	0.000000
1.345961	3.600000	3.141593	0.250000	0.000000
1.342745	3.600000	3.141593	0.250000	0.000000
1.339528	3.600000	3.141593	0.250000	0.000000
1.336312	3.600000	3.141593	0.250000	0.000000
1.333095	3.600000	3.141593	0.250000	0.000000
1.329878	3.600000	3.141593	0.250000	0.000000
1.326662	3.600000	3.141593	0.250000	0.000000
1.323445	3.600000	3.141593	0.250000	0.000000
1.320229	3.600000	3.141593	0.250000	0.000000
1.317012	3.600000	3.141593	0.250000	0.000000
1.313796	3.600000	3.141593	0.250000	0.000000
1.310579	3.600000	3.141593	0.250000	0.000000
1.307362	3.600000	3.141593	0.250000	0.000000
1.304146	3.600000	3.141593	0.250000	0.000000
1.300929	3.600000	3.141593	0.250000	0.000000
1.297713	3.600000	3.141593	0.250000	0.000000
1.294496	3.600000	3.141593	0.250000	0.000000
1.291279	3.600000	3.141593	0.250000	0.000000
1.288063	3.600000	3.141593	0.250000	0.000000
1.284846	3.600000	3.141593	0.250000	0.000000
1.281630	3.600000	3.141593	0.250000	0.000000
1.278413	3.600000	3.141593	0.250000	0.000000
1.275197	3.600000	3.141593	0.250000	0.000000
1.271980	3.600000	3.141593	0.250000	0.000000
1.268763	3.600000	3.141593	0.250000	0.000000
1.265547	3.600000	3.141593	0.250000	0.000000
1.262330	3.600000	3.141593	0.250000	0.000000
1.259114	3.600000	3.141593	0.250000	0.000000
1.255897	3.600000	3.141593	0.250000	0.000000
1.252680	3.600000	3.141593	0.250000	0.000000
1.249464	3.600000	3.141593	0.250000	0.000000
1.246247	3.600000	3.141593	0.250000	0.000000
1.243031	3.600000	3.141593	0.250000	0.000000
1.239814	3.600000	3.141593	0.250000	0.000000
1.236598	3.600000	3.141593	0.250000	0.000000
1.233381	3.600000	3.141593	0.250000	0.000000
1.230164	3.600000	3.141593	0.250000	0.000000
1.226948	3.600000	3.141593	0.250000	0.000000
1.223731	3.600000	3.141593	0.250000	0.000000
1.220515	3.600000	3.141593	0.250000	0.000000
1.217298	3.600000	3.141593	0.250000	0.000000
1.214081	3.600000	3.141593	0.250000	0.000000
1.210865	3.600000	3.141593	0.250000	0.000000
1.207648	3.600000	3.141593	0.250000	0.000000
1.204432	3.600000	3.141593	0.250000	0.000000
1.201215	3.600000	3.141593	0.250000	0.000000
1.197999	3.600000	3.141593	0.250000	0.000000
1.194782	3.600000	3.141593	0.250000	0.000000
1.191565	3.600000	3.141593	0.250000	0.000000
1.188349	3.600000	3.141593	0.250000	0.000000
1.185132	3.600000	3.141593	0.250000	0.000000
1.181916	3.600000	3.141593	0.250000	0.000000
1.178699	3.600000	3.141593	0.250000	0.000000
1.175482	3.600000	3.141593	0.250000	0.000000
1.172266	3.600000	3.141593	0.250000	0.000000
1.169049	3.600000	3.141593	0.250000	0.000000
1.165833	3.600000	3.141593	0.250000	0.000000
1.162616	3.600000	3.141593	0.250000	0.000000
1.159400	3.600000	3.141593	0.250000	0.000000
1.156183	3.600000	3.141593	0.250000	0.000000
1.152966	3.600000	3.141593	0.250000	0.000000
1.149750	3.600000	3.141593	0.250000	0.000000
1.146533	3.600000	3.141593	0.250000	0.000000
1.143317	3.600000	3.141593	0.250000	0.000000
1.140100	3.600000	3.141593	0.250000	0.000000
1.136883	3.600000	3.141593	0.250000	0.000000
1.133667	3.600000	3.141593	0.250000	0.000000
1.130450	3.600000	3.141593	0.250000	0.000000
1.127234	3.600000	3.141593	0.250000	0.000000
1.124017	3.600000	3.141593	0.250000	0.000000
1.120801	3.600000	3.141593	0.250000	0.000000
1.117584	3.600000	3.141593	0.250000	0.000000
1.114367	3.600000	3.141593	0.250000	0.000000
1.111151	3.600000	3.141593	0.250000	0.000000
1.107934	3.600000	3.141593	0.250000	0.000000
1.104718	3.600000	3.141593	0.250000	0.000000
1.101501	3.600000	3.141593	0.250000	0.000000
1.098284	3.600000	3.141593	0.250000	0.000000
1.095068	3.600000	3.141593	0.250000	0.000000
1.091851	3.600000	3.141593	0.250000	0.000000
1.088635	3.600000	3.141593	0.250000	0.000000
1.085418	3.600000	3.141593	0.250000	0.000000
1.082202	3.600000	3.141593	0.250000	0.000000
1.078985	3.600000	3.141593	0.250000	0.000000
1.075768	3.600000	3.141593	0.250000	0.000000
1.072552	3.600000	3.141593	0.250000	0.000000
1.069335	3.600000	3.141593	0.250000	0.000000
1.066119	3.600000	3.141593	0.250000	0.000000
1.062902	3.600000	3.141593	0.250000	0.000000
1.059685	3.600000	3.141593	0.250000	0.000000
1.056469	3.600000	3.141593	0.250000	0.000000
1.053252	3.600000	3.141593	0.250000	0.000000
1.050036	3.600000	3.141593	0.250000	0.000000
1.046819	3.600000	3.141593	0.250000	0.000000
1.043603	3.600000	3.141593	0.250000	0.000000
1.040386	3.600000	3.141593	0.250000	0.000000
1.037169	3.600000	3.141593	0.250000	0.000000
1.033953	3.600000	3.141593	0.250000	0.000000
1.030736	3.600000	3.141593	0.250000	0.000000
1.027520	3.600000	3.141593	0.250000	0.000000
1.024303	3.600000	3.141593	0.250000	0.000000
1.021086	3.600000	3.141593	0.250000	0.000000
1.017870	3.600000	3.141593	0.250000	0.000000
1.014653	3.600000	3.141593	0.250000	0.000000
1.011437	3.600000	3.141593	0.250000	0.000000
1.008220	3.600000	3.141593	0.250000	0.000000
1.005004	3.600000	3.141593	0.250000	0.000000
1.001787	3.600000	3.141593	0.250000	0.000000
0.998570	3.600000	3.141593	0.250000	0.000000
0.995354	3.600000	3.141593	0.250000	0.000000
0.992137	3.600000	3.141593	0.250000	0.000000
0.988921	3.600000	3.141593	0.250000	0.000000
0.985704	3.600000	3.141593	0.250000	0.000000
0.982487	3.600000	3.141593	0.250000	0.000000
0.979271	3.600000	3.141593	0.250000	0.000000
0.976054	3.600000	3.141593	0.250000	0.000000
0.972838	3.600000	3.141593	0.250000	0.000000
0.969621	3.600000	3.141593	0.250000	0.000000
0.966405	3.600000	3.141593	0.250000	0.000000
0.963188	3.600000	3.141593	0.250000	0.000000
0.959971	3.600000	3.141593	0.250000	0.000000
0.956755	3.600000	3.141593	0.250000	0.000000
0.953538	3.600000	3.141593	0.250000	0.000000
0.950322	3.600000	3.141593	0.250000	0.000000
0.947105	3.600000	3.141593	0.250000	0.000000
0.943888	3.600000	3.141593	0.250000	0.000000
0.940672	3.600000	3.141593	0.250000	0.000000
0.937455	3.600000	3.141593	0.250000	0.000000
0.934239	3.600000	3.141593	0.250000	0.000000
0.931022	3.600000	3.141593	0.250000	0.000000
0.927806	3.600000	3.141593	0.250000	0.000000
0.924589	3.600000	3.141593	0.250000	0.000000
0.921372	3.600000	3.141593	0.250000	0.000000
0.918156	3.600000	3.141593	0.250000	0.000000
0.914939	3.600000	3.141593	0.250000	0.000000
0.911723	3.600000	3.141593	0.250000	0.000000
0.908506	3.600000	3.141593	0.250000	0.000000
0.905289	3.600000	3.141593	0.250000	0.000000
0.902073	3.600000	3.141593	0.250000	0.000000
0.898856	3.600000	3.141593	0.250000	0.000000
0.895640	3.600000	3.141593	0.250000	0.000000
0.892423	3.600000	3.141593	0.250000	0.000000
0.889207	3.600000	3.141593	0.250000	0.000000
0.885990	3.600000	3.141593	0.250000	0.000000
0.882773	3.600000	3.141593	0.250000	0.000000
0.879557	3.600000	3.141593	0.250000	0.000000
0.876340	3.600000	3.141593	0.250000	0.000000
0.873124	3.600000	3.141593	0.250000	0.000000
0.869907	3.600000	3.141593	0.250000	0.000000
0.866690	3.600000	3.141593	0.250000	0.000000
0.863474	3.600000	3.141593	0.250000	0.000000
0.860257	3.600000	3.141593	0.250000	0.000000
0.857041	3.600000	3.141593	0.250000	0.000000
0.853824	3.600000	3.141593	0.250000	0.000000
0.850608	3.600000	3.141593	0.250000	0.000000
0.847391	3.600000	3.141593	0.250000	0.000000
0.844174	3.600000	3.141593	0.250000	0.000000
0.840958	3.600000	3.141593	0.250000	0.000000
0.837741	3.600000	3.141593	0.250000	0.000000
0.834525	3.600000	3.141593	0.250000	0.000000
0.831308	3.600000	3.141593	0.250000	0.000000
0.828091	3.600000	3.141593	0.250000	0.000000
0.824875	3.600000	3.141593	0.250000	0.000000
0.821658	3.600000	3.141593	0.250000	0.000000
0.818442	3.600000	3.141593	0.250000	0.000000
0.815225	3.600000	3.141593	0.250000	0.000000
0.812009	3.600000	3.141593	0.250000	0.000000
0.808792	3.600000	3.141593	0.250000	0.000000
0.805575	3.600000	3.141593	0.250000	0.000000
0.802359	3.600000	3.141593	0.250000	0.000000
0.799142	3.600000	3.141593	0.250000	0.000000
0.795926	3.600000	3.141593	0.250000	0.000000
0.792709	3.600000	3.141593	0.250000	0.000000
0.789492	3.600000	3.141593	0.250000	0.000000
0.786276	3.600000	3.141593	0.250000	0.000000
0.783059	3.600000	3.141593	0.250000	0.000000
0.779843	3.600000	3.141593	0.250000	0.000000
0.776626	3.600000	3.141593	0.250000	0.000000
0.773410	3.600000	3.141593	0.250000	0.000000
0.770193	3.600000	3.141593	0.250000	0.000000
0.766976	3.600000	3.141593	0.250000	0.000000
0.763760	3.600000	3.141593	0.250000	0.000000
0.760543	3.600000	3.141593	0.250000	0.000000
0.757327	3.600000	3.141593	0.250000	0.000000
0.754110	3.600000	3.141593	0.250000	0.000000
0.750893	3.600000	3.141593	0.250000	0.000000
0.747677	3.600000	3.141593	0.250000	0.000000
0.744460	3.600000	3.141593	0.250000	0.000000
0.741244	3.600000	3.141593	0.250000	0.000000
0.738027	3.600000	3.141593	0.250000	0.000000
0.734811	3.600000	3.141593	0.250000	0.000000
0.731594	3.600000	3.141593	0.250000	0.000000
0.728377	3.600000	3.141593	0.250000	0.000000
0.725161	3.600000	3.141593	0.250000	0.000000
0.721944	3.600000	3.141593	0.250000	0.000000
0.718728	3.600000	3.141593	0.250000	0.000000
0.715511	3.600000	3.141593	0.250000	0.000000
0.712294	3.600000	3.141593	0.250000	0.000000
0.709078	3.600000	3.141593	0.250000	0.000000
0.705861	3.600000	3.141593	0.250000	0.000000
0.702645	3.600000	3.141593	0.250000	0.000000
0.699428	3.600000	3.141593	0.250000	0.000000
0.696212	3.600000	3.141593	0.250000	0.000000
0.692995	3.600000	3.141593	0.250000	0.000000
0.689778	3.600000	3.141593	0.250000	0.000000
0.686562	3.600000	3.141593	0.250000	0.000000
0.683345	3.600000	3.141593	0.250000	0.000000
0.680129	3.600000	3.141593	0.250000	0.000000
0.676912	3.600000	3.141593	0.250000	0.000000
0.673695	3.600000	3.141593	0.250000	0.000000
0.670479	3.600000	3.141593	0.250000	0.000000
0.667262	3.600000	3.141593	0.250000	0.000000
0.664046	3.600000	3.141593	0.250000	0.000000
0.660829	3.600000	3.141593	0.250000	0.000000
0.657613	3.600000	3.141593	0.250000	0.000000
0.654396	3.600000	3.141593	0.250000	0.000000
0.651179	3.600000	3.141593	0.250000	0.000000
0.647963	3.600000	3.141593	0.250000	0.000000
0.644746	3.600000	3.141593	0.250000	0.000000
0.641530	3.600000	3.141593	0.250000	0.000000
0.638313	3.600000	3.141593	0.250000	0.000000
0.635096	3.600000	3.141593	0.250000	0.000000
0.631880	3.600000	3.141593	0.250000	0.000000
0.628663	3.600000	3.141593	0.250000	0.000000
0.625447	3.600000	3.141593	0.250000	0.000000
0.622230	3.600000	3.141593	0.250000	0.000000
0.619014	3.600000	3.141593	0.250000	0.000000
0.615797	3.600000	3.141593	0.250000	0.000000
0.612580	3.600000	3.141593	0.250000	0.000000
0.609364	3.600000	3.141593	0.250000	0.000000
0.606147	3.600000	3.141593	0.250000	0.000000
0.602931	3.600000	3.141593	0.250000	0.000000
0.599714	3.600000	3.141593	0.250000	0.000000
0.596497	3.600000	3.141593	0.250000	0.000000
0.593281	3.600000	3.141593	0.250000	0.000000
0.590064	3.600000	3.141593	0.250000	0.000000
0.586848	3.600000	3.141593	0.250000	0.000000
0.583631	3.600000	3.141593	0.250000	0.000000
0.580415	3.600000	3.141593	0.250000	0.000000
0.577198	3.600000	3.141593	0.250000	0.000000
0.573981	3.600000	3.141593	0.250000	0.000000
0.570765	3.600000	3.141593	0.250000	0.000000
0.567548	3.600000	3.141593	0.250000	0.000000
0.564332	3.600000	3.141593	0.250000	0.000000
0.561115	3.600000	3.141593	0.250000	0.000000
0.557898	3.600000	3.141593	0.250000	0.000000
0.554682	3.600000	3.141593	0.250000	0.000000
0.551465	3.600000	3.141593	0.250000	0.000000
0.548249	3.600000	3.141593	0.250000	0.000000
0.545032	3.600000	3.141593	0.250000	0.000000
0.541816	3.600000	3.141593	0.250000	0.000000
0.538599	3.600000	3.141593	0.250000	0.000000
0.535382	3.600000	3.141593	0.250000	0.000000
0.532166	3.600000	3.141593	0.250000	0.000000
0.528949	3.600000	3.141593	0.250000	0.000000
0.525733	3.600000	3.141593	0.250000	0.000000
0.522516	3.600000	3.141593	0.250000	0.000000
0.519299	3.600000	3.141593	0.250000	0.000000
0.516083	3.600000	3.141593	0.250000	0.000000
0.512866	3.600000	3.141593	0.250000	0.000000
0.509650	3.600000	3.141593	0.250000	0.000000
0.506433	3.600000	3.141593	0.250000	0.000000
0.503217	3.600000	3.141593	0.250000	0.000000
0.500000	3.600000	3.141593	0.250000	0.000000
