0.6	0.6	0.7853981633974483	0.25	0
0.6035025017869907	0.6035025017869907	0.7853981633974483	0.25	0
0.6070050035739815	0.6070050035739815	0.7853981633974483	0.25	0
0.6105075053609722	0.6105075053609722	0.7853981633974483	0.25	0
0.6140100071479629	0.6140100071479629	0.7853981633974483	0.25	0
0.6175125089349537	0.6175125089349537	0.7853981633974483	0.25	0
0.6210150107219444	0.6210150107219444	0.7853981633974483	0.25	0
0.6245175125089352	0.6245175125089352	0.7853981633974483	0.25	0
0.6280200142959259	0.6280200142959259	0.7853981633974483	0.25	0
0.6315225160829167	0.6315225160829167	0.7853981633974483	0.25	0
0.6350250178699074	0.6350250178699074	0.7853981633974483	0.25	0
0.6385275196568981	0.6385275196568981	0.7853981633974483	0.25	0
0.6420300214438889	0.6420300214438889	0.7853981633974483	0.25	0
0.6455325232308796	0.6455325232308796	0.7853981633974483	0.25	0
0.6490350250178704	0.6490350250178704	0.7853981633974483	0.25	0
0.6525375268048611	0.6525375268048611	0.7853981633974483	0.25	0
0.6560400285918518	0.6560400285918518	0.7853981633974483	0.25	0
0.6595425303788426	0.6595425303788426	0.7853981633974483	0.25	0
0.6630450321658333	0.6630450321658333	0.7853981633974483	0.25	0
0.6665475339528241	0.6665475339528241	0.7853981633974483	0.25	0
0.6700500357398148	0.6700500357398148	0.7853981633974483	0.25	0
0.6735525375268056	0.6735525375268056	0.7853981633974483	0.25	0
0.6770550393137963	0.6770550393137963	0.7853981633974483	0.25	0
0.680557541100787	0.680557541100787	0.7853981633974483	0.25	0
0.6840600428877778	0.6840600428877778	0.7853981633974483	0.25	0
0.6875625446747685	0.6875625446747685	0.7853981633974483	0.25	0
0.6910650464617593	0.6910650464617593	0.7853981633974483	0.25	0
0.69456754824875	0.69456754824875	0.7853981633974483	0.25	0
0.6980700500357407	0.6980700500357407	0.7853981633974483	0.25	0
0.7015725518227315	0.7015725518227315	0.7853981633974483	0.25	0
0.7050750536097222	0.7050750536097222	0.7853981633974483	0.25	0
0.708577555396713	0.708577555396713	0.7853981633974483	0.25	0
0.7120800571837037	0.7120800571837037	0.7853981633974483	0.25	0
0.7155825589706944	0.7155825589706944	0.7853981633974483	0.25	0
0.7190850607576852	0.7190850607576852	0.7853981633974483	0.25	0
0.7225875625446759	0.7225875625446759	0.7853981633974483	0.25	0
0.7260900643316667	0.7260900643316667	0.7853981633974483	0.25	0
0.7295925661186574	0.7295925661186574	0.7853981633974483	0.25	0
0.7330950679056482	0.7330950679056482	0.7853981633974483	0.25	0
0.7365975696926389	0.7365975696926389	0.7853981633974483	0.25	0
0.7401000714796296	0.7401000714796296	0.7853981633974483	0.25	0
0.7436025732666204	0.7436025732666204	0.7853981633974483	0.25	0
0.7471050750536111	0.7471050750536111	0.7853981633974483	0.25	0
0.7506075768406019	0.7506075768406019	0.7853981633974483	0.25	0
0.7541100786275926	0.7541100786275926	0.7853981633974483	0.25	0
0.7576125804145833	0.7576125804145833	0.7853981633974483	0.25	0
0.7611150822015741	0.7611150822015741	0.7853981633974483	0.25	0
0.7646175839885648	0.7646175839885648	0.7853981633974483	0.25	0
0.7681200857755556	0.7681200857755556	0.7853981633974483	0.25	0
0.7716225875625463	0.7716225875625463	0.7853981633974483	0.25	0
0.775125089349537	0.775125089349537	0.7853981633974483	0.25	0
0.7786275911365278	0.7786275911365278	0.7853981633974483	0.25	0
0.7821300929235185	0.7821300929235185	0.7853981633974483	0.25	0
0.7856325947105093	0.7856325947105093	0.7853981633974483	0.25	0
0.7891350964975	0.7891350964975	0.7853981633974483	0.25	0
0.7926375982844908	0.7926375982844908	0.7853981633974483	0.25	0
0.7961401000714815	0.7961401000714815	0.7853981633974483	0.25	0
0.7996426018584722	0.7996426018584722	0.7853981633974483	0.25	0
0.803145103645463	0.803145103645463	0.7853981633974483	0.25	0
0.8066476054324537	0.8066476054324537	0.7853981633974483	0.25	0
0.8101501072194445	0.8101501072194445	0.7853981633974483	0.25	0
0.8136526090064352	0.8136526090064352	0.7853981633974483	0.25	0
0.817155110793426	0.817155110793426	0.7853981633974483	0.25	0
0.8206576125804167	0.8206576125804167	0.7853981633974483	0.25	0
0.8241601143674074	0.8241601143674074	0.7853981633974483	0.25	0
0.8276626161543982	0.8276626161543982	0.7853981633974483	0.25	0
0.8311651179413889	0.8311651179413889	0.7853981633974483	0.25	0
0.8346676197283797	0.8346676197283797	0.7853981633974483	0.25	0
0.8381701215153704	0.8381701215153704	0.7853981633974483	0.25	0
0.8416726233023611	0.8416726233023611	0.7853981633974483	0.25	0
0.8451751250893519	0.8451751250893519	0.7853981633974483	0.25	0
0.8486776268763426	0.8486776268763426	0.7853981633974483	0.25	0
0.8521801286633334	0.8521801286633334	0.7853981633974483	0.25	0
0.8556826304503241	0.8556826304503241	0.7853981633974483	0.25	0
0.8591851322373149	0.8591851322373149	0.7853981633974483	0.25	0
0.8626876340243056	0.8626876340243056	0.7853981633974483	0.25	0
0.8661901358112963	0.8661901358112963	0.7853981633974483	0.25	0
0.8696926375982871	0.8696926375982871	0.7853981633974483	0.25	0
0.8731951393852778	0.8731951393852778	0.7853981633974483	0.25	0
0.8766976411722686	0.8766976411722686	0.7853981633974483	0.25	0
0.8802001429592593	0.8802001429592593	0.7853981633974483	0.25	0
0.88370264474625	0.88370264474625	0.7853981633974483	0.25	0
0.8872051465332408	0.8872051465332408	0.7853981633974483	0.25	0
0.8907076483202315	0.8907076483202315	0.7853981633974483	0.25	0
0.8942101501072223	0.8942101501072223	0.7853981633974483	0.25	0
0.897712651894213	0.897712651894213	0.7853981633974483	0.25	0
0.9012151536812038	0.9012151536812038	0.7853981633974483	0.25	0
0.9047176554681945	0.9047176554681945	0.7853981633974483	0.25	0
0.9082201572551852	0.9082201572551852	0.7853981633974483	0.25	0
0.911722659042176	0.911722659042176	0.7853981633974483	0.25	0
0.9152251608291667	0.9152251608291667	0.7853981633974483	0.25	0
0.9187276626161575	0.9187276626161575	0.7853981633974483	0.25	0
0.9222301644031482	0.9222301644031482	0.7853981633974483	0.25	0
0.9257326661901389	0.9257326661901389	0.7853981633974483	0.25	0
0.9292351679771297	0.9292351679771297	0.7853981633974483	0.25	0
0.9327376697641204	0.9327376697641204	0.7853981633974483	0.25	0
0.9362401715511112	0.9362401715511112	0.7853981633974483	0.25	0
0.9397426733381019	0.9397426733381019	0.7853981633974483	0.25	0
0.9432451751250926	0.9432451751250926	0.7853981633974483	0.25	0
0.9467476769120834	0.9467476769120834	0.7853981633974483	0.25	0
0.9502501786990741	0.9502501786990741	0.7853981633974483	0.25	0
0.9537526804860649	0.9537526804860649	0.7853981633974483	0.25	0
0.9572551822730556	0.9572551822730556	0.7853981633974483	0.25	0
0.9607576840600464	0.9607576840600464	0.7853981633974483	0.25	0
0.9642601858470371	0.9642601858470371	0.7853981633974483	0.25	0
0.9677626876340278	0.9677626876340278	0.7853981633974483	0.25	0
0.9712651894210186	0.9712651894210186	0.7853981633974483	0.25	0
0.9747676912080093	0.9747676912080093	0.7853981633974483	0.25	0
0.9782701929950001	0.9782701929950001	0.7853981633974483	0.25	0
0.9817726947819908	0.9817726947819908	0.7853981633974483	0.25	0
0.9852751965689815	0.9852751965689815	0.7853981633974483	0.25	0
0.9887776983559723	0.9887776983559723	0.7853981633974483	0.25	0
0.992280200142963	0.992280200142963	0.7853981633974483	0.25	0
0.9957827019299538	0.9957827019299538	0.7853981633974483	0.25	0
0.9992852037169445	0.9992852037169445	0.7853981633974483	0.25	0
1.0027877055039351	1.0027877055039351	0.7853981633974483	0.25	0
1.0062902072909259	1.0062902072909259	0.7853981633974483	0.25	0
1.0097927090779166	1.0097927090779166	0.7853981633974483	0.25	0
1.0132952108649074	1.0132952108649074	0.7853981633974483	0.25	0
1.0167977126518981	1.0167977126518981	0.7853981633974483	0.25	0
1.0203002144388889	1.0203002144388889	0.7853981633974483	0.25	0
1.0238027162258796	1.0238027162258796	0.7853981633974483	0.25	0
1.0273052180128703	1.0273052180128703	0.7853981633974483	0.25	0
1.030807719799861	1.030807719799861	0.7853981633974483	0.25	0
1.0343102215868518	1.0343102215868518	0.7853981633974483	0.25	0
1.0378127233738426	1.0378127233738426	0.7853981633974483	0.25	0
1.0413152251608333	1.0413152251608333	0.7853981633974483	0.25	0
1.044817726947824	1.044817726947824	0.7853981633974483	0.25	0
1.0483202287348148	1.0483202287348148	0.7853981633974483	0.25	0
1.0518227305218055	1.0518227305218055	0.7853981633974483	0.25	0
1.0553252323087963	1.0553252323087963	0.7853981633974483	0.25	0
1.058827734095787	1.058827734095787	0.7853981633974483	0.25	0
1.0623302358827778	1.0623302358827778	0.7853981633974483	0.25	0
1.0658327376697685	1.0658327376697685	0.7853981633974483	0.25	0
1.0693352394567592	1.0693352394567592	0.7853981633974483	0.25	0
1.07283774124375	1.07283774124375	0.7853981633974483	0.25	0
1.0763402430307407	1.0763402430307407	0.7853981633974483	0.25	0
1.0798427448177315	1.0798427448177315	0.7853981633974483	0.25	0
1.0833452466047222	1.0833452466047222	0.7853981633974483	0.25	0
1.086847748391713	1.086847748391713	0.7853981633974483	0.25	0
1.0903502501787037	1.0903502501787037	0.7853981633974483	0.25	0
1.0938527519656944	1.0938527519656944	0.7853981633974483	0.25	0
1.0973552537526852	1.0973552537526852	0.7853981633974483	0.25	0
1.100857755539676	1.100857755539676	0.7853981633974483	0.25	0
1.1043602573266667	1.1043602573266667	0.7853981633974483	0.25	0
1.1078627591136574	1.1078627591136574	0.7853981633974483	0.25	0
1.1113652609006481	1.1113652609006481	0.7853981633974483	0.25	0
1.1148677626876389	1.1148677626876389	0.7853981633974483	0.25	0
1.1183702644746296	1.1183702644746296	0.7853981633974483	0.25	0
1.1218727662616204	1.1218727662616204	0.7853981633974483	0.25	0
1.125375268048611	1.125375268048611	0.7853981633974483	0.25	0
1.1288777698356018	1.1288777698356018	0.7853981633974483	0.25	0
1.1323802716225926	1.1323802716225926	0.7853981633974483	0.25	0
1.1358827734095833	1.1358827734095833	0.7853981633974483	0.25	0
1.139385275196574	1.139385275196574	0.7853981633974483	0.25	0
1.1428877769835648	1.1428877769835648	0.7853981633974483	0.25	0
1.1463902787705555	1.1463902787705555	0.7853981633974483	0.25	0
1.1498927805575463	1.1498927805575463	0.7853981633974483	0.25	0
1.153395282344537	1.153395282344537	0.7853981633974483	0.25	0
1.1568977841315278	1.1568977841315278	0.7853981633974483	0.25	0
1.1604002859185185	1.1604002859185185	0.7853981633974483	0.25	0
1.1639027877055093	1.1639027877055093	0.7853981633974483	0.25	0
1.1674052894925	1.1674052894925	0.7853981633974483	0.25	0
1.1709077912794907	1.1709077912794907	0.7853981633974483	0.25	0
1.1744102930664815	1.1744102930664815	0.7853981633974483	0.25	0
1.1779127948534722	1.1779127948534722	0.7853981633974483	0.25	0
1.181415296640463	1.181415296640463	0.7853981633974483	0.25	0
1.1849177984274537	1.1849177984274537	0.7853981633974483	0.25	0
1.1884203002144444	1.1884203002144444	0.7853981633974483	0.25	0
1.1919228020014352	1.1919228020014352	0.7853981633974483	0.25	0
1.195425303788426	1.195425303788426	0.7853981633974483	0.25	0
1.1989278055754167	1.1989278055754167	0.7853981633974483	0.25	0
1.2024303073624074	1.2024303073624074	0.7853981633974483	0.25	0
1.2059328091493982	1.2059328091493982	0.7853981633974483	0.25	0
1.209435310936389	1.209435310936389	0.7853981633974483	0.25	0
1.2129378127233796	1.2129378127233796	0.7853981633974483	0.25	0
1.2164403145103704	1.2164403145103704	0.7853981633974483	0.25	0
1.2199428162973611	1.2199428162973611	0.7853981633974483	0.25	0
1.2234453180843519	1.2234453180843519	0.7853981633974483	0.25	0
1.2269478198713426	1.2269478198713426	0.7853981633974483	0.25	0
1.2304503216583333	1.2304503216583333	0.7853981633974483	0.25	0
1.233952823445324	1.233952823445324	0.7853981633974483	0.25	0
1.2374553252323148	1.2374553252323148	0.7853981633974483	0.25	0
1.2409578270193056	1.2409578270193056	0.7853981633974483	0.25	0
1.2444603288062963	1.2444603288062963	0.7853981633974483	0.25	0
1.247962830593287	1.247962830593287	0.7853981633974483	0.25	0
1.2514653323802778	1.2514653323802778	0.7853981633974483	0.25	0
1.2549678341672685	1.2549678341672685	0.7853981633974483	0.25	0
1.2584703359542593	1.2584703359542593	0.7853981633974483	0.25	0
1.26197283774125	1.26197283774125	0.7853981633974483	0.25	0
1.2654753395282408	1.2654753395282408	0.7853981633974483	0.25	0
1.2689778413152315	1.2689778413152315	0.7853981633974483	0.25	0
1.2724803431022222	1.2724803431022222	0.7853981633974483	0.25	0
1.275982844889213	1.275982844889213	0.7853981633974483	0.25	0
1.2794853466762037	1.2794853466762037	0.7853981633974483	0.25	0
1.2829878484631945	1.2829878484631945	0.7853981633974483	0.25	0
1.2864903502501852	1.2864903502501852	0.7853981633974483	0.25	0
1.289992852037176	1.289992852037176	0.7853981633974483	0.25	0
1.2934953538241667	1.2934953538241667	0.7853981633974483	0.25	0
1.2969978556111574	1.2969978556111574	0.7853981633974483	0.25	0
1.3005003573981482	1.3005003573981482	0.7853981633974483	0.25	0
1.304002859185139	1.304002859185139	0.7853981633974483	0.25	0
1.3075053609721297	1.3075053609721297	0.7853981633974483	0.25	0
1.3110078627591204	1.3110078627591204	0.7853981633974483	0.25	0
1.3145103645461111	1.3145103645461111	0.7853981633974483	0.25	0
1.3180128663331019	1.3180128663331019	0.7853981633974483	0.25	0
1.3215153681200926	1.3215153681200926	0.7853981633974483	0.25	0
1.3250178699070834	1.3250178699070834	0.7853981633974483	0.25	0
1.328520371694074	1.328520371694074	0.7853981633974483	0.25	0
1.3320228734810649	1.3320228734810649	0.7853981633974483	0.25	0
1.3355253752680556	1.3355253752680556	0.7853981633974483	0.25	0
1.3390278770550463	1.3390278770550463	0.7853981633974483	0.25	0
1.342530378842037	1.342530378842037	0.7853981633974483	0.25	0
1.3460328806290278	1.3460328806290278	0.7853981633974483	0.25	0
1.3495353824160186	1.3495353824160186	0.7853981633974483	0.25	0
1.3530378842030093	1.3530378842030093	0.7853981633974483	0.25	0
1.35654038599	1.35654038599	0.7853981633974483	0.25	0
1.3600428877769908	1.3600428877769908	0.7853981633974483	0.25	0
1.3635453895639815	1.3635453895639815	0.7853981633974483	0.25	0
1.3670478913509723	1.3670478913509723	0.7853981633974483	0.25	0
1.370550393137963	1.370550393137963	0.7853981633974483	0.25	0
1.3740528949249537	1.3740528949249537	0.7853981633974483	0.25	0
1.3775553967119445	1.3775553967119445	0.7853981633974483	0.25	0
1.3810578984989352	1.3810578984989352	0.7853981633974483	0.25	0
1.384560400285926	1.384560400285926	0.7853981633974483	0.25	0
1.3880629020729167	1.3880629020729167	0.7853981633974483	0.25	0
1.3915654038599075	1.3915654038599075	0.7853981633974483	0.25	0
1.3950679056468982	1.3950679056468982	0.7853981633974483	0.25	0
1.398570407433889	1.398570407433889	0.7853981633974483	0.25	0
1.4020729092208797	1.4020729092208797	0.7853981633974483	0.25	0
1.4055754110078704	1.4055754110078704	0.7853981633974483	0.25	0
1.4090779127948612	1.4090779127948612	0.7853981633974483	0.25	0
1.412580414581852	1.412580414581852	0.7853981633974483	0.25	0
1.4160829163688426	1.4160829163688426	0.7853981633974483	0.25	0
1.4195854181558334	1.4195854181558334	0.7853981633974483	0.25	0
1.4230879199428241	1.4230879199428241	0.7853981633974483	0.25	0
1.4265904217298149	1.4265904217298149	0.7853981633974483	0.25	0
1.4300929235168056	1.4300929235168056	0.7853981633974483	0.25	0
1.4335954253037964	1.4335954253037964	0.7853981633974483	0.25	0
1.437097927090787	1.437097927090787	0.7853981633974483	0.25	0
1.4406004288777778	1.4406004288777778	0.7853981633974483	0.25	0
1.4441029306647686	1.4441029306647686	0.7853981633974483	0.25	0
1.4476054324517593	1.4476054324517593	0.7853981633974483	0.25	0
1.45110793423875	1.45110793423875	0.7853981633974483	0.25	0
1.4546104360257408	1.4546104360257408	0.7853981633974483	0.25	0
1.4581129378127315	1.4581129378127315	0.7853981633974483	0.25	0
1.4616154395997223	1.4616154395997223	0.7853981633974483	0.25	0
1.465117941386713	1.465117941386713	0.7853981633974483	0.25	0
1.4686204431737038	1.4686204431737038	0.7853981633974483	0.25	0
1.4721229449606945	1.4721229449606945	0.7853981633974483	0.25	0
1.4756254467476853	1.4756254467476853	0.7853981633974483	0.25	0
1.479127948534676	1.479127948534676	0.7853981633974483	0.25	0
1.4826304503216667	1.4826304503216667	0.7853981633974483	0.25	0
1.4861329521086575	1.4861329521086575	0.7853981633974483	0.25	0
1.4896354538956482	1.4896354538956482	0.7853981633974483	0.25	0
1.493137955682639	1.493137955682639	0.7853981633974483	0.25	0
1.4966404574696297	1.4966404574696297	0.7853981633974483	0.25	0
1.5001429592566204	1.5001429592566204	0.7853981633974483	0.25	0
1.5036454610436112	1.5036454610436112	0.7853981633974483	0.25	0
1.507147962830602	1.507147962830602	0.7853981633974483	0.25	0
1.5106504646175927	1.5106504646175927	0.7853981633974483	0.25	0
1.5141529664045834	1.5141529664045834	0.7853981633974483	0.25	0
1.5176554681915742	1.5176554681915742	0.7853981633974483	0.25	0
1.521157969978565	1.521157969978565	0.7853981633974483	0.25	0
1.5246604717655556	1.5246604717655556	0.7853981633974483	0.25	0
1.5281629735525464	1.5281629735525464	0.7853981633974483	0.25	0
1.5316654753395371	1.5316654753395371	0.7853981633974483	0.25	0
1.5351679771265279	1.5351679771265279	0.7853981633974483	0.25	0
1.5386704789135186	1.5386704789135186	0.7853981633974483	0.25	0
1.5421729807005093	1.5421729807005093	0.7853981633974483	0.25	0
1.5456754824875	1.5456754824875	0.7853981633974483	0.25	0
1.5491779842744908	1.5491779842744908	0.7853981633974483	0.25	0
1.5526804860614816	1.5526804860614816	0.7853981633974483	0.25	0
1.5561829878484723	1.5561829878484723	0.7853981633974483	0.25	0
1.559685489635463	1.559685489635463	0.7853981633974483	0.25	0
1.5631879914224538	1.5631879914224538	0.7853981633974483	0.25	0
1.5666904932094445	1.5666904932094445	0.7853981633974483	0.25	0
1.5701929949964353	1.5701929949964353	0.7853981633974483	0.25	0
1.573695496783426	1.573695496783426	0.7853981633974483	0.25	0
1.5771979985704168	1.5771979985704168	0.7853981633974483	0.25	0
1.5807005003574075	1.5807005003574075	0.7853981633974483	0.25	0
1.5842030021443982	1.5842030021443982	0.7853981633974483	0.25	0
1.587705503931389	1.587705503931389	0.7853981633974483	0.25	0
1.5912080057183797	1.5912080057183797	0.7853981633974483	0.25	0
1.5947105075053705	1.5947105075053705	0.7853981633974483	0.25	0
1.5982130092923612	1.5982130092923612	0.7853981633974483	0.25	0
1.601715511079352	1.601715511079352	0.7853981633974483	0.25	0
1.6052180128663427	1.6052180128663427	0.7853981633974483	0.25	0
1.6087205146533334	1.6087205146533334	0.7853981633974483	0.25	0
1.6122230164403242	1.6122230164403242	0.7853981633974483	0.25	0
1.615725518227315	1.615725518227315	0.7853981633974483	0.25	0
1.6192280200143057	1.6192280200143057	0.7853981633974483	0.25	0
1.6227305218012964	1.6227305218012964	0.7853981633974483	0.25	0
1.6262330235882871	1.6262330235882871	0.7853981633974483	0.25	0
1.6297355253752779	1.6297355253752779	0.7853981633974483	0.25	0
1.6332380271622686	1.6332380271622686	0.7853981633974483	0.25	0
1.6367405289492594	1.6367405289492594	0.7853981633974483	0.25	0
1.64024303073625	1.64024303073625	0.7853981633974483	0.25	0
1.6437455325232408	1.6437455325232408	0.7853981633974483	0.25	0
1.6472480343102316	1.6472480343102316	0.7853981633974483	0.25	0
1.6507505360972223	1.6507505360972223	0.7853981633974483	0.25	0
1.654253037884213	1.654253037884213	0.7853981633974483	0.25	0
1.6577555396712038	1.6577555396712038	0.7853981633974483	0.25	0
1.6612580414581946	1.6612580414581946	0.7853981633974483	0.25	0
1.6647605432451853	1.6647605432451853	0.7853981633974483	0.25	0
1.668263045032176	1.668263045032176	0.7853981633974483	0.25	0
1.6717655468191668	1.6717655468191668	0.7853981633974483	0.25	0
1.6752680486061575	1.6752680486061575	0.7853981633974483	0.25	0
1.6787705503931483	1.6787705503931483	0.7853981633974483	0.25	0
1.682273052180139	1.682273052180139	0.7853981633974483	0.25	0
1.6857755539671297	1.6857755539671297	0.7853981633974483	0.25	0
1.6892780557541205	1.6892780557541205	0.7853981633974483	0.25	0
1.6927805575411112	1.6927805575411112	0.7853981633974483	0.25	0
1.696283059328102	1.696283059328102	0.7853981633974483	0.25	0
1.6997855611150927	1.6997855611150927	0.7853981633974483	0.25	0
1.7032880629020835	1.7032880629020835	0.7853981633974483	0.25	0
1.7067905646890742	1.7067905646890742	0.7853981633974483	0.25	0
1.710293066476065	1.710293066476065	0.7853981633974483	0.25	0
1.7137955682630557	1.7137955682630557	0.7853981633974483	0.25	0
1.7172980700500464	1.7172980700500464	0.7853981633974483	0.25	0
1.7208005718370372	1.7208005718370372	0.7853981633974483	0.25	0
1.724303073624028	1.724303073624028	0.7853981633974483	0.25	0
1.7278055754110186	1.7278055754110186	0.7853981633974483	0.25	0
1.7313080771980094	1.7313080771980094	0.7853981633974483	0.25	0
1.7348105789850001	1.7348105789850001	0.7853981633974483	0.25	0
1.7383130807719909	1.7383130807719909	0.7853981633974483	0.25	0
1.7418155825589816	1.7418155825589816	0.7853981633974483	0.25	0
1.7453180843459724	1.7453180843459724	0.7853981633974483	0.25	0
1.748820586132963	1.748820586132963	0.7853981633974483	0.25	0
1.7523230879199538	1.7523230879199538	0.7853981633974483	0.25	0
1.7558255897069446	1.7558255897069446	0.7853981633974483	0.25	0
1.7593280914939353	1.7593280914939353	0.7853981633974483	0.25	0
1.762830593280926	1.762830593280926	0.7853981633974483	0.25	0
1.7663330950679168	1.7663330950679168	0.7853981633974483	0.25	0
1.7698355968549075	1.7698355968549075	0.7853981633974483	0.25	0
1.7733380986418983	1.7733380986418983	0.7853981633974483	0.25	0
1.776840600428889	1.776840600428889	0.7853981633974483	0.25	0
1.7803431022158798	1.7803431022158798	0.7853981633974483	0.25	0
1.7838456040028705	1.7838456040028705	0.7853981633974483	0.25	0
1.7873481057898613	1.7873481057898613	0.7853981633974483	0.25	0
1.790850607576852	1.790850607576852	0.7853981633974483	0.25	0
1.7943531093638427	1.7943531093638427	0.7853981633974483	0.25	0
1.7978556111508335	1.7978556111508335	0.7853981633974483	0.25	0
1.8013581129378242	1.8013581129378242	0.7853981633974483	0.25	0
1.804860614724815	1.804860614724815	0.7853981633974483	0.25	0
1.8083631165118057	1.8083631165118057	0.7853981633974483	0.25	0
1.8118656182987964	1.8118656182987964	0.7853981633974483	0.25	0
1.8153681200857872	1.8153681200857872	0.7853981633974483	0.25	0
1.818870621872778	1.818870621872778	0.7853981633974483	0.25	0
1.8223731236597687	1.8223731236597687	0.7853981633974483	0.25	0
1.8258756254467594	1.8258756254467594	0.7853981633974483	0.25	0
1.8293781272337502	1.8293781272337502	0.7853981633974483	0.25	0
1.832880629020741	1.832880629020741	0.7853981633974483	0.25	0
1.8363831308077316	1.8363831308077316	0.7853981633974483	0.25	0
1.8398856325947224	1.8398856325947224	0.7853981633974483	0.25	0
1.8433881343817131	1.8433881343817131	0.7853981633974483	0.25	0
1.8468906361687039	1.8468906361687039	0.7853981633974483	0.25	0
1.8503931379556946	1.8503931379556946	0.7853981633974483	0.25	0
1.8538956397426853	1.8538956397426853	0.7853981633974483	0.25	0
1.857398141529676	1.857398141529676	0.7853981633974483	0.25	0
1.8609006433166668	1.8609006433166668	0.7853981633974483	0.25	0
1.8644031451036576	1.8644031451036576	0.7853981633974483	0.25	0
1.8679056468906483	1.8679056468906483	0.7853981633974483	0.25	0
1.871408148677639	1.871408148677639	0.7853981633974483	0.25	0
1.8749106504646298	1.8749106504646298	0.7853981633974483	0.25	0
1.8784131522516205	1.8784131522516205	0.7853981633974483	0.25	0
1.8819156540386113	1.8819156540386113	0.7853981633974483	0.25	0
1.885418155825602	1.885418155825602	0.7853981633974483	0.25	0
1.8889206576125928	1.8889206576125928	0.7853981633974483	0.25	0
1.8924231593995835	1.8924231593995835	0.7853981633974483	0.25	0
1.8959256611865742	1.8959256611865742	0.7853981633974483	0.25	0
1.899428162973565	1.899428162973565	0.7853981633974483	0.25	0
1.9029306647605557	1.9029306647605557	0.7853981633974483	0.25	0
1.9064331665475465	1.9064331665475465	0.7853981633974483	0.25	0
1.9099356683345372	1.9099356683345372	0.7853981633974483	0.25	0
1.913438170121528	1.913438170121528	0.7853981633974483	0.25	0
1.9169406719085187	1.9169406719085187	0.7853981633974483	0.25	0
1.9204431736955094	1.9204431736955094	0.7853981633974483	0.25	0
1.9239456754825002	1.9239456754825002	0.7853981633974483	0.25	0
1.927448177269491	1.927448177269491	0.7853981633974483	0.25	0
1.9309506790564817	1.9309506790564817	0.7853981633974483	0.25	0
1.9344531808434724	1.9344531808434724	0.7853981633974483	0.25	0
1.9379556826304631	1.9379556826304631	0.7853981633974483	0.25	0
1.9414581844174539	1.9414581844174539	0.7853981633974483	0.25	0
1.9449606862044446	1.9449606862044446	0.7853981633974483	0.25	0
1.9484631879914354	1.9484631879914354	0.7853981633974483	0.25	0
1.951965689778426	1.951965689778426	0.7853981633974483	0.25	0
1.9554681915654168	1.9554681915654168	0.7853981633974483	0.25	0
1.9589706933524076	1.9589706933524076	0.7853981633974483	0.25	0
1.9624731951393983	1.9624731951393983	0.7853981633974483	0.25	0
1.965975696926389	1.965975696926389	0.7853981633974483	0.25	0
1.9694781987133798	1.9694781987133798	0.7853981633974483	0.25	0
1.9729807005003706	1.9729807005003706	0.7853981633974483	0.25	0
1.9764832022873613	1.9764832022873613	0.7853981633974483	0.25	0
1.979985704074352	1.979985704074352	0.7853981633974483	0.25	0
1.9834882058613428	1.9834882058613428	0.7853981633974483	0.25	0
1.9869907076483335	1.9869907076483335	0.7853981633974483	0.25	0
1.9904932094353243	1.9904932094353243	0.7853981633974483	0.25	0
1.993995711222315	1.993995711222315	0.7853981633974483	0.25	0
1.9974982130093057	1.9974982130093057	0.7853981633974483	0.25	0
2.0010007147962963	2.0010007147962963	0.7853981633974483	0.25	0
2.004503216583287	2.004503216583287	0.7853981633974483	0.25	0
2.0080057183702777	2.0080057183702777	0.7853981633974483	0.25	0
2.0115082201572685	2.0115082201572685	0.7853981633974483	0.25	0
2.0150107219442592	2.0150107219442592	0.7853981633974483	0.25	0
2.01851322373125	2.01851322373125	0.7853981633974483	0.25	0
2.0220157255182407	2.0220157255182407	0.7853981633974483	0.25	0
2.0255182273052315	2.0255182273052315	0.7853981633974483	0.25	0
2.029020729092222	2.029020729092222	0.7853981633974483	0.25	0
2.032523230879213	2.032523230879213	0.7853981633974483	0.25	0
2.0360257326662037	2.0360257326662037	0.7853981633974483	0.25	0
2.0395282344531944	2.0395282344531944	0.7853981633974483	0.25	0
2.043030736240185	2.043030736240185	0.7853981633974483	0.25	0
2.046533238027176	2.046533238027176	0.7853981633974483	0.25	0
2.0500357398141666	2.0500357398141666	0.7853981633974483	0.25	0
2.0535382416011574	2.0535382416011574	0.7853981633974483	0.25	0
2.057040743388148	2.057040743388148	0.7853981633974483	0.25	0
2.060543245175139	2.060543245175139	0.7853981633974483	0.25	0
2.0640457469621296	2.0640457469621296	0.7853981633974483	0.25	0
2.0675482487491204	2.0675482487491204	0.7853981633974483	0.25	0
2.071050750536111	2.071050750536111	0.7853981633974483	0.25	0
2.074553252323102	2.074553252323102	0.7853981633974483	0.25	0
2.0780557541100926	2.0780557541100926	0.7853981633974483	0.25	0
2.0815582558970833	2.0815582558970833	0.7853981633974483	0.25	0
2.085060757684074	2.085060757684074	0.7853981633974483	0.25	0
2.088563259471065	2.088563259471065	0.7853981633974483	0.25	0
2.0920657612580555	2.0920657612580555	0.7853981633974483	0.25	0
2.0955682630450463	2.0955682630450463	0.7853981633974483	0.25	0
2.099070764832037	2.099070764832037	0.7853981633974483	0.25	0
2.1025732666190278	2.1025732666190278	0.7853981633974483	0.25	0
2.1060757684060185	2.1060757684060185	0.7853981633974483	0.25	0
2.1095782701930093	2.1095782701930093	0.7853981633974483	0.25	0
2.11308077198	2.11308077198	0.7853981633974483	0.25	0
2.1165832737669907	2.1165832737669907	0.7853981633974483	0.25	0
2.1200857755539815	2.1200857755539815	0.7853981633974483	0.25	0
2.123588277340972	2.123588277340972	0.7853981633974483	0.25	0
2.127090779127963	2.127090779127963	0.7853981633974483	0.25	0
2.1305932809149537	2.1305932809149537	0.7853981633974483	0.25	0
2.1340957827019444	2.1340957827019444	0.7853981633974483	0.25	0
2.137598284488935	2.137598284488935	0.7853981633974483	0.25	0
2.141100786275926	2.141100786275926	0.7853981633974483	0.25	0
2.1446032880629167	2.1446032880629167	0.7853981633974483	0.25	0
2.1481057898499074	2.1481057898499074	0.7853981633974483	0.25	0
2.151608291636898	2.151608291636898	0.7853981633974483	0.25	0
2.155110793423889	2.155110793423889	0.7853981633974483	0.25	0
2.1586132952108796	2.1586132952108796	0.7853981633974483	0.25	0
2.1621157969978704	2.1621157969978704	0.7853981633974483	0.25	0
2.165618298784861	2.165618298784861	0.7853981633974483	0.25	0
2.169120800571852	2.169120800571852	0.7853981633974483	0.25	0
2.1726233023588426	2.1726233023588426	0.7853981633974483	0.25	0
2.1761258041458333	2.1761258041458333	0.7853981633974483	0.25	0
2.179628305932824	2.179628305932824	0.7853981633974483	0.25	0
2.183130807719815	2.183130807719815	0.7853981633974483	0.25	0
2.1866333095068056	2.1866333095068056	0.7853981633974483	0.25	0
2.1901358112937963	2.1901358112937963	0.7853981633974483	0.25	0
2.193638313080787	2.193638313080787	0.7853981633974483	0.25	0
2.197140814867778	2.197140814867778	0.7853981633974483	0.25	0
2.2006433166547685	2.2006433166547685	0.7853981633974483	0.25	0
2.2041458184417593	2.2041458184417593	0.7853981633974483	0.25	0
2.20764832022875	2.20764832022875	0.7853981633974483	0.25	0
2.2111508220157408	2.2111508220157408	0.7853981633974483	0.25	0
2.2146533238027315	2.2146533238027315	0.7853981633974483	0.25	0
2.2181558255897222	2.2181558255897222	0.7853981633974483	0.25	0
2.221658327376713	2.221658327376713	0.7853981633974483	0.25	0
2.2251608291637037	2.2251608291637037	0.7853981633974483	0.25	0
2.2286633309506945	2.2286633309506945	0.7853981633974483	0.25	0
2.232165832737685	2.232165832737685	0.7853981633974483	0.25	0
2.235668334524676	2.235668334524676	0.7853981633974483	0.25	0
2.2391708363116667	2.2391708363116667	0.7853981633974483	0.25	0
2.2426733380986574	2.2426733380986574	0.7853981633974483	0.25	0
2.246175839885648	2.246175839885648	0.7853981633974483	0.25	0
2.249678341672639	2.249678341672639	0.7853981633974483	0.25	0
2.2531808434596297	2.2531808434596297	0.7853981633974483	0.25	0
2.2566833452466204	2.2566833452466204	0.7853981633974483	0.25	0
2.260185847033611	2.260185847033611	0.7853981633974483	0.25	0
2.263688348820602	2.263688348820602	0.7853981633974483	0.25	0
2.2671908506075926	2.2671908506075926	0.7853981633974483	0.25	0
2.2706933523945834	2.2706933523945834	0.7853981633974483	0.25	0
2.274195854181574	2.274195854181574	0.7853981633974483	0.25	0
2.277698355968565	2.277698355968565	0.7853981633974483	0.25	0
2.2812008577555556	2.2812008577555556	0.7853981633974483	0.25	0
2.2847033595425463	2.2847033595425463	0.7853981633974483	0.25	0
2.288205861329537	2.288205861329537	0.7853981633974483	0.25	0
2.291708363116528	2.291708363116528	0.7853981633974483	0.25	0
2.2952108649035186	2.2952108649035186	0.7853981633974483	0.25	0
2.2987133666905093	2.2987133666905093	0.7853981633974483	0.25	0
2.3022158684775	2.3022158684775	0.7853981633974483	0.25	0
2.305718370264491	2.305718370264491	0.7853981633974483	0.25	0
2.3092208720514815	2.3092208720514815	0.7853981633974483	0.25	0
2.3127233738384723	2.3127233738384723	0.7853981633974483	0.25	0
2.316225875625463	2.316225875625463	0.7853981633974483	0.25	0
2.3197283774124537	2.3197283774124537	0.7853981633974483	0.25	0
2.3232308791994445	2.3232308791994445	0.7853981633974483	0.25	0
2.3267333809864352	2.3267333809864352	0.7853981633974483	0.25	0
2.330235882773426	2.330235882773426	0.7853981633974483	0.25	0
2.3337383845604167	2.3337383845604167	0.7853981633974483	0.25	0
2.3372408863474075	2.3372408863474075	0.7853981633974483	0.25	0
2.340743388134398	2.340743388134398	0.7853981633974483	0.25	0
2.344245889921389	2.344245889921389	0.7853981633974483	0.25	0
2.3477483917083797	2.3477483917083797	0.7853981633974483	0.25	0
2.3512508934953704	2.3512508934953704	0.7853981633974483	0.25	0
2.354753395282361	2.354753395282361	0.7853981633974483	0.25	0
2.358255897069352	2.358255897069352	0.7853981633974483	0.25	0
2.3617583988563426	2.3617583988563426	0.7853981633974483	0.25	0
2.3652609006433334	2.3652609006433334	0.7853981633974483	0.25	0
2.368763402430324	2.368763402430324	0.7853981633974483	0.25	0
2.372265904217315	2.372265904217315	0.7853981633974483	0.25	0
2.3757684060043056	2.3757684060043056	0.7853981633974483	0.25	0
2.3792709077912964	2.3792709077912964	0.7853981633974483	0.25	0
2.382773409578287	2.382773409578287	0.7853981633974483	0.25	0
2.386275911365278	2.386275911365278	0.7853981633974483	0.25	0
2.3897784131522686	2.3897784131522686	0.7853981633974483	0.25	0
2.3932809149392593	2.3932809149392593	0.7853981633974483	0.25	0
2.39678341672625	2.39678341672625	0.7853981633974483	0.25	0
2.400285918513241	2.400285918513241	0.7853981633974483	0.25	0
2.4037884203002315	2.4037884203002315	0.7853981633974483	0.25	0
2.4072909220872223	2.4072909220872223	0.7853981633974483	0.25	0
2.410793423874213	2.410793423874213	0.7853981633974483	0.25	0
2.4142959256612038	2.4142959256612038	0.7853981633974483	0.25	0
2.4177984274481945	2.4177984274481945	0.7853981633974483	0.25	0
2.4213009292351853	2.4213009292351853	0.7853981633974483	0.25	0
2.424803431022176	2.424803431022176	0.7853981633974483	0.25	0
2.4283059328091667	2.4283059328091667	0.7853981633974483	0.25	0
2.4318084345961575	2.4318084345961575	0.7853981633974483	0.25	0
2.435310936383148	2.435310936383148	0.7853981633974483	0.25	0
2.438813438170139	2.438813438170139	0.7853981633974483	0.25	0
2.4423159399571297	2.4423159399571297	0.7853981633974483	0.25	0
2.4458184417441204	2.4458184417441204	0.7853981633974483	0.25	0
2.449320943531111	2.449320943531111	0.7853981633974483	0.25	0
2.452823445318102	2.452823445318102	0.7853981633974483	0.25	0
2.4563259471050927	2.4563259471050927	0.7853981633974483	0.25	0
2.4598284488920834	2.4598284488920834	0.7853981633974483	0.25	0
2.463330950679074	2.463330950679074	0.7853981633974483	0.25	0
2.466833452466065	2.466833452466065	0.7853981633974483	0.25	0
2.4703359542530556	2.4703359542530556	0.7853981633974483	0.25	0
2.4738384560400464	2.4738384560400464	0.7853981633974483	0.25	0
2.477340957827037	2.477340957827037	0.7853981633974483	0.25	0
2.480843459614028	2.480843459614028	0.7853981633974483	0.25	0
2.4843459614010186	2.4843459614010186	0.7853981633974483	0.25	0
2.4878484631880093	2.4878484631880093	0.7853981633974483	0.25	0
2.491350964975	2.491350964975	0.7853981633974483	0.25	0
2.494853466761991	2.494853466761991	0.7853981633974483	0.25	0
2.4983559685489816	2.4983559685489816	0.7853981633974483	0.25	0
2.5018584703359723	2.5018584703359723	0.7853981633974483	0.25	0
2.505360972122963	2.505360972122963	0.7853981633974483	0.25	0
2.508863473909954	2.508863473909954	0.7853981633974483	0.25	0
2.5123659756969445	2.5123659756969445	0.7853981633974483	0.25	0
2.5158684774839353	2.5158684774839353	0.7853981633974483	0.25	0
2.519370979270926	2.519370979270926	0.7853981633974483	0.25	0
2.5228734810579168	2.5228734810579168	0.7853981633974483	0.25	0
2.5263759828449075	2.5263759828449075	0.7853981633974483	0.25	0
2.5298784846318982	2.5298784846318982	0.7853981633974483	0.25	0
2.533380986418889	2.533380986418889	0.7853981633974483	0.25	0
2.5368834882058797	2.5368834882058797	0.7853981633974483	0.25	0
2.5403859899928705	2.5403859899928705	0.7853981633974483	0.25	0
2.543888491779861	2.543888491779861	0.7853981633974483	0.25	0
2.547390993566852	2.547390993566852	0.7853981633974483	0.25	0
2.5508934953538427	2.5508934953538427	0.7853981633974483	0.25	0
2.5543959971408334	2.5543959971408334	0.7853981633974483	0.25	0
2.557898498927824	2.557898498927824	0.7853981633974483	0.25	0
2.561401000714815	2.561401000714815	0.7853981633974483	0.25	0
2.5649035025018057	2.5649035025018057	0.7853981633974483	0.25	0
2.5684060042887964	2.5684060042887964	0.7853981633974483	0.25	0
2.571908506075787	2.571908506075787	0.7853981633974483	0.25	0
2.575411007862778	2.575411007862778	0.7853981633974483	0.25	0
2.5789135096497686	2.5789135096497686	0.7853981633974483	0.25	0
2.5824160114367594	2.5824160114367594	0.7853981633974483	0.25	0
2.58591851322375	2.58591851322375	0.7853981633974483	0.25	0
2.589421015010741	2.589421015010741	0.7853981633974483	0.25	0
2.5929235167977316	2.5929235167977316	0.7853981633974483	0.25	0
2.5964260185847223	2.5964260185847223	0.7853981633974483	0.25	0
2.599928520371713	2.599928520371713	0.7853981633974483	0.25	0
2.603431022158704	2.603431022158704	0.7853981633974483	0.25	0
2.6069335239456946	2.6069335239456946	0.7853981633974483	0.25	0
2.6104360257326853	2.6104360257326853	0.7853981633974483	0.25	0
2.613938527519676	2.613938527519676	0.7853981633974483	0.25	0
2.6174410293066668	2.6174410293066668	0.7853981633974483	0.25	0
2.6209435310936575	2.6209435310936575	0.7853981633974483	0.25	0
2.6244460328806483	2.6244460328806483	0.7853981633974483	0.25	0
2.627948534667639	2.627948534667639	0.7853981633974483	0.25	0
2.6314510364546297	2.6314510364546297	0.7853981633974483	0.25	0
2.6349535382416205	2.6349535382416205	0.7853981633974483	0.25	0
2.6384560400286112	2.6384560400286112	0.7853981633974483	0.25	0
2.641958541815602	2.641958541815602	0.7853981633974483	0.25	0
2.6454610436025927	2.6454610436025927	0.7853981633974483	0.25	0
2.6489635453895835	2.6489635453895835	0.7853981633974483	0.25	0
2.652466047176574	2.652466047176574	0.7853981633974483	0.25	0
2.655968548963565	2.655968548963565	0.7853981633974483	0.25	0
2.6594710507505557	2.6594710507505557	0.7853981633974483	0.25	0
2.6629735525375464	2.6629735525375464	0.7853981633974483	0.25	0
2.666476054324537	2.666476054324537	0.7853981633974483	0.25	0
2.669978556111528	2.669978556111528	0.7853981633974483	0.25	0
2.6734810578985186	2.6734810578985186	0.7853981633974483	0.25	0
2.6769835596855094	2.6769835596855094	0.7853981633974483	0.25	0
2.6804860614725	2.6804860614725	0.7853981633974483	0.25	0
2.683988563259491	2.683988563259491	0.7853981633974483	0.25	0
2.6874910650464816	2.6874910650464816	0.7853981633974483	0.25	0
2.6909935668334724	2.6909935668334724	0.7853981633974483	0.25	0
2.694496068620463	2.694496068620463	0.7853981633974483	0.25	0
2.697998570407454	2.697998570407454	0.7853981633974483	0.25	0
2.7015010721944446	2.7015010721944446	0.7853981633974483	0.25	0
2.7050035739814353	2.7050035739814353	0.7853981633974483	0.25	0
2.708506075768426	2.708506075768426	0.7853981633974483	0.25	0
2.712008577555417	2.712008577555417	0.7853981633974483	0.25	0
2.7155110793424075	2.7155110793424075	0.7853981633974483	0.25	0
2.7190135811293983	2.7190135811293983	0.7853981633974483	0.25	0
2.722516082916389	2.722516082916389	0.7853981633974483	0.25	0
2.7260185847033798	2.7260185847033798	0.7853981633974483	0.25	0
2.7295210864903705	2.7295210864903705	0.7853981633974483	0.25	0
2.7330235882773612	2.7330235882773612	0.7853981633974483	0.25	0
2.736526090064352	2.736526090064352	0.7853981633974483	0.25	0
2.7400285918513427	2.7400285918513427	0.7853981633974483	0.25	0
2.7435310936383335	2.7435310936383335	0.7853981633974483	0.25	0
2.747033595425324	2.747033595425324	0.7853981633974483	0.25	0
2.750536097212315	2.750536097212315	0.7853981633974483	0.25	0
2.7540385989993057	2.7540385989993057	0.7853981633974483	0.25	0
2.7575411007862964	2.7575411007862964	0.7853981633974483	0.25	0
2.761043602573287	2.761043602573287	0.7853981633974483	0.25	0
2.764546104360278	2.764546104360278	0.7853981633974483	0.25	0
2.7680486061472687	2.7680486061472687	0.7853981633974483	0.25	0
2.7715511079342594	2.7715511079342594	0.7853981633974483	0.25	0
2.77505360972125	2.77505360972125	0.7853981633974483	0.25	0
2.778556111508241	2.778556111508241	0.7853981633974483	0.25	0
2.7820586132952316	2.7820586132952316	0.7853981633974483	0.25	0
2.7855611150822224	2.7855611150822224	0.7853981633974483	0.25	0
2.789063616869213	2.789063616869213	0.7853981633974483	0.25	0
2.792566118656204	2.792566118656204	0.7853981633974483	0.25	0
2.7960686204431946	2.7960686204431946	0.7853981633974483	0.25	0
2.7995711222301853	2.7995711222301853	0.7853981633974483	0.25	0
2.803073624017176	2.803073624017176	0.7853981633974483	0.25	0
2.806576125804167	2.806576125804167	0.7853981633974483	0.25	0
2.8100786275911576	2.8100786275911576	0.7853981633974483	0.25	0
2.8135811293781483	2.8135811293781483	0.7853981633974483	0.25	0
2.817083631165139	2.817083631165139	0.7853981633974483	0.25	0
2.82058613295213	2.82058613295213	0.7853981633974483	0.25	0
2.8240886347391205	2.8240886347391205	0.7853981633974483	0.25	0
2.8275911365261113	2.8275911365261113	0.7853981633974483	0.25	0
2.831093638313102	2.831093638313102	0.7853981633974483	0.25	0
2.8345961401000928	2.8345961401000928	0.7853981633974483	0.25	0
2.8380986418870835	2.8380986418870835	0.7853981633974483	0.25	0
2.8416011436740742	2.8416011436740742	0.7853981633974483	0.25	0
2.845103645461065	2.845103645461065	0.7853981633974483	0.25	0
2.8486061472480557	2.8486061472480557	0.7853981633974483	0.25	0
2.8521086490350465	2.8521086490350465	0.7853981633974483	0.25	0
2.855611150822037	2.855611150822037	0.7853981633974483	0.25	0
2.859113652609028	2.859113652609028	0.7853981633974483	0.25	0
2.8626161543960187	2.8626161543960187	0.7853981633974483	0.25	0
2.8661186561830094	2.8661186561830094	0.7853981633974483	0.25	0
2.86962115797	2.86962115797	0.7853981633974483	0.25	0
2.873123659756991	2.873123659756991	0.7853981633974483	0.25	0
2.8766261615439817	2.8766261615439817	0.7853981633974483	0.25	0
2.8801286633309724	2.8801286633309724	0.7853981633974483	0.25	0
2.883631165117963	2.883631165117963	0.7853981633974483	0.25	0
2.887133666904954	2.887133666904954	0.7853981633974483	0.25	0
2.8906361686919446	2.8906361686919446	0.7853981633974483	0.25	0
2.8941386704789354	2.8941386704789354	0.7853981633974483	0.25	0
2.897641172265926	2.897641172265926	0.7853981633974483	0.25	0
2.901143674052917	2.901143674052917	0.7853981633974483	0.25	0
2.9046461758399076	2.9046461758399076	0.7853981633974483	0.25	0
2.9081486776268983	2.9081486776268983	0.7853981633974483	0.25	0
2.911651179413889	2.911651179413889	0.7853981633974483	0.25	0
2.91515368120088	2.91515368120088	0.7853981633974483	0.25	0
2.9186561829878706	2.9186561829878706	0.7853981633974483	0.25	0
2.9221586847748613	2.9221586847748613	0.7853981633974483	0.25	0
2.925661186561852	2.925661186561852	0.7853981633974483	0.25	0
2.9291636883488428	2.9291636883488428	0.7853981633974483	0.25	0
2.9326661901358335	2.9326661901358335	0.7853981633974483	0.25	0
2.9361686919228243	2.9361686919228243	0.7853981633974483	0.25	0
2.939671193709815	2.939671193709815	0.7853981633974483	0.25	0
2.9431736954968057	2.9431736954968057	0.7853981633974483	0.25	0
2.9466761972837965	2.9466761972837965	0.7853981633974483	0.25	0
2.9501786990707872	2.9501786990707872	0.7853981633974483	0.25	0
2.953681200857778	2.953681200857778	0.7853981633974483	0.25	0
2.9571837026447687	2.9571837026447687	0.7853981633974483	0.25	0
2.9606862044317594	2.9606862044317594	0.7853981633974483	0.25	0
2.96418870621875	2.96418870621875	0.7853981633974483	0.25	0
2.967691208005741	2.967691208005741	0.7853981633974483	0.25	0
2.9711937097927317	2.9711937097927317	0.7853981633974483	0.25	0
2.9746962115797224	2.9746962115797224	0.7853981633974483	0.25	0
2.978198713366713	2.978198713366713	0.7853981633974483	0.25	0
2.981701215153704	2.981701215153704	0.7853981633974483	0.25	0
2.9852037169406946	2.9852037169406946	0.7853981633974483	0.25	0
2.9887062187276854	2.9887062187276854	0.7853981633974483	0.25	0
2.992208720514676	2.992208720514676	0.7853981633974483	0.25	0
2.995711222301667	2.995711222301667	0.7853981633974483	0.25	0
2.9992137240886576	2.9992137240886576	0.7853981633974483	0.25	0
3.0027162258756483	3.0027162258756483	0.7853981633974483	0.25	0
3.006218727662639	3.006218727662639	0.7853981633974483	0.25	0
3.00972122944963	3.00972122944963	0.7853981633974483	0.25	0
3.0132237312366206	3.0132237312366206	0.7853981633974483	0.25	0
3.0167262330236113	3.0167262330236113	0.7853981633974483	0.25	0
3.020228734810602	3.020228734810602	0.7853981633974483	0.25	0
3.023731236597593	3.023731236597593	0.7853981633974483	0.25	0
3.0272337383845835	3.0272337383845835	0.7853981633974483	0.25	0
3.0307362401715743	3.0307362401715743	0.7853981633974483	0.25	0
3.034238741958565	3.034238741958565	0.7853981633974483	0.25	0
3.0377412437455558	3.0377412437455558	0.7853981633974483	0.25	0
3.0412437455325465	3.0412437455325465	0.7853981633974483	0.25	0
3.0447462473195372	3.0447462473195372	0.7853981633974483	0.25	0
3.048248749106528	3.048248749106528	0.7853981633974483	0.25	0
3.0517512508935187	3.0517512508935187	0.7853981633974483	0.25	0
3.0552537526805095	3.0552537526805095	0.7853981633974483	0.25	0
3.0587562544675	3.0587562544675	0.7853981633974483	0.25	0
3.062258756254491	3.062258756254491	0.7853981633974483	0.25	0
3.0657612580414817	3.0657612580414817	0.7853981633974483	0.25	0
3.0692637598284724	3.0692637598284724	0.7853981633974483	0.25	0
3.072766261615463	3.072766261615463	0.7853981633974483	0.25	0
3.076268763402454	3.076268763402454	0.7853981633974483	0.25	0
3.0797712651894447	3.0797712651894447	0.7853981633974483	0.25	0
3.0832737669764354	3.0832737669764354	0.7853981633974483	0.25	0
3.086776268763426	3.086776268763426	0.7853981633974483	0.25	0
3.090278770550417	3.090278770550417	0.7853981633974483	0.25	0
3.0937812723374076	3.0937812723374076	0.7853981633974483	0.25	0
3.0972837741243984	3.0972837741243984	0.7853981633974483	0.25	0
3.100786275911389	3.100786275911389	0.7853981633974483	0.25	0
3.10428877769838	3.10428877769838	0.7853981633974483	0.25	0
3.1077912794853706	3.1077912794853706	0.7853981633974483	0.25	0
3.1112937812723613	3.1112937812723613	0.7853981633974483	0.25	0
3.114796283059352	3.114796283059352	0.7853981633974483	0.25	0
3.118298784846343	3.118298784846343	0.7853981633974483	0.25	0
3.1218012866333336	3.1218012866333336	0.7853981633974483	0.25	0
3.1253037884203243	3.1253037884203243	0.7853981633974483	0.25	0
3.128806290207315	3.128806290207315	0.7853981633974483	0.25	0
3.132308791994306	3.132308791994306	0.7853981633974483	0.25	0
3.1358112937812965	3.1358112937812965	0.7853981633974483	0.25	0
3.1393137955682873	3.1393137955682873	0.7853981633974483	0.25	0
3.142816297355278	3.142816297355278	0.7853981633974483	0.25	0
3.1463187991422688	3.1463187991422688	0.7853981633974483	0.25	0
3.1498213009292595	3.1498213009292595	0.7853981633974483	0.25	0
3.1533238027162502	3.1533238027162502	0.7853981633974483	0.25	0
3.156826304503241	3.156826304503241	0.7853981633974483	0.25	0
3.1603288062902317	3.1603288062902317	0.7853981633974483	0.25	0
3.1638313080772225	3.1638313080772225	0.7853981633974483	0.25	0
3.167333809864213	3.167333809864213	0.7853981633974483	0.25	0
3.170836311651204	3.170836311651204	0.7853981633974483	0.25	0
3.1743388134381947	3.1743388134381947	0.7853981633974483	0.25	0
3.1778413152251854	3.1778413152251854	0.7853981633974483	0.25	0
3.181343817012176	3.181343817012176	0.7853981633974483	0.25	0
3.184846318799167	3.184846318799167	0.7853981633974483	0.25	0
3.1883488205861577	3.1883488205861577	0.7853981633974483	0.25	0
3.1918513223731484	3.1918513223731484	0.7853981633974483	0.25	0
3.195353824160139	3.195353824160139	0.7853981633974483	0.25	0
3.19885632594713	3.19885632594713	0.7853981633974483	0.25	0
3.2023588277341206	3.2023588277341206	0.7853981633974483	0.25	0
3.2058613295211114	3.2058613295211114	0.7853981633974483	0.25	0
3.209363831308102	3.209363831308102	0.7853981633974483	0.25	0
3.212866333095093	3.212866333095093	0.7853981633974483	0.25	0
3.2163688348820836	3.2163688348820836	0.7853981633974483	0.25	0
3.2198713366690743	3.2198713366690743	0.7853981633974483	0.25	0
3.223373838456065	3.223373838456065	0.7853981633974483	0.25	0
3.226876340243056	3.226876340243056	0.7853981633974483	0.25	0
3.2303788420300465	3.2303788420300465	0.7853981633974483	0.25	0
3.2338813438170373	3.2338813438170373	0.7853981633974483	0.25	0
3.237383845604028	3.237383845604028	0.7853981633974483	0.25	0
3.2408863473910188	3.2408863473910188	0.7853981633974483	0.25	0
3.2443888491780095	3.2443888491780095	0.7853981633974483	0.25	0
3.2478913509650003	3.2478913509650003	0.7853981633974483	0.25	0
3.251393852751991	3.251393852751991	0.7853981633974483	0.25	0
3.2548963545389817	3.2548963545389817	0.7853981633974483	0.25	0
3.2583988563259725	3.2583988563259725	0.7853981633974483	0.25	0
3.2619013581129632	3.2619013581129632	0.7853981633974483	0.25	0
3.265403859899954	3.265403859899954	0.7853981633974483	0.25	0
3.2689063616869447	3.2689063616869447	0.7853981633974483	0.25	0
3.2724088634739354	3.2724088634739354	0.7853981633974483	0.25	0
3.275911365260926	3.275911365260926	0.7853981633974483	0.25	0
3.279413867047917	3.279413867047917	0.7853981633974483	0.25	0
3.2829163688349077	3.2829163688349077	0.7853981633974483	0.25	0
3.2864188706218984	3.2864188706218984	0.7853981633974483	0.25	0
3.289921372408889	3.289921372408889	0.7853981633974483	0.25	0
3.29342387419588	3.29342387419588	0.7853981633974483	0.25	0
3.2969263759828706	3.2969263759828706	0.7853981633974483	0.25	0
3.3004288777698614	3.3004288777698614	0.7853981633974483	0.25	0
3.303931379556852	3.303931379556852	0.7853981633974483	0.25	0
3.307433881343843	3.307433881343843	0.7853981633974483	0.25	0
3.3109363831308336	3.3109363831308336	0.7853981633974483	0.25	0
3.3144388849178243	3.3144388849178243	0.7853981633974483	0.25	0
3.317941386704815	3.317941386704815	0.7853981633974483	0.25	0
3.321443888491806	3.321443888491806	0.7853981633974483	0.25	0
3.3249463902787966	3.3249463902787966	0.7853981633974483	0.25	0
3.3284488920657873	3.3284488920657873	0.7853981633974483	0.25	0
3.331951393852778	3.331951393852778	0.7853981633974483	0.25	0
3.335453895639769	3.335453895639769	0.7853981633974483	0.25	0
3.3389563974267595	3.3389563974267595	0.7853981633974483	0.25	0
3.3424588992137503	3.3424588992137503	0.7853981633974483	0.25	0
3.345961401000741	3.345961401000741	0.7853981633974483	0.25	0
3.3494639027877318	3.3494639027877318	0.7853981633974483	0.25	0
3.3529664045747225	3.3529664045747225	0.7853981633974483	0.25	0
3.3564689063617132	3.3564689063617132	0.7853981633974483	0.25	0
3.359971408148704	3.359971408148704	0.7853981633974483	0.25	0
3.3634739099356947	3.3634739099356947	0.7853981633974483	0.25	0
3.3669764117226855	3.3669764117226855	0.7853981633974483	0.25	0
3.370478913509676	3.370478913509676	0.7853981633974483	0.25	0
3.373981415296667	3.373981415296667	0.7853981633974483	0.25	0
3.3774839170836577	3.3774839170836577	0.7853981633974483	0.25	0
3.3809864188706484	3.3809864188706484	0.7853981633974483	0.25	0
3.384488920657639	3.384488920657639	0.7853981633974483	0.25	0
3.38799142244463	3.38799142244463	0.7853981633974483	0.25	0
3.3914939242316207	3.3914939242316207	0.7853981633974483	0.25	0
3.3949964260186114	3.3949964260186114	0.7853981633974483	0.25	0
3.398498927805602	3.398498927805602	0.7853981633974483	0.25	0
3.402001429592593	3.402001429592593	0.7853981633974483	0.25	0
3.4055039313795836	3.4055039313795836	0.7853981633974483	0.25	0
3.4090064331665744	3.4090064331665744	0.7853981633974483	0.25	0
3.412508934953565	3.412508934953565	0.7853981633974483	0.25	0
3.416011436740556	3.416011436740556	0.7853981633974483	0.25	0
3.4195139385275466	3.4195139385275466	0.7853981633974483	0.25	0
3.4230164403145373	3.4230164403145373	0.7853981633974483	0.25	0
3.426518942101528	3.426518942101528	0.7853981633974483	0.25	0
3.430021443888519	3.430021443888519	0.7853981633974483	0.25	0
3.4335239456755096	3.4335239456755096	0.7853981633974483	0.25	0
3.4370264474625003	3.4370264474625003	0.7853981633974483	0.25	0
3.440528949249491	3.440528949249491	0.7853981633974483	0.25	0
3.444031451036482	3.444031451036482	0.7853981633974483	0.25	0
3.4475339528234725	3.4475339528234725	0.7853981633974483	0.25	0
3.4510364546104633	3.4510364546104633	0.7853981633974483	0.25	0
3.454538956397454	3.454538956397454	0.7853981633974483	0.25	0
3.4580414581844447	3.4580414581844447	0.7853981633974483	0.25	0
3.4615439599714355	3.4615439599714355	0.7853981633974483	0.25	0
3.4650464617584262	3.4650464617584262	0.7853981633974483	0.25	0
3.468548963545417	3.468548963545417	0.7853981633974483	0.25	0
3.4720514653324077	3.4720514653324077	0.7853981633974483	0.25	0
3.4755539671193985	3.4755539671193985	0.7853981633974483	0.25	0
3.479056468906389	3.479056468906389	0.7853981633974483	0.25	0
3.48255897069338	3.48255897069338	0.7853981633974483	0.25	0
3.4860614724803707	3.4860614724803707	0.7853981633974483	0.25	0
3.4895639742673614	3.4895639742673614	0.7853981633974483	0.25	0
3.493066476054352	3.493066476054352	0.7853981633974483	0.25	0
3.496568977841343	3.496568977841343	0.7853981633974483	0.25	0
3.5000714796283336	3.5000714796283336	0.7853981633974483	0.25	0
3.5035739814153244	3.5035739814153244	0.7853981633974483	0.25	0
3.507076483202315	3.507076483202315	0.7853981633974483	0.25	0
3.510578984989306	3.510578984989306	0.7853981633974483	0.25	0
3.5140814867762966	3.5140814867762966	0.7853981633974483	0.25	0
3.5175839885632874	3.5175839885632874	0.7853981633974483	0.25	0
3.521086490350278	3.521086490350278	0.7853981633974483	0.25	0
3.524588992137269	3.524588992137269	0.7853981633974483	0.25	0
3.5280914939242596	3.5280914939242596	0.7853981633974483	0.25	0
3.5315939957112503	3.5315939957112503	0.7853981633974483	0.25	0
3.535096497498241	3.535096497498241	0.7853981633974483	0.25	0
3.538598999285232	3.538598999285232	0.7853981633974483	0.25	0
3.5421015010722225	3.5421015010722225	0.7853981633974483	0.25	0
3.5456040028592133	3.5456040028592133	0.7853981633974483	0.25	0
3.549106504646204	3.549106504646204	0.7853981633974483	0.25	0
3.5526090064331948	3.5526090064331948	0.7853981633974483	0.25	0
3.5561115082201855	3.5561115082201855	0.7853981633974483	0.25	0
3.5596140100071763	3.5596140100071763	0.7853981633974483	0.25	0
3.563116511794167	3.563116511794167	0.7853981633974483	0.25	0
3.5666190135811577	3.5666190135811577	0.7853981633974483	0.25	0
3.5701215153681485	3.5701215153681485	0.7853981633974483	0.25	0
3.573624017155139	3.573624017155139	0.7853981633974483	0.25	0
3.57712651894213	3.57712651894213	0.7853981633974483	0.25	0
3.5806290207291207	3.5806290207291207	0.7853981633974483	0.25	0
3.5841315225161114	3.5841315225161114	0.7853981633974483	0.25	0
3.587634024303102	3.587634024303102	0.7853981633974483	0.25	0
3.591136526090093	3.591136526090093	0.7853981633974483	0.25	0
3.5946390278770837	3.5946390278770837	0.7853981633974483	0.25	0
3.5981415296640744	3.5981415296640744	0.7853981633974483	0.25	0
3.601644031451065	3.601644031451065	0.7853981633974483	0.25	0
3.605146533238056	3.605146533238056	0.7853981633974483	0.25	0
3.6086490350250466	3.6086490350250466	0.7853981633974483	0.25	0
3.6121515368120374	3.6121515368120374	0.7853981633974483	0.25	0
3.615654038599028	3.615654038599028	0.7853981633974483	0.25	0
3.619156540386019	3.619156540386019	0.7853981633974483	0.25	0
3.6226590421730096	3.6226590421730096	0.7853981633974483	0.25	0
3.6261615439600003	3.6261615439600003	0.7853981633974483	0.25	0
3.629664045746991	3.629664045746991	0.7853981633974483	0.25	0
3.633166547533982	3.633166547533982	0.7853981633974483	0.25	0
3.6366690493209726	3.6366690493209726	0.7853981633974483	0.25	0
3.6401715511079633	3.6401715511079633	0.7853981633974483	0.25	0
3.643674052894954	3.643674052894954	0.7853981633974483	0.25	0
3.647176554681945	3.647176554681945	0.7853981633974483	0.25	0
3.6506790564689355	3.6506790564689355	0.7853981633974483	0.25	0
3.6541815582559263	3.6541815582559263	0.7853981633974483	0.25	0
3.657684060042917	3.657684060042917	0.7853981633974483	0.25	0
3.6611865618299078	3.6611865618299078	0.7853981633974483	0.25	0
3.6646890636168985	3.6646890636168985	0.7853981633974483	0.25	0
3.6681915654038892	3.6681915654038892	0.7853981633974483	0.25	0
3.67169406719088	3.67169406719088	0.7853981633974483	0.25	0
3.6751965689778707	3.6751965689778707	0.7853981633974483	0.25	0
3.6786990707648615	3.6786990707648615	0.7853981633974483	0.25	0
3.682201572551852	3.682201572551852	0.7853981633974483	0.25	0
3.685704074338843	3.685704074338843	0.7853981633974483	0.25	0
3.6892065761258337	3.6892065761258337	0.7853981633974483	0.25	0
3.6927090779128244	3.6927090779128244	0.7853981633974483	0.25	0
3.696211579699815	3.696211579699815	0.7853981633974483	0.25	0
3.699714081486806	3.699714081486806	0.7853981633974483	0.25	0
3.7032165832737967	3.7032165832737967	0.7853981633974483	0.25	0
3.7067190850607874	3.7067190850607874	0.7853981633974483	0.25	0
3.710221586847778	3.710221586847778	0.7853981633974483	0.25	0
3.713724088634769	3.713724088634769	0.7853981633974483	0.25	0
3.7172265904217596	3.7172265904217596	0.7853981633974483	0.25	0
3.7207290922087504	3.7207290922087504	0.7853981633974483	0.25	0
3.724231593995741	3.724231593995741	0.7853981633974483	0.25	0
3.727734095782732	3.727734095782732	0.7853981633974483	0.25	0
3.7312365975697226	3.7312365975697226	0.7853981633974483	0.25	0
3.7347390993567133	3.7347390993567133	0.7853981633974483	0.25	0
3.738241601143704	3.738241601143704	0.7853981633974483	0.25	0
3.741744102930695	3.741744102930695	0.7853981633974483	0.25	0
3.7452466047176856	3.7452466047176856	0.7853981633974483	0.25	0
3.7487491065046763	3.7487491065046763	0.7853981633974483	0.25	0
3.752251608291667	3.752251608291667	0.7853981633974483	0.25	0
3.755754110078658	3.755754110078658	0.7853981633974483	0.25	0
3.7592566118656485	3.7592566118656485	0.7853981633974483	0.25	0
3.7627591136526393	3.7627591136526393	0.7853981633974483	0.25	0
3.76626161543963	3.76626161543963	0.7853981633974483	0.25	0
3.7697641172266207	3.7697641172266207	0.7853981633974483	0.25	0
3.7732666190136115	3.7732666190136115	0.7853981633974483	0.25	0
3.7767691208006022	3.7767691208006022	0.7853981633974483	0.25	0
3.780271622587593	3.780271622587593	0.7853981633974483	0.25	0
3.7837741243745837	3.7837741243745837	0.7853981633974483	0.25	0
3.7872766261615745	3.7872766261615745	0.7853981633974483	0.25	0
3.790779127948565	3.790779127948565	0.7853981633974483	0.25	0
3.794281629735556	3.794281629735556	0.7853981633974483	0.25	0
3.7977841315225467	3.7977841315225467	0.7853981633974483	0.25	0
3.8012866333095374	3.8012866333095374	0.7853981633974483	0.25	0
3.804789135096528	3.804789135096528	0.7853981633974483	0.25	0
3.808291636883519	3.808291636883519	0.7853981633974483	0.25	0
3.8117941386705096	3.8117941386705096	0.7853981633974483	0.25	0
3.8152966404575004	3.8152966404575004	0.7853981633974483	0.25	0
3.818799142244491	3.818799142244491	0.7853981633974483	0.25	0
3.822301644031482	3.822301644031482	0.7853981633974483	0.25	0
3.8258041458184726	3.8258041458184726	0.7853981633974483	0.25	0
3.8293066476054634	3.8293066476054634	0.7853981633974483	0.25	0
3.832809149392454	3.832809149392454	0.7853981633974483	0.25	0
3.836311651179445	3.836311651179445	0.7853981633974483	0.25	0
3.8398141529664356	3.8398141529664356	0.7853981633974483	0.25	0
3.8433166547534263	3.8433166547534263	0.7853981633974483	0.25	0
3.846819156540417	3.846819156540417	0.7853981633974483	0.25	0
3.850321658327408	3.850321658327408	0.7853981633974483	0.25	0
3.8538241601143985	3.8538241601143985	0.7853981633974483	0.25	0
3.8573266619013893	3.8573266619013893	0.7853981633974483	0.25	0
3.86082916368838	3.86082916368838	0.7853981633974483	0.25	0
3.8643316654753708	3.8643316654753708	0.7853981633974483	0.25	0
3.8678341672623615	3.8678341672623615	0.7853981633974483	0.25	0
3.8713366690493523	3.8713366690493523	0.7853981633974483	0.25	0
3.874839170836343	3.874839170836343	0.7853981633974483	0.25	0
3.8783416726233337	3.8783416726233337	0.7853981633974483	0.25	0
3.8818441744103245	3.8818441744103245	0.7853981633974483	0.25	0
3.885346676197315	3.885346676197315	0.7853981633974483	0.25	0
3.888849177984306	3.888849177984306	0.7853981633974483	0.25	0
3.8923516797712967	3.8923516797712967	0.7853981633974483	0.25	0
3.8958541815582874	3.8958541815582874	0.7853981633974483	0.25	0
3.899356683345278	3.899356683345278	0.7853981633974483	0.25	0
3.902859185132269	3.902859185132269	0.7853981633974483	0.25	0
3.9063616869192597	3.9063616869192597	0.7853981633974483	0.25	0
3.9098641887062504	3.9098641887062504	0.7853981633974483	0.25	0
3.913366690493241	3.913366690493241	0.7853981633974483	0.25	0
3.916869192280232	3.916869192280232	0.7853981633974483	0.25	0
3.9203716940672226	3.9203716940672226	0.7853981633974483	0.25	0
3.9238741958542134	3.9238741958542134	0.7853981633974483	0.25	0
3.927376697641204	3.927376697641204	0.7853981633974483	0.25	0
3.930879199428195	3.930879199428195	0.7853981633974483	0.25	0
3.9343817012151856	3.9343817012151856	0.7853981633974483	0.25	0
3.9378842030021763	3.9378842030021763	0.7853981633974483	0.25	0
3.941386704789167	3.941386704789167	0.7853981633974483	0.25	0
3.944889206576158	3.944889206576158	0.7853981633974483	0.25	0
3.9483917083631486	3.9483917083631486	0.7853981633974483	0.25	0
3.9518942101501393	3.9518942101501393	0.7853981633974483	0.25	0
3.95539671193713	3.95539671193713	0.7853981633974483	0.25	0
3.958899213724121	3.958899213724121	0.7853981633974483	0.25	0
3.9624017155111115	3.9624017155111115	0.7853981633974483	0.25	0
3.9659042172981023	3.9659042172981023	0.7853981633974483	0.25	0
3.969406719085093	3.969406719085093	0.7853981633974483	0.25	0
3.9729092208720838	3.9729092208720838	0.7853981633974483	0.25	0
3.9764117226590745	3.9764117226590745	0.7853981633974483	0.25	0
3.9799142244460652	3.9799142244460652	0.7853981633974483	0.25	0
3.983416726233056	3.983416726233056	0.7853981633974483	0.25	0
3.9869192280200467	3.9869192280200467	0.7853981633974483	0.25	0
3.9904217298070375	3.9904217298070375	0.7853981633974483	0.25	0
3.993924231594028	3.993924231594028	0.7853981633974483	0.25	0
3.997426733381019	3.997426733381019	0.7853981633974483	0.25	0
4.00092923516801	4.00092923516801	0.7853981633974483	0.25	0
4.004431736955	4.004431736955	0.7853981633974483	0.25	0
4.007934238741991	4.007934238741991	0.7853981633974483	0.25	0
4.011436740528982	4.011436740528982	0.7853981633974483	0.25	0
4.014939242315973	4.014939242315973	0.7853981633974483	0.25	0
4.018441744102963	4.018441744102963	0.7853981633974483	0.25	0
4.021944245889954	4.021944245889954	0.7853981633974483	0.25	0
4.025446747676945	4.025446747676945	0.7853981633974483	0.25	0
4.028949249463936	4.028949249463936	0.7853981633974483	0.25	0
4.032451751250926	4.032451751250926	0.7853981633974483	0.25	0
4.035954253037917	4.035954253037917	0.7853981633974483	0.25	0
4.039456754824908	4.039456754824908	0.7853981633974483	0.25	0
4.042959256611899	4.042959256611899	0.7853981633974483	0.25	0
4.046461758398889	4.046461758398889	0.7853981633974483	0.25	0
4.04996426018588	4.04996426018588	0.7853981633974483	0.25	0
4.053466761972871	4.053466761972871	0.7853981633974483	0.25	0
4.0569692637598616	4.0569692637598616	0.7853981633974483	0.25	0
4.060471765546852	4.060471765546852	0.7853981633974483	0.25	0
4.063974267333843	4.063974267333843	0.7853981633974483	0.25	0
4.067476769120834	4.067476769120834	0.7853981633974483	0.25	0
4.0709792709078245	4.0709792709078245	0.7853981633974483	0.25	0
4.074481772694815	4.074481772694815	0.7853981633974483	0.25	0
4.077984274481806	4.077984274481806	0.7853981633974483	0.25	0
4.081486776268797	4.081486776268797	0.7853981633974483	0.25	0
4.0849892780557875	4.0849892780557875	0.7853981633974483	0.25	0
4.088491779842778	4.088491779842778	0.7853981633974483	0.25	0
4.091994281629769	4.091994281629769	0.7853981633974483	0.25	0
4.09549678341676	4.09549678341676	0.7853981633974483	0.25	0
4.0989992852037505	4.0989992852037505	0.7853981633974483	0.25	0
4.102501786990741	4.102501786990741	0.7853981633974483	0.25	0
4.106004288777732	4.106004288777732	0.7853981633974483	0.25	0
4.109506790564723	4.109506790564723	0.7853981633974483	0.25	0
4.113009292351713	4.113009292351713	0.7853981633974483	0.25	0
4.116511794138704	4.116511794138704	0.7853981633974483	0.25	0
4.120014295925695	4.120014295925695	0.7853981633974483	0.25	0
4.123516797712686	4.123516797712686	0.7853981633974483	0.25	0
4.127019299499676	4.127019299499676	0.7853981633974483	0.25	0
4.130521801286667	4.130521801286667	0.7853981633974483	0.25	0
4.134024303073658	4.134024303073658	0.7853981633974483	0.25	0
4.137526804860649	4.137526804860649	0.7853981633974483	0.25	0
4.141029306647639	4.141029306647639	0.7853981633974483	0.25	0
4.14453180843463	4.14453180843463	0.7853981633974483	0.25	0
4.148034310221621	4.148034310221621	0.7853981633974483	0.25	0
4.151536812008612	4.151536812008612	0.7853981633974483	0.25	0
4.155039313795602	4.155039313795602	0.7853981633974483	0.25	0
4.158541815582593	4.158541815582593	0.7853981633974483	0.25	0
4.162044317369584	4.162044317369584	0.7853981633974483	0.25	0
4.1655468191565745	4.1655468191565745	0.7853981633974483	0.25	0
4.169049320943565	4.169049320943565	0.7853981633974483	0.25	0
4.172551822730556	4.172551822730556	0.7853981633974483	0.25	0
4.176054324517547	4.176054324517547	0.7853981633974483	0.25	0
4.1795568263045375	4.1795568263045375	0.7853981633974483	0.25	0
4.183059328091528	4.183059328091528	0.7853981633974483	0.25	0
4.186561829878519	4.186561829878519	0.7853981633974483	0.25	0
4.19006433166551	4.19006433166551	0.7853981633974483	0.25	0
4.1935668334525005	4.1935668334525005	0.7853981633974483	0.25	0
4.197069335239491	4.197069335239491	0.7853981633974483	0.25	0
4.200571837026482	4.200571837026482	0.7853981633974483	0.25	0
4.204074338813473	4.204074338813473	0.7853981633974483	0.25	0
4.207576840600463	4.207576840600463	0.7853981633974483	0.25	0
4.211079342387454	4.211079342387454	0.7853981633974483	0.25	0
4.214581844174445	4.214581844174445	0.7853981633974483	0.25	0
4.218084345961436	4.218084345961436	0.7853981633974483	0.25	0
4.221586847748426	4.221586847748426	0.7853981633974483	0.25	0
4.225089349535417	4.225089349535417	0.7853981633974483	0.25	0
4.228591851322408	4.228591851322408	0.7853981633974483	0.25	0
4.232094353109399	4.232094353109399	0.7853981633974483	0.25	0
4.235596854896389	4.235596854896389	0.7853981633974483	0.25	0
4.23909935668338	4.23909935668338	0.7853981633974483	0.25	0
4.242601858470371	4.242601858470371	0.7853981633974483	0.25	0
4.246104360257362	4.246104360257362	0.7853981633974483	0.25	0
4.249606862044352	4.249606862044352	0.7853981633974483	0.25	0
4.253109363831343	4.253109363831343	0.7853981633974483	0.25	0
4.256611865618334	4.256611865618334	0.7853981633974483	0.25	0
4.260114367405325	4.260114367405325	0.7853981633974483	0.25	0
4.263616869192315	4.263616869192315	0.7853981633974483	0.25	0
4.267119370979306	4.267119370979306	0.7853981633974483	0.25	0
4.270621872766297	4.270621872766297	0.7853981633974483	0.25	0
4.2741243745532875	4.2741243745532875	0.7853981633974483	0.25	0
4.277626876340278	4.277626876340278	0.7853981633974483	0.25	0
4.281129378127269	4.281129378127269	0.7853981633974483	0.25	0
4.28463187991426	4.28463187991426	0.7853981633974483	0.25	0
4.2881343817012505	4.2881343817012505	0.7853981633974483	0.25	0
4.291636883488241	4.291636883488241	0.7853981633974483	0.25	0
4.295139385275232	4.295139385275232	0.7853981633974483	0.25	0
4.298641887062223	4.298641887062223	0.7853981633974483	0.25	0
4.3021443888492135	4.3021443888492135	0.7853981633974483	0.25	0
4.305646890636204	4.305646890636204	0.7853981633974483	0.25	0
4.309149392423195	4.309149392423195	0.7853981633974483	0.25	0
4.312651894210186	4.312651894210186	0.7853981633974483	0.25	0
4.316154395997176	4.316154395997176	0.7853981633974483	0.25	0
4.319656897784167	4.319656897784167	0.7853981633974483	0.25	0
4.323159399571158	4.323159399571158	0.7853981633974483	0.25	0
4.326661901358149	4.326661901358149	0.7853981633974483	0.25	0
4.330164403145139	4.330164403145139	0.7853981633974483	0.25	0
4.33366690493213	4.33366690493213	0.7853981633974483	0.25	0
4.337169406719121	4.337169406719121	0.7853981633974483	0.25	0
4.340671908506112	4.340671908506112	0.7853981633974483	0.25	0
4.344174410293102	4.344174410293102	0.7853981633974483	0.25	0
4.347676912080093	4.347676912080093	0.7853981633974483	0.25	0
4.351179413867084	4.351179413867084	0.7853981633974483	0.25	0
4.354681915654075	4.354681915654075	0.7853981633974483	0.25	0
4.358184417441065	4.358184417441065	0.7853981633974483	0.25	0
4.361686919228056	4.361686919228056	0.7853981633974483	0.25	0
4.365189421015047	4.365189421015047	0.7853981633974483	0.25	0
4.3686919228020376	4.3686919228020376	0.7853981633974483	0.25	0
4.372194424589028	4.372194424589028	0.7853981633974483	0.25	0
4.375696926376019	4.375696926376019	0.7853981633974483	0.25	0
4.37919942816301	4.37919942816301	0.7853981633974483	0.25	0
4.3827019299500005	4.3827019299500005	0.7853981633974483	0.25	0
4.386204431736991	4.386204431736991	0.7853981633974483	0.25	0
4.389706933523982	4.389706933523982	0.7853981633974483	0.25	0
4.393209435310973	4.393209435310973	0.7853981633974483	0.25	0
4.3967119370979635	4.3967119370979635	0.7853981633974483	0.25	0
4.400214438884954	4.400214438884954	0.7853981633974483	0.25	0
4.403716940671945	4.403716940671945	0.7853981633974483	0.25	0
4.407219442458936	4.407219442458936	0.7853981633974483	0.25	0
4.4107219442459265	4.4107219442459265	0.7853981633974483	0.25	0
4.414224446032917	4.414224446032917	0.7853981633974483	0.25	0
4.417726947819908	4.417726947819908	0.7853981633974483	0.25	0
4.421229449606899	4.421229449606899	0.7853981633974483	0.25	0
4.424731951393889	4.424731951393889	0.7853981633974483	0.25	0
4.42823445318088	4.42823445318088	0.7853981633974483	0.25	0
4.431736954967871	4.431736954967871	0.7853981633974483	0.25	0
4.435239456754862	4.435239456754862	0.7853981633974483	0.25	0
4.438741958541852	4.438741958541852	0.7853981633974483	0.25	0
4.442244460328843	4.442244460328843	0.7853981633974483	0.25	0
4.445746962115834	4.445746962115834	0.7853981633974483	0.25	0
4.449249463902825	4.449249463902825	0.7853981633974483	0.25	0
4.452751965689815	4.452751965689815	0.7853981633974483	0.25	0
4.456254467476806	4.456254467476806	0.7853981633974483	0.25	0
4.459756969263797	4.459756969263797	0.7853981633974483	0.25	0
4.463259471050788	4.463259471050788	0.7853981633974483	0.25	0
4.466761972837778	4.466761972837778	0.7853981633974483	0.25	0
4.470264474624769	4.470264474624769	0.7853981633974483	0.25	0
4.47376697641176	4.47376697641176	0.7853981633974483	0.25	0
4.4772694781987505	4.4772694781987505	0.7853981633974483	0.25	0
4.480771979985741	4.480771979985741	0.7853981633974483	0.25	0
4.484274481772732	4.484274481772732	0.7853981633974483	0.25	0
4.487776983559723	4.487776983559723	0.7853981633974483	0.25	0
4.4912794853467135	4.4912794853467135	0.7853981633974483	0.25	0
4.494781987133704	4.494781987133704	0.7853981633974483	0.25	0
4.498284488920695	4.498284488920695	0.7853981633974483	0.25	0
4.501786990707686	4.501786990707686	0.7853981633974483	0.25	0
4.5052894924946765	4.5052894924946765	0.7853981633974483	0.25	0
4.508791994281667	4.508791994281667	0.7853981633974483	0.25	0
4.512294496068658	4.512294496068658	0.7853981633974483	0.25	0
4.515796997855649	4.515796997855649	0.7853981633974483	0.25	0
4.519299499642639	4.519299499642639	0.7853981633974483	0.25	0
4.52280200142963	4.52280200142963	0.7853981633974483	0.25	0
4.526304503216621	4.526304503216621	0.7853981633974483	0.25	0
4.529807005003612	4.529807005003612	0.7853981633974483	0.25	0
4.533309506790602	4.533309506790602	0.7853981633974483	0.25	0
4.536812008577593	4.536812008577593	0.7853981633974483	0.25	0
4.540314510364584	4.540314510364584	0.7853981633974483	0.25	0
4.543817012151575	4.543817012151575	0.7853981633974483	0.25	0
4.547319513938565	4.547319513938565	0.7853981633974483	0.25	0
4.550822015725556	4.550822015725556	0.7853981633974483	0.25	0
4.554324517512547	4.554324517512547	0.7853981633974483	0.25	0
4.557827019299538	4.557827019299538	0.7853981633974483	0.25	0
4.561329521086528	4.561329521086528	0.7853981633974483	0.25	0
4.564832022873519	4.564832022873519	0.7853981633974483	0.25	0
4.56833452466051	4.56833452466051	0.7853981633974483	0.25	0
4.571837026447501	4.571837026447501	0.7853981633974483	0.25	0
4.575339528234491	4.575339528234491	0.7853981633974483	0.25	0
4.578842030021482	4.578842030021482	0.7853981633974483	0.25	0
4.582344531808473	4.582344531808473	0.7853981633974483	0.25	0
4.5858470335954635	4.5858470335954635	0.7853981633974483	0.25	0
4.589349535382454	4.589349535382454	0.7853981633974483	0.25	0
4.592852037169445	4.592852037169445	0.7853981633974483	0.25	0
4.596354538956436	4.596354538956436	0.7853981633974483	0.25	0
4.5998570407434265	4.5998570407434265	0.7853981633974483	0.25	0
4.603359542530417	4.603359542530417	0.7853981633974483	0.25	0
4.606862044317408	4.606862044317408	0.7853981633974483	0.25	0
4.610364546104399	4.610364546104399	0.7853981633974483	0.25	0
4.6138670478913895	4.6138670478913895	0.7853981633974483	0.25	0
4.61736954967838	4.61736954967838	0.7853981633974483	0.25	0
4.620872051465371	4.620872051465371	0.7853981633974483	0.25	0
4.624374553252362	4.624374553252362	0.7853981633974483	0.25	0
4.627877055039352	4.627877055039352	0.7853981633974483	0.25	0
4.631379556826343	4.631379556826343	0.7853981633974483	0.25	0
4.634882058613334	4.634882058613334	0.7853981633974483	0.25	0
4.638384560400325	4.638384560400325	0.7853981633974483	0.25	0
4.641887062187315	4.641887062187315	0.7853981633974483	0.25	0
4.645389563974306	4.645389563974306	0.7853981633974483	0.25	0
4.648892065761297	4.648892065761297	0.7853981633974483	0.25	0
4.652394567548288	4.652394567548288	0.7853981633974483	0.25	0
4.655897069335278	4.655897069335278	0.7853981633974483	0.25	0
4.659399571122269	4.659399571122269	0.7853981633974483	0.25	0
4.66290207290926	4.66290207290926	0.7853981633974483	0.25	0
4.666404574696251	4.666404574696251	0.7853981633974483	0.25	0
4.669907076483241	4.669907076483241	0.7853981633974483	0.25	0
4.673409578270232	4.673409578270232	0.7853981633974483	0.25	0
4.676912080057223	4.676912080057223	0.7853981633974483	0.25	0
4.6804145818442136	4.6804145818442136	0.7853981633974483	0.25	0
4.683917083631204	4.683917083631204	0.7853981633974483	0.25	0
4.687419585418195	4.687419585418195	0.7853981633974483	0.25	0
4.690922087205186	4.690922087205186	0.7853981633974483	0.25	0
4.6944245889921765	4.6944245889921765	0.7853981633974483	0.25	0
4.697927090779167	4.697927090779167	0.7853981633974483	0.25	0
4.701429592566158	4.701429592566158	0.7853981633974483	0.25	0
4.704932094353149	4.704932094353149	0.7853981633974483	0.25	0
4.7084345961401395	4.7084345961401395	0.7853981633974483	0.25	0
4.71193709792713	4.71193709792713	0.7853981633974483	0.25	0
4.715439599714121	4.715439599714121	0.7853981633974483	0.25	0
4.718942101501112	4.718942101501112	0.7853981633974483	0.25	0
4.7224446032881024	4.7224446032881024	0.7853981633974483	0.25	0
4.725947105075093	4.725947105075093	0.7853981633974483	0.25	0
4.729449606862084	4.729449606862084	0.7853981633974483	0.25	0
4.732952108649075	4.732952108649075	0.7853981633974483	0.25	0
4.736454610436065	4.736454610436065	0.7853981633974483	0.25	0
4.739957112223056	4.739957112223056	0.7853981633974483	0.25	0
4.743459614010047	4.743459614010047	0.7853981633974483	0.25	0
4.746962115797038	4.746962115797038	0.7853981633974483	0.25	0
4.750464617584028	4.750464617584028	0.7853981633974483	0.25	0
4.753967119371019	4.753967119371019	0.7853981633974483	0.25	0
4.75746962115801	4.75746962115801	0.7853981633974483	0.25	0
4.760972122945001	4.760972122945001	0.7853981633974483	0.25	0
4.764474624731991	4.764474624731991	0.7853981633974483	0.25	0
4.767977126518982	4.767977126518982	0.7853981633974483	0.25	0
4.771479628305973	4.771479628305973	0.7853981633974483	0.25	0
4.774982130092964	4.774982130092964	0.7853981633974483	0.25	0
4.778484631879954	4.778484631879954	0.7853981633974483	0.25	0
4.781987133666945	4.781987133666945	0.7853981633974483	0.25	0
4.785489635453936	4.785489635453936	0.7853981633974483	0.25	0
4.7889921372409265	4.7889921372409265	0.7853981633974483	0.25	0
4.792494639027917	4.792494639027917	0.7853981633974483	0.25	0
4.795997140814908	4.795997140814908	0.7853981633974483	0.25	0
4.799499642601899	4.799499642601899	0.7853981633974483	0.25	0
4.8030021443888895	4.8030021443888895	0.7853981633974483	0.25	0
4.80650464617588	4.80650464617588	0.7853981633974483	0.25	0
4.810007147962871	4.810007147962871	0.7853981633974483	0.25	0
4.813509649749862	4.813509649749862	0.7853981633974483	0.25	0
4.8170121515368525	4.8170121515368525	0.7853981633974483	0.25	0
4.820514653323843	4.820514653323843	0.7853981633974483	0.25	0
4.824017155110834	4.824017155110834	0.7853981633974483	0.25	0
4.827519656897825	4.827519656897825	0.7853981633974483	0.25	0
4.831022158684815	4.831022158684815	0.7853981633974483	0.25	0
4.834524660471806	4.834524660471806	0.7853981633974483	0.25	0
4.838027162258797	4.838027162258797	0.7853981633974483	0.25	0
4.841529664045788	4.841529664045788	0.7853981633974483	0.25	0
4.845032165832778	4.845032165832778	0.7853981633974483	0.25	0
4.848534667619769	4.848534667619769	0.7853981633974483	0.25	0
4.85203716940676	4.85203716940676	0.7853981633974483	0.25	0
4.855539671193751	4.855539671193751	0.7853981633974483	0.25	0
4.859042172980741	4.859042172980741	0.7853981633974483	0.25	0
4.862544674767732	4.862544674767732	0.7853981633974483	0.25	0
4.866047176554723	4.866047176554723	0.7853981633974483	0.25	0
4.869549678341714	4.869549678341714	0.7853981633974483	0.25	0
4.873052180128704	4.873052180128704	0.7853981633974483	0.25	0
4.876554681915695	4.876554681915695	0.7853981633974483	0.25	0
4.880057183702686	4.880057183702686	0.7853981633974483	0.25	0
4.883559685489677	4.883559685489677	0.7853981633974483	0.25	0
4.887062187276667	4.887062187276667	0.7853981633974483	0.25	0
4.890564689063658	4.890564689063658	0.7853981633974483	0.25	0
4.894067190850649	4.894067190850649	0.7853981633974483	0.25	0
4.8975696926376395	4.8975696926376395	0.7853981633974483	0.25	0
4.90107219442463	4.90107219442463	0.7853981633974483	0.25	0
4.904574696211621	4.904574696211621	0.7853981633974483	0.25	0
4.908077197998612	4.908077197998612	0.7853981633974483	0.25	0
4.9115796997856025	4.9115796997856025	0.7853981633974483	0.25	0
4.915082201572593	4.915082201572593	0.7853981633974483	0.25	0
4.918584703359584	4.918584703359584	0.7853981633974483	0.25	0
4.922087205146575	4.922087205146575	0.7853981633974483	0.25	0
4.9255897069335655	4.9255897069335655	0.7853981633974483	0.25	0
4.929092208720556	4.929092208720556	0.7853981633974483	0.25	0
4.932594710507547	4.932594710507547	0.7853981633974483	0.25	0
4.936097212294538	4.936097212294538	0.7853981633974483	0.25	0
4.939599714081528	4.939599714081528	0.7853981633974483	0.25	0
4.943102215868519	4.943102215868519	0.7853981633974483	0.25	0
4.94660471765551	4.94660471765551	0.7853981633974483	0.25	0
4.950107219442501	4.950107219442501	0.7853981633974483	0.25	0
4.953609721229491	4.953609721229491	0.7853981633974483	0.25	0
4.957112223016482	4.957112223016482	0.7853981633974483	0.25	0
4.960614724803473	4.960614724803473	0.7853981633974483	0.25	0
4.964117226590464	4.964117226590464	0.7853981633974483	0.25	0
4.967619728377454	4.967619728377454	0.7853981633974483	0.25	0
4.971122230164445	4.971122230164445	0.7853981633974483	0.25	0
4.974624731951436	4.974624731951436	0.7853981633974483	0.25	0
4.978127233738427	4.978127233738427	0.7853981633974483	0.25	0
4.981629735525417	4.981629735525417	0.7853981633974483	0.25	0
4.985132237312408	4.985132237312408	0.7853981633974483	0.25	0
4.988634739099399	4.988634739099399	0.7853981633974483	0.25	0
4.9921372408863895	4.9921372408863895	0.7853981633974483	0.25	0
4.99563974267338	4.99563974267338	0.7853981633974483	0.25	0
4.999142244460371	4.999142244460371	0.7853981633974483	0.25	0
5.002644746247362	5.002644746247362	0.7853981633974483	0.25	0
5.0061472480343525	5.0061472480343525	0.7853981633974483	0.25	0
5.009649749821343	5.009649749821343	0.7853981633974483	0.25	0
5.013152251608334	5.013152251608334	0.7853981633974483	0.25	0
5.016654753395325	5.016654753395325	0.7853981633974483	0.25	0
5.0201572551823155	5.0201572551823155	0.7853981633974483	0.25	0
5.023659756969306	5.023659756969306	0.7853981633974483	0.25	0
5.027162258756297	5.027162258756297	0.7853981633974483	0.25	0
5.030664760543288	5.030664760543288	0.7853981633974483	0.25	0
5.0341672623302784	5.0341672623302784	0.7853981633974483	0.25	0
5.037669764117269	5.037669764117269	0.7853981633974483	0.25	0
5.04117226590426	5.04117226590426	0.7853981633974483	0.25	0
5.044674767691251	5.044674767691251	0.7853981633974483	0.25	0
5.048177269478241	5.048177269478241	0.7853981633974483	0.25	0
5.051679771265232	5.051679771265232	0.7853981633974483	0.25	0
5.055182273052223	5.055182273052223	0.7853981633974483	0.25	0
5.058684774839214	5.058684774839214	0.7853981633974483	0.25	0
5.062187276626204	5.062187276626204	0.7853981633974483	0.25	0
5.065689778413195	5.065689778413195	0.7853981633974483	0.25	0
5.069192280200186	5.069192280200186	0.7853981633974483	0.25	0
5.072694781987177	5.072694781987177	0.7853981633974483	0.25	0
5.076197283774167	5.076197283774167	0.7853981633974483	0.25	0
5.079699785561158	5.079699785561158	0.7853981633974483	0.25	0
5.083202287348149	5.083202287348149	0.7853981633974483	0.25	0
5.08670478913514	5.08670478913514	0.7853981633974483	0.25	0
5.09020729092213	5.09020729092213	0.7853981633974483	0.25	0
5.093709792709121	5.093709792709121	0.7853981633974483	0.25	0
5.097212294496112	5.097212294496112	0.7853981633974483	0.25	0
5.1007147962831025	5.1007147962831025	0.7853981633974483	0.25	0
5.104217298070093	5.104217298070093	0.7853981633974483	0.25	0
5.107719799857084	5.107719799857084	0.7853981633974483	0.25	0
5.111222301644075	5.111222301644075	0.7853981633974483	0.25	0
5.1147248034310655	5.1147248034310655	0.7853981633974483	0.25	0
5.118227305218056	5.118227305218056	0.7853981633974483	0.25	0
5.121729807005047	5.121729807005047	0.7853981633974483	0.25	0
5.125232308792038	5.125232308792038	0.7853981633974483	0.25	0
5.1287348105790285	5.1287348105790285	0.7853981633974483	0.25	0
5.132237312366019	5.132237312366019	0.7853981633974483	0.25	0
5.13573981415301	5.13573981415301	0.7853981633974483	0.25	0
5.139242315940001	5.139242315940001	0.7853981633974483	0.25	0
5.142744817726991	5.142744817726991	0.7853981633974483	0.25	0
5.146247319513982	5.146247319513982	0.7853981633974483	0.25	0
5.149749821300973	5.149749821300973	0.7853981633974483	0.25	0
5.153252323087964	5.153252323087964	0.7853981633974483	0.25	0
5.156754824874954	5.156754824874954	0.7853981633974483	0.25	0
5.160257326661945	5.160257326661945	0.7853981633974483	0.25	0
5.163759828448936	5.163759828448936	0.7853981633974483	0.25	0
5.167262330235927	5.167262330235927	0.7853981633974483	0.25	0
5.170764832022917	5.170764832022917	0.7853981633974483	0.25	0
5.174267333809908	5.174267333809908	0.7853981633974483	0.25	0
5.177769835596899	5.177769835596899	0.7853981633974483	0.25	0
5.18127233738389	5.18127233738389	0.7853981633974483	0.25	0
5.18477483917088	5.18477483917088	0.7853981633974483	0.25	0
5.188277340957871	5.188277340957871	0.7853981633974483	0.25	0
5.191779842744862	5.191779842744862	0.7853981633974483	0.25	0
5.195282344531853	5.195282344531853	0.7853981633974483	0.25	0
5.198784846318843	5.198784846318843	0.7853981633974483	0.25	0
5.202287348105834	5.202287348105834	0.7853981633974483	0.25	0
5.205789849892825	5.205789849892825	0.7853981633974483	0.25	0
5.2092923516798155	5.2092923516798155	0.7853981633974483	0.25	0
5.212794853466806	5.212794853466806	0.7853981633974483	0.25	0
5.216297355253797	5.216297355253797	0.7853981633974483	0.25	0
5.219799857040788	5.219799857040788	0.7853981633974483	0.25	0
5.2233023588277785	5.2233023588277785	0.7853981633974483	0.25	0
5.226804860614769	5.226804860614769	0.7853981633974483	0.25	0
5.23030736240176	5.23030736240176	0.7853981633974483	0.25	0
5.233809864188751	5.233809864188751	0.7853981633974483	0.25	0
5.2373123659757415	5.2373123659757415	0.7853981633974483	0.25	0
5.240814867762732	5.240814867762732	0.7853981633974483	0.25	0
5.244317369549723	5.244317369549723	0.7853981633974483	0.25	0
5.247819871336714	5.247819871336714	0.7853981633974483	0.25	0
5.251322373123704	5.251322373123704	0.7853981633974483	0.25	0
5.254824874910695	5.254824874910695	0.7853981633974483	0.25	0
5.258327376697686	5.258327376697686	0.7853981633974483	0.25	0
5.261829878484677	5.261829878484677	0.7853981633974483	0.25	0
5.265332380271667	5.265332380271667	0.7853981633974483	0.25	0
5.268834882058658	5.268834882058658	0.7853981633974483	0.25	0
5.272337383845649	5.272337383845649	0.7853981633974483	0.25	0
5.27583988563264	5.27583988563264	0.7853981633974483	0.25	0
5.27934238741963	5.27934238741963	0.7853981633974483	0.25	0
5.282844889206621	5.282844889206621	0.7853981633974483	0.25	0
5.286347390993612	5.286347390993612	0.7853981633974483	0.25	0
5.289849892780603	5.289849892780603	0.7853981633974483	0.25	0
5.293352394567593	5.293352394567593	0.7853981633974483	0.25	0
5.296854896354584	5.296854896354584	0.7853981633974483	0.25	0
5.300357398141575	5.300357398141575	0.7853981633974483	0.25	0
5.3038598999285655	5.3038598999285655	0.7853981633974483	0.25	0
5.307362401715556	5.307362401715556	0.7853981633974483	0.25	0
5.310864903502547	5.310864903502547	0.7853981633974483	0.25	0
5.314367405289538	5.314367405289538	0.7853981633974483	0.25	0
5.3178699070765285	5.3178699070765285	0.7853981633974483	0.25	0
5.321372408863519	5.321372408863519	0.7853981633974483	0.25	0
5.32487491065051	5.32487491065051	0.7853981633974483	0.25	0
5.328377412437501	5.328377412437501	0.7853981633974483	0.25	0
5.3318799142244915	5.3318799142244915	0.7853981633974483	0.25	0
5.335382416011482	5.335382416011482	0.7853981633974483	0.25	0
5.338884917798473	5.338884917798473	0.7853981633974483	0.25	0
5.342387419585464	5.342387419585464	0.7853981633974483	0.25	0
5.3458899213724544	5.3458899213724544	0.7853981633974483	0.25	0
5.349392423159445	5.349392423159445	0.7853981633974483	0.25	0
5.352894924946436	5.352894924946436	0.7853981633974483	0.25	0
5.356397426733427	5.356397426733427	0.7853981633974483	0.25	0
5.359899928520417	5.359899928520417	0.7853981633974483	0.25	0
5.363402430307408	5.363402430307408	0.7853981633974483	0.25	0
5.366904932094399	5.366904932094399	0.7853981633974483	0.25	0
5.37040743388139	5.37040743388139	0.7853981633974483	0.25	0
5.37390993566838	5.37390993566838	0.7853981633974483	0.25	0
5.377412437455371	5.377412437455371	0.7853981633974483	0.25	0
5.380914939242362	5.380914939242362	0.7853981633974483	0.25	0
5.384417441029353	5.384417441029353	0.7853981633974483	0.25	0
5.387919942816343	5.387919942816343	0.7853981633974483	0.25	0
5.391422444603334	5.391422444603334	0.7853981633974483	0.25	0
5.394924946390325	5.394924946390325	0.7853981633974483	0.25	0
5.398427448177316	5.398427448177316	0.7853981633974483	0.25	0
5.401929949964306	5.401929949964306	0.7853981633974483	0.25	0
5.405432451751297	5.405432451751297	0.7853981633974483	0.25	0
5.408934953538288	5.408934953538288	0.7853981633974483	0.25	0
5.4124374553252785	5.4124374553252785	0.7853981633974483	0.25	0
5.415939957112269	5.415939957112269	0.7853981633974483	0.25	0
5.41944245889926	5.41944245889926	0.7853981633974483	0.25	0
5.422944960686251	5.422944960686251	0.7853981633974483	0.25	0
5.4264474624732415	5.4264474624732415	0.7853981633974483	0.25	0
5.429949964260232	5.429949964260232	0.7853981633974483	0.25	0
5.433452466047223	5.433452466047223	0.7853981633974483	0.25	0
5.436954967834214	5.436954967834214	0.7853981633974483	0.25	0
5.4404574696212045	5.4404574696212045	0.7853981633974483	0.25	0
5.443959971408195	5.443959971408195	0.7853981633974483	0.25	0
5.447462473195186	5.447462473195186	0.7853981633974483	0.25	0
5.450964974982177	5.450964974982177	0.7853981633974483	0.25	0
5.454467476769167	5.454467476769167	0.7853981633974483	0.25	0
5.457969978556158	5.457969978556158	0.7853981633974483	0.25	0
5.461472480343149	5.461472480343149	0.7853981633974483	0.25	0
5.46497498213014	5.46497498213014	0.7853981633974483	0.25	0
5.46847748391713	5.46847748391713	0.7853981633974483	0.25	0
5.471979985704121	5.471979985704121	0.7853981633974483	0.25	0
5.475482487491112	5.475482487491112	0.7853981633974483	0.25	0
5.478984989278103	5.478984989278103	0.7853981633974483	0.25	0
5.482487491065093	5.482487491065093	0.7853981633974483	0.25	0
5.485989992852084	5.485989992852084	0.7853981633974483	0.25	0
5.489492494639075	5.489492494639075	0.7853981633974483	0.25	0
5.492994996426066	5.492994996426066	0.7853981633974483	0.25	0
5.496497498213056	5.496497498213056	0.7853981633974483	0.25	0
5.5	5.5	0.7853981633974483	0.25	0
