1.0	0.5	0.7853981633974483	0.25	0
1.0033595425303787	0.5033595425303788	0.7853981633974483	0.25	0
1.0067190850607575	0.5067190850607577	0.7853981633974483	0.25	0
1.0100786275911362	0.5100786275911365	0.7853981633974483	0.25	0
1.013438170121515	0.5134381701215154	0.7853981633974483	0.25	0
1.0167977126518937	0.5167977126518942	0.7853981633974483	0.25	0
1.0201572551822724	0.5201572551822731	0.7853981633974483	0.25	0
1.0235167977126511	0.5235167977126519	0.7853981633974483	0.25	0
1.0268763402430299	0.5268763402430308	0.7853981633974483	0.25	0
1.0302358827734086	0.5302358827734096	0.7853981633974483	0.25	0
1.0335954253037873	0.5335954253037885	0.7853981633974483	0.25	0
1.036954967834166	0.5369549678341673	0.7853981633974483	0.25	0
1.0403145103645448	0.5403145103645461	0.7853981633974483	0.25	0
1.0436740528949235	0.543674052894925	0.7853981633974483	0.25	0
1.0470335954253023	0.5470335954253038	0.7853981633974483	0.25	0
1.050393137955681	0.5503931379556827	0.7853981633974483	0.25	0
1.0537526804860597	0.5537526804860615	0.7853981633974483	0.25	0
1.0571122230164385	0.5571122230164404	0.7853981633974483	0.25	0
1.0604717655468172	0.5604717655468192	0.7853981633974483	0.25	0
1.063831308077196	0.5638313080771981	0.7853981633974483	0.25	0
1.0671908506075747	0.5671908506075769	0.7853981633974483	0.25	0
1.0705503931379534	0.5705503931379557	0.7853981633974483	0.25	0
1.0739099356683321	0.5739099356683346	0.7853981633974483	0.25	0
1.0772694781987109	0.5772694781987134	0.7853981633974483	0.25	0
1.0806290207290896	0.5806290207290923	0.7853981633974483	0.25	0
1.0839885632594684	0.5839885632594711	0.7853981633974483	0.25	0
1.087348105789847	0.58734810578985	0.7853981633974483	0.25	0
1.0907076483202258	0.5907076483202288	0.7853981633974483	0.25	0
1.0940671908506046	0.5940671908506077	0.7853981633974483	0.25	0
1.0974267333809833	0.5974267333809865	0.7853981633974483	0.25	0
1.100786275911362	0.6007862759113654	0.7853981633974483	0.25	0
1.1041458184417408	0.6041458184417442	0.7853981633974483	0.25	0
1.1075053609721195	0.607505360972123	0.7853981633974483	0.25	0
1.1108649035024982	0.6108649035025019	0.7853981633974483	0.25	0
1.114224446032877	0.6142244460328807	0.7853981633974483	0.25	0
1.1175839885632557	0.6175839885632596	0.7853981633974483	0.25	0
1.1209435310936344	0.6209435310936384	0.7853981633974483	0.25	0
1.1243030736240132	0.6243030736240173	0.7853981633974483	0.25	0
1.127662616154392	0.6276626161543961	0.7853981633974483	0.25	0
1.1310221586847706	0.631022158684775	0.7853981633974483	0.25	0
1.1343817012151494	0.6343817012151538	0.7853981633974483	0.25	0
1.137741243745528	0.6377412437455326	0.7853981633974483	0.25	0
1.1411007862759068	0.6411007862759115	0.7853981633974483	0.25	0
1.1444603288062856	0.6444603288062903	0.7853981633974483	0.25	0
1.1478198713366643	0.6478198713366692	0.7853981633974483	0.25	0
1.151179413867043	0.651179413867048	0.7853981633974483	0.25	0
1.1545389563974218	0.6545389563974269	0.7853981633974483	0.25	0
1.1578984989278005	0.6578984989278057	0.7853981633974483	0.25	0
1.1612580414581792	0.6612580414581846	0.7853981633974483	0.25	0
1.164617583988558	0.6646175839885634	0.7853981633974483	0.25	0
1.1679771265189367	0.6679771265189423	0.7853981633974483	0.25	0
1.1713366690493154	0.6713366690493211	0.7853981633974483	0.25	0
1.1746962115796942	0.6746962115797	0.7853981633974483	0.25	0
1.178055754110073	0.6780557541100788	0.7853981633974483	0.25	0
1.1814152966404516	0.6814152966404576	0.7853981633974483	0.25	0
1.1847748391708304	0.6847748391708365	0.7853981633974483	0.25	0
1.188134381701209	0.6881343817012153	0.7853981633974483	0.25	0
1.1914939242315878	0.6914939242315942	0.7853981633974483	0.25	0
1.1948534667619666	0.694853466761973	0.7853981633974483	0.25	0
1.1982130092923453	0.6982130092923519	0.7853981633974483	0.25	0
1.201572551822724	0.7015725518227307	0.7853981633974483	0.25	0
1.2049320943531028	0.7049320943531096	0.7853981633974483	0.25	0
1.2082916368834815	0.7082916368834884	0.7853981633974483	0.25	0
1.2116511794138602	0.7116511794138672	0.7853981633974483	0.25	0
1.215010721944239	0.7150107219442461	0.7853981633974483	0.25	0
1.2183702644746177	0.7183702644746249	0.7853981633974483	0.25	0
1.2217298070049964	0.7217298070050038	0.7853981633974483	0.25	0
1.2250893495353752	0.7250893495353826	0.7853981633974483	0.25	0
1.228448892065754	0.7284488920657615	0.7853981633974483	0.25	0
1.2318084345961327	0.7318084345961403	0.7853981633974483	0.25	0
1.2351679771265114	0.7351679771265192	0.7853981633974483	0.25	0
1.2385275196568901	0.738527519656898	0.7853981633974483	0.25	0
1.2418870621872689	0.7418870621872768	0.7853981633974483	0.25	0
1.2452466047176476	0.7452466047176557	0.7853981633974483	0.25	0
1.2486061472480263	0.7486061472480345	0.7853981633974483	0.25	0
1.251965689778405	0.7519656897784134	0.7853981633974483	0.25	0
1.2553252323087838	0.7553252323087922	0.7853981633974483	0.25	0
1.2586847748391625	0.7586847748391711	0.7853981633974483	0.25	0
1.2620443173695413	0.7620443173695499	0.7853981633974483	0.25	0
1.26540385989992	0.7654038598999288	0.7853981633974483	0.25	0
1.2687634024302987	0.7687634024303076	0.7853981633974483	0.25	0
1.2721229449606775	0.7721229449606865	0.7853981633974483	0.25	0
1.2754824874910562	0.7754824874910653	0.7853981633974483	0.25	0
1.278842030021435	0.7788420300214441	0.7853981633974483	0.25	0
1.2822015725518137	0.782201572551823	0.7853981633974483	0.25	0
1.2855611150821924	0.7855611150822018	0.7853981633974483	0.25	0
1.2889206576125711	0.7889206576125807	0.7853981633974483	0.25	0
1.2922802001429499	0.7922802001429595	0.7853981633974483	0.25	0
1.2956397426733286	0.7956397426733384	0.7853981633974483	0.25	0
1.2989992852037073	0.7989992852037172	0.7853981633974483	0.25	0
1.302358827734086	0.8023588277340961	0.7853981633974483	0.25	0
1.3057183702644648	0.8057183702644749	0.7853981633974483	0.25	0
1.3090779127948435	0.8090779127948537	0.7853981633974483	0.25	0
1.3124374553252223	0.8124374553252326	0.7853981633974483	0.25	0
1.315796997855601	0.8157969978556114	0.7853981633974483	0.25	0
1.3191565403859797	0.8191565403859903	0.7853981633974483	0.25	0
1.3225160829163585	0.8225160829163691	0.7853981633974483	0.25	0
1.3258756254467372	0.825875625446748	0.7853981633974483	0.25	0
1.329235167977116	0.8292351679771268	0.7853981633974483	0.25	0
1.3325947105074947	0.8325947105075057	0.7853981633974483	0.25	0
1.3359542530378734	0.8359542530378845	0.7853981633974483	0.25	0
1.3393137955682521	0.8393137955682634	0.7853981633974483	0.25	0
1.3426733380986309	0.8426733380986422	0.7853981633974483	0.25	0
1.3460328806290096	0.846032880629021	0.7853981633974483	0.25	0
1.3493924231593883	0.8493924231593999	0.7853981633974483	0.25	0
1.352751965689767	0.8527519656897787	0.7853981633974483	0.25	0
1.3561115082201458	0.8561115082201576	0.7853981633974483	0.25	0
1.3594710507505245	0.8594710507505364	0.7853981633974483	0.25	0
1.3628305932809033	0.8628305932809153	0.7853981633974483	0.25	0
1.366190135811282	0.8661901358112941	0.7853981633974483	0.25	0
1.3695496783416607	0.869549678341673	0.7853981633974483	0.25	0
1.3729092208720395	0.8729092208720518	0.7853981633974483	0.25	0
1.3762687634024182	0.8762687634024307	0.7853981633974483	0.25	0
1.379628305932797	0.8796283059328095	0.7853981633974483	0.25	0
1.3829878484631757	0.8829878484631883	0.7853981633974483	0.25	0
1.3863473909935544	0.8863473909935672	0.7853981633974483	0.25	0
1.3897069335239332	0.889706933523946	0.7853981633974483	0.25	0
1.3930664760543119	0.8930664760543249	0.7853981633974483	0.25	0
1.3964260185846906	0.8964260185847037	0.7853981633974483	0.25	0
1.3997855611150694	0.8997855611150826	0.7853981633974483	0.25	0
1.403145103645448	0.9031451036454614	0.7853981633974483	0.25	0
1.4065046461758268	0.9065046461758403	0.7853981633974483	0.25	0
1.4098641887062056	0.9098641887062191	0.7853981633974483	0.25	0
1.4132237312365843	0.913223731236598	0.7853981633974483	0.25	0
1.416583273766963	0.9165832737669768	0.7853981633974483	0.25	0
1.4199428162973418	0.9199428162973556	0.7853981633974483	0.25	0
1.4233023588277205	0.9233023588277345	0.7853981633974483	0.25	0
1.4266619013580992	0.9266619013581133	0.7853981633974483	0.25	0
1.430021443888478	0.9300214438884922	0.7853981633974483	0.25	0
1.4333809864188567	0.933380986418871	0.7853981633974483	0.25	0
1.4367405289492354	0.9367405289492499	0.7853981633974483	0.25	0
1.4401000714796142	0.9401000714796287	0.7853981633974483	0.25	0
1.443459614009993	0.9434596140100076	0.7853981633974483	0.25	0
1.4468191565403716	0.9468191565403864	0.7853981633974483	0.25	0
1.4501786990707504	0.9501786990707652	0.7853981633974483	0.25	0
1.453538241601129	0.9535382416011441	0.7853981633974483	0.25	0
1.4568977841315078	0.9568977841315229	0.7853981633974483	0.25	0
1.4602573266618866	0.9602573266619018	0.7853981633974483	0.25	0
1.4636168691922653	0.9636168691922806	0.7853981633974483	0.25	0
1.466976411722644	0.9669764117226595	0.7853981633974483	0.25	0
1.4703359542530228	0.9703359542530383	0.7853981633974483	0.25	0
1.4736954967834015	0.9736954967834172	0.7853981633974483	0.25	0
1.4770550393137802	0.977055039313796	0.7853981633974483	0.25	0
1.480414581844159	0.9804145818441748	0.7853981633974483	0.25	0
1.4837741243745377	0.9837741243745537	0.7853981633974483	0.25	0
1.4871336669049164	0.9871336669049325	0.7853981633974483	0.25	0
1.4904932094352952	0.9904932094353114	0.7853981633974483	0.25	0
1.493852751965674	0.9938527519656902	0.7853981633974483	0.25	0
1.4972122944960526	0.9972122944960691	0.7853981633974483	0.25	0
1.5005718370264314	1.0005718370264478	0.7853981633974483	0.25	0
1.50393137955681	1.0039313795568265	0.7853981633974483	0.25	0
1.5072909220871888	1.0072909220872053	0.7853981633974483	0.25	0
1.5106504646175676	1.010650464617584	0.7853981633974483	0.25	0
1.5140100071479463	1.0140100071479627	0.7853981633974483	0.25	0
1.517369549678325	1.0173695496783415	0.7853981633974483	0.25	0
1.5207290922087038	1.0207290922087202	0.7853981633974483	0.25	0
1.5240886347390825	1.024088634739099	0.7853981633974483	0.25	0
1.5274481772694612	1.0274481772694777	0.7853981633974483	0.25	0
1.53080771979984	1.0308077197998564	0.7853981633974483	0.25	0
1.5341672623302187	1.0341672623302351	0.7853981633974483	0.25	0
1.5375268048605975	1.0375268048606139	0.7853981633974483	0.25	0
1.5408863473909762	1.0408863473909926	0.7853981633974483	0.25	0
1.544245889921355	1.0442458899213714	0.7853981633974483	0.25	0
1.5476054324517337	1.04760543245175	0.7853981633974483	0.25	0
1.5509649749821124	1.0509649749821288	0.7853981633974483	0.25	0
1.5543245175124911	1.0543245175125076	0.7853981633974483	0.25	0
1.5576840600428699	1.0576840600428863	0.7853981633974483	0.25	0
1.5610436025732486	1.061043602573265	0.7853981633974483	0.25	0
1.5644031451036273	1.0644031451036438	0.7853981633974483	0.25	0
1.567762687634006	1.0677626876340225	0.7853981633974483	0.25	0
1.5711222301643848	1.0711222301644012	0.7853981633974483	0.25	0
1.5744817726947635	1.07448177269478	0.7853981633974483	0.25	0
1.5778413152251423	1.0778413152251587	0.7853981633974483	0.25	0
1.581200857755521	1.0812008577555374	0.7853981633974483	0.25	0
1.5845604002858997	1.0845604002859162	0.7853981633974483	0.25	0
1.5879199428162785	1.087919942816295	0.7853981633974483	0.25	0
1.5912794853466572	1.0912794853466736	0.7853981633974483	0.25	0
1.594639027877036	1.0946390278770524	0.7853981633974483	0.25	0
1.5979985704074147	1.097998570407431	0.7853981633974483	0.25	0
1.6013581129377934	1.1013581129378098	0.7853981633974483	0.25	0
1.6047176554681721	1.1047176554681886	0.7853981633974483	0.25	0
1.6080771979985509	1.1080771979985673	0.7853981633974483	0.25	0
1.6114367405289296	1.111436740528946	0.7853981633974483	0.25	0
1.6147962830593083	1.1147962830593248	0.7853981633974483	0.25	0
1.618155825589687	1.1181558255897035	0.7853981633974483	0.25	0
1.6215153681200658	1.1215153681200822	0.7853981633974483	0.25	0
1.6248749106504445	1.124874910650461	0.7853981633974483	0.25	0
1.6282344531808233	1.1282344531808397	0.7853981633974483	0.25	0
1.631593995711202	1.1315939957112184	0.7853981633974483	0.25	0
1.6349535382415807	1.1349535382415972	0.7853981633974483	0.25	0
1.6383130807719595	1.138313080771976	0.7853981633974483	0.25	0
1.6416726233023382	1.1416726233023546	0.7853981633974483	0.25	0
1.645032165832717	1.1450321658327334	0.7853981633974483	0.25	0
1.6483917083630957	1.148391708363112	0.7853981633974483	0.25	0
1.6517512508934744	1.1517512508934908	0.7853981633974483	0.25	0
1.6551107934238531	1.1551107934238696	0.7853981633974483	0.25	0
1.6584703359542319	1.1584703359542483	0.7853981633974483	0.25	0
1.6618298784846106	1.161829878484627	0.7853981633974483	0.25	0
1.6651894210149893	1.1651894210150058	0.7853981633974483	0.25	0
1.668548963545368	1.1685489635453845	0.7853981633974483	0.25	0
1.6719085060757468	1.1719085060757632	0.7853981633974483	0.25	0
1.6752680486061255	1.175268048606142	0.7853981633974483	0.25	0
1.6786275911365043	1.1786275911365207	0.7853981633974483	0.25	0
1.681987133666883	1.1819871336668994	0.7853981633974483	0.25	0
1.6853466761972618	1.1853466761972782	0.7853981633974483	0.25	0
1.6887062187276405	1.188706218727657	0.7853981633974483	0.25	0
1.6920657612580192	1.1920657612580356	0.7853981633974483	0.25	0
1.695425303788398	1.1954253037884144	0.7853981633974483	0.25	0
1.6987848463187767	1.1987848463187931	0.7853981633974483	0.25	0
1.7021443888491554	1.2021443888491719	0.7853981633974483	0.25	0
1.7055039313795342	1.2055039313795506	0.7853981633974483	0.25	0
1.7088634739099129	1.2088634739099293	0.7853981633974483	0.25	0
1.7122230164402916	1.212223016440308	0.7853981633974483	0.25	0
1.7155825589706704	1.2155825589706868	0.7853981633974483	0.25	0
1.718942101501049	1.2189421015010655	0.7853981633974483	0.25	0
1.7223016440314278	1.2223016440314443	0.7853981633974483	0.25	0
1.7256611865618066	1.225661186561823	0.7853981633974483	0.25	0
1.7290207290921853	1.2290207290922017	0.7853981633974483	0.25	0
1.732380271622564	1.2323802716225805	0.7853981633974483	0.25	0
1.7357398141529428	1.2357398141529592	0.7853981633974483	0.25	0
1.7390993566833215	1.239099356683338	0.7853981633974483	0.25	0
1.7424588992137002	1.2424588992137167	0.7853981633974483	0.25	0
1.745818441744079	1.2458184417440954	0.7853981633974483	0.25	0
1.7491779842744577	1.2491779842744741	0.7853981633974483	0.25	0
1.7525375268048364	1.2525375268048529	0.7853981633974483	0.25	0
1.7558970693352152	1.2558970693352316	0.7853981633974483	0.25	0
1.759256611865594	1.2592566118656103	0.7853981633974483	0.25	0
1.7626161543959726	1.262616154395989	0.7853981633974483	0.25	0
1.7659756969263514	1.2659756969263678	0.7853981633974483	0.25	0
1.76933523945673	1.2693352394567465	0.7853981633974483	0.25	0
1.7726947819871088	1.2726947819871253	0.7853981633974483	0.25	0
1.7760543245174876	1.276054324517504	0.7853981633974483	0.25	0
1.7794138670478663	1.2794138670478827	0.7853981633974483	0.25	0
1.782773409578245	1.2827734095782615	0.7853981633974483	0.25	0
1.7861329521086238	1.2861329521086402	0.7853981633974483	0.25	0
1.7894924946390025	1.289492494639019	0.7853981633974483	0.25	0
1.7928520371693812	1.2928520371693977	0.7853981633974483	0.25	0
1.79621157969976	1.2962115796997764	0.7853981633974483	0.25	0
1.7995711222301387	1.2995711222301551	0.7853981633974483	0.25	0
1.8029306647605174	1.3029306647605339	0.7853981633974483	0.25	0
1.8062902072908962	1.3062902072909126	0.7853981633974483	0.25	0
1.809649749821275	1.3096497498212913	0.7853981633974483	0.25	0
1.8130092923516536	1.31300929235167	0.7853981633974483	0.25	0
1.8163688348820324	1.3163688348820488	0.7853981633974483	0.25	0
1.8197283774124111	1.3197283774124275	0.7853981633974483	0.25	0
1.8230879199427898	1.3230879199428063	0.7853981633974483	0.25	0
1.8264474624731686	1.326447462473185	0.7853981633974483	0.25	0
1.8298070050035473	1.3298070050035637	0.7853981633974483	0.25	0
1.833166547533926	1.3331665475339425	0.7853981633974483	0.25	0
1.8365260900643048	1.3365260900643212	0.7853981633974483	0.25	0
1.8398856325946835	1.3398856325947	0.7853981633974483	0.25	0
1.8432451751250623	1.3432451751250787	0.7853981633974483	0.25	0
1.846604717655441	1.3466047176554574	0.7853981633974483	0.25	0
1.8499642601858197	1.3499642601858362	0.7853981633974483	0.25	0
1.8533238027161985	1.3533238027162149	0.7853981633974483	0.25	0
1.8566833452465772	1.3566833452465936	0.7853981633974483	0.25	0
1.860042887776956	1.3600428877769724	0.7853981633974483	0.25	0
1.8634024303073347	1.363402430307351	0.7853981633974483	0.25	0
1.8667619728377134	1.3667619728377298	0.7853981633974483	0.25	0
1.8701215153680921	1.3701215153681086	0.7853981633974483	0.25	0
1.8734810578984709	1.3734810578984873	0.7853981633974483	0.25	0
1.8768406004288496	1.376840600428866	0.7853981633974483	0.25	0
1.8802001429592283	1.3802001429592448	0.7853981633974483	0.25	0
1.883559685489607	1.3835596854896235	0.7853981633974483	0.25	0
1.8869192280199858	1.3869192280200022	0.7853981633974483	0.25	0
1.8902787705503645	1.390278770550381	0.7853981633974483	0.25	0
1.8936383130807433	1.3936383130807597	0.7853981633974483	0.25	0
1.896997855611122	1.3969978556111384	0.7853981633974483	0.25	0
1.9003573981415007	1.4003573981415172	0.7853981633974483	0.25	0
1.9037169406718795	1.403716940671896	0.7853981633974483	0.25	0
1.9070764832022582	1.4070764832022746	0.7853981633974483	0.25	0
1.910436025732637	1.4104360257326534	0.7853981633974483	0.25	0
1.9137955682630157	1.413795568263032	0.7853981633974483	0.25	0
1.9171551107933944	1.4171551107934108	0.7853981633974483	0.25	0
1.9205146533237731	1.4205146533237896	0.7853981633974483	0.25	0
1.9238741958541519	1.4238741958541683	0.7853981633974483	0.25	0
1.9272337383845306	1.427233738384547	0.7853981633974483	0.25	0
1.9305932809149093	1.4305932809149258	0.7853981633974483	0.25	0
1.933952823445288	1.4339528234453045	0.7853981633974483	0.25	0
1.9373123659756668	1.4373123659756832	0.7853981633974483	0.25	0
1.9406719085060455	1.440671908506062	0.7853981633974483	0.25	0
1.9440314510364243	1.4440314510364407	0.7853981633974483	0.25	0
1.947390993566803	1.4473909935668194	0.7853981633974483	0.25	0
1.9507505360971817	1.4507505360971982	0.7853981633974483	0.25	0
1.9541100786275605	1.454110078627577	0.7853981633974483	0.25	0
1.9574696211579392	1.4574696211579556	0.7853981633974483	0.25	0
1.960829163688318	1.4608291636883344	0.7853981633974483	0.25	0
1.9641887062186967	1.464188706218713	0.7853981633974483	0.25	0
1.9675482487490754	1.4675482487490918	0.7853981633974483	0.25	0
1.9709077912794541	1.4709077912794706	0.7853981633974483	0.25	0
1.9742673338098329	1.4742673338098493	0.7853981633974483	0.25	0
1.9776268763402116	1.477626876340228	0.7853981633974483	0.25	0
1.9809864188705903	1.4809864188706068	0.7853981633974483	0.25	0
1.984345961400969	1.4843459614009855	0.7853981633974483	0.25	0
1.9877055039313478	1.4877055039313642	0.7853981633974483	0.25	0
1.9910650464617266	1.491065046461743	0.7853981633974483	0.25	0
1.9944245889921053	1.4944245889921217	0.7853981633974483	0.25	0
1.997784131522484	1.4977841315225005	0.7853981633974483	0.25	0
2.0011436740528628	1.5011436740528792	0.7853981633974483	0.25	0
2.0045032165832417	1.504503216583258	0.7853981633974483	0.25	0
2.0078627591136207	1.5078627591136367	0.7853981633974483	0.25	0
2.0112223016439996	1.5112223016440154	0.7853981633974483	0.25	0
2.0145818441743786	1.5145818441743941	0.7853981633974483	0.25	0
2.0179413867047575	1.5179413867047729	0.7853981633974483	0.25	0
2.0213009292351365	1.5213009292351516	0.7853981633974483	0.25	0
2.0246604717655154	1.5246604717655303	0.7853981633974483	0.25	0
2.0280200142958944	1.528020014295909	0.7853981633974483	0.25	0
2.0313795568262734	1.5313795568262878	0.7853981633974483	0.25	0
2.0347390993566523	1.5347390993566665	0.7853981633974483	0.25	0
2.0380986418870313	1.5380986418870453	0.7853981633974483	0.25	0
2.0414581844174102	1.541458184417424	0.7853981633974483	0.25	0
2.044817726947789	1.5448177269478027	0.7853981633974483	0.25	0
2.048177269478168	1.5481772694781815	0.7853981633974483	0.25	0
2.051536812008547	1.5515368120085602	0.7853981633974483	0.25	0
2.054896354538926	1.554896354538939	0.7853981633974483	0.25	0
2.058255897069305	1.5582558970693177	0.7853981633974483	0.25	0
2.061615439599684	1.5616154395996964	0.7853981633974483	0.25	0
2.064974982130063	1.5649749821300751	0.7853981633974483	0.25	0
2.068334524660442	1.5683345246604539	0.7853981633974483	0.25	0
2.071694067190821	1.5716940671908326	0.7853981633974483	0.25	0
2.0750536097212	1.5750536097212113	0.7853981633974483	0.25	0
2.0784131522515787	1.57841315225159	0.7853981633974483	0.25	0
2.0817726947819577	1.5817726947819688	0.7853981633974483	0.25	0
2.0851322373123367	1.5851322373123475	0.7853981633974483	0.25	0
2.0884917798427156	1.5884917798427263	0.7853981633974483	0.25	0
2.0918513223730946	1.591851322373105	0.7853981633974483	0.25	0
2.0952108649034735	1.5952108649034837	0.7853981633974483	0.25	0
2.0985704074338525	1.5985704074338625	0.7853981633974483	0.25	0
2.1019299499642314	1.6019299499642412	0.7853981633974483	0.25	0
2.1052894924946104	1.60528949249462	0.7853981633974483	0.25	0
2.1086490350249893	1.6086490350249987	0.7853981633974483	0.25	0
2.1120085775553683	1.6120085775553774	0.7853981633974483	0.25	0
2.1153681200857473	1.6153681200857561	0.7853981633974483	0.25	0
2.118727662616126	1.6187276626161349	0.7853981633974483	0.25	0
2.122087205146505	1.6220872051465136	0.7853981633974483	0.25	0
2.125446747676884	1.6254467476768923	0.7853981633974483	0.25	0
2.128806290207263	1.628806290207271	0.7853981633974483	0.25	0
2.132165832737642	1.6321658327376498	0.7853981633974483	0.25	0
2.135525375268021	1.6355253752680285	0.7853981633974483	0.25	0
2.1388849177984	1.6388849177984073	0.7853981633974483	0.25	0
2.142244460328779	1.642244460328786	0.7853981633974483	0.25	0
2.145604002859158	1.6456040028591647	0.7853981633974483	0.25	0
2.148963545389537	1.6489635453895435	0.7853981633974483	0.25	0
2.152323087919916	1.6523230879199222	0.7853981633974483	0.25	0
2.1556826304502947	1.655682630450301	0.7853981633974483	0.25	0
2.1590421729806737	1.6590421729806797	0.7853981633974483	0.25	0
2.1624017155110526	1.6624017155110584	0.7853981633974483	0.25	0
2.1657612580414316	1.6657612580414372	0.7853981633974483	0.25	0
2.1691208005718106	1.6691208005718159	0.7853981633974483	0.25	0
2.1724803431021895	1.6724803431021946	0.7853981633974483	0.25	0
2.1758398856325685	1.6758398856325734	0.7853981633974483	0.25	0
2.1791994281629474	1.679199428162952	0.7853981633974483	0.25	0
2.1825589706933264	1.6825589706933308	0.7853981633974483	0.25	0
2.1859185132237053	1.6859185132237096	0.7853981633974483	0.25	0
2.1892780557540843	1.6892780557540883	0.7853981633974483	0.25	0
2.1926375982844633	1.692637598284467	0.7853981633974483	0.25	0
2.195997140814842	1.6959971408148458	0.7853981633974483	0.25	0
2.199356683345221	1.6993566833452245	0.7853981633974483	0.25	0
2.2027162258756	1.7027162258756032	0.7853981633974483	0.25	0
2.206075768405979	1.706075768405982	0.7853981633974483	0.25	0
2.209435310936358	1.7094353109363607	0.7853981633974483	0.25	0
2.212794853466737	1.7127948534667394	0.7853981633974483	0.25	0
2.216154395997116	1.7161543959971182	0.7853981633974483	0.25	0
2.219513938527495	1.719513938527497	0.7853981633974483	0.25	0
2.222873481057874	1.7228734810578756	0.7853981633974483	0.25	0
2.226233023588253	1.7262330235882544	0.7853981633974483	0.25	0
2.2295925661186318	1.729592566118633	0.7853981633974483	0.25	0
2.2329521086490107	1.7329521086490118	0.7853981633974483	0.25	0
2.2363116511793897	1.7363116511793906	0.7853981633974483	0.25	0
2.2396711937097686	1.7396711937097693	0.7853981633974483	0.25	0
2.2430307362401476	1.743030736240148	0.7853981633974483	0.25	0
2.2463902787705265	1.7463902787705268	0.7853981633974483	0.25	0
2.2497498213009055	1.7497498213009055	0.7853981633974483	0.25	0
2.2531093638312845	1.7531093638312842	0.7853981633974483	0.25	0
2.2564689063616634	1.756468906361663	0.7853981633974483	0.25	0
2.2598284488920424	1.7598284488920417	0.7853981633974483	0.25	0
2.2631879914224213	1.7631879914224204	0.7853981633974483	0.25	0
2.2665475339528003	1.7665475339527992	0.7853981633974483	0.25	0
2.2699070764831792	1.769907076483178	0.7853981633974483	0.25	0
2.273266619013558	1.7732666190135566	0.7853981633974483	0.25	0
2.276626161543937	1.7766261615439354	0.7853981633974483	0.25	0
2.279985704074316	1.7799857040743141	0.7853981633974483	0.25	0
2.283345246604695	1.7833452466046928	0.7853981633974483	0.25	0
2.286704789135074	1.7867047891350716	0.7853981633974483	0.25	0
2.290064331665453	1.7900643316654503	0.7853981633974483	0.25	0
2.293423874195832	1.793423874195829	0.7853981633974483	0.25	0
2.296783416726211	1.7967834167262078	0.7853981633974483	0.25	0
2.30014295925659	1.8001429592565865	0.7853981633974483	0.25	0
2.303502501786969	1.8035025017869653	0.7853981633974483	0.25	0
2.3068620443173478	1.806862044317344	0.7853981633974483	0.25	0
2.3102215868477267	1.8102215868477227	0.7853981633974483	0.25	0
2.3135811293781057	1.8135811293781015	0.7853981633974483	0.25	0
2.3169406719084846	1.8169406719084802	0.7853981633974483	0.25	0
2.3203002144388636	1.820300214438859	0.7853981633974483	0.25	0
2.3236597569692425	1.8236597569692377	0.7853981633974483	0.25	0
2.3270192994996215	1.8270192994996164	0.7853981633974483	0.25	0
2.3303788420300005	1.8303788420299951	0.7853981633974483	0.25	0
2.3337383845603794	1.8337383845603739	0.7853981633974483	0.25	0
2.3370979270907584	1.8370979270907526	0.7853981633974483	0.25	0
2.3404574696211373	1.8404574696211313	0.7853981633974483	0.25	0
2.3438170121515163	1.84381701215151	0.7853981633974483	0.25	0
2.3471765546818952	1.8471765546818888	0.7853981633974483	0.25	0
2.350536097212274	1.8505360972122675	0.7853981633974483	0.25	0
2.353895639742653	1.8538956397426463	0.7853981633974483	0.25	0
2.357255182273032	1.857255182273025	0.7853981633974483	0.25	0
2.360614724803411	1.8606147248034037	0.7853981633974483	0.25	0
2.36397426733379	1.8639742673337825	0.7853981633974483	0.25	0
2.367333809864169	1.8673338098641612	0.7853981633974483	0.25	0
2.370693352394548	1.87069335239454	0.7853981633974483	0.25	0
2.374052894924927	1.8740528949249187	0.7853981633974483	0.25	0
2.377412437455306	1.8774124374552974	0.7853981633974483	0.25	0
2.380771979985685	1.8807719799856761	0.7853981633974483	0.25	0
2.3841315225160638	1.8841315225160549	0.7853981633974483	0.25	0
2.3874910650464427	1.8874910650464336	0.7853981633974483	0.25	0
2.3908506075768217	1.8908506075768123	0.7853981633974483	0.25	0
2.3942101501072006	1.894210150107191	0.7853981633974483	0.25	0
2.3975696926375796	1.8975696926375698	0.7853981633974483	0.25	0
2.4009292351679585	1.9009292351679485	0.7853981633974483	0.25	0
2.4042887776983375	1.9042887776983273	0.7853981633974483	0.25	0
2.4076483202287164	1.907648320228706	0.7853981633974483	0.25	0
2.4110078627590954	1.9110078627590847	0.7853981633974483	0.25	0
2.4143674052894744	1.9143674052894635	0.7853981633974483	0.25	0
2.4177269478198533	1.9177269478198422	0.7853981633974483	0.25	0
2.4210864903502323	1.921086490350221	0.7853981633974483	0.25	0
2.4244460328806112	1.9244460328805997	0.7853981633974483	0.25	0
2.42780557541099	1.9278055754109784	0.7853981633974483	0.25	0
2.431165117941369	1.9311651179413571	0.7853981633974483	0.25	0
2.434524660471748	1.9345246604717359	0.7853981633974483	0.25	0
2.437884203002127	1.9378842030021146	0.7853981633974483	0.25	0
2.441243745532506	1.9412437455324933	0.7853981633974483	0.25	0
2.444603288062885	1.944603288062872	0.7853981633974483	0.25	0
2.447962830593264	1.9479628305932508	0.7853981633974483	0.25	0
2.451322373123643	1.9513223731236295	0.7853981633974483	0.25	0
2.454681915654022	1.9546819156540083	0.7853981633974483	0.25	0
2.458041458184401	1.958041458184387	0.7853981633974483	0.25	0
2.4614010007147797	1.9614010007147658	0.7853981633974483	0.25	0
2.4647605432451587	1.9647605432451445	0.7853981633974483	0.25	0
2.4681200857755377	1.9681200857755232	0.7853981633974483	0.25	0
2.4714796283059166	1.971479628305902	0.7853981633974483	0.25	0
2.4748391708362956	1.9748391708362807	0.7853981633974483	0.25	0
2.4781987133666745	1.9781987133666594	0.7853981633974483	0.25	0
2.4815582558970535	1.9815582558970382	0.7853981633974483	0.25	0
2.4849177984274324	1.984917798427417	0.7853981633974483	0.25	0
2.4882773409578114	1.9882773409577956	0.7853981633974483	0.25	0
2.4916368834881903	1.9916368834881744	0.7853981633974483	0.25	0
2.4949964260185693	1.994996426018553	0.7853981633974483	0.25	0
2.4983559685489483	1.9983559685489318	0.7853981633974483	0.25	0
2.501715511079327	2.001715511079311	0.7853981633974483	0.25	0
2.505075053609706	2.0050750536096897	0.7853981633974483	0.25	0
2.508434596140085	2.0084345961400687	0.7853981633974483	0.25	0
2.511794138670464	2.0117941386704477	0.7853981633974483	0.25	0
2.515153681200843	2.0151536812008266	0.7853981633974483	0.25	0
2.518513223731222	2.0185132237312056	0.7853981633974483	0.25	0
2.521872766261601	2.0218727662615845	0.7853981633974483	0.25	0
2.52523230879198	2.0252323087919635	0.7853981633974483	0.25	0
2.528591851322359	2.0285918513223424	0.7853981633974483	0.25	0
2.531951393852738	2.0319513938527214	0.7853981633974483	0.25	0
2.5353109363831168	2.0353109363831003	0.7853981633974483	0.25	0
2.5386704789134957	2.0386704789134793	0.7853981633974483	0.25	0
2.5420300214438747	2.0420300214438583	0.7853981633974483	0.25	0
2.5453895639742536	2.045389563974237	0.7853981633974483	0.25	0
2.5487491065046326	2.048749106504616	0.7853981633974483	0.25	0
2.5521086490350116	2.052108649034995	0.7853981633974483	0.25	0
2.5554681915653905	2.055468191565374	0.7853981633974483	0.25	0
2.5588277340957695	2.058827734095753	0.7853981633974483	0.25	0
2.5621872766261484	2.062187276626132	0.7853981633974483	0.25	0
2.5655468191565274	2.065546819156511	0.7853981633974483	0.25	0
2.5689063616869063	2.06890636168689	0.7853981633974483	0.25	0
2.5722659042172853	2.072265904217269	0.7853981633974483	0.25	0
2.5756254467476642	2.075625446747648	0.7853981633974483	0.25	0
2.578984989278043	2.0789849892780268	0.7853981633974483	0.25	0
2.582344531808422	2.0823445318084057	0.7853981633974483	0.25	0
2.585704074338801	2.0857040743387847	0.7853981633974483	0.25	0
2.58906361686918	2.0890636168691636	0.7853981633974483	0.25	0
2.592423159399559	2.0924231593995426	0.7853981633974483	0.25	0
2.595782701929938	2.0957827019299216	0.7853981633974483	0.25	0
2.599142244460317	2.0991422444603005	0.7853981633974483	0.25	0
2.602501786990696	2.1025017869906795	0.7853981633974483	0.25	0
2.605861329521075	2.1058613295210584	0.7853981633974483	0.25	0
2.609220872051454	2.1092208720514374	0.7853981633974483	0.25	0
2.6125804145818328	2.1125804145818163	0.7853981633974483	0.25	0
2.6159399571122117	2.1159399571121953	0.7853981633974483	0.25	0
2.6192994996425907	2.1192994996425742	0.7853981633974483	0.25	0
2.6226590421729696	2.122659042172953	0.7853981633974483	0.25	0
2.6260185847033486	2.126018584703332	0.7853981633974483	0.25	0
2.6293781272337275	2.129378127233711	0.7853981633974483	0.25	0
2.6327376697641065	2.13273766976409	0.7853981633974483	0.25	0
2.6360972122944855	2.136097212294469	0.7853981633974483	0.25	0
2.6394567548248644	2.139456754824848	0.7853981633974483	0.25	0
2.6428162973552434	2.142816297355227	0.7853981633974483	0.25	0
2.6461758398856223	2.146175839885606	0.7853981633974483	0.25	0
2.6495353824160013	2.149535382415985	0.7853981633974483	0.25	0
2.6528949249463802	2.152894924946364	0.7853981633974483	0.25	0
2.656254467476759	2.1562544674767428	0.7853981633974483	0.25	0
2.659614010007138	2.1596140100071217	0.7853981633974483	0.25	0
2.662973552537517	2.1629735525375007	0.7853981633974483	0.25	0
2.666333095067896	2.1663330950678796	0.7853981633974483	0.25	0
2.669692637598275	2.1696926375982586	0.7853981633974483	0.25	0
2.673052180128654	2.1730521801286375	0.7853981633974483	0.25	0
2.676411722659033	2.1764117226590165	0.7853981633974483	0.25	0
2.679771265189412	2.1797712651893955	0.7853981633974483	0.25	0
2.683130807719791	2.1831308077197744	0.7853981633974483	0.25	0
2.68649035025017	2.1864903502501534	0.7853981633974483	0.25	0
2.6898498927805488	2.1898498927805323	0.7853981633974483	0.25	0
2.6932094353109277	2.1932094353109113	0.7853981633974483	0.25	0
2.6965689778413067	2.1965689778412902	0.7853981633974483	0.25	0
2.6999285203716856	2.199928520371669	0.7853981633974483	0.25	0
2.7032880629020646	2.203288062902048	0.7853981633974483	0.25	0
2.7066476054324435	2.206647605432427	0.7853981633974483	0.25	0
2.7100071479628225	2.210007147962806	0.7853981633974483	0.25	0
2.7133666904932014	2.213366690493185	0.7853981633974483	0.25	0
2.7167262330235804	2.216726233023564	0.7853981633974483	0.25	0
2.7200857755539594	2.220085775553943	0.7853981633974483	0.25	0
2.7234453180843383	2.223445318084322	0.7853981633974483	0.25	0
2.7268048606147173	2.226804860614701	0.7853981633974483	0.25	0
2.7301644031450962	2.23016440314508	0.7853981633974483	0.25	0
2.733523945675475	2.2335239456754588	0.7853981633974483	0.25	0
2.736883488205854	2.2368834882058377	0.7853981633974483	0.25	0
2.740243030736233	2.2402430307362167	0.7853981633974483	0.25	0
2.743602573266612	2.2436025732665956	0.7853981633974483	0.25	0
2.746962115796991	2.2469621157969746	0.7853981633974483	0.25	0
2.75032165832737	2.2503216583273535	0.7853981633974483	0.25	0
2.753681200857749	2.2536812008577325	0.7853981633974483	0.25	0
2.757040743388128	2.2570407433881114	0.7853981633974483	0.25	0
2.760400285918507	2.2604002859184904	0.7853981633974483	0.25	0
2.763759828448886	2.2637598284488694	0.7853981633974483	0.25	0
2.7671193709792647	2.2671193709792483	0.7853981633974483	0.25	0
2.7704789135096437	2.2704789135096273	0.7853981633974483	0.25	0
2.7738384560400227	2.2738384560400062	0.7853981633974483	0.25	0
2.7771979985704016	2.277197998570385	0.7853981633974483	0.25	0
2.7805575411007806	2.280557541100764	0.7853981633974483	0.25	0
2.7839170836311595	2.283917083631143	0.7853981633974483	0.25	0
2.7872766261615385	2.287276626161522	0.7853981633974483	0.25	0
2.7906361686919174	2.290636168691901	0.7853981633974483	0.25	0
2.7939957112222964	2.29399571122228	0.7853981633974483	0.25	0
2.7973552537526754	2.297355253752659	0.7853981633974483	0.25	0
2.8007147962830543	2.300714796283038	0.7853981633974483	0.25	0
2.8040743388134333	2.304074338813417	0.7853981633974483	0.25	0
2.807433881343812	2.307433881343796	0.7853981633974483	0.25	0
2.810793423874191	2.3107934238741747	0.7853981633974483	0.25	0
2.81415296640457	2.3141529664045537	0.7853981633974483	0.25	0
2.817512508934949	2.3175125089349327	0.7853981633974483	0.25	0
2.820872051465328	2.3208720514653116	0.7853981633974483	0.25	0
2.824231593995707	2.3242315939956906	0.7853981633974483	0.25	0
2.827591136526086	2.3275911365260695	0.7853981633974483	0.25	0
2.830950679056465	2.3309506790564485	0.7853981633974483	0.25	0
2.834310221586844	2.3343102215868274	0.7853981633974483	0.25	0
2.837669764117223	2.3376697641172064	0.7853981633974483	0.25	0
2.841029306647602	2.3410293066475854	0.7853981633974483	0.25	0
2.8443888491779807	2.3443888491779643	0.7853981633974483	0.25	0
2.8477483917083597	2.3477483917083433	0.7853981633974483	0.25	0
2.8511079342387387	2.351107934238722	0.7853981633974483	0.25	0
2.8544674767691176	2.354467476769101	0.7853981633974483	0.25	0
2.8578270192994966	2.35782701929948	0.7853981633974483	0.25	0
2.8611865618298755	2.361186561829859	0.7853981633974483	0.25	0
2.8645461043602545	2.364546104360238	0.7853981633974483	0.25	0
2.8679056468906334	2.367905646890617	0.7853981633974483	0.25	0
2.8712651894210124	2.371265189420996	0.7853981633974483	0.25	0
2.8746247319513913	2.374624731951375	0.7853981633974483	0.25	0
2.8779842744817703	2.377984274481754	0.7853981633974483	0.25	0
2.8813438170121493	2.381343817012133	0.7853981633974483	0.25	0
2.884703359542528	2.384703359542512	0.7853981633974483	0.25	0
2.888062902072907	2.3880629020728907	0.7853981633974483	0.25	0
2.891422444603286	2.3914224446032697	0.7853981633974483	0.25	0
2.894781987133665	2.3947819871336486	0.7853981633974483	0.25	0
2.898141529664044	2.3981415296640276	0.7853981633974483	0.25	0
2.901501072194423	2.4015010721944066	0.7853981633974483	0.25	0
2.904860614724802	2.4048606147247855	0.7853981633974483	0.25	0
2.908220157255181	2.4082201572551645	0.7853981633974483	0.25	0
2.91157969978556	2.4115796997855434	0.7853981633974483	0.25	0
2.914939242315939	2.4149392423159224	0.7853981633974483	0.25	0
2.9182987848463178	2.4182987848463013	0.7853981633974483	0.25	0
2.9216583273766967	2.4216583273766803	0.7853981633974483	0.25	0
2.9250178699070757	2.4250178699070593	0.7853981633974483	0.25	0
2.9283774124374546	2.428377412437438	0.7853981633974483	0.25	0
2.9317369549678336	2.431736954967817	0.7853981633974483	0.25	0
2.9350964974982126	2.435096497498196	0.7853981633974483	0.25	0
2.9384560400285915	2.438456040028575	0.7853981633974483	0.25	0
2.9418155825589705	2.441815582558954	0.7853981633974483	0.25	0
2.9451751250893494	2.445175125089333	0.7853981633974483	0.25	0
2.9485346676197284	2.448534667619712	0.7853981633974483	0.25	0
2.9518942101501073	2.451894210150091	0.7853981633974483	0.25	0
2.9552537526804863	2.45525375268047	0.7853981633974483	0.25	0
2.9586132952108652	2.458613295210849	0.7853981633974483	0.25	0
2.961972837741244	2.4619728377412278	0.7853981633974483	0.25	0
2.965332380271623	2.4653323802716067	0.7853981633974483	0.25	0
2.968691922802002	2.4686919228019857	0.7853981633974483	0.25	0
2.972051465332381	2.4720514653323646	0.7853981633974483	0.25	0
2.97541100786276	2.4754110078627436	0.7853981633974483	0.25	0
2.978770550393139	2.4787705503931226	0.7853981633974483	0.25	0
2.982130092923518	2.4821300929235015	0.7853981633974483	0.25	0
2.985489635453897	2.4854896354538805	0.7853981633974483	0.25	0
2.988849177984276	2.4888491779842594	0.7853981633974483	0.25	0
2.992208720514655	2.4922087205146384	0.7853981633974483	0.25	0
2.9955682630450338	2.4955682630450173	0.7853981633974483	0.25	0
2.9989278055754127	2.4989278055753963	0.7853981633974483	0.25	0
3.0022873481057917	2.5022873481057752	0.7853981633974483	0.25	0
3.0056468906361706	2.505646890636154	0.7853981633974483	0.25	0
3.0090064331665496	2.509006433166533	0.7853981633974483	0.25	0
3.0123659756969285	2.512365975696912	0.7853981633974483	0.25	0
3.0157255182273075	2.515725518227291	0.7853981633974483	0.25	0
3.0190850607576865	2.51908506075767	0.7853981633974483	0.25	0
3.0224446032880654	2.522444603288049	0.7853981633974483	0.25	0
3.0258041458184444	2.525804145818428	0.7853981633974483	0.25	0
3.0291636883488233	2.529163688348807	0.7853981633974483	0.25	0
3.0325232308792023	2.532523230879186	0.7853981633974483	0.25	0
3.0358827734095812	2.535882773409565	0.7853981633974483	0.25	0
3.03924231593996	2.5392423159399438	0.7853981633974483	0.25	0
3.042601858470339	2.5426018584703227	0.7853981633974483	0.25	0
3.045961401000718	2.5459614010007017	0.7853981633974483	0.25	0
3.049320943531097	2.5493209435310806	0.7853981633974483	0.25	0
3.052680486061476	2.5526804860614596	0.7853981633974483	0.25	0
3.056040028591855	2.5560400285918385	0.7853981633974483	0.25	0
3.059399571122234	2.5593995711222175	0.7853981633974483	0.25	0
3.062759113652613	2.5627591136525965	0.7853981633974483	0.25	0
3.066118656182992	2.5661186561829754	0.7853981633974483	0.25	0
3.069478198713371	2.5694781987133544	0.7853981633974483	0.25	0
3.0728377412437498	2.5728377412437333	0.7853981633974483	0.25	0
3.0761972837741287	2.5761972837741123	0.7853981633974483	0.25	0
3.0795568263045077	2.5795568263044912	0.7853981633974483	0.25	0
3.0829163688348866	2.58291636883487	0.7853981633974483	0.25	0
3.0862759113652656	2.586275911365249	0.7853981633974483	0.25	0
3.0896354538956445	2.589635453895628	0.7853981633974483	0.25	0
3.0929949964260235	2.592994996426007	0.7853981633974483	0.25	0
3.0963545389564024	2.596354538956386	0.7853981633974483	0.25	0
3.0997140814867814	2.599714081486765	0.7853981633974483	0.25	0
3.1030736240171604	2.603073624017144	0.7853981633974483	0.25	0
3.1064331665475393	2.606433166547523	0.7853981633974483	0.25	0
3.1097927090779183	2.609792709077902	0.7853981633974483	0.25	0
3.1131522516082972	2.613152251608281	0.7853981633974483	0.25	0
3.116511794138676	2.6165117941386598	0.7853981633974483	0.25	0
3.119871336669055	2.6198713366690387	0.7853981633974483	0.25	0
3.123230879199434	2.6232308791994177	0.7853981633974483	0.25	0
3.126590421729813	2.6265904217297966	0.7853981633974483	0.25	0
3.129949964260192	2.6299499642601756	0.7853981633974483	0.25	0
3.133309506790571	2.6333095067905545	0.7853981633974483	0.25	0
3.13666904932095	2.6366690493209335	0.7853981633974483	0.25	0
3.140028591851329	2.6400285918513124	0.7853981633974483	0.25	0
3.143388134381708	2.6433881343816914	0.7853981633974483	0.25	0
3.146747676912087	2.6467476769120704	0.7853981633974483	0.25	0
3.1501072194424657	2.6501072194424493	0.7853981633974483	0.25	0
3.1534667619728447	2.6534667619728283	0.7853981633974483	0.25	0
3.1568263045032237	2.6568263045032072	0.7853981633974483	0.25	0
3.1601858470336026	2.660185847033586	0.7853981633974483	0.25	0
3.1635453895639816	2.663545389563965	0.7853981633974483	0.25	0
3.1669049320943605	2.666904932094344	0.7853981633974483	0.25	0
3.1702644746247395	2.670264474624723	0.7853981633974483	0.25	0
3.1736240171551184	2.673624017155102	0.7853981633974483	0.25	0
3.1769835596854974	2.676983559685481	0.7853981633974483	0.25	0
3.1803431022158763	2.68034310221586	0.7853981633974483	0.25	0
3.1837026447462553	2.683702644746239	0.7853981633974483	0.25	0
3.1870621872766343	2.687062187276618	0.7853981633974483	0.25	0
3.190421729807013	2.690421729806997	0.7853981633974483	0.25	0
3.193781272337392	2.6937812723373757	0.7853981633974483	0.25	0
3.197140814867771	2.6971408148677547	0.7853981633974483	0.25	0
3.20050035739815	2.7005003573981337	0.7853981633974483	0.25	0
3.203859899928529	2.7038598999285126	0.7853981633974483	0.25	0
3.207219442458908	2.7072194424588916	0.7853981633974483	0.25	0
3.210578984989287	2.7105789849892705	0.7853981633974483	0.25	0
3.213938527519666	2.7139385275196495	0.7853981633974483	0.25	0
3.217298070050045	2.7172980700500284	0.7853981633974483	0.25	0
3.220657612580424	2.7206576125804074	0.7853981633974483	0.25	0
3.224017155110803	2.7240171551107863	0.7853981633974483	0.25	0
3.2273766976411817	2.7273766976411653	0.7853981633974483	0.25	0
3.2307362401715607	2.7307362401715443	0.7853981633974483	0.25	0
3.2340957827019396	2.734095782701923	0.7853981633974483	0.25	0
3.2374553252323186	2.737455325232302	0.7853981633974483	0.25	0
3.2408148677626976	2.740814867762681	0.7853981633974483	0.25	0
3.2441744102930765	2.74417441029306	0.7853981633974483	0.25	0
3.2475339528234555	2.747533952823439	0.7853981633974483	0.25	0
3.2508934953538344	2.750893495353818	0.7853981633974483	0.25	0
3.2542530378842134	2.754253037884197	0.7853981633974483	0.25	0
3.2576125804145923	2.757612580414576	0.7853981633974483	0.25	0
3.2609721229449713	2.760972122944955	0.7853981633974483	0.25	0
3.2643316654753503	2.764331665475334	0.7853981633974483	0.25	0
3.267691208005729	2.7676912080057128	0.7853981633974483	0.25	0
3.271050750536108	2.7710507505360917	0.7853981633974483	0.25	0
3.274410293066487	2.7744102930664707	0.7853981633974483	0.25	0
3.277769835596866	2.7777698355968496	0.7853981633974483	0.25	0
3.281129378127245	2.7811293781272286	0.7853981633974483	0.25	0
3.284488920657624	2.7844889206576076	0.7853981633974483	0.25	0
3.287848463188003	2.7878484631879865	0.7853981633974483	0.25	0
3.291208005718382	2.7912080057183655	0.7853981633974483	0.25	0
3.294567548248761	2.7945675482487444	0.7853981633974483	0.25	0
3.29792709077914	2.7979270907791234	0.7853981633974483	0.25	0
3.3012866333095188	2.8012866333095023	0.7853981633974483	0.25	0
3.3046461758398977	2.8046461758398813	0.7853981633974483	0.25	0
3.3080057183702767	2.8080057183702603	0.7853981633974483	0.25	0
3.3113652609006556	2.811365260900639	0.7853981633974483	0.25	0
3.3147248034310346	2.814724803431018	0.7853981633974483	0.25	0
3.3180843459614136	2.818084345961397	0.7853981633974483	0.25	0
3.3214438884917925	2.821443888491776	0.7853981633974483	0.25	0
3.3248034310221715	2.824803431022155	0.7853981633974483	0.25	0
3.3281629735525504	2.828162973552534	0.7853981633974483	0.25	0
3.3315225160829294	2.831522516082913	0.7853981633974483	0.25	0
3.3348820586133083	2.834882058613292	0.7853981633974483	0.25	0
3.3382416011436873	2.838241601143671	0.7853981633974483	0.25	0
3.3416011436740662	2.84160114367405	0.7853981633974483	0.25	0
3.344960686204445	2.8449606862044288	0.7853981633974483	0.25	0
3.348320228734824	2.8483202287348077	0.7853981633974483	0.25	0
3.351679771265203	2.8516797712651867	0.7853981633974483	0.25	0
3.355039313795582	2.8550393137955656	0.7853981633974483	0.25	0
3.358398856325961	2.8583988563259446	0.7853981633974483	0.25	0
3.36175839885634	2.8617583988563235	0.7853981633974483	0.25	0
3.365117941386719	2.8651179413867025	0.7853981633974483	0.25	0
3.368477483917098	2.8684774839170815	0.7853981633974483	0.25	0
3.371837026447477	2.8718370264474604	0.7853981633974483	0.25	0
3.375196568977856	2.8751965689778394	0.7853981633974483	0.25	0
3.3785561115082348	2.8785561115082183	0.7853981633974483	0.25	0
3.3819156540386137	2.8819156540385973	0.7853981633974483	0.25	0
3.3852751965689927	2.8852751965689762	0.7853981633974483	0.25	0
3.3886347390993716	2.888634739099355	0.7853981633974483	0.25	0
3.3919942816297506	2.891994281629734	0.7853981633974483	0.25	0
3.3953538241601295	2.895353824160113	0.7853981633974483	0.25	0
3.3987133666905085	2.898713366690492	0.7853981633974483	0.25	0
3.4020729092208875	2.902072909220871	0.7853981633974483	0.25	0
3.4054324517512664	2.90543245175125	0.7853981633974483	0.25	0
3.4087919942816454	2.908791994281629	0.7853981633974483	0.25	0
3.4121515368120243	2.912151536812008	0.7853981633974483	0.25	0
3.4155110793424033	2.915511079342387	0.7853981633974483	0.25	0
3.4188706218727822	2.918870621872766	0.7853981633974483	0.25	0
3.422230164403161	2.9222301644031448	0.7853981633974483	0.25	0
3.42558970693354	2.9255897069335237	0.7853981633974483	0.25	0
3.428949249463919	2.9289492494639027	0.7853981633974483	0.25	0
3.432308791994298	2.9323087919942816	0.7853981633974483	0.25	0
3.435668334524677	2.9356683345246606	0.7853981633974483	0.25	0
3.439027877055056	2.9390278770550395	0.7853981633974483	0.25	0
3.442387419585435	2.9423874195854185	0.7853981633974483	0.25	0
3.445746962115814	2.9457469621157975	0.7853981633974483	0.25	0
3.449106504646193	2.9491065046461764	0.7853981633974483	0.25	0
3.452466047176572	2.9524660471765554	0.7853981633974483	0.25	0
3.4558255897069508	2.9558255897069343	0.7853981633974483	0.25	0
3.4591851322373297	2.9591851322373133	0.7853981633974483	0.25	0
3.4625446747677087	2.9625446747676922	0.7853981633974483	0.25	0
3.4659042172980876	2.965904217298071	0.7853981633974483	0.25	0
3.4692637598284666	2.96926375982845	0.7853981633974483	0.25	0
3.4726233023588455	2.972623302358829	0.7853981633974483	0.25	0
3.4759828448892245	2.975982844889208	0.7853981633974483	0.25	0
3.4793423874196034	2.979342387419587	0.7853981633974483	0.25	0
3.4827019299499824	2.982701929949966	0.7853981633974483	0.25	0
3.4860614724803614	2.986061472480345	0.7853981633974483	0.25	0
3.4894210150107403	2.989421015010724	0.7853981633974483	0.25	0
3.4927805575411193	2.992780557541103	0.7853981633974483	0.25	0
3.4961401000714982	2.996140100071482	0.7853981633974483	0.25	0
3.499499642601877	2.9994996426018607	0.7853981633974483	0.25	0
3.502859185132256	3.0028591851322397	0.7853981633974483	0.25	0
3.506218727662635	3.0062187276626187	0.7853981633974483	0.25	0
3.509578270193014	3.0095782701929976	0.7853981633974483	0.25	0
3.512937812723393	3.0129378127233766	0.7853981633974483	0.25	0
3.516297355253772	3.0162973552537555	0.7853981633974483	0.25	0
3.519656897784151	3.0196568977841345	0.7853981633974483	0.25	0
3.52301644031453	3.0230164403145134	0.7853981633974483	0.25	0
3.526375982844909	3.0263759828448924	0.7853981633974483	0.25	0
3.529735525375288	3.0297355253752714	0.7853981633974483	0.25	0
3.5330950679056667	3.0330950679056503	0.7853981633974483	0.25	0
3.5364546104360457	3.0364546104360293	0.7853981633974483	0.25	0
3.5398141529664247	3.0398141529664082	0.7853981633974483	0.25	0
3.5431736954968036	3.043173695496787	0.7853981633974483	0.25	0
3.5465332380271826	3.046533238027166	0.7853981633974483	0.25	0
3.5498927805575615	3.049892780557545	0.7853981633974483	0.25	0
3.5532523230879405	3.053252323087924	0.7853981633974483	0.25	0
3.5566118656183194	3.056611865618303	0.7853981633974483	0.25	0
3.5599714081486984	3.059971408148682	0.7853981633974483	0.25	0
3.5633309506790773	3.063330950679061	0.7853981633974483	0.25	0
3.5666904932094563	3.06669049320944	0.7853981633974483	0.25	0
3.5700500357398353	3.070050035739819	0.7853981633974483	0.25	0
3.573409578270214	3.073409578270198	0.7853981633974483	0.25	0
3.576769120800593	3.0767691208005767	0.7853981633974483	0.25	0
3.580128663330972	3.0801286633309557	0.7853981633974483	0.25	0
3.583488205861351	3.0834882058613347	0.7853981633974483	0.25	0
3.58684774839173	3.0868477483917136	0.7853981633974483	0.25	0
3.590207290922109	3.0902072909220926	0.7853981633974483	0.25	0
3.593566833452488	3.0935668334524715	0.7853981633974483	0.25	0
3.596926375982867	3.0969263759828505	0.7853981633974483	0.25	0
3.600285918513246	3.1002859185132294	0.7853981633974483	0.25	0
3.603645461043625	3.1036454610436084	0.7853981633974483	0.25	0
3.6070050035740038	3.1070050035739873	0.7853981633974483	0.25	0
3.6103645461043827	3.1103645461043663	0.7853981633974483	0.25	0
3.6137240886347617	3.1137240886347453	0.7853981633974483	0.25	0
3.6170836311651406	3.117083631165124	0.7853981633974483	0.25	0
3.6204431736955196	3.120443173695503	0.7853981633974483	0.25	0
3.6238027162258986	3.123802716225882	0.7853981633974483	0.25	0
3.6271622587562775	3.127162258756261	0.7853981633974483	0.25	0
3.6305218012866565	3.13052180128664	0.7853981633974483	0.25	0
3.6338813438170354	3.133881343817019	0.7853981633974483	0.25	0
3.6372408863474144	3.137240886347398	0.7853981633974483	0.25	0
3.6406004288777933	3.140600428877777	0.7853981633974483	0.25	0
3.6439599714081723	3.143959971408156	0.7853981633974483	0.25	0
3.6473195139385512	3.147319513938535	0.7853981633974483	0.25	0
3.65067905646893	3.1506790564689138	0.7853981633974483	0.25	0
3.654038598999309	3.1540385989992927	0.7853981633974483	0.25	0
3.657398141529688	3.1573981415296717	0.7853981633974483	0.25	0
3.660757684060067	3.1607576840600506	0.7853981633974483	0.25	0
3.664117226590446	3.1641172265904296	0.7853981633974483	0.25	0
3.667476769120825	3.1674767691208086	0.7853981633974483	0.25	0
3.670836311651204	3.1708363116511875	0.7853981633974483	0.25	0
3.674195854181583	3.1741958541815665	0.7853981633974483	0.25	0
3.677555396711962	3.1775553967119454	0.7853981633974483	0.25	0
3.680914939242341	3.1809149392423244	0.7853981633974483	0.25	0
3.6842744817727198	3.1842744817727033	0.7853981633974483	0.25	0
3.6876340243030987	3.1876340243030823	0.7853981633974483	0.25	0
3.6909935668334777	3.1909935668334612	0.7853981633974483	0.25	0
3.6943531093638566	3.19435310936384	0.7853981633974483	0.25	0
3.6977126518942356	3.197712651894219	0.7853981633974483	0.25	0
3.7010721944246145	3.201072194424598	0.7853981633974483	0.25	0
3.7044317369549935	3.204431736954977	0.7853981633974483	0.25	0
3.7077912794853725	3.207791279485356	0.7853981633974483	0.25	0
3.7111508220157514	3.211150822015735	0.7853981633974483	0.25	0
3.7145103645461304	3.214510364546114	0.7853981633974483	0.25	0
3.7178699070765093	3.217869907076493	0.7853981633974483	0.25	0
3.7212294496068883	3.221229449606872	0.7853981633974483	0.25	0
3.7245889921372672	3.224588992137251	0.7853981633974483	0.25	0
3.727948534667646	3.2279485346676298	0.7853981633974483	0.25	0
3.731308077198025	3.2313080771980087	0.7853981633974483	0.25	0
3.734667619728404	3.2346676197283877	0.7853981633974483	0.25	0
3.738027162258783	3.2380271622587666	0.7853981633974483	0.25	0
3.741386704789162	3.2413867047891456	0.7853981633974483	0.25	0
3.744746247319541	3.2447462473195245	0.7853981633974483	0.25	0
3.74810578984992	3.2481057898499035	0.7853981633974483	0.25	0
3.751465332380299	3.2514653323802825	0.7853981633974483	0.25	0
3.754824874910678	3.2548248749106614	0.7853981633974483	0.25	0
3.758184417441057	3.2581844174410404	0.7853981633974483	0.25	0
3.7615439599714358	3.2615439599714193	0.7853981633974483	0.25	0
3.7649035025018147	3.2649035025017983	0.7853981633974483	0.25	0
3.7682630450321937	3.2682630450321772	0.7853981633974483	0.25	0
3.7716225875625726	3.271622587562556	0.7853981633974483	0.25	0
3.7749821300929516	3.274982130092935	0.7853981633974483	0.25	0
3.7783416726233305	3.278341672623314	0.7853981633974483	0.25	0
3.7817012151537095	3.281701215153693	0.7853981633974483	0.25	0
3.7850607576840885	3.285060757684072	0.7853981633974483	0.25	0
3.7884203002144674	3.288420300214451	0.7853981633974483	0.25	0
3.7917798427448464	3.29177984274483	0.7853981633974483	0.25	0
3.7951393852752253	3.295139385275209	0.7853981633974483	0.25	0
3.7984989278056043	3.298498927805588	0.7853981633974483	0.25	0
3.8018584703359832	3.301858470335967	0.7853981633974483	0.25	0
3.805218012866362	3.3052180128663458	0.7853981633974483	0.25	0
3.808577555396741	3.3085775553967247	0.7853981633974483	0.25	0
3.81193709792712	3.3119370979271037	0.7853981633974483	0.25	0
3.815296640457499	3.3152966404574826	0.7853981633974483	0.25	0
3.818656182987878	3.3186561829878616	0.7853981633974483	0.25	0
3.822015725518257	3.3220157255182405	0.7853981633974483	0.25	0
3.825375268048636	3.3253752680486195	0.7853981633974483	0.25	0
3.828734810579015	3.3287348105789984	0.7853981633974483	0.25	0
3.832094353109394	3.3320943531093774	0.7853981633974483	0.25	0
3.835453895639773	3.3354538956397564	0.7853981633974483	0.25	0
3.8388134381701517	3.3388134381701353	0.7853981633974483	0.25	0
3.8421729807005307	3.3421729807005143	0.7853981633974483	0.25	0
3.8455325232309097	3.3455325232308932	0.7853981633974483	0.25	0
3.8488920657612886	3.348892065761272	0.7853981633974483	0.25	0
3.8522516082916676	3.352251608291651	0.7853981633974483	0.25	0
3.8556111508220465	3.35561115082203	0.7853981633974483	0.25	0
3.8589706933524255	3.358970693352409	0.7853981633974483	0.25	0
3.8623302358828044	3.362330235882788	0.7853981633974483	0.25	0
3.8656897784131834	3.365689778413167	0.7853981633974483	0.25	0
3.8690493209435624	3.369049320943546	0.7853981633974483	0.25	0
3.8724088634739413	3.372408863473925	0.7853981633974483	0.25	0
3.8757684060043203	3.375768406004304	0.7853981633974483	0.25	0
3.879127948534699	3.379127948534683	0.7853981633974483	0.25	0
3.882487491065078	3.3824874910650617	0.7853981633974483	0.25	0
3.885847033595457	3.3858470335954407	0.7853981633974483	0.25	0
3.889206576125836	3.3892065761258197	0.7853981633974483	0.25	0
3.892566118656215	3.3925661186561986	0.7853981633974483	0.25	0
3.895925661186594	3.3959256611865776	0.7853981633974483	0.25	0
3.899285203716973	3.3992852037169565	0.7853981633974483	0.25	0
3.902644746247352	3.4026447462473355	0.7853981633974483	0.25	0
3.906004288777731	3.4060042887777144	0.7853981633974483	0.25	0
3.90936383130811	3.4093638313080934	0.7853981633974483	0.25	0
3.912723373838489	3.4127233738384724	0.7853981633974483	0.25	0
3.9160829163688677	3.4160829163688513	0.7853981633974483	0.25	0
3.9194424588992467	3.4194424588992303	0.7853981633974483	0.25	0
3.9228020014296257	3.422802001429609	0.7853981633974483	0.25	0
3.9261615439600046	3.426161543959988	0.7853981633974483	0.25	0
3.9295210864903836	3.429521086490367	0.7853981633974483	0.25	0
3.9328806290207625	3.432880629020746	0.7853981633974483	0.25	0
3.9362401715511415	3.436240171551125	0.7853981633974483	0.25	0
3.9395997140815204	3.439599714081504	0.7853981633974483	0.25	0
3.9429592566118994	3.442959256611883	0.7853981633974483	0.25	0
3.9463187991422783	3.446318799142262	0.7853981633974483	0.25	0
3.9496783416726573	3.449678341672641	0.7853981633974483	0.25	0
3.9530378842030363	3.45303788420302	0.7853981633974483	0.25	0
3.956397426733415	3.456397426733399	0.7853981633974483	0.25	0
3.959756969263794	3.4597569692637777	0.7853981633974483	0.25	0
3.963116511794173	3.4631165117941567	0.7853981633974483	0.25	0
3.966476054324552	3.4664760543245356	0.7853981633974483	0.25	0
3.969835596854931	3.4698355968549146	0.7853981633974483	0.25	0
3.97319513938531	3.4731951393852936	0.7853981633974483	0.25	0
3.976554681915689	3.4765546819156725	0.7853981633974483	0.25	0
3.979914224446068	3.4799142244460515	0.7853981633974483	0.25	0
3.983273766976447	3.4832737669764304	0.7853981633974483	0.25	0
3.986633309506826	3.4866333095068094	0.7853981633974483	0.25	0
3.9899928520372048	3.4899928520371883	0.7853981633974483	0.25	0
3.9933523945675837	3.4933523945675673	0.7853981633974483	0.25	0
3.9967119370979627	3.4967119370979463	0.7853981633974483	0.25	0
4.000071479628342	3.500071479628325	0.7853981633974483	0.25	0
4.00343102215872	3.503431022158704	0.7853981633974483	0.25	0
4.006790564689099	3.506790564689083	0.7853981633974483	0.25	0
4.010150107219477	3.510150107219462	0.7853981633974483	0.25	0
4.013509649749856	3.513509649749841	0.7853981633974483	0.25	0
4.016869192280234	3.51686919228022	0.7853981633974483	0.25	0
4.020228734810613	3.520228734810599	0.7853981633974483	0.25	0
4.023588277340991	3.523588277340978	0.7853981633974483	0.25	0
4.02694781987137	3.526947819871357	0.7853981633974483	0.25	0
4.030307362401748	3.530307362401736	0.7853981633974483	0.25	0
4.033666904932127	3.5336669049321148	0.7853981633974483	0.25	0
4.037026447462505	3.5370264474624937	0.7853981633974483	0.25	0
4.040385989992884	3.5403859899928727	0.7853981633974483	0.25	0
4.043745532523262	3.5437455325232516	0.7853981633974483	0.25	0
4.047105075053641	3.5471050750536306	0.7853981633974483	0.25	0
4.050464617584019	3.5504646175840096	0.7853981633974483	0.25	0
4.053824160114398	3.5538241601143885	0.7853981633974483	0.25	0
4.057183702644776	3.5571837026447675	0.7853981633974483	0.25	0
4.060543245175155	3.5605432451751464	0.7853981633974483	0.25	0
4.063902787705533	3.5639027877055254	0.7853981633974483	0.25	0
4.067262330235912	3.5672623302359043	0.7853981633974483	0.25	0
4.07062187276629	3.5706218727662833	0.7853981633974483	0.25	0
4.073981415296669	3.5739814152966622	0.7853981633974483	0.25	0
4.077340957827047	3.577340957827041	0.7853981633974483	0.25	0
4.080700500357426	3.58070050035742	0.7853981633974483	0.25	0
4.084060042887804	3.584060042887799	0.7853981633974483	0.25	0
4.087419585418183	3.587419585418178	0.7853981633974483	0.25	0
4.0907791279485615	3.590779127948557	0.7853981633974483	0.25	0
4.09413867047894	3.594138670478936	0.7853981633974483	0.25	0
4.0974982130093185	3.597498213009315	0.7853981633974483	0.25	0
4.100857755539697	3.600857755539694	0.7853981633974483	0.25	0
4.1042172980700755	3.604217298070073	0.7853981633974483	0.25	0
4.107576840600454	3.607576840600452	0.7853981633974483	0.25	0
4.1109363831308325	3.6109363831308308	0.7853981633974483	0.25	0
4.114295925661211	3.6142959256612097	0.7853981633974483	0.25	0
4.11765546819159	3.6176554681915887	0.7853981633974483	0.25	0
4.121015010721968	3.6210150107219676	0.7853981633974483	0.25	0
4.124374553252347	3.6243745532523466	0.7853981633974483	0.25	0
4.127734095782725	3.6277340957827255	0.7853981633974483	0.25	0
4.131093638313104	3.6310936383131045	0.7853981633974483	0.25	0
4.134453180843482	3.6344531808434835	0.7853981633974483	0.25	0
4.137812723373861	3.6378127233738624	0.7853981633974483	0.25	0
4.141172265904239	3.6411722659042414	0.7853981633974483	0.25	0
4.144531808434618	3.6445318084346203	0.7853981633974483	0.25	0
4.147891350964996	3.6478913509649993	0.7853981633974483	0.25	0
4.151250893495375	3.6512508934953782	0.7853981633974483	0.25	0
4.154610436025753	3.654610436025757	0.7853981633974483	0.25	0
4.157969978556132	3.657969978556136	0.7853981633974483	0.25	0
4.16132952108651	3.661329521086515	0.7853981633974483	0.25	0
4.164689063616889	3.664689063616894	0.7853981633974483	0.25	0
4.168048606147267	3.668048606147273	0.7853981633974483	0.25	0
4.171408148677646	3.671408148677652	0.7853981633974483	0.25	0
4.174767691208024	3.674767691208031	0.7853981633974483	0.25	0
4.178127233738403	3.67812723373841	0.7853981633974483	0.25	0
4.181486776268781	3.681486776268789	0.7853981633974483	0.25	0
4.18484631879916	3.684846318799168	0.7853981633974483	0.25	0
4.188205861329538	3.6882058613295468	0.7853981633974483	0.25	0
4.191565403859917	3.6915654038599257	0.7853981633974483	0.25	0
4.194924946390295	3.6949249463903047	0.7853981633974483	0.25	0
4.198284488920674	3.6982844889206836	0.7853981633974483	0.25	0
4.201644031451052	3.7016440314510626	0.7853981633974483	0.25	0
4.205003573981431	3.7050035739814415	0.7853981633974483	0.25	0
4.208363116511809	3.7083631165118205	0.7853981633974483	0.25	0
4.211722659042188	3.7117226590421994	0.7853981633974483	0.25	0
4.215082201572566	3.7150822015725784	0.7853981633974483	0.25	0
4.218441744102945	3.7184417441029574	0.7853981633974483	0.25	0
4.221801286633323	3.7218012866333363	0.7853981633974483	0.25	0
4.225160829163702	3.7251608291637153	0.7853981633974483	0.25	0
4.2285203716940805	3.7285203716940942	0.7853981633974483	0.25	0
4.231879914224459	3.731879914224473	0.7853981633974483	0.25	0
4.2352394567548375	3.735239456754852	0.7853981633974483	0.25	0
4.238598999285216	3.738598999285231	0.7853981633974483	0.25	0
4.2419585418155945	3.74195854181561	0.7853981633974483	0.25	0
4.245318084345973	3.745318084345989	0.7853981633974483	0.25	0
4.2486776268763515	3.748677626876368	0.7853981633974483	0.25	0
4.25203716940673	3.752037169406747	0.7853981633974483	0.25	0
4.2553967119371086	3.755396711937126	0.7853981633974483	0.25	0
4.258756254467487	3.758756254467505	0.7853981633974483	0.25	0
4.262115796997866	3.762115796997884	0.7853981633974483	0.25	0
4.265475339528244	3.7654753395282627	0.7853981633974483	0.25	0
4.268834882058623	3.7688348820586417	0.7853981633974483	0.25	0
4.272194424589001	3.7721944245890207	0.7853981633974483	0.25	0
4.27555396711938	3.7755539671193996	0.7853981633974483	0.25	0
4.278913509649758	3.7789135096497786	0.7853981633974483	0.25	0
4.282273052180137	3.7822730521801575	0.7853981633974483	0.25	0
4.285632594710515	3.7856325947105365	0.7853981633974483	0.25	0
4.288992137240894	3.7889921372409154	0.7853981633974483	0.25	0
4.292351679771272	3.7923516797712944	0.7853981633974483	0.25	0
4.295711222301651	3.7957112223016733	0.7853981633974483	0.25	0
4.299070764832029	3.7990707648320523	0.7853981633974483	0.25	0
4.302430307362408	3.8024303073624313	0.7853981633974483	0.25	0
4.305789849892786	3.80578984989281	0.7853981633974483	0.25	0
4.309149392423165	3.809149392423189	0.7853981633974483	0.25	0
4.312508934953543	3.812508934953568	0.7853981633974483	0.25	0
4.315868477483922	3.815868477483947	0.7853981633974483	0.25	0
4.3192280200143	3.819228020014326	0.7853981633974483	0.25	0
4.322587562544679	3.822587562544705	0.7853981633974483	0.25	0
4.325947105075057	3.825947105075084	0.7853981633974483	0.25	0
4.329306647605436	3.829306647605463	0.7853981633974483	0.25	0
4.332666190135814	3.832666190135842	0.7853981633974483	0.25	0
4.336025732666193	3.836025732666221	0.7853981633974483	0.25	0
4.339385275196571	3.8393852751966	0.7853981633974483	0.25	0
4.34274481772695	3.8427448177269787	0.7853981633974483	0.25	0
4.346104360257328	3.8461043602573577	0.7853981633974483	0.25	0
4.349463902787707	3.8494639027877366	0.7853981633974483	0.25	0
4.352823445318085	3.8528234453181156	0.7853981633974483	0.25	0
4.356182987848464	3.8561829878484946	0.7853981633974483	0.25	0
4.359542530378842	3.8595425303788735	0.7853981633974483	0.25	0
4.362902072909221	3.8629020729092525	0.7853981633974483	0.25	0
4.3662616154395995	3.8662616154396314	0.7853981633974483	0.25	0
4.369621157969978	3.8696211579700104	0.7853981633974483	0.25	0
4.3729807005003565	3.8729807005003893	0.7853981633974483	0.25	0
4.376340243030735	3.8763402430307683	0.7853981633974483	0.25	0
4.3796997855611135	3.8796997855611473	0.7853981633974483	0.25	0
4.383059328091492	3.883059328091526	0.7853981633974483	0.25	0
4.3864188706218705	3.886418870621905	0.7853981633974483	0.25	0
4.389778413152249	3.889778413152284	0.7853981633974483	0.25	0
4.3931379556826275	3.893137955682663	0.7853981633974483	0.25	0
4.396497498213006	3.896497498213042	0.7853981633974483	0.25	0
4.399857040743385	3.899857040743421	0.7853981633974483	0.25	0
4.403216583273763	3.9032165832738	0.7853981633974483	0.25	0
4.406576125804142	3.906576125804179	0.7853981633974483	0.25	0
4.40993566833452	3.909935668334558	0.7853981633974483	0.25	0
4.413295210864899	3.913295210864937	0.7853981633974483	0.25	0
4.416654753395277	3.9166547533953158	0.7853981633974483	0.25	0
4.420014295925656	3.9200142959256947	0.7853981633974483	0.25	0
4.423373838456034	3.9233738384560737	0.7853981633974483	0.25	0
4.426733380986413	3.9267333809864526	0.7853981633974483	0.25	0
4.430092923516791	3.9300929235168316	0.7853981633974483	0.25	0
4.43345246604717	3.9334524660472105	0.7853981633974483	0.25	0
4.436812008577548	3.9368120085775895	0.7853981633974483	0.25	0
4.440171551107927	3.9401715511079685	0.7853981633974483	0.25	0
4.443531093638305	3.9435310936383474	0.7853981633974483	0.25	0
4.446890636168684	3.9468906361687264	0.7853981633974483	0.25	0
4.450250178699062	3.9502501786991053	0.7853981633974483	0.25	0
4.453609721229441	3.9536097212294843	0.7853981633974483	0.25	0
4.456969263759819	3.9569692637598632	0.7853981633974483	0.25	0
4.460328806290198	3.960328806290242	0.7853981633974483	0.25	0
4.463688348820576	3.963688348820621	0.7853981633974483	0.25	0
4.467047891350955	3.967047891351	0.7853981633974483	0.25	0
4.470407433881333	3.970407433881379	0.7853981633974483	0.25	0
4.473766976411712	3.973766976411758	0.7853981633974483	0.25	0
4.47712651894209	3.977126518942137	0.7853981633974483	0.25	0
4.480486061472469	3.980486061472516	0.7853981633974483	0.25	0
4.483845604002847	3.983845604002895	0.7853981633974483	0.25	0
4.487205146533226	3.987205146533274	0.7853981633974483	0.25	0
4.490564689063604	3.990564689063653	0.7853981633974483	0.25	0
4.493924231593983	3.9939242315940318	0.7853981633974483	0.25	0
4.497283774124361	3.9972837741244107	0.7853981633974483	0.25	0
4.50064331665474	4.00064331665479	0.7853981633974483	0.25	0
4.5040028591851184	4.004002859185168	0.7853981633974483	0.25	0
4.507362401715497	4.007362401715547	0.7853981633974483	0.25	0
4.5107219442458755	4.010721944245925	0.7853981633974483	0.25	0
4.514081486776254	4.014081486776304	0.7853981633974483	0.25	0
4.5174410293066325	4.017441029306682	0.7853981633974483	0.25	0
4.520800571837011	4.020800571837061	0.7853981633974483	0.25	0
4.5241601143673895	4.024160114367439	0.7853981633974483	0.25	0
4.527519656897768	4.027519656897818	0.7853981633974483	0.25	0
4.5308791994281465	4.030879199428196	0.7853981633974483	0.25	0
4.534238741958525	4.034238741958575	0.7853981633974483	0.25	0
4.537598284488904	4.037598284488953	0.7853981633974483	0.25	0
4.540957827019282	4.040957827019332	0.7853981633974483	0.25	0
4.544317369549661	4.04431736954971	0.7853981633974483	0.25	0
4.547676912080039	4.047676912080089	0.7853981633974483	0.25	0
4.551036454610418	4.051036454610467	0.7853981633974483	0.25	0
4.554395997140796	4.054395997140846	0.7853981633974483	0.25	0
4.557755539671175	4.057755539671224	0.7853981633974483	0.25	0
4.561115082201553	4.061115082201603	0.7853981633974483	0.25	0
4.564474624731932	4.064474624731981	0.7853981633974483	0.25	0
4.56783416726231	4.06783416726236	0.7853981633974483	0.25	0
4.571193709792689	4.071193709792738	0.7853981633974483	0.25	0
4.574553252323067	4.074553252323117	0.7853981633974483	0.25	0
4.577912794853446	4.0779127948534954	0.7853981633974483	0.25	0
4.581272337383824	4.081272337383874	0.7853981633974483	0.25	0
4.584631879914203	4.0846318799142525	0.7853981633974483	0.25	0
4.587991422444581	4.087991422444631	0.7853981633974483	0.25	0
4.59135096497496	4.0913509649750095	0.7853981633974483	0.25	0
4.594710507505338	4.094710507505388	0.7853981633974483	0.25	0
4.598070050035717	4.0980700500357665	0.7853981633974483	0.25	0
4.601429592566095	4.101429592566145	0.7853981633974483	0.25	0
4.604789135096474	4.1047891350965235	0.7853981633974483	0.25	0
4.608148677626852	4.108148677626902	0.7853981633974483	0.25	0
4.611508220157231	4.111508220157281	0.7853981633974483	0.25	0
4.614867762687609	4.114867762687659	0.7853981633974483	0.25	0
4.618227305217988	4.118227305218038	0.7853981633974483	0.25	0
4.621586847748366	4.121586847748416	0.7853981633974483	0.25	0
4.624946390278745	4.124946390278795	0.7853981633974483	0.25	0
4.628305932809123	4.128305932809173	0.7853981633974483	0.25	0
4.631665475339502	4.131665475339552	0.7853981633974483	0.25	0
4.63502501786988	4.13502501786993	0.7853981633974483	0.25	0
4.638384560400259	4.138384560400309	0.7853981633974483	0.25	0
4.641744102930637	4.141744102930687	0.7853981633974483	0.25	0
4.645103645461016	4.145103645461066	0.7853981633974483	0.25	0
4.6484631879913945	4.148463187991444	0.7853981633974483	0.25	0
4.651822730521773	4.151822730521823	0.7853981633974483	0.25	0
4.6551822730521515	4.155182273052201	0.7853981633974483	0.25	0
4.65854181558253	4.15854181558258	0.7853981633974483	0.25	0
4.6619013581129085	4.161901358112958	0.7853981633974483	0.25	0
4.665260900643287	4.165260900643337	0.7853981633974483	0.25	0
4.6686204431736655	4.168620443173715	0.7853981633974483	0.25	0
4.671979985704044	4.171979985704094	0.7853981633974483	0.25	0
4.675339528234423	4.175339528234472	0.7853981633974483	0.25	0
4.678699070764801	4.178699070764851	0.7853981633974483	0.25	0
4.68205861329518	4.182058613295229	0.7853981633974483	0.25	0
4.685418155825558	4.185418155825608	0.7853981633974483	0.25	0
4.688777698355937	4.188777698355986	0.7853981633974483	0.25	0
4.692137240886315	4.192137240886365	0.7853981633974483	0.25	0
4.695496783416694	4.195496783416743	0.7853981633974483	0.25	0
4.698856325947072	4.198856325947122	0.7853981633974483	0.25	0
4.702215868477451	4.2022158684775	0.7853981633974483	0.25	0
4.705575411007829	4.205575411007879	0.7853981633974483	0.25	0
4.708934953538208	4.208934953538257	0.7853981633974483	0.25	0
4.712294496068586	4.212294496068636	0.7853981633974483	0.25	0
4.715654038598965	4.215654038599014	0.7853981633974483	0.25	0
4.719013581129343	4.219013581129393	0.7853981633974483	0.25	0
4.722373123659722	4.2223731236597715	0.7853981633974483	0.25	0
4.7257326661901	4.22573266619015	0.7853981633974483	0.25	0
4.729092208720479	4.2290922087205285	0.7853981633974483	0.25	0
4.732451751250857	4.232451751250907	0.7853981633974483	0.25	0
4.735811293781236	4.2358112937812855	0.7853981633974483	0.25	0
4.739170836311614	4.239170836311664	0.7853981633974483	0.25	0
4.742530378841993	4.2425303788420425	0.7853981633974483	0.25	0
4.745889921372371	4.245889921372421	0.7853981633974483	0.25	0
4.74924946390275	4.2492494639028	0.7853981633974483	0.25	0
4.752609006433128	4.252609006433178	0.7853981633974483	0.25	0
4.755968548963507	4.255968548963557	0.7853981633974483	0.25	0
4.759328091493885	4.259328091493935	0.7853981633974483	0.25	0
4.762687634024264	4.262687634024314	0.7853981633974483	0.25	0
4.766047176554642	4.266047176554692	0.7853981633974483	0.25	0
4.769406719085021	4.269406719085071	0.7853981633974483	0.25	0
4.772766261615399	4.272766261615449	0.7853981633974483	0.25	0
4.776125804145778	4.276125804145828	0.7853981633974483	0.25	0
4.779485346676156	4.279485346676206	0.7853981633974483	0.25	0
4.782844889206535	4.282844889206585	0.7853981633974483	0.25	0
4.7862044317369135	4.286204431736963	0.7853981633974483	0.25	0
4.789563974267292	4.289563974267342	0.7853981633974483	0.25	0
4.7929235167976705	4.29292351679772	0.7853981633974483	0.25	0
4.796283059328049	4.296283059328099	0.7853981633974483	0.25	0
4.7996426018584275	4.299642601858477	0.7853981633974483	0.25	0
4.803002144388806	4.303002144388856	0.7853981633974483	0.25	0
4.8063616869191845	4.306361686919234	0.7853981633974483	0.25	0
4.809721229449563	4.309721229449613	0.7853981633974483	0.25	0
4.8130807719799416	4.313080771979991	0.7853981633974483	0.25	0
4.81644031451032	4.31644031451037	0.7853981633974483	0.25	0
4.819799857040699	4.319799857040748	0.7853981633974483	0.25	0
4.823159399571077	4.323159399571127	0.7853981633974483	0.25	0
4.826518942101456	4.326518942101505	0.7853981633974483	0.25	0
4.829878484631834	4.329878484631884	0.7853981633974483	0.25	0
4.833238027162213	4.333238027162262	0.7853981633974483	0.25	0
4.836597569692591	4.336597569692641	0.7853981633974483	0.25	0
4.83995711222297	4.339957112223019	0.7853981633974483	0.25	0
4.843316654753348	4.343316654753398	0.7853981633974483	0.25	0
4.846676197283727	4.346676197283776	0.7853981633974483	0.25	0
4.850035739814105	4.350035739814155	0.7853981633974483	0.25	0
4.853395282344484	4.353395282344533	0.7853981633974483	0.25	0
4.856754824874862	4.356754824874912	0.7853981633974483	0.25	0
4.860114367405241	4.3601143674052905	0.7853981633974483	0.25	0
4.863473909935619	4.363473909935669	0.7853981633974483	0.25	0
4.866833452465998	4.3668334524660475	0.7853981633974483	0.25	0
4.870192994996376	4.370192994996426	0.7853981633974483	0.25	0
4.873552537526755	4.3735525375268045	0.7853981633974483	0.25	0
4.876912080057133	4.376912080057183	0.7853981633974483	0.25	0
4.880271622587512	4.3802716225875615	0.7853981633974483	0.25	0
4.88363116511789	4.38363116511794	0.7853981633974483	0.25	0
4.886990707648269	4.3869907076483186	0.7853981633974483	0.25	0
4.890350250178647	4.390350250178697	0.7853981633974483	0.25	0
4.893709792709026	4.393709792709076	0.7853981633974483	0.25	0
4.897069335239404	4.397069335239454	0.7853981633974483	0.25	0
4.900428877769783	4.400428877769833	0.7853981633974483	0.25	0
4.903788420300161	4.403788420300211	0.7853981633974483	0.25	0
4.90714796283054	4.40714796283059	0.7853981633974483	0.25	0
4.910507505360918	4.410507505360968	0.7853981633974483	0.25	0
4.913867047891297	4.413867047891347	0.7853981633974483	0.25	0
4.917226590421675	4.417226590421725	0.7853981633974483	0.25	0
4.920586132952054	4.420586132952104	0.7853981633974483	0.25	0
4.9239456754824324	4.423945675482482	0.7853981633974483	0.25	0
4.927305218012811	4.427305218012861	0.7853981633974483	0.25	0
4.9306647605431895	4.430664760543239	0.7853981633974483	0.25	0
4.934024303073568	4.434024303073618	0.7853981633974483	0.25	0
4.9373838456039465	4.437383845603996	0.7853981633974483	0.25	0
4.940743388134325	4.440743388134375	0.7853981633974483	0.25	0
4.9441029306647035	4.444102930664753	0.7853981633974483	0.25	0
4.947462473195082	4.447462473195132	0.7853981633974483	0.25	0
4.9508220157254605	4.45082201572551	0.7853981633974483	0.25	0
4.954181558255839	4.454181558255889	0.7853981633974483	0.25	0
4.957541100786218	4.457541100786267	0.7853981633974483	0.25	0
4.960900643316596	4.460900643316646	0.7853981633974483	0.25	0
4.964260185846975	4.464260185847024	0.7853981633974483	0.25	0
4.967619728377353	4.467619728377403	0.7853981633974483	0.25	0
4.970979270907732	4.470979270907781	0.7853981633974483	0.25	0
4.97433881343811	4.47433881343816	0.7853981633974483	0.25	0
4.977698355968489	4.477698355968538	0.7853981633974483	0.25	0
4.981057898498867	4.481057898498917	0.7853981633974483	0.25	0
4.984417441029246	4.484417441029295	0.7853981633974483	0.25	0
4.987776983559624	4.487776983559674	0.7853981633974483	0.25	0
4.991136526090003	4.491136526090052	0.7853981633974483	0.25	0
4.994496068620381	4.494496068620431	0.7853981633974483	0.25	0
4.99785561115076	4.4978556111508095	0.7853981633974483	0.25	0
5.001215153681138	4.501215153681188	0.7853981633974483	0.25	0
5.004574696211517	4.5045746962115665	0.7853981633974483	0.25	0
5.007934238741895	4.507934238741945	0.7853981633974483	0.25	0
5.011293781272274	4.5112937812723235	0.7853981633974483	0.25	0
5.014653323802652	4.514653323802702	0.7853981633974483	0.25	0
5.018012866333031	4.5180128663330805	0.7853981633974483	0.25	0
5.021372408863409	4.521372408863459	0.7853981633974483	0.25	0
5.024731951393788	4.5247319513938375	0.7853981633974483	0.25	0
5.028091493924166	4.528091493924216	0.7853981633974483	0.25	0
5.031451036454545	4.531451036454595	0.7853981633974483	0.25	0
5.034810578984923	4.534810578984973	0.7853981633974483	0.25	0
5.038170121515302	4.538170121515352	0.7853981633974483	0.25	0
5.04152966404568	4.54152966404573	0.7853981633974483	0.25	0
5.044889206576059	4.544889206576109	0.7853981633974483	0.25	0
5.048248749106437	4.548248749106487	0.7853981633974483	0.25	0
5.051608291636816	4.551608291636866	0.7853981633974483	0.25	0
5.054967834167194	4.554967834167244	0.7853981633974483	0.25	0
5.058327376697573	4.558327376697623	0.7853981633974483	0.25	0
5.061686919227951	4.561686919228001	0.7853981633974483	0.25	0
5.06504646175833	4.56504646175838	0.7853981633974483	0.25	0
5.0684060042887085	4.568406004288758	0.7853981633974483	0.25	0
5.071765546819087	4.571765546819137	0.7853981633974483	0.25	0
5.0751250893494655	4.575125089349515	0.7853981633974483	0.25	0
5.078484631879844	4.578484631879894	0.7853981633974483	0.25	0
5.0818441744102225	4.581844174410272	0.7853981633974483	0.25	0
5.085203716940601	4.585203716940651	0.7853981633974483	0.25	0
5.0885632594709795	4.588563259471029	0.7853981633974483	0.25	0
5.091922802001358	4.591922802001408	0.7853981633974483	0.25	0
5.095282344531737	4.595282344531786	0.7853981633974483	0.25	0
5.098641887062115	4.598641887062165	0.7853981633974483	0.25	0
5.102001429592494	4.602001429592543	0.7853981633974483	0.25	0
5.105360972122872	4.605360972122922	0.7853981633974483	0.25	0
5.108720514653251	4.6087205146533	0.7853981633974483	0.25	0
5.112080057183629	4.612080057183679	0.7853981633974483	0.25	0
5.115439599714008	4.615439599714057	0.7853981633974483	0.25	0
5.118799142244386	4.618799142244436	0.7853981633974483	0.25	0
5.122158684774765	4.622158684774814	0.7853981633974483	0.25	0
5.125518227305143	4.625518227305193	0.7853981633974483	0.25	0
5.128877769835522	4.628877769835571	0.7853981633974483	0.25	0
5.1322373123659	4.63223731236595	0.7853981633974483	0.25	0
5.135596854896279	4.6355968548963284	0.7853981633974483	0.25	0
5.138956397426657	4.638956397426707	0.7853981633974483	0.25	0
5.142315939957036	4.6423159399570855	0.7853981633974483	0.25	0
5.145675482487414	4.645675482487464	0.7853981633974483	0.25	0
5.149035025017793	4.6490350250178425	0.7853981633974483	0.25	0
5.152394567548171	4.652394567548221	0.7853981633974483	0.25	0
5.15575411007855	4.6557541100785995	0.7853981633974483	0.25	0
5.159113652608928	4.659113652608978	0.7853981633974483	0.25	0
5.162473195139307	4.6624731951393565	0.7853981633974483	0.25	0
5.165832737669685	4.665832737669735	0.7853981633974483	0.25	0
5.169192280200064	4.669192280200114	0.7853981633974483	0.25	0
5.172551822730442	4.672551822730492	0.7853981633974483	0.25	0
5.175911365260821	4.675911365260871	0.7853981633974483	0.25	0
5.179270907791199	4.679270907791249	0.7853981633974483	0.25	0
5.182630450321578	4.682630450321628	0.7853981633974483	0.25	0
5.185989992851956	4.685989992852006	0.7853981633974483	0.25	0
5.189349535382335	4.689349535382385	0.7853981633974483	0.25	0
5.192709077912713	4.692709077912763	0.7853981633974483	0.25	0
5.196068620443092	4.696068620443142	0.7853981633974483	0.25	0
5.19942816297347	4.69942816297352	0.7853981633974483	0.25	0
5.202787705503849	4.702787705503899	0.7853981633974483	0.25	0
5.2061472480342275	4.706147248034277	0.7853981633974483	0.25	0
5.209506790564606	4.709506790564656	0.7853981633974483	0.25	0
5.2128663330949845	4.712866333095034	0.7853981633974483	0.25	0
5.216225875625363	4.716225875625413	0.7853981633974483	0.25	0
5.2195854181557415	4.719585418155791	0.7853981633974483	0.25	0
5.22294496068612	4.72294496068617	0.7853981633974483	0.25	0
5.2263045032164985	4.726304503216548	0.7853981633974483	0.25	0
5.229664045746877	4.729664045746927	0.7853981633974483	0.25	0
5.2330235882772556	4.733023588277305	0.7853981633974483	0.25	0
5.236383130807634	4.736383130807684	0.7853981633974483	0.25	0
5.239742673338013	4.739742673338062	0.7853981633974483	0.25	0
5.243102215868391	4.743102215868441	0.7853981633974483	0.25	0
5.24646175839877	4.746461758398819	0.7853981633974483	0.25	0
5.249821300929148	4.749821300929198	0.7853981633974483	0.25	0
5.253180843459527	4.753180843459576	0.7853981633974483	0.25	0
5.256540385989905	4.756540385989955	0.7853981633974483	0.25	0
5.259899928520284	4.759899928520333	0.7853981633974483	0.25	0
5.263259471050662	4.763259471050712	0.7853981633974483	0.25	0
5.266619013581041	4.76661901358109	0.7853981633974483	0.25	0
5.269978556111419	4.769978556111469	0.7853981633974483	0.25	0
5.273338098641798	4.773338098641847	0.7853981633974483	0.25	0
5.276697641172176	4.776697641172226	0.7853981633974483	0.25	0
5.280057183702555	4.7800571837026045	0.7853981633974483	0.25	0
5.283416726232933	4.783416726232983	0.7853981633974483	0.25	0
5.286776268763312	4.7867762687633615	0.7853981633974483	0.25	0
5.29013581129369	4.79013581129374	0.7853981633974483	0.25	0
5.293495353824069	4.7934953538241185	0.7853981633974483	0.25	0
5.296854896354447	4.796854896354497	0.7853981633974483	0.25	0
5.300214438884826	4.8002144388848755	0.7853981633974483	0.25	0
5.303573981415204	4.803573981415254	0.7853981633974483	0.25	0
5.306933523945583	4.806933523945633	0.7853981633974483	0.25	0
5.310293066475961	4.810293066476011	0.7853981633974483	0.25	0
5.31365260900634	4.81365260900639	0.7853981633974483	0.25	0
5.317012151536718	4.817012151536768	0.7853981633974483	0.25	0
5.320371694067097	4.820371694067147	0.7853981633974483	0.25	0
5.323731236597475	4.823731236597525	0.7853981633974483	0.25	0
5.327090779127854	4.827090779127904	0.7853981633974483	0.25	0
5.330450321658232	4.830450321658282	0.7853981633974483	0.25	0
5.333809864188611	4.833809864188661	0.7853981633974483	0.25	0
5.337169406718989	4.837169406719039	0.7853981633974483	0.25	0
5.340528949249368	4.840528949249418	0.7853981633974483	0.25	0
5.3438884917797465	4.843888491779796	0.7853981633974483	0.25	0
5.347248034310125	4.847248034310175	0.7853981633974483	0.25	0
5.3506075768405035	4.850607576840553	0.7853981633974483	0.25	0
5.353967119370882	4.853967119370932	0.7853981633974483	0.25	0
5.3573266619012605	4.85732666190131	0.7853981633974483	0.25	0
5.360686204431639	4.860686204431689	0.7853981633974483	0.25	0
5.3640457469620175	4.864045746962067	0.7853981633974483	0.25	0
5.367405289492396	4.867405289492446	0.7853981633974483	0.25	0
5.3707648320227745	4.870764832022824	0.7853981633974483	0.25	0
5.374124374553153	4.874124374553203	0.7853981633974483	0.25	0
5.377483917083532	4.877483917083581	0.7853981633974483	0.25	0
5.38084345961391	4.88084345961396	0.7853981633974483	0.25	0
5.384203002144289	4.884203002144338	0.7853981633974483	0.25	0
5.387562544674667	4.887562544674717	0.7853981633974483	0.25	0
5.390922087205046	4.890922087205095	0.7853981633974483	0.25	0
5.394281629735424	4.894281629735474	0.7853981633974483	0.25	0
5.397641172265803	4.897641172265852	0.7853981633974483	0.25	0
5.401000714796181	4.901000714796231	0.7853981633974483	0.25	0
5.40436025732656	4.904360257326609	0.7853981633974483	0.25	0
5.407719799856938	4.907719799856988	0.7853981633974483	0.25	0
5.411079342387317	4.911079342387366	0.7853981633974483	0.25	0
5.414438884917695	4.914438884917745	0.7853981633974483	0.25	0
5.417798427448074	4.9177984274481235	0.7853981633974483	0.25	0
5.421157969978452	4.921157969978502	0.7853981633974483	0.25	0
5.424517512508831	4.9245175125088805	0.7853981633974483	0.25	0
5.427877055039209	4.927877055039259	0.7853981633974483	0.25	0
5.431236597569588	4.9312365975696375	0.7853981633974483	0.25	0
5.434596140099966	4.934596140100016	0.7853981633974483	0.25	0
5.437955682630345	4.9379556826303945	0.7853981633974483	0.25	0
5.441315225160723	4.941315225160773	0.7853981633974483	0.25	0
5.444674767691102	4.9446747676911516	0.7853981633974483	0.25	0
5.44803431022148	4.94803431022153	0.7853981633974483	0.25	0
5.451393852751859	4.951393852751909	0.7853981633974483	0.25	0
5.454753395282237	4.954753395282287	0.7853981633974483	0.25	0
5.458112937812616	4.958112937812666	0.7853981633974483	0.25	0
5.461472480342994	4.961472480343044	0.7853981633974483	0.25	0
5.464832022873373	4.964832022873423	0.7853981633974483	0.25	0
5.468191565403751	4.968191565403801	0.7853981633974483	0.25	0
5.47155110793413	4.97155110793418	0.7853981633974483	0.25	0
5.474910650464508	4.974910650464558	0.7853981633974483	0.25	0
5.478270192994887	4.978270192994937	0.7853981633974483	0.25	0
5.4816297355252654	4.981629735525315	0.7853981633974483	0.25	0
5.484989278055644	4.984989278055694	0.7853981633974483	0.25	0
5.4883488205860225	4.988348820586072	0.7853981633974483	0.25	0
5.491708363116401	4.991708363116451	0.7853981633974483	0.25	0
5.4950679056467795	4.995067905646829	0.7853981633974483	0.25	0
5.498427448177158	4.998427448177208	0.7853981633974483	0.25	0
5.5017869907075365	5.001786990707586	0.7853981633974483	0.25	0
5.505146533237915	5.005146533237965	0.7853981633974483	0.25	0
5.5085060757682935	5.008506075768343	0.7853981633974483	0.25	0
5.511865618298672	5.011865618298722	0.7853981633974483	0.25	0
5.515225160829051	5.0152251608291	0.7853981633974483	0.25	0
5.518584703359429	5.018584703359479	0.7853981633974483	0.25	0
5.521944245889808	5.021944245889857	0.7853981633974483	0.25	0
5.525303788420186	5.025303788420236	0.7853981633974483	0.25	0
5.528663330950565	5.028663330950614	0.7853981633974483	0.25	0
5.532022873480943	5.032022873480993	0.7853981633974483	0.25	0
5.535382416011322	5.035382416011371	0.7853981633974483	0.25	0
5.5387419585417	5.03874195854175	0.7853981633974483	0.25	0
5.542101501072079	5.042101501072128	0.7853981633974483	0.25	0
5.545461043602457	5.045461043602507	0.7853981633974483	0.25	0
5.548820586132836	5.048820586132885	0.7853981633974483	0.25	0
5.552180128663214	5.052180128663264	0.7853981633974483	0.25	0
5.555539671193593	5.0555396711936424	0.7853981633974483	0.25	0
5.558899213723971	5.058899213724021	0.7853981633974483	0.25	0
5.56225875625435	5.0622587562543995	0.7853981633974483	0.25	0
5.565618298784728	5.065618298784778	0.7853981633974483	0.25	0
5.568977841315107	5.0689778413151565	0.7853981633974483	0.25	0
5.572337383845485	5.072337383845535	0.7853981633974483	0.25	0
5.575696926375864	5.0756969263759135	0.7853981633974483	0.25	0
5.579056468906242	5.079056468906292	0.7853981633974483	0.25	0
5.582416011436621	5.0824160114366705	0.7853981633974483	0.25	0
5.585775553966999	5.085775553967049	0.7853981633974483	0.25	0
5.589135096497378	5.089135096497428	0.7853981633974483	0.25	0
5.592494639027756	5.092494639027806	0.7853981633974483	0.25	0
5.595854181558135	5.095854181558185	0.7853981633974483	0.25	0
5.599213724088513	5.099213724088563	0.7853981633974483	0.25	0
5.602573266618892	5.102573266618942	0.7853981633974483	0.25	0
5.60593280914927	5.10593280914932	0.7853981633974483	0.25	0
5.609292351679649	5.109292351679699	0.7853981633974483	0.25	0
5.612651894210027	5.112651894210077	0.7853981633974483	0.25	0
5.616011436740406	5.116011436740456	0.7853981633974483	0.25	0
5.619370979270784	5.119370979270834	0.7853981633974483	0.25	0
5.622730521801163	5.122730521801213	0.7853981633974483	0.25	0
5.6260900643315415	5.126090064331591	0.7853981633974483	0.25	0
5.62944960686192	5.12944960686197	0.7853981633974483	0.25	0
5.6328091493922985	5.132809149392348	0.7853981633974483	0.25	0
5.636168691922677	5.136168691922727	0.7853981633974483	0.25	0
5.6395282344530555	5.139528234453105	0.7853981633974483	0.25	0
5.642887776983434	5.142887776983484	0.7853981633974483	0.25	0
5.6462473195138125	5.146247319513862	0.7853981633974483	0.25	0
5.649606862044191	5.149606862044241	0.7853981633974483	0.25	0
5.65296640457457	5.152966404574619	0.7853981633974483	0.25	0
5.656325947104948	5.156325947104998	0.7853981633974483	0.25	0
5.659685489635327	5.159685489635376	0.7853981633974483	0.25	0
5.663045032165705	5.163045032165755	0.7853981633974483	0.25	0
5.666404574696084	5.166404574696133	0.7853981633974483	0.25	0
5.669764117226462	5.169764117226512	0.7853981633974483	0.25	0
5.673123659756841	5.17312365975689	0.7853981633974483	0.25	0
5.676483202287219	5.176483202287269	0.7853981633974483	0.25	0
5.679842744817598	5.179842744817647	0.7853981633974483	0.25	0
5.683202287347976	5.183202287348026	0.7853981633974483	0.25	0
5.686561829878355	5.186561829878404	0.7853981633974483	0.25	0
5.689921372408733	5.189921372408783	0.7853981633974483	0.25	0
5.693280914939112	5.193280914939161	0.7853981633974483	0.25	0
5.69664045746949	5.19664045746954	0.7853981633974483	0.25	0
5.699999999999869	5.1999999999999185	0.7853981633974483	0.25	0
