0.5	0.5	0.7853981633974483	0.25	0
0.5035739814152966	0.5035739814152966	0.7853981633974483	0.25	0
0.5071479628305933	0.5071479628305933	0.7853981633974483	0.25	0
0.5107219442458899	0.5107219442458899	0.7853981633974483	0.25	0
0.5142959256611865	0.5142959256611865	0.7853981633974483	0.25	0
0.5178699070764832	0.5178699070764832	0.7853981633974483	0.25	0
0.5214438884917798	0.5214438884917798	0.7853981633974483	0.25	0
0.5250178699070764	0.5250178699070764	0.7853981633974483	0.25	0
0.5285918513223731	0.5285918513223731	0.7853981633974483	0.25	0
0.5321658327376697	0.5321658327376697	0.7853981633974483	0.25	0
0.5357398141529663	0.5357398141529663	0.7853981633974483	0.25	0
0.539313795568263	0.539313795568263	0.7853981633974483	0.25	0
0.5428877769835596	0.5428877769835596	0.7853981633974483	0.25	0
0.5464617583988562	0.5464617583988562	0.7853981633974483	0.25	0
0.5500357398141529	0.5500357398141529	0.7853981633974483	0.25	0
0.5536097212294495	0.5536097212294495	0.7853981633974483	0.25	0
0.5571837026447461	0.5571837026447461	0.7853981633974483	0.25	0
0.5607576840600428	0.5607576840600428	0.7853981633974483	0.25	0
0.5643316654753394	0.5643316654753394	0.7853981633974483	0.25	0
0.567905646890636	0.567905646890636	0.7853981633974483	0.25	0
0.5714796283059327	0.5714796283059327	0.7853981633974483	0.25	0
0.5750536097212293	0.5750536097212293	0.7853981633974483	0.25	0
0.578627591136526	0.578627591136526	0.7853981633974483	0.25	0
0.5822015725518226	0.5822015725518226	0.7853981633974483	0.25	0
0.5857755539671192	0.5857755539671192	0.7853981633974483	0.25	0
0.5893495353824159	0.5893495353824159	0.7853981633974483	0.25	0
0.5929235167977125	0.5929235167977125	0.7853981633974483	0.25	0
0.5964974982130091	0.5964974982130091	0.7853981633974483	0.25	0
0.6000714796283058	0.6000714796283058	0.7853981633974483	0.25	0
0.6036454610436024	0.6036454610436024	0.7853981633974483	0.25	0
0.607219442458899	0.607219442458899	0.7853981633974483	0.25	0
0.6107934238741957	0.6107934238741957	0.7853981633974483	0.25	0
0.6143674052894923	0.6143674052894923	0.7853981633974483	0.25	0
0.6179413867047889	0.6179413867047889	0.7853981633974483	0.25	0
0.6215153681200856	0.6215153681200856	0.7853981633974483	0.25	0
0.6250893495353822	0.6250893495353822	0.7853981633974483	0.25	0
0.6286633309506788	0.6286633309506788	0.7853981633974483	0.25	0
0.6322373123659755	0.6322373123659755	0.7853981633974483	0.25	0
0.6358112937812721	0.6358112937812721	0.7853981633974483	0.25	0
0.6393852751965687	0.6393852751965687	0.7853981633974483	0.25	0
0.6429592566118654	0.6429592566118654	0.7853981633974483	0.25	0
0.646533238027162	0.646533238027162	0.7853981633974483	0.25	0
0.6501072194424586	0.6501072194424586	0.7853981633974483	0.25	0
0.6536812008577553	0.6536812008577553	0.7853981633974483	0.25	0
0.6572551822730519	0.6572551822730519	0.7853981633974483	0.25	0
0.6608291636883485	0.6608291636883485	0.7853981633974483	0.25	0
0.6644031451036452	0.6644031451036452	0.7853981633974483	0.25	0
0.6679771265189418	0.6679771265189418	0.7853981633974483	0.25	0
0.6715511079342384	0.6715511079342384	0.7853981633974483	0.25	0
0.6751250893495351	0.6751250893495351	0.7853981633974483	0.25	0
0.6786990707648317	0.6786990707648317	0.7853981633974483	0.25	0
0.6822730521801283	0.6822730521801283	0.7853981633974483	0.25	0
0.685847033595425	0.685847033595425	0.7853981633974483	0.25	0
0.6894210150107216	0.6894210150107216	0.7853981633974483	0.25	0
0.6929949964260183	0.6929949964260183	0.7853981633974483	0.25	0
0.6965689778413149	0.6965689778413149	0.7853981633974483	0.25	0
0.7001429592566115	0.7001429592566115	0.7853981633974483	0.25	0
0.7037169406719082	0.7037169406719082	0.7853981633974483	0.25	0
0.7072909220872048	0.7072909220872048	0.7853981633974483	0.25	0
0.7108649035025014	0.7108649035025014	0.7853981633974483	0.25	0
0.7144388849177981	0.7144388849177981	0.7853981633974483	0.25	0
0.7180128663330947	0.7180128663330947	0.7853981633974483	0.25	0
0.7215868477483913	0.7215868477483913	0.7853981633974483	0.25	0
0.725160829163688	0.725160829163688	0.7853981633974483	0.25	0
0.7287348105789846	0.7287348105789846	0.7853981633974483	0.25	0
0.7323087919942812	0.7323087919942812	0.7853981633974483	0.25	0
0.7358827734095779	0.7358827734095779	0.7853981633974483	0.25	0
0.7394567548248745	0.7394567548248745	0.7853981633974483	0.25	0
0.7430307362401711	0.7430307362401711	0.7853981633974483	0.25	0
0.7466047176554678	0.7466047176554678	0.7853981633974483	0.25	0
0.7501786990707644	0.7501786990707644	0.7853981633974483	0.25	0
0.753752680486061	0.753752680486061	0.7853981633974483	0.25	0
0.7573266619013577	0.7573266619013577	0.7853981633974483	0.25	0
0.7609006433166543	0.7609006433166543	0.7853981633974483	0.25	0
0.7644746247319509	0.7644746247319509	0.7853981633974483	0.25	0
0.7680486061472476	0.7680486061472476	0.7853981633974483	0.25	0
0.7716225875625442	0.7716225875625442	0.7853981633974483	0.25	0
0.7751965689778408	0.7751965689778408	0.7853981633974483	0.25	0
0.7787705503931375	0.7787705503931375	0.7853981633974483	0.25	0
0.7823445318084341	0.7823445318084341	0.7853981633974483	0.25	0
0.7859185132237307	0.7859185132237307	0.7853981633974483	0.25	0
0.7894924946390274	0.7894924946390274	0.7853981633974483	0.25	0
0.793066476054324	0.793066476054324	0.7853981633974483	0.25	0
0.7966404574696206	0.7966404574696206	0.7853981633974483	0.25	0
0.8002144388849173	0.8002144388849173	0.7853981633974483	0.25	0
0.8037884203002139	0.8037884203002139	0.7853981633974483	0.25	0
0.8073624017155105	0.8073624017155105	0.7853981633974483	0.25	0
0.8109363831308072	0.8109363831308072	0.7853981633974483	0.25	0
0.8145103645461038	0.8145103645461038	0.7853981633974483	0.25	0
0.8180843459614004	0.8180843459614004	0.7853981633974483	0.25	0
0.8216583273766971	0.8216583273766971	0.7853981633974483	0.25	0
0.8252323087919937	0.8252323087919937	0.7853981633974483	0.25	0
0.8288062902072904	0.8288062902072904	0.7853981633974483	0.25	0
0.832380271622587	0.832380271622587	0.7853981633974483	0.25	0
0.8359542530378836	0.8359542530378836	0.7853981633974483	0.25	0
0.8395282344531803	0.8395282344531803	0.7853981633974483	0.25	0
0.8431022158684769	0.8431022158684769	0.7853981633974483	0.25	0
0.8466761972837735	0.8466761972837735	0.7853981633974483	0.25	0
0.8502501786990702	0.8502501786990702	0.7853981633974483	0.25	0
0.8538241601143668	0.8538241601143668	0.7853981633974483	0.25	0
0.8573981415296634	0.8573981415296634	0.7853981633974483	0.25	0
0.8609721229449601	0.8609721229449601	0.7853981633974483	0.25	0
0.8645461043602567	0.8645461043602567	0.7853981633974483	0.25	0
0.8681200857755533	0.8681200857755533	0.7853981633974483	0.25	0
0.87169406719085	0.87169406719085	0.7853981633974483	0.25	0
0.8752680486061466	0.8752680486061466	0.7853981633974483	0.25	0
0.8788420300214432	0.8788420300214432	0.7853981633974483	0.25	0
0.8824160114367399	0.8824160114367399	0.7853981633974483	0.25	0
0.8859899928520365	0.8859899928520365	0.7853981633974483	0.25	0
0.8895639742673331	0.8895639742673331	0.7853981633974483	0.25	0
0.8931379556826298	0.8931379556826298	0.7853981633974483	0.25	0
0.8967119370979264	0.8967119370979264	0.7853981633974483	0.25	0
0.900285918513223	0.900285918513223	0.7853981633974483	0.25	0
0.9038598999285197	0.9038598999285197	0.7853981633974483	0.25	0
0.9074338813438163	0.9074338813438163	0.7853981633974483	0.25	0
0.9110078627591129	0.9110078627591129	0.7853981633974483	0.25	0
0.9145818441744096	0.9145818441744096	0.7853981633974483	0.25	0
0.9181558255897062	0.9181558255897062	0.7853981633974483	0.25	0
0.9217298070050028	0.9217298070050028	0.7853981633974483	0.25	0
0.9253037884202995	0.9253037884202995	0.7853981633974483	0.25	0
0.9288777698355961	0.9288777698355961	0.7853981633974483	0.25	0
0.9324517512508927	0.9324517512508927	0.7853981633974483	0.25	0
0.9360257326661894	0.9360257326661894	0.7853981633974483	0.25	0
0.939599714081486	0.939599714081486	0.7853981633974483	0.25	0
0.9431736954967826	0.9431736954967826	0.7853981633974483	0.25	0
0.9467476769120793	0.9467476769120793	0.7853981633974483	0.25	0
0.9503216583273759	0.9503216583273759	0.7853981633974483	0.25	0
0.9538956397426726	0.9538956397426726	0.7853981633974483	0.25	0
0.9574696211579692	0.9574696211579692	0.7853981633974483	0.25	0
0.9610436025732658	0.9610436025732658	0.7853981633974483	0.25	0
0.9646175839885625	0.9646175839885625	0.7853981633974483	0.25	0
0.9681915654038591	0.9681915654038591	0.7853981633974483	0.25	0
0.9717655468191557	0.9717655468191557	0.7853981633974483	0.25	0
0.9753395282344524	0.9753395282344524	0.7853981633974483	0.25	0
0.978913509649749	0.978913509649749	0.7853981633974483	0.25	0
0.9824874910650456	0.9824874910650456	0.7853981633974483	0.25	0
0.9860614724803423	0.9860614724803423	0.7853981633974483	0.25	0
0.9896354538956389	0.9896354538956389	0.7853981633974483	0.25	0
0.9932094353109355	0.9932094353109355	0.7853981633974483	0.25	0
0.9967834167262322	0.9967834167262322	0.7853981633974483	0.25	0
1.0003573981415288	1.0003573981415288	0.7853981633974483	0.25	0
1.0039313795568254	1.0039313795568254	0.7853981633974483	0.25	0
1.007505360972122	1.007505360972122	0.7853981633974483	0.25	0
1.0110793423874187	1.0110793423874187	0.7853981633974483	0.25	0
1.0146533238027153	1.0146533238027153	0.7853981633974483	0.25	0
1.018227305218012	1.018227305218012	0.7853981633974483	0.25	0
1.0218012866333086	1.0218012866333086	0.7853981633974483	0.25	0
1.0253752680486052	1.0253752680486052	0.7853981633974483	0.25	0
1.0289492494639019	1.0289492494639019	0.7853981633974483	0.25	0
1.0325232308791985	1.0325232308791985	0.7853981633974483	0.25	0
1.0360972122944951	1.0360972122944951	0.7853981633974483	0.25	0
1.0396711937097918	1.0396711937097918	0.7853981633974483	0.25	0
1.0432451751250884	1.0432451751250884	0.7853981633974483	0.25	0
1.046819156540385	1.046819156540385	0.7853981633974483	0.25	0
1.0503931379556817	1.0503931379556817	0.7853981633974483	0.25	0
1.0539671193709783	1.0539671193709783	0.7853981633974483	0.25	0
1.057541100786275	1.057541100786275	0.7853981633974483	0.25	0
1.0611150822015716	1.0611150822015716	0.7853981633974483	0.25	0
1.0646890636168682	1.0646890636168682	0.7853981633974483	0.25	0
1.0682630450321648	1.0682630450321648	0.7853981633974483	0.25	0
1.0718370264474615	1.0718370264474615	0.7853981633974483	0.25	0
1.0754110078627581	1.0754110078627581	0.7853981633974483	0.25	0
1.0789849892780548	1.0789849892780548	0.7853981633974483	0.25	0
1.0825589706933514	1.0825589706933514	0.7853981633974483	0.25	0
1.086132952108648	1.086132952108648	0.7853981633974483	0.25	0
1.0897069335239447	1.0897069335239447	0.7853981633974483	0.25	0
1.0932809149392413	1.0932809149392413	0.7853981633974483	0.25	0
1.096854896354538	1.096854896354538	0.7853981633974483	0.25	0
1.1004288777698346	1.1004288777698346	0.7853981633974483	0.25	0
1.1040028591851312	1.1040028591851312	0.7853981633974483	0.25	0
1.1075768406004278	1.1075768406004278	0.7853981633974483	0.25	0
1.1111508220157245	1.1111508220157245	0.7853981633974483	0.25	0
1.114724803431021	1.114724803431021	0.7853981633974483	0.25	0
1.1182987848463177	1.1182987848463177	0.7853981633974483	0.25	0
1.1218727662616144	1.1218727662616144	0.7853981633974483	0.25	0
1.125446747676911	1.125446747676911	0.7853981633974483	0.25	0
1.1290207290922076	1.1290207290922076	0.7853981633974483	0.25	0
1.1325947105075043	1.1325947105075043	0.7853981633974483	0.25	0
1.136168691922801	1.136168691922801	0.7853981633974483	0.25	0
1.1397426733380975	1.1397426733380975	0.7853981633974483	0.25	0
1.1433166547533942	1.1433166547533942	0.7853981633974483	0.25	0
1.1468906361686908	1.1468906361686908	0.7853981633974483	0.25	0
1.1504646175839874	1.1504646175839874	0.7853981633974483	0.25	0
1.154038598999284	1.154038598999284	0.7853981633974483	0.25	0
1.1576125804145807	1.1576125804145807	0.7853981633974483	0.25	0
1.1611865618298773	1.1611865618298773	0.7853981633974483	0.25	0
1.164760543245174	1.164760543245174	0.7853981633974483	0.25	0
1.1683345246604706	1.1683345246604706	0.7853981633974483	0.25	0
1.1719085060757672	1.1719085060757672	0.7853981633974483	0.25	0
1.1754824874910639	1.1754824874910639	0.7853981633974483	0.25	0
1.1790564689063605	1.1790564689063605	0.7853981633974483	0.25	0
1.1826304503216571	1.1826304503216571	0.7853981633974483	0.25	0
1.1862044317369538	1.1862044317369538	0.7853981633974483	0.25	0
1.1897784131522504	1.1897784131522504	0.7853981633974483	0.25	0
1.193352394567547	1.193352394567547	0.7853981633974483	0.25	0
1.1969263759828437	1.1969263759828437	0.7853981633974483	0.25	0
1.2005003573981403	1.2005003573981403	0.7853981633974483	0.25	0
1.204074338813437	1.204074338813437	0.7853981633974483	0.25	0
1.2076483202287336	1.2076483202287336	0.7853981633974483	0.25	0
1.2112223016440302	1.2112223016440302	0.7853981633974483	0.25	0
1.2147962830593269	1.2147962830593269	0.7853981633974483	0.25	0
1.2183702644746235	1.2183702644746235	0.7853981633974483	0.25	0
1.2219442458899201	1.2219442458899201	0.7853981633974483	0.25	0
1.2255182273052168	1.2255182273052168	0.7853981633974483	0.25	0
1.2290922087205134	1.2290922087205134	0.7853981633974483	0.25	0
1.23266619013581	1.23266619013581	0.7853981633974483	0.25	0
1.2362401715511067	1.2362401715511067	0.7853981633974483	0.25	0
1.2398141529664033	1.2398141529664033	0.7853981633974483	0.25	0
1.2433881343817	1.2433881343817	0.7853981633974483	0.25	0
1.2469621157969966	1.2469621157969966	0.7853981633974483	0.25	0
1.2505360972122932	1.2505360972122932	0.7853981633974483	0.25	0
1.2541100786275898	1.2541100786275898	0.7853981633974483	0.25	0
1.2576840600428865	1.2576840600428865	0.7853981633974483	0.25	0
1.261258041458183	1.261258041458183	0.7853981633974483	0.25	0
1.2648320228734797	1.2648320228734797	0.7853981633974483	0.25	0
1.2684060042887764	1.2684060042887764	0.7853981633974483	0.25	0
1.271979985704073	1.271979985704073	0.7853981633974483	0.25	0
1.2755539671193696	1.2755539671193696	0.7853981633974483	0.25	0
1.2791279485346663	1.2791279485346663	0.7853981633974483	0.25	0
1.282701929949963	1.282701929949963	0.7853981633974483	0.25	0
1.2862759113652595	1.2862759113652595	0.7853981633974483	0.25	0
1.2898498927805562	1.2898498927805562	0.7853981633974483	0.25	0
1.2934238741958528	1.2934238741958528	0.7853981633974483	0.25	0
1.2969978556111494	1.2969978556111494	0.7853981633974483	0.25	0
1.300571837026446	1.300571837026446	0.7853981633974483	0.25	0
1.3041458184417427	1.3041458184417427	0.7853981633974483	0.25	0
1.3077197998570393	1.3077197998570393	0.7853981633974483	0.25	0
1.311293781272336	1.311293781272336	0.7853981633974483	0.25	0
1.3148677626876326	1.3148677626876326	0.7853981633974483	0.25	0
1.3184417441029292	1.3184417441029292	0.7853981633974483	0.25	0
1.3220157255182259	1.3220157255182259	0.7853981633974483	0.25	0
1.3255897069335225	1.3255897069335225	0.7853981633974483	0.25	0
1.3291636883488192	1.3291636883488192	0.7853981633974483	0.25	0
1.3327376697641158	1.3327376697641158	0.7853981633974483	0.25	0
1.3363116511794124	1.3363116511794124	0.7853981633974483	0.25	0
1.339885632594709	1.339885632594709	0.7853981633974483	0.25	0
1.3434596140100057	1.3434596140100057	0.7853981633974483	0.25	0
1.3470335954253023	1.3470335954253023	0.7853981633974483	0.25	0
1.350607576840599	1.350607576840599	0.7853981633974483	0.25	0
1.3541815582558956	1.3541815582558956	0.7853981633974483	0.25	0
1.3577555396711922	1.3577555396711922	0.7853981633974483	0.25	0
1.3613295210864889	1.3613295210864889	0.7853981633974483	0.25	0
1.3649035025017855	1.3649035025017855	0.7853981633974483	0.25	0
1.3684774839170821	1.3684774839170821	0.7853981633974483	0.25	0
1.3720514653323788	1.3720514653323788	0.7853981633974483	0.25	0
1.3756254467476754	1.3756254467476754	0.7853981633974483	0.25	0
1.379199428162972	1.379199428162972	0.7853981633974483	0.25	0
1.3827734095782687	1.3827734095782687	0.7853981633974483	0.25	0
1.3863473909935653	1.3863473909935653	0.7853981633974483	0.25	0
1.389921372408862	1.389921372408862	0.7853981633974483	0.25	0
1.3934953538241586	1.3934953538241586	0.7853981633974483	0.25	0
1.3970693352394552	1.3970693352394552	0.7853981633974483	0.25	0
1.4006433166547518	1.4006433166547518	0.7853981633974483	0.25	0
1.4042172980700485	1.4042172980700485	0.7853981633974483	0.25	0
1.407791279485345	1.407791279485345	0.7853981633974483	0.25	0
1.4113652609006417	1.4113652609006417	0.7853981633974483	0.25	0
1.4149392423159384	1.4149392423159384	0.7853981633974483	0.25	0
1.418513223731235	1.418513223731235	0.7853981633974483	0.25	0
1.4220872051465316	1.4220872051465316	0.7853981633974483	0.25	0
1.4256611865618283	1.4256611865618283	0.7853981633974483	0.25	0
1.429235167977125	1.429235167977125	0.7853981633974483	0.25	0
1.4328091493924215	1.4328091493924215	0.7853981633974483	0.25	0
1.4363831308077182	1.4363831308077182	0.7853981633974483	0.25	0
1.4399571122230148	1.4399571122230148	0.7853981633974483	0.25	0
1.4435310936383114	1.4435310936383114	0.7853981633974483	0.25	0
1.447105075053608	1.447105075053608	0.7853981633974483	0.25	0
1.4506790564689047	1.4506790564689047	0.7853981633974483	0.25	0
1.4542530378842013	1.4542530378842013	0.7853981633974483	0.25	0
1.457827019299498	1.457827019299498	0.7853981633974483	0.25	0
1.4614010007147946	1.4614010007147946	0.7853981633974483	0.25	0
1.4649749821300913	1.4649749821300913	0.7853981633974483	0.25	0
1.4685489635453879	1.4685489635453879	0.7853981633974483	0.25	0
1.4721229449606845	1.4721229449606845	0.7853981633974483	0.25	0
1.4756969263759812	1.4756969263759812	0.7853981633974483	0.25	0
1.4792709077912778	1.4792709077912778	0.7853981633974483	0.25	0
1.4828448892065744	1.4828448892065744	0.7853981633974483	0.25	0
1.486418870621871	1.486418870621871	0.7853981633974483	0.25	0
1.4899928520371677	1.4899928520371677	0.7853981633974483	0.25	0
1.4935668334524643	1.4935668334524643	0.7853981633974483	0.25	0
1.497140814867761	1.497140814867761	0.7853981633974483	0.25	0
1.5007147962830576	1.5007147962830576	0.7853981633974483	0.25	0
1.5042887776983542	1.5042887776983542	0.7853981633974483	0.25	0
1.5078627591136509	1.5078627591136509	0.7853981633974483	0.25	0
1.5114367405289475	1.5114367405289475	0.7853981633974483	0.25	0
1.5150107219442441	1.5150107219442441	0.7853981633974483	0.25	0
1.5185847033595408	1.5185847033595408	0.7853981633974483	0.25	0
1.5221586847748374	1.5221586847748374	0.7853981633974483	0.25	0
1.525732666190134	1.525732666190134	0.7853981633974483	0.25	0
1.5293066476054307	1.5293066476054307	0.7853981633974483	0.25	0
1.5328806290207273	1.5328806290207273	0.7853981633974483	0.25	0
1.536454610436024	1.536454610436024	0.7853981633974483	0.25	0
1.5400285918513206	1.5400285918513206	0.7853981633974483	0.25	0
1.5436025732666172	1.5436025732666172	0.7853981633974483	0.25	0
1.5471765546819138	1.5471765546819138	0.7853981633974483	0.25	0
1.5507505360972105	1.5507505360972105	0.7853981633974483	0.25	0
1.554324517512507	1.554324517512507	0.7853981633974483	0.25	0
1.5578984989278037	1.5578984989278037	0.7853981633974483	0.25	0
1.5614724803431004	1.5614724803431004	0.7853981633974483	0.25	0
1.565046461758397	1.565046461758397	0.7853981633974483	0.25	0
1.5686204431736936	1.5686204431736936	0.7853981633974483	0.25	0
1.5721944245889903	1.5721944245889903	0.7853981633974483	0.25	0
1.575768406004287	1.575768406004287	0.7853981633974483	0.25	0
1.5793423874195835	1.5793423874195835	0.7853981633974483	0.25	0
1.5829163688348802	1.5829163688348802	0.7853981633974483	0.25	0
1.5864903502501768	1.5864903502501768	0.7853981633974483	0.25	0
1.5900643316654735	1.5900643316654735	0.7853981633974483	0.25	0
1.59363831308077	1.59363831308077	0.7853981633974483	0.25	0
1.5972122944960667	1.5972122944960667	0.7853981633974483	0.25	0
1.6007862759113634	1.6007862759113634	0.7853981633974483	0.25	0
1.60436025732666	1.60436025732666	0.7853981633974483	0.25	0
1.6079342387419566	1.6079342387419566	0.7853981633974483	0.25	0
1.6115082201572533	1.6115082201572533	0.7853981633974483	0.25	0
1.61508220157255	1.61508220157255	0.7853981633974483	0.25	0
1.6186561829878465	1.6186561829878465	0.7853981633974483	0.25	0
1.6222301644031432	1.6222301644031432	0.7853981633974483	0.25	0
1.6258041458184398	1.6258041458184398	0.7853981633974483	0.25	0
1.6293781272337364	1.6293781272337364	0.7853981633974483	0.25	0
1.632952108649033	1.632952108649033	0.7853981633974483	0.25	0
1.6365260900643297	1.6365260900643297	0.7853981633974483	0.25	0
1.6401000714796263	1.6401000714796263	0.7853981633974483	0.25	0
1.643674052894923	1.643674052894923	0.7853981633974483	0.25	0
1.6472480343102196	1.6472480343102196	0.7853981633974483	0.25	0
1.6508220157255162	1.6508220157255162	0.7853981633974483	0.25	0
1.6543959971408129	1.6543959971408129	0.7853981633974483	0.25	0
1.6579699785561095	1.6579699785561095	0.7853981633974483	0.25	0
1.6615439599714061	1.6615439599714061	0.7853981633974483	0.25	0
1.6651179413867028	1.6651179413867028	0.7853981633974483	0.25	0
1.6686919228019994	1.6686919228019994	0.7853981633974483	0.25	0
1.672265904217296	1.672265904217296	0.7853981633974483	0.25	0
1.6758398856325927	1.6758398856325927	0.7853981633974483	0.25	0
1.6794138670478893	1.6794138670478893	0.7853981633974483	0.25	0
1.682987848463186	1.682987848463186	0.7853981633974483	0.25	0
1.6865618298784826	1.6865618298784826	0.7853981633974483	0.25	0
1.6901358112937792	1.6901358112937792	0.7853981633974483	0.25	0
1.6937097927090758	1.6937097927090758	0.7853981633974483	0.25	0
1.6972837741243725	1.6972837741243725	0.7853981633974483	0.25	0
1.7008577555396691	1.7008577555396691	0.7853981633974483	0.25	0
1.7044317369549657	1.7044317369549657	0.7853981633974483	0.25	0
1.7080057183702624	1.7080057183702624	0.7853981633974483	0.25	0
1.711579699785559	1.711579699785559	0.7853981633974483	0.25	0
1.7151536812008557	1.7151536812008557	0.7853981633974483	0.25	0
1.7187276626161523	1.7187276626161523	0.7853981633974483	0.25	0
1.722301644031449	1.722301644031449	0.7853981633974483	0.25	0
1.7258756254467456	1.7258756254467456	0.7853981633974483	0.25	0
1.7294496068620422	1.7294496068620422	0.7853981633974483	0.25	0
1.7330235882773388	1.7330235882773388	0.7853981633974483	0.25	0
1.7365975696926355	1.7365975696926355	0.7853981633974483	0.25	0
1.740171551107932	1.740171551107932	0.7853981633974483	0.25	0
1.7437455325232287	1.7437455325232287	0.7853981633974483	0.25	0
1.7473195139385254	1.7473195139385254	0.7853981633974483	0.25	0
1.750893495353822	1.750893495353822	0.7853981633974483	0.25	0
1.7544674767691186	1.7544674767691186	0.7853981633974483	0.25	0
1.7580414581844153	1.7580414581844153	0.7853981633974483	0.25	0
1.761615439599712	1.761615439599712	0.7853981633974483	0.25	0
1.7651894210150085	1.7651894210150085	0.7853981633974483	0.25	0
1.7687634024303052	1.7687634024303052	0.7853981633974483	0.25	0
1.7723373838456018	1.7723373838456018	0.7853981633974483	0.25	0
1.7759113652608984	1.7759113652608984	0.7853981633974483	0.25	0
1.779485346676195	1.779485346676195	0.7853981633974483	0.25	0
1.7830593280914917	1.7830593280914917	0.7853981633974483	0.25	0
1.7866333095067883	1.7866333095067883	0.7853981633974483	0.25	0
1.790207290922085	1.790207290922085	0.7853981633974483	0.25	0
1.7937812723373816	1.7937812723373816	0.7853981633974483	0.25	0
1.7973552537526782	1.7973552537526782	0.7853981633974483	0.25	0
1.8009292351679749	1.8009292351679749	0.7853981633974483	0.25	0
1.8045032165832715	1.8045032165832715	0.7853981633974483	0.25	0
1.8080771979985681	1.8080771979985681	0.7853981633974483	0.25	0
1.8116511794138648	1.8116511794138648	0.7853981633974483	0.25	0
1.8152251608291614	1.8152251608291614	0.7853981633974483	0.25	0
1.818799142244458	1.818799142244458	0.7853981633974483	0.25	0
1.8223731236597547	1.8223731236597547	0.7853981633974483	0.25	0
1.8259471050750513	1.8259471050750513	0.7853981633974483	0.25	0
1.829521086490348	1.829521086490348	0.7853981633974483	0.25	0
1.8330950679056446	1.8330950679056446	0.7853981633974483	0.25	0
1.8366690493209412	1.8366690493209412	0.7853981633974483	0.25	0
1.8402430307362379	1.8402430307362379	0.7853981633974483	0.25	0
1.8438170121515345	1.8438170121515345	0.7853981633974483	0.25	0
1.8473909935668311	1.8473909935668311	0.7853981633974483	0.25	0
1.8509649749821278	1.8509649749821278	0.7853981633974483	0.25	0
1.8545389563974244	1.8545389563974244	0.7853981633974483	0.25	0
1.858112937812721	1.858112937812721	0.7853981633974483	0.25	0
1.8616869192280177	1.8616869192280177	0.7853981633974483	0.25	0
1.8652609006433143	1.8652609006433143	0.7853981633974483	0.25	0
1.868834882058611	1.868834882058611	0.7853981633974483	0.25	0
1.8724088634739076	1.8724088634739076	0.7853981633974483	0.25	0
1.8759828448892042	1.8759828448892042	0.7853981633974483	0.25	0
1.8795568263045008	1.8795568263045008	0.7853981633974483	0.25	0
1.8831308077197975	1.8831308077197975	0.7853981633974483	0.25	0
1.886704789135094	1.886704789135094	0.7853981633974483	0.25	0
1.8902787705503907	1.8902787705503907	0.7853981633974483	0.25	0
1.8938527519656874	1.8938527519656874	0.7853981633974483	0.25	0
1.897426733380984	1.897426733380984	0.7853981633974483	0.25	0
1.9010007147962806	1.9010007147962806	0.7853981633974483	0.25	0
1.9045746962115773	1.9045746962115773	0.7853981633974483	0.25	0
1.908148677626874	1.908148677626874	0.7853981633974483	0.25	0
1.9117226590421705	1.9117226590421705	0.7853981633974483	0.25	0
1.9152966404574672	1.9152966404574672	0.7853981633974483	0.25	0
1.9188706218727638	1.9188706218727638	0.7853981633974483	0.25	0
1.9224446032880604	1.9224446032880604	0.7853981633974483	0.25	0
1.926018584703357	1.926018584703357	0.7853981633974483	0.25	0
1.9295925661186537	1.9295925661186537	0.7853981633974483	0.25	0
1.9331665475339503	1.9331665475339503	0.7853981633974483	0.25	0
1.936740528949247	1.936740528949247	0.7853981633974483	0.25	0
1.9403145103645436	1.9403145103645436	0.7853981633974483	0.25	0
1.9438884917798402	1.9438884917798402	0.7853981633974483	0.25	0
1.9474624731951369	1.9474624731951369	0.7853981633974483	0.25	0
1.9510364546104335	1.9510364546104335	0.7853981633974483	0.25	0
1.9546104360257301	1.9546104360257301	0.7853981633974483	0.25	0
1.9581844174410268	1.9581844174410268	0.7853981633974483	0.25	0
1.9617583988563234	1.9617583988563234	0.7853981633974483	0.25	0
1.96533238027162	1.96533238027162	0.7853981633974483	0.25	0
1.9689063616869167	1.9689063616869167	0.7853981633974483	0.25	0
1.9724803431022133	1.9724803431022133	0.7853981633974483	0.25	0
1.97605432451751	1.97605432451751	0.7853981633974483	0.25	0
1.9796283059328066	1.9796283059328066	0.7853981633974483	0.25	0
1.9832022873481032	1.9832022873481032	0.7853981633974483	0.25	0
1.9867762687633999	1.9867762687633999	0.7853981633974483	0.25	0
1.9903502501786965	1.9903502501786965	0.7853981633974483	0.25	0
1.9939242315939931	1.9939242315939931	0.7853981633974483	0.25	0
1.9974982130092898	1.9974982130092898	0.7853981633974483	0.25	0
2.0010721944245864	2.0010721944245864	0.7853981633974483	0.25	0
2.0046461758398832	2.0046461758398832	0.7853981633974483	0.25	0
2.00822015725518	2.00822015725518	0.7853981633974483	0.25	0
2.011794138670477	2.011794138670477	0.7853981633974483	0.25	0
2.015368120085774	2.015368120085774	0.7853981633974483	0.25	0
2.0189421015010707	2.0189421015010707	0.7853981633974483	0.25	0
2.0225160829163675	2.0225160829163675	0.7853981633974483	0.25	0
2.0260900643316644	2.0260900643316644	0.7853981633974483	0.25	0
2.0296640457469612	2.0296640457469612	0.7853981633974483	0.25	0
2.033238027162258	2.033238027162258	0.7853981633974483	0.25	0
2.036812008577555	2.036812008577555	0.7853981633974483	0.25	0
2.040385989992852	2.040385989992852	0.7853981633974483	0.25	0
2.0439599714081487	2.0439599714081487	0.7853981633974483	0.25	0
2.0475339528234455	2.0475339528234455	0.7853981633974483	0.25	0
2.0511079342387424	2.0511079342387424	0.7853981633974483	0.25	0
2.0546819156540392	2.0546819156540392	0.7853981633974483	0.25	0
2.058255897069336	2.058255897069336	0.7853981633974483	0.25	0
2.061829878484633	2.061829878484633	0.7853981633974483	0.25	0
2.06540385989993	2.06540385989993	0.7853981633974483	0.25	0
2.0689778413152267	2.0689778413152267	0.7853981633974483	0.25	0
2.0725518227305235	2.0725518227305235	0.7853981633974483	0.25	0
2.0761258041458204	2.0761258041458204	0.7853981633974483	0.25	0
2.0796997855611172	2.0796997855611172	0.7853981633974483	0.25	0
2.083273766976414	2.083273766976414	0.7853981633974483	0.25	0
2.086847748391711	2.086847748391711	0.7853981633974483	0.25	0
2.090421729807008	2.090421729807008	0.7853981633974483	0.25	0
2.0939957112223047	2.0939957112223047	0.7853981633974483	0.25	0
2.0975696926376015	2.0975696926376015	0.7853981633974483	0.25	0
2.1011436740528984	2.1011436740528984	0.7853981633974483	0.25	0
2.1047176554681952	2.1047176554681952	0.7853981633974483	0.25	0
2.108291636883492	2.108291636883492	0.7853981633974483	0.25	0
2.111865618298789	2.111865618298789	0.7853981633974483	0.25	0
2.115439599714086	2.115439599714086	0.7853981633974483	0.25	0
2.1190135811293827	2.1190135811293827	0.7853981633974483	0.25	0
2.1225875625446795	2.1225875625446795	0.7853981633974483	0.25	0
2.1261615439599764	2.1261615439599764	0.7853981633974483	0.25	0
2.129735525375273	2.129735525375273	0.7853981633974483	0.25	0
2.13330950679057	2.13330950679057	0.7853981633974483	0.25	0
2.136883488205867	2.136883488205867	0.7853981633974483	0.25	0
2.140457469621164	2.140457469621164	0.7853981633974483	0.25	0
2.1440314510364606	2.1440314510364606	0.7853981633974483	0.25	0
2.1476054324517575	2.1476054324517575	0.7853981633974483	0.25	0
2.1511794138670544	2.1511794138670544	0.7853981633974483	0.25	0
2.154753395282351	2.154753395282351	0.7853981633974483	0.25	0
2.158327376697648	2.158327376697648	0.7853981633974483	0.25	0
2.161901358112945	2.161901358112945	0.7853981633974483	0.25	0
2.165475339528242	2.165475339528242	0.7853981633974483	0.25	0
2.1690493209435386	2.1690493209435386	0.7853981633974483	0.25	0
2.1726233023588355	2.1726233023588355	0.7853981633974483	0.25	0
2.1761972837741324	2.1761972837741324	0.7853981633974483	0.25	0
2.179771265189429	2.179771265189429	0.7853981633974483	0.25	0
2.183345246604726	2.183345246604726	0.7853981633974483	0.25	0
2.186919228020023	2.186919228020023	0.7853981633974483	0.25	0
2.1904932094353198	2.1904932094353198	0.7853981633974483	0.25	0
2.1940671908506166	2.1940671908506166	0.7853981633974483	0.25	0
2.1976411722659135	2.1976411722659135	0.7853981633974483	0.25	0
2.2012151536812103	2.2012151536812103	0.7853981633974483	0.25	0
2.204789135096507	2.204789135096507	0.7853981633974483	0.25	0
2.208363116511804	2.208363116511804	0.7853981633974483	0.25	0
2.211937097927101	2.211937097927101	0.7853981633974483	0.25	0
2.2155110793423978	2.2155110793423978	0.7853981633974483	0.25	0
2.2190850607576946	2.2190850607576946	0.7853981633974483	0.25	0
2.2226590421729915	2.2226590421729915	0.7853981633974483	0.25	0
2.2262330235882883	2.2262330235882883	0.7853981633974483	0.25	0
2.229807005003585	2.229807005003585	0.7853981633974483	0.25	0
2.233380986418882	2.233380986418882	0.7853981633974483	0.25	0
2.236954967834179	2.236954967834179	0.7853981633974483	0.25	0
2.2405289492494758	2.2405289492494758	0.7853981633974483	0.25	0
2.2441029306647726	2.2441029306647726	0.7853981633974483	0.25	0
2.2476769120800695	2.2476769120800695	0.7853981633974483	0.25	0
2.2512508934953663	2.2512508934953663	0.7853981633974483	0.25	0
2.254824874910663	2.254824874910663	0.7853981633974483	0.25	0
2.25839885632596	2.25839885632596	0.7853981633974483	0.25	0
2.261972837741257	2.261972837741257	0.7853981633974483	0.25	0
2.2655468191565538	2.2655468191565538	0.7853981633974483	0.25	0
2.2691208005718506	2.2691208005718506	0.7853981633974483	0.25	0
2.2726947819871475	2.2726947819871475	0.7853981633974483	0.25	0
2.2762687634024443	2.2762687634024443	0.7853981633974483	0.25	0
2.279842744817741	2.279842744817741	0.7853981633974483	0.25	0
2.283416726233038	2.283416726233038	0.7853981633974483	0.25	0
2.286990707648335	2.286990707648335	0.7853981633974483	0.25	0
2.2905646890636318	2.2905646890636318	0.7853981633974483	0.25	0
2.2941386704789286	2.2941386704789286	0.7853981633974483	0.25	0
2.2977126518942255	2.2977126518942255	0.7853981633974483	0.25	0
2.3012866333095223	2.3012866333095223	0.7853981633974483	0.25	0
2.304860614724819	2.304860614724819	0.7853981633974483	0.25	0
2.308434596140116	2.308434596140116	0.7853981633974483	0.25	0
2.312008577555413	2.312008577555413	0.7853981633974483	0.25	0
2.3155825589707097	2.3155825589707097	0.7853981633974483	0.25	0
2.3191565403860066	2.3191565403860066	0.7853981633974483	0.25	0
2.3227305218013035	2.3227305218013035	0.7853981633974483	0.25	0
2.3263045032166003	2.3263045032166003	0.7853981633974483	0.25	0
2.329878484631897	2.329878484631897	0.7853981633974483	0.25	0
2.333452466047194	2.333452466047194	0.7853981633974483	0.25	0
2.337026447462491	2.337026447462491	0.7853981633974483	0.25	0
2.3406004288777877	2.3406004288777877	0.7853981633974483	0.25	0
2.3441744102930846	2.3441744102930846	0.7853981633974483	0.25	0
2.3477483917083815	2.3477483917083815	0.7853981633974483	0.25	0
2.3513223731236783	2.3513223731236783	0.7853981633974483	0.25	0
2.354896354538975	2.354896354538975	0.7853981633974483	0.25	0
2.358470335954272	2.358470335954272	0.7853981633974483	0.25	0
2.362044317369569	2.362044317369569	0.7853981633974483	0.25	0
2.3656182987848657	2.3656182987848657	0.7853981633974483	0.25	0
2.3691922802001626	2.3691922802001626	0.7853981633974483	0.25	0
2.3727662616154594	2.3727662616154594	0.7853981633974483	0.25	0
2.3763402430307563	2.3763402430307563	0.7853981633974483	0.25	0
2.379914224446053	2.379914224446053	0.7853981633974483	0.25	0
2.38348820586135	2.38348820586135	0.7853981633974483	0.25	0
2.387062187276647	2.387062187276647	0.7853981633974483	0.25	0
2.3906361686919437	2.3906361686919437	0.7853981633974483	0.25	0
2.3942101501072406	2.3942101501072406	0.7853981633974483	0.25	0
2.3977841315225374	2.3977841315225374	0.7853981633974483	0.25	0
2.4013581129378343	2.4013581129378343	0.7853981633974483	0.25	0
2.404932094353131	2.404932094353131	0.7853981633974483	0.25	0
2.408506075768428	2.408506075768428	0.7853981633974483	0.25	0
2.412080057183725	2.412080057183725	0.7853981633974483	0.25	0
2.4156540385990217	2.4156540385990217	0.7853981633974483	0.25	0
2.4192280200143186	2.4192280200143186	0.7853981633974483	0.25	0
2.4228020014296154	2.4228020014296154	0.7853981633974483	0.25	0
2.4263759828449123	2.4263759828449123	0.7853981633974483	0.25	0
2.429949964260209	2.429949964260209	0.7853981633974483	0.25	0
2.433523945675506	2.433523945675506	0.7853981633974483	0.25	0
2.437097927090803	2.437097927090803	0.7853981633974483	0.25	0
2.4406719085060997	2.4406719085060997	0.7853981633974483	0.25	0
2.4442458899213966	2.4442458899213966	0.7853981633974483	0.25	0
2.4478198713366934	2.4478198713366934	0.7853981633974483	0.25	0
2.4513938527519903	2.4513938527519903	0.7853981633974483	0.25	0
2.454967834167287	2.454967834167287	0.7853981633974483	0.25	0
2.458541815582584	2.458541815582584	0.7853981633974483	0.25	0
2.462115796997881	2.462115796997881	0.7853981633974483	0.25	0
2.4656897784131777	2.4656897784131777	0.7853981633974483	0.25	0
2.4692637598284746	2.4692637598284746	0.7853981633974483	0.25	0
2.4728377412437714	2.4728377412437714	0.7853981633974483	0.25	0
2.4764117226590683	2.4764117226590683	0.7853981633974483	0.25	0
2.479985704074365	2.479985704074365	0.7853981633974483	0.25	0
2.483559685489662	2.483559685489662	0.7853981633974483	0.25	0
2.487133666904959	2.487133666904959	0.7853981633974483	0.25	0
2.4907076483202557	2.4907076483202557	0.7853981633974483	0.25	0
2.4942816297355526	2.4942816297355526	0.7853981633974483	0.25	0
2.4978556111508494	2.4978556111508494	0.7853981633974483	0.25	0
2.5014295925661463	2.5014295925661463	0.7853981633974483	0.25	0
2.505003573981443	2.505003573981443	0.7853981633974483	0.25	0
2.50857755539674	2.50857755539674	0.7853981633974483	0.25	0
2.512151536812037	2.512151536812037	0.7853981633974483	0.25	0
2.5157255182273337	2.5157255182273337	0.7853981633974483	0.25	0
2.5192994996426306	2.5192994996426306	0.7853981633974483	0.25	0
2.5228734810579274	2.5228734810579274	0.7853981633974483	0.25	0
2.5264474624732243	2.5264474624732243	0.7853981633974483	0.25	0
2.530021443888521	2.530021443888521	0.7853981633974483	0.25	0
2.533595425303818	2.533595425303818	0.7853981633974483	0.25	0
2.537169406719115	2.537169406719115	0.7853981633974483	0.25	0
2.5407433881344117	2.5407433881344117	0.7853981633974483	0.25	0
2.5443173695497086	2.5443173695497086	0.7853981633974483	0.25	0
2.5478913509650054	2.5478913509650054	0.7853981633974483	0.25	0
2.5514653323803023	2.5514653323803023	0.7853981633974483	0.25	0
2.555039313795599	2.555039313795599	0.7853981633974483	0.25	0
2.558613295210896	2.558613295210896	0.7853981633974483	0.25	0
2.562187276626193	2.562187276626193	0.7853981633974483	0.25	0
2.5657612580414897	2.5657612580414897	0.7853981633974483	0.25	0
2.5693352394567865	2.5693352394567865	0.7853981633974483	0.25	0
2.5729092208720834	2.5729092208720834	0.7853981633974483	0.25	0
2.5764832022873803	2.5764832022873803	0.7853981633974483	0.25	0
2.580057183702677	2.580057183702677	0.7853981633974483	0.25	0
2.583631165117974	2.583631165117974	0.7853981633974483	0.25	0
2.587205146533271	2.587205146533271	0.7853981633974483	0.25	0
2.5907791279485677	2.5907791279485677	0.7853981633974483	0.25	0
2.5943531093638645	2.5943531093638645	0.7853981633974483	0.25	0
2.5979270907791614	2.5979270907791614	0.7853981633974483	0.25	0
2.6015010721944583	2.6015010721944583	0.7853981633974483	0.25	0
2.605075053609755	2.605075053609755	0.7853981633974483	0.25	0
2.608649035025052	2.608649035025052	0.7853981633974483	0.25	0
2.612223016440349	2.612223016440349	0.7853981633974483	0.25	0
2.6157969978556457	2.6157969978556457	0.7853981633974483	0.25	0
2.6193709792709425	2.6193709792709425	0.7853981633974483	0.25	0
2.6229449606862394	2.6229449606862394	0.7853981633974483	0.25	0
2.6265189421015362	2.6265189421015362	0.7853981633974483	0.25	0
2.630092923516833	2.630092923516833	0.7853981633974483	0.25	0
2.63366690493213	2.63366690493213	0.7853981633974483	0.25	0
2.637240886347427	2.637240886347427	0.7853981633974483	0.25	0
2.6408148677627237	2.6408148677627237	0.7853981633974483	0.25	0
2.6443888491780205	2.6443888491780205	0.7853981633974483	0.25	0
2.6479628305933174	2.6479628305933174	0.7853981633974483	0.25	0
2.6515368120086142	2.6515368120086142	0.7853981633974483	0.25	0
2.655110793423911	2.655110793423911	0.7853981633974483	0.25	0
2.658684774839208	2.658684774839208	0.7853981633974483	0.25	0
2.662258756254505	2.662258756254505	0.7853981633974483	0.25	0
2.6658327376698017	2.6658327376698017	0.7853981633974483	0.25	0
2.6694067190850985	2.6694067190850985	0.7853981633974483	0.25	0
2.6729807005003954	2.6729807005003954	0.7853981633974483	0.25	0
2.6765546819156922	2.6765546819156922	0.7853981633974483	0.25	0
2.680128663330989	2.680128663330989	0.7853981633974483	0.25	0
2.683702644746286	2.683702644746286	0.7853981633974483	0.25	0
2.687276626161583	2.687276626161583	0.7853981633974483	0.25	0
2.6908506075768797	2.6908506075768797	0.7853981633974483	0.25	0
2.6944245889921765	2.6944245889921765	0.7853981633974483	0.25	0
2.6979985704074734	2.6979985704074734	0.7853981633974483	0.25	0
2.7015725518227702	2.7015725518227702	0.7853981633974483	0.25	0
2.705146533238067	2.705146533238067	0.7853981633974483	0.25	0
2.708720514653364	2.708720514653364	0.7853981633974483	0.25	0
2.712294496068661	2.712294496068661	0.7853981633974483	0.25	0
2.7158684774839577	2.7158684774839577	0.7853981633974483	0.25	0
2.7194424588992545	2.7194424588992545	0.7853981633974483	0.25	0
2.7230164403145514	2.7230164403145514	0.7853981633974483	0.25	0
2.7265904217298482	2.7265904217298482	0.7853981633974483	0.25	0
2.730164403145145	2.730164403145145	0.7853981633974483	0.25	0
2.733738384560442	2.733738384560442	0.7853981633974483	0.25	0
2.737312365975739	2.737312365975739	0.7853981633974483	0.25	0
2.7408863473910356	2.7408863473910356	0.7853981633974483	0.25	0
2.7444603288063325	2.7444603288063325	0.7853981633974483	0.25	0
2.7480343102216294	2.7480343102216294	0.7853981633974483	0.25	0
2.751608291636926	2.751608291636926	0.7853981633974483	0.25	0
2.755182273052223	2.755182273052223	0.7853981633974483	0.25	0
2.75875625446752	2.75875625446752	0.7853981633974483	0.25	0
2.762330235882817	2.762330235882817	0.7853981633974483	0.25	0
2.7659042172981136	2.7659042172981136	0.7853981633974483	0.25	0
2.7694781987134105	2.7694781987134105	0.7853981633974483	0.25	0
2.7730521801287074	2.7730521801287074	0.7853981633974483	0.25	0
2.776626161544004	2.776626161544004	0.7853981633974483	0.25	0
2.780200142959301	2.780200142959301	0.7853981633974483	0.25	0
2.783774124374598	2.783774124374598	0.7853981633974483	0.25	0
2.787348105789895	2.787348105789895	0.7853981633974483	0.25	0
2.7909220872051916	2.7909220872051916	0.7853981633974483	0.25	0
2.7944960686204885	2.7944960686204885	0.7853981633974483	0.25	0
2.7980700500357853	2.7980700500357853	0.7853981633974483	0.25	0
2.801644031451082	2.801644031451082	0.7853981633974483	0.25	0
2.805218012866379	2.805218012866379	0.7853981633974483	0.25	0
2.808791994281676	2.808791994281676	0.7853981633974483	0.25	0
2.8123659756969728	2.8123659756969728	0.7853981633974483	0.25	0
2.8159399571122696	2.8159399571122696	0.7853981633974483	0.25	0
2.8195139385275665	2.8195139385275665	0.7853981633974483	0.25	0
2.8230879199428633	2.8230879199428633	0.7853981633974483	0.25	0
2.82666190135816	2.82666190135816	0.7853981633974483	0.25	0
2.830235882773457	2.830235882773457	0.7853981633974483	0.25	0
2.833809864188754	2.833809864188754	0.7853981633974483	0.25	0
2.8373838456040508	2.8373838456040508	0.7853981633974483	0.25	0
2.8409578270193476	2.8409578270193476	0.7853981633974483	0.25	0
2.8445318084346445	2.8445318084346445	0.7853981633974483	0.25	0
2.8481057898499413	2.8481057898499413	0.7853981633974483	0.25	0
2.851679771265238	2.851679771265238	0.7853981633974483	0.25	0
2.855253752680535	2.855253752680535	0.7853981633974483	0.25	0
2.858827734095832	2.858827734095832	0.7853981633974483	0.25	0
2.8624017155111288	2.8624017155111288	0.7853981633974483	0.25	0
2.8659756969264256	2.8659756969264256	0.7853981633974483	0.25	0
2.8695496783417225	2.8695496783417225	0.7853981633974483	0.25	0
2.8731236597570193	2.8731236597570193	0.7853981633974483	0.25	0
2.876697641172316	2.876697641172316	0.7853981633974483	0.25	0
2.880271622587613	2.880271622587613	0.7853981633974483	0.25	0
2.88384560400291	2.88384560400291	0.7853981633974483	0.25	0
2.8874195854182068	2.8874195854182068	0.7853981633974483	0.25	0
2.8909935668335036	2.8909935668335036	0.7853981633974483	0.25	0
2.8945675482488005	2.8945675482488005	0.7853981633974483	0.25	0
2.8981415296640973	2.8981415296640973	0.7853981633974483	0.25	0
2.901715511079394	2.901715511079394	0.7853981633974483	0.25	0
2.905289492494691	2.905289492494691	0.7853981633974483	0.25	0
2.908863473909988	2.908863473909988	0.7853981633974483	0.25	0
2.9124374553252848	2.9124374553252848	0.7853981633974483	0.25	0
2.9160114367405816	2.9160114367405816	0.7853981633974483	0.25	0
2.9195854181558785	2.9195854181558785	0.7853981633974483	0.25	0
2.9231593995711753	2.9231593995711753	0.7853981633974483	0.25	0
2.926733380986472	2.926733380986472	0.7853981633974483	0.25	0
2.930307362401769	2.930307362401769	0.7853981633974483	0.25	0
2.933881343817066	2.933881343817066	0.7853981633974483	0.25	0
2.9374553252323627	2.9374553252323627	0.7853981633974483	0.25	0
2.9410293066476596	2.9410293066476596	0.7853981633974483	0.25	0
2.9446032880629565	2.9446032880629565	0.7853981633974483	0.25	0
2.9481772694782533	2.9481772694782533	0.7853981633974483	0.25	0
2.95175125089355	2.95175125089355	0.7853981633974483	0.25	0
2.955325232308847	2.955325232308847	0.7853981633974483	0.25	0
2.958899213724144	2.958899213724144	0.7853981633974483	0.25	0
2.9624731951394407	2.9624731951394407	0.7853981633974483	0.25	0
2.9660471765547376	2.9660471765547376	0.7853981633974483	0.25	0
2.9696211579700345	2.9696211579700345	0.7853981633974483	0.25	0
2.9731951393853313	2.9731951393853313	0.7853981633974483	0.25	0
2.976769120800628	2.976769120800628	0.7853981633974483	0.25	0
2.980343102215925	2.980343102215925	0.7853981633974483	0.25	0
2.983917083631222	2.983917083631222	0.7853981633974483	0.25	0
2.9874910650465187	2.9874910650465187	0.7853981633974483	0.25	0
2.9910650464618156	2.9910650464618156	0.7853981633974483	0.25	0
2.9946390278771124	2.9946390278771124	0.7853981633974483	0.25	0
2.9982130092924093	2.9982130092924093	0.7853981633974483	0.25	0
3.001786990707706	3.001786990707706	0.7853981633974483	0.25	0
3.005360972123003	3.005360972123003	0.7853981633974483	0.25	0
3.0089349535383	3.0089349535383	0.7853981633974483	0.25	0
3.0125089349535967	3.0125089349535967	0.7853981633974483	0.25	0
3.0160829163688936	3.0160829163688936	0.7853981633974483	0.25	0
3.0196568977841904	3.0196568977841904	0.7853981633974483	0.25	0
3.0232308791994873	3.0232308791994873	0.7853981633974483	0.25	0
3.026804860614784	3.026804860614784	0.7853981633974483	0.25	0
3.030378842030081	3.030378842030081	0.7853981633974483	0.25	0
3.033952823445378	3.033952823445378	0.7853981633974483	0.25	0
3.0375268048606747	3.0375268048606747	0.7853981633974483	0.25	0
3.0411007862759716	3.0411007862759716	0.7853981633974483	0.25	0
3.0446747676912684	3.0446747676912684	0.7853981633974483	0.25	0
3.0482487491065653	3.0482487491065653	0.7853981633974483	0.25	0
3.051822730521862	3.051822730521862	0.7853981633974483	0.25	0
3.055396711937159	3.055396711937159	0.7853981633974483	0.25	0
3.058970693352456	3.058970693352456	0.7853981633974483	0.25	0
3.0625446747677527	3.0625446747677527	0.7853981633974483	0.25	0
3.0661186561830496	3.0661186561830496	0.7853981633974483	0.25	0
3.0696926375983464	3.0696926375983464	0.7853981633974483	0.25	0
3.0732666190136433	3.0732666190136433	0.7853981633974483	0.25	0
3.07684060042894	3.07684060042894	0.7853981633974483	0.25	0
3.080414581844237	3.080414581844237	0.7853981633974483	0.25	0
3.083988563259534	3.083988563259534	0.7853981633974483	0.25	0
3.0875625446748307	3.0875625446748307	0.7853981633974483	0.25	0
3.0911365260901276	3.0911365260901276	0.7853981633974483	0.25	0
3.0947105075054244	3.0947105075054244	0.7853981633974483	0.25	0
3.0982844889207213	3.0982844889207213	0.7853981633974483	0.25	0
3.101858470336018	3.101858470336018	0.7853981633974483	0.25	0
3.105432451751315	3.105432451751315	0.7853981633974483	0.25	0
3.109006433166612	3.109006433166612	0.7853981633974483	0.25	0
3.1125804145819087	3.1125804145819087	0.7853981633974483	0.25	0
3.1161543959972056	3.1161543959972056	0.7853981633974483	0.25	0
3.1197283774125024	3.1197283774125024	0.7853981633974483	0.25	0
3.1233023588277993	3.1233023588277993	0.7853981633974483	0.25	0
3.126876340243096	3.126876340243096	0.7853981633974483	0.25	0
3.130450321658393	3.130450321658393	0.7853981633974483	0.25	0
3.13402430307369	3.13402430307369	0.7853981633974483	0.25	0
3.1375982844889867	3.1375982844889867	0.7853981633974483	0.25	0
3.1411722659042836	3.1411722659042836	0.7853981633974483	0.25	0
3.1447462473195804	3.1447462473195804	0.7853981633974483	0.25	0
3.1483202287348773	3.1483202287348773	0.7853981633974483	0.25	0
3.151894210150174	3.151894210150174	0.7853981633974483	0.25	0
3.155468191565471	3.155468191565471	0.7853981633974483	0.25	0
3.159042172980768	3.159042172980768	0.7853981633974483	0.25	0
3.1626161543960647	3.1626161543960647	0.7853981633974483	0.25	0
3.1661901358113616	3.1661901358113616	0.7853981633974483	0.25	0
3.1697641172266584	3.1697641172266584	0.7853981633974483	0.25	0
3.1733380986419553	3.1733380986419553	0.7853981633974483	0.25	0
3.176912080057252	3.176912080057252	0.7853981633974483	0.25	0
3.180486061472549	3.180486061472549	0.7853981633974483	0.25	0
3.184060042887846	3.184060042887846	0.7853981633974483	0.25	0
3.1876340243031427	3.1876340243031427	0.7853981633974483	0.25	0
3.1912080057184395	3.1912080057184395	0.7853981633974483	0.25	0
3.1947819871337364	3.1947819871337364	0.7853981633974483	0.25	0
3.1983559685490333	3.1983559685490333	0.7853981633974483	0.25	0
3.20192994996433	3.20192994996433	0.7853981633974483	0.25	0
3.205503931379627	3.205503931379627	0.7853981633974483	0.25	0
3.209077912794924	3.209077912794924	0.7853981633974483	0.25	0
3.2126518942102207	3.2126518942102207	0.7853981633974483	0.25	0
3.2162258756255175	3.2162258756255175	0.7853981633974483	0.25	0
3.2197998570408144	3.2197998570408144	0.7853981633974483	0.25	0
3.2233738384561113	3.2233738384561113	0.7853981633974483	0.25	0
3.226947819871408	3.226947819871408	0.7853981633974483	0.25	0
3.230521801286705	3.230521801286705	0.7853981633974483	0.25	0
3.234095782702002	3.234095782702002	0.7853981633974483	0.25	0
3.2376697641172987	3.2376697641172987	0.7853981633974483	0.25	0
3.2412437455325955	3.2412437455325955	0.7853981633974483	0.25	0
3.2448177269478924	3.2448177269478924	0.7853981633974483	0.25	0
3.2483917083631892	3.2483917083631892	0.7853981633974483	0.25	0
3.251965689778486	3.251965689778486	0.7853981633974483	0.25	0
3.255539671193783	3.255539671193783	0.7853981633974483	0.25	0
3.25911365260908	3.25911365260908	0.7853981633974483	0.25	0
3.2626876340243767	3.2626876340243767	0.7853981633974483	0.25	0
3.2662616154396735	3.2662616154396735	0.7853981633974483	0.25	0
3.2698355968549704	3.2698355968549704	0.7853981633974483	0.25	0
3.2734095782702672	3.2734095782702672	0.7853981633974483	0.25	0
3.276983559685564	3.276983559685564	0.7853981633974483	0.25	0
3.280557541100861	3.280557541100861	0.7853981633974483	0.25	0
3.284131522516158	3.284131522516158	0.7853981633974483	0.25	0
3.2877055039314547	3.2877055039314547	0.7853981633974483	0.25	0
3.2912794853467515	3.2912794853467515	0.7853981633974483	0.25	0
3.2948534667620484	3.2948534667620484	0.7853981633974483	0.25	0
3.2984274481773452	3.2984274481773452	0.7853981633974483	0.25	0
3.302001429592642	3.302001429592642	0.7853981633974483	0.25	0
3.305575411007939	3.305575411007939	0.7853981633974483	0.25	0
3.309149392423236	3.309149392423236	0.7853981633974483	0.25	0
3.3127233738385327	3.3127233738385327	0.7853981633974483	0.25	0
3.3162973552538295	3.3162973552538295	0.7853981633974483	0.25	0
3.3198713366691264	3.3198713366691264	0.7853981633974483	0.25	0
3.3234453180844232	3.3234453180844232	0.7853981633974483	0.25	0
3.32701929949972	3.32701929949972	0.7853981633974483	0.25	0
3.330593280915017	3.330593280915017	0.7853981633974483	0.25	0
3.334167262330314	3.334167262330314	0.7853981633974483	0.25	0
3.3377412437456107	3.3377412437456107	0.7853981633974483	0.25	0
3.3413152251609075	3.3413152251609075	0.7853981633974483	0.25	0
3.3448892065762044	3.3448892065762044	0.7853981633974483	0.25	0
3.348463187991501	3.348463187991501	0.7853981633974483	0.25	0
3.352037169406798	3.352037169406798	0.7853981633974483	0.25	0
3.355611150822095	3.355611150822095	0.7853981633974483	0.25	0
3.359185132237392	3.359185132237392	0.7853981633974483	0.25	0
3.3627591136526886	3.3627591136526886	0.7853981633974483	0.25	0
3.3663330950679855	3.3663330950679855	0.7853981633974483	0.25	0
3.3699070764832824	3.3699070764832824	0.7853981633974483	0.25	0
3.373481057898579	3.373481057898579	0.7853981633974483	0.25	0
3.377055039313876	3.377055039313876	0.7853981633974483	0.25	0
3.380629020729173	3.380629020729173	0.7853981633974483	0.25	0
3.38420300214447	3.38420300214447	0.7853981633974483	0.25	0
3.3877769835597666	3.3877769835597666	0.7853981633974483	0.25	0
3.3913509649750635	3.3913509649750635	0.7853981633974483	0.25	0
3.3949249463903604	3.3949249463903604	0.7853981633974483	0.25	0
3.398498927805657	3.398498927805657	0.7853981633974483	0.25	0
3.402072909220954	3.402072909220954	0.7853981633974483	0.25	0
3.405646890636251	3.405646890636251	0.7853981633974483	0.25	0
3.409220872051548	3.409220872051548	0.7853981633974483	0.25	0
3.4127948534668446	3.4127948534668446	0.7853981633974483	0.25	0
3.4163688348821415	3.4163688348821415	0.7853981633974483	0.25	0
3.4199428162974383	3.4199428162974383	0.7853981633974483	0.25	0
3.423516797712735	3.423516797712735	0.7853981633974483	0.25	0
3.427090779128032	3.427090779128032	0.7853981633974483	0.25	0
3.430664760543329	3.430664760543329	0.7853981633974483	0.25	0
3.4342387419586258	3.4342387419586258	0.7853981633974483	0.25	0
3.4378127233739226	3.4378127233739226	0.7853981633974483	0.25	0
3.4413867047892195	3.4413867047892195	0.7853981633974483	0.25	0
3.4449606862045163	3.4449606862045163	0.7853981633974483	0.25	0
3.448534667619813	3.448534667619813	0.7853981633974483	0.25	0
3.45210864903511	3.45210864903511	0.7853981633974483	0.25	0
3.455682630450407	3.455682630450407	0.7853981633974483	0.25	0
3.4592566118657038	3.4592566118657038	0.7853981633974483	0.25	0
3.4628305932810006	3.4628305932810006	0.7853981633974483	0.25	0
3.4664045746962975	3.4664045746962975	0.7853981633974483	0.25	0
3.4699785561115943	3.4699785561115943	0.7853981633974483	0.25	0
3.473552537526891	3.473552537526891	0.7853981633974483	0.25	0
3.477126518942188	3.477126518942188	0.7853981633974483	0.25	0
3.480700500357485	3.480700500357485	0.7853981633974483	0.25	0
3.4842744817727818	3.4842744817727818	0.7853981633974483	0.25	0
3.4878484631880786	3.4878484631880786	0.7853981633974483	0.25	0
3.4914224446033755	3.4914224446033755	0.7853981633974483	0.25	0
3.4949964260186723	3.4949964260186723	0.7853981633974483	0.25	0
3.498570407433969	3.498570407433969	0.7853981633974483	0.25	0
3.502144388849266	3.502144388849266	0.7853981633974483	0.25	0
3.505718370264563	3.505718370264563	0.7853981633974483	0.25	0
3.5092923516798598	3.5092923516798598	0.7853981633974483	0.25	0
3.5128663330951566	3.5128663330951566	0.7853981633974483	0.25	0
3.5164403145104535	3.5164403145104535	0.7853981633974483	0.25	0
3.5200142959257503	3.5200142959257503	0.7853981633974483	0.25	0
3.523588277341047	3.523588277341047	0.7853981633974483	0.25	0
3.527162258756344	3.527162258756344	0.7853981633974483	0.25	0
3.530736240171641	3.530736240171641	0.7853981633974483	0.25	0
3.5343102215869378	3.5343102215869378	0.7853981633974483	0.25	0
3.5378842030022346	3.5378842030022346	0.7853981633974483	0.25	0
3.5414581844175315	3.5414581844175315	0.7853981633974483	0.25	0
3.5450321658328283	3.5450321658328283	0.7853981633974483	0.25	0
3.548606147248125	3.548606147248125	0.7853981633974483	0.25	0
3.552180128663422	3.552180128663422	0.7853981633974483	0.25	0
3.555754110078719	3.555754110078719	0.7853981633974483	0.25	0
3.5593280914940157	3.5593280914940157	0.7853981633974483	0.25	0
3.5629020729093126	3.5629020729093126	0.7853981633974483	0.25	0
3.5664760543246095	3.5664760543246095	0.7853981633974483	0.25	0
3.5700500357399063	3.5700500357399063	0.7853981633974483	0.25	0
3.573624017155203	3.573624017155203	0.7853981633974483	0.25	0
3.5771979985705	3.5771979985705	0.7853981633974483	0.25	0
3.580771979985797	3.580771979985797	0.7853981633974483	0.25	0
3.5843459614010937	3.5843459614010937	0.7853981633974483	0.25	0
3.5879199428163906	3.5879199428163906	0.7853981633974483	0.25	0
3.5914939242316875	3.5914939242316875	0.7853981633974483	0.25	0
3.5950679056469843	3.5950679056469843	0.7853981633974483	0.25	0
3.598641887062281	3.598641887062281	0.7853981633974483	0.25	0
3.602215868477578	3.602215868477578	0.7853981633974483	0.25	0
3.605789849892875	3.605789849892875	0.7853981633974483	0.25	0
3.6093638313081717	3.6093638313081717	0.7853981633974483	0.25	0
3.6129378127234686	3.6129378127234686	0.7853981633974483	0.25	0
3.6165117941387654	3.6165117941387654	0.7853981633974483	0.25	0
3.6200857755540623	3.6200857755540623	0.7853981633974483	0.25	0
3.623659756969359	3.623659756969359	0.7853981633974483	0.25	0
3.627233738384656	3.627233738384656	0.7853981633974483	0.25	0
3.630807719799953	3.630807719799953	0.7853981633974483	0.25	0
3.6343817012152497	3.6343817012152497	0.7853981633974483	0.25	0
3.6379556826305466	3.6379556826305466	0.7853981633974483	0.25	0
3.6415296640458434	3.6415296640458434	0.7853981633974483	0.25	0
3.6451036454611403	3.6451036454611403	0.7853981633974483	0.25	0
3.648677626876437	3.648677626876437	0.7853981633974483	0.25	0
3.652251608291734	3.652251608291734	0.7853981633974483	0.25	0
3.655825589707031	3.655825589707031	0.7853981633974483	0.25	0
3.6593995711223277	3.6593995711223277	0.7853981633974483	0.25	0
3.6629735525376246	3.6629735525376246	0.7853981633974483	0.25	0
3.6665475339529214	3.6665475339529214	0.7853981633974483	0.25	0
3.6701215153682183	3.6701215153682183	0.7853981633974483	0.25	0
3.673695496783515	3.673695496783515	0.7853981633974483	0.25	0
3.677269478198812	3.677269478198812	0.7853981633974483	0.25	0
3.680843459614109	3.680843459614109	0.7853981633974483	0.25	0
3.6844174410294057	3.6844174410294057	0.7853981633974483	0.25	0
3.6879914224447026	3.6879914224447026	0.7853981633974483	0.25	0
3.6915654038599994	3.6915654038599994	0.7853981633974483	0.25	0
3.6951393852752963	3.6951393852752963	0.7853981633974483	0.25	0
3.698713366690593	3.698713366690593	0.7853981633974483	0.25	0
3.70228734810589	3.70228734810589	0.7853981633974483	0.25	0
3.705861329521187	3.705861329521187	0.7853981633974483	0.25	0
3.7094353109364837	3.7094353109364837	0.7853981633974483	0.25	0
3.7130092923517806	3.7130092923517806	0.7853981633974483	0.25	0
3.7165832737670774	3.7165832737670774	0.7853981633974483	0.25	0
3.7201572551823743	3.7201572551823743	0.7853981633974483	0.25	0
3.723731236597671	3.723731236597671	0.7853981633974483	0.25	0
3.727305218012968	3.727305218012968	0.7853981633974483	0.25	0
3.730879199428265	3.730879199428265	0.7853981633974483	0.25	0
3.7344531808435617	3.7344531808435617	0.7853981633974483	0.25	0
3.7380271622588586	3.7380271622588586	0.7853981633974483	0.25	0
3.7416011436741554	3.7416011436741554	0.7853981633974483	0.25	0
3.7451751250894523	3.7451751250894523	0.7853981633974483	0.25	0
3.748749106504749	3.748749106504749	0.7853981633974483	0.25	0
3.752323087920046	3.752323087920046	0.7853981633974483	0.25	0
3.755897069335343	3.755897069335343	0.7853981633974483	0.25	0
3.7594710507506397	3.7594710507506397	0.7853981633974483	0.25	0
3.7630450321659366	3.7630450321659366	0.7853981633974483	0.25	0
3.7666190135812334	3.7666190135812334	0.7853981633974483	0.25	0
3.7701929949965303	3.7701929949965303	0.7853981633974483	0.25	0
3.773766976411827	3.773766976411827	0.7853981633974483	0.25	0
3.777340957827124	3.777340957827124	0.7853981633974483	0.25	0
3.780914939242421	3.780914939242421	0.7853981633974483	0.25	0
3.7844889206577177	3.7844889206577177	0.7853981633974483	0.25	0
3.7880629020730145	3.7880629020730145	0.7853981633974483	0.25	0
3.7916368834883114	3.7916368834883114	0.7853981633974483	0.25	0
3.7952108649036083	3.7952108649036083	0.7853981633974483	0.25	0
3.798784846318905	3.798784846318905	0.7853981633974483	0.25	0
3.802358827734202	3.802358827734202	0.7853981633974483	0.25	0
3.805932809149499	3.805932809149499	0.7853981633974483	0.25	0
3.8095067905647957	3.8095067905647957	0.7853981633974483	0.25	0
3.8130807719800925	3.8130807719800925	0.7853981633974483	0.25	0
3.8166547533953894	3.8166547533953894	0.7853981633974483	0.25	0
3.8202287348106863	3.8202287348106863	0.7853981633974483	0.25	0
3.823802716225983	3.823802716225983	0.7853981633974483	0.25	0
3.82737669764128	3.82737669764128	0.7853981633974483	0.25	0
3.830950679056577	3.830950679056577	0.7853981633974483	0.25	0
3.8345246604718737	3.8345246604718737	0.7853981633974483	0.25	0
3.8380986418871705	3.8380986418871705	0.7853981633974483	0.25	0
3.8416726233024674	3.8416726233024674	0.7853981633974483	0.25	0
3.8452466047177642	3.8452466047177642	0.7853981633974483	0.25	0
3.848820586133061	3.848820586133061	0.7853981633974483	0.25	0
3.852394567548358	3.852394567548358	0.7853981633974483	0.25	0
3.855968548963655	3.855968548963655	0.7853981633974483	0.25	0
3.8595425303789517	3.8595425303789517	0.7853981633974483	0.25	0
3.8631165117942485	3.8631165117942485	0.7853981633974483	0.25	0
3.8666904932095454	3.8666904932095454	0.7853981633974483	0.25	0
3.8702644746248422	3.8702644746248422	0.7853981633974483	0.25	0
3.873838456040139	3.873838456040139	0.7853981633974483	0.25	0
3.877412437455436	3.877412437455436	0.7853981633974483	0.25	0
3.880986418870733	3.880986418870733	0.7853981633974483	0.25	0
3.8845604002860297	3.8845604002860297	0.7853981633974483	0.25	0
3.8881343817013265	3.8881343817013265	0.7853981633974483	0.25	0
3.8917083631166234	3.8917083631166234	0.7853981633974483	0.25	0
3.8952823445319202	3.8952823445319202	0.7853981633974483	0.25	0
3.898856325947217	3.898856325947217	0.7853981633974483	0.25	0
3.902430307362514	3.902430307362514	0.7853981633974483	0.25	0
3.906004288777811	3.906004288777811	0.7853981633974483	0.25	0
3.9095782701931077	3.9095782701931077	0.7853981633974483	0.25	0
3.9131522516084045	3.9131522516084045	0.7853981633974483	0.25	0
3.9167262330237014	3.9167262330237014	0.7853981633974483	0.25	0
3.9203002144389982	3.9203002144389982	0.7853981633974483	0.25	0
3.923874195854295	3.923874195854295	0.7853981633974483	0.25	0
3.927448177269592	3.927448177269592	0.7853981633974483	0.25	0
3.931022158684889	3.931022158684889	0.7853981633974483	0.25	0
3.9345961401001857	3.9345961401001857	0.7853981633974483	0.25	0
3.9381701215154825	3.9381701215154825	0.7853981633974483	0.25	0
3.9417441029307794	3.9417441029307794	0.7853981633974483	0.25	0
3.9453180843460762	3.9453180843460762	0.7853981633974483	0.25	0
3.948892065761373	3.948892065761373	0.7853981633974483	0.25	0
3.95246604717667	3.95246604717667	0.7853981633974483	0.25	0
3.956040028591967	3.956040028591967	0.7853981633974483	0.25	0
3.9596140100072637	3.9596140100072637	0.7853981633974483	0.25	0
3.9631879914225605	3.9631879914225605	0.7853981633974483	0.25	0
3.9667619728378574	3.9667619728378574	0.7853981633974483	0.25	0
3.970335954253154	3.970335954253154	0.7853981633974483	0.25	0
3.973909935668451	3.973909935668451	0.7853981633974483	0.25	0
3.977483917083748	3.977483917083748	0.7853981633974483	0.25	0
3.981057898499045	3.981057898499045	0.7853981633974483	0.25	0
3.9846318799143416	3.9846318799143416	0.7853981633974483	0.25	0
3.9882058613296385	3.9882058613296385	0.7853981633974483	0.25	0
3.9917798427449354	3.9917798427449354	0.7853981633974483	0.25	0
3.995353824160232	3.995353824160232	0.7853981633974483	0.25	0
3.998927805575529	3.998927805575529	0.7853981633974483	0.25	0
4.002501786990826	4.002501786990826	0.7853981633974483	0.25	0
4.006075768406123	4.006075768406123	0.7853981633974483	0.25	0
4.00964974982142	4.00964974982142	0.7853981633974483	0.25	0
4.0132237312367165	4.0132237312367165	0.7853981633974483	0.25	0
4.016797712652013	4.016797712652013	0.7853981633974483	0.25	0
4.02037169406731	4.02037169406731	0.7853981633974483	0.25	0
4.023945675482607	4.023945675482607	0.7853981633974483	0.25	0
4.027519656897904	4.027519656897904	0.7853981633974483	0.25	0
4.031093638313201	4.031093638313201	0.7853981633974483	0.25	0
4.034667619728498	4.034667619728498	0.7853981633974483	0.25	0
4.0382416011437945	4.0382416011437945	0.7853981633974483	0.25	0
4.041815582559091	4.041815582559091	0.7853981633974483	0.25	0
4.045389563974388	4.045389563974388	0.7853981633974483	0.25	0
4.048963545389685	4.048963545389685	0.7853981633974483	0.25	0
4.052537526804982	4.052537526804982	0.7853981633974483	0.25	0
4.056111508220279	4.056111508220279	0.7853981633974483	0.25	0
4.059685489635576	4.059685489635576	0.7853981633974483	0.25	0
4.0632594710508725	4.0632594710508725	0.7853981633974483	0.25	0
4.066833452466169	4.066833452466169	0.7853981633974483	0.25	0
4.070407433881466	4.070407433881466	0.7853981633974483	0.25	0
4.073981415296763	4.073981415296763	0.7853981633974483	0.25	0
4.07755539671206	4.07755539671206	0.7853981633974483	0.25	0
4.081129378127357	4.081129378127357	0.7853981633974483	0.25	0
4.084703359542654	4.084703359542654	0.7853981633974483	0.25	0
4.0882773409579505	4.0882773409579505	0.7853981633974483	0.25	0
4.091851322373247	4.091851322373247	0.7853981633974483	0.25	0
4.095425303788544	4.095425303788544	0.7853981633974483	0.25	0
4.098999285203841	4.098999285203841	0.7853981633974483	0.25	0
4.102573266619138	4.102573266619138	0.7853981633974483	0.25	0
4.106147248034435	4.106147248034435	0.7853981633974483	0.25	0
4.109721229449732	4.109721229449732	0.7853981633974483	0.25	0
4.1132952108650285	4.1132952108650285	0.7853981633974483	0.25	0
4.116869192280325	4.116869192280325	0.7853981633974483	0.25	0
4.120443173695622	4.120443173695622	0.7853981633974483	0.25	0
4.124017155110919	4.124017155110919	0.7853981633974483	0.25	0
4.127591136526216	4.127591136526216	0.7853981633974483	0.25	0
4.131165117941513	4.131165117941513	0.7853981633974483	0.25	0
4.13473909935681	4.13473909935681	0.7853981633974483	0.25	0
4.1383130807721065	4.1383130807721065	0.7853981633974483	0.25	0
4.141887062187403	4.141887062187403	0.7853981633974483	0.25	0
4.1454610436027	4.1454610436027	0.7853981633974483	0.25	0
4.149035025017997	4.149035025017997	0.7853981633974483	0.25	0
4.152609006433294	4.152609006433294	0.7853981633974483	0.25	0
4.156182987848591	4.156182987848591	0.7853981633974483	0.25	0
4.159756969263888	4.159756969263888	0.7853981633974483	0.25	0
4.1633309506791845	4.1633309506791845	0.7853981633974483	0.25	0
4.166904932094481	4.166904932094481	0.7853981633974483	0.25	0
4.170478913509778	4.170478913509778	0.7853981633974483	0.25	0
4.174052894925075	4.174052894925075	0.7853981633974483	0.25	0
4.177626876340372	4.177626876340372	0.7853981633974483	0.25	0
4.181200857755669	4.181200857755669	0.7853981633974483	0.25	0
4.184774839170966	4.184774839170966	0.7853981633974483	0.25	0
4.1883488205862625	4.1883488205862625	0.7853981633974483	0.25	0
4.191922802001559	4.191922802001559	0.7853981633974483	0.25	0
4.195496783416856	4.195496783416856	0.7853981633974483	0.25	0
4.199070764832153	4.199070764832153	0.7853981633974483	0.25	0
4.20264474624745	4.20264474624745	0.7853981633974483	0.25	0
4.206218727662747	4.206218727662747	0.7853981633974483	0.25	0
4.209792709078044	4.209792709078044	0.7853981633974483	0.25	0
4.2133666904933404	4.2133666904933404	0.7853981633974483	0.25	0
4.216940671908637	4.216940671908637	0.7853981633974483	0.25	0
4.220514653323934	4.220514653323934	0.7853981633974483	0.25	0
4.224088634739231	4.224088634739231	0.7853981633974483	0.25	0
4.227662616154528	4.227662616154528	0.7853981633974483	0.25	0
4.231236597569825	4.231236597569825	0.7853981633974483	0.25	0
4.234810578985122	4.234810578985122	0.7853981633974483	0.25	0
4.238384560400418	4.238384560400418	0.7853981633974483	0.25	0
4.241958541815715	4.241958541815715	0.7853981633974483	0.25	0
4.245532523231012	4.245532523231012	0.7853981633974483	0.25	0
4.249106504646309	4.249106504646309	0.7853981633974483	0.25	0
4.252680486061606	4.252680486061606	0.7853981633974483	0.25	0
4.256254467476903	4.256254467476903	0.7853981633974483	0.25	0
4.2598284488922	4.2598284488922	0.7853981633974483	0.25	0
4.263402430307496	4.263402430307496	0.7853981633974483	0.25	0
4.266976411722793	4.266976411722793	0.7853981633974483	0.25	0
4.27055039313809	4.27055039313809	0.7853981633974483	0.25	0
4.274124374553387	4.274124374553387	0.7853981633974483	0.25	0
4.277698355968684	4.277698355968684	0.7853981633974483	0.25	0
4.281272337383981	4.281272337383981	0.7853981633974483	0.25	0
4.284846318799278	4.284846318799278	0.7853981633974483	0.25	0
4.288420300214574	4.288420300214574	0.7853981633974483	0.25	0
4.291994281629871	4.291994281629871	0.7853981633974483	0.25	0
4.295568263045168	4.295568263045168	0.7853981633974483	0.25	0
4.299142244460465	4.299142244460465	0.7853981633974483	0.25	0
4.302716225875762	4.302716225875762	0.7853981633974483	0.25	0
4.306290207291059	4.306290207291059	0.7853981633974483	0.25	0
4.309864188706356	4.309864188706356	0.7853981633974483	0.25	0
4.313438170121652	4.313438170121652	0.7853981633974483	0.25	0
4.317012151536949	4.317012151536949	0.7853981633974483	0.25	0
4.320586132952246	4.320586132952246	0.7853981633974483	0.25	0
4.324160114367543	4.324160114367543	0.7853981633974483	0.25	0
4.32773409578284	4.32773409578284	0.7853981633974483	0.25	0
4.331308077198137	4.331308077198137	0.7853981633974483	0.25	0
4.334882058613434	4.334882058613434	0.7853981633974483	0.25	0
4.33845604002873	4.33845604002873	0.7853981633974483	0.25	0
4.342030021444027	4.342030021444027	0.7853981633974483	0.25	0
4.345604002859324	4.345604002859324	0.7853981633974483	0.25	0
4.349177984274621	4.349177984274621	0.7853981633974483	0.25	0
4.352751965689918	4.352751965689918	0.7853981633974483	0.25	0
4.356325947105215	4.356325947105215	0.7853981633974483	0.25	0
4.359899928520512	4.359899928520512	0.7853981633974483	0.25	0
4.363473909935808	4.363473909935808	0.7853981633974483	0.25	0
4.367047891351105	4.367047891351105	0.7853981633974483	0.25	0
4.370621872766402	4.370621872766402	0.7853981633974483	0.25	0
4.374195854181699	4.374195854181699	0.7853981633974483	0.25	0
4.377769835596996	4.377769835596996	0.7853981633974483	0.25	0
4.381343817012293	4.381343817012293	0.7853981633974483	0.25	0
4.3849177984275896	4.3849177984275896	0.7853981633974483	0.25	0
4.388491779842886	4.388491779842886	0.7853981633974483	0.25	0
4.392065761258183	4.392065761258183	0.7853981633974483	0.25	0
4.39563974267348	4.39563974267348	0.7853981633974483	0.25	0
4.399213724088777	4.399213724088777	0.7853981633974483	0.25	0
4.402787705504074	4.402787705504074	0.7853981633974483	0.25	0
4.406361686919371	4.406361686919371	0.7853981633974483	0.25	0
4.4099356683346675	4.4099356683346675	0.7853981633974483	0.25	0
4.413509649749964	4.413509649749964	0.7853981633974483	0.25	0
4.417083631165261	4.417083631165261	0.7853981633974483	0.25	0
4.420657612580558	4.420657612580558	0.7853981633974483	0.25	0
4.424231593995855	4.424231593995855	0.7853981633974483	0.25	0
4.427805575411152	4.427805575411152	0.7853981633974483	0.25	0
4.431379556826449	4.431379556826449	0.7853981633974483	0.25	0
4.4349535382417455	4.4349535382417455	0.7853981633974483	0.25	0
4.438527519657042	4.438527519657042	0.7853981633974483	0.25	0
4.442101501072339	4.442101501072339	0.7853981633974483	0.25	0
4.445675482487636	4.445675482487636	0.7853981633974483	0.25	0
4.449249463902933	4.449249463902933	0.7853981633974483	0.25	0
4.45282344531823	4.45282344531823	0.7853981633974483	0.25	0
4.456397426733527	4.456397426733527	0.7853981633974483	0.25	0
4.4599714081488235	4.4599714081488235	0.7853981633974483	0.25	0
4.46354538956412	4.46354538956412	0.7853981633974483	0.25	0
4.467119370979417	4.467119370979417	0.7853981633974483	0.25	0
4.470693352394714	4.470693352394714	0.7853981633974483	0.25	0
4.474267333810011	4.474267333810011	0.7853981633974483	0.25	0
4.477841315225308	4.477841315225308	0.7853981633974483	0.25	0
4.481415296640605	4.481415296640605	0.7853981633974483	0.25	0
4.4849892780559015	4.4849892780559015	0.7853981633974483	0.25	0
4.488563259471198	4.488563259471198	0.7853981633974483	0.25	0
4.492137240886495	4.492137240886495	0.7853981633974483	0.25	0
4.495711222301792	4.495711222301792	0.7853981633974483	0.25	0
4.499285203717089	4.499285203717089	0.7853981633974483	0.25	0
4.502859185132386	4.502859185132386	0.7853981633974483	0.25	0
4.506433166547683	4.506433166547683	0.7853981633974483	0.25	0
4.5100071479629795	4.5100071479629795	0.7853981633974483	0.25	0
4.513581129378276	4.513581129378276	0.7853981633974483	0.25	0
4.517155110793573	4.517155110793573	0.7853981633974483	0.25	0
4.52072909220887	4.52072909220887	0.7853981633974483	0.25	0
4.524303073624167	4.524303073624167	0.7853981633974483	0.25	0
4.527877055039464	4.527877055039464	0.7853981633974483	0.25	0
4.531451036454761	4.531451036454761	0.7853981633974483	0.25	0
4.5350250178700575	4.5350250178700575	0.7853981633974483	0.25	0
4.538598999285354	4.538598999285354	0.7853981633974483	0.25	0
4.542172980700651	4.542172980700651	0.7853981633974483	0.25	0
4.545746962115948	4.545746962115948	0.7853981633974483	0.25	0
4.549320943531245	4.549320943531245	0.7853981633974483	0.25	0
4.552894924946542	4.552894924946542	0.7853981633974483	0.25	0
4.556468906361839	4.556468906361839	0.7853981633974483	0.25	0
4.5600428877771355	4.5600428877771355	0.7853981633974483	0.25	0
4.563616869192432	4.563616869192432	0.7853981633974483	0.25	0
4.567190850607729	4.567190850607729	0.7853981633974483	0.25	0
4.570764832023026	4.570764832023026	0.7853981633974483	0.25	0
4.574338813438323	4.574338813438323	0.7853981633974483	0.25	0
4.57791279485362	4.57791279485362	0.7853981633974483	0.25	0
4.581486776268917	4.581486776268917	0.7853981633974483	0.25	0
4.5850607576842135	4.5850607576842135	0.7853981633974483	0.25	0
4.58863473909951	4.58863473909951	0.7853981633974483	0.25	0
4.592208720514807	4.592208720514807	0.7853981633974483	0.25	0
4.595782701930104	4.595782701930104	0.7853981633974483	0.25	0
4.599356683345401	4.599356683345401	0.7853981633974483	0.25	0
4.602930664760698	4.602930664760698	0.7853981633974483	0.25	0
4.606504646175995	4.606504646175995	0.7853981633974483	0.25	0
4.6100786275912915	4.6100786275912915	0.7853981633974483	0.25	0
4.613652609006588	4.613652609006588	0.7853981633974483	0.25	0
4.617226590421885	4.617226590421885	0.7853981633974483	0.25	0
4.620800571837182	4.620800571837182	0.7853981633974483	0.25	0
4.624374553252479	4.624374553252479	0.7853981633974483	0.25	0
4.627948534667776	4.627948534667776	0.7853981633974483	0.25	0
4.631522516083073	4.631522516083073	0.7853981633974483	0.25	0
4.6350964974983695	4.6350964974983695	0.7853981633974483	0.25	0
4.638670478913666	4.638670478913666	0.7853981633974483	0.25	0
4.642244460328963	4.642244460328963	0.7853981633974483	0.25	0
4.64581844174426	4.64581844174426	0.7853981633974483	0.25	0
4.649392423159557	4.649392423159557	0.7853981633974483	0.25	0
4.652966404574854	4.652966404574854	0.7853981633974483	0.25	0
4.656540385990151	4.656540385990151	0.7853981633974483	0.25	0
4.6601143674054475	4.6601143674054475	0.7853981633974483	0.25	0
4.663688348820744	4.663688348820744	0.7853981633974483	0.25	0
4.667262330236041	4.667262330236041	0.7853981633974483	0.25	0
4.670836311651338	4.670836311651338	0.7853981633974483	0.25	0
4.674410293066635	4.674410293066635	0.7853981633974483	0.25	0
4.677984274481932	4.677984274481932	0.7853981633974483	0.25	0
4.681558255897229	4.681558255897229	0.7853981633974483	0.25	0
4.6851322373125255	4.6851322373125255	0.7853981633974483	0.25	0
4.688706218727822	4.688706218727822	0.7853981633974483	0.25	0
4.692280200143119	4.692280200143119	0.7853981633974483	0.25	0
4.695854181558416	4.695854181558416	0.7853981633974483	0.25	0
4.699428162973713	4.699428162973713	0.7853981633974483	0.25	0
4.70300214438901	4.70300214438901	0.7853981633974483	0.25	0
4.706576125804307	4.706576125804307	0.7853981633974483	0.25	0
4.7101501072196035	4.7101501072196035	0.7853981633974483	0.25	0
4.7137240886349	4.7137240886349	0.7853981633974483	0.25	0
4.717298070050197	4.717298070050197	0.7853981633974483	0.25	0
4.720872051465494	4.720872051465494	0.7853981633974483	0.25	0
4.724446032880791	4.724446032880791	0.7853981633974483	0.25	0
4.728020014296088	4.728020014296088	0.7853981633974483	0.25	0
4.731593995711385	4.731593995711385	0.7853981633974483	0.25	0
4.7351679771266815	4.7351679771266815	0.7853981633974483	0.25	0
4.738741958541978	4.738741958541978	0.7853981633974483	0.25	0
4.742315939957275	4.742315939957275	0.7853981633974483	0.25	0
4.745889921372572	4.745889921372572	0.7853981633974483	0.25	0
4.749463902787869	4.749463902787869	0.7853981633974483	0.25	0
4.753037884203166	4.753037884203166	0.7853981633974483	0.25	0
4.756611865618463	4.756611865618463	0.7853981633974483	0.25	0
4.7601858470337595	4.7601858470337595	0.7853981633974483	0.25	0
4.763759828449056	4.763759828449056	0.7853981633974483	0.25	0
4.767333809864353	4.767333809864353	0.7853981633974483	0.25	0
4.77090779127965	4.77090779127965	0.7853981633974483	0.25	0
4.774481772694947	4.774481772694947	0.7853981633974483	0.25	0
4.778055754110244	4.778055754110244	0.7853981633974483	0.25	0
4.781629735525541	4.781629735525541	0.7853981633974483	0.25	0
4.7852037169408375	4.7852037169408375	0.7853981633974483	0.25	0
4.788777698356134	4.788777698356134	0.7853981633974483	0.25	0
4.792351679771431	4.792351679771431	0.7853981633974483	0.25	0
4.795925661186728	4.795925661186728	0.7853981633974483	0.25	0
4.799499642602025	4.799499642602025	0.7853981633974483	0.25	0
4.803073624017322	4.803073624017322	0.7853981633974483	0.25	0
4.806647605432619	4.806647605432619	0.7853981633974483	0.25	0
4.8102215868479155	4.8102215868479155	0.7853981633974483	0.25	0
4.813795568263212	4.813795568263212	0.7853981633974483	0.25	0
4.817369549678509	4.817369549678509	0.7853981633974483	0.25	0
4.820943531093806	4.820943531093806	0.7853981633974483	0.25	0
4.824517512509103	4.824517512509103	0.7853981633974483	0.25	0
4.8280914939244	4.8280914939244	0.7853981633974483	0.25	0
4.831665475339697	4.831665475339697	0.7853981633974483	0.25	0
4.8352394567549934	4.8352394567549934	0.7853981633974483	0.25	0
4.83881343817029	4.83881343817029	0.7853981633974483	0.25	0
4.842387419585587	4.842387419585587	0.7853981633974483	0.25	0
4.845961401000884	4.845961401000884	0.7853981633974483	0.25	0
4.849535382416181	4.849535382416181	0.7853981633974483	0.25	0
4.853109363831478	4.853109363831478	0.7853981633974483	0.25	0
4.856683345246775	4.856683345246775	0.7853981633974483	0.25	0
4.860257326662071	4.860257326662071	0.7853981633974483	0.25	0
4.863831308077368	4.863831308077368	0.7853981633974483	0.25	0
4.867405289492665	4.867405289492665	0.7853981633974483	0.25	0
4.870979270907962	4.870979270907962	0.7853981633974483	0.25	0
4.874553252323259	4.874553252323259	0.7853981633974483	0.25	0
4.878127233738556	4.878127233738556	0.7853981633974483	0.25	0
4.881701215153853	4.881701215153853	0.7853981633974483	0.25	0
4.885275196569149	4.885275196569149	0.7853981633974483	0.25	0
4.888849177984446	4.888849177984446	0.7853981633974483	0.25	0
4.892423159399743	4.892423159399743	0.7853981633974483	0.25	0
4.89599714081504	4.89599714081504	0.7853981633974483	0.25	0
4.899571122230337	4.899571122230337	0.7853981633974483	0.25	0
4.903145103645634	4.903145103645634	0.7853981633974483	0.25	0
4.906719085060931	4.906719085060931	0.7853981633974483	0.25	0
4.910293066476227	4.910293066476227	0.7853981633974483	0.25	0
4.913867047891524	4.913867047891524	0.7853981633974483	0.25	0
4.917441029306821	4.917441029306821	0.7853981633974483	0.25	0
4.921015010722118	4.921015010722118	0.7853981633974483	0.25	0
4.924588992137415	4.924588992137415	0.7853981633974483	0.25	0
4.928162973552712	4.928162973552712	0.7853981633974483	0.25	0
4.931736954968009	4.931736954968009	0.7853981633974483	0.25	0
4.935310936383305	4.935310936383305	0.7853981633974483	0.25	0
4.938884917798602	4.938884917798602	0.7853981633974483	0.25	0
4.942458899213899	4.942458899213899	0.7853981633974483	0.25	0
4.946032880629196	4.946032880629196	0.7853981633974483	0.25	0
4.949606862044493	4.949606862044493	0.7853981633974483	0.25	0
4.95318084345979	4.95318084345979	0.7853981633974483	0.25	0
4.956754824875087	4.956754824875087	0.7853981633974483	0.25	0
4.960328806290383	4.960328806290383	0.7853981633974483	0.25	0
4.96390278770568	4.96390278770568	0.7853981633974483	0.25	0
4.967476769120977	4.967476769120977	0.7853981633974483	0.25	0
4.971050750536274	4.971050750536274	0.7853981633974483	0.25	0
4.974624731951571	4.974624731951571	0.7853981633974483	0.25	0
4.978198713366868	4.978198713366868	0.7853981633974483	0.25	0
4.981772694782165	4.981772694782165	0.7853981633974483	0.25	0
4.985346676197461	4.985346676197461	0.7853981633974483	0.25	0
4.988920657612758	4.988920657612758	0.7853981633974483	0.25	0
4.992494639028055	4.992494639028055	0.7853981633974483	0.25	0
4.996068620443352	4.996068620443352	0.7853981633974483	0.25	0
4.999642601858649	4.999642601858649	0.7853981633974483	0.25	0
5.003216583273946	5.003216583273946	0.7853981633974483	0.25	0
5.0067905646892426	5.0067905646892426	0.7853981633974483	0.25	0
5.010364546104539	5.010364546104539	0.7853981633974483	0.25	0
5.013938527519836	5.013938527519836	0.7853981633974483	0.25	0
5.017512508935133	5.017512508935133	0.7853981633974483	0.25	0
5.02108649035043	5.02108649035043	0.7853981633974483	0.25	0
5.024660471765727	5.024660471765727	0.7853981633974483	0.25	0
5.028234453181024	5.028234453181024	0.7853981633974483	0.25	0
5.0318084345963205	5.0318084345963205	0.7853981633974483	0.25	0
5.035382416011617	5.035382416011617	0.7853981633974483	0.25	0
5.038956397426914	5.038956397426914	0.7853981633974483	0.25	0
5.042530378842211	5.042530378842211	0.7853981633974483	0.25	0
5.046104360257508	5.046104360257508	0.7853981633974483	0.25	0
5.049678341672805	5.049678341672805	0.7853981633974483	0.25	0
5.053252323088102	5.053252323088102	0.7853981633974483	0.25	0
5.0568263045033985	5.0568263045033985	0.7853981633974483	0.25	0
5.060400285918695	5.060400285918695	0.7853981633974483	0.25	0
5.063974267333992	5.063974267333992	0.7853981633974483	0.25	0
5.067548248749289	5.067548248749289	0.7853981633974483	0.25	0
5.071122230164586	5.071122230164586	0.7853981633974483	0.25	0
5.074696211579883	5.074696211579883	0.7853981633974483	0.25	0
5.07827019299518	5.07827019299518	0.7853981633974483	0.25	0
5.0818441744104765	5.0818441744104765	0.7853981633974483	0.25	0
5.085418155825773	5.085418155825773	0.7853981633974483	0.25	0
5.08899213724107	5.08899213724107	0.7853981633974483	0.25	0
5.092566118656367	5.092566118656367	0.7853981633974483	0.25	0
5.096140100071664	5.096140100071664	0.7853981633974483	0.25	0
5.099714081486961	5.099714081486961	0.7853981633974483	0.25	0
5.103288062902258	5.103288062902258	0.7853981633974483	0.25	0
5.1068620443175545	5.1068620443175545	0.7853981633974483	0.25	0
5.110436025732851	5.110436025732851	0.7853981633974483	0.25	0
5.114010007148148	5.114010007148148	0.7853981633974483	0.25	0
5.117583988563445	5.117583988563445	0.7853981633974483	0.25	0
5.121157969978742	5.121157969978742	0.7853981633974483	0.25	0
5.124731951394039	5.124731951394039	0.7853981633974483	0.25	0
5.128305932809336	5.128305932809336	0.7853981633974483	0.25	0
5.1318799142246325	5.1318799142246325	0.7853981633974483	0.25	0
5.135453895639929	5.135453895639929	0.7853981633974483	0.25	0
5.139027877055226	5.139027877055226	0.7853981633974483	0.25	0
5.142601858470523	5.142601858470523	0.7853981633974483	0.25	0
5.14617583988582	5.14617583988582	0.7853981633974483	0.25	0
5.149749821301117	5.149749821301117	0.7853981633974483	0.25	0
5.153323802716414	5.153323802716414	0.7853981633974483	0.25	0
5.1568977841317105	5.1568977841317105	0.7853981633974483	0.25	0
5.160471765547007	5.160471765547007	0.7853981633974483	0.25	0
5.164045746962304	5.164045746962304	0.7853981633974483	0.25	0
5.167619728377601	5.167619728377601	0.7853981633974483	0.25	0
5.171193709792898	5.171193709792898	0.7853981633974483	0.25	0
5.174767691208195	5.174767691208195	0.7853981633974483	0.25	0
5.178341672623492	5.178341672623492	0.7853981633974483	0.25	0
5.1819156540387885	5.1819156540387885	0.7853981633974483	0.25	0
5.185489635454085	5.185489635454085	0.7853981633974483	0.25	0
5.189063616869382	5.189063616869382	0.7853981633974483	0.25	0
5.192637598284679	5.192637598284679	0.7853981633974483	0.25	0
5.196211579699976	5.196211579699976	0.7853981633974483	0.25	0
5.199785561115273	5.199785561115273	0.7853981633974483	0.25	0
5.20335954253057	5.20335954253057	0.7853981633974483	0.25	0
5.2069335239458665	5.2069335239458665	0.7853981633974483	0.25	0
5.210507505361163	5.210507505361163	0.7853981633974483	0.25	0
5.21408148677646	5.21408148677646	0.7853981633974483	0.25	0
5.217655468191757	5.217655468191757	0.7853981633974483	0.25	0
5.221229449607054	5.221229449607054	0.7853981633974483	0.25	0
5.224803431022351	5.224803431022351	0.7853981633974483	0.25	0
5.228377412437648	5.228377412437648	0.7853981633974483	0.25	0
5.2319513938529445	5.2319513938529445	0.7853981633974483	0.25	0
5.235525375268241	5.235525375268241	0.7853981633974483	0.25	0
5.239099356683538	5.239099356683538	0.7853981633974483	0.25	0
5.242673338098835	5.242673338098835	0.7853981633974483	0.25	0
5.246247319514132	5.246247319514132	0.7853981633974483	0.25	0
5.249821300929429	5.249821300929429	0.7853981633974483	0.25	0
5.253395282344726	5.253395282344726	0.7853981633974483	0.25	0
5.2569692637600225	5.2569692637600225	0.7853981633974483	0.25	0
5.260543245175319	5.260543245175319	0.7853981633974483	0.25	0
5.264117226590616	5.264117226590616	0.7853981633974483	0.25	0
5.267691208005913	5.267691208005913	0.7853981633974483	0.25	0
5.27126518942121	5.27126518942121	0.7853981633974483	0.25	0
5.274839170836507	5.274839170836507	0.7853981633974483	0.25	0
5.278413152251804	5.278413152251804	0.7853981633974483	0.25	0
5.2819871336671005	5.2819871336671005	0.7853981633974483	0.25	0
5.285561115082397	5.285561115082397	0.7853981633974483	0.25	0
5.289135096497694	5.289135096497694	0.7853981633974483	0.25	0
5.292709077912991	5.292709077912991	0.7853981633974483	0.25	0
5.296283059328288	5.296283059328288	0.7853981633974483	0.25	0
5.299857040743585	5.299857040743585	0.7853981633974483	0.25	0
5.303431022158882	5.303431022158882	0.7853981633974483	0.25	0
5.3070050035741785	5.3070050035741785	0.7853981633974483	0.25	0
5.310578984989475	5.310578984989475	0.7853981633974483	0.25	0
5.314152966404772	5.314152966404772	0.7853981633974483	0.25	0
5.317726947820069	5.317726947820069	0.7853981633974483	0.25	0
5.321300929235366	5.321300929235366	0.7853981633974483	0.25	0
5.324874910650663	5.324874910650663	0.7853981633974483	0.25	0
5.32844889206596	5.32844889206596	0.7853981633974483	0.25	0
5.3320228734812565	5.3320228734812565	0.7853981633974483	0.25	0
5.335596854896553	5.335596854896553	0.7853981633974483	0.25	0
5.33917083631185	5.33917083631185	0.7853981633974483	0.25	0
5.342744817727147	5.342744817727147	0.7853981633974483	0.25	0
5.346318799142444	5.346318799142444	0.7853981633974483	0.25	0
5.349892780557741	5.349892780557741	0.7853981633974483	0.25	0
5.353466761973038	5.353466761973038	0.7853981633974483	0.25	0
5.3570407433883345	5.3570407433883345	0.7853981633974483	0.25	0
5.360614724803631	5.360614724803631	0.7853981633974483	0.25	0
5.364188706218928	5.364188706218928	0.7853981633974483	0.25	0
5.367762687634225	5.367762687634225	0.7853981633974483	0.25	0
5.371336669049522	5.371336669049522	0.7853981633974483	0.25	0
5.374910650464819	5.374910650464819	0.7853981633974483	0.25	0
5.378484631880116	5.378484631880116	0.7853981633974483	0.25	0
5.3820586132954125	5.3820586132954125	0.7853981633974483	0.25	0
5.385632594710709	5.385632594710709	0.7853981633974483	0.25	0
5.389206576126006	5.389206576126006	0.7853981633974483	0.25	0
5.392780557541303	5.392780557541303	0.7853981633974483	0.25	0
5.3963545389566	5.3963545389566	0.7853981633974483	0.25	0
5.399928520371897	5.399928520371897	0.7853981633974483	0.25	0
5.403502501787194	5.403502501787194	0.7853981633974483	0.25	0
5.4070764832024905	5.4070764832024905	0.7853981633974483	0.25	0
5.410650464617787	5.410650464617787	0.7853981633974483	0.25	0
5.414224446033084	5.414224446033084	0.7853981633974483	0.25	0
5.417798427448381	5.417798427448381	0.7853981633974483	0.25	0
5.421372408863678	5.421372408863678	0.7853981633974483	0.25	0
5.424946390278975	5.424946390278975	0.7853981633974483	0.25	0
5.428520371694272	5.428520371694272	0.7853981633974483	0.25	0
5.4320943531095685	5.4320943531095685	0.7853981633974483	0.25	0
5.435668334524865	5.435668334524865	0.7853981633974483	0.25	0
5.439242315940162	5.439242315940162	0.7853981633974483	0.25	0
5.442816297355459	5.442816297355459	0.7853981633974483	0.25	0
5.446390278770756	5.446390278770756	0.7853981633974483	0.25	0
5.449964260186053	5.449964260186053	0.7853981633974483	0.25	0
5.45353824160135	5.45353824160135	0.7853981633974483	0.25	0
5.4571122230166464	5.4571122230166464	0.7853981633974483	0.25	0
5.460686204431943	5.460686204431943	0.7853981633974483	0.25	0
5.46426018584724	5.46426018584724	0.7853981633974483	0.25	0
5.467834167262537	5.467834167262537	0.7853981633974483	0.25	0
5.471408148677834	5.471408148677834	0.7853981633974483	0.25	0
5.474982130093131	5.474982130093131	0.7853981633974483	0.25	0
5.478556111508428	5.478556111508428	0.7853981633974483	0.25	0
5.482130092923724	5.482130092923724	0.7853981633974483	0.25	0
5.485704074339021	5.485704074339021	0.7853981633974483	0.25	0
5.489278055754318	5.489278055754318	0.7853981633974483	0.25	0
5.492852037169615	5.492852037169615	0.7853981633974483	0.25	0
5.496426018584912	5.496426018584912	0.7853981633974483	0.25	0
5.5	5.5	0.7853981633974483	0.25	0
