2.4 0.3999999999999999 0.0 0
2.4209329511237727 0.40010955011099414 0.01046666666666667 0
2.441863609040426 0.40043818844275014 0.02093333333333334 0
2.462789680794063 0.40098587899290217 0.031400000000000004 0
2.483708873931199 0.40175256176188956 0.04186666666666668 0
2.504618896751905 0.40273815275952995 0.05233333333333334 0
2.5255174585608593 0.40394254401422014 0.06280000000000001 0
2.546402269918297 0.4053656035847646 0.07326666666666669 0
2.567271042890815 0.40700717557482924 0.08373333333333335 0
2.5881214913020187 0.4088670801500205 0.0942 0
2.6089513309829693 0.4109451135575857 0.10466666666666669 0
2.629758280022419 0.4132410481487343 0.11513333333333337 0
2.6505400590167896 0.415754632403577 0.12560000000000002 0
2.6712943913198868 0.41848559095867977 0.13606666666666667 0
2.6920190032923026 0.4214336246372299 0.14653333333333338 0
2.7127116245504954 0.42459841048181035 0.15700000000000003 0
2.7333699882155096 0.4279796017897808 0.1674666666666667 0
2.7539918311613127 0.4315768281512582 0.17793333333333336 0
2.7745748942627206 0.4353896954896954 0.1884 0
2.7951169226428867 0.4394177861050521 0.1988666666666667 0
2.8156156659203218 0.4436606587195544 0.20933333333333337 0
2.836068878455424 0.4481178485260364 0.21980000000000002 0
2.85647431959649 0.45278886723886 0.23026666666666673 0
2.8768297539251786 0.4576732031474071 0.24073333333333335 0
2.8971329515013995 0.46277032117213635 0.25120000000000003 0
2.917381688107604 0.4680796629232027 0.2616666666666667 0
2.93757374549245 0.47360064676162783 0.27213333333333334 0
2.95770691161381 0.4793326678630194 0.2826 0
2.9777789808811006 0.48527509828382986 0.29306666666666675 0
2.9977877543969047 0.4914272870301468 0.3035333333333334 0
3.017731040197864 0.49778856012900996 0.31400000000000006 0
3.037606653494805 0.5043582207022459 0.32446666666666674 0
3.0574124169120855 0.5111355490428091 0.3349333333333334 0
3.077146160726124 0.5181198026936278 0.3454000000000001 0
3.0968057231030954 0.5253102165289392 0.3558666666666667 0
3.1163889503357596 0.5327060028381099 0.3663333333333334 0
3.135893697079399 0.5403063514119284 0.3768 0
3.155317826586844 0.5481104296313652 0.38726666666666676 0
3.1746592109425498 0.5561173825587851 0.3977333333333334 0
3.1939157312957147 0.5643263330316057 0.4082 0
3.2130852780923957 0.5727363817583924 0.41866666666666674 0
3.232165751306614 0.581346607417373 0.4291333333333334 0
3.251155060670411 0.5901560667573713 0.43960000000000005 0
3.2700511259028384 0.5991637947011386 0.4500666666666668 0
3.2888518769378523 0.6083688044510787 0.46053333333333346 0
3.30755525415109 0.617770087597352 0.4710000000000001 0
3.3261592085855023 0.6273666142283465 0.4814666666666667 0
3.3446617021758156 0.6371573330435043 0.4919333333333334 0
3.363060707971804 0.6471411714684927 0.5024000000000001 0
3.3813542103603393 0.6573170357727038 0.5128666666666668 0
3.399540205286205 0.6676838111890742 0.5233333333333334 0
3.4176167004716387 0.6782403620362056 0.5338000000000002 0
3.4355817156345854 0.6889855318427816 0.5442666666666667 0
3.453433282705641 0.699918143474257 0.5547333333333334 0
3.4711694460436515 0.711036999261814 0.5652 0
3.488788262649954 0.7223408811335674 0.5756666666666668 0
3.506287802381234 0.7338285507480029 0.5861333333333335 0
3.523666148160971 0.7454987496296395 0.5966 0
3.5409213961894572 0.7573501993068943 0.6070666666666668 0
3.558051656152355 0.7693816014521397 0.6175333333333335 0
3.5750550514277837 0.7815916380239354 0.6280000000000001 0
3.5919297192919046 0.7939789714114198 0.6384666666666668 0
3.60867381112298 0.806542244580845 0.6489333333333335 0
3.62528549260389 0.8192800812242409 0.6594000000000001 0
3.6417629439230863 0.8321910859101898 0.6698666666666668 0
3.6581043599739473 0.8452738442366949 0.6803333333333335 0
3.6743079505525307 0.8585269229861296 0.6908000000000002 0
3.69037194055369 0.871948870282246 0.7012666666666668 0
3.7062945701655376 0.8855382157492275 0.7117333333333334 0
3.722074095062233 0.8992934706727707 0.7222000000000002 0
3.7377087865950713 0.9132131281631712 0.7326666666666668 0
3.7531969319818597 0.9272956633204064 0.7431333333333335 0
3.7685368344945527 0.9415395334011865 0.7536 0
3.7837268136451274 0.9559431779879632 0.7640666666666668 0
3.798765205369681 0.9705050191598736 0.7745333333333335 0
3.813650362210732 0.9852234616656008 0.7850000000000003 0
3.828380653497695 1.0000968930981342 0.7954666666666668 0
3.8429544655255263 1.0151236840714102 0.8059333333333335 0
3.8573702017314986 1.0303021883988093 0.8164 0
3.8716262828701122 1.0456307432734981 0.8268666666666667 0
3.8857211471860946 1.0611076694505888 0.8373333333333335 0
3.899653250585497 1.0767312714311004 0.8478000000000002 0
3.9134210668048444 1.0924998376477015 0.8582666666666668 0
3.927023087578342 1.1084116406522135 0.8687333333333334 0
3.940457822803105 1.1244649373048512 0.8792000000000001 0
3.953723800702398 1.1406579689651843 0.8896666666666668 0
3.9668195679868696 1.156988961684797 0.9001333333333336 0
3.97974369001376 1.173456126401624 0.9106000000000002 0
3.992494750944067 1.1900576591359433 0.9210666666666669 0
4.00507135389765 1.2067917411880005 0.9315333333333334 0
4.017472121106261 1.22365653933725 0.9420000000000002 0
4.029695694064474 1.2406502060431828 0.9524666666666669 0
4.041740733678514 1.2577708796477243 0.9629333333333334 0
4.0536059204129575 1.2750166845791815 0.9734000000000002 0
4.065289954435277 1.2923857315577096 0.9838666666666668 0
4.076791555758253 1.3098761178022846 0.9943333333333335 0
4.08810946438018 1.327485927239152 1.0048000000000001 0
4.0992424404229135 1.3452132307117328 1.0152666666666668 0
4.110189264267693 1.363056086191965 1.0257333333333336 0
4.120948736688751 1.381012538993049 1.0362 0
4.131519678984689 1.3990806219835887 1.0466666666666669 0
4.141900933107605 1.417258355803086 1.0571333333333335 0
4.152091361789958 1.4355437490787843 1.0676000000000003 0
4.162089848669156 1.4539347986438198 1.078066666666667 0
4.17189529840985 1.472429489756671 1.0885333333333334 0
4.181506636823933 1.4910257963218754 1.0990000000000002 0
4.190922810988214 1.5097216811119831 1.1094666666666668 0
4.20014278935977 1.5285150959907408 1.1199333333333334 0
4.209165561888946 1.5474039821374626 1.1304 0
4.217990140130009 1.5663862702725746 1.1408666666666667 0
4.226615557349436 1.5854598808843048 1.1513333333333335 0
4.23504086863181 1.6046227244564932 1.1618000000000002 0
4.243265150983348 1.6238727016975 1.172266666666667 0
4.2512875034330015 1.6432077037701807 1.1827333333333334 0
4.259107047131174 1.6626256125229135 1.1932 0
4.266722925445982 1.682124300721639 1.2036666666666669 0
4.274134304057112 1.7017016322829002 1.2141333333333335 0
4.281340371047214 1.7213554625078524 1.2246000000000004 0
4.28834033699085 1.7410836383172121 1.235066666666667 0
4.295133435040974 1.76088399848713 1.2455333333333336 0
4.30171892101294 1.780754373885952 1.2560000000000002 0
4.308096073466029 1.8006925877118474 1.2664666666666669 0
4.314264193782483 1.8206964557312788 1.2769333333333337 0
4.320222606244035 1.8407637865182842 1.2874000000000003 0
4.325970658105939 1.8608923816945484 1.297866666666667 0
4.331507719668476 1.8810800361702358 1.3083333333333336 0
4.336833184345937 1.901324538385558 1.3188000000000002 0
4.3419464687330755 1.9216236705530503 1.329266666666667 0
4.34684701266902 1.9419752089005304 1.3397333333333337 0
4.351534279298637 1.9623769239147135 1.3502000000000003 0
4.356007755131348 1.9828265805854555 1.360666666666667 0
4.360266950097379 2.003321938650598 1.3711333333333335 0
4.364311397601448 2.023860752841391 1.3816000000000004 0
4.368140654573883 2.044440773128459 1.392066666666667 0
4.3717543015191564 2.0650597449682957 1.4025333333333336 0
4.375151942561845 2.0857154095502475 1.4130000000000003 0
4.378333205489996 2.106405504043967 1.4234666666666669 0
4.381297741795901 2.1271277618473063 1.4339333333333337 0
4.384045226714281 2.1478799128346218 1.4444000000000004 0
4.386575359257856 2.16865968360547 1.4548666666666668 0
4.388887862250326 2.1894647977336574 1.4653333333333336 0
4.390982482356731 2.210292976016621 1.4758000000000002 0
4.392858990111206 2.2311419367251184 1.486266666666667 0
4.3945171799421185 2.25200939585319 1.4967333333333337 0
4.395956870194588 2.272893067368371 1.5072 0
4.397177903150389 2.293790663462131 1.517666666666667 0
4.398180145045224 2.314699894800497 1.5281333333333336 0
4.3989634860833835 2.3356184707748557 1.5386000000000004 0
4.3995278404497675 2.356544099752887 1.549066666666667 0
4.399873146319296 2.377474489329613 1.5595333333333337 0
4.399999365863669 2.3984073465785345 1.5700000000000005 0
4.399906485255524 2.4193403783028136 1.580466666666667 0
4.399594514669941 2.4402712912865034 1.5909333333333335 0
4.399063488283332 2.461197792545763 1.6014000000000002 0
4.398313464269698 2.482117589580057 1.611866666666667 0
4.397344524794251 2.5030283906232977 1.6223333333333336 0
4.396156776004419 2.5239279048949093 1.6328 0
4.394750348018214 2.5448138428507856 1.643266666666667 0
4.393125394909978 2.565683916434103 1.6537333333333335 0
4.391282094693504 2.5865358393259865 1.6642000000000006 0
4.389220649302535 2.607367327195966 1.674666666666667 0
4.3869412845686435 2.628176097952235 1.6851333333333336 0
4.384444250196488 2.648959871991648 1.6956000000000004 0
4.381729819736462 2.66971637244945 1.706066666666667 0
4.378798290554722 2.6904433254487135 1.7165333333333337 0
4.375649983800618 2.711138460349437 1.7270000000000003 0
4.372285244371502 2.7317995099972934 1.7374666666666667 0
4.368704440874953 2.7524242109720034 1.7479333333333338 0
4.364907965588391 2.7730103038352834 1.7584000000000002 0
4.360896234416105 2.793555533378377 1.7688666666666673 0
4.356669686843691 2.8140576488691056 1.7793333333333337 0
4.3522287858899045 2.8345144042984427 1.7898000000000003 0
4.347574018055937 2.854923558626561 1.8002666666666671 0
4.342705893272122 2.8752828760283373 1.8107333333333337 0
4.337624944842069 2.8955901261382913 1.8212000000000004 0
4.3323317293842445 2.9158430842949183 1.8316666666666668 0
4.326826826770988 2.936039531784407 1.8421333333333338 0
4.321110840064992 2.9561772560836896 1.8526000000000002 0
4.315184395453234 2.9762540511028366 1.8630666666666669 0
4.30904814217838 2.9962677174267243 1.8735333333333337 0
4.302702752467657 3.0162160625559853 1.8840000000000003 0
4.296148921459212 3.0360969011471974 1.8944666666666672 0
4.2893873671259595 3.0559080552522855 1.9049333333333338 0
4.282418830196927 3.075647354557119 1.9154000000000004 0
4.2752440740761095 3.0953126366192665 1.9258666666666668 0
4.267863884758834 3.114901747104897 1.9363333333333335 0
4.260279070745662 3.1344125400247833 1.9468000000000003 0
4.25249046295381 3.1538428779693937 1.957266666666667 0
4.244498914626125 3.1731906323430503 1.9677333333333336 0
4.236305301237614 3.192453683597114 1.9782000000000004 0
4.227910520399533 3.211629921462182 1.988666666666667 0
4.219315491761055 3.2307172451792674 1.9991333333333339 0
4.210521156908521 3.249713563729938 2.0096000000000003 0
4.201528479262289 3.26861679606539 2.020066666666667 0
4.192338443971196 3.28742487133442 2.0305333333333335 0
4.182952057804625 3.3061357291102973 2.0410000000000004 0
4.173370349042226 3.3247473196164745 2.051466666666667 0
4.163594367361254 3.3432576039511455 2.0619333333333336 0
4.15362518372159 3.3616645543106074 2.0724 0
4.143463890248405 3.379966154211407 2.0828666666666673 0
4.133111600112531 3.3981603987112403 2.0933333333333337 0
4.122569447408498 3.416245294628606 2.1038000000000006 0
4.111838587030307 3.4342188607611464 2.114266666666667 0
4.100920194544901 3.4520791281026986 2.124733333333334 0
4.089815466063391 3.469824140058993 2.1352000000000007 0
4.078525618110014 3.4874519526619987 2.145666666666667 0
4.067051887488867 3.50496063478289 2.156133333333334 0
4.055395531148411 3.522348268343596 2.1666000000000003 0
4.04355782604378 3.5396129485269303 2.1770666666666667 0
4.031540068996879 3.556752783985264 2.1875333333333336 0
4.019343576554328 3.5737658970477195 2.1980000000000004 0
4.006969684843227 3.5906504239258714 2.2084666666666672 0
3.9944197494247886 3.607404514917927 2.2189333333333336 0
3.981695145145828 3.624026334611358 2.2294000000000005 0
3.968797265988159 3.640514062083972 2.239866666666667 0
3.955727524915872 3.656865891103396 2.2503333333333337 0
3.9424873537205545 3.673080030324944 2.2608 0
3.929078202864429 3.6891547034878656 2.271266666666667 0
3.9155015413214613 3.705088149609931 2.2817333333333334 0
3.9017588564164294 3.72087862318035 2.2922000000000002 0
3.8878516536619907 3.7365243943509894 2.302666666666667 0
3.8737814565937505 3.752023749125881 2.313133333333334 0
3.859549806603359 3.7673749895489888 2.3236000000000003 0
3.8451582627696523 3.782576433890221 2.334066666666667 0
3.8306084016878548 3.7976264168296625 2.344533333333334 0
3.8159018172968637 3.812523289640011 2.3550000000000004 0
3.8010401207046307 3.8272654203671976 2.365466666666667 0
3.7860249400116666 3.8418511940091653 2.3759333333333337 0
3.7708579201326837 3.8562790126927915 2.3864 0
3.755540722616392 3.87054729584894 2.3968666666666674 0
3.740075025463481 3.8846544803856045 2.4073333333333338 0
3.7244625229427903 3.898599020859155 2.4178000000000006 0
3.708704925405703 3.9123793896436343 2.428266666666667 0
3.6928039590987796 3.9259940770981125 2.4387333333333334 0
3.6767613659746416 3.939441591732069 2.4492000000000007 0
3.660578903501149 3.9527204603687816 2.459666666666667 0
3.6442583444688603 3.9658292283067174 2.470133333333334 0
3.6278014767968303 3.9787664594788943 2.4806000000000004 0
3.611210103336737 3.9915307366102013 2.491066666666667 0
3.5944860416753865 4.004120661372662 2.501533333333334 0
3.57763112393559 4.01653485453862 2.5120000000000005 0
3.560647196575455 4.028771956131839 2.5224666666666673 0
3.5435361201861104 4.040830625576478 2.5329333333333337 0
3.526299769287874 4.052709541843963 2.5434 0
3.508940032124898 4.0644074035976985 2.5538666666666674 0
3.491458810458317 4.075922929335629 2.5643333333333342 0
3.4738580193579054 4.087254857530633 2.5748000000000006 0
3.456139586992281 4.0984019467687185 2.585266666666667 0
3.4383054544176757 4.109362975885023 2.595733333333334 0
3.420357575365293 4.120136744097591 2.6062000000000007 0
3.4022979160272757 4.130722071138916 2.616666666666667 0
3.3841284548413078 4.141117797385249 2.627133333333334 0
3.3658511822738797 4.151322783983623 2.6376000000000004 0
3.3474681006022298 4.161335912976625 2.648066666666667 0
3.3289812236949943 4.171156087424864 2.658533333333334 0
3.3103925767915916 4.180782231527136 2.669000000000001 0
3.291704196280354 4.190213290738287 2.6794666666666673 0
3.27291812947544 4.199448231884735 2.6899333333333337 0
3.2540364343925523 4.208486043277651 2.7004000000000006 0
3.235061179523483 4.217325734823795 2.7108666666666674 0
3.2159944436095116 4.2259663381339765 2.721333333333334 0
3.1968383154136717 4.234406906629143 2.7318000000000002 0
3.177594893491933 4.24264651564408 2.742266666666667 0
3.1582662859633044 4.250684262528704 2.7527333333333335 0
3.1388546102788837 4.258519266746955 2.7632000000000008 0
3.1193619929899 4.266150669973247 2.773666666666667 0
3.0997905695147385 4.273577636186512 2.784133333333334 0
3.0801424839050147 4.280799351761776 2.7946000000000004 0
3.0604198886106864 4.287815025559297 2.8050666666666673 0
3.0406249442442577 4.2946238890112305 2.815533333333334 0
3.0207598193440823 4.301225196205831 2.8260000000000005 0
3.000826690136797 4.307618223969162 2.836466666666667 0
2.9808277402989183 4.313802271944323 2.8469333333333338 0
2.9607651607176217 4.31977666266817 2.8574 0
2.9406411492507254 4.32554074164554 2.8678666666666675 0
2.920457910485922 4.331093877420937 2.878333333333334 0
2.9002176554992567 4.3364354616477225 2.8888000000000007 0
2.8799226016129107 4.341564909154751 2.899266666666667 0
2.859574972152289 4.346481658010479 2.9097333333333335 0
2.8391769962024567 4.351185169584523 2.920200000000001 0
2.818730908363946 4.35567492860667 2.930666666666667 0
2.798238948507947 4.359950443223319 2.9411333333333336 0
2.7777033615309357 4.364011245051369 2.9516000000000004 0
2.7571263971087467 4.367856889229531 2.962066666666667 0
2.736510309450114 4.371486954467056 2.972533333333334 0
2.715857357049732 4.374901043089896 2.9830000000000005 0
2.695169802440826 4.378098781084262 2.9934666666666674 0
2.6744499119473013 4.381079818137603 3.003933333333334 0
2.65369995543546 4.383843827676978 3.0144 0
2.6329222060653406 4.386390506904837 3.0248666666666675 0
2.612118940041695 4.388719576832186 3.035333333333334 0
2.5912924363646237 4.3908307823091555 3.0458000000000003 0
2.5704449765799153 4.392723892052953 3.056266666666667 0
2.5495788445291034 4.394398698673196 3.0667333333333344 0
2.528696326099273 4.395855018694632 3.077200000000001 0
2.507799708972634 4.397092692577241 3.0876666666666672 0
2.48689128237591 4.398111584733713 3.098133333333334 0
2.4659733368295593 4.398911583544298 3.1086000000000005 0
2.445048163896835 4.3994926013690385 3.1190666666666673 0
2.4241180559327566 4.3998545745573665 3.1295333333333337 0
2.403185305832972 4.399997463455079 3.140000000000001 0
2.3822522067825824 4.399921252408682 3.150466666666667 0
2.3613210520049077 4.399625949767104 3.160933333333334 0
2.3403941345102792 4.399111587880782 3.1714000000000007 0
2.319473746844832 4.398378223098117 3.181866666666667 0
2.298562180839355 4.397425935759304 3.192333333333334 0
2.277661727358227 4.396254830187526 3.2028000000000003 0
2.256774676048445 4.394865034677527 3.213266666666667 0
2.2359033150887986 4.393256701481561 3.223733333333334 0
2.2150499309391987 4.391430006792708 3.234200000000001 0
2.194216808090193 4.389385150725573 3.2446666666666673 0
2.173406228812701 4.387122357294366 3.255133333333334 0
2.152620472907995 4.384641874388358 3.2656 0
2.1318618174579376 4.381943973744727 3.2760666666666673 0
2.11113253657554 4.379028950918788 3.286533333333334 0
2.090434901155823 4.375897125251615 3.297000000000001 0
2.069771178627046 4.372548839835057 3.307466666666667 0
2.0491436327023016 4.368984461474153 3.3179333333333343 0
2.0285545231315383 4.36520438064695 3.328400000000001 0
2.008006105453996 4.361209011461719 3.338866666666667 0
1.9875006307511087 4.356998791611601 3.349333333333334 0
1.9670403453999086 4.352574182326646 3.3598000000000003 0
1.946627490826925 4.3479356683232915 3.370266666666667 0
1.9262643032626432 4.3430837577512635 3.380733333333334 0
1.9059530134965208 4.3380189821379025 3.391200000000001 0
1.885695846632607 4.332741896329939 3.4016666666666673 0
1.8654950218457786 4.32725307843271 3.412133333333334 0
1.845352752138635 4.321553129746824 3.4226000000000005 0
1.8252712440990564 4.315642674702293 3.4330666666666674 0
1.8052526976584784 4.3095223607901225 3.4435333333333342 0
1.7852993058508861 4.303192858491382 3.4540000000000006 0
1.7654132545725654 4.29665486120375 3.4644666666666675 0
1.7455967223426434 4.289909085165556 3.4749333333333334 0
1.7258518800644203 4.282956269377312 3.485400000000001 0
1.7061808907875653 4.27579717552076 3.4958666666666676 0
1.6865859094711335 4.268432587875428 3.5063333333333344 0
1.6670690827475059 4.26086331323271 3.5168000000000004 0
1.6476325486872128 4.25309018080748 3.527266666666667 0
1.6282784365647185 4.245114042147261 3.5377333333333345 0
1.6090088666251579 4.236935771038929 3.5482000000000005 0
1.5898259498520522 4.2285562634129885 3.5586666666666673 0
1.5707317877360656 4.219976437245433 3.5691333333333337 0
1.551728472044776 4.211197232457169 3.5796000000000006 0
1.5328180845935269 4.202219610811058 3.5900666666666674 0
1.514002697017363 4.193044555806546 3.6005333333333343 0
1.4952843705440821 4.183673072571928 3.6110000000000007 0
1.4766651557684256 4.174106187754232 3.6214666666666675 0
1.4581470924274402 4.164344949406752 3.631933333333334 0
1.439732209177019 4.154390426874232 3.6424000000000007 0
1.421422523369667 4.144243710675721 3.6528666666666676 0
1.4032200408334976 4.133905912385106 3.6633333333333336 0
1.38512675565249 4.123378164509333 3.6738000000000004 0
1.3671446499480453 4.112661620364354 3.6842666666666677 0
1.3492756936618406 4.101757453948768 3.6947333333333345 0
1.331521844340021 4.090666859815218 3.7052000000000005 0
1.3138850469187473 4.07939105293952 3.7156666666666673 0
1.2963672335111371 4.06793126858757 3.7261333333333337 0
1.278970323195592 4.0562887621800146 3.7366000000000006 0
1.2616962218055685 4.044464809154724 3.7470666666666674 0
1.2445468217207922 4.032460704827065 3.757533333333334 0
1.2275240016599442 4.020277764247997 3.7680000000000007 0
1.2106296264748535 4.007917322060016 3.778466666666667 0
1.193865546946194 3.995380732350932 3.7889333333333344 0
1.1772335995807424 3.982669368505542 3.7994000000000008 0
1.1607356064101757 3.9697846230551646 3.8098666666666676 0
1.1443733747914788 3.956727907525095 3.820333333333334 0
1.1281486972089403 3.943500652279967 3.830800000000001 0
1.1120633510777906 3.9301043063670624 3.8412666666666677 0
1.0961190985494853 3.9165403373575636 3.8517333333333337 0
1.0803176863186552 3.9028102311857786 3.862200000000001 0
1.0646608454317683 3.8889154919863653 3.872666666666667 0
1.0491502910974777 3.874857641929543 3.8831333333333338 0
1.033787722498734 3.8606382210543457 3.8936000000000006 0
1.0185748226066318 3.8462587870999094 3.904066666666668 0
1.003513257996045 3.831720915334822 3.914533333333334 0
0.9886046786630458 3.8170261983845446 3.9250000000000007 0
0.9738507178441562 3.8021762460569537 3.935466666666667 0
0.9592529918374206 3.7871726851659737 3.945933333333334 0
0.9448130998253441 3.7720171593533647 3.956400000000001 0
0.9305326236996996 3.756711328908663 3.966866666666667 0
0.9164131278882306 3.741256870587292 3.977333333333334 0
0.9024561591832723 3.7256554774268777 3.9878 0
0.8886632465722919 3.7099088585617683 3.9982666666666677 0
0.8750359010704016 3.6940187390358137 4.008733333333334 0
0.86157561555481 3.677986859613368 4.0192000000000005 0
0.8482838646012909 3.6618149765886026 4.029666666666667 0
0.835162104322636 3.645504861593097 4.040133333333334 0
0.8222117722091409 3.62905830140176 4.050600000000001 0
0.8094342869711266 3.612477097737088 4.061066666666667 0
0.7968310483835175 3.595763067071779 4.071533333333334 0
0.7844034371325004 3.57891804042975 4.082000000000001 0
0.7721528146642673 3.5619438631855385 4.092466666666668 0
0.7600805230358696 3.5448423948621457 4.102933333333334 0
0.7481878847681949 3.527615508927325 4.113400000000001 0
0.7364762027010865 3.5102650925883436 4.123866666666667 0
0.7249467598506127 3.492793046585235 4.134333333333334 0
0.7136008192685197 3.475201284982581 4.1448 0
0.7024396239038546 3.457491734959812 4.155266666666668 0
0.6914643964668112 3.439666336600105 4.165733333333335 0
0.6806763392947726 3.421727042677826 4.1762000000000015 0
0.6700766342206002 3.4036758184446176 4.186666666666667 0
0.6596664424431595 3.3855146414140944 4.197133333333334 0
0.6494469044001161 3.3672455011452183 4.207600000000001 0
0.6394191396429982 3.3488703990243343 4.218066666666667 0
0.6295842467145458 3.3303913480459166 4.228533333333334 0
0.6199433030283719 3.3118103725920522 4.239000000000001 0
0.6104973647509271 3.2931295082106646 4.249466666666668 0
0.6012474666857985 3.2743508013925204 4.2599333333333345 0
0.5921946221603458 3.255476309347036 4.270400000000001 0
0.583339822914692 3.236508099776911 4.280866666666667 0
0.5746840389930763 3.217448250651606 4.291333333333334 0
0.5662282186375891 3.198298849979712 4.3018 0
0.5579732881842869 3.1790619955801924 4.312266666666668 0
0.5499201519617192 3.1597397948525874 4.322733333333335 0
0.5420696921918531 3.1403343645461312 4.333200000000001 0
0.5344227688934262 3.1208478305278646 4.3436666666666675 0
0.526980219787736 3.1012823275497556 4.354133333333333 0
0.5197428602068614 3.0816399990148216 4.364600000000001 0
0.5127114830043502 3.0619229967423407 4.375066666666667 0
0.5058868584683534 3.042133480732095 4.385533333333334 0
0.49926973423724696 3.0222736189277626 4.396000000000001 0
0.49286083521772506 3.002345586979408 4.406466666666668 0
0.4866608635053866 2.982351568005142 4.4169333333333345 0
0.4806704983078214 2.9622937523519655 4.4274000000000004 0
0.47489039587020065 2.942174337355806 4.437866666666667 0
0.4693211894033884 2.921995527100811 4.448333333333334 0
0.4639634890145712 2.901759532177883 4.458800000000001 0
0.4588178816404216 2.8814685694425126 4.469266666666668 0
0.4538849309827986 2.8611248617719216 4.479733333333334 0
0.4491651774469938 2.8407306378215393 4.490200000000001 0
0.4446591380825311 2.8202881317808655 4.5006666666666675 0
0.44036730652652345 2.799799583128707 4.511133333333333 0
0.4362901529495935 2.779267236387839 4.5216 0
0.43242812400436836 2.758693340879129 4.532066666666667 0
0.42878164277654784 2.7380801504751124 4.542533333333334 0
0.42535110873855464 2.7174299233530848 4.553000000000002 0
0.4221368977057749 2.696744921747726 4.563466666666667 0
0.419139361795382 2.6760274117032474 4.5739333333333345 0
0.41635882938776914 2.655279662825183 4.5844000000000005 0
0.41379560509056956 2.6345039480317194 4.594866666666667 0
0.41144996970528935 2.6137025433047207 4.605333333333334 0
0.40932218019654587 2.592877727440383 4.615800000000001 0
0.4074124696639154 2.572031781799596 4.626266666666668 0
0.40572104731639946 2.5511669900580203 4.636733333333334 0
0.40424809844950316 2.530285637955903 4.647200000000001 0
0.40299378442493894 2.5093900130476867 4.6576666666666675 0
0.4019582426529471 2.4884824044513993 4.668133333333334 0
0.40114158657724386 2.4675651025978835 4.678600000000001 0
0.400543905662593 2.4466403989798784 4.689066666666668 0
0.40016526538500474 2.4257105859009904 4.699533333333334 0
0.40000570722456397 2.404777956224561 4.710000000000001 0
0.40006524866088444 2.383844803122499 4.720466666666667 0
0.4003438831711956 2.3629134198240465 4.730933333333334 0
0.40084158023105565 2.3419860993645663 4.741400000000001 0
0.40155828531769644 2.3210651343343436 4.751866666666667 0
0.4024939199159965 2.3001528166274126 4.762333333333335 0
0.40364838152708127 2.2792514371905077 4.7728 0
0.40502154367955345 2.258363285772056 4.783266666666668 0
0.40661325594334663 2.2374906506713703 4.793733333333335 0
0.4084233439462055 2.216635818487943 4.804200000000001 0
0.410451609392789 2.1958010738709506 4.8146666666666675 0
0.41269783008639194 2.174988699268981 4.825133333333334 0
0.41516175995328797 2.154200974679981 4.835600000000001 0
0.4178431290696869 2.1334401774014875 4.846066666666668 0
0.42074164369130407 2.112708581781148 4.856533333333334 0
0.42385698628554125 2.0920084589675603 4.867000000000001 0
0.4271888155662713 2.0713420766614794 4.877466666666667 0
0.4307367665312274 2.050711698867376 4.887933333333335 0
0.4345004505019865 2.030119585645433 4.898400000000001 0
0.43847945516655207 2.0095679928639383 4.908866666666667 0
0.4426733446245219 1.9890591719521595 4.919333333333334 0
0.4470816594348399 1.9685953696537073 4.9298 0
0.4517039166661303 1.9481788277803893 4.940266666666668 0
0.4565396099495991 1.9278117829666392 4.950733333333335 0
0.4615882095345105 1.9074964664244773 4.961200000000001 0
0.466849162346221 1.88723510369908 4.9716666666666685 0
0.4723218920467642 1.86702991442499 4.982133333333334 0
0.47800579909799534 1.8468831120829297 4.992600000000001 0
0.48390026082726556 1.8267969037573333 5.003066666666668 0
0.4900046314956379 1.8067734898945544 5.013533333333334 0
0.49631824236862876 1.7868150640618006 5.024000000000001 0
0.5028404017894661 1.7669238127068385 5.034466666666668 0
0.5095703952548611 1.7471019149184626 5.044933333333335 0
0.5165074854932827 1.7273515421877752 5.0554000000000014 0
0.5236509125457252 1.707674858170303 5.065866666666667 0
0.5309998938489624 1.6880740184489604 5.076333333333334 0
0.5385536243212763 1.6685511702979186 5.0868 0
0.5463112764506564 1.6491084524473552 5.097266666666667 0
0.5542720003854509 1.6297479948491693 5.107733333333335 0
0.5624349240274669 1.6104719184436447 5.118200000000001 0
0.5707991531275163 1.5912823349270844 5.1286666666666685 0
0.5793637713833693 1.5721813465205003 5.1391333333333336 0
0.5881278405401495 1.5531710457392838 5.149600000000001 0
0.5970904004931052 1.5342535151640009 5.160066666666668 0
0.6062504693927988 1.5154308272122263 5.170533333333334 0
0.6156070437526673 1.4967050439115113 5.181000000000001 0
0.6251590985589499 1.478078216673496 5.191466666666668 0
0.6349055873829825 1.4595523860691726 5.201933333333335 0
0.6448454424958328 1.4411295816053395 5.2124000000000015 0
0.6549775749852689 1.422811821502272 5.222866666666667 0
0.6653008748750535 1.4046011124726199 5.233333333333334 0
0.6758142112465366 1.3864994495015814 5.2438 0
0.6865164323625539 1.3685088156283398 5.254266666666668 0
0.697406365793592 1.350631181728837 5.264733333333335 0
0.7084828185462346 1.3328685062998515 5.275200000000001 0
0.7197445771938551 1.3152227352444448 5.285666666666668 0
0.7311904080095419 1.2976958016587976 5.296133333333334 0
0.7428190571012603 1.2802896256204266 5.3066 0
0.754629250549212 1.2630061139778488 5.317066666666668 0
0.7666196945453907 1.2458471601416874 5.327533333333334 0
0.7787890755353297 1.228814643877234 5.338000000000002 0
0.7911360603619861 1.2119104310985431 5.348466666666667 0
0.8036592964118074 1.1951363736639922 5.358933333333335 0
0.8163574117628907 1.1784943091734408 5.3694000000000015 0
0.8292290153352893 1.161986060766901 5.3798666666666675 0
0.8422726970434056 1.1456134369248152 5.390333333333334 0
0.8554870279504596 1.1293782312699439 5.400800000000001 0
0.8688705604250337 1.1132822223708687 5.411266666666668 0
0.8824218282996599 1.0973271735471513 5.421733333333335 0
0.8961393470314372 1.081514832676162 5.432200000000001 0
0.9100216138646684 1.0658469320015964 5.442666666666668 0
0.9240671079954783 1.0503251879437145 5.453133333333334 0
0.9382742907384287 1.0349513009112983 5.4636000000000005 0
0.9526416056950733 1.0197269551153785 5.474066666666668 0
0.9671674789244598 1.0046538183847307 5.484533333333334 0
0.9818503191155676 0.989733541983153 5.495000000000001 0
0.9966885177616216 0.9749677604285838 5.505466666666667 0
1.0116804493363156 0.960358091314029 5.515933333333334 0
1.0268244714718815 0.9459061351303613 5.5264000000000015 0
1.0421189251390097 0.9316134750909888 5.5368666666666675 0
1.0575621348286073 0.9174816769584011 5.547333333333334 0
1.0731524087353361 0.903512288872655 5.5578 0
1.088888038942963 0.8897068411817621 5.568266666666668 0
1.1047673016114483 0.8760668462740528 5.578733333333335 0
1.120788457165804 0.8625937984124832 5.589200000000001 0
1.136949750486664 0.8492891735709396 5.599666666666668 0
1.153249411102549 0.8361544292725513 5.6101333333333345 0
1.1696856533838302 0.8231910044300141 5.620600000000001 0
1.1862566767383411 0.8104003191879583 5.631066666666668 0
1.2029606658086325 0.797783774767373 5.641533333333334 0
1.2197957906708503 0.7853427533120978 5.652000000000001 0
1.2367602070351946 0.7730786177374158 5.662466666666667 0
1.2538520564479727 0.7609927115807389 5.672933333333334 0
1.2710694664951827 0.7490863588544285 5.683400000000001 0
1.288410551007643 0.7373608639007476 5.6938666666666675 0
1.3058734102676204 0.7258175112489698 5.704333333333334 0
1.3234561312169433 0.7144575654746601 5.7148 0
1.3411567876665846 0.7032822710611366 5.725266666666668 0
1.358973440507661 0.6922928522631451 5.735733333333335 0
1.3769041379238764 0.6814905129727349 5.746200000000001 0
1.3949469156053413 0.6708764365873723 5.756666666666668 0
1.413099796963757 0.6604517858803043 5.7671333333333346 0
1.4313607933489556 0.650217702873173 5.777600000000001 0
1.4497279042667561 0.6401753087109077 5.788066666666668 0
1.4681991175981173 0.6303257035389045 5.798533333333334 0
1.4867724098195718 0.6206699663825015 5.809000000000001 0
1.505445746224892 0.6112091550287775 5.819466666666667 0
1.5242170811480071 0.601944305910664 5.829933333333335 0
1.5430843581870874 0.5928764339934127 5.840400000000002 0
1.5620455104298396 0.5840065326633985 5.8508666666666675 0
1.581098460679934 0.5753355736192951 5.861333333333334 0
1.6002411216845525 0.5668645067656297 5.8718 0
1.619471396363061 0.558594260108715 5.882266666666667 0
1.6387871780367333 0.5505257396549903 5.892733333333335 0
1.658186350659539 0.5426598293117688 5.903200000000001 0
1.6776667890499701 0.5349973907903989 5.913666666666669 0
1.6972263591238308 0.5275392635118743 5.924133333333334 0
1.7168629181280584 0.5202862645148627 5.934600000000001 0
1.7365743148754276 0.5132391883662115 5.945066666666668 0
1.756358389980237 0.506398807073895 5.955533333333334 0
1.7762129760948664 0.4997658700024419 5.966000000000001 0
1.796135898147201 0.49334110379084506 5.976466666666668 0
1.8161249735789196 0.48712521227295613 5.986933333333335 0
1.8361780125845888 0.48111887640038087 5.997400000000002 0
1.856292818351559 0.4753227541678813 6.007866666666668 0
1.876467187300629 0.4697374805412904 6.018333333333334 0
1.8966989093274373 0.46436366738795454 6.0288 0
1.916985768044594 0.45920190340970035 6.039266666666667 0
1.9373255410244754 0.45425275407834476 6.049733333333335 0
1.957716000042688 0.44951676157374765 6.060200000000001 0
1.9781549113221888 0.4449944447244121 6.070666666666668 0
1.9986400357779783 0.44068629895065103 6.0811333333333355 0
2.0191691292623917 0.43659279621031355 6.091600000000001 0
2.0397399428109697 0.43271438494707715 6.102066666666668 0
2.060350222888796 0.4290514900413278 6.112533333333334 0
2.080997711637406 0.42560451276360833 6.123000000000001 0
2.1016801471221154 0.4223738307306617 6.133466666666669 0
2.1223952635798153 0.4193597978640642 6.143933333333335 0
2.1431407916672045 0.41656274435145035 6.154400000000002 0
2.163914458709375 0.4139829766103431 6.164866666666668 0
2.1847139889487996 0.41162077725458435 6.1753333333333345 0
2.2055371037946303 0.40947640506337635 6.185800000000001 0
2.226381522072325 0.40755009495293004 6.196266666666668 0
2.2472449602735467 0.40584205795073247 6.206733333333335 0
2.268125132806324 0.4043524811724264 6.217200000000001 0
2.2890197522454416 0.40308152780131334 6.227666666666668 0
2.3099265295830187 0.40202933707047595 6.238133333333335 0
2.3308431744792757 0.4011960242475261 6.248600000000001 0
2.351767395513446 0.4005816806219755 6.2590666666666674 0
