 0.401 0.434 0.781603 3.26879e-32 7.04713e-317 0.381 0.4545 0.9072 0 0 0 1.897 0.202 4.69586e+257 0 7.04735e-317 4.13003e-27 
 0.412 0.444 0.781604 3.26879e-32 7.04713e-317 0.3771 0.4494 0.9069 0.185575 0.325335 0.305672 1.904 0.18 4.69586e+257 0 7.04735e-317 4.13003e-27 
 0.397 0.442 0.781635 3.26879e-32 7.04713e-317 0.385 0.4595 0.9075 0.199898 0.275335 0.243028 1.903 0.19 4.69586e+257 0 7.04735e-317 4.13003e-27 
 0.399 0.457 0.792542 3.26879e-32 7.04713e-317 0.3771 0.4494 0.9069 0.185492 0.20593 0.197235 1.905 0.23 4.69586e+257 0 7.04735e-317 4.13003e-27 
 0.428 0.456 0.802857 3.26879e-32 7.04713e-317 0.385 0.4595 0.9075 0.18158 0.347922 0.332119 1.85 0.217 4.69586e+257 0 7.04735e-317 4.13003e-27 
 0.475 0.46 0.820588 3.26879e-32 7.04713e-317 0.3969 0.4748 0.9083 0.174398 0.537822 0.506748 1.865 0.211 4.69586e+257 0 7.04735e-317 4.13003e-27 
 0.459 0.457 0.861298 3.26879e-32 7.04713e-317 0.417 0.5006 0.9097 0.201697 0.446994 0.379567 1.829 0.288 4.69586e+257 0 7.04735e-317 4.13003e-27 
 0.459 0.501 0.915075 3.26879e-32 7.04713e-317 0.409 0.4903 0.9092 0.17475 0.253153 0.255079 1.811 0.282 4.69586e+257 0 7.04735e-317 4.13003e-27 
 0.494 0.538 0.955682 3.26879e-32 7.04713e-317 0.4292 0.5163 0.9104 0.165094 0.275488 0.291788 1.802 0.275 4.69586e+257 0 7.04735e-317 4.13003e-27 
 0.502 0.571 0.979201 3.26879e-32 7.04713e-317 0.4581 0.5535 0.912 0.173893 0.177222 0.181428 1.788 0.27 4.69586e+257 0 7.04735e-317 4.13003e-27 
 0.51 0.573 1.0051 3.26879e-32 7.04713e-317 0.4832 0.586 0.9132 0.19347 0.185252 0.170678 1.77 0.319 4.69586e+257 0 7.04735e-317 4.13003e-27 
 0.487 0.583 1.02134 3.26879e-32 7.04713e-317 0.479 0.5806 0.913 0.191943 0.00443089 0.00415517 1.785 0.322 4.69586e+257 0 7.04735e-317 4.13003e-27 
 0.491 0.577 1.0405 3.26879e-32 7.04713e-317 0.4832 0.586 0.9132 0.196561 0.0384972 0.0352391 1.763 0.356 4.69586e+257 0 7.04735e-317 4.13003e-27 
 0.544 0.611 1.04324 3.26879e-32 7.04713e-317 0.479 0.5806 0.913 0.159579 0.266078 0.291573 1.757 0.377 4.69586e+257 0 7.04735e-317 4.13003e-27 
 0.593 0.622 1.051 3.26879e-32 7.04713e-317 0.513 0.6246 0.9145 0.17297 0.48026 0.46347 1.75 0.372 4.69586e+257 0 7.04735e-317 4.13003e-27 
 0.593 0.66 1.0807 3.26879e-32 7.04713e-317 0.5389 0.6583 0.9154 0.177535 0.334681 0.327136 1.73 0.382 4.69586e+257 0 7.04735e-317 4.13003e-27 
 0.552 0.662 1.12847 3.26879e-32 7.04713e-317 0.5564 0.681 0.9159 0.202695 -0.0036949 -0.00328118 1.721 0.375 4.69586e+257 0 7.04735e-317 4.13003e-27 
 0.528 0.666 1.15967 3.26879e-32 7.04713e-317 0.5433 0.664 0.9155 0.193771 -0.186273 -0.171338 1.735 0.368 4.69586e+257 0 7.04735e-317 4.13003e-27 
 0.532 0.685 1.15951 3.26879e-32 7.04713e-317 0.5389 0.6583 0.9154 0.178612 -0.216068 -0.2144 1.757 0.398 4.69586e+257 0 7.04735e-317 4.13003e-27 
 0.524 0.708 1.15855 3.26879e-32 7.04713e-317 0.5476 0.6696 0.9156 0.176899 -0.321696 -0.316344 1.733 0.387 4.69586e+257 0 7.04735e-317 4.13003e-27 
 0.523 0.726 1.1545 3.26879e-32 7.04713e-317 0.5608 0.6868 0.916 0.179033 -0.325725 -0.316477 1.68 0.423 4.69586e+257 0 7.04735e-317 4.13003e-27 
 0.556 0.767 1.13684 3.26879e-32 7.04713e-317 0.5476 0.6696 0.9156 0.137316 -0.175946 -0.226674 1.679 0.441 4.69586e+257 0 7.04735e-317 4.13003e-27 
 0.546 0.824 1.10289 3.26879e-32 7.04713e-317 0.5917 0.7271 0.9168 0.155801 -0.462578 -0.490809 1.673 0.443 4.69586e+257 0 7.04735e-317 4.13003e-27 
 0.533 0.849 1.0863 3.26879e-32 7.04713e-317 0.6232 0.7681 0.9175 0.179071 -0.613803 -0.523599 1.658 0.457 4.69586e+257 0 7.04735e-317 4.13003e-27 
 0.545 0.839 1.03565 3.26879e-32 7.04713e-317 0.6277 0.774 0.9176 0.186718 -0.470835 -0.426088 1.668 0.472 4.69586e+257 0 7.04735e-317 4.13003e-27 
 0.545 0.827 0.970346 3.26879e-32 7.04713e-317 0.6322 0.78 0.9176 0.198866 -0.346756 -0.304124 1.661 0.478 4.69586e+257 0 7.04735e-317 4.13003e-27 
 0.542 0.832 0.924502 3.26879e-32 7.04713e-317 0.6232 0.7681 0.9175 0.190102 -0.330568 -0.303342 1.66 0.495 4.69586e+257 0 7.04735e-317 4.13003e-27 
 0.557 0.829 0.888086 3.26879e-32 7.04713e-317 0.6232 0.7681 0.9175 0.184711 -0.177382 -0.171166 1.647 0.499 4.69586e+257 0 7.04735e-317 4.13003e-27 
 0.523 0.846 0.85895 3.26879e-32 7.04713e-317 0.6277 0.774 0.9176 0.196983 -0.376673 -0.331496 1.641 0.526 4.69586e+257 0 7.04735e-317 4.13003e-27 
 0.547 0.872 0.834527 3.26879e-32 7.04713e-317 0.6232 0.7681 0.9175 0.172314 -0.348727 -0.349342 1.643 0.527 4.69586e+257 0 7.04735e-317 4.13003e-27 
 0.545 0.894 0.794172 3.26879e-32 7.04713e-317 0.6413 0.7918 0.9178 0.181449 -0.36378 -0.346329 1.634 0.557 4.69586e+257 0 7.04735e-317 4.13003e-27 
 0.597 0.926 0.757708 3.26879e-32 7.04713e-317 0.6504 0.8038 0.9179 0.153502 -0.183977 -0.21248 1.623 0.536 4.69586e+257 0 7.04735e-317 4.13003e-27 
 0.6 0.936 0.721959 3.26879e-32 7.04713e-317 0.6826 0.8459 0.9183 0.17337 -0.0193042 -0.0200398 1.579 0.56 4.69586e+257 0 7.04735e-317 4.13003e-27 
 0.619 0.955 0.709261 3.26879e-32 7.04713e-317 0.6919 0.858 0.9184 0.163976 0.0384111 0.0421396 1.579 0.585 4.69586e+257 0 7.04735e-317 4.13003e-27 
 0.596 0.947 0.707149 3.26879e-32 7.04713e-317 0.7058 0.8763 0.9185 0.188061 0.0293757 0.0281092 1.564 0.609 4.69586e+257 0 7.04735e-317 4.13003e-27 
 0.586 0.953 0.706762 3.26879e-32 7.04713e-317 0.7058 0.8763 0.9185 0.184465 0.111208 0.108094 1.491 0.608 4.69586e+257 0 7.04735e-317 4.13003e-27 
 0.588 0.951 0.707195 3.26879e-32 7.04713e-317 0.7012 0.8702 0.9185 0.180487 0.175602 0.17337 1.462 0.579 4.69586e+257 0 7.04735e-317 4.13003e-27 
 0.599 0.963 0.708179 3.26879e-32 7.04713e-317 0.6965 0.8641 0.9185 0.167324 0.16926 0.18011 1.462 0.577 4.69586e+257 0 7.04735e-317 4.13003e-27 
 0.574 0.976 0.714039 3.26879e-32 7.04713e-317 0.7058 0.8763 0.9185 0.183878 0.011788 0.0115389 1.446 0.579 4.69586e+257 0 7.04735e-317 4.13003e-27 
 0.631 0.99 0.715213 3.26879e-32 7.04713e-317 0.7058 0.8763 0.9185 0.153068 0.25752 0.294051 1.456 0.576 4.69586e+257 0 7.04735e-317 4.13003e-27 
 0.671 0.996 0.718485 3.26879e-32 7.04713e-317 0.7292 0.9069 0.9187 0.150432 0.533594 0.523599 1.474 0.628 4.69586e+257 0 7.04735e-317 4.13003e-27 
 0.676 1.029 0.741886 3.26879e-32 7.04713e-317 0.7434 0.9254 0.9187 0.154899 0.273754 0.307991 1.519 0.627 4.69586e+257 0 7.04735e-317 4.13003e-27 
 0.681 1.026 0.793959 3.26879e-32 7.04713e-317 0.7671 0.9565 0.9187 0.175255 0.379988 0.372096 1.505 0.656 4.69586e+257 0 7.04735e-317 4.13003e-27 
 0.68 1.049 0.822869 3.26879e-32 7.04713e-317 0.7718 0.9627 0.9187 0.173401 0.21142 0.216041 1.517 0.659 4.69586e+257 0 7.04735e-317 4.13003e-27 
 0.688 1.069 0.860832 3.26879e-32 7.04713e-317 0.7766 0.969 0.9187 0.167567 0.174213 0.184999 1.509 0.669 4.69586e+257 0 7.04735e-317 4.13003e-27 
 0.674 1.093 0.880947 3.26879e-32 7.04713e-317 0.791 0.9878 0.9187 0.180905 -0.119568 -0.118414 1.53 0.65 4.69586e+257 0 7.04735e-317 4.13003e-27 
 0.705 1.117 0.892251 3.26879e-32 7.04713e-317 0.8006 1.0003 0.9187 0.170766 -0.09175 -0.0964112 1.546 0.637 4.69586e+257 0 7.04735e-317 4.13003e-27 
 0.695 1.121 0.888982 3.26879e-32 7.04713e-317 0.8198 1.0256 0.9186 0.189228 -0.0188991 -0.0179755 1.503 0.665 4.69586e+257 0 7.04735e-317 4.13003e-27 
 0.686 1.139 0.88846 3.26879e-32 7.04713e-317 0.8198 1.0256 0.9186 0.183206 -0.163118 -0.158912 1.518 0.695 4.69586e+257 0 7.04735e-317 4.13003e-27 
 0.705 1.166 0.887786 3.26879e-32 7.04713e-317 0.8295 1.0383 0.9186 0.176284 -0.0967629 -0.0984829 1.49 0.691 4.69586e+257 0 7.04735e-317 4.13003e-27 
 0.734 1.187 0.885556 3.26879e-32 7.04713e-317 0.8392 1.051 0.9185 0.168824 0.0259533 0.0276643 1.474 0.683 4.69586e+257 0 7.04735e-317 4.13003e-27 
 0.733 1.178 0.884593 3.26879e-32 7.04713e-317 0.8636 1.0829 0.9183 0.197479 0.0673059 0.0612717 1.47 0.672 4.69586e+257 0 7.04735e-317 4.13003e-27 
 0.745 1.191 0.885871 3.26879e-32 7.04713e-317 0.8636 1.0829 0.9183 0.187891 0.174471 0.165612 1.442 0.688 4.69586e+257 0 7.04735e-317 4.13003e-27 
 0.742 1.188 0.88698 3.26879e-32 7.04713e-317 0.8685 1.0893 0.9182 0.195453 0.121073 0.111042 1.453 0.675 4.69586e+257 0 7.04735e-317 4.13003e-27 
 0.768 1.227 0.890899 3.26879e-32 7.04713e-317 0.8685 1.0893 0.9182 0.16941 0.0178348 0.0189473 1.478 0.668 4.69586e+257 0 7.04735e-317 4.13003e-27 
 0.774 1.291 0.894622 3.26879e-32 7.04713e-317 0.8931 1.1214 0.918 0.155578 -0.309287 -0.34364 1.497 0.667 4.69586e+257 0 7.04735e-317 4.13003e-27 
 0.767 1.327 0.895274 3.26879e-32 7.04713e-317 0.9227 1.1602 0.9176 0.148876 -0.366524 -0.417141 1.464 0.704 4.69586e+257 0 7.04735e-317 4.13003e-27 
 0.768 1.317 0.889896 3.26879e-32 7.04713e-317 0.9426 1.1862 0.9173 0.191786 -0.259927 -0.239281 1.465 0.731 4.69586e+257 0 7.04735e-317 4.13003e-27 
 0.773 1.327 0.873794 3.26879e-32 7.04713e-317 0.9426 1.1862 0.9173 0.175116 -0.252209 -0.253659 1.461 0.73 4.69586e+257 0 7.04735e-317 4.13003e-27 
 0.798 1.358 0.847929 3.26879e-32 7.04713e-317 0.9426 1.1862 0.9173 0.190593 -0.23819 -0.221269 1.426 0.725 4.69586e+257 0 7.04735e-317 4.13003e-27 
 0.801 1.357 0.82082 3.26879e-32 7.04713e-317 0.9676 1.2188 0.9168 0.212356 -0.115452 -0.09755 1.415 0.737 4.69586e+257 0 7.04735e-317 4.13003e-27 
 0.827 1.358 0.796594 3.26879e-32 7.04713e-317 0.9776 1.2318 0.9166 0.209759 0.0387203 0.0332148 1.425 0.735 4.69586e+257 0 7.04735e-317 4.13003e-27 
 0.86 1.374 0.787723 3.26879e-32 7.04713e-317 0.9826 1.2384 0.9166 0.198143 0.178757 0.160983 1.424 0.749 4.69586e+257 0 7.04735e-317 4.13003e-27 
 0.854 1.404 0.788384 3.26879e-32 7.04713e-317 1.0027 1.2646 0.9161 0.206902 0.0379695 0.0330206 1.428 0.774 4.69586e+257 0 7.04735e-317 4.13003e-27 
 0.858 1.4 0.790254 3.26879e-32 7.04713e-317 1.0078 1.2712 0.916 0.214108 0.0109121 0.00917355 1.435 0.744 4.69586e+257 0 7.04735e-317 4.13003e-27 
 0.862 1.41 0.791702 3.26879e-32 7.04713e-317 1.0128 1.2778 0.9159 0.217339 -0.0165072 -0.0136704 1.418 0.733 4.69586e+257 0 7.04735e-317 4.13003e-27 
 0.874 1.424 0.791514 3.26879e-32 7.04713e-317 1.0179 1.2843 0.9158 0.215345 0.00771317 0.0064471 1.401 0.739 4.69586e+257 0 7.04735e-317 4.13003e-27 
 0.9 1.453 0.791473 3.26879e-32 7.04713e-317 1.0331 1.3041 0.9155 0.205393 -0.0626813 -0.0548767 1.447 0.748 4.69586e+257 0 7.04735e-317 4.13003e-27 
 0.904 1.474 0.79163 3.26879e-32 7.04713e-317 1.0534 1.3305 0.915 0.216729 -0.199372 -0.164096 1.449 0.723 4.69586e+257 0 7.04735e-317 4.13003e-27 
 0.933 1.472 0.789761 3.26879e-32 7.04713e-317 1.0636 1.3438 0.9147 0.218849 0.0019303 0.00158764 1.437 0.732 4.69586e+257 0 7.04735e-317 4.13003e-27 
 0.954 1.488 0.782869 3.26879e-32 7.04713e-317 1.0738 1.357 0.9144 0.218056 0.13551 0.111397 1.417 0.767 4.69586e+257 0 7.04735e-317 4.13003e-27 
 0.949 1.528 0.782631 3.26879e-32 7.04713e-317 1.0942 1.3835 0.9139 0.222613 -0.0925368 -0.0746841 1.423 0.775 4.69586e+257 0 7.04735e-317 4.13003e-27 
 0.96 1.537 0.783171 3.26879e-32 7.04713e-317 1.1044 1.3968 0.9136 0.225758 -0.0573991 -0.0457332 1.42 0.785 4.69586e+257 0 7.04735e-317 4.13003e-27 
 0.96 1.55 0.781104 3.26879e-32 7.04713e-317 1.1198 1.4167 0.9131 0.236284 -0.0758689 -0.0577322 1.413 0.798 4.69586e+257 0 7.04735e-317 4.13003e-27 
 0.986 1.579 0.777439 3.26879e-32 7.04713e-317 1.125 1.4234 0.9129 0.226438 -0.0313146 -0.0248875 1.38 0.824 4.69586e+257 0 7.04735e-317 4.13003e-27 
 1.002 1.618 0.772961 3.26879e-32 7.04713e-317 1.1404 1.4434 0.9125 0.221831 -0.115948 -0.0938069 1.373 0.846 4.69586e+257 0 7.04735e-317 4.13003e-27 
 1.018 1.625 0.769101 3.26879e-32 7.04713e-317 1.1714 1.4834 0.9114 0.245957 -0.0159859 -0.0116985 1.359 0.858 4.69586e+257 0 7.04735e-317 4.13003e-27 
 1.015 1.657 0.760253 3.26879e-32 7.04713e-317 1.1765 1.49 0.9112 0.240437 -0.162107 -0.120768 1.348 0.87 4.69586e+257 0 7.04735e-317 4.13003e-27 
 1.049 1.643 0.754646 3.26879e-32 7.04713e-317 1.1921 1.5101 0.9107 0.246657 0.0304459 0.0222146 1.368 0.855 4.69586e+257 0 7.04735e-317 4.13003e-27 
 1.082 1.677 0.739845 3.26879e-32 7.04713e-317 1.2024 1.5234 0.9103 0.231047 -0.0562336 -0.0437815 1.355 0.837 4.69586e+257 0 7.04735e-317 4.13003e-27 
 1.094 1.717 0.738539 3.26879e-32 7.04713e-317 1.2284 1.5568 0.9093 0.233235 -0.197987 -0.151624 1.363 0.846 4.69586e+257 0 7.04735e-317 4.13003e-27 
 1.1 1.75 0.733126 3.26879e-32 7.04713e-317 1.2492 1.5835 0.9085 0.233327 -0.341295 -0.257449 1.39 0.846 4.69586e+257 0 7.04735e-317 4.13003e-27 
 1.107 1.766 0.712242 3.26879e-32 7.04713e-317 1.2753 1.617 0.9074 0.25136 -0.261502 -0.185119 1.383 0.878 4.69586e+257 0 7.04735e-317 4.13003e-27 
 1.108 1.779 0.675763 3.26879e-32 7.04713e-317 1.2753 1.617 0.9074 0.249574 -0.222861 -0.159371 1.365 0.901 4.69586e+257 0 7.04735e-317 4.13003e-27 
 1.139 1.776 0.651273 3.26879e-32 7.04713e-317 1.2962 1.6437 0.9065 0.25701 -0.0496337 -0.0347475 1.365 0.895 4.69586e+257 0 7.04735e-317 4.13003e-27 
 1.138 1.799 0.631965 3.26879e-32 7.04713e-317 1.2962 1.6437 0.9065 0.252245 -0.123343 -0.0877901 1.338 0.91 4.69586e+257 0 7.04735e-317 4.13003e-27 
 1.164 1.805 0.626069 3.26879e-32 7.04713e-317 1.3119 1.6637 0.9058 0.254997 -0.0450936 -0.0318204 1.324 0.911 4.69586e+257 0 7.04735e-317 4.13003e-27 
 1.17 1.829 0.615353 3.26879e-32 7.04713e-317 1.3276 1.6838 0.905 0.254729 -0.112225 -0.0791364 1.349 0.916 4.69586e+257 0 7.04735e-317 4.13003e-27 
 1.198 1.842 0.609615 3.26879e-32 7.04713e-317 1.3329 1.6904 0.9048 0.243936 -0.10258 -0.0755492 1.333 0.915 4.69586e+257 0 7.04735e-317 4.13003e-27 
 1.225 1.86 0.598672 3.26879e-32 7.04713e-317 1.3539 1.7171 0.9038 0.241437 -0.0895187 -0.0666406 1.351 0.91 4.69586e+257 0 7.04735e-317 4.13003e-27 
 1.242 1.883 0.588976 3.26879e-32 7.04713e-317 1.3749 1.7438 0.9027 0.245861 -0.159294 -0.116098 1.288 0.897 4.69586e+257 0 7.04735e-317 4.13003e-27 
 1.251 1.908 0.578943 3.26879e-32 7.04713e-317 1.3906 1.7637 0.9019 0.247128 -0.204924 -0.148166 1.287 0.911 4.69586e+257 0 7.04735e-317 4.13003e-27 
 1.271 1.913 0.562093 3.26879e-32 7.04713e-317 1.4064 1.7837 0.901 0.251721 -0.0965314 -0.0689181 1.278 0.928 4.69586e+257 0 7.04735e-317 4.13003e-27 
 1.285 1.938 0.543709 3.26879e-32 7.04713e-317 1.4169 1.797 0.9005 0.249568 -0.0516836 -0.0372594 1.3 0.98 4.69586e+257 0 7.04735e-317 4.13003e-27 
 1.309 1.951 0.533699 3.26879e-32 7.04713e-317 1.4327 1.8169 0.8996 0.248181 -0.0463234 -0.0335847 1.261 0.978 4.69586e+257 0 7.04735e-317 4.13003e-27 
 1.334 1.951 0.52755 3.26879e-32 7.04713e-317 1.4485 1.8368 0.8987 0.242673 -0.0263533 -0.0195448 1.264 0.933 4.69586e+257 0 7.04735e-317 4.13003e-27 
 1.366 1.948 0.52184 3.26879e-32 7.04713e-317 1.4538 1.8434 0.8984 0.236731 0.0760735 0.0577785 1.2 0.954 4.69586e+257 0 7.04735e-317 4.13003e-27 
 1.392 1.967 0.519184 3.26879e-32 7.04713e-317 1.4696 1.8632 0.8974 0.23167 0.112948 0.0875327 1.231 0.974 4.69586e+257 0 7.04735e-317 4.13003e-27 
 1.399 1.986 0.520408 3.26879e-32 7.04713e-317 1.4854 1.883 0.8965 0.234261 0.0560307 0.0430259 1.222 0.977 4.69586e+257 0 7.04735e-317 4.13003e-27 
 1.441 1.988 0.521868 3.26879e-32 7.04713e-317 1.5012 1.9028 0.8955 0.224828 0.190261 0.151164 1.26 0.975 4.69586e+257 0 7.04735e-317 4.13003e-27 
 1.445 2.001 0.523012 3.26879e-32 7.04713e-317 1.517 1.9225 0.8945 0.234657 0.180184 0.137345 1.23 0.999 4.69586e+257 0 7.04735e-317 4.13003e-27 
 1.442 2.034 0.527093 3.26879e-32 7.04713e-317 1.5223 1.929 0.8941 0.226923 -0.0321302 -0.0254808 1.194 0.997 4.69586e+257 0 7.04735e-317 4.13003e-27 
 1.46 2.061 0.533149 3.26879e-32 7.04713e-317 1.5328 1.9422 0.8934 0.220093 -0.0957253 -0.0781282 1.186 1.027 4.69586e+257 0 7.04735e-317 4.13003e-27 
 1.479 2.082 0.531711 3.26879e-32 7.04713e-317 1.5644 1.9814 0.8913 0.231992 -0.0571116 -0.0442832 1.17 1.057 4.69586e+257 0 7.04735e-317 4.13003e-27 
 1.5 2.082 0.530672 3.26879e-32 7.04713e-317 1.5802 2.0009 0.8901 0.229538 -0.00622675 -0.00488287 1.162 1.028 4.69586e+257 0 7.04735e-317 4.13003e-27 
 1.537 2.092 0.530855 3.26879e-32 7.04713e-317 1.5802 2.0009 0.8901 0.203854 -0.00741141 -0.00654409 1.142 1.017 4.69586e+257 0 7.04735e-317 4.13003e-27 
 1.544 2.111 0.530939 3.26879e-32 7.04713e-317 1.6065 2.0333 0.8882 0.217216 -0.00012433 -0.000103028 1.143 1.036 4.69586e+257 0 7.04735e-317 4.13003e-27 
 1.567 2.117 0.53117 3.26879e-32 7.04713e-317 1.617 2.0463 0.8874 0.210579 0.039111 0.0334192 1.128 1.033 4.69586e+257 0 7.04735e-317 4.13003e-27 
 1.606 2.138 0.531404 3.26879e-32 7.04713e-317 1.6328 2.0656 0.8862 0.195051 0.0664694 0.0612635 1.151 1.025 4.69586e+257 0 7.04735e-317 4.13003e-27 
 1.608 2.154 0.533318 3.26879e-32 7.04713e-317 1.6538 2.0913 0.8845 0.209154 0.0625198 0.0537532 1.131 1.065 4.69586e+257 0 7.04735e-317 4.13003e-27 
 1.611 2.174 0.533723 3.26879e-32 7.04713e-317 1.6591 2.0977 0.8841 0.20573 -0.0182877 -0.0159992 1.119 1.079 4.69586e+257 0 7.04735e-317 4.13003e-27 
 1.626 2.182 0.535933 3.26879e-32 7.04713e-317 1.6748 2.1169 0.8828 0.207604 0.010176 0.00882269 1.085 1.087 4.69586e+257 0 7.04735e-317 4.13003e-27 
 1.637 2.188 0.535674 3.26879e-32 7.04713e-317 1.6853 2.1297 0.8819 0.206978 0.0306441 0.0266435 1.098 1.063 4.69586e+257 0 7.04735e-317 4.13003e-27 
 1.666 2.203 0.536763 3.26879e-32 7.04713e-317 1.6905 2.136 0.8815 0.192551 0.0479504 0.0447948 1.098 1.09 4.69586e+257 0 7.04735e-317 4.13003e-27 
 1.715 2.227 0.538697 3.26879e-32 7.04713e-317 1.7115 2.1614 0.8797 0.176297 0.108793 0.110625 1.082 1.103 4.69586e+257 0 7.04735e-317 4.13003e-27 
 1.729 2.234 0.54161 3.26879e-32 7.04713e-317 1.7376 2.1929 0.8773 0.189736 0.188115 0.176603 1.084 1.116 4.69586e+257 0 7.04735e-317 4.13003e-27 
 1.729 2.254 0.550101 3.26879e-32 7.04713e-317 1.748 2.2055 0.8763 0.190701 0.0977248 0.0919808 1.068 1.094 4.69586e+257 0 7.04735e-317 4.13003e-27 
 1.729 2.27 0.56699 3.26879e-32 7.04713e-317 1.7585 2.218 0.8753 0.196972 0.0372917 0.0340654 1.074 1.135 4.69586e+257 0 7.04735e-317 4.13003e-27 
 1.749 2.293 0.574965 3.26879e-32 7.04713e-317 1.7689 2.2305 0.8743 0.187729 -0.00384977 -0.00369127 1.077 1.131 4.69586e+257 0 7.04735e-317 4.13003e-27 
 1.762 2.311 0.579007 3.26879e-32 7.04713e-317 1.7845 2.2491 0.8728 0.188969 -0.0192141 -0.0183002 1.048 1.161 4.69586e+257 0 7.04735e-317 4.13003e-27 
 1.782 2.302 0.580938 3.26879e-32 7.04713e-317 1.8053 2.2739 0.8707 0.199432 0.131153 0.117825 1.003 1.18 4.69586e+257 0 7.04735e-317 4.13003e-27 
 1.82 2.334 0.582339 3.26879e-32 7.04713e-317 1.8053 2.2739 0.8707 0.169306 0.086147 0.0913334 1.003 1.187 4.69586e+257 0 7.04735e-317 4.13003e-27 
 1.836 2.349 0.5926 3.26879e-32 7.04713e-317 1.8364 2.3107 0.8674 0.183502 0.128896 0.125769 0.983 1.201 4.69586e+257 0 7.04735e-317 4.13003e-27 
 1.848 2.342 0.601772 3.26879e-32 7.04713e-317 1.857 2.335 0.8652 0.199692 0.240911 0.213834 1.005 1.234 4.69586e+257 0 7.04735e-317 4.13003e-27 
 1.846 2.355 0.615075 3.26879e-32 7.04713e-317 1.8519 2.3289 0.8657 0.191546 0.146831 0.137115 1.025 1.203 4.69586e+257 0 7.04735e-317 4.13003e-27 
 1.851 2.358 0.640227 3.26879e-32 7.04713e-317 1.8622 2.341 0.8646 0.198505 0.143173 0.129104 1.02 1.227 4.69586e+257 0 7.04735e-317 4.13003e-27 
 1.896 2.363 0.654244 3.26879e-32 7.04713e-317 1.8622 2.341 0.8646 0.1759 0.263364 0.263248 0.998 1.253 4.69586e+257 0 7.04735e-317 4.13003e-27 
 1.904 2.382 0.670705 3.26879e-32 7.04713e-317 1.8879 2.3711 0.8616 0.188391 0.228094 0.214579 0.99 1.267 4.69586e+257 0 7.04735e-317 4.13003e-27 
 1.936 2.402 0.698304 3.26879e-32 7.04713e-317 1.893 2.3771 0.861 0.171866 0.239469 0.245734 0.968 1.31 4.69586e+257 0 7.04735e-317 4.13003e-27 
 1.937 2.427 0.720954 3.26879e-32 7.04713e-317 1.9136 2.4009 0.8585 0.180219 0.133531 0.132586 0.979 1.298 4.69586e+257 0 7.04735e-317 4.13003e-27 
 1.929 2.44 0.742273 3.26879e-32 7.04713e-317 1.9391 2.4305 0.8553 0.20239 0.0498921 0.0443435 0.999 1.327 4.69586e+257 0 7.04735e-317 4.13003e-27 
 1.942 2.467 0.75358 3.26879e-32 7.04713e-317 1.9391 2.4305 0.8553 0.185335 -0.0284774 -0.0276506 0.979 1.32 4.69586e+257 0 7.04735e-317 4.13003e-27 
 1.95 2.481 0.758012 3.26879e-32 7.04713e-317 1.9544 2.448 0.8533 0.189738 -0.0494315 -0.0468602 0.958 1.344 4.69586e+257 0 7.04735e-317 4.13003e-27 
 1.957 2.471 0.758707 3.26879e-32 7.04713e-317 1.9595 2.4538 0.8526 0.195415 0.0241224 0.0222159 0.967 1.35 4.69586e+257 0 7.04735e-317 4.13003e-27 
 1.965 2.515 0.759043 3.26879e-32 7.04713e-317 1.9646 2.4597 0.852 0.178813 -0.130429 -0.130548 0.965 1.367 4.69586e+257 0 7.04735e-317 4.13003e-27 
 1.984 2.531 0.760018 3.26879e-32 7.04713e-317 1.9848 2.4828 0.8492 0.181847 -0.109071 -0.107546 0.952 1.384 4.69586e+257 0 7.04735e-317 4.13003e-27 
 2.005 2.537 0.75952 3.26879e-32 7.04713e-317 2.005 2.5057 0.8463 0.187777 -0.0352698 -0.0337962 0.94 1.373 4.69586e+257 0 7.04735e-317 4.13003e-27 
 2.013 2.554 0.757964 3.26879e-32 7.04713e-317 2.0202 2.5228 0.8441 0.19098 -0.0641256 -0.0603656 0.944 1.396 4.69586e+257 0 7.04735e-317 4.13003e-27 
 2.007 2.572 0.757506 3.26879e-32 7.04713e-317 2.0352 2.5397 0.8418 0.199855 -0.151431 -0.13555 0.937 1.426 4.69586e+257 0 7.04735e-317 4.13003e-27 
 2.027 2.561 0.756764 3.26879e-32 7.04713e-317 2.0352 2.5397 0.8418 0.195593 -0.0271171 -0.0249501 0.941 1.452 4.69586e+257 0 7.04735e-317 4.13003e-27 
 2.039 2.589 0.753118 3.26879e-32 7.04713e-317 2.0452 2.5509 0.8403 0.18799 -0.0897143 -0.0856908 0.939 1.469 4.69586e+257 0 7.04735e-317 4.13003e-27 
 2.036 2.621 0.750747 3.26879e-32 7.04713e-317 2.0553 2.5621 0.8388 0.185873 -0.229927 -0.219088 0.965 1.463 4.69586e+257 0 7.04735e-317 4.13003e-27 
 2.058 2.624 0.74462 3.26879e-32 7.04713e-317 2.0702 2.5787 0.8364 0.187801 -0.14004 -0.133425 0.968 1.469 4.69586e+257 0 7.04735e-317 4.13003e-27 
 2.057 2.654 0.722478 3.26879e-32 7.04713e-317 2.0852 2.5952 0.834 0.190065 -0.23899 -0.222583 0.981 1.446 4.69586e+257 0 7.04735e-317 4.13003e-27 
 2.099 2.661 0.709155 3.26879e-32 7.04713e-317 2.1001 2.6116 0.8315 0.180965 -0.0883695 -0.087673 0.933 1.497 4.69586e+257 0 7.04735e-317 4.13003e-27 
 2.103 2.672 0.683184 3.26879e-32 7.04713e-317 2.1149 2.6279 0.829 0.187791 -0.0806366 -0.0771379 0.93 1.521 4.69586e+257 0 7.04735e-317 4.13003e-27 
 2.106 2.68 0.676244 3.26879e-32 7.04713e-317 2.1297 2.644 0.8264 0.196245 -0.0800657 -0.0733065 0.949 1.53 4.69586e+257 0 7.04735e-317 4.13003e-27 
 2.122 2.689 0.66738 3.26879e-32 7.04713e-317 2.1396 2.6547 0.8247 0.193845 -0.0438102 -0.0406588 0.93 1.547 4.69586e+257 0 7.04735e-317 4.13003e-27 
 2.137 2.72 0.660497 3.26879e-32 7.04713e-317 2.1494 2.6653 0.8229 0.184255 -0.11613 -0.112965 0.972 1.513 4.69586e+257 0 7.04735e-317 4.13003e-27 
 2.136 2.738 0.654175 3.26879e-32 7.04713e-317 2.1642 2.6812 0.8203 0.191129 -0.175124 -0.163456 0.937 1.535 4.69586e+257 0 7.04735e-317 4.13003e-27 
 2.158 2.746 0.6414 3.26879e-32 7.04713e-317 2.1788 2.6969 0.8175 0.190094 -0.104641 -0.0987619 0.95 1.53 4.69586e+257 0 7.04735e-317 4.13003e-27 
 2.186 2.77 0.624228 3.26879e-32 7.04713e-317 2.1935 2.7125 0.8147 0.180837 -0.0876961 -0.0870696 0.954 1.57 4.69586e+257 0 7.04735e-317 4.13003e-27 
 2.191 2.781 0.614562 3.26879e-32 7.04713e-317 2.213 2.7331 0.8109 0.191042 -0.0821721 -0.0772683 0.95 1.588 4.69586e+257 0 7.04735e-317 4.13003e-27 
 2.179 2.812 0.605816 3.26879e-32 7.04713e-317 2.2275 2.7484 0.808 0.199406 -0.230235 -0.204911 0.934 1.6 4.69586e+257 0 7.04735e-317 4.13003e-27 
 2.181 2.817 0.595401 3.26879e-32 7.04713e-317 2.2275 2.7484 0.808 0.19692 -0.236918 -0.213269 0.92 1.615 4.69586e+257 0 7.04735e-317 4.13003e-27 
 2.201 2.836 0.570395 3.26879e-32 7.04713e-317 2.2421 2.7636 0.805 0.19319 -0.216547 -0.199089 0.933 1.639 4.69586e+257 0 7.04735e-317 4.13003e-27 
 2.246 2.851 0.546739 3.26879e-32 7.04713e-317 2.2517 2.7736 0.803 0.173442 -0.12338 -0.127352 0.933 1.657 4.69586e+257 0 7.04735e-317 4.13003e-27 
 2.243 2.849 0.524974 3.26879e-32 7.04713e-317 2.2806 2.8034 0.7968 0.198562 -0.0343061 -0.0310891 0.947 1.626 4.69586e+257 0 7.04735e-317 4.13003e-27 
 2.27 2.842 0.516442 3.26879e-32 7.04713e-317 2.2806 2.8034 0.7968 0.186372 0.0833254 0.0803035 0.928 1.677 4.69586e+257 0 7.04735e-317 4.13003e-27 
 2.282 2.877 0.513536 3.26879e-32 7.04713e-317 2.2902 2.8132 0.7947 0.178216 -0.0389523 -0.0393219 0.9 1.707 4.69586e+257 0 7.04735e-317 4.13003e-27 
 2.299 2.899 0.514857 3.26879e-32 7.04713e-317 2.3094 2.8327 0.7904 0.178947 -0.0636254 -0.0639125 0.899 1.698 4.69586e+257 0 7.04735e-317 4.13003e-27 
 2.299 2.908 0.511024 3.26879e-32 7.04713e-317 2.3333 2.8567 0.7848 0.195613 -0.0515908 -0.0474375 0.913 1.684 4.69586e+257 0 7.04735e-317 4.13003e-27 
 2.313 2.901 0.506771 3.26879e-32 7.04713e-317 2.338 2.8614 0.7837 0.193865 0.0350829 0.0325624 0.934 1.659 4.69586e+257 0 7.04735e-317 4.13003e-27 
 2.325 2.924 0.502333 3.26879e-32 7.04713e-317 2.3475 2.8709 0.7814 0.18896 -0.0247019 -0.0235263 0.929 1.684 4.69586e+257 0 7.04735e-317 4.13003e-27 
 2.369 2.936 0.502553 3.26879e-32 7.04713e-317 2.357 2.8803 0.7791 0.170447 0.0512227 0.054041 0.951 1.697 4.69586e+257 0 7.04735e-317 4.13003e-27 
 2.375 2.943 0.50034 3.26879e-32 7.04713e-317 2.3855 2.9082 0.7719 0.18812 0.0925923 0.0883649 0.926 1.732 4.69586e+257 0 7.04735e-317 4.13003e-27 
 2.394 2.956 0.501526 3.26879e-32 7.04713e-317 2.3996 2.9219 0.7683 0.186015 0.104475 0.100755 0.913 1.738 4.69586e+257 0 7.04735e-317 4.13003e-27 
 2.402 2.965 0.502574 3.26879e-32 7.04713e-317 2.409 2.931 0.7658 0.18694 0.0974073 0.0935173 0.944 1.731 4.69586e+257 0 7.04735e-317 4.13003e-27 
 2.419 2.979 0.504429 3.26879e-32 7.04713e-317 2.4231 2.9446 0.762 0.185598 0.0973671 0.0941513 0.932 1.751 4.69586e+257 0 7.04735e-317 4.13003e-27 
 2.424 2.985 0.50623 3.26879e-32 7.04713e-317 2.4325 2.9535 0.7594 0.188877 0.0954275 0.090693 0.953 1.776 4.69586e+257 0 7.04735e-317 4.13003e-27 
 2.429 3.003 0.508686 3.26879e-32 7.04713e-317 2.4419 2.9624 0.7569 0.188822 0.0317066 0.0302161 0.946 1.764 4.69586e+257 0 7.04735e-317 4.13003e-27 
 2.449 3.013 0.511592 3.26879e-32 7.04713e-317 2.4559 2.9756 0.7529 0.186896 0.0571989 0.0550328 0.948 1.776 4.69586e+257 0 7.04735e-317 4.13003e-27 
 2.467 3.033 0.514108 3.26879e-32 7.04713e-317 2.4699 2.9887 0.7489 0.183187 0.0260221 0.0255638 0.92 1.836 4.69586e+257 0 7.04735e-317 4.13003e-27 
 2.495 3.054 0.517396 3.26879e-32 7.04713e-317 2.4885 3.0059 0.7434 0.17764 0.0235282 0.0238362 0.956 1.827 4.69586e+257 0 7.04735e-317 4.13003e-27 
 2.521 3.07 0.519671 3.26879e-32 7.04713e-317 2.5117 3.0271 0.7364 0.178042 0.0486669 0.0491626 0.953 1.841 4.69586e+257 0 7.04735e-317 4.13003e-27 
 2.529 3.083 0.52221 3.26879e-32 7.04713e-317 2.5349 3.048 0.7291 0.18844 0.0355698 0.0339637 0.959 1.825 4.69586e+257 0 7.04735e-317 4.13003e-27 
 2.541 3.089 0.525559 3.26879e-32 7.04713e-317 2.5487 3.0603 0.7247 0.191429 0.054115 0.0508402 0.947 1.893 4.69586e+257 0 7.04735e-317 4.13003e-27 
 2.561 3.083 0.528443 3.26879e-32 7.04713e-317 2.5579 3.0684 0.7216 0.190315 0.150062 0.140987 0.925 1.919 4.69586e+257 0 7.04735e-317 4.13003e-27 
 2.564 3.113 0.533266 3.26879e-32 7.04713e-317 2.5625 3.0725 0.7201 0.183705 0.00777202 0.00761514 0.939 1.912 4.69586e+257 0 7.04735e-317 4.13003e-27 
 2.576 3.112 0.54582 3.26879e-32 7.04713e-317 2.5809 3.0885 0.7139 0.192419 0.0552325 0.0516218 0.917 1.911 4.69586e+257 0 7.04735e-317 4.13003e-27 
 2.589 3.133 0.548066 3.26879e-32 7.04713e-317 2.59 3.0964 0.7108 0.186712 -0.00459135 -0.00442626 0.946 1.939 4.69586e+257 0 7.04735e-317 4.13003e-27 
 2.59 3.158 0.553886 3.26879e-32 7.04713e-317 2.6083 3.1121 0.7044 0.193062 -0.11436 -0.106221 0.945 1.983 4.69586e+257 0 7.04735e-317 4.13003e-27 
 2.602 3.17 0.55567 3.26879e-32 7.04713e-317 2.6174 3.1199 0.7011 0.190495 -0.132591 -0.124636 0.957 1.988 4.69586e+257 0 7.04735e-317 4.13003e-27 
 2.618 3.178 0.553458 3.26879e-32 7.04713e-317 2.6311 3.1314 0.6962 0.190475 -0.111615 -0.105089 0.966 1.972 4.69586e+257 0 7.04735e-317 4.13003e-27 
 2.638 3.195 0.55152 3.26879e-32 7.04713e-317 2.6402 3.139 0.6928 0.182328 -0.129617 -0.127271 0.955 2.016 4.69586e+257 0 7.04735e-317 4.13003e-27 
 2.64 3.213 0.549422 3.26879e-32 7.04713e-317 2.6629 3.1577 0.6842 0.193412 -0.191499 -0.176368 0.954 2.06 4.69586e+257 0 7.04735e-317 4.13003e-27 
 2.648 3.239 0.546657 3.26879e-32 7.04713e-317 2.672 3.165 0.6807 0.189036 -0.288969 -0.268511 0.952 2.039 4.69586e+257 0 7.04735e-317 4.13003e-27 
 2.66 3.235 0.538111 3.26879e-32 7.04713e-317 2.6901 3.1796 0.6736 0.197486 -0.21067 -0.189707 0.97 2.027 4.69586e+257 0 7.04735e-317 4.13003e-27 
 2.699 3.245 0.511571 3.26879e-32 7.04713e-317 2.6946 3.1832 0.6718 0.177896 -0.126959 -0.12776 1.015 2.029 4.69586e+257 0 7.04735e-317 4.13003e-27 
 2.728 3.255 0.493588 3.26879e-32 7.04713e-317 2.7216 3.2045 0.6607 0.180065 -0.0580253 -0.0579395 1.04 2.036 4.69586e+257 0 7.04735e-317 4.13003e-27 
 2.751 3.27 0.481638 3.26879e-32 7.04713e-317 2.7441 3.2218 0.6512 0.180594 -0.0438581 -0.043686 1.052 2.001 4.69586e+257 0 7.04735e-317 4.13003e-27 
 2.753 3.299 0.475531 3.26879e-32 7.04713e-317 2.7665 3.2388 0.6413 0.188744 -0.162578 -0.153821 1.061 2.058 4.69586e+257 0 7.04735e-317 4.13003e-27 
 2.763 3.315 0.468439 3.26879e-32 7.04713e-317 2.7843 3.252 0.6333 0.192551 -0.196735 -0.181879 1.073 2.048 4.69586e+257 0 7.04735e-317 4.13003e-27 
 2.778 3.332 0.45206 3.26879e-32 7.04713e-317 2.7977 3.2618 0.6271 0.190329 -0.220283 -0.205391 1.067 2.059 4.69586e+257 0 7.04735e-317 4.13003e-27 
 2.803 3.347 0.431156 3.26879e-32 7.04713e-317 2.8155 3.2746 0.6187 0.186311 -0.204337 -0.194909 1.079 2.061 4.69586e+257 0 7.04735e-317 4.13003e-27 
 2.832 3.342 0.409157 3.26879e-32 7.04713e-317 2.8333 3.2872 0.6102 0.184132 -0.0738388 -0.072057 1.096 2.06 4.69586e+257 0 7.04735e-317 4.13003e-27 
 2.852 3.332 0.389443 3.26879e-32 7.04713e-317 2.851 3.2995 0.6014 0.187641 0.0619096 0.0593188 1.112 2.071 4.69586e+257 0 7.04735e-317 4.13003e-27 
 2.874 3.32 0.382472 3.26879e-32 7.04713e-317 2.8687 3.3115 0.5924 0.190805 0.198171 0.184816 1.112 2.121 4.69586e+257 0 7.04735e-317 4.13003e-27 
 2.882 3.34 0.384488 3.26879e-32 7.04713e-317 2.8775 3.3175 0.5879 0.188359 0.113949 0.108465 1.102 2.139 4.69586e+257 0 7.04735e-317 4.13003e-27 
 2.905 3.363 0.388231 3.26879e-32 7.04713e-317 2.8864 3.3233 0.5832 0.177264 0.0417447 0.0423635 1.11 2.145 4.69586e+257 0 7.04735e-317 4.13003e-27 
 2.932 3.373 0.390365 3.26879e-32 7.04713e-317 2.9128 3.3405 0.5691 0.179097 0.065217 0.0654523 1.116 2.16 4.69586e+257 0 7.04735e-317 4.13003e-27 
 2.963 3.378 0.391703 3.26879e-32 7.04713e-317 2.9303 3.3517 0.5594 0.173555 0.117878 0.121652 1.141 2.166 4.69586e+257 0 7.04735e-317 4.13003e-27 
 2.973 3.388 0.393748 3.26879e-32 7.04713e-317 2.961 3.3706 0.5419 0.187352 0.0981866 0.0940554 1.155 2.18 4.69586e+257 0 7.04735e-317 4.13003e-27 
 2.973 3.396 0.398273 3.26879e-32 7.04713e-317 2.9698 3.3758 0.5368 0.191717 0.053073 0.0497882 1.152 2.187 4.69586e+257 0 7.04735e-317 4.13003e-27 
 2.961 3.409 0.402747 3.26879e-32 7.04713e-317 2.9785 3.381 0.5317 0.201419 -0.0439813 -0.0392841 1.172 2.164 4.69586e+257 0 7.04735e-317 4.13003e-27 
 2.978 3.434 0.406674 3.26879e-32 7.04713e-317 2.9785 3.381 0.5317 0.186879 -0.146241 -0.139937 1.205 2.194 4.69586e+257 0 7.04735e-317 4.13003e-27 
 3.013 3.437 0.405358 3.26879e-32 7.04713e-317 2.996 3.3912 0.5212 0.179129 -0.0799127 -0.0801292 1.192 2.208 4.69586e+257 0 7.04735e-317 4.13003e-27 
 3.026 3.437 0.403675 3.26879e-32 7.04713e-317 3.0221 3.406 0.505 0.189826 -0.0444256 -0.0421012 1.174 2.205 4.69586e+257 0 7.04735e-317 4.13003e-27 
 3.035 3.455 0.402668 3.26879e-32 7.04713e-317 3.0395 3.4155 0.4939 0.192813 -0.119546 -0.111142 1.178 2.224 4.69586e+257 0 7.04735e-317 4.13003e-27 
 3.069 3.458 0.401902 3.26879e-32 7.04713e-317 3.0482 3.4202 0.4883 0.17951 -0.0611858 -0.0612761 1.182 2.237 4.69586e+257 0 7.04735e-317 4.13003e-27 
 3.099 3.472 0.399212 3.26879e-32 7.04713e-317 3.0742 3.4337 0.4711 0.177527 -0.0719507 -0.0728242 1.212 2.235 4.69586e+257 0 7.04735e-317 4.13003e-27 
 3.124 3.49 0.397532 3.26879e-32 7.04713e-317 3.1045 3.4488 0.4504 0.180104 -0.121266 -0.120607 1.205 2.263 4.69586e+257 0 7.04735e-317 4.13003e-27 
 3.147 3.496 0.393737 3.26879e-32 7.04713e-317 3.1261 3.4591 0.4352 0.180435 -0.108103 -0.107427 1.213 2.273 4.69586e+257 0 7.04735e-317 4.13003e-27 
 3.164 3.506 0.387133 3.26879e-32 7.04713e-317 3.1519 3.4709 0.4165 0.185838 -0.131513 -0.126699 1.212 2.282 4.69586e+257 0 7.04735e-317 4.13003e-27 
 3.175 3.52 0.377808 3.26879e-32 7.04713e-317 3.1734 3.4802 0.4005 0.190913 -0.1869 -0.174426 1.225 2.311 4.69586e+257 0 7.04735e-317 4.13003e-27 
 3.197 3.524 0.364162 3.26879e-32 7.04713e-317 3.182 3.4839 0.394 0.183671 -0.15621 -0.151909 1.229 2.3 4.69586e+257 0 7.04735e-317 4.13003e-27 
 3.218 3.527 0.345202 3.26879e-32 7.04713e-317 3.1992 3.4909 0.3808 0.182593 -0.123385 -0.121038 1.239 2.3 4.69586e+257 0 7.04735e-317 4.13003e-27 
 3.229 3.537 0.329919 3.26879e-32 7.04713e-317 3.2292 3.5026 0.3571 0.193839 -0.158961 -0.146554 1.247 2.325 4.69586e+257 0 7.04735e-317 4.13003e-27 
 3.24 3.544 0.316802 3.26879e-32 7.04713e-317 3.2378 3.5057 0.3503 0.192062 -0.170404 -0.158365 1.269 2.344 4.69586e+257 0 7.04735e-317 4.13003e-27 
 3.262 3.553 0.301 3.26879e-32 7.04713e-317 3.2506 3.5104 0.3398 0.186499 -0.175606 -0.167891 1.253 2.381 4.69586e+257 0 7.04735e-317 4.13003e-27 
 3.284 3.558 0.283349 3.26879e-32 7.04713e-317 3.272 3.5178 0.3222 0.186893 -0.16337 -0.156065 1.259 2.372 4.69586e+257 0 7.04735e-317 4.13003e-27 
 3.292 3.557 0.264924 3.26879e-32 7.04713e-317 3.2933 3.5247 0.3042 0.195902 -0.138526 -0.126601 1.315 2.361 4.69586e+257 0 7.04735e-317 4.13003e-27 
 3.319 3.577 0.249156 3.26879e-32 7.04713e-317 3.2933 3.5247 0.3042 0.178138 -0.201652 -0.201009 1.345 2.355 4.69586e+257 0 7.04735e-317 4.13003e-27 
 3.329 3.585 0.232975 3.26879e-32 7.04713e-317 3.3317 3.5362 0.2709 0.195501 -0.235466 -0.213492 1.318 2.351 4.69586e+257 0 7.04735e-317 4.13003e-27 
 3.344 3.587 0.212339 3.26879e-32 7.04713e-317 3.3403 3.5385 0.2634 0.192259 -0.21378 -0.197539 1.337 2.375 4.69586e+257 0 7.04735e-317 4.13003e-27 
 3.355 3.582 0.188415 3.26879e-32 7.04713e-317 3.3445 3.5397 0.2596 0.189195 -0.151683 -0.143322 1.333 2.376 4.69586e+257 0 7.04735e-317 4.13003e-27 
 3.366 3.606 0.168125 3.26879e-32 7.04713e-317 3.3658 3.5451 0.2405 0.194379 -0.265541 -0.241115 1.311 2.416 4.69586e+257 0 7.04735e-317 4.13003e-27 
 3.409 3.604 0.152351 3.26879e-32 7.04713e-317 3.3786 3.5482 0.2289 0.177551 -0.21412 -0.213757 1.317 2.424 4.69586e+257 0 7.04735e-317 4.13003e-27 
 3.42 3.613 0.123131 3.26879e-32 7.04713e-317 3.4041 3.5539 0.2053 0.186683 -0.23959 -0.22703 1.348 2.422 4.69586e+257 0 7.04735e-317 4.13003e-27 
 3.423 3.623 0.102617 3.26879e-32 7.04713e-317 3.4296 3.559 0.1814 0.200488 -0.279436 -0.245807 1.375 2.433 4.69586e+257 0 7.04735e-317 4.13003e-27 
 3.454 3.621 0.077828 3.26879e-32 7.04713e-317 3.4253 3.5582 0.1854 0.180122 -0.235622 -0.23125 1.38 2.437 4.69586e+257 0 7.04735e-317 4.13003e-27 
 3.465 3.618 0.0488856 3.26879e-32 7.04713e-317 3.4551 3.5634 0.1571 0.19212 -0.192689 -0.178609 1.39 2.444 4.69586e+257 0 7.04735e-317 4.13003e-27 
 3.496 3.644 0.0254444 3.26879e-32 7.04713e-317 3.4805 3.5671 0.1324 0.190162 -0.322937 -0.296659 1.394 2.429 4.69586e+257 0 7.04735e-317 4.13003e-27 
 3.5 3.648 0.00393405 3.26879e-32 7.04713e-317 3.4932 3.5688 0.12 0.196064 -0.323934 -0.289064 1.4 2.456 4.69586e+257 0 7.04735e-317 4.13003e-27 
 3.536 3.667 -0.0318397 3.26879e-32 7.04713e-317 3.5145 3.5711 0.0991 0.189919 -0.4086 -0.369475 1.426 2.467 4.69586e+257 0 7.04735e-317 4.13003e-27 
 3.544 3.644 -0.0678241 3.26879e-32 7.04713e-317 3.5314 3.5727 0.0822 0.194307 -0.247075 -0.225007 1.438 2.49 4.69586e+257 0 7.04735e-317 4.13003e-27 
 3.558 3.652 -0.109176 3.26879e-32 7.04713e-317 3.5441 3.5737 0.0695 0.194955 -0.256268 -0.232337 1.457 2.486 4.69586e+257 0 7.04735e-317 4.13003e-27 
 3.577 3.64 -0.132768 3.26879e-32 7.04713e-317 3.5611 3.5748 0.0525 0.193123 -0.178994 -0.165309 1.453 2.518 4.69586e+257 0 7.04735e-317 4.13003e-27 
 3.614 3.658 -0.158028 3.26879e-32 7.04713e-317 3.5781 3.5756 0.0354 0.184647 -0.28986 -0.275387 1.466 2.504 4.69586e+257 0 7.04735e-317 4.13003e-27 
 3.633 3.663 -0.177634 3.26879e-32 7.04713e-317 3.6035 3.5762 0.0096 0.190216 -0.313129 -0.28807 1.49 2.495 4.69586e+257 0 7.04735e-317 4.13003e-27 
 3.644 3.661 -0.208715 3.26879e-32 7.04713e-317 3.6247 3.5762 -0.012 0.196835 -0.277444 -0.248471 1.466 2.539 4.69586e+257 0 7.04735e-317 4.13003e-27 
 3.67 3.667 -0.239835 3.26879e-32 7.04713e-317 3.6417 3.5759 -0.0294 0.193953 -0.31003 -0.280158 1.47 2.568 4.69586e+257 0 7.04735e-317 4.13003e-27 
 3.69 3.664 -0.267145 3.26879e-32 7.04713e-317 3.6586 3.5753 -0.0467 0.192798 -0.292302 -0.266412 1.491 2.551 4.69586e+257 0 7.04735e-317 4.13003e-27 
 3.713 3.652 -0.29883 3.26879e-32 7.04713e-317 3.6756 3.5744 -0.0641 0.188153 -0.231455 -0.21791 1.524 2.558 4.69586e+257 0 7.04735e-317 4.13003e-27 
 3.725 3.648 -0.328825 3.26879e-32 7.04713e-317 3.7011 3.5725 -0.0901 0.196245 -0.188515 -0.171217 1.512 2.586 4.69586e+257 0 7.04735e-317 4.13003e-27 
 3.739 3.649 -0.350894 3.26879e-32 7.04713e-317 3.7138 3.5713 -0.1031 0.196601 -0.19207 -0.174071 1.518 2.595 4.69586e+257 0 7.04735e-317 4.13003e-27 
 3.74 3.65 -0.370218 3.26879e-32 7.04713e-317 3.7266 3.5699 -0.1161 0.204014 -0.169168 -0.148162 1.54 2.597 4.69586e+257 0 7.04735e-317 4.13003e-27 
 3.762 3.648 -0.390122 3.26879e-32 7.04713e-317 3.7308 3.5694 -0.1204 0.194302 -0.185912 -0.170554 1.58 2.575 4.69586e+257 0 7.04735e-317 4.13003e-27 
 3.779 3.656 -0.408123 3.26879e-32 7.04713e-317 3.7478 3.5672 -0.1376 0.1979 -0.234136 -0.209824 1.563 2.578 4.69586e+257 0 7.04735e-317 4.13003e-27 
 3.797 3.662 -0.428841 3.26879e-32 7.04713e-317 3.7648 3.5648 -0.1548 0.200702 -0.271187 -0.238582 1.564 2.609 4.69586e+257 0 7.04735e-317 4.13003e-27 
 3.81 3.671 -0.454374 3.26879e-32 7.04713e-317 3.7776 3.5627 -0.1677 0.204664 -0.30642 -0.263239 1.592 2.617 4.69586e+257 0 7.04735e-317 4.13003e-27 
 3.821 3.675 -0.485308 3.26879e-32 7.04713e-317 3.7861 3.5613 -0.1762 0.205656 -0.309508 -0.264547 1.611 2.612 4.69586e+257 0 7.04735e-317 4.13003e-27 
 3.853 3.646 -0.518585 3.26879e-32 7.04713e-317 3.7989 3.5589 -0.189 0.188358 -0.224217 -0.211076 1.645 2.615 4.69586e+257 0 7.04735e-317 4.13003e-27 
 3.891 3.635 -0.54945 3.26879e-32 7.04713e-317 3.8202 3.5547 -0.2102 0.179288 -0.237035 -0.233631 1.633 2.648 4.69586e+257 0 7.04735e-317 4.13003e-27 
 3.945 3.626 -0.571958 3.26879e-32 7.04713e-317 3.8628 3.5447 -0.252 0.17719 -0.3006 -0.296374 1.636 2.65 4.69586e+257 0 7.04735e-317 4.13003e-27 
 3.965 3.632 -0.598814 3.26879e-32 7.04713e-317 3.9013 3.5341 -0.2889 0.194203 -0.318397 -0.286966 1.645 2.64 4.69586e+257 0 7.04735e-317 4.13003e-27 
 3.985 3.616 -0.631582 3.26879e-32 7.04713e-317 3.927 3.5262 -0.3131 0.195185 -0.254216 -0.23028 1.661 2.624 4.69586e+257 0 7.04735e-317 4.13003e-27 
 3.982 3.607 -0.66264 3.26879e-32 7.04713e-317 3.9484 3.5191 -0.3329 0.206104 -0.143952 -0.125064 1.663 2.635 4.69586e+257 0 7.04735e-317 4.13003e-27 
 3.98 3.596 -0.687721 3.26879e-32 7.04713e-317 3.957 3.5161 -0.3408 0.207548 -0.0513293 -0.0444869 1.709 2.656 4.69586e+257 0 7.04735e-317 4.13003e-27 
 3.993 3.595 -0.699652 3.26879e-32 7.04713e-317 3.9527 3.5176 -0.3369 0.198505 -0.087458 -0.0791396 1.689 2.658 4.69586e+257 0 7.04735e-317 4.13003e-27 
 4.01 3.591 -0.706241 3.26879e-32 7.04713e-317 3.9613 3.5146 -0.3447 0.194979 -0.115763 -0.106466 1.703 2.647 4.69586e+257 0 7.04735e-317 4.13003e-27 
 4.02 3.552 -0.715455 3.26879e-32 7.04713e-317 3.9742 3.5099 -0.3564 0.183005 0.0331647 0.0326085 1.699 2.66 4.69586e+257 0 7.04735e-317 4.13003e-27 
 4.025 3.558 -0.726124 3.26879e-32 7.04713e-317 3.9914 3.5034 -0.3718 0.193916 0.023989 0.0222638 1.71 2.683 4.69586e+257 0 7.04735e-317 4.13003e-27 
 4.038 3.562 -0.726286 3.26879e-32 7.04713e-317 4 3.5 0 0.155622 0.321254 0.355768 1.707 2.693 4.69586e+257 0 7.04735e-317 4.13003e-27 
 4.065 3.54 -0.726465 3.26879e-32 7.04713e-317 4.0129 3.4948 -0.3907 0.183687 -0.0289641 -0.0283751 1.724 2.72 4.69586e+257 0 7.04735e-317 4.13003e-27 
 4.077 3.522 -0.723679 3.26879e-32 7.04713e-317 4.0302 3.4876 -0.4054 0.18266 0.0188247 0.0185484 1.737 2.709 4.69586e+257 0 7.04735e-317 4.13003e-27 
 4.11 3.511 -0.723107 3.26879e-32 7.04713e-317 4.0474 3.4801 -0.4198 0.175517 -0.0451843 -0.0463053 1.768 2.7 4.69586e+257 0 7.04735e-317 4.13003e-27 
 4.125 3.512 -0.723069 3.26879e-32 7.04713e-317 4.082 3.4641 -0.4475 0.192367 -0.0671889 -0.0627869 1.746 2.723 4.69586e+257 0 7.04735e-317 4.13003e-27 
 4.125 3.499 -0.723409 3.26879e-32 7.04713e-317 4.0949 3.4579 -0.4575 0.195657 0.000902108 0.000829917 1.774 2.752 4.69586e+257 0 7.04735e-317 4.13003e-27 
 4.137 3.48 -0.724616 3.26879e-32 7.04713e-317 4.1036 3.4536 -0.4641 0.188722 0.0440199 0.0419607 1.774 2.755 4.69586e+257 0 7.04735e-317 4.13003e-27 
 4.166 3.484 -0.723983 3.26879e-32 7.04713e-317 4.1122 3.4492 -0.4706 0.183794 -0.0795877 -0.0777876 1.799 2.74 4.69586e+257 0 7.04735e-317 4.13003e-27 
 4.19 3.481 -0.723483 3.26879e-32 7.04713e-317 4.1338 3.4381 -0.4866 0.186957 -0.140171 -0.134144 1.804 2.757 4.69586e+257 0 7.04735e-317 4.13003e-27 
 4.186 3.472 -0.725076 3.26879e-32 7.04713e-317 4.1553 3.4265 -0.5022 0.199458 -0.0653285 -0.0588872 1.818 2.777 4.69586e+257 0 7.04735e-317 4.13003e-27 
 4.211 3.462 -0.73013 3.26879e-32 7.04713e-317 4.1639 3.4218 -0.5083 0.190643 -0.10938 -0.102909 1.815 2.79 4.69586e+257 0 7.04735e-317 4.13003e-27 
 4.227 3.461 -0.734697 3.26879e-32 7.04713e-317 4.1768 3.4145 -0.5173 0.192349 -0.152077 -0.141364 1.82 2.802 4.69586e+257 0 7.04735e-317 4.13003e-27 
 4.227 3.449 -0.743587 3.26879e-32 7.04713e-317 4.194 3.4046 -0.5292 0.199036 -0.0781396 -0.070549 1.837 2.801 4.69586e+257 0 7.04735e-317 4.13003e-27 
 4.234 3.419 -0.758032 3.26879e-32 7.04713e-317 4.2069 3.3971 -0.5379 0.192361 0.0433602 0.0405516 1.864 2.825 4.69586e+257 0 7.04735e-317 4.13003e-27 
 4.247 3.412 -0.76449 3.26879e-32 7.04713e-317 4.2112 3.3945 -0.5408 0.186903 0.0296623 0.0285589 1.858 2.837 4.69586e+257 0 7.04735e-317 4.13003e-27 
 4.265 3.38 -0.763993 3.26879e-32 7.04713e-317 4.224 3.3867 -0.5494 0.175228 0.0999737 0.102338 1.897 2.831 4.69586e+257 0 7.04735e-317 4.13003e-27 
 4.302 3.344 -0.763257 3.26879e-32 7.04713e-317 4.2454 3.3735 -0.5634 0.160029 0.11719 0.131059 1.875 2.849 4.69586e+257 0 7.04735e-317 4.13003e-27 
 4.341 3.318 -0.761819 3.26879e-32 7.04713e-317 4.2964 3.3402 -0.5958 0.169317 0.0985198 0.104356 1.897 2.835 4.69586e+257 0 7.04735e-317 4.13003e-27 
 4.363 3.327 -0.759841 3.26879e-32 7.04713e-317 4.3259 3.3199 -0.614 0.185032 -0.0174773 -0.0170004 1.906 2.869 4.69586e+257 0 7.04735e-317 4.13003e-27 
 4.363 3.318 -0.756512 3.26879e-32 7.04713e-317 4.3469 3.3049 -0.6267 0.196691 0.025259 0.0231114 1.911 2.879 4.69586e+257 0 7.04735e-317 4.13003e-27 
 4.361 3.308 -0.757619 3.26879e-32 7.04713e-317 4.3427 3.3079 -0.6242 0.190426 0.0749357 0.070715 1.923 2.854 4.69586e+257 0 7.04735e-317 4.13003e-27 
 4.373 3.314 -0.755889 3.26879e-32 7.04713e-317 4.3552 3.2989 -0.6318 0.196933 0.00386383 0.00353158 1.937 2.866 4.69586e+257 0 7.04735e-317 4.13003e-27 
 4.391 3.301 -0.752829 3.26879e-32 7.04713e-317 4.3677 3.2897 -0.6393 0.193303 -0.013987 -0.0130238 1.929 2.891 4.69586e+257 0 7.04735e-317 4.13003e-27 
 4.404 3.284 -0.752987 3.26879e-32 7.04713e-317 4.376 3.2835 -0.6442 0.187057 0.00717157 0.0069009 1.893 2.924 4.69586e+257 0 7.04735e-317 4.13003e-27 
 4.429 3.299 -0.753025 3.26879e-32 7.04713e-317 4.3884 3.2741 -0.6516 0.192034 -0.153617 -0.143008 1.913 2.949 4.69586e+257 0 7.04735e-317 4.13003e-27 
 4.429 3.324 -0.75369 3.26879e-32 7.04713e-317 4.409 3.2582 -0.6637 0.217909 -0.242141 -0.197412 1.922 2.971 4.69586e+257 0 7.04735e-317 4.13003e-27 
 4.441 3.286 -0.756781 3.26879e-32 7.04713e-317 4.3884 3.2741 -0.6516 0.181704 -0.146385 -0.144009 1.946 2.986 4.69586e+257 0 7.04735e-317 4.13003e-27 
 4.457 3.288 -0.765003 3.26879e-32 7.04713e-317 4.409 3.2582 -0.6637 0.191475 -0.204631 -0.190046 1.969 2.992 4.69586e+257 0 7.04735e-317 4.13003e-27 
 4.494 3.27 -0.776025 3.26879e-32 7.04713e-317 4.4254 3.2453 -0.6733 0.181517 -0.271095 -0.26262 1.993 3.003 4.69586e+257 0 7.04735e-317 4.13003e-27 
 4.494 3.246 -0.797696 3.26879e-32 7.04713e-317 4.4498 3.2256 -0.6874 0.189671 -0.144311 -0.136106 1.997 2.991 4.69586e+257 0 7.04735e-317 4.13003e-27 
 4.497 3.232 -0.825927 3.26879e-32 7.04713e-317 4.47 3.2089 -0.6991 0.197752 -0.0637016 -0.0579182 2.005 3.022 4.69586e+257 0 7.04735e-317 4.13003e-27 
 4.523 3.234 -0.835566 3.26879e-32 7.04713e-317 4.47 3.2089 -0.6991 0.188828 -0.174697 -0.165016 2.051 2.992 4.69586e+257 0 7.04735e-317 4.13003e-27 
 4.541 3.213 -0.844487 3.26879e-32 7.04713e-317 4.49 3.1919 -0.7107 0.188116 -0.154899 -0.147145 2.009 3.001 4.69586e+257 0 7.04735e-317 4.13003e-27 
 4.543 3.189 -0.861803 3.26879e-32 7.04713e-317 4.5019 3.1816 -0.7176 0.185661 -0.0502859 -0.0487141 2.012 3.023 4.69586e+257 0 7.04735e-317 4.13003e-27 
 4.573 3.192 -0.87612 3.26879e-32 7.04713e-317 4.5177 3.1677 -0.7267 0.188584 -0.171287 -0.162057 2.005 3.059 4.69586e+257 0 7.04735e-317 4.13003e-27 
 4.581 3.156 -0.882645 3.26879e-32 7.04713e-317 4.5373 3.1502 -0.738 0.184424 -0.058436 -0.0569723 2.017 3.064 4.69586e+257 0 7.04735e-317 4.13003e-27 
 4.597 3.122 -0.89986 3.26879e-32 7.04713e-317 4.5528 3.136 -0.747 0.175148 0.0170964 0.0175682 2.039 3.084 4.69586e+257 0 7.04735e-317 4.13003e-27 
 4.633 3.123 -0.905313 3.26879e-32 7.04713e-317 4.5758 3.1144 -0.7605 0.181612 -0.134441 -0.132467 2.054 3.094 4.69586e+257 0 7.04735e-317 4.13003e-27 
 4.65 3.08 -0.906528 3.26879e-32 7.04713e-317 4.5948 3.0962 -0.7717 0.170916 -0.0491322 -0.0516973 2.053 3.086 4.69586e+257 0 7.04735e-317 4.13003e-27 
 4.681 3.051 -0.916822 3.26879e-32 7.04713e-317 4.6284 3.0629 -0.7917 0.174331 -0.0654502 -0.0674761 2.052 3.109 4.69586e+257 0 7.04735e-317 4.13003e-27 
 4.721 3.024 -0.921971 3.26879e-32 7.04713e-317 4.6504 3.0404 -0.8051 0.166458 -0.147819 -0.158503 2.074 3.127 4.69586e+257 0 7.04735e-317 4.13003e-27 
 4.734 3.006 -0.928918 3.26879e-32 7.04713e-317 4.6826 3.0062 -0.8252 0.181147 -0.126386 -0.124932 2.083 3.127 4.69586e+257 0 7.04735e-317 4.13003e-27 
 4.708 3.003 -0.944769 3.26879e-32 7.04713e-317 4.7106 2.9755 -0.8432 0.212862 0.0326713 0.0276204 2.084 3.13 4.69586e+257 0 7.04735e-317 4.13003e-27 
 4.72 2.999 -0.955981 3.26879e-32 7.04713e-317 4.7002 2.987 -0.8364 0.197621 -0.000449432 -0.000409358 2.102 3.149 4.69586e+257 0 7.04735e-317 4.13003e-27 
 4.71 3.027 -0.956391 3.26879e-32 7.04713e-317 4.7037 2.9832 -0.8387 0.217492 -0.0404533 -0.0334674 2.112 3.156 4.69586e+257 0 7.04735e-317 4.13003e-27 
 4.729 2.995 -0.959234 3.26879e-32 7.04713e-317 4.6862 3.0024 -0.8274 0.180408 -0.0345441 -0.0344524 2.115 3.181 4.69586e+257 0 7.04735e-317 4.13003e-27 
 4.763 2.984 -0.962708 3.26879e-32 7.04713e-317 4.7037 2.9832 -0.8387 0.179484 -0.151648 -0.150927 2.125 3.169 4.69586e+257 0 7.04735e-317 4.13003e-27 
 4.8 2.979 -0.968438 3.26879e-32 7.04713e-317 4.7244 2.9599 -0.8522 0.184129 -0.297235 -0.282782 2.13 3.179 4.69586e+257 0 7.04735e-317 4.13003e-27 
 4.81 2.955 -0.983511 3.26879e-32 7.04713e-317 4.7446 2.9365 -0.8659 0.187398 -0.245564 -0.231636 2.145 3.202 4.69586e+257 0 7.04735e-317 4.13003e-27 
 4.839 2.938 -1.01598 3.26879e-32 7.04713e-317 4.7612 2.9169 -0.8774 0.185987 -0.29466 -0.2778 2.156 3.225 4.69586e+257 0 7.04735e-317 4.13003e-27 
 4.867 2.918 -1.04054 3.26879e-32 7.04713e-317 4.771 2.905 -0.8844 0.177633 -0.349704 -0.340558 2.164 3.21 4.69586e+257 0 7.04735e-317 4.13003e-27 
 4.857 2.924 -1.0734 3.26879e-32 7.04713e-317 4.8028 2.8654 -0.908 0.213354 -0.238364 -0.198453 2.197 3.201 4.69586e+257 0 7.04735e-317 4.13003e-27 
 4.887 2.942 -1.1094 3.26879e-32 7.04713e-317 4.7902 2.8813 -0.8985 0.204919 -0.399985 -0.337874 2.189 3.205 4.69586e+257 0 7.04735e-317 4.13003e-27 
 4.9 2.928 -1.13512 3.26879e-32 7.04713e-317 4.7965 2.8733 -0.9032 0.200926 -0.397823 -0.342357 2.176 3.227 4.69586e+257 0 7.04735e-317 4.13003e-27 
 4.89 2.887 -1.17873 3.26879e-32 7.04713e-317 4.8059 2.8614 -0.9103 0.188952 -0.207068 -0.194757 2.191 3.245 4.69586e+257 0 7.04735e-317 4.13003e-27 
 4.873 2.847 -1.21547 3.26879e-32 7.04713e-317 4.8243 2.8374 -0.9248 0.186828 0.0351842 0.0338854 2.188 3.248 4.69586e+257 0 7.04735e-317 4.13003e-27 
 4.858 2.844 -1.23331 3.26879e-32 7.04713e-317 4.8333 2.8254 -0.9322 0.196177 0.159609 0.145414 2.213 3.263 4.69586e+257 0 7.04735e-317 4.13003e-27 
 4.899 2.852 -1.23146 3.26879e-32 7.04713e-317 4.8303 2.8294 -0.9297 0.190387 -0.0847179 -0.0799255 2.217 3.272 4.69586e+257 0 7.04735e-317 4.13003e-27 
 4.939 2.838 -1.22965 3.26879e-32 7.04713e-317 4.8422 2.8133 -0.9396 0.187804 -0.250966 -0.236053 2.229 3.268 4.69586e+257 0 7.04735e-317 4.13003e-27 
 4.942 2.825 -1.23254 3.26879e-32 7.04713e-317 4.8596 2.7892 -0.9547 0.197165 -0.203214 -0.183437 2.253 3.28 4.69586e+257 0 7.04735e-317 4.13003e-27 
 4.925 2.789 -1.25104 3.26879e-32 7.04713e-317 4.8653 2.7812 -0.9598 0.184981 -0.0231059 -0.02248 2.256 3.292 4.69586e+257 0 7.04735e-317 4.13003e-27 
 4.923 2.766 -1.27135 3.26879e-32 7.04713e-317 4.8765 2.7651 -0.9701 0.183248 0.0706755 0.0693116 2.277 3.287 4.69586e+257 0 7.04735e-317 4.13003e-27 
 4.941 2.768 -1.27327 3.26879e-32 7.04713e-317 4.8874 2.7489 -0.9806 0.192972 -0.00587672 -0.00548162 2.292 3.294 4.69586e+257 0 7.04735e-317 4.13003e-27 
 4.95 2.755 -1.27244 3.26879e-32 7.04713e-317 4.8928 2.7409 -0.9859 0.189949 -0.0246963 -0.0233986 2.284 3.316 4.69586e+257 0 7.04735e-317 4.13003e-27 
 4.982 2.712 -1.27308 3.26879e-32 7.04713e-317 4.9008 2.7288 -0.9939 0.169435 -0.121525 -0.128393 2.29 3.319 4.69586e+257 0 7.04735e-317 4.13003e-27 
 4.972 2.707 -1.27637 3.26879e-32 7.04713e-317 4.9263 2.6884 -1.0216 0.196179 -0.00186958 -0.00171539 2.297 3.329 4.69586e+257 0 7.04735e-317 4.13003e-27 
 4.956 2.707 -1.2834 3.26879e-32 7.04713e-317 4.9312 2.6803 -1.0273 0.20413 0.101579 0.0893328 2.307 3.33 4.69586e+257 0 7.04735e-317 4.13003e-27 
 4.958 2.681 -1.28418 3.26879e-32 7.04713e-317 4.9288 2.6844 -1.0245 0.186327 0.129083 0.12406 2.337 3.354 4.69586e+257 0 7.04735e-317 4.13003e-27 
 4.986 2.676 -1.28144 3.26879e-32 7.04713e-317 4.9361 2.6723 -1.0331 0.187615 -0.00975315 -0.00935701 2.339 3.353 4.69586e+257 0 7.04735e-317 4.13003e-27 
 5.006 2.644 -1.28018 3.26879e-32 7.04713e-317 4.9409 2.6642 -1.0389 0.172185 -0.0674369 -0.0703814 2.341 3.375 4.69586e+257 0 7.04735e-317 4.13003e-27 
 5.03 2.615 -1.27996 3.26879e-32 7.04713e-317 4.966 2.62 -1.0722 0.182583 -0.119734 -0.117496 2.351 3.39 4.69586e+257 0 7.04735e-317 4.13003e-27 
 5.047 2.597 -1.28119 3.26879e-32 7.04713e-317 4.9768 2.6 -1.0881 0.183563 -0.173346 -0.168371 2.355 3.373 4.69586e+257 0 7.04735e-317 4.13003e-27 
 5.078 2.581 -1.28745 3.26879e-32 7.04713e-317 4.9891 2.5761 -1.1078 0.186586 -0.302151 -0.283627 2.374 3.399 4.69586e+257 0 7.04735e-317 4.13003e-27 
 5.082 2.545 -1.30041 3.26879e-32 7.04713e-317 5.0026 2.5483 -1.1318 0.184059 -0.253165 -0.242701 2.41 3.412 4.69586e+257 0 7.04735e-317 4.13003e-27 
 5.073 2.536 -1.33177 3.26879e-32 7.04713e-317 5.0117 2.5285 -1.1496 0.193018 -0.151802 -0.140629 2.426 3.407 4.69586e+257 0 7.04735e-317 4.13003e-27 
 5.081 2.516 -1.35719 3.26879e-32 7.04713e-317 5.0186 2.5128 -1.1644 0.190909 -0.142904 -0.133932 2.424 3.426 4.69586e+257 0 7.04735e-317 4.13003e-27 
 5.074 2.481 -1.37174 3.26879e-32 7.04713e-317 5.0269 2.4932 -1.1835 0.184137 -0.047009 -0.0459207 2.411 3.448 4.69586e+257 0 7.04735e-317 4.13003e-27 
 5.061 2.498 -1.38381 3.26879e-32 7.04713e-317 5.0361 2.4699 -1.2075 0.210283 0.0258358 0.0221115 2.408 3.451 4.69586e+257 0 7.04735e-317 4.13003e-27 
 5.061 2.472 -1.38852 3.26879e-32 7.04713e-317 5.0331 2.4777 -1.1994 0.190096 0.0562278 0.0531914 2.421 3.454 4.69586e+257 0 7.04735e-317 4.13003e-27 
 5.064 2.425 -1.38829 3.26879e-32 7.04713e-317 5.0361 2.4699 -1.2075 0.167841 0.087387 0.0934445 2.437 3.482 4.69586e+257 0 7.04735e-317 4.13003e-27 
 5.072 2.396 -1.38724 3.26879e-32 7.04713e-317 5.0537 2.42 -1.2635 0.182665 0.0583259 0.0574118 2.461 3.467 4.69586e+257 0 7.04735e-317 4.13003e-27 
 5.079 2.411 -1.38653 3.26879e-32 7.04713e-317 5.0606 2.3974 -1.2915 0.204957 -0.0122495 -0.0107575 2.484 3.473 4.69586e+257 0 7.04735e-317 4.13003e-27 
 5.099 2.412 -1.38588 3.26879e-32 7.04713e-317 5.0583 2.4049 -1.282 0.198931 -0.121948 -0.109899 2.478 3.494 4.69586e+257 0 7.04735e-317 4.13003e-27 
 5.107 2.374 -1.3863 3.26879e-32 7.04713e-317 5.0583 2.4049 -1.282 0.176267 -0.134104 -0.136098 2.487 3.499 4.69586e+257 0 7.04735e-317 4.13003e-27 
 5.116 2.346 -1.38958 3.26879e-32 7.04713e-317 5.0667 2.3749 -1.321 0.178186 -0.1801 -0.179965 2.499 3.527 4.69586e+257 0 7.04735e-317 4.13003e-27 
 5.121 2.304 -1.39669 3.26879e-32 7.04713e-317 5.0737 2.3454 -1.3629 0.17173 -0.198657 -0.205289 2.528 3.528 4.69586e+257 0 7.04735e-317 4.13003e-27 
 5.134 2.318 -1.41311 3.26879e-32 7.04713e-317 5.0814 2.3022 -1.4319 0.205373 -0.328893 -0.280652 2.533 3.535 4.69586e+257 0 7.04735e-317 4.13003e-27 
 5.148 2.287 -1.43437 3.26879e-32 7.04713e-317 5.0819 2.2986 -1.438 0.189503 -0.375393 -0.342514 2.527 3.553 4.69586e+257 0 7.04735e-317 4.13003e-27 
 5.161 2.261 -1.47024 3.26879e-32 7.04713e-317 5.0833 2.288 -1.4566 0.18165 -0.42233 -0.396346 2.539 3.551 4.69586e+257 0 7.04735e-317 4.13003e-27 
 5.178 2.259 -1.50861 3.26879e-32 7.04713e-317 5.0858 2.2602 -1.5091 0.198915 -0.521394 -0.440845 2.567 3.558 4.69586e+257 0 7.04735e-317 4.13003e-27 
 5.193 2.255 -1.55507 3.26879e-32 7.04713e-317 5.0862 2.2533 -1.5228 0.203613 -0.5611 -0.460466 2.592 3.56 4.69586e+257 0 7.04735e-317 4.13003e-27 
 5.192 2.249 -1.61034 3.26879e-32 7.04713e-317 5.0862 2.2533 -1.5228 0.202406 -0.496537 -0.415823 2.591 3.593 4.69586e+257 0 7.04735e-317 4.13003e-27 
 5.19 2.23 -1.66826 3.26879e-32 7.04713e-317 5.0865 2.2465 -1.5368 0.197421 -0.44582 -0.386079 2.595 3.594 4.69586e+257 0 7.04735e-317 4.13003e-27 
 5.19 2.222 -1.7192 3.26879e-32 7.04713e-317 5.0868 2.2363 -1.5583 0.20067 -0.408023 -0.350852 2.604 3.597 4.69586e+257 0 7.04735e-317 4.13003e-27 
 5.19 2.198 -1.76512 3.26879e-32 7.04713e-317 5.0869 2.2296 -1.5729 0.192426 -0.39743 -0.355931 2.617 3.601 4.69586e+257 0 7.04735e-317 4.13003e-27 
