 1.901 0.184 2.18753 0 0 1.5882 0.2008 1.5257 0 0 0 0.408 0.434 0.781604 0 0 0 
 1.897 0.202 2.18753 0 0 1.5886 0.2154 1.5642 0.277673 0.457237 0.288152 0.392 0.435 0.781604 0 0 0 
 1.904 0.18 2.18753 0 0 1.5882 0.2008 1.5257 0.27859 0.428094 0.269849 0.407 0.443 0.781604 0 0 0 
 1.903 0.19 2.18736 0 0 1.5885 0.2095 1.549 0.280697 0.445015 0.277982 0.399 0.436 0.781606 0 0 0 
 1.905 0.23 2.18805 0 0 1.5882 0.2008 1.5257 0.258305 0.566851 0.376198 0.398 0.453 0.790829 0 0 0 
 1.85 0.217 2.20237 0 0 1.5886 0.2154 1.5642 0.25051 0.344886 0.242919 0.428 0.447 0.801889 0 0 0 
 1.865 0.211 2.21807 0 0 1.5886 0.2183 1.5717 0.260076 0.338129 0.229884 0.466 0.457 0.813557 0 0 0 
 1.829 0.288 2.23884 0 0 1.5886 0.2242 1.5864 0.216479 0.430505 0.34375 0.457 0.451 0.850598 0 0 0 
 1.811 0.282 2.27183 0 0 1.5883 0.236 1.615 0.218348 0.299261 0.241872 0.46 0.489 0.905153 0 0 0 
 1.802 0.275 2.28579 0 0 1.5857 0.2692 1.6878 0.237961 0.173479 0.130479 0.497 0.525 0.950661 0 0 0 
 1.788 0.27 2.30185 0 0 1.5857 0.2692 1.6878 0.232203 0.0884997 0.0684962 0.508 0.566 0.976566 0 0 0 
 1.77 0.319 2.31337 0 0 1.5878 0.245 1.6357 0.186149 0.219263 0.208926 0.503 0.566 1.00154 0 0 0 
 1.801 0.322 2.32366 0 0 1.5857 0.2692 1.6878 0.218477 0.283612 0.229546 0.488 0.586 1.01966 0 0 0 
 1.763 0.356 2.33396 0 0 1.5837 0.2845 1.7181 0.196543 0.244074 0.219915 0.482 0.578 1.0368 0 0 0 
 1.757 0.377 2.34146 0 0 1.5789 0.3125 1.7685 0.199224 0.222711 0.198569 0.533 0.605 1.0422 0 0 0 
 1.75 0.372 2.35159 0 0 1.5748 0.3314 1.7992 0.2025 0.103721 0.0919367 0.591 0.622 1.04866 0 0 0 
 1.735 0.381 2.36014 0 0 1.5741 0.3346 1.8041 0.191386 0.0638027 0.0599349 0.598 0.649 1.07352 0 0 0 
 1.736 0.368 2.36555 0 0 1.5741 0.3346 1.8041 0.199685 0.0285019 0.0256865 0.579 0.66 1.10594 0 0 0 
 1.747 0.38 2.37375 0 0 1.5733 0.3377 1.809 0.207195 0.117626 0.101833 0.543 0.664 1.13869 0 0 0 
 1.757 0.398 2.38021 0 0 1.5748 0.3314 1.7992 0.202254 0.226843 0.199205 0.538 0.679 1.16007 0 0 0 
 1.733 0.387 2.3851 0 0 1.5718 0.3441 1.8185 0.202654 0.0844668 0.0748842 0.529 0.708 1.15886 0 0 0 
 1.68 0.423 2.38946 0 0 1.5701 0.3505 1.8278 0.166232 0.0182729 0.0197839 0.503 0.705 1.15516 0 0 0 
 1.679 0.441 2.39504 0 0 1.5639 0.3731 1.8586 0.167915 0.0239859 0.0257065 0.547 0.759 1.13956 0 0 0 
 1.673 0.443 2.39906 0 0 1.5599 0.3861 1.8751 0.172446 -0.00429556 -0.00448369 0.557 0.82 1.10531 0 0 0 
 1.658 0.457 2.40429 0 0 1.5568 0.396 1.8869 0.168096 -0.0138327 -0.0148112 0.537 0.846 1.08972 0 0 0 
 1.668 0.472 2.40779 0 0 1.5489 0.4191 1.9128 0.18107 0.0283881 0.0282129 0.547 0.84 1.04107 0 0 0 
 1.661 0.478 2.41005 0 0 1.5466 0.4257 1.9197 0.178571 0.00924887 0.0093226 0.548 0.829 0.976363 0 0 0 
 1.66 0.495 2.41145 0 0 1.5478 0.4224 1.9163 0.171078 0.0898343 0.0942394 0.538 0.833 0.928013 0 0 0 
 1.647 0.499 2.41337 0 0 1.5365 0.4525 1.9459 0.177171 -0.0244719 -0.0248576 0.559 0.828 0.891862 0 0 0 
 1.641 0.526 2.41442 0 0 1.5378 0.4491 1.9428 0.166527 0.0923448 0.0994865 0.526 0.84 0.860378 0 0 0 
 1.643 0.527 2.41634 0 0 1.5283 0.4728 1.9638 0.178922 0.0465546 0.046801 0.551 0.863 0.83895 0 0 0 
 1.642 0.552 2.41808 0 0 1.5226 0.4864 1.975 0.179528 0.126678 0.126334 0.54 0.885 0.797823 0 0 0 
 1.623 0.536 2.41826 0 0 1.5167 0.5001 1.9856 0.175003 -0.0527984 -0.0542526 0.595 0.915 0.7651 0 0 0 
 1.579 0.56 2.42018 0 0 1.5226 0.4864 1.975 0.129115 -0.105655 -0.146243 0.597 0.927 0.727523 0 0 0 
 1.579 0.585 2.42245 0 0 1.509 0.5173 1.9981 0.134873 -0.0713195 -0.0948962 0.615 0.949 0.709343 0 0 0 
 1.564 0.609 2.42489 0 0 1.501 0.5346 2.0097 0.128927 -0.0719966 -0.100181 0.6 0.952 0.707118 0 0 0 
 1.491 0.608 2.42419 0 0 1.4842 0.5695 2.0307 0.107939 -0.506826 -0.523599 0.589 0.958 0.706635 0 0 0 
 1.462 0.579 2.4214 0 0 1.4718 0.5942 2.0436 0.119592 -0.833816 -0.523599 0.592 0.947 0.707001 0 0 0 
 1.462 0.577 2.41808 0 0 1.4736 0.5906 2.0419 0.118466 -0.819736 -0.523599 0.596 0.96 0.707906 0 0 0 
 1.446 0.579 2.41424 0 0 1.4682 0.6012 2.0471 0.123616 -0.863307 -0.523599 0.568 0.982 0.713809 0 0 0 
 1.456 0.576 2.40569 0 0 1.47 0.5977 2.0454 0.117967 -0.839403 -0.523599 0.62 0.993 0.71544 0 0 0 
 1.474 0.628 2.38894 0 0 1.4789 0.5801 2.0364 0.0814161 -0.55881 -0.523599 0.661 0.992 0.717135 0 0 0 
 1.519 0.627 2.36642 0 0 1.4789 0.5801 2.0364 0.111895 -0.27114 -0.411294 0.67 1.027 0.736882 0 0 0 
 1.506 0.645 2.35141 0 0 1.4664 0.6048 2.0488 0.107658 -0.33839 -0.514873 0.683 1.028 0.78551 0 0 0 
 1.517 0.659 2.33763 0 0 1.4552 0.6261 2.0584 0.122403 -0.251472 -0.354205 0.684 1.043 0.8189 0 0 0 
 1.509 0.669 2.31598 0 0 1.4457 0.6439 2.0657 0.127223 -0.261485 -0.354344 0.681 1.068 0.857589 0 0 0 
 1.53 0.65 2.30656 0 0 1.4533 0.6297 2.0599 0.146713 -0.141613 -0.172025 0.668 1.098 0.877155 0 0 0 
 1.546 0.637 2.28928 0 0 1.4552 0.6261 2.0584 0.151862 -0.117203 -0.138036 0.71 1.109 0.893159 0 0 0 
 1.503 0.665 2.27061 0 0 1.459 0.619 2.0553 0.111245 -0.236617 -0.365643 0.698 1.116 0.889574 0 0 0 
 1.518 0.695 2.26013 0 0 1.4476 0.6404 2.0642 0.123238 -0.0290387 -0.0423882 0.686 1.141 0.888771 0 0 0 
 1.49 0.691 2.24687 0 0 1.4457 0.6439 2.0657 0.109879 -0.213876 -0.336998 0.7 1.157 0.888424 0 0 0 
 1.474 0.683 2.23849 0 0 1.4418 0.6511 2.0684 0.107535 -0.363394 -0.523599 0.725 1.185 0.885837 0 0 0 
 1.47 0.672 2.22889 0 0 1.4359 0.6619 2.0724 0.11683 -0.454072 -0.523599 0.734 1.18 0.884761 0 0 0 
 1.448 0.673 2.22331 0 0 1.434 0.6655 2.0736 0.105126 -0.646141 -0.523599 0.747 1.182 0.885864 0 0 0 
 1.453 0.675 2.2179 0 0 1.426 0.6799 2.0785 0.1171 -0.600453 -0.523599 0.745 1.187 0.886655 0 0 0 
 1.478 0.668 2.19957 0 0 1.432 0.6691 2.0749 0.126186 -0.398741 -0.517154 0.76 1.223 0.890686 0 0 0 
 1.497 0.667 2.18596 0 0 1.432 0.6691 2.0749 0.133294 0.249458 0.324928 0.771 1.276 0.894299 0 0 0 
 1.464 0.704 2.17078 0 0 1.4476 0.6404 2.0642 0.086076 0.304721 0.523599 0.768 1.32 0.89539 0 0 0 
 1.463 0.735 2.15175 0 0 1.4379 0.6583 2.0711 0.0722414 0.441081 0.523599 0.767 1.319 0.890003 0 0 0 
 1.461 0.73 2.12872 0 0 1.42 0.6907 2.0819 0.0947171 0.454498 0.523599 0.767 1.325 0.879485 0 0 0 
 1.426 0.725 2.12243 0 0 1.42 0.6907 2.0819 0.092949 0.0574131 0.110728 0.791 1.359 0.853328 0 0 0 
 1.415 0.737 2.12296 0 0 1.4015 0.7233 2.091 0.101967 0.0027651 0.00488114 0.797 1.367 0.823299 0 0 0 
 1.425 0.735 2.13308 0 0 1.3952 0.7342 2.0936 0.104696 0.00114072 0.00196119 0.828 1.342 0.803713 0 0 0 
 1.424 0.749 2.14093 0 0 1.4015 0.7233 2.091 0.124209 -1.13074 -0.523599 0.854 1.379 0.789265 0 0 0 
 1.428 0.774 2.14669 0 0 1.4015 0.7233 2.091 0.104542 -0.867903 -0.523599 0.848 1.397 0.787638 0 0 0 
 1.435 0.744 2.14844 0 0 1.391 0.7415 2.0953 0.119152 0.0186963 0.0282365 0.846 1.409 0.790439 0 0 0 
 1.418 0.733 2.14914 0 0 1.4036 0.7197 2.09 0.102359 -0.078824 -0.137736 0.857 1.411 0.791587 0 0 0 
 1.401 0.739 2.14111 0 0 1.4118 0.7052 2.0861 0.0785572 -0.118478 -0.265083 0.878 1.419 0.791452 0 0 0 
 1.447 0.748 2.12156 0 0 1.4036 0.7197 2.09 0.107644 0.195222 0.315539 0.894 1.45 0.791365 0 0 0 
 1.449 0.723 2.11475 0 0 1.3931 0.7379 2.0945 0.14102 0.157961 0.198957 0.902 1.472 0.791725 0 0 0 
 1.444 0.725 2.10864 0 0 1.4098 0.7088 2.0872 0.114584 0.166863 0.256359 0.927 1.473 0.790331 0 0 0 
 1.417 0.767 2.10184 0 0 1.4118 0.7052 2.0861 0.0670655 0.205812 0.504675 0.959 1.483 0.782482 0 0 0 
 1.426 0.777 2.10271 0 0 1.3994 0.7269 2.0919 0.0888386 0.300092 0.523599 0.95 1.521 0.782252 0 0 0 
 1.42 0.785 2.1083 0 0 1.3847 0.7524 2.0976 0.098454 0.319239 0.523599 0.963 1.535 0.783682 0 0 0 
 1.413 0.798 2.1144 0 0 1.3783 0.7634 2.0998 0.0949906 0.336546 0.523599 0.965 1.543 0.781815 0 0 0 
 1.38 0.824 2.12069 0 0 1.3697 0.778 2.1025 0.0749695 0.308301 0.523599 0.981 1.566 0.778376 0 0 0 
 1.373 0.846 2.13081 0 0 1.3589 0.7964 2.1053 0.0799814 0.392512 0.523599 0.995 1.615 0.773786 0 0 0 
 1.359 0.858 2.14146 0 0 1.3524 0.8074 2.1068 0.073039 0.411099 0.523599 1.013 1.622 0.770383 0 0 0 
 1.348 0.87 2.14722 0 0 1.3436 0.8221 2.1086 0.0758597 0.417798 0.523599 1.018 1.647 0.761546 0 0 0 
 1.368 0.855 2.15856 0 0 1.3282 0.848 2.1109 0.110703 0.454342 0.523599 1.037 1.647 0.757657 0 0 0 
 1.355 0.837 2.16676 0 0 1.3282 0.848 2.1109 0.12356 0.358733 0.481562 1.074 1.676 0.741963 0 0 0 
 1.363 0.846 2.17654 0 0 1.3348 0.8369 2.11 0.120531 0.443969 0.523599 1.095 1.703 0.740108 0 0 0 
 1.39 0.846 2.18439 0 0 1.3326 0.8406 2.1103 0.147256 0.492505 0.523599 1.096 1.751 0.734717 0 0 0 
 1.383 0.878 2.19504 0 0 1.3348 0.8369 2.11 0.121893 0.627684 0.523599 1.099 1.753 0.717855 0 0 0 
 1.361 0.89 2.2165 0 0 1.3304 0.8443 2.1106 0.118762 0.567305 0.523599 1.106 1.788 0.681698 0 0 0 
 1.365 0.895 2.23081 0 0 1.326 0.8516 2.1112 0.118118 0.652783 0.523599 1.129 1.771 0.656352 0 0 0 
 1.338 0.91 2.24827 0 0 1.3149 0.8701 2.1122 0.115791 0.594731 0.523599 1.14 1.796 0.63335 0 0 0 
 1.324 0.911 2.26659 0 0 1.3215 0.859 2.1116 0.106712 0.561271 0.523599 1.162 1.81 0.627921 0 0 0 
 1.349 0.916 2.27654 0 0 1.2993 0.896 2.1129 0.140883 0.602784 0.523599 1.167 1.822 0.617261 0 0 0 
 1.333 0.915 2.28876 0 0 1.2993 0.896 2.1129 0.140414 0.526486 0.523599 1.196 1.843 0.610992 0 0 0 
 1.351 0.91 2.30254 0 0 1.306 0.8849 2.1127 0.14929 0.554115 0.523599 1.228 1.862 0.600558 0 0 0 
 1.288 0.897 2.31232 0 0 1.3126 0.8738 2.1124 0.127718 0.235185 0.320062 1.246 1.88 0.590839 0 0 0 
 1.286 0.904 2.32523 0 0 1.3037 0.8886 2.1128 0.136979 0.191912 0.247034 1.245 1.905 0.581717 0 0 0 
 1.278 0.928 2.34583 0 0 1.2948 0.9034 2.113 0.133476 0.270374 0.349634 1.273 1.916 0.565903 0 0 0 
 1.3 0.98 2.35944 0 0 1.2859 0.9183 2.1129 0.130122 0.616717 0.523599 1.284 1.935 0.545239 0 0 0 
 1.261 0.978 2.37148 0 0 1.2769 0.9331 2.1125 0.12773 0.408417 0.522249 1.309 1.949 0.535567 0 0 0 
 1.264 0.933 2.38283 0 0 1.2636 0.9554 2.1114 0.165697 0.0692618 0.075099 1.323 1.951 0.528728 0 0 0 
 1.239 0.985 2.42751 0 0 1.2413 0.9925 2.1082 0.16351 0.118604 0.129831 1.411 1.987 0.521316 0 0 0 
 1.252 0.994 2.43327 0 0 1.2435 0.9888 2.1086 0.164992 0.221617 0.237224 1.442 1.988 0.522515 0 0 0 
 1.206 1.002 2.44304 0 0 1.2435 0.9888 2.1086 0.144527 0.0331172 0.0412221 1.443 2.013 0.525155 0 0 0 
 1.193 1.015 2.4481 0 0 1.2281 1.0148 2.1054 0.153799 -0.0995213 -0.115953 1.458 2.057 0.529814 0 0 0 
 1.168 1.039 2.45177 0 0 1.2193 1.0296 2.1032 0.144292 -0.116503 -0.144324 1.475 2.069 0.530838 0 0 0 
 1.171 1.041 2.46014 0 0 1.2019 1.0593 2.0979 0.163942 -0.205294 -0.221697 1.482 2.085 0.529277 0 0 0 
 1.159 1.031 2.46363 0 0 1.2019 1.0593 2.0979 0.165391 -0.343719 -0.357964 1.522 2.088 0.530221 0 0 0 
 1.158 0.998 2.46137 0 0 1.2041 1.0556 2.0986 0.178049 -0.540804 -0.500328 1.534 2.093 0.530982 0 0 0 
 1.139 1.021 2.45508 0 0 1.2171 1.0333 2.1026 0.148681 -0.479913 -0.523599 1.553 2.115 0.53108 0 0 0 
 1.154 1.026 2.44758 0 0 1.2019 1.0593 2.0979 0.171239 -0.466563 -0.455964 1.583 2.126 0.531393 0 0 0 
 1.139 1.053 2.43414 0 0 1.2041 1.0556 2.0986 0.153646 -0.394021 -0.432462 1.605 2.141 0.532502 0 0 0 
 1.127 1.073 2.40482 0 0 1.1891 1.0815 2.0931 0.1602 -0.415333 -0.436626 1.617 2.171 0.533414 0 0 0 
 1.105 1.097 2.37428 0 0 1.1785 1.1 2.0886 0.154995 -0.407354 -0.441874 1.615 2.175 0.534513 0 0 0 
 1.091 1.073 2.35159 0 0 1.1618 1.1295 2.0804 0.182941 -0.631147 -0.523599 1.635 2.177 0.53485 0 0 0 
 1.103 1.07 2.33448 0 0 1.168 1.1184 2.0836 0.184465 -0.591258 -0.523297 1.658 2.205 0.536058 0 0 0 
 1.106 1.071 2.31092 0 0 1.1722 1.1111 2.0857 0.182573 -0.545205 -0.493212 1.686 2.198 0.537313 0 0 0 
 1.077 1.119 2.29068 0 0 1.1743 1.1074 2.0867 0.149673 -0.484868 -0.523599 1.71 2.221 0.540076 0 0 0 
 1.108 1.095 2.27026 0 0 1.1475 1.1553 2.0721 0.205468 -0.49558 -0.409596 1.727 2.247 0.545267 0 0 0 
 1.072 1.107 2.24286 0 0 1.1638 1.1258 2.0815 0.171251 -0.579146 -0.523599 1.736 2.26 0.557177 0 0 0 
 1.082 1.134 2.21162 0 0 1.1515 1.1479 2.0746 0.176971 -0.42455 -0.407629 1.731 2.271 0.570589 0 0 0 
 1.066 1.137 2.19189 0 0 1.1415 1.1663 2.0682 0.185155 -0.511183 -0.461204 1.755 2.295 0.57697 0 0 0 
 1.002 1.173 2.17095 0 0 1.1375 1.1736 2.0655 0.155679 -0.711658 -0.523599 1.763 2.306 0.579799 0 0 0 
 1.014 1.176 2.13413 0 0 1.1086 1.2285 2.0424 0.196526 -0.644049 -0.523599 1.8 2.309 0.581159 0 0 0 
 1 1.199 2.11475 0 0 1.1105 1.2248 2.0441 0.18072 -0.651951 -0.523599 1.827 2.347 0.587346 0 0 0 
 1.013 1.216 2.09713 0 0 1.0994 1.2467 2.0335 0.18994 -0.53327 -0.467929 1.843 2.345 0.596498 0 0 0 
 1.019 1.232 2.06519 0 0 1.094 1.2575 2.0279 0.191145 -0.431557 -0.386007 1.846 2.346 0.607981 0 0 0 
 1.029 1.219 2.04599 0 0 1.0887 1.2684 2.022 0.208369 -0.39478 -0.328662 1.841 2.353 0.628456 0 0 0 
 1.02 1.225 2.01824 0 0 1.0958 1.2539 2.0298 0.195438 -0.40395 -0.356174 1.871 2.363 0.647123 0 0 0 
 0.987 1.253 1.98421 0 0 1.0923 1.2611 2.0259 0.1802 -0.494497 -0.458794 1.899 2.372 0.659682 0 0 0 
 0.984 1.282 1.96326 0 0 1.0767 1.2936 2.0072 0.185495 -0.434132 -0.39871 1.91 2.388 0.685352 0 0 0 
 0.979 1.307 1.94389 0 0 1.0652 1.3187 1.9911 0.188044 -0.404422 -0.369356 1.942 2.414 0.707252 0 0 0 
 1.012 1.321 1.91457 0 0 1.0558 1.3401 1.9761 0.199755 -0.168075 -0.150311 1.933 2.43 0.731125 0 0 0 
 1.001 1.32 1.89764 0 0 1.0558 1.3401 1.9761 0.199097 -0.21722 -0.193916 1.938 2.451 0.747915 0 0 0 
 0.971 1.337 1.88333 0 0 1.0543 1.3437 1.9735 0.187981 -0.344938 -0.319012 1.941 2.468 0.756042 0 0 0 
 0.976 1.354 1.86082 0 0 1.0439 1.3685 1.9542 0.195343 -0.268352 -0.242412 1.954 2.476 0.758372 0 0 0 
 0.974 1.375 1.85157 0 0 1.0397 1.3791 1.9454 0.190029 -0.242486 -0.225773 1.959 2.488 0.758555 0 0 0 
 0.936 1.384 1.84127 0 0 1.0329 1.3967 1.9301 0.192636 -0.437352 -0.387952 1.972 2.521 0.760072 0 0 0 
 0.939 1.38 1.8219 0 0 1.0252 1.4176 1.9104 0.209271 -0.404812 -0.335062 1.992 2.528 0.758838 0 0 0 
 0.946 1.398 1.81107 0 0 1.0277 1.4106 1.9171 0.195493 -0.340565 -0.303864 2.021 2.544 0.757909 0 0 0 
 0.941 1.405 1.8006 0 0 1.0228 1.4246 1.9035 0.200108 -0.35089 -0.305734 2 2.569 0.758547 0 0 0 
 0.927 1.434 1.77373 0 0 1.0204 1.4315 1.8964 0.187266 -0.377207 -0.347829 2.011 2.58 0.757025 0 0 0 
 0.929 1.457 1.75889 0 0 1.0104 1.4625 1.8626 0.193906 -0.336447 -0.30272 2.034 2.568 0.75493 0 0 0 
 0.95 1.467 1.74441 0 0 1.0054 1.4796 1.8423 0.200498 -0.203434 -0.180645 2.044 2.593 0.752507 0 0 0 
 0.96 1.455 1.72224 0 0 1.0045 1.483 1.8381 0.210507 -0.133665 -0.1138 2.045 2.616 0.748857 0 0 0 
 0.981 1.464 1.70933 0 0 1.0084 1.4694 1.8546 0.198068 0.00917138 0.00833457 2.06 2.643 0.733579 0 0 0 
 0.96 1.481 1.69152 0 0 1.0074 1.4728 1.8506 0.188985 -0.0838711 -0.0797145 2.074 2.655 0.716445 0 0 0 
 0.917 1.51 1.68192 0 0 1.0017 1.4932 1.8252 0.183377 -0.334341 -0.31711 2.102 2.668 0.695828 0 0 0 
 0.95 1.521 1.67494 0 0 0.9937 1.5269 1.7805 0.199453 -0.129058 -0.115948 2.099 2.679 0.679935 0 0 0 
 0.944 1.54 1.67372 0 0 0.993 1.5302 1.776 0.190244 -0.157204 -0.147656 2.119 2.677 0.672049 0 0 0 
 0.964 1.514 1.67006 0 0 0.9897 1.5469 1.7534 0.216638 -0.0643564 -0.0534215 2.124 2.698 0.663751 0 0 0 
 0.969 1.522 1.65871 0 0 0.9952 1.5202 1.7895 0.195563 -0.000887843 -0.000817189 2.14 2.734 0.658325 0 0 0 
 0.938 1.538 1.64859 0 0 0.9937 1.5269 1.7805 0.189546 -0.167891 -0.158105 2.15 2.748 0.647892 0 0 0 
 0.954 1.552 1.64231 0 0 0.9897 1.5469 1.7534 0.194184 -0.0773308 -0.07156 2.16 2.758 0.633837 0 0 0 
 0.941 1.569 1.63847 0 0 0.9879 1.5568 1.7398 0.190227 -0.15228 -0.143108 2.193 2.779 0.620821 0 0 0 
 0.934 1.586 1.63463 0 0 0.9852 1.5733 1.7171 0.19039 -0.198045 -0.185094 2.179 2.793 0.610179 0 0 0 
 0.92 1.615 1.63131 0 0 0.9826 1.5928 1.6897 0.185378 -0.29029 -0.27474 2.184 2.818 0.602744 0 0 0 
 0.917 1.649 1.62869 0 0 0.9796 1.6219 1.6487 0.183031 -0.332904 -0.316393 2.178 2.827 0.585115 0 0 0 
 0.924 1.645 1.62224 0 0 0.9779 1.6506 1.6077 0.202546 -0.322223 -0.278891 2.225 2.836 0.558144 0 0 0 
 0.933 1.639 1.61595 0 0 0.9781 1.6474 1.6123 0.204311 -0.2607 -0.225763 2.24 2.847 0.535743 0 0 0 
 0.927 1.647 1.60618 0 0 0.9784 1.6411 1.6214 0.196202 -0.27627 -0.248229 2.252 2.837 0.520067 0 0 0 
 0.899 1.69 1.58768 0 0 0.9779 1.6506 1.6077 0.178127 -0.436971 -0.415818 2.277 2.846 0.514865 0 0 0 
 0.887 1.701 1.57686 0 0 0.9775 1.6913 1.5489 0.196887 -0.544184 -0.461654 2.284 2.888 0.515456 0 0 0 
 0.91 1.697 1.56726 0 0 0.9777 1.6975 1.5399 0.202011 -0.413663 -0.353139 2.299 2.897 0.513076 0 0 0 
 0.93 1.67 1.54684 0 0 0.9776 1.6944 1.5444 0.215626 -0.263266 -0.21633 2.306 2.903 0.509122 0 0 0 
 0.934 1.676 1.53096 0 0 0.9776 1.6944 1.5444 0.212276 -0.224479 -0.188098 2.321 2.906 0.504737 0 0 0 
 0.953 1.714 1.50495 0 0 0.9774 1.6757 1.5715 0.178224 -0.0844577 -0.0850935 2.356 2.935 0.502891 0 0 0 
 0.95 1.718 1.48506 0 0 0.9778 1.7006 1.5355 0.191149 -0.11336 -0.106345 2.374 2.941 0.500762 0 0 0 
 0.911 1.746 1.47005 0 0 0.9776 1.6944 1.5444 0.174786 -0.339887 -0.336698 2.386 2.945 0.500957 0 0 0 
 0.913 1.749 1.45172 0 0 0.9802 1.7403 1.4778 0.201005 -0.356328 -0.308879 2.405 2.965 0.502405 0 0 0 
 0.945 1.753 1.44352 0 0 0.9805 1.7434 1.4734 0.197332 -0.176435 -0.15957 2.411 2.969 0.503876 0 0 0 
 0.934 1.764 1.43462 0 0 0.9811 1.7494 1.4646 0.195895 -0.246902 -0.223092 2.421 2.978 0.504847 0 0 0 
 0.949 1.779 1.42153 0 0 0.9821 1.7584 1.4515 0.191222 -0.174782 -0.163064 2.423 2.993 0.50701 0 0 0 
 0.948 1.777 1.41176 0 0 0.984 1.7733 1.4299 0.201549 -0.186364 -0.164926 2.438 3.006 0.51053 0 0 0 
 0.949 1.811 1.39884 0 0 0.984 1.7733 1.4299 0.182174 -0.206819 -0.201575 2.456 3.021 0.512498 0 0 0 
 0.91 1.826 1.3875 0 0 0.9888 1.8028 1.3874 0.197394 -0.46574 -0.401617 2.475 3.051 0.515616 0 0 0 
 0.974 1.831 1.37964 0 0 0.9899 1.8086 1.3791 0.189029 -0.116884 -0.110845 2.51 3.06 0.518305 0 0 0 
 0.982 1.831 1.37092 0 0 0.9935 1.826 1.3542 0.198493 -0.0891804 -0.0806963 2.522 3.079 0.520391 0 0 0 
 0.953 1.861 1.358 0 0 0.9941 1.8289 1.3501 0.187529 -0.283558 -0.265737 2.535 3.083 0.523929 0 0 0 
 0.929 1.901 1.34229 0 0 0.9988 1.8489 1.3217 0.181922 -0.489812 -0.451281 2.55 3.094 0.5267 0 0 0 
 0.931 1.93 1.33461 0 0 1.0065 1.8771 1.2822 0.182918 -0.55819 -0.502295 2.563 3.093 0.530871 0 0 0 
 0.918 1.891 1.32554 0 0 1.0144 1.902 1.2478 0.222584 -0.575515 -0.435593 2.563 3.112 0.539706 0 0 0 
 0.923 1.931 1.31385 0 0 1.0033 1.8659 1.2979 0.178375 -0.568878 -0.521127 2.586 3.124 0.545848 0 0 0 
 0.947 1.953 1.29709 0 0 1.0144 1.902 1.2478 0.184179 -0.513695 -0.465276 2.597 3.134 0.55094 0 0 0 
 0.943 1.983 1.26515 0 0 1.022 1.9238 1.2181 0.184057 -0.592542 -0.523599 2.593 3.159 0.554199 0 0 0 
 0.965 1.967 1.24578 0 0 1.0313 1.948 1.1858 0.203434 -0.455796 -0.383341 2.598 3.182 0.553508 0 0 0 
 0.955 1.977 1.21262 0 0 1.0291 1.9426 1.1929 0.198749 -0.48495 -0.413838 2.632 3.178 0.552815 0 0 0 
 0.944 2.048 1.18522 0 0 1.0302 1.9453 1.1893 0.16831 -0.690156 -0.523599 2.652 3.198 0.550353 0 0 0 
 0.945 2.064 1.16427 0 0 1.0532 1.9976 1.1213 0.195 -0.751997 -0.523599 2.643 3.222 0.548404 0 0 0 
 0.965 2.024 1.13548 0 0 1.0594 2.0103 1.1052 0.218939 -0.531419 -0.411911 2.655 3.242 0.543137 0 0 0 
 1.013 2.034 1.11925 0 0 1.0471 1.9847 1.1378 0.183637 -0.28628 -0.273574 2.677 3.24 0.529556 0 0 0 
 1.028 2.042 1.08975 0 0 1.0594 2.0103 1.1052 0.192633 -0.229584 -0.211325 2.714 3.246 0.501836 0 0 0 
 1.054 2.001 1.0641 0 0 1.0659 2.0229 1.0895 0.214506 0.0290906 0.0244062 2.734 3.266 0.488009 0 0 0 
 1.06 2.034 1.04211 0 0 1.0544 2.0001 1.1181 0.180637 0.0127232 0.0126777 2.756 3.279 0.478467 0 0 0 
 1.057 2.034 1.02221 0 0 1.0698 2.0304 1.0802 0.201773 -0.00905915 -0.00808141 2.761 3.303 0.472546 0 0 0 
 1.08 2.048 1.0086 0 0 1.0685 2.0279 1.0833 0.185902 0.0780611 0.0754393 2.764 3.32 0.460305 0 0 0 
 1.095 2.027 1.00755 0 0 1.0793 2.0478 1.059 0.205412 0.195452 0.169627 2.784 3.341 0.443751 0 0 0 
 1.091 2.054 1.00703 0 0 1.0738 2.0379 1.0711 0.186293 0.106886 0.102911 2.808 3.343 0.426616 0 0 0 
 1.106 2.07 1.00633 0 0 1.0848 2.0575 1.0473 0.187099 0.112028 0.107363 2.846 3.342 0.401093 0 0 0 
 1.126 2.096 1.01034 0 0 1.0962 2.0769 1.0243 0.18135 0.105364 0.104201 2.858 3.333 0.386856 0 0 0 
 1.1 2.134 1.01802 0 0 1.1141 2.1052 0.9916 0.190239 -0.188068 -0.176103 2.878 3.32 0.384196 0 0 0 
 1.101 2.146 1.02797 0 0 1.1233 2.1191 0.976 0.193506 -0.249457 -0.228011 2.887 3.356 0.387843 0 0 0 
 1.116 2.139 1.0339 0 0 1.1295 2.1282 0.9658 0.198332 -0.174355 -0.156937 2.923 3.358 0.388635 0 0 0 
 1.123 2.168 1.03949 0 0 1.1295 2.1282 0.9658 0.181691 -0.23557 -0.229274 2.949 3.37 0.390646 0 0 0 
 1.167 2.17 1.0332 0 0 1.1454 2.1507 0.9413 0.18296 -0.0519425 -0.0510577 2.964 3.382 0.392886 0 0 0 
 1.155 2.186 1.0264 0 0 1.1618 2.1727 0.918 0.194385 -0.194324 -0.178038 2.968 3.385 0.396193 0 0 0 
 1.165 2.188 1.01994 0 0 1.1651 2.177 0.9134 0.193469 -0.152641 -0.141071 2.97 3.4 0.400084 0 0 0 
 1.2 2.172 1.0065 0 0 1.1701 2.1834 0.9068 0.195415 0.0705077 0.0648546 2.966 3.432 0.404561 0 0 0 
 1.191 2.203 1.00353 0 0 1.1768 2.1919 0.898 0.188916 -0.08278 -0.0787103 2.995 3.438 0.40519 0 0 0 
 1.183 2.188 0.994634 0 0 1.1887 2.2066 0.8832 0.209665 -0.0921117 -0.0789148 3.021 3.433 0.402942 0 0 0 
 1.169 2.21 0.988351 0 0 1.1768 2.1919 0.898 0.193055 -0.196523 -0.181223 3.035 3.45 0.40282 0 0 0 
 1.187 2.23 0.989049 0 0 1.1819 2.1983 0.8916 0.182075 -0.187496 -0.183279 3.052 3.456 0.402471 0 0 0 
 1.196 2.285 0.96828 0 0 1.2337 2.2588 0.8328 0.199221 -0.412173 -0.356494 3.16 3.507 0.389534 0 0 0 
 1.221 2.299 0.960252 0 0 1.2302 2.255 0.8364 0.181143 -0.33282 -0.319396 3.171 3.516 0.379909 0 0 0 
 1.236 2.308 0.955016 0 0 1.239 2.2646 0.8274 0.179188 -0.306821 -0.298973 3.184 3.522 0.367584 0 0 0 
 1.246 2.292 0.949082 0 0 1.262 2.2891 0.8053 0.202233 -0.242441 -0.212528 3.209 3.522 0.354453 0 0 0 
 1.243 2.32 0.931629 0 0 1.2584 2.2854 0.8086 0.188298 -0.330277 -0.305818 3.227 3.533 0.333918 0 0 0 
 1.264 2.343 0.91662 0 0 1.2584 2.2854 0.8086 0.170685 -0.306306 -0.312442 3.239 3.539 0.31978 0 0 0 
 1.263 2.368 0.904927 0 0 1.2797 2.3072 0.7894 0.178084 -0.430124 -0.410102 3.251 3.544 0.30429 0 0 0 
 1.25 2.388 0.887299 0 0 1.2956 2.3231 0.776 0.188846 -0.565006 -0.494002 3.282 3.555 0.286763 0 0 0 
 1.305 2.366 0.872813 0 0 1.3009 2.3283 0.7717 0.180857 -0.238799 -0.233338 3.283 3.561 0.270199 0 0 0 
 1.335 2.356 0.861818 0 0 1.3132 2.3402 0.762 0.183659 -0.0750714 -0.0734434 3.319 3.577 0.253139 0 0 0 
 1.333 2.338 0.840002 0 0 1.3342 2.3599 0.7464 0.209105 -0.0253887 -0.0218514 3.33 3.581 0.23913 0 0 0 
 1.331 2.364 0.815394 0 0 1.3255 2.3518 0.7527 0.192234 -0.0954688 -0.0891562 3.335 3.577 0.216565 0 0 0 
 1.329 2.372 0.800559 0 0 1.3272 2.3534 0.7515 0.191309 -0.122956 -0.115176 3.352 3.585 0.195551 0 0 0 
 1.317 2.419 0.797068 0 0 1.3446 2.3694 0.7391 0.191476 -0.38021 -0.343272 3.358 3.597 0.171806 0 0 0 
 1.332 2.425 0.795498 0 0 1.348 2.3726 0.7368 0.185354 -0.34811 -0.325994 3.387 3.603 0.156295 0 0 0 
 1.348 2.422 0.79096 0 0 1.3549 2.3788 0.7322 0.185126 -0.273598 -0.26 3.419 3.608 0.13121 0 0 0 
 1.355 2.436 0.786248 0 0 1.3651 2.3879 0.7256 0.184687 -0.310042 -0.29345 3.416 3.618 0.109114 0 0 0 
 1.381 2.435 0.775601 0 0 1.3819 2.4027 0.7153 0.187091 -0.206813 -0.19641 3.442 3.627 0.0856051 0 0 0 
 1.381 2.439 0.756927 0 0 1.3934 2.4126 0.7087 0.194806 -0.214341 -0.195519 3.468 3.631 0.0566436 0 0 0 
 1.393 2.443 0.745757 0 0 1.4016 2.4196 0.7043 0.194495 -0.179845 -0.16493 3.48 3.643 0.0327666 0 0 0 
 1.412 2.449 0.734762 0 0 1.4096 2.4264 0.7002 0.190099 -0.127415 -0.120066 3.51 3.644 0.00987662 0 0 0 
 1.413 2.467 0.715913 0 0 1.4191 2.4343 0.6955 0.190437 -0.190356 -0.178019 3.519 3.642 -0.0218252 0 0 0 
 1.443 2.492 0.706488 0 0 1.4237 2.4382 0.6934 0.171298 -0.185895 -0.192909 3.543 3.654 -0.0551743 0 0 0 
 1.442 2.477 0.697937 0 0 1.4464 2.4569 0.684 0.194535 -0.12139 -0.111851 3.548 3.646 -0.102743 0 0 0 
 1.445 2.521 0.68572 0 0 1.4551 2.464 0.6811 0.184401 -0.302149 -0.286805 3.575 3.65 -0.127376 0 0 0 
 1.457 2.505 0.680135 0 0 1.4851 2.4881 0.6747 0.206903 -0.180657 -0.155892 3.595 3.65 -0.15094 0 0 0 
 1.488 2.494 0.674201 0 0 1.4889 2.4912 0.6744 0.199392 -0.0156138 -0.0140944 3.615 3.659 -0.169752 0 0 0 
 1.468 2.526 0.667918 0 0 1.4851 2.4881 0.6747 0.194681 -0.226017 -0.206008 3.64 3.661 -0.200004 0 0 0 
 1.479 2.565 0.653083 0 0 1.4889 2.4912 0.6744 0.179747 -0.357471 -0.343762 3.653 3.667 -0.234256 0 0 0 
 1.49 2.566 0.646102 0 0 1.5126 2.5101 0.6765 0.191865 -0.303635 -0.277508 3.681 3.655 -0.255944 0 0 0 
 1.523 2.554 0.639993 0 0 1.5244 2.5196 0.6788 0.188706 -0.123094 -0.11688 3.7 3.651 -0.285921 0 0 0 
 1.498 2.575 0.629871 0 0 1.5324 2.5261 0.6809 0.200197 -0.284729 -0.250622 3.716 3.641 -0.319924 0 0 0 
 1.53 2.598 0.61905 0 0 1.5489 2.5395 0.6872 0.189635 -0.264783 -0.24623 3.735 3.651 -0.344796 0 0 0 
 1.523 2.592 0.604564 0 0 1.5667 2.5543 0.6984 0.208332 -0.211093 -0.180403 3.74 3.654 -0.366098 0 0 0 
 1.574 2.572 0.595663 0 0 1.5589 2.5478 0.6929 0.183773 0.0408552 0.0399951 3.753 3.647 -0.384098 0 0 0 
 1.579 2.579 0.586588 0 0 1.5704 2.5574 0.7016 0.187452 0.051012 0.0489449 3.772 3.653 -0.40053 0 0 0 
 1.562 2.608 0.570008 0 0 1.5869 2.5716 0.7196 0.198762 -0.0872515 -0.0788518 3.782 3.657 -0.422466 0 0 0 
 1.582 2.615 0.563027 0 0 1.5901 2.5744 0.7239 0.188847 -0.0463888 -0.0441869 3.807 3.67 -0.446703 0 0 0 
 1.61 2.616 0.563376 0 0 1.5982 2.5816 0.7359 0.18036 0.0582263 0.0580449 3.816 3.677 -0.475956 0 0 0 
 1.63 2.607 0.562852 0 0 1.6206 2.6027 0.7739 0.189589 0.241977 0.225819 3.82 3.669 -0.50191 0 0 0 
 1.636 2.64 0.563376 0 0 1.6223 2.6043 0.7767 0.177382 0.10263 0.103771 3.874 3.625 -0.540886 0 0 0 
 1.638 2.639 0.562329 0 0 1.6418 2.6241 0.8031 0.191293 0.180813 0.168526 3.922 3.631 -0.564629 0 0 0 
 1.65 2.636 0.56739 0 0 1.6467 2.6291 0.8077 0.190392 0.241849 0.224785 3.959 3.64 -0.592512 0 0 0 
 1.645 2.619 0.573847 0 0 1.6529 2.6357 0.8125 0.203715 0.315459 0.271836 3.969 3.621 -0.615655 0 0 0 
 1.656 2.619 0.580479 0 0 1.6467 2.6291 0.8077 0.193832 0.32864 0.29621 3.989 3.608 -0.654224 0 0 0 
 1.696 2.649 0.5913 0 0 1.6498 2.6323 0.8102 0.16757 0.317825 0.328993 3.976 3.598 -0.680304 0 0 0 
 1.685 2.656 0.599328 0 0 1.6678 2.6514 0.8195 0.185448 0.279227 0.264666 3.993 3.596 -0.696794 0 0 0 
 1.691 2.657 0.608229 0 0 1.6797 2.6642 0.822 0.192669 0.307821 0.280023 4.01 3.597 -0.703732 0 0 0 
 1.704 2.652 0.62638 0 0 1.6813 2.6659 0.8222 0.19074 0.359748 0.327283 4.011 3.568 -0.712549 0 0 0 
 1.704 2.681 0.635979 0 0 1.6829 2.6676 0.8224 0.181972 0.21871 0.213057 4.022 3.557 -0.724182 0 0 0 
 1.715 2.691 0.645578 0 0 1.6937 2.6793 0.8228 0.182844 0.218587 0.211955 4.047 3.562 -0.725591 0 0 0 
 1.731 2.71 0.660413 0 0 1.7065 2.6931 0.8224 0.180019 0.191647 0.189331 4.05 3.548 -0.727036 0 0 0 
 1.739 2.708 0.675597 0 0 1.7184 2.7059 0.8214 0.187868 0.228626 0.215644 4.067 3.523 -0.72303 0 0 0 
 1.767 2.709 0.686418 0 0 1.7336 2.7222 0.8198 0.188655 0.332091 0.306849 4.093 3.514 -0.723115 0 0 0 
 1.752 2.703 0.695319 0 0 1.7371 2.7259 0.8194 0.200849 0.292335 0.25623 4.109 3.524 -0.722648 0 0 0 
 1.766 2.736 0.707012 0 0 1.7291 2.7174 0.8203 0.175356 0.186655 0.189303 4.123 3.502 -0.723303 0 0 0 
 1.775 2.737 0.71696 0 0 1.7478 2.7374 0.8181 0.187389 0.219901 0.20817 4.125 3.479 -0.724614 0 0 0 
 1.797 2.74 0.72621 0 0 1.7554 2.7455 0.8172 0.183687 0.289308 0.276252 4.149 3.485 -0.724084 0 0 0 
 1.804 2.753 0.737903 0 0 1.7714 2.7626 0.8152 0.189536 0.256141 0.238619 4.188 3.49 -0.723287 0 0 0 
 1.806 2.762 0.751517 0 0 1.7858 2.7778 0.8135 0.197633 0.215012 0.193382 4.191 3.47 -0.724439 0 0 0 
 1.818 2.783 0.758672 0 0 1.7814 2.7731 0.814 0.180366 0.169323 0.167399 4.202 3.473 -0.728285 0 0 0 
 1.823 2.793 0.767224 0 0 1.8027 2.7957 0.8115 0.192497 0.142899 0.132835 4.22 3.46 -0.73282 0 0 0 
 1.846 2.803 0.782059 0 0 1.8142 2.8077 0.8103 0.188954 0.182462 0.172096 4.231 3.451 -0.740332 0 0 0 
 1.852 2.816 0.789564 0 0 1.8209 2.8148 0.8096 0.186848 0.147418 0.141071 4.228 3.425 -0.754625 0 0 0 
 1.861 2.843 0.797592 0 0 1.8368 2.8315 0.808 0.18533 0.0665209 0.0645181 4.241 3.421 -0.763351 0 0 0 
 1.895 2.817 0.806144 0 0 1.8517 2.847 0.8066 0.196094 0.300185 0.268876 4.252 3.396 -0.763915 0 0 0 
 1.88 2.845 0.815743 0 0 1.846 2.8411 0.8071 0.184869 0.120645 0.116932 4.291 3.354 -0.763882 0 0 0 
 1.894 2.829 0.823073 0 0 1.8653 2.8612 0.8053 0.202959 0.22511 0.197055 4.324 3.336 -0.761822 0 0 0 
 1.898 2.858 0.83145 0 0 1.8673 2.8633 0.8052 0.190324 0.124084 0.116819 4.362 3.327 -0.759944 0 0 0 
 1.91 2.879 0.835988 0 0 1.8754 2.8717 0.8045 0.183279 0.0875297 0.0857531 4.354 3.333 -0.757234 0 0 0 
 1.916 2.851 0.841922 0 0 1.8944 2.8914 0.8029 0.209584 0.199254 0.169486 4.36 3.306 -0.757832 0 0 0 
 1.939 2.862 0.850299 0 0 1.8944 2.8914 0.8029 0.196306 0.25196 0.227048 4.37 3.31 -0.756827 0 0 0 
 1.942 2.878 0.858328 0 0 1.8944 2.8914 0.8029 0.187973 0.199954 0.189183 4.387 3.312 -0.753481 0 0 0 
 1.898 2.922 0.864087 0 0 1.9054 2.9028 0.8021 0.194083 -0.174224 -0.160197 4.394 3.296 -0.752926 0 0 0 
 1.904 2.931 0.869497 0 0 1.9121 2.9097 0.8016 0.193317 -0.191635 -0.176575 4.43 3.287 -0.753167 0 0 0 
 1.922 2.969 0.8777 0 0 1.9121 2.9097 0.8016 0.169544 -0.26884 -0.278027 4.428 3.32 -0.752806 0 0 0 
 1.934 2.977 0.886601 0 0 1.9403 2.9388 0.7996 0.184744 -0.268592 -0.255955 4.43 3.297 -0.754415 0 0 0 
 1.961 2.985 0.882063 0 0 1.9452 2.9438 0.7993 0.174993 -0.17735 -0.18044 4.454 3.284 -0.763911 0 0 0 
 1.984 3.005 0.873162 0 0 1.9653 2.9645 0.798 0.17437 -0.155124 -0.158784 4.475 3.289 -0.772173 0 0 0 
 1.981 3 0.858502 0 0 1.9945 2.9944 0.7963 0.202452 -0.148677 -0.131427 4.503 3.251 -0.790092 0 0 0 
 2.006 3.022 0.849427 0 0 1.9864 2.9861 0.7968 0.176451 -0.11329 -0.115058 4.489 3.247 -0.817952 0 0 0 
 2.05 2.997 0.8407 0 0 2.0112 3.0114 0.7954 0.191346 0.173697 0.161967 4.506 3.228 -0.833887 0 0 0 
 2.017 3.001 0.825167 0 0 2.0284 3.0289 0.7946 0.216432 0.0253927 0.0211153 4.531 3.217 -0.840686 0 0 0 
 2.01 3.013 0.81487 0 0 2.0028 3.0028 0.7958 0.192739 -0.0315637 -0.0294691 4.543 3.199 -0.855084 0 0 0 
 2.006 3.059 0.80754 0 0 2.0056 3.0057 0.7957 0.177821 -0.231145 -0.229843 4.561 3.193 -0.870795 0 0 0 
 2.021 3.066 0.808238 0 0 2.0226 3.023 0.7949 0.182822 -0.197557 -0.192109 4.586 3.175 -0.879802 0 0 0 
 2.036 3.078 0.809634 0 0 2.0401 3.0409 0.7941 0.186248 -0.18547 -0.177365 4.587 3.135 -0.895335 0 0 0 
 2.045 3.085 0.807715 0 0 2.0581 3.0592 0.7934 0.194665 -0.1743 -0.159795 4.615 3.122 -0.903174 0 0 0 
 2.052 3.085 0.798116 0 0 2.0673 3.0686 0.7931 0.199562 -0.134443 -0.120675 4.647 3.09 -0.9055 0 0 0 
 2.054 3.111 0.79096 0 0 2.0673 3.0686 0.7931 0.188389 -0.227478 -0.21402 4.663 3.08 -0.914932 0 0 0 
 2.067 3.123 0.782583 0 0 2.0766 3.078 0.7927 0.185929 -0.216017 -0.206157 4.703 3.043 -0.920262 0 0 0 
 2.075 3.133 0.772285 0 0 2.0923 3.0939 0.7922 0.191772 -0.210975 -0.195495 4.742 3.011 -0.926179 0 0 0 
 2.074 3.122 0.766177 0 0 2.1019 3.1037 0.7919 0.204583 -0.156744 -0.137044 4.718 3.004 -0.938555 0 0 0 
 2.096 3.136 0.758847 0 0 2.1019 3.1037 0.7919 0.189606 -0.123883 -0.117069 4.712 2.992 -0.953179 0 0 0 
 2.097 3.164 0.745932 0 0 2.1116 3.1135 0.7917 0.186664 -0.224198 -0.212917 4.715 3.022 -0.955094 0 0 0 
 2.116 3.175 0.738252 0 0 2.1279 3.13 0.7912 0.187617 -0.182595 -0.173422 4.73 3.001 -0.958476 0 0 0 
 2.108 3.178 0.731097 0 0 2.1445 3.1468 0.7908 0.203947 -0.20458 -0.178634 4.742 2.982 -0.961681 0 0 0 
 2.13 3.184 0.719054 0 0 2.1512 3.1536 0.7906 0.197403 -0.132749 -0.120459 4.797 2.993 -0.966307 0 0 0 
 2.145 3.202 0.710328 0 0 2.158 3.1604 0.7905 0.189607 -0.143993 -0.135856 4.818 2.961 -0.977706 0 0 0 
 2.157 3.217 0.703521 0 0 2.1682 3.1706 0.7903 0.187082 -0.152647 -0.145825 4.806 2.944 -1.00696 0 0 0 
 2.15 3.22 0.691305 0 0 2.1819 3.1845 0.79 0.200634 -0.163327 -0.145494 4.862 2.915 -1.03238 0 0 0 
 2.19 3.204 0.684847 0 0 2.1819 3.1845 0.79 0.187974 0.0591096 0.0565419 4.85 2.922 -1.06267 0 0 0 
 2.199 3.199 0.674899 0 0 2.1888 3.1914 0.7898 0.19125 0.13075 0.122444 4.871 2.94 -1.09906 0 0 0 
 2.176 3.219 0.66879 0 0 2.1992 3.2019 0.7896 0.203023 -0.0252038 -0.022342 4.898 2.936 -1.1245 0 0 0 
 2.192 3.242 0.661635 0 0 2.1957 3.1984 0.7897 0.184557 -0.072429 -0.0705234 4.898 2.897 -1.16672 0 0 0 
 2.191 3.253 0.663729 0 0 2.2131 3.216 0.7893 0.195547 -0.107294 -0.0984439 4.877 2.855 -1.20669 0 0 0 
 2.201 3.265 0.667918 0 0 2.2272 3.2303 0.7891 0.198293 -0.115311 -0.104294 4.856 2.851 -1.22726 0 0 0 
 2.215 3.269 0.669838 0 0 2.2272 3.2303 0.7891 0.190317 -0.0879274 -0.0829699 4.879 2.842 -1.231 0 0 0 
 2.236 3.267 0.668441 0 0 2.2343 3.2374 0.789 0.187027 0.00466497 0.00448966 4.928 2.847 -1.22873 0 0 0 
 2.242 3.28 0.666173 0 0 2.245 3.2482 0.7888 0.188411 -0.0202188 -0.0193138 4.94 2.836 -1.23068 0 0 0 
 2.257 3.292 0.662857 0 0 2.2558 3.259 0.7886 0.185997 -0.00786335 -0.00760967 4.937 2.802 -1.24581 0 0 0 
 2.282 3.277 0.65954 0 0 2.2666 3.2698 0.7884 0.188682 0.165869 0.156936 4.914 2.778 -1.26609 0 0 0 
 2.283 3.294 0.657795 0 0 2.2774 3.2807 0.7882 0.190907 0.103958 0.097707 4.935 2.772 -1.27251 0 0 0 
 2.293 3.313 0.656574 0 0 2.2847 3.288 0.7881 0.185443 0.0604723 0.05863 4.941 2.765 -1.27102 0 0 0 
 2.289 3.32 0.655003 0 0 2.2992 3.3027 0.7879 0.196758 0.0323853 0.0296184 4.976 2.731 -1.2726 0 0 0 
 2.295 3.322 0.65797 0 0 2.3029 3.3064 0.7879 0.196338 0.0449975 0.0412297 4.982 2.706 -1.27427 0 0 0 
 2.305 3.328 0.660937 0 0 2.3029 3.3064 0.7879 0.189613 0.0495601 0.0470127 4.969 2.711 -1.28224 0 0 0 
 2.321 3.36 0.666347 0 0 2.3175 3.3211 0.7877 0.182906 -0.0317576 -0.0312428 4.971 2.7 -1.28385 0 0 0 
 2.332 3.353 0.670187 0 0 2.3323 3.3359 0.7875 0.192504 0.0516492 0.0482568 4.97 2.691 -1.28202 0 0 0 
 2.352 3.357 0.674026 0 0 2.3396 3.3433 0.7874 0.188028 0.10942 0.104368 5 2.653 -1.28056 0 0 0 
 2.353 3.37 0.678389 0 0 2.3507 3.3544 0.7872 0.192003 0.0589966 0.0552522 5.012 2.622 -1.27998 0 0 0 
 2.353 3.376 0.67996 0 0 2.3582 3.3619 0.7871 0.195998 0.0367654 0.0337517 5.048 2.611 -1.28118 0 0 0 
 2.36 3.394 0.682753 0 0 2.3656 3.3693 0.787 0.192358 -0.0158493 -0.01483 5.072 2.589 -1.28301 0 0 0 
 2.392 3.409 0.685022 0 0 2.3693 3.373 0.787 0.175328 0.0341475 0.0350431 5.078 2.562 -1.29583 0 0 0 
 2.418 3.405 0.688338 0 0 2.3879 3.3917 0.7868 0.180584 0.163373 0.161427 5.077 2.543 -1.32272 0 0 0 
 2.425 3.417 0.68921 0 0 2.4103 3.4141 0.7865 0.191408 0.1501 0.140228 5.071 2.516 -1.35026 0 0 0 
 2.417 3.43 0.691654 0 0 2.4177 3.4216 0.7864 0.196256 0.0653636 0.059878 5.075 2.495 -1.36566 0 0 0 
 2.408 3.447 0.693573 0 0 2.4177 3.4216 0.7864 0.194073 -0.0458976 -0.0425438 5.07 2.489 -1.38157 0 0 0 
 2.418 3.455 0.697762 0 0 2.4289 3.4328 0.7863 0.195815 -0.0404286 -0.0371462 5.064 2.489 -1.38715 0 0 0 
 2.435 3.459 0.701776 0 0 2.4327 3.4366 0.7862 0.189798 0.00301235 0.00285684 5.065 2.443 -1.38844 0 0 0 
 2.449 3.462 0.705441 0 0 2.4439 3.4478 0.7861 0.191672 0.0463182 0.0434703 5.069 2.407 -1.38799 0 0 0 
 2.482 3.459 0.705965 0 0 2.4588 3.4628 0.786 0.190694 0.194241 0.181334 5.072 2.41 -1.38647 0 0 0 
 2.488 3.47 0.705616 0 0 2.47 3.474 0.7858 0.193022 0.175084 0.161844 5.087 2.417 -1.38546 0 0 0 
 2.475 3.488 0.706139 0 0 2.4738 3.4777 0.7858 0.194901 0.0478076 0.0441238 5.107 2.397 -1.38634 0 0 0 
 2.489 3.503 0.708408 0 0 2.4812 3.4852 0.7857 0.189145 0.0370451 0.0352394 5.104 2.359 -1.38796 0 0 0 
 2.527 3.526 0.71347 0 0 2.4961 3.5001 0.7856 0.175907 0.0853348 0.0870996 5.134 2.321 -1.39433 0 0 0 
 2.526 3.536 0.721323 0 0 2.5221 3.5261 0.7853 0.194041 0.0431321 0.0399896 5.119 2.302 -1.40735 0 0 0 
 2.534 3.526 0.726036 0 0 2.5259 3.5298 0.7853 0.19764 0.113384 0.102899 5.152 2.302 -1.42725 0 0 0 
 2.538 3.547 0.729526 0 0 2.5296 3.5335 0.7853 0.190754 0.0362937 0.0342342 5.16 2.287 -1.45594 0 0 0 
 2.554 3.566 0.735111 0 0 2.5407 3.5446 0.7852 0.185579 0.015247 0.0147875 5.159 2.254 -1.49669 0 0 0 
 2.582 3.556 0.737729 0 0 2.5517 3.5557 0.7851 0.18676 0.171725 0.164022 5.186 2.261 -1.5402 0 0 0 
 2.6 3.587 0.740696 0 0 2.5628 3.5667 0.785 0.175807 0.110741 0.1129 5.192 2.251 -1.58807 0 0 0 
 2.601 3.6 0.744536 0 0 2.5811 3.585 0.7848 0.185345 0.0597332 0.0579458 5.199 2.238 -1.65158 0 0 0 
 2.602 3.595 0.747502 0 0 2.5957 3.5996 0.7847 0.199029 0.0854646 0.0771399 5.192 2.236 -1.69951 0 0 0 
 2.616 3.593 0.750469 0 0 2.5957 3.5996 0.7847 0.194003 0.146699 0.135279 5.192 2.206 -1.75157 0 0 0 
 2.619 3.588 0.75396 0 0 2.5957 3.5996 0.7847 0.194882 0.175802 0.160971 5.184 2.173 -1.79496 0 0 0 
