 1.912 0.268 2.46904 0 0 1.5863 0.2631 1.6752 0 0 0 0.614 0.499 1.17411 0 0 0 
 1.892 0.27 2.46887 0 0 1.5872 0.254 1.6558 0.257562 0.118997 0.0829713 0.619 0.489 1.17411 0 0 0 
 1.906 0.264 2.46887 0 0 1.5872 0.254 1.6558 0.268121 0.132797 0.0889163 0.612 0.487 1.17411 0 0 0 
 1.896 0.28 2.46887 0 0 1.588 0.242 1.6289 0.249318 0.186893 0.134121 0.608 0.491 1.17411 0 0 0 
 1.927 0.303 2.46887 0 0 1.5872 0.254 1.6558 0.268818 0.303286 0.200356 0.597 0.512 1.19503 0 0 0 
 1.871 0.318 2.4687 0 0 1.5863 0.2631 1.6752 0.239411 0.230169 0.171354 0.588 0.556 1.26193 0 0 0 
 1.89 0.329 2.46904 0 0 1.5857 0.2692 1.6878 0.243121 0.273109 0.199512 0.656 0.537 1.32284 0 0 0 
 1.875 0.339 2.47131 0 0 1.5853 0.2722 1.694 0.224735 0.253249 0.200122 0.71 0.561 1.37105 0 0 0 
 1.838 0.365 2.47515 0 0 1.5837 0.2845 1.7181 0.209817 0.265804 0.224197 0.665 0.631 1.44202 0 0 0 
 1.847 0.396 2.48754 0 0 1.5795 0.3093 1.7631 0.225898 0.332503 0.258994 0.63 0.622 1.52757 0 0 0 
 1.855 0.378 2.49871 0 0 1.5755 0.3282 1.7942 0.248218 0.237374 0.170466 0.639 0.662 1.5735 0 0 0 
 1.852 0.42 2.50849 0 0 1.5769 0.3219 1.7841 0.225988 0.377426 0.292027 0.668 0.691 1.57491 0 0 0 
 1.829 0.43 2.51425 0 0 1.5741 0.3346 1.8041 0.215178 0.335128 0.273324 0.675 0.707 1.58274 0 0 0 
 1.814 0.436 2.51861 0 0 1.5718 0.3441 1.8185 0.210128 0.300177 0.251685 0.67 0.71 1.60028 0 0 0 
 1.813 0.446 2.52943 0 0 1.5693 0.3537 1.8324 0.212879 0.305055 0.252437 0.671 0.737 1.61207 0 0 0 
 1.813 0.474 2.53868 0 0 1.5639 0.3731 1.8586 0.212403 0.348382 0.287079 0.691 0.749 1.6143 0 0 0 
 1.778 0.513 2.54863 0 0 1.5589 0.3894 1.8791 0.185889 0.380042 0.35262 0.695 0.772 1.61612 0 0 0 
 1.788 0.484 2.56922 0 0 1.5478 0.4224 1.9163 0.223141 0.183173 0.146697 0.684 0.787 1.62353 0 0 0 
 1.774 0.489 2.58022 0 0 1.5513 0.4124 1.9056 0.20474 0.180431 0.157318 0.685 0.77 1.63566 0 0 0 
 1.772 0.492 2.58877 0 0 1.5524 0.4091 1.9019 0.206099 0.191527 0.165738 0.654 0.77 1.63369 0 0 0 
 1.729 0.504 2.60361 0 0 1.5546 0.4025 1.8945 0.172376 0.159503 0.165043 0.636 0.78 1.63273 0 0 0 
 1.705 0.521 2.61425 0 0 1.5429 0.4357 1.9299 0.176191 0.0830473 0.0846401 0.608 0.817 1.62786 0 0 0 
 1.743 0.524 2.62403 0 0 1.5429 0.4357 1.9299 0.205014 0.163787 0.142824 0.578 0.806 1.61906 0 0 0 
 1.735 0.514 2.63432 0 0 1.5365 0.4525 1.9459 0.213139 0.0476871 0.0402509 0.567 0.813 1.58478 0 0 0 
 1.727 0.532 2.64602 0 0 1.5429 0.4357 1.9299 0.194323 0.145849 0.134287 0.556 0.818 1.50642 0 0 0 
 1.72 0.541 2.6523 0 0 1.5338 0.4592 1.9521 0.20495 0.0893258 0.0782913 0.514 0.799 1.43114 0 0 0 
 1.724 0.569 2.66103 0 0 1.5269 0.4762 1.9667 0.201763 0.154257 0.136759 0.576 0.854 1.35234 0 0 0 
 1.738 0.606 2.66574 0 0 1.5338 0.4592 1.9521 0.183862 0.381129 0.357125 0.642 0.907 1.25422 0 0 0 
 1.711 0.606 2.67097 0 0 1.5226 0.4864 1.975 0.188219 0.231751 0.218106 0.582 0.858 1.22067 0 0 0 
 1.69 0.615 2.67761 0 0 1.501 0.5346 2.0097 0.200618 0.0556347 0.0498756 0.556 0.81 1.21332 0 0 0 
 1.66 0.608 2.68267 0 0 1.509 0.5173 1.9981 0.175946 0.0345822 0.0353643 0.541 0.857 1.16716 0 0 0 
 1.68 0.588 2.68877 0 0 1.5042 0.5277 2.0052 0.207661 -0.0355557 -0.0308099 0.504 0.893 1.12003 0 0 0 
 1.609 0.606 2.70797 0 0 1.509 0.5173 1.9981 0.152219 -0.0648321 -0.0765148 0.498 0.936 0.953025 0 0 0 
 1.598 0.639 2.71461 0 0 1.5121 0.5104 1.9932 0.134088 0.101182 0.135002 0.491 0.939 0.913625 0 0 0 
 1.614 0.651 2.71757 0 0 1.4807 0.5765 2.0345 0.174079 -0.0564887 -0.0583438 0.517 0.95 0.78124 0 0 0 
 1.599 0.674 2.71879 0 0 1.4807 0.5765 2.0345 0.15437 0.0308931 0.0360067 0.542 0.972 0.695135 0 0 0 
 1.579 0.67 2.71949 0 0 1.4754 0.5871 2.0401 0.149632 -0.0640558 -0.0769039 0.53 0.983 0.66788 0 0 0 
 1.582 0.686 2.71757 0 0 1.459 0.619 2.0553 0.166167 -0.0970239 -0.104716 0.526 0.991 0.588426 0 0 0 
 1.582 0.696 2.7181 0 0 1.4627 0.6119 2.0521 0.163586 -0.0116303 -0.0127965 0.515 1.021 0.541372 0 0 0 
 1.611 0.684 2.71722 0 0 1.4514 0.6332 2.0613 0.197687 -0.0891115 -0.0809615 0.52 1.021 0.511934 0 0 0 
 1.588 0.718 2.71775 0 0 1.4495 0.6368 2.0628 0.176066 0.0267142 0.0273043 0.528 1.07 0.442063 0 0 0 
 1.558 0.715 2.71827 0 0 1.459 0.619 2.0553 0.143587 0.0344091 0.0431084 0.546 1.085 0.374661 0 0 0 
 1.555 0.686 2.71478 0 0 1.4418 0.6511 2.0684 0.165901 -0.223664 -0.23807 0.563 1.11 0.344325 0 0 0 
 1.524 0.709 2.71251 0 0 1.4495 0.6368 2.0628 0.132434 -0.117772 -0.158725 0.547 1.112 0.279227 0 0 0 
 1.499 0.733 2.71042 0 0 1.4457 0.6439 2.0657 0.107871 -0.0648754 -0.107835 0.562 1.117 0.261638 0 0 0 
 1.513 0.756 2.70553 0 0 1.42 0.6907 2.0819 0.133767 -0.100437 -0.134336 0.578 1.127 0.2427 0 0 0 
 1.491 0.776 2.70605 0 0 1.4098 0.7088 2.0872 0.114067 -0.106809 -0.166976 0.607 1.136 0.224002 0 0 0 
 1.498 0.773 2.70448 0 0 1.4015 0.7233 2.091 0.120482 -0.15862 -0.232685 0.637 1.136 0.222804 0 0 0 
 1.483 0.765 2.69855 0 0 1.4036 0.7197 2.09 0.10183 -0.180506 -0.308859 0.676 1.152 0.223207 0 0 0 
 1.473 0.758 2.69349 0 0 1.4036 0.7197 2.09 0.0992682 -0.238892 -0.408775 0.669 1.155 0.226467 0 0 0 
 1.467 0.76 2.69 0 0 1.4015 0.7233 2.091 0.0949363 -0.259427 -0.457128 0.672 1.151 0.240745 0 0 0 
 1.471 0.752 2.68476 0 0 1.3994 0.7269 2.0919 0.0997311 -0.28162 -0.470252 0.692 1.162 0.29936 0 0 0 
 1.478 0.773 2.67918 0 0 1.4015 0.7233 2.091 0.0890996 -0.0906453 -0.181116 0.728 1.179 0.358834 0 0 0 
 1.468 0.799 2.67272 0 0 1.3973 0.7306 2.0928 0.0779834 -0.00310029 -0.00715591 0.724 1.182 0.412927 0 0 0 
 1.488 0.801 2.65945 0 0 1.3931 0.7379 2.0945 0.0962604 0.00519109 0.00970666 0.722 1.173 0.481522 0 0 0 
 1.487 0.807 2.64497 0 0 1.3868 0.7488 2.0969 0.0922253 0.00403767 0.00788033 0.749 1.166 0.556961 0 0 0 
 1.47 0.813 2.6331 0 0 1.3931 0.7379 2.0945 0.0754222 0.103456 0.242063 0.754 1.199 0.627227 0 0 0 
 1.478 0.815 2.6256 0 0 1.3762 0.7671 2.1005 0.0932225 -0.00746601 -0.0144149 0.759 1.187 0.71547 0 0 0 
 1.468 0.809 2.62176 0 0 1.3804 0.7598 2.0991 0.0856299 0.0157692 0.0331359 0.768 1.218 0.788747 0 0 0 
 1.456 0.768 2.62053 0 0 1.3847 0.7524 2.0976 0.0794376 -0.327578 -0.523599 0.786 1.213 0.86487 0 0 0 
 1.421 0.79 2.61931 0 0 1.3931 0.7379 2.0945 0.0325523 -0.0789182 -0.411473 0.798 1.24 0.925363 0 0 0 
 1.411 0.79 2.62158 0 0 1.3931 0.7379 2.0945 0.0456499 0.369504 0.523599 0.772 1.253 0.994106 0 0 0 
 1.412 0.816 2.62437 0 0 1.3804 0.7598 2.0991 0.044278 0.344511 0.523599 0.772 1.244 1.06298 0 0 0 
 1.387 0.837 2.62612 0 0 1.3762 0.7671 2.1005 0.0301113 0.403835 0.523599 0.785 1.276 1.09629 0 0 0 
 1.403 0.83 2.62437 0 0 1.3589 0.7964 2.1053 0.0632919 0.171335 0.453412 0.769 1.293 1.12851 0 0 0 
 1.418 0.831 2.61617 0 0 1.3392 0.8295 2.1093 0.0912817 0.0607553 0.119236 0.796 1.315 1.16673 0 0 0 
 1.419 0.848 2.6153 0 0 1.3589 0.7964 2.1053 0.0680993 0.315181 0.523599 0.805 1.324 1.17605 0 0 0 
 1.425 0.837 2.61373 0 0 1.3567 0.8001 2.1058 0.0804405 0.267275 0.523599 0.831 1.351 1.182 0 0 0 
 1.395 0.859 2.61547 0 0 1.3567 0.8001 2.1058 0.0527784 0.404043 0.523599 0.855 1.365 1.19098 0 0 0 
 1.422 0.847 2.61949 0 0 1.3545 0.8037 2.1063 0.0823138 0.324095 0.523599 0.847 1.39 1.20032 0 0 0 
 1.389 0.881 2.62507 0 0 1.3436 0.8221 2.1086 0.0560677 0.465244 0.523599 0.87 1.392 1.21863 0 0 0 
 1.374 0.88 2.6324 0 0 1.3414 0.8258 2.1089 0.0492883 0.464638 0.523599 0.887 1.397 1.21937 0 0 0 
 1.378 0.871 2.64008 0 0 1.326 0.8516 2.1112 0.0722087 0.275269 0.523599 0.877 1.417 1.22893 0 0 0 
 1.397 0.842 2.64671 0 0 1.3348 0.8369 2.11 0.0961173 0.153373 0.279695 0.875 1.456 1.24469 0 0 0 
 1.412 0.851 2.65701 0 0 1.3348 0.8369 2.11 0.107344 0.203409 0.328713 0.872 1.48 1.24401 0 0 0 
 1.385 0.861 2.66085 0 0 1.3502 0.8111 2.1073 0.0779716 0.349986 0.523599 0.875 1.501 1.23942 0 0 0 
 1.374 0.874 2.66678 0 0 1.3392 0.8295 2.1093 0.0839162 0.288615 0.523599 0.856 1.533 1.21222 0 0 0 
 1.319 0.891 2.67028 0 0 1.3348 0.8369 2.11 0.0524122 0.333414 0.523599 0.867 1.559 1.15432 0 0 0 
 1.334 0.885 2.68179 0 0 1.3149 0.8701 2.1122 0.0822956 0.121278 0.259292 0.855 1.567 1.0741 0 0 0 
 1.355 0.891 2.69192 0 0 1.3082 0.8812 2.1126 0.09979 0.137524 0.243157 0.869 1.58 1.00141 0 0 0 
 1.379 0.906 2.70064 0 0 1.3015 0.8923 2.1129 0.118819 0.169683 0.251607 0.867 1.602 0.925474 0 0 0 
 1.372 0.904 2.71146 0 0 1.3104 0.8775 2.1125 0.118578 0.157537 0.234731 0.867 1.653 0.856357 0 0 0 
 1.406 0.896 2.71757 0 0 1.3171 0.8664 2.112 0.140839 0.160655 0.202511 0.873 1.674 0.790965 0 0 0 
 1.385 0.913 2.72386 0 0 1.3304 0.8443 2.1106 0.113815 0.383796 0.523599 0.873 1.683 0.717994 0 0 0 
 1.358 0.892 2.72996 0 0 1.326 0.8516 2.1112 0.109904 0.24189 0.377196 0.871 1.693 0.625537 0 0 0 
 1.3 0.901 2.74235 0 0 1.2993 0.896 2.1129 0.092887 0.0806077 0.154952 0.869 1.7 0.560286 0 0 0 
 1.278 0.939 2.7523 0 0 1.3015 0.8923 2.1129 0.0750604 0.171792 0.390781 0.836 1.764 0.505066 0 0 0 
 1.319 0.921 2.76103 0 0 1.2881 0.9146 2.1129 0.115124 -0.0420893 -0.0657131 0.866 1.777 0.467118 0 0 0 
 1.324 0.917 2.77412 0 0 1.2859 0.9183 2.1129 0.120943 -0.0494845 -0.0735155 0.915 1.791 0.397956 0 0 0 
 1.337 0.917 2.78005 0 0 1.306 0.8849 2.1127 0.115736 0.0322976 0.0501893 0.91 1.812 0.335957 0 0 0 
 1.307 0.904 2.78773 0 0 1.306 0.8849 2.1127 0.106775 -0.0867812 -0.145265 0.937 1.838 0.297812 0 0 0 
 1.32 0.897 2.79279 0 0 1.2993 0.896 2.1129 0.12097 -0.146355 -0.214424 0.968 1.838 0.260233 0 0 0 
 1.304 0.933 2.79803 0 0 1.306 0.8849 2.1127 0.0962462 0.227377 0.402075 1.01 1.837 0.228755 0 0 0 
 1.29 0.944 2.79716 0 0 1.2993 0.896 2.1129 0.0963009 0.274635 0.474256 1.051 1.855 0.215832 0 0 0 
 1.274 0.933 2.79559 0 0 1.2814 0.9257 2.1127 0.111454 0.0427125 0.0688723 1.096 1.876 0.217667 0 0 0 
 1.271 0.932 2.79594 0 0 1.2792 0.9294 2.1126 0.115596 0.0077863 0.0121238 1.123 1.887 0.220143 0 0 0 
 1.271 0.911 2.79052 0 0 1.2769 0.9331 2.1125 0.124895 -0.134318 -0.191216 1.154 1.879 0.227855 0 0 0 
 1.268 0.928 2.78389 0 0 1.2769 0.9331 2.1125 0.120207 0.0749108 0.111706 1.181 1.859 0.242514 0 0 0 
 1.235 0.954 2.78616 0 0 1.2836 0.922 2.1128 0.0967068 0.202307 0.360132 1.194 1.888 0.283208 0 0 0 
 1.268 0.968 2.79192 0 0 1.268 0.9479 2.1119 0.124991 0.199715 0.280051 1.216 1.902 0.329383 0 0 0 
 1.222 0.984 2.79803 0 0 1.2658 0.9517 2.1116 0.101544 0.227322 0.383052 1.229 1.906 0.379592 0 0 0 
 1.243 1.002 2.79681 0 0 1.2546 0.9702 2.1103 0.118817 0.328184 0.461387 1.248 1.902 0.417326 0 0 0 
 1.245 0.971 2.79297 0 0 1.2413 0.9925 2.1082 0.138321 -0.0475316 -0.0617753 1.273 1.912 0.454371 0 0 0 
 1.244 0.987 2.79576 0 0 1.2458 0.9851 2.109 0.132672 0.0666293 0.0901533 1.289 1.925 0.496994 0 0 0 
 1.238 0.998 2.80239 0 0 1.2435 0.9888 2.1086 0.133977 0.0731062 0.0979055 1.344 1.939 0.522983 0 0 0 
 1.221 0.993 2.80902 0 0 1.2303 1.0111 2.1059 0.139611 -0.153215 -0.195028 1.382 1.953 0.545374 0 0 0 
 1.19 1.001 2.81583 0 0 1.2347 1.0036 2.1069 0.120864 -0.226591 -0.325458 1.416 1.984 0.573896 0 0 0 
 1.134 1.006 2.82683 0 0 1.2259 1.0185 2.1049 0.0996656 -0.423438 -0.523599 1.451 1.986 0.594091 0 0 0 
 1.183 1.006 2.83084 0 0 1.2193 1.0296 2.1032 0.130157 -0.419791 -0.523599 1.46 2.01 0.605199 0 0 0 
 1.156 1.045 2.83451 0 0 1.2193 1.0296 2.1032 0.109948 -0.225504 -0.353659 1.473 2.024 0.618575 0 0 0 
 1.136 1.045 2.83695 0 0 1.2041 1.0556 2.0986 0.112531 -0.470629 -0.523599 1.503 2.046 0.628112 0 0 0 
 1.139 1.048 2.82665 0 0 1.1955 1.0704 2.0956 0.122508 -0.535145 -0.523599 1.52 2.055 0.636497 0 0 0 
 1.129 1.036 2.8181 0 0 1.1933 1.0741 2.0948 0.123694 -0.684412 -0.523599 1.55 2.055 0.639613 0 0 0 
 1.123 1.045 2.80868 0 0 1.1933 1.0741 2.0948 0.11997 -0.67354 -0.523599 1.562 2.073 0.644116 0 0 0 
 1.168 1.028 2.79244 0 0 1.1891 1.0815 2.0931 0.153632 -0.742362 -0.523599 1.592 2.097 0.655985 0 0 0 
 1.159 1.035 2.78127 0 0 1.1933 1.0741 2.0948 0.145009 -0.730111 -0.523599 1.601 2.125 0.664858 0 0 0 
 1.143 1.027 2.76592 0 0 1.1955 1.0704 2.0956 0.139458 -0.820129 -0.523599 1.625 2.129 0.672969 0 0 0 
 1.122 1.047 2.73642 0 0 1.1998 1.063 2.0971 0.123534 -0.75876 -0.523599 1.647 2.162 0.67456 0 0 0 
 1.111 1.062 2.71914 0 0 1.1891 1.0815 2.0931 0.126257 -0.76966 -0.523599 1.642 2.172 0.678825 0 0 0 
 1.117 1.078 2.69331 0 0 1.1827 1.0926 2.0905 0.134658 -0.718294 -0.523599 1.679 2.192 0.678875 0 0 0 
 1.114 1.092 2.6715 0 0 1.1806 1.0963 2.0896 0.133896 -0.651287 -0.523599 1.695 2.192 0.678507 0 0 0 
 1.127 1.092 2.65457 0 0 1.1638 1.1258 2.0815 0.159194 -0.71655 -0.523599 1.71 2.202 0.679023 0 0 0 
 1.106 1.096 2.6317 0 0 1.1701 1.1148 2.0847 0.144642 -0.746558 -0.523599 1.737 2.229 0.68261 0 0 0 
 1.088 1.131 2.6146 0 0 1.1659 1.1221 2.0826 0.130853 -0.642668 -0.523599 1.757 2.241 0.690366 0 0 0 
 1.101 1.137 2.59994 0 0 1.1556 1.1406 2.077 0.147437 -0.645381 -0.523599 1.774 2.272 0.696402 0 0 0 
 1.08 1.148 2.57551 0 0 1.1475 1.1553 2.0721 0.144773 -0.689912 -0.523599 1.749 2.28 0.710169 0 0 0 
 1.094 1.122 2.55736 0 0 1.1455 1.159 2.0708 0.165335 -0.787777 -0.523599 1.769 2.302 0.71468 0 0 0 
 1.078 1.128 2.53048 0 0 1.1515 1.1479 2.0746 0.152995 -0.785483 -0.523599 1.813 2.321 0.713296 0 0 0 
 1.081 1.15 2.50953 0 0 1.1415 1.1663 2.0682 0.159338 -0.72219 -0.523599 1.833 2.361 0.711351 0 0 0 
 1.085 1.144 2.4933 0 0 1.1375 1.1736 2.0655 0.169765 -0.742869 -0.523599 1.848 2.363 0.712093 0 0 0 
 1.092 1.146 2.46747 0 0 1.1335 1.181 2.0628 0.17925 -0.701557 -0.523599 1.874 2.353 0.710213 0 0 0 
 1.049 1.166 2.44479 0 0 1.1335 1.181 2.0628 0.155761 -0.77401 -0.523599 1.889 2.354 0.712079 0 0 0 
 1.02 1.182 2.42594 0 0 1.1277 1.192 2.0584 0.146282 -0.841441 -0.523599 1.891 2.362 0.718765 0 0 0 
 1.01 1.194 2.4015 0 0 1.1124 1.2212 2.0458 0.158262 -0.888149 -0.523599 1.919 2.372 0.739228 0 0 0 
 1.015 1.19 2.37096 0 0 1.1086 1.2285 2.0424 0.170172 -0.875676 -0.523599 1.935 2.387 0.761005 0 0 0 
 1.045 1.218 2.34914 0 0 1.1049 1.2358 2.0389 0.174807 -0.635931 -0.523599 1.945 2.4 0.790654 0 0 0 
 1.028 1.224 2.32838 0 0 1.1013 1.243 2.0354 0.172386 -0.691118 -0.523599 1.958 2.425 0.819153 0 0 0 
 0.994 1.229 2.29679 0 0 1.0994 1.2467 2.0335 0.163925 -0.809576 -0.523599 1.962 2.436 0.842326 0 0 0 
 0.98 1.254 2.27986 0 0 1.0852 1.2756 2.0179 0.166982 -0.824977 -0.523599 1.97 2.45 0.858187 0 0 0 
 0.977 1.289 2.2631 0 0 1.0767 1.2936 2.0072 0.161468 -0.742528 -0.523599 1.973 2.475 0.86759 0 0 0 
 0.967 1.28 2.22855 0 0 1.0604 1.3295 1.9837 0.188588 -0.845308 -0.523599 1.985 2.492 0.874696 0 0 0 
 0.97 1.285 2.2069 0 0 1.0604 1.3295 1.9837 0.189083 -0.797724 -0.523599 1.991 2.518 0.875138 0 0 0 
 0.975 1.28 2.17409 0 0 1.0604 1.3295 1.9837 0.196175 -0.754445 -0.523599 2.013 2.535 0.874221 0 0 0 
 0.957 1.328 2.14861 0 0 1.0636 1.3223 1.9887 0.163939 -0.685594 -0.523599 2.042 2.561 0.872719 0 0 0 
 0.968 1.335 2.12941 0 0 1.0497 1.3543 1.9654 0.184409 -0.635914 -0.523599 2.05 2.574 0.871229 0 0 0 
 0.983 1.364 2.10097 0 0 1.0425 1.372 1.9513 0.18544 -0.479305 -0.435459 2.044 2.563 0.868383 0 0 0 
 0.957 1.398 2.07322 0 0 1.0425 1.372 1.9513 0.162655 -0.504405 -0.509113 2.058 2.574 0.865622 0 0 0 
 0.947 1.397 2.04861 0 0 1.0277 1.4106 1.9171 0.186091 -0.589091 -0.517925 2.049 2.59 0.86138 0 0 0 
 0.938 1.407 2.01196 0 0 1.0228 1.4246 1.9035 0.189675 -0.59671 -0.51525 2.049 2.601 0.856465 0 0 0 
 0.91 1.418 1.98333 0 0 1.0265 1.4141 1.9137 0.174241 -0.686832 -0.523599 2.056 2.629 0.84048 0 0 0 
 0.91 1.419 1.96274 0 0 1.0169 1.4419 1.8856 0.192244 -0.691446 -0.523599 2.079 2.64 0.814353 0 0 0 
 0.938 1.409 1.93551 0 0 1.0104 1.4625 1.8626 0.216327 -0.550812 -0.429748 2.097 2.647 0.781061 0 0 0 
 0.945 1.445 1.91248 0 0 1.0169 1.4419 1.8856 0.185571 -0.414888 -0.382602 2.104 2.666 0.761397 0 0 0 
 0.991 1.454 1.8924 0 0 1.0136 1.4522 1.8743 0.194661 -0.135964 -0.125068 2.108 2.688 0.747231 0 0 0 
 0.971 1.468 1.86151 0 0 1.0094 1.466 1.8587 0.192679 -0.209803 -0.193544 2.131 2.711 0.727897 0 0 0 
 0.978 1.474 1.83917 0 0 1.0104 1.4625 1.8626 0.188461 -0.135614 -0.128809 2.142 2.729 0.70524 0 0 0 
 0.973 1.495 1.80374 0 0 1.0036 1.4864 1.8338 0.190299 -0.14906 -0.14007 2.138 2.731 0.681707 0 0 0 
 0.993 1.476 1.77634 0 0 1.0017 1.4932 1.8252 0.207236 -0.0409286 -0.0355346 2.161 2.748 0.66058 0 0 0 
 0.997 1.46 1.75819 0 0 1.0036 1.4864 1.8338 0.213297 0.00212075 0.00178969 2.199 2.774 0.640805 0 0 0 
 0.993 1.504 1.74301 0 0 1.0074 1.4728 1.8506 0.179265 0.070142 0.0703133 2.205 2.803 0.623352 0 0 0 
 0.992 1.497 1.73254 0 0 1.0026 1.4898 1.8295 0.192855 0.0294928 0.02752 2.198 2.832 0.611393 0 0 0 
 0.963 1.528 1.72486 0 0 1.0009 1.4966 1.8208 0.175487 -0.139254 -0.141875 2.212 2.842 0.590214 0 0 0 
 0.95 1.555 1.71526 0 0 0.9916 1.5369 1.767 0.18607 -0.16748 -0.160621 2.24 2.841 0.553669 0 0 0 
 0.943 1.591 1.71264 0 0 0.9916 1.5369 1.767 0.164735 -0.182704 -0.197044 2.255 2.844 0.524478 0 0 0 
 0.921 1.586 1.71351 0 0 0.9873 1.5601 1.7353 0.180671 -0.339927 -0.326541 2.254 2.853 0.516865 0 0 0 
 0.932 1.589 1.71735 0 0 0.9834 1.5863 1.6989 0.194921 -0.311015 -0.27968 2.275 2.85 0.511648 0 0 0 
 0.976 1.626 1.7198 0 0 0.9822 1.5961 1.6852 0.181977 -0.047883 -0.0473274 2.283 2.884 0.506762 0 0 0 
 0.943 1.609 1.71596 0 0 0.9805 1.6123 1.6624 0.199044 -0.274619 -0.24342 2.299 2.891 0.506192 0 0 0 
 0.946 1.655 1.70985 0 0 0.9808 1.609 1.6669 0.170677 -0.217234 -0.225213 2.324 2.898 0.499607 0 0 0 
 0.94 1.673 1.70391 0 0 0.9785 1.6379 1.6259 0.176603 -0.28715 -0.284721 2.341 2.903 0.495495 0 0 0 
 0.963 1.688 1.69117 0 0 0.9774 1.6757 1.5715 0.190527 -0.207558 -0.193633 2.347 2.916 0.495909 0 0 0 
 0.959 1.698 1.67599 0 0 0.9774 1.6757 1.5715 0.184975 -0.210596 -0.202134 2.372 2.928 0.497799 0 0 0 
 0.939 1.715 1.67163 0 0 0.9774 1.6851 1.5579 0.179748 -0.335996 -0.324568 2.402 2.929 0.498856 0 0 0 
 0.957 1.753 1.65958 0 0 0.9786 1.719 1.5087 0.177074 -0.279226 -0.276566 2.402 2.943 0.500096 0 0 0 
 0.985 1.712 1.64841 0 0 0.9802 1.7403 1.4778 0.213751 -0.170689 -0.142759 2.405 2.954 0.505301 0 0 0 
 1.022 1.7 1.63969 0 0 0.9792 1.7282 1.4954 0.216223 0.0695208 0.0578097 2.428 2.965 0.513661 0 0 0 
 1.002 1.725 1.6252 0 0 0.9778 1.7006 1.5355 0.185759 0.0498839 0.0482998 2.442 2.969 0.525188 0 0 0 
 1.014 1.706 1.61595 0 0 0.9786 1.719 1.5087 0.207514 0.0789318 0.0683598 2.445 2.985 0.541817 0 0 0 
 1.032 1.72 1.60531 0 0 0.9797 1.7343 1.4866 0.208484 0.161196 0.138284 2.478 3.004 0.563977 0 0 0 
 1.022 1.76 1.59222 0 0 0.979 1.7251 1.4998 0.17967 0.155648 0.154689 2.491 3.027 0.575046 0 0 0 
 1.012 1.773 1.58401 0 0 0.9795 1.7312 1.491 0.175109 0.0929527 0.0952596 2.515 3.032 0.585932 0 0 0 
 1.029 1.787 1.58698 0 0 0.9845 1.7763 1.4256 0.191752 0.0799946 0.0749513 2.52 3.058 0.593035 0 0 0 
 1.026 1.792 1.58681 0 0 0.9849 1.7792 1.4214 0.190284 0.0564777 0.0533745 2.537 3.074 0.606538 0 0 0 
 1.029 1.777 1.59187 0 0 0.9878 1.7969 1.3959 0.208325 0.0153606 0.0132713 2.553 3.07 0.609451 0 0 0 
 1.035 1.779 1.59693 0 0 0.9863 1.7881 1.4086 0.202701 0.0683264 0.0606002 2.566 3.061 0.611674 0 0 0 
 1.015 1.827 1.60426 0 0 0.9853 1.7822 1.4171 0.17083 -0.0231029 -0.0243382 2.579 3.073 0.620602 0 0 0 
 1.027 1.862 1.61054 0 0 0.991 1.8144 1.3707 0.167159 -0.0408235 -0.0439312 2.586 3.083 0.638875 0 0 0 
 1.029 1.888 1.61421 0 0 0.9974 1.8432 1.3298 0.166306 -0.115717 -0.124597 2.608 3.104 0.65632 0 0 0 
 1.011 1.892 1.62014 0 0 1.0108 1.891 1.263 0.186786 -0.387079 -0.357032 2.606 3.125 0.669318 0 0 0 
 1.031 1.918 1.62468 0 0 1.0117 1.8937 1.2592 0.172809 -0.279536 -0.283335 2.615 3.149 0.676776 0 0 0 
 1.018 1.917 1.62747 0 0 1.0153 1.9047 1.2441 0.178284 -0.398188 -0.382246 2.633 3.168 0.6766 0 0 0 
 1.002 1.954 1.62904 0 0 1.0162 1.9075 1.2403 0.157743 -0.498733 -0.51739 2.649 3.192 0.674705 0 0 0 
 1.019 1.969 1.62869 0 0 1.022 1.9238 1.2181 0.156834 -0.454384 -0.480701 2.661 3.195 0.67155 0 0 0 
 1.042 1.936 1.61944 0 0 1.0379 1.9638 1.1649 0.195995 -0.464746 -0.403409 2.671 3.2 0.666917 0 0 0 
 1.04 1.952 1.61019 0 0 1.0334 1.9533 1.1788 0.182407 -0.426422 -0.398304 2.682 3.228 0.657822 0 0 0 
 1.023 1.965 1.59955 0 0 1.0345 1.9559 1.1753 0.177117 -0.524824 -0.489984 2.719 3.241 0.640284 0 0 0 
 1.054 1.996 1.5697 0 0 1.0401 1.9691 1.158 0.167188 -0.367754 -0.376998 2.739 3.247 0.608498 0 0 0 
 1.073 1.979 1.55295 0 0 1.0424 1.9743 1.1512 0.180486 -0.258132 -0.251966 2.746 3.261 0.590002 0 0 0 
 1.104 1.947 1.5341 0 0 1.0495 1.9899 1.1312 0.207451 -0.116639 -0.100862 2.764 3.275 0.58059 0 0 0 
 1.108 1.951 1.50181 0 0 1.0495 1.9899 1.1312 0.206505 -0.0563206 -0.0490524 2.768 3.293 0.565096 0 0 0 
 1.11 1.985 1.48261 0 0 1.039 1.9664 1.1615 0.17545 0.0520983 0.0533986 2.784 3.308 0.548767 0 0 0 
 1.113 2.021 1.46411 0 0 1.0532 1.9976 1.1213 0.170833 -0.0403466 -0.042486 2.789 3.321 0.527276 0 0 0 
 1.111 2.027 1.44544 0 0 1.0672 2.0254 1.0864 0.1827 -0.140145 -0.137206 2.805 3.325 0.501857 0 0 0 
 1.098 2.051 1.42921 0 0 1.0752 2.0404 1.068 0.178693 -0.271763 -0.267204 2.839 3.336 0.475812 0 0 0 
 1.134 2.054 1.42258 0 0 1.0738 2.0379 1.0711 0.173032 -0.0491045 -0.0510375 2.871 3.32 0.457312 0 0 0 
 1.17 2.049 1.41821 0 0 1.0891 2.0648 1.0386 0.187938 0.0596932 0.0571098 2.896 3.326 0.44568 0 0 0 
 1.161 2.042 1.41647 0 0 1.0905 2.0672 1.0357 0.193872 0.00651144 0.00604547 2.911 3.34 0.449081 0 0 0 
 1.133 2.085 1.41594 0 0 1.108 2.0958 1.0023 0.186619 -0.293597 -0.275959 2.922 3.353 0.452553 0 0 0 
 1.145 2.072 1.40879 0 0 1.1051 2.0911 1.0077 0.19086 -0.188788 -0.176199 2.935 3.368 0.454 0 0 0 
 1.139 2.117 1.39971 0 0 1.108 2.0958 1.0023 0.168605 -0.275263 -0.285821 2.955 3.368 0.45649 0 0 0 
 1.139 2.172 1.39814 0 0 1.1126 2.1029 0.9943 0.141042 -0.360993 -0.431722 2.97 3.374 0.457677 0 0 0 
 1.155 2.16 1.39797 0 0 1.1454 2.1507 0.9413 0.172942 -0.446635 -0.435145 2.983 3.384 0.460686 0 0 0 
 1.183 2.15 1.39448 0 0 1.1438 2.1485 0.9437 0.174468 -0.262156 -0.264149 2.979 3.398 0.46531 0 0 0 
 1.218 2.127 1.38575 0 0 1.1552 2.1639 0.9271 0.193303 -0.100401 -0.0932202 3.001 3.426 0.469304 0 0 0 
 1.232 2.147 1.37074 0 0 1.1585 2.1683 0.9225 0.18363 -0.0434943 -0.0426086 3.011 3.431 0.468805 0 0 0 
 1.215 2.153 1.36027 0 0 1.1735 2.1877 0.9024 0.193505 -0.215099 -0.197479 3.03 3.432 0.466417 0 0 0 
 1.221 2.159 1.3491 0 0 1.1768 2.1919 0.898 0.192439 -0.194264 -0.179746 3.05 3.443 0.463261 0 0 0 
 1.24 2.169 1.32641 0 0 1.1668 2.1791 0.9112 0.178202 -0.0234339 -0.0236659 3.065 3.452 0.460371 0 0 0 
 1.234 2.177 1.31908 0 0 1.1802 2.1962 0.8937 0.184704 -0.130484 -0.126482 3.094 3.478 0.456751 0 0 0 
 1.256 2.192 1.31367 0 0 1.1904 2.2087 0.8811 0.180887 -0.0752214 -0.0747131 3.107 3.468 0.45006 0 0 0 
 1.256 2.195 1.30512 0 0 1.1955 2.2149 0.8749 0.183275 -0.0968034 -0.0947888 3.132 3.49 0.434923 0 0 0 
 1.252 2.221 1.29465 0 0 1.2076 2.2292 0.8609 0.178392 -0.206702 -0.205618 3.144 3.492 0.424634 0 0 0 
 1.259 2.224 1.29063 0 0 1.2163 2.2392 0.8513 0.182012 -0.210927 -0.205646 3.176 3.504 0.406943 0 0 0 
 1.24 2.247 1.28732 0 0 1.225 2.2491 0.8419 0.17883 -0.392331 -0.3761 3.203 3.521 0.389194 0 0 0 
 1.277 2.248 1.28313 0 0 1.2285 2.253 0.8382 0.174637 -0.200379 -0.203669 3.209 3.512 0.376176 0 0 0 
 1.29 2.27 1.28068 0 0 1.2425 2.2684 0.8239 0.169956 -0.228633 -0.237572 3.213 3.529 0.359601 0 0 0 
 1.288 2.298 1.27318 0 0 1.2514 2.2779 0.8153 0.161238 -0.324182 -0.347241 3.221 3.537 0.3481 0 0 0 
 1.295 2.274 1.26306 0 0 1.2691 2.2964 0.7988 0.186096 -0.314311 -0.295137 3.254 3.537 0.326304 0 0 0 
 1.316 2.275 1.25555 0 0 1.2744 2.3018 0.7941 0.185754 -0.218123 -0.208301 3.286 3.552 0.304084 0 0 0 
 1.312 2.297 1.24089 0 0 1.2744 2.3018 0.7941 0.175247 -0.265201 -0.265942 3.298 3.556 0.2911 0 0 0 
 1.317 2.301 1.23077 0 0 1.3027 2.33 0.7703 0.191856 -0.356872 -0.323086 3.323 3.559 0.272905 0 0 0 
 1.309 2.305 1.21838 0 0 1.2921 2.3196 0.7789 0.18513 -0.350864 -0.328761 3.331 3.573 0.252947 0 0 0 
 1.336 2.327 1.20895 0 0 1.2938 2.3213 0.7775 0.169191 -0.247809 -0.257775 3.338 3.578 0.236951 0 0 0 
 1.342 2.322 1.19307 0 0 1.2956 2.3231 0.776 0.172863 -0.197559 -0.202885 3.35 3.576 0.215988 0 0 0 
 1.363 2.32 1.17928 0 0 1.315 2.3418 0.7606 0.18327 -0.147444 -0.143814 3.373 3.588 0.19059 0 0 0 
 1.374 2.32 1.16864 0 0 1.329 2.355 0.7502 0.190778 -0.134655 -0.12637 3.389 3.603 0.171992 0 0 0 
 1.366 2.317 1.15258 0 0 1.3446 2.3694 0.7391 0.205521 -0.210556 -0.182361 3.38 3.592 0.147727 0 0 0 
 1.388 2.333 1.13652 0 0 1.3411 2.3663 0.7415 0.190321 -0.102526 -0.0966634 3.392 3.609 0.115971 0 0 0 
 1.406 2.362 1.12762 0 0 1.3342 2.3599 0.7464 0.166308 -0.0386709 -0.0418303 3.412 3.601 0.093834 0 0 0 
 1.425 2.372 1.11715 0 0 1.36 2.3834 0.7288 0.174175 -0.0519295 -0.0536146 3.428 3.605 0.062851 0 0 0 
 1.424 2.391 1.10581 0 0 1.3869 2.407 0.7124 0.182839 -0.192697 -0.187477 3.457 3.61 0.0430988 0 0 0 
 1.421 2.413 1.09795 0 0 1.3951 2.414 0.7078 0.178146 -0.287363 -0.282584 3.458 3.626 0.0239642 0 0 0 
 1.445 2.425 1.08853 0 0 1.4112 2.4277 0.6994 0.176778 -0.241379 -0.241002 3.481 3.656 0.00253446 0 0 0 
 1.479 2.429 1.08364 0 0 1.4159 2.4317 0.697 0.168993 -0.0860345 -0.0913829 3.489 3.654 -0.0263948 0 0 0 
 1.46 2.428 1.08085 0 0 1.4435 2.4545 0.6851 0.193209 -0.271097 -0.247389 3.513 3.66 -0.0749969 0 0 0 
 1.461 2.421 1.07788 0 0 1.4479 2.4581 0.6835 0.199664 -0.257319 -0.227944 3.537 3.657 -0.115819 0 0 0 
 1.47 2.413 1.06689 0 0 1.445 2.4557 0.6846 0.199901 -0.169928 -0.151833 3.561 3.658 -0.157972 0 0 0 
 1.472 2.436 1.05816 0 0 1.442 2.4533 0.6857 0.186033 -0.204237 -0.1951 3.582 3.647 -0.19468 0 0 0 
 1.484 2.478 1.04944 0 0 1.4523 2.4616 0.682 0.168717 -0.289568 -0.299631 3.613 3.656 -0.228396 0 0 0 
 1.484 2.492 1.03704 0 0 1.4692 2.4753 0.6772 0.17426 -0.370297 -0.365325 3.619 3.673 -0.250939 0 0 0 
 1.49 2.489 1.02902 0 0 1.4825 2.486 0.6749 0.183709 -0.358204 -0.337541 3.632 3.673 -0.282627 0 0 0 
 1.5 2.489 1.02151 0 0 1.4915 2.4932 0.6744 0.187375 -0.323601 -0.301394 3.65 3.669 -0.319185 0 0 0 
 1.511 2.484 1.00947 0 0 1.4976 2.4981 0.6746 0.191379 -0.255683 -0.235999 3.657 3.667 -0.353112 0 0 0 
 1.536 2.487 1.00214 0 0 1.4915 2.4932 0.6744 0.178055 -0.12065 -0.121368 3.676 3.669 -0.38418 0 0 0 
 1.542 2.522 0.991492 0 0 1.5059 2.5047 0.6755 0.169752 -0.226718 -0.235929 3.685 3.667 -0.407902 0 0 0 
 1.561 2.528 0.974389 0 0 1.5372 2.5299 0.6824 0.184361 -0.200444 -0.19326 3.709 3.679 -0.434289 0 0 0 
 1.558 2.533 0.956238 0 0 1.5418 2.5337 0.6841 0.187314 -0.22058 -0.208875 3.733 3.673 -0.458858 0 0 0 
 1.558 2.529 0.938959 0 0 1.5481 2.5388 0.6868 0.194705 -0.197671 -0.180748 3.759 3.666 -0.492372 0 0 0 
 1.583 2.542 0.930233 0 0 1.5427 2.5345 0.6845 0.176182 -0.10866 -0.110562 3.772 3.661 -0.521011 0 0 0 
 1.592 2.517 0.92046 0 0 1.5532 2.543 0.6894 0.193065 0.0140943 0.0131397 3.782 3.656 -0.547584 0 0 0 
 1.649 2.538 0.909988 0 0 1.5637 2.5517 0.6961 0.172099 0.210203 0.21641 3.795 3.653 -0.568128 0 0 0 
 1.659 2.549 0.903007 0 0 1.5876 2.5721 0.7204 0.182303 0.208368 0.202904 3.794 3.644 -0.583097 0 0 0 
 1.652 2.561 0.893233 0 0 1.6047 2.5875 0.7466 0.193053 0.146193 0.135474 3.834 3.635 -0.597837 0 0 0 
 1.656 2.584 0.881365 0 0 1.6122 2.5945 0.7594 0.1872 0.100717 0.096542 3.863 3.63 -0.605413 0 0 0 
 1.684 2.593 0.87962 0 0 1.6167 2.5988 0.7673 0.17695 0.203531 0.204155 3.879 3.617 -0.620314 0 0 0 
 1.714 2.597 0.884507 0 0 1.6407 2.6228 0.8019 0.185319 0.333792 0.31352 3.895 3.587 -0.635103 0 0 0 
 1.708 2.58 0.893233 0 0 1.6436 2.6259 0.8049 0.198226 0.35192 0.309307 3.903 3.588 -0.643282 0 0 0 
 1.694 2.608 0.899516 0 0 1.6517 2.6343 0.8116 0.196448 0.187235 0.169905 3.914 3.563 -0.64336 0 0 0 
 1.698 2.611 0.908941 0 0 1.6678 2.6514 0.8195 0.207504 0.176123 0.151606 3.944 3.543 -0.642405 0 0 0 
 1.7 2.603 0.917143 0 0 1.6562 2.6391 0.8145 0.200855 0.209947 0.185974 3.951 3.519 -0.641262 0 0 0 
 1.73 2.621 0.924648 0 0 1.6536 2.6363 0.8129 0.180225 0.287863 0.279954 3.971 3.512 -0.635484 0 0 0 
 1.734 2.649 0.937738 0 0 1.6797 2.6642 0.822 0.187612 0.178886 0.169972 3.999 3.506 -0.622654 0 0 0 
 1.767 2.671 0.954143 0 0 1.6903 2.6756 0.8228 0.175478 0.239519 0.24092 4.007 3.499 -0.595717 0 0 0 
 1.75 2.656 0.963742 0 0 1.7113 2.6983 0.822 0.205937 0.159882 0.138846 4.035 3.503 -0.576993 0 0 0 
 1.774 2.663 0.97561 0 0 1.7195 2.707 0.8213 0.202011 0.225519 0.198306 4.037 3.484 -0.555707 0 0 0 
 1.811 2.655 0.988525 0 0 1.7291 2.7174 0.8203 0.203753 0.389238 0.331196 4.057 3.487 -0.545139 0 0 0 
 1.808 2.66 0.996379 0 0 1.728 2.7162 0.8204 0.201195 0.355762 0.308146 4.059 3.462 -0.529254 0 0 0 
 1.816 2.659 1.00266 0 0 1.7336 2.7222 0.8198 0.204262 0.376693 0.320505 4.087 3.461 -0.521198 0 0 0 
 1.81 2.68 1.01593 0 0 1.7371 2.7259 0.8194 0.19792 0.272356 0.24281 4.103 3.449 -0.500996 0 0 0 
 1.804 2.705 1.02395 0 0 1.743 2.7322 0.8187 0.191444 0.155039 0.144751 4.123 3.457 -0.492581 0 0 0 
 1.796 2.727 1.03251 0 0 1.7619 2.7524 0.8163 0.197866 0.00435896 0.00396536 4.137 3.452 -0.483753 0 0 0 
 1.826 2.711 1.05205 0 0 1.758 2.7482 0.8168 0.19451 0.18394 0.168602 4.172 3.445 -0.484209 0 0 0 
 1.834 2.756 1.06253 0 0 1.7728 2.764 0.815 0.18076 0.0619813 0.0616425 4.188 3.446 -0.486053 0 0 0 
 1.845 2.742 1.07335 0 0 1.7771 2.7685 0.8145 0.188558 0.132167 0.125505 4.203 3.447 -0.48758 0 0 0 
 1.86 2.764 1.09185 0 0 1.798 2.7907 0.8121 0.189668 0.0806095 0.0763521 4.198 3.426 -0.491306 0 0 0 
 1.846 2.765 1.0983 0 0 1.8076 2.8008 0.811 0.200114 -0.0263565 -0.023703 4.208 3.429 -0.509849 0 0 0 
 1.871 2.772 1.10162 0 0 1.8109 2.8042 0.8106 0.192755 0.0718361 0.0669823 4.223 3.435 -0.525381 0 0 0 
 1.869 2.788 1.10965 0 0 1.8192 2.813 0.8098 0.191148 -0.00762828 -0.00718328 4.245 3.429 -0.548859 0 0 0 
 1.872 2.799 1.11366 0 0 1.8279 2.8221 0.8089 0.191346 -0.0469146 -0.0441042 4.266 3.369 -0.580749 0 0 0 
 1.914 2.794 1.1182 0 0 1.8368 2.8315 0.808 0.191179 0.151061 0.141281 4.327 3.347 -0.606632 0 0 0 
 1.912 2.813 1.12378 0 0 1.8498 2.845 0.8067 0.191369 0.0543957 0.0511196 4.35 3.342 -0.608552 0 0 0 
 1.925 2.839 1.12588 0 0 1.8614 2.8571 0.8057 0.183446 0.0274232 0.0269016 4.37 3.329 -0.622441 0 0 0 
 1.937 2.83 1.1271 0 0 1.8775 2.8739 0.8043 0.198143 0.0602615 0.0546889 4.369 3.328 -0.647362 0 0 0 
 1.945 2.842 1.12885 0 0 1.8837 2.8803 0.8038 0.194637 0.0550071 0.0508267 4.375 3.331 -0.671545 0 0 0 
 1.932 2.885 1.13059 0 0 1.8901 2.8869 0.8033 0.179595 -0.132789 -0.132311 4.394 3.349 -0.6909 0 0 0 
 1.946 2.887 1.13303 0 0 1.8966 2.8936 0.8028 0.180155 -0.0844823 -0.08421 4.388 3.321 -0.71406 0 0 0 
 1.975 2.881 1.13705 0 0 1.9031 2.9005 0.8022 0.181783 0.059583 0.0589301 4.395 3.313 -0.753101 0 0 0 
 2.003 2.905 1.13984 0 0 1.926 2.924 0.8006 0.180217 0.0810887 0.0808146 4.41 3.312 -0.768419 0 0 0 
 1.984 2.929 1.14176 0 0 1.9577 2.9566 0.7985 0.19622 -0.169873 -0.154588 4.419 3.299 -0.779261 0 0 0 
 1.993 2.929 1.14368 0 0 1.9526 2.9515 0.7988 0.190065 -0.110065 -0.103861 4.405 3.281 -0.797688 0 0 0 
 1.977 2.945 1.13967 0 0 1.9577 2.9566 0.7985 0.189568 -0.242374 -0.226201 4.422 3.285 -0.81019 0 0 0 
 2.007 2.97 1.13652 0 0 1.9602 2.9593 0.7983 0.171089 -0.147922 -0.154388 4.445 3.268 -0.809962 0 0 0 
 2.038 2.971 1.13478 0 0 1.9731 2.9725 0.7975 0.173371 -0.0206137 -0.0213987 4.461 3.228 -0.813345 0 0 0 
 2.026 2.985 1.136 0 0 1.9945 2.9944 0.7963 0.185358 -0.181604 -0.17456 4.47 3.223 -0.817243 0 0 0 
 2.043 2.989 1.13094 0 0 2.0028 3.0028 0.7958 0.185815 -0.121308 -0.116976 4.5 3.225 -0.816212 0 0 0 
 2.043 2.978 1.12309 0 0 2.0112 3.0114 0.7954 0.198596 -0.110134 -0.0994916 4.509 3.211 -0.81607 0 0 0 
 2.084 2.977 1.11209 0 0 2.0112 3.0114 0.7954 0.18976 0.115145 0.108792 4.507 3.193 -0.820942 0 0 0 
 2.067 2.976 1.10511 0 0 2.0255 3.026 0.7947 0.205629 -0.00188179 -0.00164724 4.53 3.197 -0.823638 0 0 0 
 2.06 3.009 1.1004 0 0 2.0226 3.023 0.7949 0.187839 -0.104999 -0.10028 4.541 3.167 -0.824035 0 0 0 
 2.084 3.036 1.09272 0 0 2.0313 3.0319 0.7945 0.174649 -0.0644471 -0.0663244 4.556 3.115 -0.828898 0 0 0 
 2.078 3.039 1.08626 0 0 2.0521 3.0531 0.7936 0.191444 -0.150458 -0.140531 4.56 3.111 -0.830821 0 0 0 
 2.075 3.043 1.08399 0 0 2.0521 3.0531 0.7936 0.190297 -0.174126 -0.163239 4.589 3.095 -0.826855 0 0 0 
 2.093 3.08 1.08242 0 0 2.0551 3.0561 0.7935 0.168679 -0.188542 -0.198545 4.628 3.084 -0.823474 0 0 0 
 2.083 3.082 1.08068 0 0 2.0829 3.0843 0.7925 0.19289 -0.308724 -0.280498 4.665 3.074 -0.823713 0 0 0 
 2.075 3.072 1.07841 0 0 2.0923 3.0939 0.7922 0.208052 -0.336149 -0.283019 4.691 3.028 -0.823808 0 0 0 
 2.108 3.095 1.07561 0 0 2.0766 3.078 0.7927 0.174312 -0.198186 -0.201865 4.713 2.992 -0.826861 0 0 0 
 2.131 3.092 1.07003 0 0 2.0955 3.0972 0.7921 0.184773 -0.110216 -0.106959 4.719 2.972 -0.829933 0 0 0 
 2.138 3.079 1.06514 0 0 2.1084 3.1102 0.7918 0.199966 -0.0649315 -0.0583817 4.748 2.966 -0.833967 0 0 0 
 2.16 3.099 1.05677 0 0 2.1084 3.1102 0.7918 0.18386 0.00173297 0.00169658 4.735 2.974 -0.837255 0 0 0 
 2.153 3.101 1.03827 0 0 2.1214 3.1233 0.7914 0.19565 -0.0498334 -0.045815 4.725 2.973 -0.850203 0 0 0 
 2.17 3.1 1.02797 0 0 2.1214 3.1233 0.7914 0.191549 0.0487955 0.0458213 4.747 2.955 -0.863009 0 0 0 
 2.186 3.098 1.01854 0 0 2.1279 3.13 0.7912 0.19346 0.129831 0.120215 4.75 2.937 -0.870342 0 0 0 
 2.192 3.132 1.00737 0 0 2.1445 3.1468 0.7908 0.187904 0.0396915 0.0380037 4.78 2.937 -0.878952 0 0 0 
 2.186 3.134 1.00196 0 0 2.1379 3.14 0.791 0.183408 0.0221061 0.0216919 4.793 2.917 -0.883336 0 0 0 
 2.198 3.152 0.998124 0 0 2.1648 3.1672 0.7903 0.192583 -0.0207021 -0.019347 4.826 2.89 -0.902715 0 0 0 
 2.215 3.155 0.995681 0 0 2.1614 3.1638 0.7904 0.183241 0.0634615 0.0622585 4.858 2.904 -0.920813 0 0 0 
 2.232 3.153 0.99603 0 0 2.175 3.1775 0.7901 0.190126 0.125902 0.118637 4.868 2.891 -0.945518 0 0 0 
 2.231 3.175 0.998299 0 0 2.1819 3.1845 0.79 0.184884 0.0401431 0.0390628 4.858 2.881 -0.988622 0 0 0 
 2.223 3.179 1.00057 0 0 2.1992 3.2019 0.7896 0.199218 -0.0466444 -0.0421198 4.866 2.882 -1.03712 0 0 0 
 2.248 3.226 1.00231 0 0 2.2096 3.2125 0.7894 0.176586 -0.0888948 -0.0903664 4.868 2.86 -1.06444 0 0 0 
 2.257 3.212 1.00423 0 0 2.2308 3.2338 0.789 0.197813 -0.0430231 -0.0391289 4.891 2.85 -1.09361 0 0 0 
 2.26 3.217 1.00528 0 0 2.2308 3.2338 0.789 0.194377 -0.0445237 -0.0412072 4.886 2.841 -1.11408 0 0 0 
 2.29 3.24 1.0086 0 0 2.2308 3.2338 0.789 0.173745 0.0330076 0.0341827 4.896 2.844 -1.14016 0 0 0 
 2.293 3.234 1.01278 0 0 2.2558 3.259 0.7886 0.195886 0.0103897 0.00954688 4.927 2.847 -1.15893 0 0 0 
 2.284 3.262 1.01174 0 0 2.2594 3.2626 0.7885 0.187529 -0.123873 -0.118344 4.928 2.827 -1.17462 0 0 0 
 2.292 3.267 1.00982 0 0 2.2738 3.2771 0.7883 0.194282 -0.124346 -0.114699 4.933 2.828 -1.20543 0 0 0 
 2.324 3.264 1.00737 0 0 2.2702 3.2735 0.7884 0.183257 0.0529681 0.0519798 4.935 2.808 -1.23573 0 0 0 
 2.327 3.278 1.0058 0 0 2.281 3.2844 0.7882 0.184035 0.00599701 0.00586545 4.935 2.776 -1.26018 0 0 0 
 2.336 3.277 1.00388 0 0 2.2919 3.2954 0.788 0.190661 0.033987 0.0320756 4.92 2.763 -1.27987 0 0 0 
 2.346 3.297 1.00284 0 0 2.3065 3.31 0.7878 0.189347 -0.0039572 -0.00376184 4.939 2.773 -1.2849 0 0 0 
 2.342 3.318 0.998997 0 0 2.3212 3.3248 0.7876 0.192153 -0.111089 -0.103689 4.969 2.759 -1.28196 0 0 0 
 2.345 3.324 0.996379 0 0 2.3249 3.3285 0.7876 0.191327 -0.118962 -0.111455 4.975 2.716 -1.2878 0 0 0 
 2.363 3.312 0.993761 0 0 2.3323 3.3359 0.7875 0.197651 -0.00490609 -0.00446792 4.973 2.693 -1.30421 0 0 0 
 2.362 3.329 0.992365 0 0 2.3323 3.3359 0.7875 0.18958 -0.06044 -0.0573231 4.993 2.67 -1.31448 0 0 0 
 2.365 3.349 0.990794 0 0 2.336 3.3396 0.7874 0.181838 -0.114159 -0.112528 5.022 2.639 -1.31638 0 0 0 
 2.399 3.373 0.990096 0 0 2.3544 3.3581 0.7872 0.174189 -0.0536097 -0.0553415 5.057 2.622 -1.32444 0 0 0 
 2.422 3.402 0.986256 0 0 2.3767 3.3805 0.7869 0.170808 -0.0684185 -0.0719758 5.047 2.59 -1.33992 0 0 0 
 2.458 3.393 0.981893 0 0 2.4028 3.4066 0.7866 0.185173 0.0952892 0.0923638 5.061 2.561 -1.37174 0 0 0 
 2.452 3.361 0.979799 0 0 2.4215 3.4253 0.7864 0.218014 0.127039 0.104505 5.083 2.531 -1.38794 0 0 0 
 2.454 3.376 0.976657 0 0 2.4215 3.4253 0.7864 0.209949 0.0975015 0.0833991 5.083 2.498 -1.40577 0 0 0 
 2.468 3.365 0.973341 0 0 2.4177 3.4216 0.7864 0.208241 0.206166 0.176355 5.1 2.494 -1.42934 0 0 0 
 2.461 3.391 0.971247 0 0 2.4252 3.4291 0.7863 0.203423 0.0863315 0.0762428 5.102 2.467 -1.44535 0 0 0 
 2.459 3.415 0.967931 0 0 2.414 3.4179 0.7865 0.183237 0.0252812 0.0248296 5.097 2.445 -1.46692 0 0 0 
 2.484 3.442 0.971422 0 0 2.4252 3.4291 0.7863 0.171037 0.0393443 0.0413826 5.114 2.417 -1.48361 0 0 0 
 2.517 3.463 0.974912 0 0 2.4514 3.4553 0.786 0.171429 0.0867805 0.0908682 5.105 2.385 -1.49351 0 0 0 
 2.536 3.473 0.978577 0 0 2.4775 3.4814 0.7858 0.181573 0.0980692 0.0969148 5.08 2.35 -1.51032 0 0 0 
 2.518 3.48 0.986606 0 0 2.5036 3.5075 0.7855 0.204619 -0.0661848 -0.0581562 5.082 2.353 -1.51638 0 0 0 
 2.551 3.471 0.991492 0 0 2.4961 3.5001 0.7856 0.192906 0.128782 0.119593 5.079 2.338 -1.51307 0 0 0 
 2.532 3.503 0.993936 0 0 2.4961 3.5001 0.7856 0.182674 -0.0642489 -0.0632239 5.074 2.353 -1.51132 0 0 0 
 2.542 3.499 0.998822 0 0 2.511 3.515 0.7854 0.193425 -0.035104 -0.0326559 5.054 2.337 -1.50998 0 0 0 
 2.528 3.496 1.00144 0 0 2.5147 3.5187 0.7854 0.20218 -0.103363 -0.091765 5.053 2.303 -1.50612 0 0 0 
 2.589 3.483 1.00406 0 0 2.5147 3.5187 0.7854 0.190643 0.228885 0.212835 5.086 2.307 -1.49026 0 0 0 
 2.576 3.522 1.00511 0 0 2.5184 3.5224 0.7854 0.177441 0.0439394 0.0445435 5.061 2.283 -1.46032 0 0 0 
 2.585 3.546 1.0086 0 0 2.5296 3.5335 0.7853 0.171532 -0.00958043 -0.0100531 5.063 2.241 -1.45639 0 0 0 
 2.573 3.564 1.00807 0 0 2.5591 3.563 0.785 0.19008 -0.181584 -0.170289 5.082 2.234 -1.43776 0 0 0 
 2.618 3.569 1.0065 0 0 2.5591 3.563 0.785 0.173786 0.0295605 0.0306079 5.073 2.218 -1.42052 0 0 0 
 2.641 3.572 1.00423 0 0 2.5847 3.5887 0.7848 0.186044 0.0857349 0.0827601 5.082 2.21 -1.42232 0 0 0 
 2.634 3.552 1.00912 0 0 2.6065 3.6104 0.7846 0.215491 0.0577178 0.0481745 5.072 2.183 -1.42334 0 0 0 
 2.658 3.572 1.01156 0 0 2.5993 3.6032 0.7846 0.192629 0.130979 0.121786 5.08 2.152 -1.42489 0 0 0 
 2.68 3.589 1.01121 0 0 2.6101 3.614 0.7845 0.186297 0.169663 0.162483 5.087 2.148 -1.42593 0 0 0 
 2.696 3.574 1.00807 0 0 2.621 3.6248 0.7844 0.198196 0.266574 0.237531 5.109 2.136 -1.43137 0 0 0 
 2.743 3.628 1.0079 0 0 2.6389 3.6427 0.7843 0.171626 0.315581 0.319629 5.121 2.099 -1.46639 0 0 0 
 2.703 3.56 1.00842 0 0 2.6602 3.6639 0.7841 0.234396 0.244967 0.185944 5.123 2.079 -1.53296 0 0 0 
 2.72 3.584 1.01191 0 0 2.6602 3.6639 0.7841 0.21737 0.261632 0.213356 5.119 2.068 -1.60379 0 0 0 
 2.747 3.593 1.01488 0 0 2.6602 3.6639 0.7841 0.20558 0.364087 0.3086 5.116 2.064 -1.66776 0 0 0 
 2.812 3.686 1.02011 0 0 2.6707 3.6745 0.784 0.148413 0.424245 0.475209 5.14 2.051 -1.7622 0 0 0 
 2.748 3.635 1.03076 0 0 2.7459 3.7494 0.7834 0.250842 0.0540353 0.0387554 5.187 2.051 -1.8403 0 0 0 
 2.777 3.671 1.03984 0 0 2.702 3.7056 0.7837 0.189636 0.190311 0.178713 5.227 2.047 -1.92098 0 0 0 
 2.8 3.673 1.05659 0 0 2.7088 3.7125 0.7837 0.188047 0.265875 0.249207 5.214 2.007 -2.02817 0 0 0 
 2.804 3.669 1.06619 0 0 2.7292 3.7327 0.7835 0.204831 0.228946 0.198542 5.218 1.995 -2.1382 0 0 0 
 2.816 3.703 1.07753 0 0 2.7292 3.7327 0.7835 0.183737 0.19941 0.192924 5.235 1.971 -2.25805 0 0 0 
 2.812 3.694 1.10092 0 0 2.7426 3.7461 0.7834 0.199459 0.136374 0.122454 5.258 1.979 -2.34642 0 0 0 
 2.821 3.736 1.10982 0 0 2.7591 3.7625 0.7832 0.187283 0.03063 0.0294303 5.283 1.989 -2.44845 0 0 0 
 2.835 3.716 1.11872 0 0 2.7688 3.7722 0.7832 0.202008 0.108335 0.0962337 5.272 1.959 -2.54234 0 0 0 
 2.819 3.739 1.13251 0 0 2.7817 3.7851 0.783 0.202779 -0.0762958 -0.0676219 5.255 1.917 -2.61174 0 0 0 
 2.82 3.749 1.14036 0 0 2.7721 3.7755 0.7831 0.189475 -0.0744054 -0.0705673 5.251 1.897 -2.6954 0 0 0 
 2.802 3.757 1.14752 0 0 2.7817 3.7851 0.783 0.196538 -0.222046 -0.200626 5.292 1.93 -2.76318 0 0 0 
 2.832 3.76 1.15642 0 0 2.7817 3.7851 0.783 0.187481 -0.0818928 -0.0784635 5.274 1.891 -2.83382 0 0 0 
 2.817 3.751 1.16201 0 0 2.7785 3.7819 0.7831 0.193009 -0.137119 -0.127187 5.226 1.883 -2.88121 0 0 0 
 2.834 3.752 1.16689 0 0 2.7913 3.7946 0.783 0.198168 -0.0958565 -0.0868494 5.208 1.887 -2.9302 0 0 0 
 2.84 3.77 1.16637 0 0 2.7881 3.7914 0.783 0.184679 -0.0916623 -0.0891034 5.217 1.877 -2.97729 0 0 0 
 2.856 3.78 1.16078 0 0 2.8007 3.804 0.7829 0.185588 -0.0624566 -0.0605021 5.227 1.91 -3.00119 0 0 0 
 2.872 3.797 1.15398 0 0 2.8132 3.8164 0.7827 0.182595 -0.0470329 -0.0463314 5.224 1.907 -3.02817 0 0 0 
 2.869 3.807 1.1456 0 0 2.8254 3.8285 0.7826 0.187522 -0.114295 -0.109273 5.224 1.891 -3.03549 0 0 0 
 2.877 3.818 1.14071 0 0 2.8344 3.8375 0.7825 0.186901 -0.119161 -0.114261 5.154 1.887 -3.0431 0 0 0 
 2.901 3.842 1.136 0 0 2.8404 3.8434 0.7825 0.173188 -0.0607714 -0.063078 5.097 1.859 -3.05588 0 0 0 
 2.924 3.855 1.13077 0 0 2.858 3.8609 0.7823 0.174542 -0.0168165 -0.0173406 5.063 1.831 -3.07015 0 0 0 
 2.924 3.864 1.12466 0 0 2.8722 3.8751 0.7821 0.180885 -0.0745886 -0.074088 5.02 1.818 -3.09665 0 0 0 
 2.951 3.859 1.12099 0 0 2.8806 3.8834 0.7821 0.183782 0.0576008 0.0563556 4.984 1.816 -3.13545 0 0 0 
 2.985 3.864 1.11506 0 0 2.9022 3.9049 0.7818 0.19003 0.163273 0.15344 4.954 1.786 3.10342 0 0 0 
 2.983 3.866 1.11244 0 0 2.9153 3.9178 0.7816 0.199327 0.112208 0.100983 4.939 1.78 3.05045 0 0 0 
 2.978 3.887 1.10965 0 0 2.9229 3.9254 0.7815 0.195144 0.0214725 0.0198035 4.938 1.762 2.98886 0 0 0 
 2.978 3.902 1.10581 0 0 2.9352 3.9376 0.7813 0.196765 -0.0438815 -0.0401211 4.929 1.746 2.91306 0 0 0 
 3.001 3.908 1.10284 0 0 2.9328 3.9352 0.7814 0.186229 0.0702112 0.0677589 4.938 1.731 2.84182 0 0 0 
 1.549 0.286 2.1788 0 0 1.5837 0.2845 1.7181 0.142975 -0.878647 -0.523599 0.474 0.653 1.42851 0 0 0 
 1.542 0.301 2.1788 0 0 1.5832 0.2876 1.724 0.135789 -0.873025 -0.523599 0.463 0.655 1.42851 0 0 0 
 1.565 0.283 2.17968 0 0 1.5827 0.2906 1.7298 0.156088 -0.783416 -0.523599 0.466 0.654 1.42851 0 0 0 
 1.589 0.281 2.18195 0 0 1.5806 0.3031 1.7523 0.175194 -0.650486 -0.523599 0.466 0.662 1.42851 0 0 0 
 1.537 0.282 2.17462 0 0 1.5849 0.2753 1.7001 0.137165 -0.928886 -0.523599 0.456 0.663 1.42851 0 0 0 
 1.542 0.28 2.15158 0 0 1.5817 0.2968 1.7411 0.158005 -0.896357 -0.523599 0.459 0.658 1.42851 0 0 0 
 1.56 0.297 2.12697 0 0 1.5827 0.2906 1.7298 0.15388 -0.729593 -0.523599 0.453 0.651 1.42851 0 0 0 
 1.561 0.319 2.08892 0 0 1.5841 0.2814 1.7122 0.139943 -0.644767 -0.523599 0.448 0.648 1.42851 0 0 0 
 1.562 0.352 2.06205 0 0 1.5789 0.3125 1.7685 0.146715 -0.532019 -0.523599 0.442 0.663 1.42851 0 0 0 
 1.55 0.339 2.04407 0 0 1.5769 0.3219 1.7841 0.157394 -0.62645 -0.523599 0.447 0.663 1.42851 0 0 0 
 1.56 0.349 2.02243 0 0 1.5693 0.3537 1.8324 0.176911 -0.514829 -0.482521 0.45 0.657 1.42851 0 0 0 
 1.525 0.366 2.00498 0 0 1.5675 0.3602 1.8413 0.162001 -0.710039 -0.523599 0.458 0.662 1.42851 0 0 0 
 1.55 0.402 1.98892 0 0 1.5666 0.3634 1.8457 0.152533 -0.466809 -0.503509 0.454 0.658 1.42851 0 0 0 
 1.569 0.414 1.95803 0 0 1.5578 0.3927 1.883 0.172508 -0.256649 -0.261656 0.442 0.643 1.42851 0 0 0 
 1.564 0.443 1.92975 0 0 1.5501 0.4157 1.9092 0.170024 -0.212695 -0.221481 0.448 0.636 1.42851 0 0 0 
 1.568 0.441 1.90829 0 0 1.5524 0.4091 1.9019 0.167609 -0.188196 -0.199422 0.456 0.641 1.42851 0 0 0 
 1.553 0.451 1.88211 0 0 1.5441 0.4324 1.9265 0.173799 -0.222081 -0.226072 0.451 0.64 1.42851 0 0 0 
 1.557 0.423 1.86657 0 0 1.5404 0.4424 1.9364 0.195972 -0.185892 -0.169111 0.451 0.652 1.42851 0 0 0 
 1.569 0.507 1.8554 0 0 1.5441 0.4324 1.9265 0.146459 -0.0249317 -0.0306318 0.458 0.645 1.42851 0 0 0 
 1.566 0.478 1.84092 0 0 1.5297 0.4694 1.961 0.183559 -0.00814214 -0.00798412 0.457 0.651 1.42851 0 0 0 
 1.597 0.501 1.8308 0 0 1.5226 0.4864 1.975 0.188239 0.277286 0.259185 0.456 0.653 1.42851 0 0 0 
 1.624 0.532 1.82259 0 0 1.5297 0.4694 1.961 0.16721 0.485382 0.481492 0.46 0.653 1.42851 0 0 0 
 1.63 0.541 1.81945 0 0 1.5226 0.4864 1.975 0.17396 0.563691 0.523599 0.461 0.659 1.42851 0 0 0 
 1.62 0.532 1.82242 0 0 1.5196 0.4932 1.9804 0.18093 0.487805 0.451817 0.46 0.647 1.42851 0 0 0 
 1.606 0.542 1.8369 0 0 1.5211 0.4898 1.9777 0.171126 0.402805 0.400763 0.453 0.653 1.42851 0 0 0 
 1.611 0.557 1.86186 0 0 1.509 0.5173 1.9981 0.183861 0.489863 0.447176 0.441 0.653 1.42851 0 0 0 
 1.614 0.584 1.87862 0 0 1.5121 0.5104 1.9932 0.165942 0.52159 0.514874 0.453 0.669 1.42851 0 0 0 
 1.575 0.618 1.89485 0 0 1.5074 0.5208 2.0005 0.144772 0.310549 0.368481 0.452 0.663 1.42851 0 0 0 
 1.499 0.616 1.92225 0 0 1.4876 0.5625 2.0267 0.153483 -0.227473 -0.260702 0.446 0.668 1.42851 0 0 0 
 1.543 0.599 1.93708 0 0 1.4876 0.5625 2.0267 0.172465 0.0486095 0.0506898 0.455 0.672 1.42851 0 0 0 
 1.603 0.621 1.95279 0 0 1.4807 0.5765 2.0345 0.188988 0.487688 0.434842 0.464 0.672 1.42851 0 0 0 
 1.57 0.634 1.96693 0 0 1.4876 0.5625 2.0267 0.164047 0.285983 0.304063 0.457 0.661 1.42851 0 0 0 
 1.567 0.652 1.96867 0 0 1.4736 0.5906 2.0419 0.171838 0.317681 0.321244 0.46 0.669 1.42851 0 0 0 
 1.576 0.656 1.9692 0 0 1.4664 0.6048 2.0488 0.183041 0.409847 0.383122 0.452 0.665 1.42851 0 0 0 
 1.625 0.673 1.98648 0 0 1.4664 0.6048 2.0488 0.194706 0.745505 0.523599 0.443 0.66 1.42851 0 0 0 
 1.613 0.685 1.99695 0 0 1.4718 0.5942 2.0436 0.177293 0.685327 0.523599 0.452 0.665 1.42851 0 0 0 
 1.622 0.722 2.00777 0 0 1.4664 0.6048 2.0488 0.171419 0.830809 0.523599 0.447 0.678 1.42851 0 0 0 
 1.595 0.704 2.03395 0 0 1.4533 0.6297 2.0599 0.188244 0.612013 0.523599 0.441 0.661 1.42851 0 0 0 
 1.618 0.697 2.0507 0 0 1.4476 0.6404 2.0642 0.209315 0.695688 0.523599 0.441 0.651 1.42851 0 0 0 
 1.555 0.734 2.07601 0 0 1.4571 0.6225 2.0568 0.156248 0.419682 0.450345 0.441 0.649 1.42851 0 0 0 
 1.566 0.802 2.10097 0 0 1.4418 0.6511 2.0684 0.152134 0.693225 0.523599 0.43 0.655 1.42851 0 0 0 
 1.583 0.77 2.11388 0 0 1.4179 0.6943 2.083 0.199496 0.60476 0.499505 0.457 0.672 1.42851 0 0 0 
 1.576 0.796 2.13884 0 0 1.4159 0.6979 2.0841 0.188599 0.610081 0.523599 0.464 0.669 1.42851 0 0 0 
 1.582 0.803 2.15629 0 0 1.424 0.6835 2.0796 0.183614 0.699944 0.523599 0.44 0.643 1.42851 0 0 0 
 1.622 0.786 2.17828 0 0 1.4098 0.7088 2.0872 0.225879 0.756459 0.523599 0.452 0.661 1.42851 0 0 0 
 1.604 0.792 2.19486 0 0 1.4159 0.6979 2.0841 0.197747 0.600459 0.500207 0.514 0.725 1.42851 0 0 0 
 1.548 0.801 2.21755 0 0 1.426 0.6799 2.0785 0.163909 0.415795 0.42834 0.465 0.672 1.42851 0 0 0 
 1.55 0.798 2.23675 0 0 1.4077 0.7124 2.0881 0.194213 0.426688 0.376589 0.427 0.637 1.42851 0 0 0 
 1.558 0.82 2.26555 0 0 1.4098 0.7088 2.0872 0.18709 0.50844 0.454949 0.437 0.644 1.42851 0 0 0 
 1.558 0.81 2.28527 0 0 1.4015 0.7233 2.091 0.201479 0.42969 0.366534 0.436 0.631 1.42851 0 0 0 
 1.532 0.83 2.29836 0 0 1.4077 0.7124 2.0881 0.175391 0.397189 0.387063 0.43 0.615 1.42851 0 0 0 
 1.518 0.843 2.3179 0 0 1.391 0.7415 2.0953 0.181589 0.301056 0.290007 0.435 0.627 1.42851 0 0 0 
 1.528 0.851 2.33623 0 0 1.3719 0.7744 2.1018 0.20598 0.305517 0.260897 0.435 0.624 1.42851 0 0 0 
 1.524 0.864 2.35839 0 0 1.3762 0.7671 2.1005 0.1936 0.314142 0.284169 0.444 0.628 1.42851 0 0 0 
 1.528 0.904 2.37201 0 0 1.3676 0.7817 2.1031 0.193944 0.473334 0.413923 0.431 0.635 1.42851 0 0 0 
 1.505 0.906 2.38422 0 0 1.3632 0.7891 2.1042 0.184178 0.344312 0.3246 0.434 0.647 1.42851 0 0 0 
 1.514 0.901 2.40342 0 0 1.348 0.8148 2.1077 0.205778 0.275179 0.236214 0.439 0.661 1.42851 0 0 0 
 1.496 0.927 2.41512 0 0 1.3524 0.8074 2.1068 0.180641 0.290692 0.281944 0.449 0.676 1.42851 0 0 0 
 1.514 0.92 2.42646 0 0 1.3414 0.8258 2.1089 0.206093 0.292432 0.250062 0.446 0.664 1.42851 0 0 0 
 1.484 0.938 2.44042 0 0 1.3458 0.8185 2.1081 0.178168 0.240833 0.238672 0.445 0.673 1.42851 0 0 0 
 1.459 0.971 2.45735 0 0 1.337 0.8332 2.1097 0.166299 0.240453 0.254615 0.441 0.647 1.42851 0 0 0 
 1.472 0.977 2.468 0 0 1.3215 0.859 2.1116 0.187264 0.23202 0.219429 0.451 0.647 1.42851 0 0 0 
 1.459 0.98 2.47777 0 0 1.3171 0.8664 2.112 0.181972 0.143955 0.141444 0.457 0.654 1.42851 0 0 0 
 1.434 0.964 2.49278 0 0 1.306 0.8849 2.1127 0.18384 -0.111612 -0.108849 0.454 0.648 1.42851 0 0 0 
 1.427 0.98 2.50168 0 0 1.306 0.8849 2.1127 0.181907 0.0043944 0.00434831 0.421 0.614 1.42851 0 0 0 
 1.422 1.012 2.51652 0 0 1.2993 0.896 2.1129 0.177806 0.105294 0.106192 0.415 0.616 1.42851 0 0 0 
 1.409 1.033 2.51756 0 0 1.2859 0.9183 2.1129 0.179258 0.0968364 0.0969323 0.409 0.618 1.42851 0 0 0 
 1.374 1.078 2.51477 0 0 1.2792 0.9294 2.1126 0.152881 0.113882 0.133288 0.418 0.634 1.42851 0 0 0 
 1.374 1.064 2.5139 0 0 1.248 0.9814 2.1093 0.187666 -0.12178 -0.116278 0.421 0.641 1.42851 0 0 0 
 1.384 1.041 2.51529 0 0 1.2413 0.9925 2.1082 0.20585 -0.234662 -0.202384 0.431 0.635 1.42851 0 0 0 
 1.375 1.078 2.51669 0 0 1.2502 0.9776 2.1097 0.18376 -0.0187782 -0.0183919 0.416 0.629 1.42851 0 0 0 
 1.364 1.1 2.51896 0 0 1.2458 0.9851 2.109 0.177674 0.0355703 0.0360204 0.41 0.623 1.42851 0 0 0 
 1.337 1.125 2.50814 0 0 1.2237 1.0222 2.1043 0.182027 -0.025265 -0.0249785 0.402 0.603 1.42851 0 0 0 
 1.335 1.117 2.50587 0 0 1.215 1.037 2.102 0.192061 -0.125866 -0.117419 0.408 0.601 1.42851 0 0 0 
 1.346 1.124 2.50098 0 0 1.2106 1.0444 2.1007 0.201018 -0.0469919 -0.0420538 0.405 0.6 1.42851 0 0 0 
 1.333 1.135 2.49767 0 0 1.2106 1.0444 2.1007 0.190049 -0.0768404 -0.0726494 0.418 0.607 1.42851 0 0 0 
 1.297 1.139 2.494 0 0 1.1998 1.063 2.0971 0.181413 -0.300428 -0.289703 0.421 0.616 1.42851 0 0 0 
 1.263 1.154 2.49173 0 0 1.1955 1.0704 2.0956 0.165249 -0.420439 -0.429462 0.419 0.619 1.42851 0 0 0 
 1.268 1.139 2.48842 0 0 1.1827 1.0926 2.0905 0.185509 -0.560153 -0.497853 0.429 0.627 1.42851 0 0 0 
 1.266 1.148 2.48109 0 0 1.1806 1.0963 2.0896 0.185121 -0.517065 -0.465855 0.428 0.623 1.42851 0 0 0 
 1.263 1.169 2.46433 0 0 1.1764 1.1037 2.0877 0.183035 -0.432029 -0.401756 0.433 0.623 1.42851 0 0 0 
 1.249 1.196 2.4495 0 0 1.1785 1.1 2.0886 0.167013 -0.340977 -0.352171 0.435 0.622 1.42851 0 0 0 
 1.263 1.198 2.41494 0 0 1.1536 1.1442 2.0758 0.20321 -0.29482 -0.255442 0.43 0.611 1.42851 0 0 0 
 1.601 0.122 2.12016 0 0 1.5765 0.1282 1.2987 0.126185 -0.81958 -0.523599 0.58 0.747 1.42852 0 0 0 
 1.582 0.128 2.12016 0 0 1.578 0.1336 1.3176 0.122522 -0.924435 -0.523599 0.556 0.722 1.42852 0 0 0 
 1.598 0.131 2.12034 0 0 1.5787 0.1363 1.3269 0.130456 -0.817088 -0.523599 0.546 0.735 1.42852 0 0 0 
 1.579 0.114 2.12069 0 0 1.58 0.1418 1.3455 0.136861 -0.985462 -0.523599 0.559 0.716 1.42507 0 0 0 
 1.577 0.139 2.11877 0 0 1.5705 0.1096 1.2313 0.0859924 -0.905912 -0.523599 0.599 0.73 1.40946 0 0 0 
 1.593 0.16 2.10079 0 0 1.5741 0.1202 1.2701 0.0961938 -0.765147 -0.523599 0.555 0.7 1.38903 0 0 0 
 1.598 0.17 2.08247 0 0 1.5824 0.1528 1.382 0.130477 -0.71806 -0.523599 0.508 0.702 1.36902 0 0 0 
 1.602 0.202 2.05751 0 0 1.5852 0.1695 1.4349 0.133048 -0.608346 -0.523599 0.488 0.701 1.3464 0 0 0 
 1.599 0.205 2.03377 0 0 1.5869 0.1836 1.4772 0.146721 -0.590487 -0.523599 0.476 0.731 1.28277 0 0 0 
 1.605 0.189 2.02208 0 0 1.5886 0.2154 1.5642 0.183583 -0.577938 -0.515542 0.482 0.737 1.20954 0 0 0 
 1.569 0.243 2.01091 0 0 1.5882 0.2008 1.5257 0.132147 -0.705186 -0.523599 0.485 0.74 1.142 0 0 0 
 1.566 0.284 1.9849 0 0 1.5886 0.2212 1.5791 0.131363 -0.592111 -0.523599 0.433 0.723 1.08269 0 0 0 
 1.58 0.215 1.96571 0 0 1.586 0.2661 1.6816 0.211209 -0.517218 -0.415171 0.408 0.823 1.04066 0 0 0 
 1.556 0.237 1.94441 0 0 1.5883 0.236 1.615 0.174322 -0.629246 -0.523599 0.415 0.839 0.973827 0 0 0 
 1.542 0.241 1.91073 0 0 1.5885 0.2301 1.6009 0.169016 -0.664368 -0.523599 0.416 0.874 0.855869 0 0 0 
 1.545 0.282 1.89118 0 0 1.5883 0.236 1.615 0.15067 -0.569099 -0.523599 0.441 0.906 0.735076 0 0 0 
 1.56 0.275 1.87286 0 0 1.5863 0.2631 1.6752 0.177295 -0.432653 -0.413881 0.441 0.912 0.62548 0 0 0 
 1.551 0.287 1.8376 0 0 1.5863 0.2631 1.6752 0.172215 -0.427506 -0.420217 0.415 0.923 0.528659 0 0 0 
 1.552 0.271 1.81823 0 0 1.5832 0.2876 1.724 0.198993 -0.365683 -0.319451 0.398 0.929 0.450947 0 0 0 
 1.624 0.285 1.79886 0 0 1.586 0.2661 1.6816 0.189174 0.0649177 0.061691 0.389 0.933 0.38049 0 0 0 
 1.594 0.29 1.77198 0 0 1.586 0.2661 1.6816 0.18211 -0.0767107 -0.0756769 0.405 0.985 0.308083 0 0 0 
 1.589 0.319 1.74563 0 0 1.5853 0.2722 1.694 0.168089 -0.0520596 -0.0556912 0.418 0.984 0.230718 0 0 0 
 1.597 0.267 1.728 0 0 1.5782 0.3156 1.7738 0.225836 0.0653894 0.0520707 0.397 0.977 0.158186 0 0 0 
 1.639 0.284 1.72416 0 0 1.5845 0.2783 1.7062 0.198929 0.25057 0.222958 0.407 0.966 0.109984 0 0 0 
 1.629 0.303 1.71875 0 0 1.5822 0.2937 1.7355 0.194755 0.237617 0.216183 0.44 0.985 0.0893313 0 0 0 
 1.646 0.369 1.71543 0 0 1.5817 0.2968 1.7411 0.159487 0.402299 0.426209 0.478 1.018 0.0645669 0 0 0 
 1.65 0.386 1.72015 0 0 1.5762 0.325 1.7892 0.164504 0.467346 0.472702 0.532 1.028 0.0380157 0 0 0 
 1.628 0.392 1.72783 0 0 1.5733 0.3377 1.809 0.163457 0.342658 0.360819 0.557 1.041 0.0152106 0 0 0 
 1.659 0.394 1.74702 0 0 1.5639 0.3731 1.8586 0.188687 0.561043 0.491418 0.569 1.025 0.0102626 0 0 0 
 1.622 0.434 1.75994 0 0 1.5675 0.3602 1.8413 0.149668 0.332508 0.380414 0.573 1.022 0.0127405 0 0 0 
 1.579 0.409 1.77285 0 0 1.5589 0.3894 1.8791 0.170105 0.0444016 0.0469498 0.607 1.026 0.0206623 0 0 0 
 1.634 0.458 1.79519 0 0 1.5568 0.396 1.8869 0.155755 0.43382 0.464727 0.636 1.053 0.0333559 0 0 0 
 1.65 0.473 1.8109 0 0 1.5466 0.4257 1.9197 0.167623 0.56376 0.523599 0.656 1.057 0.0566717 0 0 0 
 1.66 0.448 1.82521 0 0 1.5404 0.4424 1.9364 0.193845 0.576943 0.491826 0.675 1.049 0.0871091 0 0 0 
 1.69 0.495 1.83499 0 0 1.5441 0.4324 1.9265 0.16845 0.78299 0.523599 0.696 1.06 0.13316 0 0 0 
 1.656 0.521 1.84912 0 0 1.5478 0.4224 1.9163 0.134663 0.580615 0.523599 0.703 1.053 0.181401 0 0 0 
 1.7 0.523 1.865 0 0 1.5365 0.4525 1.9459 0.168575 0.855486 0.523599 0.71 1.06 0.235335 0 0 0 
 1.658 0.541 1.89328 0 0 1.5297 0.4694 1.961 0.153745 0.637993 0.523599 0.718 1.072 0.28665 0 0 0 
 1.658 0.562 1.90794 0 0 1.5269 0.4762 1.9667 0.139588 0.647852 0.523599 0.77 1.104 0.346043 0 0 0 
 1.653 0.578 1.92748 0 0 1.509 0.5173 1.9981 0.141781 0.580833 0.523599 0.822 1.084 0.390349 0 0 0 
 1.705 0.587 1.94005 0 0 1.5167 0.5001 1.9856 0.152965 0.87484 0.523599 0.81 1.076 0.470924 0 0 0 
 1.649 0.614 1.9589 0 0 1.5167 0.5001 1.9856 0.113009 0.616933 0.523599 0.811 1.097 0.57041 0 0 0 
 1.626 0.619 1.97531 0 0 1.509 0.5173 1.9981 0.107818 0.44095 0.523599 0.81 1.067 0.676035 0 0 0 
 1.627 0.603 1.98909 0 0 1.4893 0.559 2.0247 0.138779 0.377739 0.455564 0.824 1.046 0.77377 0 0 0 
 1.625 0.601 2.00515 0 0 1.4961 0.545 2.0163 0.127586 0.270277 0.36429 0.84 1.055 0.88447 0 0 0 
 1.622 0.623 2.02173 0 0 1.4994 0.5381 2.012 0.097899 0.370155 0.523599 0.859 1.092 1.00724 0 0 0 
 1.643 0.634 2.03081 0 0 1.4977 0.5416 2.0142 0.110586 0.691229 0.523599 0.857 1.133 1.12475 0 0 0 
 1.664 0.684 2.04512 0 0 1.4859 0.566 2.0287 0.110356 0.864199 0.523599 0.859 1.138 1.22338 0 0 0 
 1.658 0.699 2.05925 0 0 1.4842 0.5695 2.0307 0.101121 0.866122 0.523599 0.876 1.154 1.29142 0 0 0 
 1.638 0.673 2.06938 0 0 1.4736 0.5906 2.0419 0.121553 0.718262 0.523599 0.881 1.169 1.33154 0 0 0 
 1.649 0.649 2.0788 0 0 1.4736 0.5906 2.0419 0.150819 0.741902 0.523599 0.879 1.208 1.3795 0 0 0 
 1.612 0.684 2.09538 0 0 1.4807 0.5765 2.0345 0.106826 0.671322 0.523599 0.864 1.223 1.41155 0 0 0 
 1.607 0.725 2.1048 0 0 1.4736 0.5906 2.0419 0.0878198 0.731726 0.523599 0.864 1.22 1.41946 0 0 0 
 1.624 0.713 2.1158 0 0 1.4571 0.6225 2.0568 0.131379 0.776668 0.523599 0.854 1.239 1.42212 0 0 0 
 1.641 0.682 2.13831 0 0 1.4533 0.6297 2.0599 0.171164 0.774034 0.523599 0.864 1.282 1.42184 0 0 0 
 1.658 0.699 2.15036 0 0 1.4664 0.6048 2.0488 0.149558 0.896043 0.523599 0.889 1.272 1.41935 0 0 0 
 1.664 0.709 2.15996 0 0 1.4718 0.5942 2.0436 0.147267 0.959361 0.523599 0.882 1.294 1.41544 0 0 0 
 1.645 0.712 2.1788 0 0 1.4664 0.6048 2.0488 0.141839 0.896744 0.523599 0.894 1.307 1.41049 0 0 0 
 1.609 0.729 2.19294 0 0 1.4664 0.6048 2.0488 0.119997 0.839747 0.523599 0.884 1.342 1.39391 0 0 0 
 1.643 0.77 2.21633 0 0 1.4418 0.6511 2.0684 0.153205 1.00042 0.523599 0.878 1.363 1.37316 0 0 0 
 1.622 0.777 2.23151 0 0 1.4379 0.6583 2.0711 0.149826 0.958486 0.523599 0.871 1.397 1.34428 0 0 0 
 1.634 0.798 2.24931 0 0 1.426 0.6799 2.0785 0.161819 1.0204 0.523599 0.883 1.416 1.29942 0 0 0 
 1.649 0.77 2.2631 0 0 1.43 0.6727 2.0761 0.184485 0.970171 0.523599 0.894 1.434 1.24225 0 0 0 
 1.642 0.777 2.27532 0 0 1.432 0.6691 2.0749 0.176396 0.974881 0.523599 0.889 1.435 1.18698 0 0 0 
 1.594 0.836 2.29225 0 0 1.4379 0.6583 2.0711 0.123806 1.06765 0.523599 0.85 1.468 1.11692 0 0 0 
 1.601 0.814 2.31616 0 0 1.4159 0.6979 2.0841 0.170356 0.921986 0.523599 0.842 1.488 1.04686 0 0 0 
 1.62 0.787 2.33396 0 0 1.4036 0.7197 2.09 0.206135 0.821382 0.523599 0.846 1.472 0.955487 0 0 0 
 1.597 0.791 2.35595 0 0 1.428 0.6763 2.0773 0.172338 0.868879 0.523599 0.844 1.501 0.861784 0 0 0 
 1.593 0.775 2.37759 0 0 1.422 0.6871 2.0808 0.189999 0.792452 0.523599 0.845 1.534 0.774354 0 0 0 
 1.591 0.791 2.39155 0 0 1.424 0.6835 2.0796 0.179357 0.641281 0.523599 0.83 1.553 0.692658 0 0 0 
 1.543 0.847 2.40726 0 0 1.42 0.6907 2.0819 0.134515 0.780589 0.523599 0.823 1.573 0.617879 0 0 0 
 1.541 0.868 2.43658 0 0 1.4015 0.7233 2.091 0.136162 0.82115 0.523599 0.886 1.591 0.538281 0 0 0 
 1.55 0.852 2.45473 0 0 1.3654 0.7854 2.1037 0.189169 0.612085 0.523599 0.901 1.619 0.477504 0 0 0 
 1.529 0.876 2.47184 0 0 1.3762 0.7671 2.1005 0.162425 0.702801 0.523599 0.872 1.629 0.443636 0 0 0 
 1.544 0.863 2.49418 0 0 1.3719 0.7744 2.1018 0.184276 0.630383 0.523599 0.882 1.644 0.416806 0 0 0 
 1.563 0.85 2.505 0 0 1.3676 0.7817 2.1031 0.209551 0.560335 0.448588 0.877 1.656 0.38251 0 0 0 
 1.549 0.873 2.52385 0 0 1.391 0.7415 2.0953 0.161418 0.802162 0.523599 0.945 1.658 0.339813 0 0 0 
 1.516 0.897 2.54287 0 0 1.3826 0.7561 2.0984 0.139706 0.869893 0.523599 0.991 1.687 0.299424 0 0 0 
 1.507 0.925 2.56032 0 0 1.3632 0.7891 2.1042 0.140934 0.909788 0.523599 1.012 1.7 0.301539 0 0 0 
 1.514 0.918 2.59017 0 0 1.3524 0.8074 2.1068 0.162054 0.79126 0.523599 1.022 1.72 0.302746 0 0 0 
 1.506 0.94 2.60692 0 0 1.348 0.8148 2.1077 0.151499 0.903445 0.523599 1.053 1.725 0.306793 0 0 0 
 1.523 0.933 2.62629 0 0 1.3304 0.8443 2.1106 0.186384 0.71706 0.523599 1.051 1.756 0.321572 0 0 0 
 1.527 0.943 2.63851 0 0 1.3348 0.8369 2.11 0.183759 0.820741 0.523599 1.088 1.772 0.360444 0 0 0 
 1.477 0.958 2.64986 0 0 1.3524 0.8074 2.1068 0.141484 1.10163 0.523599 1.136 1.767 0.384117 0 0 0 
 1.462 0.97 2.66591 0 0 1.3326 0.8406 2.1103 0.149202 1.07091 0.523599 1.139 1.767 0.413602 0 0 0 
 1.452 0.96 2.68982 0 0 1.3149 0.8701 2.1122 0.166053 0.889028 0.523599 1.153 1.777 0.456688 0 0 0 
 1.433 0.987 2.70693 0 0 1.3149 0.8701 2.1122 0.155325 0.94831 0.523599 1.158 1.81 0.533294 0 0 0 
 1.428 0.98 2.72961 0 0 1.2993 0.896 2.1129 0.16578 0.835973 0.523599 1.188 1.795 0.582342 0 0 0 
 1.417 0.996 2.75091 0 0 1.2881 0.9146 2.1129 0.168185 0.759987 0.523599 1.177 1.827 0.616768 0 0 0 
 1.395 1.021 2.76312 0 0 1.2792 0.9294 2.1126 0.162314 0.840849 0.523599 1.208 1.84 0.658403 0 0 0 
 1.37 1.031 2.77586 0 0 1.2725 0.9405 2.1122 0.157142 0.854475 0.523599 1.24 1.847 0.685829 0 0 0 
 1.351 1.038 2.7982 0 0 1.2636 0.9554 2.1114 0.158267 0.784589 0.523599 1.27 1.867 0.707132 0 0 0 
 1.33 1.048 2.81252 0 0 1.2569 0.9665 2.1106 0.154496 0.792247 0.523599 1.292 1.868 0.733985 0 0 0 
 1.329 1.032 2.82787 0 0 1.2413 0.9925 2.1082 0.1691 0.506555 0.49452 1.31 1.89 0.7571 0 0 0 
 1.367 1.048 2.85475 0 0 1.2325 1.0073 2.1064 0.192088 0.495883 0.434993 1.316 1.905 0.780577 0 0 0 
 1.321 1.065 2.86993 0 0 1.2435 0.9888 2.1086 0.163228 0.602846 0.523599 1.33 1.929 0.797052 0 0 0 
 1.311 1.088 2.89262 0 0 1.2325 1.0073 2.1064 0.166717 0.590591 0.523599 1.356 1.953 0.803548 0 0 0 
 1.286 1.09 2.912 0 0 1.2237 1.0222 2.1043 0.161215 0.428539 0.446278 1.381 1.983 0.803649 0 0 0 
 1.272 1.103 2.92858 0 0 1.2215 1.0259 2.1038 0.156425 0.46869 0.494612 1.398 1.984 0.802905 0 0 0 
 1.25 1.112 2.95144 0 0 1.2019 1.0593 2.0979 0.157142 0.293178 0.323991 1.416 2 0.801793 0 0 0 
 1.25 1.101 2.96488 0 0 1.2063 1.0519 2.0993 0.152706 0.132647 0.1551 1.432 2.039 0.800647 0 0 0 
 1.226 1.129 2.98338 0 0 1.1848 1.0889 2.0914 0.153217 0.0431974 0.0507049 1.471 2.059 0.797362 0 0 0 
 1.223 1.122 2.99961 0 0 1.1912 1.0778 2.094 0.145471 -0.0478076 -0.0590862 1.493 2.087 0.782643 0 0 0 
 1.219 1.134 3.01026 0 0 1.1764 1.1037 2.0877 0.150157 -0.140669 -0.167055 1.487 2.106 0.753845 0 0 0 
 1.195 1.141 3.0202 0 0 1.1869 1.0852 2.0923 0.129325 -0.0836904 -0.115961 1.512 2.124 0.717055 0 0 0 
 1.203 1.155 3.02317 0 0 1.1701 1.1148 2.0847 0.143021 -0.209595 -0.257912 1.55 2.15 0.678699 0 0 0 
 1.202 1.118 3.02317 0 0 1.1515 1.1479 2.0746 0.154817 -0.660596 -0.523599 1.557 2.166 0.647675 0 0 0 
 1.175 1.155 3.01759 0 0 1.1785 1.1 2.0886 0.120341 -0.235478 -0.338648 1.569 2.188 0.627306 0 0 0 
 1.183 1.149 3.00851 0 0 1.1556 1.1406 2.077 0.139496 -0.565101 -0.523599 1.625 2.229 0.573939 0 0 0 
 1.159 1.148 2.99036 0 0 1.168 1.1184 2.0836 0.118959 -0.506013 -0.523599 1.64 2.247 0.554075 0 0 0 
 1.163 1.144 2.98093 0 0 1.168 1.1184 2.0836 0.122369 -0.536178 -0.523599 1.645 2.259 0.540626 0 0 0 
 1.187 1.15 2.95999 0 0 1.1495 1.1516 2.0733 0.151278 -0.627881 -0.523599 1.661 2.269 0.525951 0 0 0 
 1.164 1.15 2.94254 0 0 1.1556 1.1406 2.077 0.135679 -0.628802 -0.523599 1.69 2.287 0.510391 0 0 0 
 1.143 1.168 2.92055 0 0 1.1577 1.1369 2.0781 0.122315 -0.536038 -0.523599 1.704 2.304 0.492036 0 0 0 
 1.156 1.14 2.90187 0 0 1.1435 1.1626 2.0695 0.147298 -0.818106 -0.523599 1.719 2.328 0.480389 0 0 0 
 1.163 1.137 2.88198 0 0 1.1455 1.159 2.0708 0.153035 -0.791158 -0.523599 1.732 2.328 0.468637 0 0 0 
 1.145 1.191 2.86592 0 0 1.1618 1.1295 2.0804 0.122463 -0.361799 -0.488749 1.741 2.352 0.453521 0 0 0 
 1.139 1.176 2.84271 0 0 1.1355 1.1773 2.0642 0.145657 -0.698551 -0.523599 1.776 2.364 0.44561 0 0 0 
 1.161 1.183 2.8256 0 0 1.1375 1.1736 2.0655 0.156621 -0.595142 -0.523599 1.806 2.385 0.437126 0 0 0 
 1.144 1.194 2.79925 0 0 1.1375 1.1736 2.0655 0.148141 -0.555949 -0.523599 1.828 2.391 0.433669 0 0 0 
 1.104 1.186 2.77726 0 0 1.1375 1.1736 2.0655 0.131029 -0.688436 -0.523599 1.841 2.396 0.432553 0 0 0 
 1.078 1.201 2.76033 0 0 1.1277 1.192 2.0584 0.124568 -0.749936 -0.523599 1.851 2.415 0.434205 0 0 0 
 1.07 1.25 2.73729 0 0 1.12 1.2066 2.0523 0.117845 -0.544318 -0.523599 1.877 2.413 0.436282 0 0 0 
 1.069 1.246 2.70972 0 0 1.1013 1.243 2.0354 0.139244 -0.722824 -0.523599 1.897 2.416 0.444774 0 0 0 
 1.075 1.216 2.69384 0 0 1.094 1.2575 2.0279 0.160719 -0.907533 -0.523599 1.915 2.404 0.457171 0 0 0 
 1.048 1.233 2.67987 0 0 1.0994 1.2467 2.0335 0.138388 -0.857549 -0.523599 1.93 2.419 0.494618 0 0 0 
 1.057 1.22 2.65719 0 0 1.0958 1.2539 2.0298 0.15394 -0.90698 -0.523599 1.934 2.424 0.532332 0 0 0 
 1.072 1.255 2.64375 0 0 1.094 1.2575 2.0279 0.153411 -0.689621 -0.523599 1.954 2.435 0.577215 0 0 0 
 1.08 1.247 2.61879 0 0 1.094 1.2575 2.0279 0.162877 -0.687338 -0.523599 1.967 2.45 0.613399 0 0 0 
 1.044 1.271 2.59488 0 0 1.0923 1.2611 2.0259 0.142086 -0.687933 -0.523599 1.99 2.46 0.644643 0 0 0 
 1.044 1.296 2.57498 0 0 1.0818 1.2828 2.0137 0.146912 -0.634071 -0.523599 2.002 2.476 0.671075 0 0 0 
 1.059 1.304 2.54531 0 0 1.0733 1.3008 2.0028 0.163559 -0.584854 -0.523599 2.011 2.473 0.706117 0 0 0 
 1.045 1.323 2.52193 0 0 1.0717 1.3044 2.0005 0.154368 -0.542473 -0.523599 2.009 2.503 0.738913 0 0 0 
 1.053 1.321 2.50465 0 0 1.07 1.308 1.9982 0.162327 -0.526165 -0.523599 2.037 2.524 0.764513 0 0 0 
 1.028 1.339 2.48056 0 0 1.0684 1.3116 1.9959 0.148479 -0.535095 -0.523599 2.047 2.557 0.779323 0 0 0 
 1.008 1.379 2.46329 0 0 1.0527 1.3473 1.9708 0.144251 -0.543441 -0.523599 2.054 2.555 0.789047 0 0 0 
 1.001 1.362 2.42995 0 0 1.0425 1.372 1.9513 0.164411 -0.709501 -0.523599 2.069 2.551 0.800641 0 0 0 
 0.977 1.383 2.41058 0 0 1.0411 1.3756 1.9484 0.149727 -0.718921 -0.523599 2.06 2.565 0.811951 0 0 0 
 0.976 1.369 2.3919 0 0 1.0383 1.3826 1.9424 0.161317 -0.789424 -0.523599 2.056 2.581 0.821282 0 0 0 
 0.954 1.395 2.36101 0 0 1.0329 1.3967 1.9301 0.152297 -0.805604 -0.523599 2.077 2.607 0.825893 0 0 0 
 0.956 1.427 2.34373 0 0 1.0277 1.4106 1.9171 0.147507 -0.705391 -0.523599 2.105 2.625 0.826546 0 0 0 
 0.966 1.416 2.32663 0 0 1.0204 1.4315 1.8964 0.168829 -0.756903 -0.523599 2.131 2.64 0.825455 0 0 0 
 0.959 1.438 2.30394 0 0 1.024 1.4211 1.907 0.153034 -0.657008 -0.523599 2.136 2.644 0.825812 0 0 0 
 0.956 1.426 2.27794 0 0 1.0192 1.435 1.8929 0.167704 -0.735802 -0.523599 2.131 2.664 0.826245 0 0 0 
 0.947 1.434 2.26048 0 0 1.0125 1.4557 1.8705 0.17351 -0.796413 -0.523599 2.155 2.678 0.826463 0 0 0 
 0.949 1.451 2.24286 0 0 1.0158 1.4453 1.8819 0.162152 -0.686992 -0.523599 2.158 2.709 0.826436 0 0 0 
 0.966 1.436 2.21127 0 0 1.0125 1.4557 1.8705 0.183442 -0.654054 -0.523599 2.178 2.742 0.825045 0 0 0 
 0.98 1.438 2.19137 0 0 1.0104 1.4625 1.8626 0.191976 -0.578306 -0.496857 2.18 2.748 0.822745 0 0 0 
 0.964 1.447 2.1603 0 0 1.0147 1.4488 1.8781 0.177942 -0.564593 -0.518916 2.203 2.766 0.813533 0 0 0 
 0.951 1.473 2.12994 0 0 1.0104 1.4625 1.8626 0.170756 -0.562836 -0.523599 2.191 2.783 0.788872 0 0 0 
 0.936 1.508 2.11405 0 0 1.0064 1.4762 1.8465 0.157123 -0.564949 -0.523599 2.193 2.818 0.766698 0 0 0 
 0.934 1.477 2.08142 0 0 1 1.5 0 7.8573e-10 -1.38026 -0.523599 2.21 2.847 0.724681 0 0 0 
 0.942 1.5 2.04931 0 0 0.9975 1.5101 1.8029 0.186184 -0.584011 -0.513993 2.24 2.833 0.679767 0 0 0 
 0.953 1.501 2.03482 0 0 1 1.5 0 7.79391e-10 -1.25639 -0.523599 2.241 2.854 0.632189 0 0 0 
 0.966 1.51 2.01457 0 0 0.9983 1.5068 1.8074 0.186565 -0.391708 -0.361331 2.254 2.849 0.603146 0 0 0 
 0.964 1.533 2.00393 0 0 0.9983 1.5068 1.8074 0.174207 -0.339971 -0.337811 2.272 2.861 0.581422 0 0 0 
 0.958 1.532 1.99363 0 0 0.991 1.5402 1.7624 0.192045 -0.447548 -0.397185 2.278 2.887 0.566969 0 0 0 
 0.951 1.506 1.98421 0 0 0.993 1.5302 1.776 0.200279 -0.501678 -0.423587 2.292 2.911 0.556206 0 0 0 
 0.963 1.535 1.97042 0 0 0.9944 1.5236 1.785 0.183802 -0.350533 -0.330678 2.321 2.92 0.538403 0 0 0 
 0.937 1.548 1.93778 0 0 0.9923 1.5336 1.7715 0.179085 -0.460358 -0.433374 2.327 2.933 0.516767 0 0 0 
 0.946 1.572 1.91719 0 0 0.9885 1.5535 1.7443 0.179207 -0.39284 -0.375824 2.344 2.943 0.502489 0 0 0 
 0.949 1.59 1.89659 0 0 0.9843 1.5798 1.708 0.184904 -0.386776 -0.3601 2.352 2.944 0.489503 0 0 0 
 0.929 1.612 1.87617 0 0 0.9826 1.5928 1.6897 0.177719 -0.476671 -0.449784 2.378 2.931 0.477895 0 0 0 
 0.916 1.643 1.85401 0 0 0.9818 1.5993 1.6806 0.163261 -0.503338 -0.506632 2.399 2.951 0.476699 0 0 0 
 0.922 1.653 1.84127 0 0 0.9787 1.6347 1.6305 0.178014 -0.528454 -0.490749 2.415 2.963 0.478529 0 0 0 
 0.918 1.676 1.81753 0 0 0.9776 1.66 1.5941 0.179312 -0.565082 -0.515991 2.41 2.969 0.47945 0 0 0 
 0.947 1.688 1.7999 0 0 0.9776 1.66 1.5941 0.176282 -0.369531 -0.360806 2.418 2.98 0.481441 0 0 0 
 0.938 1.703 1.78018 0 0 0.9774 1.6726 1.576 0.174483 -0.420478 -0.409278 2.429 2.996 0.48514 0 0 0 
 0.95 1.716 1.74842 0 0 0.9775 1.6913 1.5489 0.17946 -0.357222 -0.344047 2.457 3.014 0.487148 0 0 0 
 0.936 1.714 1.71823 0 0 0.9788 1.7221 1.5042 0.197762 -0.483571 -0.414624 2.48 3.022 0.488782 0 0 0 
 0.975 1.714 1.70618 0 0 0.9783 1.7129 1.5176 0.195593 -0.226334 -0.205354 2.502 3.033 0.494991 0 0 0 
 0.991 1.703 1.68315 0 0 0.9786 1.719 1.5087 0.206981 -0.131457 -0.113827 2.526 3.04 0.505566 0 0 0 
 0.961 1.742 1.66395 0 0 0.9788 1.7221 1.5042 0.185158 -0.271713 -0.258245 2.531 3.051 0.521049 0 0 0 
 0.982 1.744 1.64213 0 0 0.9792 1.7282 1.4954 0.188707 -0.140665 -0.133378 2.545 3.066 0.535184 0 0 0 
 1.005 1.746 1.63114 0 0 0.9811 1.7494 1.4646 0.199974 -0.0481788 -0.0433394 2.554 3.074 0.554009 0 0 0 
 0.994 1.758 1.62485 0 0 0.9805 1.7434 1.4734 0.189524 -0.0853429 -0.0808773 2.568 3.094 0.5677 0 0 0 
 0.991 1.792 1.61054 0 0 0.9792 1.7282 1.4954 0.161618 -0.0432124 -0.0480903 2.574 3.106 0.577295 0 0 0 
 0.982 1.827 1.60408 0 0 0.9845 1.7763 1.4256 0.167133 -0.206304 -0.218635 2.588 3.112 0.584532 0 0 0 
 0.972 1.831 1.60164 0 0 0.9905 1.8115 1.3749 0.183539 -0.357056 -0.336828 2.599 3.143 0.591215 0 0 0 
 0.975 1.836 1.59815 0 0 0.9935 1.826 1.3542 0.188361 -0.375555 -0.344569 2.62 3.166 0.592434 0 0 0 
 0.978 1.87 1.59379 0 0 0.9928 1.8231 1.3583 0.167133 -0.347038 -0.357678 2.634 3.179 0.59025 0 0 0 
 1.017 1.874 1.5882 0 0 1.001 1.8574 1.3097 0.182516 -0.212286 -0.206379 2.659 3.19 0.589718 0 0 0 
 1.001 1.883 1.57878 0 0 1.0057 1.8743 1.2861 0.18648 -0.34886 -0.324811 2.669 3.205 0.588112 0 0 0 
 0.987 1.925 1.55679 0 0 1.0065 1.8771 1.2822 0.165163 -0.428695 -0.437069 2.657 3.213 0.584132 0 0 0 
 0.993 1.925 1.5437 0 0 1.0162 1.9075 1.2403 0.181692 -0.472817 -0.43806 2.667 3.219 0.576215 0 0 0 
 1.015 1.902 1.52677 0 0 1.022 1.9238 1.2181 0.203619 -0.367302 -0.313958 2.704 3.234 0.56389 0 0 0 
 1.01 1.907 1.50984 0 0 1.0181 1.9129 1.2329 0.196285 -0.34691 -0.308004 2.737 3.239 0.544357 0 0 0 
 1.026 1.934 1.49919 0 0 1.0135 1.8992 1.2516 0.172924 -0.217035 -0.222186 2.753 3.266 0.526293 0 0 0 
 1.05 1.92 1.47668 0 0 1.023 1.9265 1.2145 0.195229 -0.129543 -0.118874 2.767 3.286 0.516054 0 0 0 
 1.048 1.934 1.45417 0 0 1.0153 1.9047 1.2441 0.176228 -0.0620646 -0.0633084 2.792 3.293 0.508313 0 0 0 
 1.068 1.96 1.44387 0 0 1.0281 1.94 1.1965 0.1792 -0.0563022 -0.0564935 2.802 3.3 0.496664 0 0 0 
 1.025 1.994 1.42589 0 0 1.0379 1.9638 1.1649 0.177246 -0.391685 -0.378584 2.802 3.327 0.48722 0 0 0 
 1.047 1.983 1.41926 0 0 1.0483 1.9873 1.1345 0.194561 -0.315052 -0.283617 2.823 3.326 0.476293 0 0 0 
 1.064 1.978 1.41542 0 0 1.0448 1.9795 1.1445 0.191599 -0.186652 -0.173587 2.848 3.321 0.461056 0 0 0 
 1.104 1.969 1.40896 0 0 1.0436 1.9769 1.1479 0.192292 0.0631533 0.0590476 2.877 3.319 0.449172 0 0 0 
 1.099 1.974 1.39483 0 0 1.0483 1.9873 1.1345 0.195742 0.0136915 0.0125897 2.888 3.328 0.447164 0 0 0 
 1.133 1.959 1.38819 0 0 1.052 1.995 1.1246 0.206178 0.193986 0.167764 2.906 3.343 0.449111 0 0 0 
 1.117 1.997 1.37493 0 0 1.0582 2.0078 1.1084 0.192592 0.05083 0.0474709 2.912 3.34 0.450542 0 0 0 
 1.114 2.019 1.37598 0 0 1.0582 2.0078 1.1084 0.180144 0.0124242 0.0124137 2.937 3.338 0.451807 0 0 0 
 1.125 2.05 1.37545 0 0 1.0752 2.0404 1.068 0.179239 -0.063127 -0.0633104 2.956 3.346 0.454712 0 0 0 
 1.151 2.038 1.38278 0 0 1.0834 2.0551 1.0502 0.191579 0.036025 0.0338347 2.95 3.354 0.465555 0 0 0 
 1.134 2.057 1.38942 0 0 1.0905 2.0672 1.0357 0.18851 -0.127456 -0.121106 2.965 3.392 0.486129 0 0 0 
 1.138 2.067 1.39238 0 0 1.0862 2.06 1.0443 0.178278 -0.0902298 -0.0908507 2.98 3.407 0.494673 0 0 0 
 1.142 2.062 1.39291 0 0 1.108 2.0958 1.0023 0.200376 -0.195505 -0.173851 3.002 3.419 0.496627 0 0 0 
 1.16 2.096 1.3943 0 0 1.0962 2.0769 1.0243 0.168657 -0.0540541 -0.0576255 3.016 3.432 0.494594 0 0 0 
 1.191 2.121 1.39256 0 0 1.1187 2.1122 0.9837 0.170724 -0.0363409 -0.0382967 3.031 3.437 0.494268 0 0 0 
 1.202 2.127 1.39011 0 0 1.1374 2.1395 0.9534 0.1812 -0.0903474 -0.0895092 3.061 3.443 0.493264 0 0 0 
 1.177 2.143 1.3868 0 0 1.1503 2.1574 0.9341 0.184687 -0.318033 -0.30057 3.073 3.46 0.49019 0 0 0 
 1.225 2.133 1.38139 0 0 1.1519 2.1596 0.9318 0.18708 -0.0431666 -0.0415092 3.106 3.469 0.483429 0 0 0 
 1.259 2.124 1.37894 0 0 1.1536 2.1618 0.9295 0.19095 0.140898 0.132045 3.126 3.489 0.469324 0 0 0 
 1.264 2.111 1.37668 0 0 1.1701 2.1834 0.9068 0.20974 0.0833959 0.0714489 3.14 3.495 0.453128 0 0 0 
 1.251 2.135 1.36062 0 0 1.1735 2.1877 0.9024 0.199973 -0.00222456 -0.00200238 3.162 3.5 0.434034 0 0 0 
 1.277 2.132 1.35748 0 0 1.1701 2.1834 0.9068 0.197216 0.160031 0.145036 3.175 3.516 0.410826 0 0 0 
 1.273 2.168 1.35992 0 0 1.1836 2.2004 0.8895 0.185963 0.0329398 0.0318727 3.195 3.514 0.390135 0 0 0 
 1.254 2.169 1.36324 0 0 1.1989 2.219 0.8709 0.197549 -0.157985 -0.142968 3.208 3.52 0.376171 0 0 0 
 1.248 2.191 1.36725 0 0 1.2093 2.2312 0.859 0.192368 -0.273581 -0.250609 3.225 3.526 0.361446 0 0 0 
 1.271 2.213 1.37179 0 0 1.2076 2.2292 0.8609 0.175679 -0.165421 -0.167894 3.22 3.536 0.340614 0 0 0 
 1.263 2.216 1.3758 0 0 1.2215 2.2452 0.8456 0.18372 -0.292593 -0.279182 3.247 3.555 0.3189 0 0 0 
 1.288 2.195 1.37039 0 0 1.2267 2.251 0.84 0.196746 -0.155737 -0.141529 3.27 3.556 0.292431 0 0 0 
 1.302 2.206 1.36236 0 0 1.2215 2.2452 0.8456 0.186201 -0.0536048 -0.0517734 3.289 3.559 0.265801 0 0 0 
 1.323 2.257 1.35015 0 0 1.2285 2.253 0.8382 0.159799 -0.0114886 -0.0129402 3.312 3.566 0.239198 0 0 0 
 1.31 2.25 1.34177 0 0 1.2567 2.2835 0.8103 0.183557 -0.219578 -0.212085 3.324 3.586 0.221479 0 0 0 
 1.321 2.247 1.33339 0 0 1.2726 2.3 0.7957 0.194382 -0.226387 -0.206644 3.344 3.599 0.203131 0 0 0 
 1.34 2.263 1.32519 0 0 1.2637 2.2909 0.8037 0.177864 -0.088829 -0.0896549 3.364 3.599 0.175785 0 0 0 
 1.355 2.27 1.32275 0 0 1.2921 2.3196 0.7789 0.189467 -0.156248 -0.147364 3.374 3.613 0.141856 0 0 0 
 1.363 2.296 1.31699 0 0 1.3062 2.3334 0.7675 0.1825 -0.209109 -0.203393 3.379 3.616 0.107178 0 0 0 
 1.337 2.309 1.30704 0 0 1.3097 2.3368 0.7647 0.182036 -0.376472 -0.356367 3.398 3.609 0.0700644 0 0 0 
 1.366 2.299 1.29796 0 0 1.3185 2.3452 0.758 0.189194 -0.23543 -0.220352 3.412 3.605 0.0369522 0 0 0 
 1.372 2.302 1.29168 0 0 1.315 2.3418 0.7606 0.184837 -0.184325 -0.17761 3.434 3.613 0.00939297 0 0 0 
 1.364 2.306 1.28418 0 0 1.3202 2.3468 0.7566 0.187588 -0.249701 -0.235167 3.455 3.629 -0.0119281 0 0 0 
 1.395 2.293 1.27021 0 0 1.3185 2.3452 0.758 0.189937 -0.0416423 -0.0394433 3.464 3.637 -0.0311553 0 0 0 
 1.378 2.324 1.25625 0 0 1.3325 2.3583 0.7477 0.184724 -0.229654 -0.220154 3.46 3.653 -0.056905 0 0 0 
 1.405 2.337 1.24805 0 0 1.3446 2.3694 0.7391 0.180716 -0.152109 -0.150362 3.477 3.662 -0.088862 0 0 0 
 1.439 2.374 1.23967 0 0 1.3498 2.3741 0.7356 0.157886 -0.042854 -0.0488175 3.503 3.66 -0.129145 0 0 0 
 1.441 2.392 1.23094 0 0 1.3836 2.4041 0.7144 0.168555 -0.211105 -0.221732 3.535 3.646 -0.167867 0 0 0 
 1.454 2.397 1.22519 0 0 1.4032 2.4209 0.7035 0.175628 -0.230008 -0.231507 3.556 3.645 -0.192383 0 0 0 
 1.438 2.393 1.22065 0 0 1.408 2.425 0.701 0.184352 -0.323558 -0.305998 3.582 3.649 -0.21677 0 0 0 
 1.45 2.372 1.21524 0 0 1.4128 2.429 0.6986 0.196758 -0.233255 -0.210235 3.61 3.643 -0.244308 0 0 0 
 1.457 2.378 1.2093 0 0 1.408 2.425 0.701 0.189539 -0.181802 -0.170967 3.623 3.652 -0.269677 0 0 0 
 1.461 2.421 1.20354 0 0 1.4032 2.4209 0.7035 0.162512 -0.218826 -0.237789 3.639 3.643 -0.292843 0 0 0 
 1.486 2.434 1.18592 0 0 1.4375 2.4496 0.6874 0.172662 -0.236621 -0.241849 3.651 3.639 -0.306742 0 0 0 
 1.511 2.437 1.17544 0 0 1.4537 2.4628 0.6815 0.176411 -0.16349 -0.165294 3.664 3.644 -0.320993 0 0 0 
 1.477 2.43 1.16637 0 0 1.4678 2.4742 0.6776 0.197654 -0.367039 -0.322581 3.673 3.65 -0.335723 0 0 0 
 1.478 2.468 1.15258 0 0 1.4594 2.4674 0.6798 0.17287 -0.4102 -0.403665 3.692 3.656 -0.350919 0 0 0 
 1.503 2.463 1.14595 0 0 1.4594 2.4674 0.6798 0.169776 -0.258642 -0.267639 3.72 3.66 -0.370762 0 0 0 
 1.53 2.464 1.14036 0 0 1.4799 2.4839 0.6753 0.176431 -0.186546 -0.188071 3.733 3.65 -0.398017 0 0 0 
 1.51 2.491 1.12169 0 0 1.4952 2.4961 0.6744 0.178857 -0.39081 -0.374724 3.754 3.635 -0.425615 0 0 0 
 1.538 2.502 1.10773 0 0 1.4877 2.4901 0.6745 0.161513 -0.235937 -0.257123 3.78 3.634 -0.447035 0 0 0 
 1.542 2.519 1.09028 0 0 1.5138 2.511 0.6767 0.1709 -0.325008 -0.329811 3.796 3.629 -0.464098 0 0 0 
 1.553 2.516 1.07998 0 0 1.5314 2.5253 0.6806 0.182651 -0.296702 -0.284466 3.8 3.629 -0.478384 0 0 0 
 1.555 2.532 1.06218 0 0 1.5507 2.5409 0.6881 0.189309 -0.358386 -0.328422 3.819 3.621 -0.489836 0 0 0 
 1.585 2.525 1.04856 0 0 1.5445 2.5359 0.6853 0.18022 -0.16011 -0.158571 3.861 3.602 -0.49848 0 0 0 
 1.573 2.549 1.03879 0 0 1.566 2.5536 0.6978 0.188553 -0.323246 -0.299312 3.89 3.579 -0.507913 0 0 0 
 1.609 2.517 1.02238 0 0 1.5644 2.5523 0.6967 0.193358 -0.0315411 -0.0293537 3.917 3.579 -0.522178 0 0 0 
 1.639 2.521 1.00772 0 0 1.5712 2.558 0.7022 0.188338 0.108637 0.103456 3.933 3.56 -0.533686 0 0 0 
 1.657 2.541 0.996903 0 0 1.5863 2.571 0.7187 0.185168 0.131802 0.127429 3.948 3.55 -0.538708 0 0 0 
 1.643 2.558 0.980497 0 0 1.6035 2.5864 0.7446 0.195436 0.0196158 0.0180645 3.97 3.55 -0.541873 0 0 0 
 1.658 2.578 0.975087 0 0 1.6139 2.5961 0.7624 0.189865 0.0352841 0.0334384 3.994 3.525 -0.545098 0 0 0 
 1.668 2.585 0.976832 0 0 1.6449 2.6272 0.8061 0.21011 0.053255 0.0455916 4.004 3.517 -0.546065 0 0 0 
 1.696 2.575 0.982242 0 0 1.6377 2.6198 0.7986 0.200443 0.214008 0.189867 4.021 3.512 -0.545283 0 0 0 
 1.693 2.601 0.987129 0 0 1.6407 2.6228 0.8019 0.190742 0.116957 0.109926 4.026 3.517 -0.543707 0 0 0 
 1.697 2.608 0.989922 0 0 1.6449 2.6272 0.8061 0.189643 0.10996 0.103992 4.039 3.515 -0.544137 0 0 0 
 1.706 2.605 0.993063 0 0 1.6407 2.6228 0.8019 0.184845 0.163361 0.157757 4.058 3.512 -0.54535 0 0 0 
 1.72 2.616 1.00179 0 0 1.6562 2.6391 0.8145 0.188473 0.176038 0.166566 4.063 3.507 -0.547704 0 0 0 
 1.744 2.645 1.00772 0 0 1.6678 2.6514 0.8195 0.176616 0.190497 0.191762 4.092 3.499 -0.552699 0 0 0 
 1.751 2.636 1.01453 0 0 1.6929 2.6784 0.8228 0.200292 0.196112 0.174452 4.096 3.469 -0.559681 0 0 0 
 1.765 2.647 1.02203 0 0 1.7 2.6861 0.8227 0.196685 0.212857 0.19239 4.117 3.475 -0.565798 0 0 0 
 1.777 2.66 1.0271 0 0 1.7037 2.69 0.8225 0.18972 0.224687 0.210032 4.128 3.472 -0.570558 0 0 0 
 1.806 2.674 1.03233 0 0 1.7143 2.7015 0.8218 0.183593 0.304268 0.289909 4.149 3.476 -0.574849 0 0 0 
 1.792 2.679 1.04228 0 0 1.7336 2.7222 0.8198 0.200369 0.165141 0.147279 4.174 3.487 -0.58447 0 0 0 
 1.788 2.672 1.04891 0 0 1.7371 2.7259 0.8194 0.207852 0.146783 0.126436 4.2 3.464 -0.604897 0 0 0 
 1.791 2.672 1.05485 0 0 1.7237 2.7116 0.8209 0.196145 0.187656 0.170537 4.225 3.448 -0.638704 0 0 0 
 1.815 2.702 1.06741 0 0 1.7291 2.7174 0.8203 0.178606 0.209555 0.208133 4.217 3.433 -0.668614 0 0 0 
 1.812 2.696 1.07369 0 0 1.758 2.7482 0.8168 0.205734 0.125828 0.109647 4.207 3.438 -0.686401 0 0 0 
 1.831 2.697 1.0805 0 0 1.758 2.7482 0.8168 0.200501 0.210253 0.18656 4.219 3.43 -0.694093 0 0 0 
 1.815 2.725 1.09272 0 0 1.7687 2.7596 0.8155 0.197917 0.0218842 0.0199004 4.236 3.409 -0.698897 0 0 0 
 1.854 2.737 1.09848 0 0 1.7646 2.7553 0.816 0.178853 0.200549 0.199159 4.259 3.392 -0.704768 0 0 0 
 1.852 2.771 1.10546 0 0 1.7858 2.7778 0.8135 0.177839 0.042774 0.0432667 4.305 3.358 -0.708569 0 0 0 
 1.873 2.756 1.11488 0 0 1.806 2.7991 0.8112 0.196754 0.117695 0.10726 4.324 3.351 -0.71191 0 0 0 
 1.858 2.786 1.11994 0 0 1.8109 2.8042 0.8106 0.187901 -0.0478051 -0.045763 4.332 3.316 -0.717664 0 0 0 
 1.899 2.783 1.12902 0 0 1.8192 2.813 0.8098 0.186477 0.139283 0.133644 4.344 3.304 -0.724294 0 0 0 
 1.897 2.795 1.13426 0 0 1.8332 2.8277 0.8083 0.191217 0.0547007 0.0514466 4.37 3.299 -0.725227 0 0 0 
 1.889 2.786 1.13827 0 0 1.8442 2.8392 0.8073 0.206354 -0.00468035 -0.00408258 4.374 3.305 -0.724115 0 0 0 
 1.919 2.79 1.14124 0 0 1.8498 2.845 0.8067 0.201875 0.118838 0.105567 4.368 3.287 -0.723823 0 0 0 
 1.934 2.795 1.14455 0 0 1.8536 2.849 0.8064 0.198926 0.169736 0.152397 4.395 3.274 -0.723915 0 0 0 
 1.941 2.823 1.14595 0 0 1.8653 2.8612 0.8053 0.191142 0.112312 0.105373 4.424 3.286 -0.722503 0 0 0 
 1.961 2.822 1.14996 0 0 1.8734 2.8696 0.8046 0.193748 0.186675 0.171721 4.401 3.287 -0.722574 0 0 0 
 1.961 2.853 1.15293 0 0 1.9031 2.9005 0.8022 0.199548 0.0280665 0.0253117 4.417 3.268 -0.724337 0 0 0 
 1.979 2.865 1.15729 0 0 1.8987 2.8959 0.8026 0.185733 0.107267 0.103583 4.429 3.264 -0.724861 0 0 0 
 1.979 2.879 1.16166 0 0 1.9167 2.9144 0.8012 0.191663 0.0157628 0.0148025 4.452 3.245 -0.728939 0 0 0 
 1.986 2.869 1.16497 0 0 1.9331 2.9314 0.8001 0.208173 0.0155823 0.0134727 4.474 3.218 -0.732739 0 0 0 
 2 2.92 1.16934 0 0 1.926 2.924 0.8006 0.171762 0.00601058 0.00629878 4.492 3.214 -0.736636 0 0 0 
 2.009 2.927 1.17527 0 0 1.9452 2.9438 0.7993 0.180544 -0.0298998 -0.0298009 4.514 3.214 -0.739929 0 0 0 
 1.998 2.939 1.17754 0 0 1.9679 2.9671 0.7978 0.19371 -0.189294 -0.174116 4.519 3.186 -0.753714 0 0 0 
 2.018 2.955 1.17963 0 0 1.9628 2.9619 0.7982 0.176659 -0.102112 -0.10367 4.541 3.196 -0.768921 0 0 0 
 2.04 2.95 1.18347 0 0 1.9784 2.9779 0.7972 0.186584 -0.0300139 -0.0289467 4.542 3.194 -0.779511 0 0 0 
 2.035 2.967 1.18417 0 0 1.9918 2.9916 0.7965 0.188492 -0.135401 -0.128588 4.554 3.136 -0.796205 0 0 0 
 2.051 2.961 1.18068 0 0 1.9972 2.9972 0.7961 0.192643 -0.0522886 -0.0488182 4.588 3.133 -0.805519 0 0 0 
 2.046 2.96 1.17283 0 0 2.0112 3.0114 0.7954 0.205355 -0.112801 -0.0985535 4.617 3.127 -0.806838 0 0 0 
 2.079 2.954 1.16916 0 0 2.0084 3.0085 0.7956 0.199775 0.0815818 0.0733743 4.642 3.108 -0.81267 0 0 0 
 2.076 2.959 1.16515 0 0 2.0112 3.0114 0.7954 0.199889 0.0522824 0.0470455 4.639 3.089 -0.832878 0 0 0 
 2.072 2.988 1.15886 0 0 2.0112 3.0114 0.7954 0.185106 -0.019819 -0.0192698 4.68 3.055 -0.856948 0 0 0 
 2.071 2.995 1.15485 0 0 2.0169 3.0172 0.7951 0.186048 -0.0540534 -0.0522486 4.747 3.019 -0.869031 0 0 0 
 2.081 3.018 1.15258 0 0 2.0226 3.023 0.7949 0.175865 -0.0668152 -0.0682799 4.745 3.013 -0.891156 0 0 0 
 2.103 3.012 1.15206 0 0 2.0372 3.0379 0.7942 0.185543 0.017598 0.0170706 4.737 3.015 -0.927073 0 0 0 
 2.1 3.034 1.15258 0 0 2.0581 3.0592 0.7934 0.190384 -0.111154 -0.104707 4.737 3.03 -0.95933 0 0 0 
 2.101 3.061 1.15153 0 0 2.0673 3.0686 0.7931 0.18289 -0.194011 -0.188674 4.746 3.041 -0.982751 0 0 0 
 2.107 3.071 1.15031 0 0 2.0829 3.0843 0.7925 0.188269 -0.230596 -0.216997 4.767 3.023 -1.00428 0 0 0 
 2.11 3.088 1.14979 0 0 2.0892 3.0907 0.7923 0.183467 -0.273207 -0.261888 4.793 3.014 -1.04012 0 0 0 
 2.133 3.088 1.14822 0 0 2.0892 3.0907 0.7923 0.177983 -0.149164 -0.149726 4.794 2.994 -1.07154 0 0 0 
 2.156 3.059 1.13914 0 0 2.1019 3.1037 0.7919 0.198557 0.00794655 0.00720374 4.793 2.971 -1.10829 0 0 0 
 2.146 3.068 1.13146 0 0 2.1116 3.1135 0.7917 0.203807 -0.08227 -0.0725326 4.803 2.947 -1.14306 0 0 0 
 2.158 3.078 1.11907 0 0 2.0987 3.1004 0.792 0.186028 0.00725448 0.00701931 4.833 2.927 -1.15549 0 0 0 
 2.174 3.086 1.11 0 0 2.1116 3.1135 0.7917 0.188271 0.0442038 0.0422367 4.863 2.945 -1.16147 0 0 0 
 2.184 3.088 1.10738 0 0 2.1181 3.12 0.7915 0.189908 0.0751369 0.0710966 4.87 2.921 -1.17917 0 0 0 
 2.197 3.105 1.10179 0 0 2.1279 3.13 0.7912 0.185522 0.0810648 0.0784902 4.862 2.876 -1.21017 0 0 0 
 2.194 3.125 1.09935 0 0 2.1479 3.1502 0.7907 0.191285 -0.0353478 -0.0332502 4.853 2.852 -1.23026 0 0 0 
 2.211 3.148 1.09813 0 0 2.1546 3.157 0.7906 0.180177 -0.0207661 -0.0207427 4.865 2.846 -1.23726 0 0 0 
 2.223 3.154 1.09795 0 0 2.175 3.1775 0.7901 0.189917 -0.0288886 -0.0273732 4.872 2.833 -1.23459 0 0 0 
 2.24 3.146 1.09883 0 0 2.1819 3.1845 0.79 0.195347 0.0577483 0.0531613 4.872 2.802 -1.23384 0 0 0 
 2.245 3.153 1.10005 0 0 2.1819 3.1845 0.79 0.190385 0.0657518 0.0620855 4.866 2.778 -1.23241 0 0 0 
 2.241 3.167 1.10022 0 0 2.1888 3.1914 0.7898 0.189252 -0.00770637 -0.0073295 4.877 2.741 -1.22716 0 0 0 
 2.251 3.169 1.10057 0 0 2.1957 3.1984 0.7897 0.191123 0.0198164 0.018661 4.878 2.716 -1.21556 0 0 0 
 2.26 3.191 1.10249 0 0 2.2167 3.2196 0.7893 0.193585 -0.0462615 -0.0429885 4.887 2.715 -1.18141 0 0 0 
 2.281 3.21 1.10371 0 0 2.2167 3.2196 0.7893 0.178289 0.0155401 0.0156879 4.92 2.716 -1.146 0 0 0 
 2.294 3.223 1.10598 0 0 2.2308 3.2338 0.789 0.179107 0.0101695 0.0102198 4.942 2.687 -1.12366 0 0 0 
 2.291 3.227 1.1072 0 0 2.2486 3.2518 0.7887 0.191593 -0.065869 -0.0618045 4.965 2.671 -1.11339 0 0 0 
 2.312 3.252 1.10773 0 0 2.2522 3.2554 0.7887 0.175927 -0.0277835 -0.0284191 4.984 2.678 -1.11266 0 0 0 
 2.301 3.254 1.1093 0 0 2.281 3.2844 0.7882 0.200144 -0.169321 -0.151118 4.973 2.668 -1.11275 0 0 0 
 2.324 3.274 1.10947 0 0 2.2774 3.2807 0.7882 0.180856 -0.0915523 -0.0908682 4.977 2.655 -1.11518 0 0 0 
 2.35 3.279 1.10965 0 0 2.2883 3.2917 0.7881 0.180308 0.00236142 0.00235738 4.99 2.653 -1.11451 0 0 0 
 2.36 3.277 1.10982 0 0 2.3102 3.3137 0.7878 0.195935 -0.00324963 -0.00298533 5.02 2.658 -1.11642 0 0 0 
 2.367 3.285 1.10319 0 0 2.3102 3.3137 0.7878 0.190185 0.0211234 0.0199896 5.039 2.601 -1.12106 0 0 0 
 2.362 3.297 1.0997 0 0 2.3249 3.3285 0.7876 0.196673 -0.0695474 -0.0635657 5.063 2.573 -1.14208 0 0 0 
 2.35 3.321 1.09638 0 0 2.3286 3.3322 0.7875 0.190332 -0.19837 -0.185446 5.084 2.572 -1.17557 0 0 0 
 2.36 3.326 1.09377 0 0 2.336 3.3396 0.7874 0.19099 -0.176028 -0.164401 5.078 2.553 -1.22503 0 0 0 
 2.385 3.303 1.09185 0 0 2.336 3.3396 0.7874 0.1966 0.0119595 0.0109493 5.072 2.555 -1.27621 0 0 0 
 2.405 3.341 1.09028 0 0 2.347 3.3507 0.7873 0.180179 -0.00655084 -0.00654424 5.07 2.529 -1.31896 0 0 0 
 2.374 3.377 1.08033 0 0 2.3619 3.3656 0.7871 0.182141 -0.292548 -0.281435 5.08 2.515 -1.34396 0 0 0 
 2.39 3.377 1.07579 0 0 2.3767 3.3805 0.7869 0.189611 -0.2397 -0.223741 5.052 2.503 -1.36751 0 0 0 
 2.421 3.366 1.0709 0 0 2.3693 3.373 0.787 0.180976 -0.0279912 -0.027833 5.089 2.486 -1.38071 0 0 0 
 2.437 3.369 1.06916 0 0 2.3842 3.3879 0.7868 0.186924 0.0105309 0.0101405 5.106 2.453 -1.38852 0 0 0 
 2.465 3.376 1.0634 0 0 2.3953 3.3992 0.7867 0.184908 0.113804 0.110333 5.1 2.438 -1.40708 0 0 0 
 2.458 3.383 1.05293 0 0 2.4028 3.4066 0.7866 0.189116 0.0515785 0.049053 5.091 2.423 -1.43253 0 0 0 
 2.473 3.403 1.04594 0 0 2.4177 3.4216 0.7864 0.186638 0.0456877 0.0440344 5.115 2.424 -1.44946 0 0 0 
 2.472 3.399 1.0449 0 0 2.4289 3.4328 0.7863 0.197851 0.0262167 0.0238467 5.114 2.405 -1.46149 0 0 0 
 2.475 3.415 1.04525 0 0 2.4252 3.4291 0.7863 0.185843 0.00606331 0.00587261 5.129 2.388 -1.48038 0 0 0 
 2.477 3.442 1.04699 0 0 2.4327 3.4366 0.7862 0.177345 -0.0788696 -0.0798801 5.157 2.384 -1.50381 0 0 0 
 2.51 3.425 1.04752 0 0 2.4514 3.4553 0.786 0.191758 0.0913572 0.0855463 5.15 2.36 -1.5312 0 0 0 
 2.507 3.445 1.04978 0 0 2.4663 3.4702 0.7859 0.193941 -0.0147171 -0.0136584 5.158 2.335 -1.56625 0 0 0 
 2.525 3.459 1.05258 0 0 2.4663 3.4702 0.7859 0.181707 0.0359537 0.0356009 5.162 2.317 -1.59903 0 0 0 
 2.531 3.462 1.05205 0 0 2.4812 3.4852 0.7857 0.190337 0.0231258 0.0218664 5.172 2.288 -1.63509 0 0 0 
 2.53 3.481 1.05205 0 0 2.4887 3.4926 0.7857 0.186705 -0.0516108 -0.0497163 5.16 2.269 -1.67188 0 0 0 
 2.549 3.493 1.0538 0 0 2.5036 3.5075 0.7855 0.186993 -0.0247404 -0.0238107 5.172 2.254 -1.70744 0 0 0 
 2.558 3.48 1.05554 0 0 2.511 3.515 0.7854 0.19711 0.0360533 0.0329118 5.158 2.233 -1.74249 0 0 0 
 2.567 3.514 1.05694 0 0 2.5259 3.5298 0.7853 0.188747 -0.0464979 -0.0443142 5.162 2.209 -1.77763 0 0 0 
 2.593 3.502 1.05764 0 0 2.5296 3.5335 0.7853 0.190902 0.107174 0.100711 5.147 2.17 -1.80414 0 0 0 
 2.591 3.492 1.05851 0 0 2.5333 3.5372 0.7852 0.199536 0.111759 0.100477 5.147 2.144 -1.82665 0 0 0 
 2.59 3.535 1.05938 0 0 2.5407 3.5446 0.7852 0.183213 -0.0240676 -0.0236412 5.134 2.136 -1.85275 0 0 0 
 2.593 3.548 1.05991 0 0 2.5554 3.5594 0.785 0.18734 -0.0797585 -0.0764841 5.126 2.109 -1.88664 0 0 0 
 2.611 3.535 1.06357 0 0 2.5628 3.5667 0.785 0.194854 0.0242856 0.0224304 5.134 2.095 -1.9185 0 0 0 
 2.635 3.542 1.06532 0 0 2.5774 3.5814 0.7848 0.196372 0.0888991 0.0813076 5.144 2.083 -1.9494 0 0 0 
 2.656 3.542 1.06828 0 0 2.5811 3.585 0.7848 0.193875 0.181178 0.166651 5.157 2.05 -1.98425 0 0 0 
 2.691 3.521 1.06671 0 0 2.5884 3.5923 0.7847 0.202485 0.38055 0.326207 5.158 2.03 -2.0385 0 0 0 
 2.704 3.547 1.06567 0 0 2.6029 3.6068 0.7846 0.196625 0.350857 0.310783 5.152 1.996 -2.10483 0 0 0 
 2.717 3.564 1.06741 0 0 2.6101 3.614 0.7845 0.190034 0.356688 0.325815 5.137 1.989 -2.18009 0 0 0 
 2.719 3.556 1.07579 0 0 2.6389 3.6427 0.7843 0.215883 0.292165 0.238949 5.148 1.973 -2.25972 0 0 0 
 2.737 3.557 1.08591 0 0 2.6389 3.6427 0.7843 0.211348 0.363415 0.30016 5.16 1.946 -2.33221 0 0 0 
 2.748 3.561 1.09621 0 0 2.646 3.6498 0.7842 0.212243 0.374758 0.30773 5.168 1.957 -2.40922 0 0 0 
 2.748 3.588 1.10965 0 0 2.6531 3.6569 0.7842 0.202876 0.288059 0.250221 5.147 1.954 -2.49029 0 0 0 
 2.757 3.614 1.12693 0 0 2.6496 3.6534 0.7842 0.184068 0.276123 0.26373 5.14 1.94 -2.55696 0 0 0 
 2.766 3.634 1.13844 0 0 2.6777 3.6814 0.7839 0.192143 0.181483 0.168404 5.162 1.906 -2.61629 0 0 0 
 2.778 3.663 1.15799 0 0 2.6882 3.6919 0.7839 0.18128 0.133576 0.131863 5.11 1.881 -2.65125 0 0 0 
 2.763 3.638 1.16846 0 0 2.7122 3.7159 0.7836 0.215674 0.0136439 0.0113866 5.137 1.881 -2.73168 0 0 0 
 2.769 3.655 1.17736 0 0 2.7088 3.7125 0.7837 0.202267 0.0123947 0.0110297 5.11 1.86 -2.79871 0 0 0 
 2.793 3.658 1.19115 0 0 2.7088 3.7125 0.7837 0.195601 0.114739 0.105198 5.116 1.868 -2.86459 0 0 0 
 2.801 3.684 1.19935 0 0 2.719 3.7226 0.7836 0.186891 0.0674415 0.0648637 5.141 1.832 -2.91912 0 0 0 
 2.8 3.669 1.2025 0 0 2.7325 3.7361 0.7835 0.20523 0.0366084 0.0320968 5.124 1.792 -2.96346 0 0 0 
 2.805 3.69 1.20599 0 0 2.7325 3.7361 0.7835 0.192525 0.0230755 0.021571 5.052 1.837 -3.02384 0 0 0 
 2.809 3.706 1.21 0 0 2.7426 3.7461 0.7834 0.190132 -0.023906 -0.0226282 5.05 1.824 -3.08552 0 0 0 
 2.846 3.741 1.21192 0 0 2.7558 3.7592 0.7833 0.173617 0.0637539 0.0660016 5.021 1.798 -3.13411 0 0 0 
 2.855 3.762 1.21559 0 0 2.7721 3.7755 0.7831 0.172107 0.0124825 0.0130542 5.005 1.78 3.1139 0 0 0 
 2.842 3.755 1.21785 0 0 2.7944 3.7977 0.7829 0.194676 -0.127731 -0.117558 5 1.768 3.05134 0 0 0 
 2.863 3.799 1.22065 0 0 2.8007 3.804 0.7829 0.170873 -0.120733 -0.126502 4.983 1.758 2.98956 0 0 0 
 2.866 3.781 1.22274 0 0 2.8101 3.8133 0.7828 0.187084 -0.107841 -0.103387 4.959 1.756 2.921 0 0 0 
 2.86 3.767 1.22414 0 0 2.8254 3.8285 0.7826 0.207189 -0.16903 -0.145806 4.981 1.726 2.85708 0 0 0 
 2.897 3.796 1.21995 0 0 2.8314 3.8345 0.7826 0.188874 -0.0424312 -0.0404156 4.978 1.744 2.80097 0 0 0 
 2.886 3.787 1.21663 0 0 2.8314 3.8345 0.7826 0.196046 -0.0811978 -0.0744142 4.977 1.763 2.74253 0 0 0 
