 0.568 0.748 1.42852 4.74303e-322 7.69844e+218 0.5917 0.7271 0.9168 0 0 0 1.589 0.135 6.96411e+252 0 4.64095e-317 4.13003e-27 
 0.542 0.723 1.42852 4.74303e-322 7.69844e+218 0.5917 0.7271 0.9168 0.198611 -0.498171 -0.424091 1.582 0.14 6.96411e+252 0 4.64095e-317 4.13003e-27 
 0.559 0.738 1.42817 4.74303e-322 7.69844e+218 0.5696 0.6982 0.9163 0.162797 -0.299165 -0.31945 1.572 0.11 6.96411e+252 0 4.64095e-317 4.13003e-27 
 0.565 0.714 1.41404 4.74303e-322 7.69844e+218 0.5829 0.7155 0.9166 0.19505 -0.26505 -0.239889 1.578 0.118 6.96411e+252 0 4.64095e-317 4.13003e-27 
 0.58 0.723 1.40225 4.74303e-322 7.69844e+218 0.574 0.704 0.9164 0.177422 -0.106722 -0.107852 1.6 0.149 6.96411e+252 0 4.64095e-317 4.13003e-27 
 0.521 0.705 1.3735 4.74303e-322 7.69844e+218 0.5873 0.7213 0.9167 0.212227 -0.549216 -0.435929 1.612 0.165 6.96411e+252 0 4.64095e-317 4.13003e-27 
 0.496 0.707 1.36401 4.74303e-322 7.69844e+218 0.5564 0.681 0.9159 0.181451 -0.561774 -0.508416 1.593 0.184 6.96411e+252 0 4.64095e-317 4.13003e-27 
 0.471 0.717 1.30758 4.74303e-322 7.69844e+218 0.5476 0.6696 0.9156 0.174672 -0.662253 -0.523599 1.592 0.215 6.96411e+252 0 4.64095e-317 4.13003e-27 
 0.472 0.722 1.23866 4.74303e-322 7.69844e+218 0.5433 0.664 0.9155 0.172758 -0.622642 -0.523599 1.603 0.199 6.96411e+252 0 4.64095e-317 4.13003e-27 
 0.488 0.742 1.169 4.74303e-322 7.69844e+218 0.5433 0.664 0.9155 0.160633 -0.413934 -0.434305 1.558 0.222 6.96411e+252 0 4.64095e-317 4.13003e-27 
 0.466 0.733 1.10157 4.74303e-322 7.69844e+218 0.5608 0.6868 0.916 0.197339 -0.452658 -0.391565 1.549 0.264 6.96411e+252 0 4.64095e-317 4.13003e-27 
 0.423 0.789 1.05818 4.74303e-322 7.69844e+218 0.5476 0.6696 0.9156 0.174729 -0.978979 -0.523599 1.578 0.235 6.96411e+252 0 4.64095e-317 4.13003e-27 
 0.409 0.828 1.01002 4.74303e-322 7.69844e+218 0.5608 0.6868 0.916 0.184061 -1.15651 -0.523599 1.574 0.229 6.96411e+252 0 4.64095e-317 4.13003e-27 
 0.41 0.848 0.904688 4.74303e-322 7.69844e+218 0.574 0.704 0.9164 0.200993 -1.06036 -0.523599 1.538 0.234 6.96411e+252 0 4.64095e-317 4.13003e-27 
 0.437 0.895 0.780824 4.74303e-322 7.69844e+218 0.5829 0.7155 0.9166 0.186837 -0.996734 -0.523599 1.535 0.259 6.96411e+252 0 4.64095e-317 4.13003e-27 
 0.446 0.911 0.669314 4.74303e-322 7.69844e+218 0.6141 0.7564 0.9173 0.221082 -0.836843 -0.523599 1.564 0.26 6.96411e+252 0 4.64095e-317 4.13003e-27 
 0.423 0.92 0.562717 4.74303e-322 7.69844e+218 0.6277 0.774 0.9176 0.252761 -0.709653 -0.467933 1.545 0.28 6.96411e+252 0 4.64095e-317 4.13003e-27 
 0.408 0.917 0.479774 4.74303e-322 7.69844e+218 0.6232 0.7681 0.9175 0.265142 -0.635136 -0.407095 1.555 0.263 6.96411e+252 0 4.64095e-317 4.13003e-27 
 0.386 0.935 0.408925 4.74303e-322 7.69844e+218 0.6141 0.7564 0.9173 0.274948 -0.696561 -0.427846 1.579 0.266 6.96411e+252 0 4.64095e-317 4.13003e-27 
 0.398 0.963 0.338966 4.74303e-322 7.69844e+218 0.6141 0.7564 0.9173 0.267446 -0.714916 -0.448464 1.609 0.275 6.96411e+252 0 4.64095e-317 4.13003e-27 
 0.422 0.991 0.26154 4.74303e-322 7.69844e+218 0.6322 0.78 0.9176 0.258819 -0.587138 -0.38767 1.574 0.314 6.96411e+252 0 4.64095e-317 4.13003e-27 
 0.419 0.974 0.183396 4.74303e-322 7.69844e+218 0.655 0.8097 0.918 0.283031 -0.270746 -0.170515 1.595 0.28 6.96411e+252 0 4.64095e-317 4.13003e-27 
 0.4 0.977 0.12355 4.74303e-322 7.69844e+218 0.6504 0.8038 0.9179 0.293728 -0.224743 -0.136864 1.617 0.298 6.96411e+252 0 4.64095e-317 4.13003e-27 
 0.426 0.971 0.0974416 4.74303e-322 7.69844e+218 0.6413 0.7918 0.9178 0.266285 -0.216485 -0.145305 1.633 0.305 6.96411e+252 0 4.64095e-317 4.13003e-27 
 0.47 1.003 0.0747296 4.74303e-322 7.69844e+218 0.6504 0.8038 0.9179 0.237379 -0.278662 -0.208241 1.641 0.34 6.96411e+252 0 4.64095e-317 4.13003e-27 
 0.503 1.03 0.0500164 4.74303e-322 7.69844e+218 0.6826 0.8459 0.9183 0.233213 -0.161438 -0.123963 1.646 0.356 6.96411e+252 0 4.64095e-317 4.13003e-27 
 0.54 1.035 0.0198946 4.74303e-322 7.69844e+218 0.7058 0.8763 0.9185 0.215274 0.0162502 0.0135867 1.659 0.399 6.96411e+252 0 4.64095e-317 4.13003e-27 
 0.568 1.037 0.0108166 4.74303e-322 7.69844e+218 0.7198 0.8946 0.9186 0.201913 0.124513 0.110548 1.656 0.386 6.96411e+252 0 4.64095e-317 4.13003e-27 
 0.577 1.016 0.0111885 4.74303e-322 7.69844e+218 0.7339 0.9131 0.9187 0.194396 0.398135 0.353192 1.614 0.409 6.96411e+252 0 4.64095e-317 4.13003e-27 
 0.59 1.026 0.0150283 4.74303e-322 7.69844e+218 0.7245 0.9008 0.9186 0.175601 0.279448 0.278978 1.606 0.413 6.96411e+252 0 4.64095e-317 4.13003e-27 
 0.629 1.052 0.0260012 4.74303e-322 7.69844e+218 0.7339 0.9131 0.9187 0.147769 0.218552 0.260188 1.61 0.452 6.96411e+252 0 4.64095e-317 4.13003e-27 
 0.648 1.059 0.0480166 4.74303e-322 7.69844e+218 0.7623 0.9503 0.9187 0.160198 0.355802 0.380319 1.662 0.485 6.96411e+252 0 4.64095e-317 4.13003e-27 
 0.669 1.056 0.0750767 4.74303e-322 7.69844e+218 0.7718 0.9627 0.9187 0.151932 0.479172 0.516327 1.641 0.465 6.96411e+252 0 4.64095e-317 4.13003e-27 
 0.694 1.05 0.114389 4.74303e-322 7.69844e+218 0.7766 0.969 0.9187 0.147899 0.479739 0.523599 1.711 0.481 6.96411e+252 0 4.64095e-317 4.13003e-27 
 0.689 1.054 0.162096 4.74303e-322 7.69844e+218 0.7862 0.9815 0.9187 0.156179 0.551012 0.523599 1.667 0.506 6.96411e+252 0 4.64095e-317 4.13003e-27 
 0.703 1.063 0.212438 4.74303e-322 7.69844e+218 0.7862 0.9815 0.9187 0.14708 0.491497 0.523599 1.67 0.526 6.96411e+252 0 4.64095e-317 4.13003e-27 
 0.721 1.055 0.26797 4.74303e-322 7.69844e+218 0.7958 0.9941 0.9187 0.148045 0.644622 0.523599 1.667 0.532 6.96411e+252 0 4.64095e-317 4.13003e-27 
 0.741 1.099 0.319269 4.74303e-322 7.69844e+218 0.7958 0.9941 0.9187 0.123005 0.4109 0.523599 1.666 0.585 6.96411e+252 0 4.64095e-317 4.13003e-27 
 0.803 1.085 0.375674 4.74303e-322 7.69844e+218 0.8247 1.0319 0.9186 0.120934 0.993021 0.523599 1.648 0.558 6.96411e+252 0 4.64095e-317 4.13003e-27 
 0.817 1.071 0.430139 4.74303e-322 7.69844e+218 0.8441 1.0574 0.9185 0.146889 1.13194 0.523599 1.692 0.578 6.96411e+252 0 4.64095e-317 4.13003e-27 
 0.806 1.091 0.535913 4.74303e-322 7.69844e+218 0.8392 1.051 0.9185 0.151709 0.866987 0.523599 1.691 0.602 6.96411e+252 0 4.64095e-317 4.13003e-27 
 0.815 1.083 0.64302 4.74303e-322 7.69844e+218 0.8441 1.0574 0.9185 0.164002 1.09392 0.523599 1.639 0.632 6.96411e+252 0 4.64095e-317 4.13003e-27 
 0.809 1.064 0.729815 4.74303e-322 7.69844e+218 0.8441 1.0574 0.9185 0.188931 1.05951 0.523599 1.631 0.61 6.96411e+252 0 4.64095e-317 4.13003e-27 
 0.839 1.041 0.840987 4.74303e-322 7.69844e+218 0.8344 1.0446 0.9185 0.194191 1.27814 0.523599 1.621 0.597 6.96411e+252 0 4.64095e-317 4.13003e-27 
 0.843 1.079 0.954593 4.74303e-322 7.69844e+218 0.8344 1.0446 0.9185 0.184253 1.05223 0.523599 1.61 0.596 6.96411e+252 0 4.64095e-317 4.13003e-27 
 0.875 1.124 1.08355 4.74303e-322 7.69844e+218 0.8538 1.0701 0.9184 0.179125 0.963475 0.523599 1.633 0.637 6.96411e+252 0 4.64095e-317 4.13003e-27 
 0.858 1.142 1.18419 4.74303e-322 7.69844e+218 0.8881 1.115 0.918 0.207209 0.498418 0.408602 1.664 0.661 6.96411e+252 0 4.64095e-317 4.13003e-27 
 0.856 1.138 1.27542 4.74303e-322 7.69844e+218 0.8881 1.115 0.918 0.210507 0.431693 0.353615 1.661 0.685 6.96411e+252 0 4.64095e-317 4.13003e-27 
 0.865 1.157 1.31825 4.74303e-322 7.69844e+218 0.8881 1.115 0.918 0.20268 0.435342 0.368925 1.635 0.672 6.96411e+252 0 4.64095e-317 4.13003e-27 
 0.882 1.208 1.3618 4.74303e-322 7.69844e+218 0.898 1.1279 0.9179 0.17471 0.294436 0.294529 1.648 0.662 6.96411e+252 0 4.64095e-317 4.13003e-27 
 0.862 1.216 1.40074 4.74303e-322 7.69844e+218 0.9326 1.1732 0.9174 0.213098 -0.0500599 -0.0422595 1.603 0.657 6.96411e+252 0 4.64095e-317 4.13003e-27 
 0.869 1.223 1.42057 4.74303e-322 7.69844e+218 0.9277 1.1667 0.9175 0.202567 0.0826615 0.0733207 1.604 0.701 6.96411e+252 0 4.64095e-317 4.13003e-27 
 0.856 1.231 1.41972 4.74303e-322 7.69844e+218 0.9326 1.1732 0.9174 0.196389 -0.0653727 -0.0598458 1.627 0.722 6.96411e+252 0 4.64095e-317 4.13003e-27 
 0.854 1.269 1.42237 4.74303e-322 7.69844e+218 0.9326 1.1732 0.9174 0.164738 -0.279084 -0.295982 1.646 0.694 6.96411e+252 0 4.64095e-317 4.13003e-27 
 0.879 1.264 1.42154 4.74303e-322 7.69844e+218 0.9476 1.1927 0.9172 0.18359 -0.172196 -0.167252 1.656 0.69 6.96411e+252 0 4.64095e-317 4.13003e-27 
 0.89 1.288 1.41578 4.74303e-322 7.69844e+218 0.9576 1.2057 0.917 0.178957 -0.169188 -0.16856 1.649 0.697 6.96411e+252 0 4.64095e-317 4.13003e-27 
 0.893 1.298 1.41272 4.74303e-322 7.69844e+218 0.9726 1.2253 0.9167 0.188254 -0.254473 -0.238678 1.649 0.696 6.96411e+252 0 4.64095e-317 4.13003e-27 
 0.894 1.323 1.40364 4.74303e-322 7.69844e+218 0.9776 1.2318 0.9166 0.183837 -0.177656 -0.172225 1.616 0.741 6.96411e+252 0 4.64095e-317 4.13003e-27 
 0.886 1.352 1.37916 4.74303e-322 7.69844e+218 0.9927 1.2515 0.9164 0.183009 -0.351311 -0.332691 1.608 0.749 6.96411e+252 0 4.64095e-317 4.13003e-27 
 0.877 1.388 1.36057 4.74303e-322 7.69844e+218 1.0027 1.2646 0.9161 0.167208 -0.505451 -0.498317 1.629 0.795 6.96411e+252 0 4.64095e-317 4.13003e-27 
 0.881 1.402 1.32017 4.74303e-322 7.69844e+218 1.0128 1.2778 0.9159 0.17119 -0.566958 -0.523599 1.638 0.786 6.96411e+252 0 4.64095e-317 4.13003e-27 
 0.889 1.429 1.26635 4.74303e-322 7.69844e+218 1.0229 1.2909 0.9157 0.169433 -0.597548 -0.523599 1.634 0.783 6.96411e+252 0 4.64095e-317 4.13003e-27 
 0.894 1.43 1.20606 4.74303e-322 7.69844e+218 1.0381 1.3107 0.9153 0.188016 -0.614342 -0.523599 1.659 0.775 6.96411e+252 0 4.64095e-317 4.13003e-27 
 0.864 1.459 1.14206 4.74303e-322 7.69844e+218 1.0432 1.3173 0.9152 0.194071 -0.743272 -0.523599 1.621 0.813 6.96411e+252 0 4.64095e-317 4.13003e-27 
 0.841 1.49 1.0788 4.74303e-322 7.69844e+218 1.0432 1.3173 0.9152 0.192846 -0.883409 -0.523599 1.595 0.831 6.96411e+252 0 4.64095e-317 4.13003e-27 
 0.839 1.472 0.995011 4.74303e-322 7.69844e+218 1.0534 1.3305 0.915 0.22312 -0.856715 -0.523599 1.635 0.79 6.96411e+252 0 4.64095e-317 4.13003e-27 
 0.839 1.496 0.897078 4.74303e-322 7.69844e+218 1.0432 1.3173 0.9152 0.210753 -0.807972 -0.523599 1.6 0.788 6.96411e+252 0 4.64095e-317 4.13003e-27 
 0.864 1.522 0.809681 4.74303e-322 7.69844e+218 1.0534 1.3305 0.915 0.208134 -0.70549 -0.523599 1.584 0.774 6.96411e+252 0 4.64095e-317 4.13003e-27 
 0.843 1.542 0.72276 4.74303e-322 7.69844e+218 1.0738 1.357 0.9144 0.240391 -0.734048 -0.502566 1.596 0.792 6.96411e+252 0 4.64095e-317 4.13003e-27 
 0.82 1.572 0.648616 4.74303e-322 7.69844e+218 1.0789 1.3636 0.9143 0.254833 -0.758417 -0.4918 1.558 0.815 6.96411e+252 0 4.64095e-317 4.13003e-27 
 0.86 1.588 0.570552 4.74303e-322 7.69844e+218 1.084 1.3703 0.9141 0.226544 -0.426425 -0.326675 1.522 0.877 6.96411e+252 0 4.64095e-317 4.13003e-27 
 0.902 1.603 0.495279 4.74303e-322 7.69844e+218 1.1044 1.3968 0.9136 0.22134 -0.240866 -0.19343 1.538 0.864 6.96411e+252 0 4.64095e-317 4.13003e-27 
 0.869 1.625 0.452723 4.74303e-322 7.69844e+218 1.1301 1.43 0.9128 0.266227 -0.302699 -0.201871 1.538 0.869 6.96411e+252 0 4.64095e-317 4.13003e-27 
 0.867 1.636 0.429775 4.74303e-322 7.69844e+218 1.125 1.4234 0.9129 0.25968 -0.342625 -0.233175 1.534 0.877 6.96411e+252 0 4.64095e-317 4.13003e-27 
 0.869 1.653 0.396905 4.74303e-322 7.69844e+218 1.1301 1.43 0.9128 0.267715 -0.455644 -0.297277 1.564 0.844 6.96411e+252 0 4.64095e-317 4.13003e-27 
 0.925 1.654 0.359751 4.74303e-322 7.69844e+218 1.1404 1.4434 0.9125 0.234491 -0.208487 -0.158693 1.572 0.865 6.96411e+252 0 4.64095e-317 4.13003e-27 
 0.985 1.67 0.310228 4.74303e-322 7.69844e+218 1.161 1.47 0.9118 0.210749 0.136844 0.11635 1.52 0.88 6.96411e+252 0 4.64095e-317 4.13003e-27 
 1.004 1.699 0.297052 4.74303e-322 7.69844e+218 1.1921 1.5101 0.9107 0.222554 0.209082 0.167519 1.526 0.906 6.96411e+252 0 4.64095e-317 4.13003e-27 
 1.015 1.713 0.299785 4.74303e-322 7.69844e+218 1.2128 1.5368 0.9099 0.236262 0.273903 0.205725 1.511 0.91 6.96411e+252 0 4.64095e-317 4.13003e-27 
 1.038 1.719 0.303827 4.74303e-322 7.69844e+218 1.2232 1.5501 0.9095 0.228787 0.4402 0.333401 1.503 0.947 6.96411e+252 0 4.64095e-317 4.13003e-27 
 1.05 1.739 0.313116 4.74303e-322 7.69844e+218 1.2336 1.5635 0.9091 0.230624 0.343024 0.261592 1.509 0.94 6.96411e+252 0 4.64095e-317 4.13003e-27 
 1.067 1.768 0.349948 4.74303e-322 7.69844e+218 1.2492 1.5835 0.9085 0.235127 0.11499 0.087804 1.532 0.915 6.96411e+252 0 4.64095e-317 4.13003e-27 
 1.114 1.765 0.380197 4.74303e-322 7.69844e+218 1.2701 1.6103 0.9076 0.235838 0.432523 0.318853 1.491 0.937 6.96411e+252 0 4.64095e-317 4.13003e-27 
 1.142 1.771 0.397863 4.74303e-322 7.69844e+218 1.2858 1.6303 0.9069 0.241133 0.595912 0.41855 1.467 0.96 6.96411e+252 0 4.64095e-317 4.13003e-27 
 1.158 1.767 0.445531 4.74303e-322 7.69844e+218 1.2962 1.6437 0.9065 0.251645 0.646451 0.43312 1.463 0.96 6.96411e+252 0 4.64095e-317 4.13003e-27 
 1.155 1.807 0.506868 4.74303e-322 7.69844e+218 1.3015 1.6504 0.9062 0.253158 0.333538 0.23285 1.443 0.98 6.96411e+252 0 4.64095e-317 4.13003e-27 
 1.178 1.811 0.570676 4.74303e-322 7.69844e+218 1.3224 1.6771 0.9053 0.273083 0.371914 0.240403 1.422 0.992 6.96411e+252 0 4.64095e-317 4.13003e-27 
 1.192 1.811 0.601742 4.74303e-322 7.69844e+218 1.3329 1.6904 0.9048 0.284428 0.426973 0.263907 1.411 1.008 6.96411e+252 0 4.64095e-317 4.13003e-27 
 1.187 1.837 0.640441 4.74303e-322 7.69844e+218 1.3381 1.6971 0.9045 0.285566 0.207711 0.130186 1.396 1.019 6.96411e+252 0 4.64095e-317 4.13003e-27 
 1.227 1.848 0.680136 4.74303e-322 7.69844e+218 1.3486 1.7105 0.904 0.279588 0.223063 0.142634 1.38 1.023 6.96411e+252 0 4.64095e-317 4.13003e-27 
 1.252 1.853 0.6986 4.74303e-322 7.69844e+218 1.3696 1.7371 0.903 0.29542 0.271194 0.16376 1.361 1.031 6.96411e+252 0 4.64095e-317 4.13003e-27 
 1.286 1.874 0.722243 4.74303e-322 7.69844e+218 1.3801 1.7504 0.9024 0.288032 0.241146 0.149574 1.337 1.05 6.96411e+252 0 4.64095e-317 4.13003e-27 
 1.3 1.886 0.750208 4.74303e-322 7.69844e+218 1.4064 1.7837 0.901 0.309203 0.191607 0.111083 1.325 1.062 6.96411e+252 0 4.64095e-317 4.13003e-27 
 1.312 1.899 0.773307 4.74303e-322 7.69844e+218 1.4169 1.797 0.9005 0.302268 0.101811 0.0605538 1.338 1.046 6.96411e+252 0 4.64095e-317 4.13003e-27 
 1.325 1.92 0.792595 4.74303e-322 7.69844e+218 1.4275 1.8102 0.8999 0.30006 0.0338757 0.0203185 1.335 1.069 6.96411e+252 0 4.64095e-317 4.13003e-27 
 1.343 1.947 0.801704 4.74303e-322 7.69844e+218 1.4433 1.8301 0.899 0.294183 -0.0849134 -0.0519089 1.312 1.074 6.96411e+252 0 4.64095e-317 4.13003e-27 
 1.382 1.965 0.804958 4.74303e-322 7.69844e+218 1.4643 1.8566 0.8977 0.287095 -0.0626781 -0.0392771 1.304 1.076 6.96411e+252 0 4.64095e-317 4.13003e-27 
 1.392 1.988 0.803459 4.74303e-322 7.69844e+218 1.4854 1.883 0.8965 0.298041 -0.125674 -0.0757544 1.28 1.105 6.96411e+252 0 4.64095e-317 4.13003e-27 
 1.411 1.986 0.803205 4.74303e-322 7.69844e+218 1.5012 1.9028 0.8955 0.303016 -0.0827123 -0.0490939 1.269 1.09 6.96411e+252 0 4.64095e-317 4.13003e-27 
 1.432 2.029 0.800685 4.74303e-322 7.69844e+218 1.5065 1.9093 0.8951 0.273836 -0.249429 -0.162511 1.234 1.115 6.96411e+252 0 4.64095e-317 4.13003e-27 
 1.456 2.058 0.798844 4.74303e-322 7.69844e+218 1.5328 1.9422 0.8934 0.265999 -0.306227 -0.20433 1.243 1.107 6.96411e+252 0 4.64095e-317 4.13003e-27 
 1.487 2.088 0.79158 4.74303e-322 7.69844e+218 1.5591 1.9749 0.8916 0.261312 -0.333212 -0.225619 1.219 1.13 6.96411e+252 0 4.64095e-317 4.13003e-27 
 1.49 2.103 0.767248 4.74303e-322 7.69844e+218 1.5855 2.0074 0.8898 0.272316 -0.352197 -0.228727 1.223 1.108 6.96411e+252 0 4.64095e-317 4.13003e-27 
 1.498 2.122 0.731987 4.74303e-322 7.69844e+218 1.596 2.0204 0.889 0.269581 -0.372788 -0.243954 1.188 1.123 6.96411e+252 0 4.64095e-317 4.13003e-27 
 1.536 2.136 0.694216 4.74303e-322 7.69844e+218 1.6065 2.0333 0.8882 0.258189 -0.233132 -0.161122 1.181 1.165 6.96411e+252 0 4.64095e-317 4.13003e-27 
 1.558 2.154 0.655948 4.74303e-322 7.69844e+218 1.6275 2.0592 0.8866 0.246617 -0.191133 -0.13861 1.216 1.121 6.96411e+252 0 4.64095e-317 4.13003e-27 
 1.57 2.189 0.636894 4.74303e-322 7.69844e+218 1.6433 2.0785 0.8854 0.236617 -0.317699 -0.237133 1.179 1.132 6.96411e+252 0 4.64095e-317 4.13003e-27 
 1.578 2.205 0.615852 4.74303e-322 7.69844e+218 1.6696 2.1105 0.8832 0.255155 -0.258894 -0.180646 1.186 1.157 6.96411e+252 0 4.64095e-317 4.13003e-27 
 1.613 2.226 0.580696 4.74303e-322 7.69844e+218 1.68 2.1233 0.8824 0.226693 -0.248976 -0.195177 1.186 1.128 6.96411e+252 0 4.64095e-317 4.13003e-27 
 1.639 2.238 0.55676 4.74303e-322 7.69844e+218 1.7062 2.1551 0.8801 0.232612 -0.137955 -0.10635 1.158 1.155 6.96411e+252 0 4.64095e-317 4.13003e-27 
 1.646 2.265 0.530693 4.74303e-322 7.69844e+218 1.7219 2.174 0.8787 0.230798 -0.196204 -0.151842 1.166 1.148 6.96411e+252 0 4.64095e-317 4.13003e-27 
 1.679 2.281 0.51792 4.74303e-322 7.69844e+218 1.7376 2.1929 0.8773 0.217088 -0.144697 -0.119406 1.174 1.147 6.96411e+252 0 4.64095e-317 4.13003e-27 
 1.692 2.293 0.497946 4.74303e-322 7.69844e+218 1.7585 2.218 0.8753 0.224682 -0.0868587 -0.0694732 1.146 1.165 6.96411e+252 0 4.64095e-317 4.13003e-27 
 1.71 2.318 0.483266 4.74303e-322 7.69844e+218 1.7689 2.2305 0.8743 0.211834 -0.147804 -0.124938 1.141 1.158 6.96411e+252 0 4.64095e-317 4.13003e-27 
 1.721 2.332 0.473671 4.74303e-322 7.69844e+218 1.7897 2.2553 0.8723 0.21947 -0.107217 -0.0877093 1.18 1.142 6.96411e+252 0 4.64095e-317 4.13003e-27 
 1.739 2.341 0.457606 4.74303e-322 7.69844e+218 1.8001 2.2677 0.8712 0.215633 -0.0555315 -0.0463218 1.142 1.181 6.96411e+252 0 4.64095e-317 4.13003e-27 
 1.758 2.361 0.448058 4.74303e-322 7.69844e+218 1.8105 2.28 0.8702 0.205418 -0.0841335 -0.0735899 1.146 1.179 6.96411e+252 0 4.64095e-317 4.13003e-27 
 1.803 2.371 0.441023 4.74303e-322 7.69844e+218 1.826 2.2984 0.8685 0.185348 0.0230645 0.0223953 1.143 1.176 6.96411e+252 0 4.64095e-317 4.13003e-27 
 1.83 2.399 0.433772 4.74303e-322 7.69844e+218 1.8519 2.3289 0.8657 0.183385 0.0319925 0.0313916 1.149 1.182 6.96411e+252 0 4.64095e-317 4.13003e-27 
 1.835 2.398 0.432664 4.74303e-322 7.69844e+218 1.8776 2.3591 0.8628 0.205587 0.157844 0.137329 1.121 1.189 6.96411e+252 0 4.64095e-317 4.13003e-27 
 1.85 2.409 0.433842 4.74303e-322 7.69844e+218 1.8776 2.3591 0.8628 0.191103 0.119232 0.111836 1.093 1.191 6.96411e+252 0 4.64095e-317 4.13003e-27 
 1.872 2.403 0.436555 4.74303e-322 7.69844e+218 1.893 2.3771 0.861 0.194922 0.277538 0.250891 1.071 1.229 6.96411e+252 0 4.64095e-317 4.13003e-27 
 1.896 2.416 0.440888 4.74303e-322 7.69844e+218 1.8982 2.3831 0.8604 0.179913 0.278326 0.27158 1.062 1.242 6.96411e+252 0 4.64095e-317 4.13003e-27 
 1.908 2.405 0.451304 4.74303e-322 7.69844e+218 1.9136 2.4009 0.8585 0.192582 0.429388 0.381657 1.075 1.234 6.96411e+252 0 4.64095e-317 4.13003e-27 
 1.918 2.407 0.476949 4.74303e-322 7.69844e+218 1.9136 2.4009 0.8585 0.186415 0.416545 0.382411 1.048 1.232 6.96411e+252 0 4.64095e-317 4.13003e-27 
 1.941 2.419 0.520153 4.74303e-322 7.69844e+218 1.9187 2.4069 0.8579 0.175392 0.396561 0.386508 1.049 1.235 6.96411e+252 0 4.64095e-317 4.13003e-27 
 1.939 2.427 0.557457 4.74303e-322 7.69844e+218 1.934 2.4246 0.856 0.192859 0.351345 0.31687 1.067 1.246 6.96411e+252 0 4.64095e-317 4.13003e-27 
 1.96 2.448 0.599867 4.74303e-322 7.69844e+218 1.9391 2.4305 0.8553 0.178239 0.279968 0.275542 1.058 1.246 6.96411e+252 0 4.64095e-317 4.13003e-27 
 1.977 2.459 0.630767 4.74303e-322 7.69844e+218 1.9544 2.448 0.8533 0.181563 0.29051 0.28042 1.053 1.267 6.96411e+252 0 4.64095e-317 4.13003e-27 
 1.997 2.469 0.658815 4.74303e-322 7.69844e+218 1.9696 2.4655 0.8513 0.183409 0.320946 0.305143 1.044 1.286 6.96411e+252 0 4.64095e-317 4.13003e-27 
 2.007 2.477 0.689288 4.74303e-322 7.69844e+218 1.9848 2.4828 0.8492 0.192488 0.313622 0.285275 1.059 1.299 6.96411e+252 0 4.64095e-317 4.13003e-27 
 2.004 2.49 0.722822 4.74303e-322 7.69844e+218 1.9899 2.4885 0.8485 0.194327 0.203112 0.185963 1.056 1.303 6.96411e+252 0 4.64095e-317 4.13003e-27 
 2.017 2.512 0.755018 4.74303e-322 7.69844e+218 1.9949 2.4943 0.8477 0.182383 0.126487 0.124192 1.065 1.308 6.96411e+252 0 4.64095e-317 4.13003e-27 
 2.041 2.548 0.773568 4.74303e-322 7.69844e+218 2.0151 2.5171 0.8448 0.173289 0.0551866 0.057261 1.047 1.343 6.96411e+252 0 4.64095e-317 4.13003e-27 
 2.054 2.544 0.786234 4.74303e-322 7.69844e+218 2.0402 2.5453 0.8411 0.196009 0.135587 0.123875 1.01 1.361 6.96411e+252 0 4.64095e-317 4.13003e-27 
 2.057 2.553 0.792952 4.74303e-322 7.69844e+218 2.0452 2.5509 0.8403 0.195085 0.101424 0.0933097 1.003 1.362 6.96411e+252 0 4.64095e-317 4.13003e-27 
 2.06 2.557 0.807144 4.74303e-322 7.69844e+218 2.0503 2.5565 0.8395 0.196869 0.0821427 0.0749636 0.987 1.361 6.96411e+252 0 4.64095e-317 4.13003e-27 
 2.057 2.569 0.817188 4.74303e-322 7.69844e+218 2.0553 2.5621 0.8388 0.197491 0.000806196 0.000734794 0.977 1.377 6.96411e+252 0 4.64095e-317 4.13003e-27 
 2.072 2.601 0.825124 4.74303e-322 7.69844e+218 2.0602 2.5676 0.838 0.17784 -0.0837658 -0.0845808 0.956 1.386 6.96411e+252 0 4.64095e-317 4.13003e-27 
 2.088 2.618 0.827559 4.74303e-322 7.69844e+218 2.0802 2.5897 0.8348 0.182445 -0.0854073 -0.084064 0.955 1.409 6.96411e+252 0 4.64095e-317 4.13003e-27 
 2.12 2.637 0.825684 4.74303e-322 7.69844e+218 2.1001 2.6116 0.8315 0.177535 -0.0116582 -0.0118195 0.96 1.398 6.96411e+252 0 4.64095e-317 4.13003e-27 
 2.134 2.649 0.825552 4.74303e-322 7.69844e+218 2.1199 2.6333 0.8282 0.18552 0.00103763 0.00100675 0.957 1.413 6.96411e+252 0 4.64095e-317 4.13003e-27 
 2.137 2.654 0.825846 4.74303e-322 7.69844e+218 2.1347 2.6494 0.8256 0.197349 -0.0099314 -0.00905808 0.948 1.437 6.96411e+252 0 4.64095e-317 4.13003e-27 
 2.147 2.673 0.826463 4.74303e-322 7.69844e+218 2.1396 2.6547 0.8247 0.187258 -0.0501374 -0.0481568 0.945 1.421 6.96411e+252 0 4.64095e-317 4.13003e-27 
 2.154 2.693 0.826506 4.74303e-322 7.69844e+218 2.1543 2.6706 0.8221 0.188976 -0.111214 -0.105538 0.954 1.44 6.96411e+252 0 4.64095e-317 4.13003e-27 
 2.171 2.726 0.826096 4.74303e-322 7.69844e+218 2.1642 2.6812 0.8203 0.173505 -0.186033 -0.190653 0.948 1.446 6.96411e+252 0 4.64095e-317 4.13003e-27 
 2.177 2.752 0.824455 4.74303e-322 7.69844e+218 2.1886 2.7073 0.8157 0.183196 -0.279979 -0.268454 0.987 1.441 6.96411e+252 0 4.64095e-317 4.13003e-27 
 2.189 2.749 0.81928 4.74303e-322 7.69844e+218 2.2032 2.7228 0.8128 0.194011 -0.200412 -0.18384 0.967 1.447 6.96411e+252 0 4.64095e-317 4.13003e-27 
 2.196 2.782 0.799244 4.74303e-322 7.69844e+218 2.2081 2.728 0.8119 0.179379 -0.309308 -0.300951 0.947 1.457 6.96411e+252 0 4.64095e-317 4.13003e-27 
 2.186 2.807 0.779427 4.74303e-322 7.69844e+218 2.2275 2.7484 0.808 0.19433 -0.447733 -0.393128 0.945 1.488 6.96411e+252 0 4.64095e-317 4.13003e-27 
 2.203 2.84 0.746861 4.74303e-322 7.69844e+218 2.2372 2.7585 0.806 0.181168 -0.505664 -0.465569 0.919 1.491 6.96411e+252 0 4.64095e-317 4.13003e-27 
 2.224 2.838 0.700152 4.74303e-322 7.69844e+218 2.2614 2.7836 0.801 0.196224 -0.331484 -0.295193 0.935 1.486 6.96411e+252 0 4.64095e-317 4.13003e-27 
 2.234 2.844 0.647467 4.74303e-322 7.69844e+218 2.271 2.7935 0.7989 0.198495 -0.253011 -0.225533 0.958 1.497 6.96411e+252 0 4.64095e-317 4.13003e-27 
 2.243 2.852 0.616612 4.74303e-322 7.69844e+218 2.2758 2.7985 0.7979 0.194952 -0.222199 -0.20235 0.954 1.497 6.96411e+252 0 4.64095e-317 4.13003e-27 
 2.268 2.847 0.590606 4.74303e-322 7.69844e+218 2.2854 2.8083 0.7958 0.191029 -0.057771 -0.0543821 0.967 1.535 6.96411e+252 0 4.64095e-317 4.13003e-27 
 2.271 2.867 0.568216 4.74303e-322 7.69844e+218 2.295 2.8181 0.7936 0.191145 -0.118737 -0.111351 0.958 1.522 6.96411e+252 0 4.64095e-317 4.13003e-27 
 2.289 2.904 0.562466 4.74303e-322 7.69844e+218 2.3094 2.8327 0.7904 0.181078 -0.236843 -0.231223 0.956 1.517 6.96411e+252 0 4.64095e-317 4.13003e-27 
 2.301 2.915 0.550329 4.74303e-322 7.69844e+218 2.3333 2.8567 0.7848 0.193428 -0.190948 -0.175856 0.949 1.525 6.96411e+252 0 4.64095e-317 4.13003e-27 
 2.332 2.929 0.525317 4.74303e-322 7.69844e+218 2.3475 2.8709 0.7814 0.182543 -0.115831 -0.113725 0.935 1.543 6.96411e+252 0 4.64095e-317 4.13003e-27 
 2.331 2.943 0.507881 4.74303e-322 7.69844e+218 2.3665 2.8897 0.7767 0.197231 -0.133028 -0.120815 0.931 1.573 6.96411e+252 0 4.64095e-317 4.13003e-27 
 2.351 2.945 0.495376 4.74303e-322 7.69844e+218 2.376 2.899 0.7743 0.192578 -0.0479447 -0.0447831 0.936 1.587 6.96411e+252 0 4.64095e-317 4.13003e-27 
 2.366 2.942 0.481126 4.74303e-322 7.69844e+218 2.3855 2.9082 0.7719 0.192661 0.054674 0.0510365 0.944 1.596 6.96411e+252 0 4.64095e-317 4.13003e-27 
 2.394 2.949 0.475146 4.74303e-322 7.69844e+218 2.3902 2.9128 0.7707 0.176518 0.115014 0.116749 0.938 1.632 6.96411e+252 0 4.64095e-317 4.13003e-27 
 2.413 2.955 0.476661 4.74303e-322 7.69844e+218 2.409 2.931 0.7658 0.180806 0.184375 0.181533 0.907 1.657 6.96411e+252 0 4.64095e-317 4.13003e-27 
 2.414 2.97 0.478937 4.74303e-322 7.69844e+218 2.4231 2.9446 0.762 0.189144 0.128668 0.121841 0.923 1.66 6.96411e+252 0 4.64095e-317 4.13003e-27 
 2.41 2.977 0.480624 4.74303e-322 7.69844e+218 2.4325 2.9535 0.7594 0.198717 0.0949293 0.0857769 0.939 1.672 6.96411e+252 0 4.64095e-317 4.13003e-27 
 2.418 2.99 0.483965 4.74303e-322 7.69844e+218 2.4325 2.9535 0.7594 0.189344 0.0367497 0.034922 0.933 1.692 6.96411e+252 0 4.64095e-317 4.13003e-27 
 2.446 3.011 0.485257 4.74303e-322 7.69844e+218 2.4419 2.9624 0.7569 0.173435 0.0142542 0.0147926 0.943 1.725 6.96411e+252 0 4.64095e-317 4.13003e-27 
 2.475 3.018 0.488268 4.74303e-322 7.69844e+218 2.4699 2.9887 0.7489 0.179696 0.125816 0.125368 0.933 1.717 6.96411e+252 0 4.64095e-317 4.13003e-27 
 2.496 3.023 0.490465 4.74303e-322 7.69844e+218 2.4885 3.0059 0.7434 0.182767 0.200279 0.194747 0.954 1.719 6.96411e+252 0 4.64095e-317 4.13003e-27 
 2.508 3.041 0.497866 4.74303e-322 7.69844e+218 2.5025 3.0187 0.7392 0.182723 0.150265 0.146958 0.992 1.72 6.96411e+252 0 4.64095e-317 4.13003e-27 
 2.53 3.055 0.514476 4.74303e-322 7.69844e+218 2.5164 3.0313 0.7349 0.177852 0.148341 0.14902 0.98 1.728 6.96411e+252 0 4.64095e-317 4.13003e-27 
 2.533 3.056 0.529074 4.74303e-322 7.69844e+218 2.5349 3.048 0.7291 0.194188 0.167565 0.154091 0.964 1.753 6.96411e+252 0 4.64095e-317 4.13003e-27 
 2.548 3.07 0.544386 4.74303e-322 7.69844e+218 2.5395 3.0521 0.7276 0.184486 0.128578 0.124799 0.988 1.743 6.96411e+252 0 4.64095e-317 4.13003e-27 
 2.568 3.09 0.562096 4.74303e-322 7.69844e+218 2.5533 3.0644 0.7232 0.178287 0.0836471 0.0842509 1.011 1.725 6.96411e+252 0 4.64095e-317 4.13003e-27 
 2.567 3.097 0.573756 4.74303e-322 7.69844e+218 2.5763 3.0845 0.7155 0.198706 0.0516602 0.0467628 1.007 1.772 6.96411e+252 0 4.64095e-317 4.13003e-27 
 2.584 3.109 0.582094 4.74303e-322 7.69844e+218 2.5763 3.0845 0.7155 0.183666 0.0364238 0.0356817 0.986 1.813 6.96411e+252 0 4.64095e-317 4.13003e-27 
 2.594 3.132 0.58907 4.74303e-322 7.69844e+218 2.5946 3.1004 0.7092 0.186222 -0.0498156 -0.0481139 0.974 1.831 6.96411e+252 0 4.64095e-317 4.13003e-27 
 2.613 3.161 0.593234 4.74303e-322 7.69844e+218 2.6083 3.1121 0.7044 0.176394 -0.141314 -0.143216 0.984 1.825 6.96411e+252 0 4.64095e-317 4.13003e-27 
 2.625 3.175 0.592876 4.74303e-322 7.69844e+218 2.6357 3.1352 0.6945 0.189699 -0.154417 -0.145487 0.965 1.865 6.96411e+252 0 4.64095e-317 4.13003e-27 
 2.646 3.187 0.590641 4.74303e-322 7.69844e+218 2.6493 3.1465 0.6894 0.184954 -0.135268 -0.130892 1.009 1.874 6.96411e+252 0 4.64095e-317 4.13003e-27 
 2.665 3.208 0.588219 4.74303e-322 7.69844e+218 2.6674 3.1614 0.6825 0.182253 -0.173215 -0.169433 1.017 1.875 6.96411e+252 0 4.64095e-317 4.13003e-27 
 2.671 3.204 0.58574 4.74303e-322 7.69844e+218 2.6901 3.1796 0.6736 0.201287 -0.110915 -0.0988619 1.01 1.91 6.96411e+252 0 4.64095e-317 4.13003e-27 
 2.668 3.218 0.579236 4.74303e-322 7.69844e+218 2.6901 3.1796 0.6736 0.197968 -0.194574 -0.175102 1.004 1.93 6.96411e+252 0 4.64095e-317 4.13003e-27 
 2.68 3.227 0.571048 4.74303e-322 7.69844e+218 2.6946 3.1832 0.6718 0.191367 -0.193882 -0.180383 0.994 1.921 6.96411e+252 0 4.64095e-317 4.13003e-27 
 2.716 3.24 0.552381 4.74303e-322 7.69844e+218 2.7081 3.1939 0.6663 0.176457 -0.118501 -0.120297 0.999 1.905 6.96411e+252 0 4.64095e-317 4.13003e-27 
 2.751 3.26 0.532058 4.74303e-322 7.69844e+218 2.7351 3.2149 0.655 0.171965 -0.0795188 -0.0830429 1 1.935 6.96411e+252 0 4.64095e-317 4.13003e-27 
 2.765 3.275 0.519327 4.74303e-322 7.69844e+218 2.7665 3.2388 0.6413 0.186559 -0.0860251 -0.0828108 1.056 1.893 6.96411e+252 0 4.64095e-317 4.13003e-27 
 2.778 3.292 0.511444 4.74303e-322 7.69844e+218 2.7843 3.252 0.6333 0.188604 -0.125252 -0.118973 1.05 1.931 6.96411e+252 0 4.64095e-317 4.13003e-27 
 2.798 3.294 0.502122 4.74303e-322 7.69844e+218 2.7977 3.2618 0.6271 0.187047 -0.0543741 -0.052278 1.077 1.945 6.96411e+252 0 4.64095e-317 4.13003e-27 
 2.797 3.31 0.489278 4.74303e-322 7.69844e+218 2.8111 3.2714 0.6209 0.194525 -0.130776 -0.120426 1.026 1.997 6.96411e+252 0 4.64095e-317 4.13003e-27 
 2.811 3.326 0.481767 4.74303e-322 7.69844e+218 2.82 3.2778 0.6166 0.18833 -0.17178 -0.16273 1.037 1.982 6.96411e+252 0 4.64095e-317 4.13003e-27 
 2.838 3.328 0.468388 4.74303e-322 7.69844e+218 2.8377 3.2903 0.608 0.185618 -0.0758028 -0.0733766 1.051 1.974 6.96411e+252 0 4.64095e-317 4.13003e-27 
 2.866 3.311 0.451736 4.74303e-322 7.69844e+218 2.8554 3.3025 0.5992 0.188122 0.143543 0.136492 1.095 1.967 6.96411e+252 0 4.64095e-317 4.13003e-27 
 2.881 3.323 0.444432 4.74303e-322 7.69844e+218 2.8687 3.3115 0.5924 0.18604 0.129891 0.125018 1.104 1.971 6.96411e+252 0 4.64095e-317 4.13003e-27 
 2.901 3.342 0.448047 4.74303e-322 7.69844e+218 2.8819 3.3204 0.5856 0.178632 0.0758559 0.0762883 1.115 1.978 6.96411e+252 0 4.64095e-317 4.13003e-27 
 2.907 3.343 0.449867 4.74303e-322 7.69844e+218 2.904 3.3349 0.5739 0.193871 0.0969822 0.0898011 1.115 1.98 6.96411e+252 0 4.64095e-317 4.13003e-27 
 2.925 3.335 0.450866 4.74303e-322 7.69844e+218 2.9084 3.3377 0.5715 0.188662 0.201287 0.189736 1.118 2.016 6.96411e+252 0 4.64095e-317 4.13003e-27 
 2.946 3.333 0.453493 4.74303e-322 7.69844e+218 2.9172 3.3434 0.5667 0.183654 0.279461 0.267345 1.12 2.034 6.96411e+252 0 4.64095e-317 4.13003e-27 
 2.962 3.36 0.46006 4.74303e-322 7.69844e+218 2.9347 3.3544 0.557 0.179479 0.158755 0.15789 1.136 2.041 6.96411e+252 0 4.64095e-317 4.13003e-27 
 2.961 3.383 0.480329 4.74303e-322 7.69844e+218 2.9566 3.3679 0.5445 0.19165 -0.00638749 -0.00599913 1.141 2.028 6.96411e+252 0 4.64095e-317 4.13003e-27 
 2.975 3.392 0.494416 4.74303e-322 7.69844e+218 2.9654 3.3732 0.5394 0.187146 -0.0326593 -0.0314018 1.138 2.075 6.96411e+252 0 4.64095e-317 4.13003e-27 
 2.997 3.418 0.497161 4.74303e-322 7.69844e+218 2.9829 3.3836 0.5291 0.179114 -0.12895 -0.128869 1.133 2.054 6.96411e+252 0 4.64095e-317 4.13003e-27 
 3.015 3.43 0.496906 4.74303e-322 7.69844e+218 3.009 3.3987 0.5131 0.185535 -0.152919 -0.147283 1.166 2.082 6.96411e+252 0 4.64095e-317 4.13003e-27 
 3.031 3.437 0.495132 4.74303e-322 7.69844e+218 3.0265 3.4084 0.5023 0.187467 -0.151269 -0.144235 1.176 2.112 6.96411e+252 0 4.64095e-317 4.13003e-27 
 3.048 3.437 0.492963 4.74303e-322 7.69844e+218 3.0438 3.4178 0.4911 0.190794 -0.10482 -0.0985693 1.181 2.135 6.96411e+252 0 4.64095e-317 4.13003e-27 
 3.065 3.458 0.490336 4.74303e-322 7.69844e+218 3.0569 3.4248 0.4827 0.18375 -0.185856 -0.180091 1.206 2.119 6.96411e+252 0 4.64095e-317 4.13003e-27 
 3.091 3.467 0.48796 4.74303e-322 7.69844e+218 3.0785 3.4359 0.4682 0.181561 -0.17321 -0.170062 1.202 2.126 6.96411e+252 0 4.64095e-317 4.13003e-27 
 3.123 3.48 0.475356 4.74303e-322 7.69844e+218 3.1002 3.4467 0.4534 0.174275 -0.160387 -0.164165 1.247 2.124 6.96411e+252 0 4.64095e-317 4.13003e-27 
 3.127 3.493 0.459583 4.74303e-322 7.69844e+218 3.1304 3.4611 0.4321 0.192405 -0.236947 -0.218143 1.246 2.131 6.96411e+252 0 4.64095e-317 4.13003e-27 
 3.151 3.5 0.44296 4.74303e-322 7.69844e+218 3.139 3.4651 0.4259 0.181572 -0.203465 -0.199032 1.27 2.106 6.96411e+252 0 4.64095e-317 4.13003e-27 
 3.167 3.503 0.419553 4.74303e-322 7.69844e+218 3.1605 3.4747 0.4101 0.187565 -0.171035 -0.162686 1.26 2.139 6.96411e+252 0 4.64095e-317 4.13003e-27 
 3.197 3.509 0.397841 4.74303e-322 7.69844e+218 3.1777 3.4821 0.3972 0.179572 -0.122199 -0.121883 1.261 2.166 6.96411e+252 0 4.64095e-317 4.13003e-27 
 3.203 3.523 0.381153 4.74303e-322 7.69844e+218 3.2035 3.4926 0.3774 0.192543 -0.198871 -0.183817 1.28 2.17 6.96411e+252 0 4.64095e-317 4.13003e-27 
 3.218 3.526 0.368839 4.74303e-322 7.69844e+218 3.2121 3.496 0.3707 0.188457 -0.176427 -0.166942 1.253 2.192 6.96411e+252 0 4.64095e-317 4.13003e-27 
 3.22 3.537 0.34816 4.74303e-322 7.69844e+218 3.2249 3.501 0.3606 0.195041 -0.228247 -0.20761 1.251 2.217 6.96411e+252 0 4.64095e-317 4.13003e-27 
 3.245 3.551 0.328869 4.74303e-322 7.69844e+218 3.2335 3.5042 0.3537 0.181793 -0.254791 -0.247121 1.27 2.212 6.96411e+252 0 4.64095e-317 4.13003e-27 
 3.261 3.562 0.303316 4.74303e-322 7.69844e+218 3.2592 3.5134 0.3328 0.189109 -0.282198 -0.262412 1.272 2.198 6.96411e+252 0 4.64095e-317 4.13003e-27 
 3.283 3.56 0.277126 4.74303e-322 7.69844e+218 3.2763 3.5192 0.3186 0.187612 -0.211786 -0.200464 1.307 2.186 6.96411e+252 0 4.64095e-317 4.13003e-27 
 3.307 3.557 0.248171 4.74303e-322 7.69844e+218 3.2933 3.5247 0.3042 0.184489 -0.131286 -0.127398 1.311 2.232 6.96411e+252 0 4.64095e-317 4.13003e-27 
 3.319 3.575 0.226719 4.74303e-322 7.69844e+218 3.3147 3.5313 0.2858 0.190154 -0.219746 -0.205086 1.31 2.261 6.96411e+252 0 4.64095e-317 4.13003e-27 
 3.335 3.594 0.212871 4.74303e-322 7.69844e+218 3.3317 3.5362 0.2709 0.189821 -0.317415 -0.292367 1.299 2.256 6.96411e+252 0 4.64095e-317 4.13003e-27 
 3.355 3.6 0.188812 4.74303e-322 7.69844e+218 3.3488 3.5408 0.2558 0.188443 -0.316244 -0.293359 1.343 2.269 6.96411e+252 0 4.64095e-317 4.13003e-27 
 3.375 3.612 0.154877 4.74303e-322 7.69844e+218 3.3701 3.5462 0.2366 0.190182 -0.347644 -0.317873 1.361 2.276 6.96411e+252 0 4.64095e-317 4.13003e-27 
 3.378 3.621 0.121783 4.74303e-322 7.69844e+218 3.3871 3.5502 0.2211 0.201434 -0.367133 -0.317004 1.355 2.288 6.96411e+252 0 4.64095e-317 4.13003e-27 
 3.393 3.619 0.0852871 4.74303e-322 7.69844e+218 3.3956 3.5521 0.2132 0.197738 -0.30838 -0.273673 1.358 2.302 6.96411e+252 0 4.64095e-317 4.13003e-27 
 3.404 3.614 0.0490879 4.74303e-322 7.69844e+218 3.4083 3.5548 0.2014 0.199771 -0.230114 -0.204443 1.357 2.296 6.96411e+252 0 4.64095e-317 4.13003e-27 
 3.43 3.609 0.0188793 4.74303e-322 7.69844e+218 3.4168 3.5565 0.1934 0.187258 -0.16453 -0.156854 1.36 2.303 6.96411e+252 0 4.64095e-317 4.13003e-27 
 3.446 3.626 -0.00458849 4.74303e-322 7.69844e+218 3.4381 3.5605 0.1733 0.192561 -0.247326 -0.2272 1.363 2.298 6.96411e+252 0 4.64095e-317 4.13003e-27 
 3.469 3.627 -0.0218084 4.74303e-322 7.69844e+218 3.4551 3.5634 0.1571 0.188855 -0.237477 -0.222592 1.403 2.285 6.96411e+252 0 4.64095e-317 4.13003e-27 
 3.467 3.652 -0.0474369 4.74303e-322 7.69844e+218 3.4763 3.5665 0.1366 0.208755 -0.355244 -0.297236 1.385 2.326 6.96411e+252 0 4.64095e-317 4.13003e-27 
 3.467 3.664 -0.0729576 4.74303e-322 7.69844e+218 3.4805 3.5671 0.1324 0.213777 -0.394796 -0.320927 1.396 2.325 6.96411e+252 0 4.64095e-317 4.13003e-27 
 3.497 3.656 -0.112311 4.74303e-322 7.69844e+218 3.4805 3.5671 0.1324 0.191714 -0.33648 -0.305999 1.431 2.349 6.96411e+252 0 4.64095e-317 4.13003e-27 
 3.508 3.645 -0.153819 4.74303e-322 7.69844e+218 3.506 3.5703 0.1075 0.201281 -0.206403 -0.182526 1.451 2.366 6.96411e+252 0 4.64095e-317 4.13003e-27 
 3.553 3.651 -0.185866 4.74303e-322 7.69844e+218 3.5187 3.5716 0.0949 0.179995 -0.267913 -0.261772 1.437 2.392 6.96411e+252 0 4.64095e-317 4.13003e-27 
 3.578 3.651 -0.205122 4.74303e-322 7.69844e+218 3.5569 3.5746 0.0567 0.190947 -0.2456 -0.227511 1.437 2.399 6.96411e+252 0 4.64095e-317 4.13003e-27 
 3.6 3.652 -0.234665 4.74303e-322 7.69844e+218 3.5781 3.5756 0.0354 0.191608 -0.238066 -0.220023 1.448 2.378 6.96411e+252 0 4.64095e-317 4.13003e-27 
 3.613 3.648 -0.259428 4.74303e-322 7.69844e+218 3.6035 3.5762 0.0096 0.200536 -0.183599 -0.16333 1.436 2.385 6.96411e+252 0 4.64095e-317 4.13003e-27 
 3.624 3.637 -0.284799 4.74303e-322 7.69844e+218 3.612 3.5763 0.0009 0.196361 -0.1009 -0.092231 1.464 2.415 6.96411e+252 0 4.64095e-317 4.13003e-27 
 3.653 3.644 -0.303245 4.74303e-322 7.69844e+218 3.6205 3.5763 -0.0077 0.184434 -0.181463 -0.175283 1.479 2.432 6.96411e+252 0 4.64095e-317 4.13003e-27 
 3.658 3.642 -0.313394 4.74303e-322 7.69844e+218 3.6501 3.5756 -0.038 0.202562 -0.134839 -0.119252 1.487 2.45 6.96411e+252 0 4.64095e-317 4.13003e-27 
 3.676 3.643 -0.330894 4.74303e-322 7.69844e+218 3.6544 3.5755 -0.0424 0.19366 -0.160334 -0.147936 1.486 2.434 6.96411e+252 0 4.64095e-317 4.13003e-27 
 3.686 3.656 -0.344518 4.74303e-322 7.69844e+218 3.6714 3.5746 -0.0597 0.203387 -0.227384 -0.198584 1.473 2.449 6.96411e+252 0 4.64095e-317 4.13003e-27 
 3.709 3.658 -0.361072 4.74303e-322 7.69844e+218 3.6798 3.5741 -0.0684 0.195039 -0.272081 -0.246015 1.506 2.45 6.96411e+252 0 4.64095e-317 4.13003e-27 
 3.728 3.655 -0.386386 4.74303e-322 7.69844e+218 3.7011 3.5725 -0.0901 0.197449 -0.251683 -0.225537 1.52 2.461 6.96411e+252 0 4.64095e-317 4.13003e-27 
 3.749 3.639 -0.415267 4.74303e-322 7.69844e+218 3.7181 3.5708 -0.1074 0.190954 -0.1675 -0.156599 1.501 2.473 6.96411e+252 0 4.64095e-317 4.13003e-27 
 3.765 3.641 -0.44046 4.74303e-322 7.69844e+218 3.7393 3.5684 -0.129 0.196962 -0.171217 -0.155213 1.529 2.49 6.96411e+252 0 4.64095e-317 4.13003e-27 
 3.787 3.623 -0.456864 4.74303e-322 7.69844e+218 3.7563 3.566 -0.1462 0.189089 -0.0980997 -0.0931144 1.541 2.514 6.96411e+252 0 4.64095e-317 4.13003e-27 
 3.803 3.627 -0.474381 4.74303e-322 7.69844e+218 3.7776 3.5627 -0.1677 0.196221 -0.125625 -0.114734 1.564 2.526 6.96411e+252 0 4.64095e-317 4.13003e-27 
 3.81 3.618 -0.484575 4.74303e-322 7.69844e+218 3.7903 3.5605 -0.1805 0.197912 -0.0699951 -0.0635743 1.562 2.516 6.96411e+252 0 4.64095e-317 4.13003e-27 
 3.842 3.607 -0.495577 4.74303e-322 7.69844e+218 3.7989 3.5589 -0.189 0.180078 -0.0945535 -0.0942328 1.574 2.544 6.96411e+252 0 4.64095e-317 4.13003e-27 
 3.886 3.601 -0.503768 4.74303e-322 7.69844e+218 3.8287 3.5528 -0.2186 0.173136 -0.169984 -0.174916 1.582 2.532 6.96411e+252 0 4.64095e-317 4.13003e-27 
 3.902 3.578 -0.515097 4.74303e-322 7.69844e+218 3.8714 3.5425 -0.2602 0.18693 -0.0334121 -0.0321624 1.596 2.527 6.96411e+252 0 4.64095e-317 4.13003e-27 
 3.932 3.565 -0.531778 4.74303e-322 7.69844e+218 3.8885 3.5378 -0.2767 0.176286 -0.033817 -0.0345157 1.631 2.519 6.96411e+252 0 4.64095e-317 4.13003e-27 
 3.938 3.558 -0.536267 4.74303e-322 7.69844e+218 3.9227 3.5276 -0.3091 0.196507 0.0205003 0.018776 1.652 2.534 6.96411e+252 0 4.64095e-317 4.13003e-27 
 3.955 3.557 -0.541664 4.74303e-322 7.69844e+218 3.927 3.5262 -0.3131 0.188917 -0.0265688 -0.0253093 1.64 2.569 6.96411e+252 0 4.64095e-317 4.13003e-27 
 3.981 3.532 -0.543333 4.74303e-322 7.69844e+218 3.9441 3.5206 -0.329 0.176541 0.0373297 0.0380428 1.682 2.59 6.96411e+252 0 4.64095e-317 4.13003e-27 
 4 3.52 -0.546538 4.74303e-322 7.69844e+218 3.9742 3.5099 -0.3564 0.184001 0.0590459 0.0576979 1.674 2.584 6.96411e+252 0 4.64095e-317 4.13003e-27 
 4.011 3.506 -0.5457 4.74303e-322 7.69844e+218 3.9914 3.5034 -0.3718 0.185581 0.10765 0.104036 1.68 2.583 6.96411e+252 0 4.64095e-317 4.13003e-27 
 4.027 3.522 -0.544577 4.74303e-322 7.69844e+218 4.0086 3.4965 -0.387 0.195751 -0.0383499 -0.0352494 1.689 2.583 6.96411e+252 0 4.64095e-317 4.13003e-27 
 4.044 3.52 -0.543419 4.74303e-322 7.69844e+218 4.0172 3.493 -0.3944 0.191464 -0.0872448 -0.0818378 1.677 2.591 6.96411e+252 0 4.64095e-317 4.13003e-27 
 4.042 3.514 -0.544926 4.74303e-322 7.69844e+218 4.0302 3.4876 -0.4054 0.200754 -0.0391689 -0.0351051 1.691 2.606 6.96411e+252 0 4.64095e-317 4.13003e-27 
 4.067 3.514 -0.546565 4.74303e-322 7.69844e+218 4.0302 3.4876 -0.4054 0.185488 -0.130337 -0.125812 1.705 2.618 6.96411e+252 0 4.64095e-317 4.13003e-27 
 4.077 3.5 -0.54921 4.74303e-322 7.69844e+218 4.0517 3.4781 -0.4233 0.191192 -0.0783516 -0.0736316 1.738 2.635 6.96411e+252 0 4.64095e-317 4.13003e-27 
 4.093 3.485 -0.557081 4.74303e-322 7.69844e+218 4.0647 3.4722 -0.4338 0.185954 -0.0409741 -0.0396413 1.754 2.635 6.96411e+252 0 4.64095e-317 4.13003e-27 
 4.109 3.475 -0.56409 4.74303e-322 7.69844e+218 4.082 3.4641 -0.4475 0.186287 -0.0333117 -0.0321763 1.761 2.64 6.96411e+252 0 4.64095e-317 4.13003e-27 
 4.124 3.467 -0.568755 4.74303e-322 7.69844e+218 4.0992 3.4557 -0.4608 0.18808 -0.0372951 -0.0356778 1.762 2.656 6.96411e+252 0 4.64095e-317 4.13003e-27 
 4.141 3.475 -0.573206 4.74303e-322 7.69844e+218 4.1165 3.4471 -0.4739 0.195434 -0.139507 -0.12779 1.786 2.676 6.96411e+252 0 4.64095e-317 4.13003e-27 
 4.165 3.484 -0.579434 4.74303e-322 7.69844e+218 4.1251 3.4426 -0.4803 0.192429 -0.274548 -0.251383 1.792 2.677 6.96411e+252 0 4.64095e-317 4.13003e-27 
 4.198 3.475 -0.592802 4.74303e-322 7.69844e+218 4.1381 3.4358 -0.4898 0.18046 -0.342014 -0.328761 1.794 2.647 6.96411e+252 0 4.64095e-317 4.13003e-27 
 4.217 3.447 -0.624293 4.74303e-322 7.69844e+218 4.1682 3.4194 -0.5113 0.182505 -0.226625 -0.2199 1.765 2.685 6.96411e+252 0 4.64095e-317 4.13003e-27 
 4.225 3.436 -0.659647 4.74303e-322 7.69844e+218 4.194 3.4046 -0.5292 0.194984 -0.152929 -0.14025 1.804 2.706 6.96411e+252 0 4.64095e-317 4.13003e-27 
 4.212 3.423 -0.68011 4.74303e-322 7.69844e+218 4.2026 3.3996 -0.535 0.203295 -0.00173491 -0.00153612 1.818 2.689 6.96411e+252 0 4.64095e-317 4.13003e-27 
 4.215 3.431 -0.694369 4.74303e-322 7.69844e+218 4.1983 3.4021 -0.5321 0.201594 -0.0421209 -0.0375914 1.826 2.707 6.96411e+252 0 4.64095e-317 4.13003e-27 
 4.229 3.425 -0.696754 4.74303e-322 7.69844e+218 4.1983 3.4021 -0.5321 0.191022 -0.0720703 -0.0678077 1.82 2.704 6.96411e+252 0 4.64095e-317 4.13003e-27 
 4.241 3.403 -0.70211 4.74303e-322 7.69844e+218 4.2112 3.3945 -0.5408 0.184773 0.00173218 0.00168743 1.836 2.732 6.96411e+252 0 4.64095e-317 4.13003e-27 
 4.288 3.372 -0.708042 4.74303e-322 7.69844e+218 4.2283 3.3841 -0.5522 0.158778 -0.0375955 -0.0425945 1.848 2.76 6.96411e+252 0 4.64095e-317 4.13003e-27 
 4.324 3.357 -0.710537 4.74303e-322 7.69844e+218 4.2752 3.3543 -0.5825 0.172878 -0.095194 -0.0987929 1.859 2.758 6.96411e+252 0 4.64095e-317 4.13003e-27 
 4.338 3.342 -0.714361 4.74303e-322 7.69844e+218 4.3091 3.3316 -0.6037 0.187928 -0.0612543 -0.0586032 1.873 2.762 6.96411e+252 0 4.64095e-317 4.13003e-27 
 4.338 3.301 -0.722056 4.74303e-322 7.69844e+218 4.3217 3.3228 -0.6115 0.1794 0.163338 0.162441 1.891 2.772 6.96411e+252 0 4.64095e-317 4.13003e-27 
 4.36 3.3 -0.728297 4.74303e-322 7.69844e+218 4.3427 3.3079 -0.6242 0.18561 0.0775345 0.0750496 1.883 2.802 6.96411e+252 0 4.64095e-317 4.13003e-27 
 4.377 3.3 -0.724256 4.74303e-322 7.69844e+218 4.3594 3.2958 -0.6343 0.191593 -0.00133178 -0.0012512 1.912 2.782 6.96411e+252 0 4.64095e-317 4.13003e-27 
 4.374 3.304 -0.723269 4.74303e-322 7.69844e+218 4.3677 3.2897 -0.6393 0.202761 -0.00731583 -0.00649449 1.924 2.781 6.96411e+252 0 4.64095e-317 4.13003e-27 
 4.382 3.278 -0.723747 4.74303e-322 7.69844e+218 4.3635 3.2927 -0.6368 0.182003 0.0889915 0.0877858 1.921 2.805 6.96411e+252 0 4.64095e-317 4.13003e-27 
 4.411 3.289 -0.723538 4.74303e-322 7.69844e+218 4.3843 3.2772 -0.6491 0.190744 -0.0991462 -0.0932901 1.944 2.802 6.96411e+252 0 4.64095e-317 4.13003e-27 
 4.407 3.282 -0.722481 4.74303e-322 7.69844e+218 4.3967 3.2678 -0.6564 0.200837 -0.0447271 -0.0400652 1.965 2.84 6.96411e+252 0 4.64095e-317 4.13003e-27 
 4.417 3.272 -0.72378 4.74303e-322 7.69844e+218 4.3967 3.2678 -0.6564 0.190518 -0.0388969 -0.036733 1.955 2.843 6.96411e+252 0 4.64095e-317 4.13003e-27 
 4.416 3.284 -0.724781 4.74303e-322 7.69844e+218 4.409 3.2582 -0.6637 0.208465 -0.0922485 -0.0794847 1.969 2.863 6.96411e+252 0 4.64095e-317 4.13003e-27 
 4.445 3.249 -0.727157 4.74303e-322 7.69844e+218 4.4008 3.2646 -0.6588 0.167914 -0.0492467 -0.0527425 1.995 2.87 6.96411e+252 0 4.64095e-317 4.13003e-27 
 4.468 3.228 -0.732006 4.74303e-322 7.69844e+218 4.4336 3.2388 -0.678 0.175804 -0.0446369 -0.0456707 1.989 2.862 6.96411e+252 0 4.64095e-317 4.13003e-27 
 4.484 3.209 -0.735458 4.74303e-322 7.69844e+218 4.4579 3.219 -0.6921 0.180797 -0.0219067 -0.0218067 1.996 2.891 6.96411e+252 0 4.64095e-317 4.13003e-27 
 4.511 3.224 -0.739138 4.74303e-322 7.69844e+218 4.478 3.2021 -0.7037 0.19353 -0.222931 -0.204448 1.995 2.942 6.96411e+252 0 4.64095e-317 4.13003e-27 
 4.516 3.191 -0.745103 4.74303e-322 7.69844e+218 4.486 3.1953 -0.7084 0.181742 -0.0787886 -0.0778754 1.988 2.939 6.96411e+252 0 4.64095e-317 4.13003e-27 
 4.534 3.185 -0.766645 4.74303e-322 7.69844e+218 4.5059 3.1782 -0.7198 0.188672 -0.115914 -0.110138 2.014 2.945 6.96411e+252 0 4.64095e-317 4.13003e-27 
 4.54 3.199 -0.774335 4.74303e-322 7.69844e+218 4.5177 3.1677 -0.7267 0.20473 -0.201613 -0.175438 2.027 2.959 6.96411e+252 0 4.64095e-317 4.13003e-27 
 4.552 3.157 -0.787986 4.74303e-322 7.69844e+218 4.5138 3.1712 -0.7244 0.172635 -0.049193 -0.0512468 2.047 2.947 6.96411e+252 0 4.64095e-317 4.13003e-27 
 4.557 3.132 -0.804227 4.74303e-322 7.69844e+218 4.5412 3.1466 -0.7403 0.183902 0.0630218 0.0616066 2.069 2.957 6.96411e+252 0 4.64095e-317 4.13003e-27 
 4.606 3.125 -0.808265 4.74303e-322 7.69844e+218 4.5567 3.1324 -0.7493 0.171243 -0.150074 -0.15646 2.052 2.963 6.96411e+252 0 4.64095e-317 4.13003e-27 
 4.64 3.124 -0.808548 4.74303e-322 7.69844e+218 4.5872 3.1035 -0.7672 0.185365 -0.31528 -0.297094 2.062 2.964 6.96411e+252 0 4.64095e-317 4.13003e-27 
 4.637 3.098 -0.820731 4.74303e-322 7.69844e+218 4.6061 3.0852 -0.7783 0.191699 -0.167576 -0.15607 2.094 2.929 6.96411e+252 0 4.64095e-317 4.13003e-27 
 4.659 3.057 -0.851964 4.74303e-322 7.69844e+218 4.6136 3.0778 -0.7828 0.166367 -0.0681886 -0.0736428 2.069 2.965 6.96411e+252 0 4.64095e-317 4.13003e-27 
 4.724 3.046 -0.866403 4.74303e-322 7.69844e+218 4.6467 3.0442 -0.8028 0.165761 -0.35525 -0.368177 2.066 2.98 6.96411e+252 0 4.64095e-317 4.13003e-27 
 4.751 3.009 -0.875143 4.74303e-322 7.69844e+218 4.6826 3.0062 -0.8252 0.170743 -0.327471 -0.332414 2.065 3.01 6.96411e+252 0 4.64095e-317 4.13003e-27 
 4.75 3.016 -0.914115 4.74303e-322 7.69844e+218 4.7106 2.9755 -0.8432 0.206676 -0.293666 -0.250395 2.098 3.019 6.96411e+252 0 4.64095e-317 4.13003e-27 
 4.733 3.025 -0.94742 4.74303e-322 7.69844e+218 4.7072 2.9793 -0.8409 0.215696 -0.195228 -0.1615 2.115 3.02 6.96411e+252 0 4.64095e-317 4.13003e-27 
 4.738 3.045 -0.975583 4.74303e-322 7.69844e+218 4.6967 2.9909 -0.8342 0.215164 -0.266475 -0.219339 2.121 3.047 6.96411e+252 0 4.64095e-317 4.13003e-27 
 4.768 3.027 -0.99324 4.74303e-322 7.69844e+218 4.6897 2.9986 -0.8297 0.185879 -0.371843 -0.345628 2.114 3.066 6.96411e+252 0 4.64095e-317 4.13003e-27 
 4.778 3.005 -1.02399 4.74303e-322 7.69844e+218 4.7106 2.9755 -0.8432 0.191231 -0.294077 -0.270044 2.095 3.085 6.96411e+252 0 4.64095e-317 4.13003e-27 
 4.798 3.008 -1.06285 4.74303e-322 7.69844e+218 4.7244 2.9599 -0.8522 0.20253 -0.34871 -0.300532 2.122 3.085 6.96411e+252 0 4.64095e-317 4.13003e-27 
 4.808 2.981 -1.09274 4.74303e-322 7.69844e+218 4.7312 2.9521 -0.8568 0.189233 -0.291144 -0.270167 2.147 3.076 6.96411e+252 0 4.64095e-317 4.13003e-27 
 4.791 2.952 -1.13056 4.74303e-322 7.69844e+218 4.7513 2.9287 -0.8705 0.196342 -0.0236834 -0.0217087 2.155 3.045 6.96411e+252 0 4.64095e-317 4.13003e-27 
 4.815 2.93 -1.15658 4.74303e-322 7.69844e+218 4.7579 2.9208 -0.8751 0.181755 -0.0746073 -0.0737529 2.151 3.074 6.96411e+252 0 4.64095e-317 4.13003e-27 
 4.849 2.942 -1.15896 4.74303e-322 7.69844e+218 4.7774 2.8971 -0.8891 0.203517 -0.256592 -0.223162 2.153 3.084 6.96411e+252 0 4.64095e-317 4.13003e-27 
 4.872 2.93 -1.16774 4.74303e-322 7.69844e+218 4.7838 2.8892 -0.8937 0.197276 -0.344058 -0.304186 2.177 3.081 6.96411e+252 0 4.64095e-317 4.13003e-27 
 4.86 2.898 -1.19639 4.74303e-322 7.69844e+218 4.7965 2.8733 -0.9032 0.191962 -0.138258 -0.128923 2.202 3.097 6.96411e+252 0 4.64095e-317 4.13003e-27 
 4.853 2.856 -1.22722 4.74303e-322 7.69844e+218 4.809 2.8574 -0.9127 0.178121 0.0627475 0.0633245 2.202 3.112 6.96411e+252 0 4.64095e-317 4.13003e-27 
 4.857 2.844 -1.23823 4.74303e-322 7.69844e+218 4.8243 2.8374 -0.9248 0.186645 0.117474 0.112811 2.208 3.145 6.96411e+252 0 4.64095e-317 4.13003e-27 
 4.869 2.842 -1.23634 4.74303e-322 7.69844e+218 4.8333 2.8254 -0.9322 0.19344 0.0675684 0.0627913 2.227 3.14 6.96411e+252 0 4.64095e-317 4.13003e-27 
 4.871 2.813 -1.23442 4.74303e-322 7.69844e+218 4.8392 2.8174 -0.9371 0.180175 0.130191 0.129338 2.227 3.144 6.96411e+252 0 4.64095e-317 4.13003e-27 
 4.864 2.785 -1.23282 4.74303e-322 7.69844e+218 4.8509 2.8013 -0.9471 0.177318 0.267811 0.265446 2.231 3.147 6.96411e+252 0 4.64095e-317 4.13003e-27 
 4.874 2.754 -1.2304 4.74303e-322 7.69844e+218 4.8624 2.7852 -0.9572 0.168246 0.300855 0.311401 2.233 3.162 6.96411e+252 0 4.64095e-317 4.13003e-27 
 4.871 2.729 -1.22274 4.74303e-322 7.69844e+218 4.882 2.757 -0.9753 0.178108 0.413639 0.395955 2.259 3.176 6.96411e+252 0 4.64095e-317 4.13003e-27 
 4.885 2.715 -1.19802 4.74303e-322 7.69844e+218 4.8928 2.7409 -0.9859 0.180465 0.352512 0.338103 2.248 3.185 6.96411e+252 0 4.64095e-317 4.13003e-27 
 4.908 2.718 -1.15853 4.74303e-322 7.69844e+218 4.9034 2.7247 -0.9966 0.191531 0.169403 0.157879 2.266 3.199 6.96411e+252 0 4.64095e-317 4.13003e-27 
 4.929 2.704 -1.12869 4.74303e-322 7.69844e+218 4.9086 2.7167 -1.0021 0.183581 0.0512393 0.0501977 2.294 3.205 6.96411e+252 0 4.64095e-317 4.13003e-27 
 4.965 2.668 -1.11415 4.74303e-322 7.69844e+218 4.9213 2.6965 -1.016 0.166448 -0.0795244 -0.0857883 2.288 3.217 6.96411e+252 0 4.64095e-317 4.13003e-27 
 4.962 2.676 -1.11041 4.74303e-322 7.69844e+218 4.9456 2.6562 -1.0448 0.207358 -0.0844128 -0.0731452 2.311 3.252 6.96411e+252 0 4.64095e-317 4.13003e-27 
 4.98 2.68 -1.11224 4.74303e-322 7.69844e+218 4.9409 2.6642 -1.0389 0.197853 -0.203388 -0.182966 2.299 3.262 6.96411e+252 0 4.64095e-317 4.13003e-27 
 4.963 2.649 -1.1137 4.74303e-322 7.69844e+218 4.9433 2.6602 -1.0419 0.185801 -0.00790604 -0.00765905 2.311 3.271 6.96411e+252 0 4.64095e-317 4.13003e-27 
 4.98 2.646 -1.11517 4.74303e-322 7.69844e+218 4.9526 2.6441 -1.0538 0.192279 -0.10596 -0.0988699 2.343 3.284 6.96411e+252 0 4.64095e-317 4.13003e-27 
 5.002 2.672 -1.11585 4.74303e-322 7.69844e+218 4.9594 2.6321 -1.0629 0.213613 -0.308363 -0.254219 2.356 3.271 6.96411e+252 0 4.64095e-317 4.13003e-27 
 5.026 2.624 -1.11822 4.74303e-322 7.69844e+218 4.9526 2.6441 -1.0538 0.164491 -0.335133 -0.351502 2.372 3.28 6.96411e+252 0 4.64095e-317 4.13003e-27 
 5.057 2.567 -1.13005 4.74303e-322 7.69844e+218 4.9768 2.6 -1.0881 0.154815 -0.375052 -0.411204 2.36 3.303 6.96411e+252 0 4.64095e-317 4.13003e-27 
 5.078 2.574 -1.16388 4.74303e-322 7.69844e+218 5.0063 2.5404 -1.1388 0.204946 -0.497043 -0.411608 2.361 3.312 6.96411e+252 0 4.64095e-317 4.13003e-27 
 5.087 2.564 -1.20533 4.74303e-322 7.69844e+218 5.0063 2.5404 -1.1388 0.197897 -0.487664 -0.417487 2.347 3.331 6.96411e+252 0 4.64095e-317 4.13003e-27 
 5.069 2.554 -1.25548 4.74303e-322 7.69844e+218 5.0117 2.5285 -1.1496 0.205094 -0.298303 -0.256058 2.385 3.31 6.96411e+252 0 4.64095e-317 4.13003e-27 
 5.071 2.547 -1.30734 4.74303e-322 7.69844e+218 5.0117 2.5285 -1.1496 0.20046 -0.24176 -0.213768 2.396 3.333 6.96411e+252 0 4.64095e-317 4.13003e-27 
 5.079 2.513 -1.33357 4.74303e-322 7.69844e+218 5.0135 2.5246 -1.1533 0.178335 -0.222222 -0.220644 2.39 3.37 6.96411e+252 0 4.64095e-317 4.13003e-27 
 5.062 2.513 -1.35797 4.74303e-322 7.69844e+218 5.0269 2.4932 -1.1835 0.205855 -0.0647769 -0.0565805 2.377 3.369 6.96411e+252 0 4.64095e-317 4.13003e-27 
 5.07 2.491 -1.37967 4.74303e-322 7.69844e+218 5.0253 2.4971 -1.1797 0.18565 -0.0721046 -0.0697968 2.394 3.38 6.96411e+252 0 4.64095e-317 4.13003e-27 
 5.102 2.472 -1.38502 4.74303e-322 7.69844e+218 5.0331 2.4777 -1.1994 0.184487 -0.251422 -0.240557 2.432 3.362 6.96411e+252 0 4.64095e-317 4.13003e-27 
 5.109 2.438 -1.39593 4.74303e-322 7.69844e+218 5.0433 2.4506 -1.2283 0.180991 -0.245497 -0.239468 2.449 3.364 6.96411e+252 0 4.64095e-317 4.13003e-27 
 5.09 2.436 -1.42288 4.74303e-322 7.69844e+218 5.0537 2.42 -1.2635 0.205338 -0.0799706 -0.0699881 2.455 3.383 6.96411e+252 0 4.64095e-317 4.13003e-27 
 5.107 2.424 -1.44721 4.74303e-322 7.69844e+218 5.0524 2.4238 -1.2589 0.192354 -0.160028 -0.148645 2.465 3.394 6.96411e+252 0 4.64095e-317 4.13003e-27 
 5.124 2.415 -1.45459 4.74303e-322 7.69844e+218 5.0572 2.4087 -1.2773 0.19712 -0.25532 -0.229054 2.465 3.392 6.96411e+252 0 4.64095e-317 4.13003e-27 
 5.118 2.391 -1.47276 4.74303e-322 7.69844e+218 5.0606 2.3974 -1.2915 0.188775 -0.185113 -0.174709 2.471 3.401 6.96411e+252 0 4.64095e-317 4.13003e-27 
 5.144 2.399 -1.49687 4.74303e-322 7.69844e+218 5.0657 2.3787 -1.316 0.209335 -0.323922 -0.271644 2.481 3.426 6.96411e+252 0 4.64095e-317 4.13003e-27 
 5.144 2.366 -1.51698 4.74303e-322 7.69844e+218 5.0657 2.3787 -1.316 0.185501 -0.30638 -0.288972 2.503 3.432 6.96411e+252 0 4.64095e-317 4.13003e-27 
 5.152 2.349 -1.55299 4.74303e-322 7.69844e+218 5.0729 2.3491 -1.3575 0.197045 -0.314162 -0.279475 2.503 3.437 6.96411e+252 0 4.64095e-317 4.13003e-27 
 5.163 2.32 -1.58601 4.74303e-322 7.69844e+218 5.0759 2.3345 -1.3794 0.188626 -0.362552 -0.333082 2.515 3.453 6.96411e+252 0 4.64095e-317 4.13003e-27 
 5.163 2.296 -1.61913 4.74303e-322 7.69844e+218 5.0804 2.3093 -1.4198 0.19149 -0.340921 -0.310124 2.533 3.453 6.96411e+252 0 4.64095e-317 4.13003e-27 
 5.168 2.284 -1.6581 4.74303e-322 7.69844e+218 5.0833 2.288 -1.4566 0.200719 -0.341245 -0.29697 2.527 3.487 6.96411e+252 0 4.64095e-317 4.13003e-27 
 5.168 2.265 -1.69318 4.74303e-322 7.69844e+218 5.0844 2.2775 -1.4758 0.195853 -0.326233 -0.291298 2.541 3.487 6.96411e+252 0 4.64095e-317 4.13003e-27 
 5.165 2.245 -1.72913 4.74303e-322 7.69844e+218 5.0858 2.2602 -1.5091 0.19522 -0.298379 -0.268475 2.564 3.489 6.96411e+252 0 4.64095e-317 4.13003e-27 
 5.159 2.223 -1.76221 4.74303e-322 7.69844e+218 5.0866 2.2431 -1.5439 0.192448 -0.264828 -0.242811 2.571 3.491 6.96411e+252 0 4.64095e-317 4.13003e-27 
 5.143 2.193 -1.79301 4.74303e-322 7.69844e+218 5.0869 2.2262 -1.5804 0.18179 -0.191691 -0.187573 2.583 3.484 6.96411e+252 0 4.64095e-317 4.13003e-27 
 5.147 2.153 -1.81919 4.74303e-322 7.69844e+218 5.0857 2.1966 -1.6504 0.178955 -0.29745 -0.29071 2.591 3.493 6.96411e+252 0 4.64095e-317 4.13003e-27 
 5.144 2.137 -1.8398 4.74303e-322 7.69844e+218 5.0819 2.1648 -1.7348 0.19322 -0.339613 -0.306413 2.593 3.524 6.96411e+252 0 4.64095e-317 4.13003e-27 
 5.135 2.125 -1.87243 4.74303e-322 7.69844e+218 5.0791 2.1493 -1.7796 0.195824 -0.307052 -0.275084 2.587 3.542 6.96411e+252 0 4.64095e-317 4.13003e-27 
 5.123 2.103 -1.90672 4.74303e-322 7.69844e+218 5.0771 2.1402 -1.8074 0.185635 -0.272261 -0.258107 2.608 3.549 6.96411e+252 0 4.64095e-317 4.13003e-27 
 5.134 2.09 -1.93801 4.74303e-322 7.69844e+218 5.0714 2.1193 -1.8743 0.19824 -0.393251 -0.342958 2.623 3.541 6.96411e+252 0 4.64095e-317 4.13003e-27 
 5.155 2.06 -1.96744 4.74303e-322 7.69844e+218 5.0686 2.1106 -1.9039 0.194681 -0.59414 -0.502332 2.645 3.538 6.96411e+252 0 4.64095e-317 4.13003e-27 
 5.158 2.042 -2.01338 4.74303e-322 7.69844e+218 5.0633 2.0963 -1.9544 0.199237 -0.655133 -0.523599 2.681 3.531 6.96411e+252 0 4.64095e-317 4.13003e-27 
 5.155 1.998 -2.07751 4.74303e-322 7.69844e+218 5.0586 2.0851 -1.9957 0.185659 -0.757388 -0.523599 2.688 3.534 6.96411e+252 0 4.64095e-317 4.13003e-27 
 5.137 1.987 -2.14805 4.74303e-322 7.69844e+218 5.0464 2.0608 -2.091 0.197292 -0.705781 -0.523599 2.716 3.563 6.96411e+252 0 4.64095e-317 4.13003e-27 
 5.141 1.984 -2.23044 4.74303e-322 7.69844e+218 5.0402 2.0504 -2.1341 0.212402 -0.669025 -0.515775 2.712 3.568 6.96411e+252 0 4.64095e-317 4.13003e-27 
 5.157 1.957 -2.30364 4.74303e-322 7.69844e+218 5.0386 2.0479 -2.1449 0.215196 -0.765145 -0.523599 2.736 3.554 6.96411e+252 0 4.64095e-317 4.13003e-27 
 5.161 1.948 -2.37551 4.74303e-322 7.69844e+218 5.0335 2.0403 -2.1775 0.225716 -0.741072 -0.523599 2.757 3.555 6.96411e+252 0 4.64095e-317 4.13003e-27 
 5.159 1.957 -2.45963 4.74303e-322 7.69844e+218 5.0318 2.0378 -2.1884 0.234243 -0.581227 -0.420051 2.74 3.562 6.96411e+252 0 4.64095e-317 4.13003e-27 
 5.132 1.948 -2.53667 4.74303e-322 7.69844e+218 5.0352 2.0428 -2.1666 0.209906 -0.448227 -0.366957 2.766 3.592 6.96411e+252 0 4.64095e-317 4.13003e-27 
 5.164 1.923 -2.59294 4.74303e-322 7.69844e+218 5.0246 2.0279 -2.2319 0.241497 -0.581657 -0.40908 2.752 3.625 6.96411e+252 0 4.64095e-317 4.13003e-27 
 5.127 1.886 -2.64042 4.74303e-322 7.69844e+218 5.0246 2.0279 -2.2319 0.208185 -0.642928 -0.507352 2.778 3.649 6.96411e+252 0 4.64095e-317 4.13003e-27 
 5.126 1.882 -2.69929 4.74303e-322 7.69844e+218 5.0044 2.0045 -2.3401 0.236814 -0.592507 -0.423152 2.765 3.659 6.96411e+252 0 4.64095e-317 4.13003e-27 
 5.132 1.86 -2.76623 4.74303e-322 7.69844e+218 5.0044 2.0045 -2.3401 0.238929 -0.616855 -0.435024 2.767 3.657 6.96411e+252 0 4.64095e-317 4.13003e-27 
 5.104 1.869 -2.83041 4.74303e-322 7.69844e+218 5.0044 2.0045 -2.3401 0.221025 -0.458879 -0.357635 2.784 3.655 6.96411e+252 0 4.64095e-317 4.13003e-27 
 5.143 1.84 -2.89574 4.74303e-322 7.69844e+218 5.0044 2.0045 -2.3401 0.24687 -0.533542 -0.371005 2.788 3.679 6.96411e+252 0 4.64095e-317 4.13003e-27 
 5.135 1.813 -2.94177 4.74303e-322 7.69844e+218 5.0044 2.0045 -2.3401 0.240567 -0.597619 -0.420487 2.794 3.676 6.96411e+252 0 4.64095e-317 4.13003e-27 
 5.068 1.827 -2.99859 4.74303e-322 7.69844e+218 5.0044 2.0045 -2.3401 0.192272 -0.468612 -0.413419 2.803 3.685 6.96411e+252 0 4.64095e-317 4.13003e-27 
 5.047 1.835 -3.0634 4.74303e-322 7.69844e+218 5.0044 2.0045 -2.3401 0.175836 -0.360305 -0.353357 2.81 3.704 6.96411e+252 0 4.64095e-317 4.13003e-27 
 5.034 1.809 -3.1156 4.74303e-322 7.69844e+218 5.0044 2.0045 -2.3401 0.16744 -0.456033 -0.45581 2.824 3.723 6.96411e+252 0 4.64095e-317 4.13003e-27 
 5.02 1.789 3.12783 4.74303e-322 7.69844e+218 5.0044 2.0045 -2.3401 0.159442 -0.533565 -0.523599 2.852 3.749 6.96411e+252 0 4.64095e-317 4.13003e-27 
 4.987 1.768 3.07836 4.74303e-322 7.69844e+218 5.0044 2.0045 -2.3401 0.139601 -0.634595 -0.523599 2.843 3.763 6.96411e+252 0 4.64095e-317 4.13003e-27 
 4.987 1.761 3.02275 4.74303e-322 7.69844e+218 5.0044 2.0045 -2.3401 0.141127 -0.615897 -0.523599 2.849 3.775 6.96411e+252 0 4.64095e-317 4.13003e-27 
 4.968 1.766 2.95422 4.74303e-322 7.69844e+218 5.0044 2.0045 -2.3401 0.126715 -0.569663 -0.523599 2.864 3.791 6.96411e+252 0 4.64095e-317 4.13003e-27 
 4.978 1.738 2.88854 4.74303e-322 7.69844e+218 5.0044 2.0045 -2.3401 0.141067 -0.603232 -0.523599 2.875 3.788 6.96411e+252 0 4.64095e-317 4.13003e-27 
 4.988 1.736 2.82669 4.74303e-322 7.69844e+218 5.0044 2.0045 -2.3401 0.147544 -0.525045 -0.523599 2.879 3.784 6.96411e+252 0 4.64095e-317 4.13003e-27 
