 3.724 2.273 1.71276 7.75164e-317 7.72498e-317 2.58209 4.90021 2.459 0 0 0 3.746 3.954 2.459 0 6.97874e+228 6.39031e-67 
 3.728 2.279 1.71273 7.75164e-317 7.72498e-317 2.59609 4.90921 2.459 2.46566 0.592098 0.0431979 3.76 3.963 2.459 0 6.97874e+228 6.39031e-67 
 3.745 2.276 1.71269 7.75164e-317 7.72498e-317 2.59409 4.91221 2.459 2.47501 0.603794 0.0438839 3.758 3.966 2.459 0 6.97874e+228 6.39031e-67 
 3.721 2.239 1.71266 7.75164e-317 7.72498e-317 2.59409 4.90821 2.459 2.49727 0.577345 0.0415904 3.758 3.962 2.459 0 6.97874e+228 6.39031e-67 
 3.703 2.244 1.71263 7.75164e-317 7.72498e-317 2.58409 4.89821 2.459 2.48285 0.57611 0.0417422 3.748 3.952 2.459 0 6.97874e+228 6.39031e-67 
 3.704 2.25 1.71264 7.75164e-317 7.72498e-317 2.57409 4.89621 2.459 2.47861 0.586178 0.0425433 3.738 3.95 2.459 0 6.97874e+228 6.39031e-67 
 3.709 2.276 1.71264 7.75164e-317 7.72498e-317 2.58109 4.90121 2.459 2.46052 0.590953 0.0432044 3.745 3.955 2.459 0 6.97874e+228 6.39031e-67 
 3.709 2.255 1.71264 7.75164e-317 7.72498e-317 2.59209 4.90521 2.459 2.47904 0.575828 0.0417857 3.756 3.959 2.459 0 6.97874e+228 6.39031e-67 
 3.706 2.243 1.71264 7.75164e-317 7.72498e-317 2.59909 4.92121 2.459 2.50036 0.560737 0.0403454 3.763 3.975 2.459 0 6.97874e+228 6.39031e-67 
 3.726 2.271 1.71263 7.75164e-317 7.72498e-317 2.59909 4.92221 2.459 2.48213 0.582611 0.0422248 3.763 3.976 2.459 0 6.97874e+228 6.39031e-67 
 3.734 2.293 1.71268 7.75164e-317 7.72498e-317 2.58909 4.90321 2.459 2.45183 0.607366 0.0445599 3.753 3.957 2.459 0 6.97874e+228 6.39031e-67 
 3.721 2.271 1.71268 7.75164e-317 7.72498e-317 2.5861 4.89722 2.45899 2.46297 0.595512 0.043494 3.75 3.951 2.45899 0 6.97874e+228 6.39031e-67 
 3.71 2.254 1.7127 7.75164e-317 7.72498e-317 2.59009 4.90421 2.459 2.47974 0.577818 0.0419182 3.754 3.958 2.459 0 6.97874e+228 6.39031e-67 
 3.725 2.249 1.71274 7.75164e-317 7.72498e-317 2.59209 4.90422 2.459 2.48689 0.585439 0.0423486 3.756 3.958 2.459 0 6.97874e+228 6.39031e-67 
 3.718 2.25 1.71272 7.75164e-317 7.72498e-317 2.59009 4.90421 2.459 2.48491 0.582264 0.0421527 3.754 3.958 2.459 0 6.97874e+228 6.39031e-67 
 3.702 2.253 1.71272 7.75164e-317 7.72498e-317 2.58809 4.90121 2.459 2.47672 0.574113 0.0417005 3.752 3.955 2.459 0 6.97874e+228 6.39031e-67 
 3.735 2.258 1.71269 7.75164e-317 7.72498e-317 2.58209 4.89421 2.459 2.47547 0.605192 0.0439772 3.746 3.948 2.459 0 6.97874e+228 6.39031e-67 
 3.728 2.271 1.71265 7.75164e-317 7.72498e-317 2.57209 4.88421 2.459 2.45687 0.614297 0.0449755 3.736 3.938 2.459 0 6.97874e+228 6.39031e-67 
 3.718 2.275 1.71268 7.75164e-317 7.72498e-317 2.56809 4.88621 2.459 2.45382 0.610601 0.0447607 3.732 3.94 2.459 0 6.97874e+228 6.39031e-67 
 3.725 2.282 1.71258 7.75164e-317 7.72498e-317 2.58109 4.89821 2.459 2.4566 0.605086 0.0443069 3.745 3.952 2.459 0 6.97874e+228 6.39031e-67 
 3.727 2.263 1.71265 7.75164e-317 7.72498e-317 2.58709 4.90621 2.459 2.47836 0.594085 0.0431208 3.751 3.96 2.459 0 6.97874e+228 6.39031e-67 
 3.733 2.273 1.7127 7.75164e-317 7.72498e-317 2.58609 4.90521 2.459 2.47075 0.602138 0.0438391 3.75 3.959 2.459 0 6.97874e+228 6.39031e-67 
 3.721 2.268 1.71267 7.75164e-317 7.72498e-317 2.57809 4.9022 2.459 2.4715 0.598809 0.0435839 3.742 3.956 2.459 0 6.97874e+228 6.39031e-67 
 3.733 2.275 1.71259 7.75164e-317 7.72498e-317 2.58209 4.8972 2.459 2.46323 0.608199 0.0444147 3.746 3.951 2.459 0 6.97874e+228 6.39031e-67 
 3.722 2.261 1.7126 7.75164e-317 7.72498e-317 2.58509 4.8942 2.45901 2.46927 0.595025 0.0433479 3.749 3.948 2.45901 0 6.97874e+228 6.39031e-67 
 3.721 2.255 1.71257 7.75164e-317 7.72498e-317 2.59609 4.90621 2.459 2.48166 0.581341 0.0421409 3.76 3.96 2.459 0 6.97874e+228 6.39031e-67 
 3.709 2.245 1.7126 7.75164e-317 7.72498e-317 2.60109 4.90621 2.459 2.48627 0.566372 0.0409811 3.765 3.96 2.459 0 6.97874e+228 6.39031e-67 
 3.718 2.258 1.71254 7.75164e-317 7.72498e-317 2.59009 4.90021 2.459 2.47477 0.58615 0.0426073 3.754 3.954 2.459 0 6.97874e+228 6.39031e-67 
 3.704 2.252 1.71259 7.75164e-317 7.72498e-317 2.58609 4.89421 2.459 2.47253 0.578981 0.0421249 3.75 3.948 2.459 0 6.97874e+228 6.39031e-67 
 3.733 2.271 1.71257 7.75164e-317 7.72498e-317 2.57309 4.88921 2.459 2.46195 0.615769 0.0449901 3.737 3.943 2.459 0 6.97874e+228 6.39031e-67 
 3.73 2.264 1.71258 7.75164e-317 7.72498e-317 2.5811 4.90322 2.45899 2.47704 0.601738 0.0436989 3.745 3.957 2.45899 0 6.97874e+228 6.39031e-67 
 3.725 2.269 1.71254 7.75164e-317 7.72498e-317 2.5951 4.91722 2.45899 2.48026 0.585801 0.0424877 3.759 3.971 2.45899 0 6.97874e+228 6.39031e-67 
 3.708 2.247 1.71249 7.75164e-317 7.72498e-317 2.5851 4.90322 2.45899 2.48539 0.578659 0.0418839 3.749 3.957 2.45899 0 6.97874e+228 6.39031e-67 
 3.717 2.245 1.71254 7.75164e-317 7.72498e-317 2.5821 4.89722 2.45899 2.48475 0.588166 0.0425821 3.746 3.951 2.45899 0 6.97874e+228 6.39031e-67 
 3.698 2.26 1.71251 7.75164e-317 7.72498e-317 2.5801 4.89422 2.45899 2.46578 0.581478 0.042422 3.744 3.948 2.45899 0 6.97874e+228 6.39031e-67 
 3.716 2.27 1.71252 7.75164e-317 7.72498e-317 2.56899 4.89314 2.46335 2.4631 0.605324 0.0442074 3.737 3.952 2.46335 0 6.97874e+228 6.39031e-67 
 3.714 2.242 1.71249 7.75164e-317 7.72498e-317 2.54472 4.88815 2.47865 2.48749 0.6141 0.0444083 3.727 3.965 2.47865 0 6.97874e+228 6.39031e-67 
 3.717 2.259 1.71247 7.75164e-317 7.72498e-317 2.51028 4.87637 2.49778 2.47212 0.648858 0.0472096 3.71 3.976 2.49778 0 6.97874e+228 6.39031e-67 
 3.73 2.268 1.71244 7.75164e-317 7.72498e-317 2.46086 4.86447 2.52657 2.46961 0.698229 0.0508474 3.686 3.999 2.52657 0 6.97874e+228 6.39031e-67 
 3.708 2.263 1.71249 7.75164e-317 7.72498e-317 2.39373 4.84476 2.55382 2.46847 0.733281 0.0534197 3.642 4.013 2.55382 0 6.97874e+228 6.39031e-67 
 3.718 2.256 1.71247 7.75164e-317 7.72498e-317 2.33305 4.82127 2.58042 2.47257 0.78547 0.0571189 3.603 4.023 2.58042 0 6.97874e+228 6.39031e-67 
 3.721 2.279 1.71246 7.75164e-317 7.72498e-317 2.2875 4.80358 2.59507 2.45155 0.830994 0.0609385 3.569 4.024 2.59507 0 6.97874e+228 6.39031e-67 
 3.74 2.277 1.71248 7.75164e-317 7.72498e-317 2.24172 4.82133 2.59994 2.4848 0.864901 0.0625721 3.527 4.048 2.59994 0 6.97874e+228 6.39031e-67 
 3.71 2.248 1.71253 7.75164e-317 7.72498e-317 2.20308 4.82761 2.60206 2.51604 0.857732 0.0612862 3.49 4.057 2.60206 0 6.97874e+228 6.39031e-67 
 3.697 2.251 1.71254 7.75164e-317 7.72498e-317 2.17401 4.8445 2.60214 2.53168 0.862745 0.0612635 3.461 4.074 2.60214 0 6.97874e+228 6.39031e-67 
 3.724 2.256 1.7125 7.75164e-317 7.72498e-317 2.15088 4.86028 2.60231 2.55382 0.889368 0.0626031 3.438 4.09 2.60231 0 6.97874e+228 6.39031e-67 
 3.708 2.253 1.71249 7.75164e-317 7.72498e-317 2.1014 4.86548 2.59905 2.5695 0.906382 0.0634093 3.386 4.091 2.59905 0 6.97874e+228 6.39031e-67 
 3.721 2.253 1.71249 7.75164e-317 7.72498e-317 2.08147 4.89325 2.59767 2.60107 0.915877 0.0632962 3.365 4.117 2.59767 0 6.97874e+228 6.39031e-67 
 3.711 2.253 1.71249 7.75164e-317 7.72498e-317 2.07076 4.93317 2.58835 2.63387 0.902513 0.0616002 3.347 4.145 2.58835 0 6.97874e+228 6.39031e-67 
 3.73 2.253 1.71249 7.75164e-317 7.72498e-317 2.07262 4.97995 2.58853 2.67671 0.89647 0.0602118 3.349 4.192 2.58853 0 6.97874e+228 6.39031e-67 
 3.709 2.26 1.71249 7.75164e-317 7.72498e-317 2.04668 5.00453 2.59355 2.69241 0.893397 0.0596568 3.327 4.223 2.59355 0 6.97874e+228 6.39031e-67 
 3.716 2.263 1.71634 7.75164e-317 7.72498e-317 2.00458 4.98751 2.61452 2.69181 0.919585 0.0614148 3.301 4.233 2.61452 0 6.97874e+228 6.39031e-67 
 3.696 2.27 1.72603 7.75164e-317 7.72498e-317 1.91587 4.92663 2.66687 2.66235 0.960762 0.0648654 3.25 4.241 2.66687 0 6.97874e+228 6.39031e-67 
 3.69 2.305 1.77377 7.75164e-317 7.72498e-317 1.85771 4.87728 2.71455 2.64183 0.920458 0.0626329 3.223 4.256 2.71455 0 6.97874e+228 6.39031e-67 
 3.663 2.432 1.8626 7.75164e-317 7.72498e-317 1.81001 4.84742 2.74572 2.57717 0.80639 0.0562621 3.194 4.269 2.74572 0 6.97874e+228 6.39031e-67 
 3.657 2.483 1.95621 7.75164e-317 7.72498e-317 1.77247 4.82715 2.77536 2.57922 0.652922 0.0455349 3.173 4.29 2.77536 0 6.97874e+228 6.39031e-67 
 3.617 2.568 2.04047 7.75164e-317 7.72498e-317 1.71347 4.78893 2.80039 2.52745 0.536332 0.038178 3.127 4.287 2.80039 0 6.97874e+228 6.39031e-67 
 3.557 2.656 2.11069 7.75164e-317 7.72498e-317 1.65633 4.73425 2.82763 2.44439 0.451372 0.0332259 3.083 4.271 2.82763 0 6.97874e+228 6.39031e-67 
 3.516 2.714 2.17089 7.75164e-317 7.72498e-317 1.60302 4.70454 2.84838 2.40439 0.37204 0.0278448 3.039 4.271 2.84838 0 6.97874e+228 6.39031e-67 
 3.471 2.834 2.21755 7.75164e-317 7.72498e-317 1.57169 4.73175 2.84684 2.34329 0.312674 0.0240134 3.007 4.296 2.84684 0 6.97874e+228 6.39031e-67 
 3.425 2.911 2.25555 7.75164e-317 7.72498e-317 1.54116 4.74129 2.84577 2.296 0.258685 0.0202774 2.976 4.304 2.84577 0 6.97874e+228 6.39031e-67 
 3.375 2.983 2.28664 7.75164e-317 7.72498e-317 1.50382 4.73988 2.84884 2.24544 0.227029 0.0181972 2.94 4.307 2.84884 0 6.97874e+228 6.39031e-67 
 3.333 3.047 2.31152 7.75164e-317 7.72498e-317 1.47641 4.77618 2.85211 2.22174 0.18016 0.014595 2.914 4.348 2.85211 0 6.97874e+228 6.39031e-67 
 3.272 3.122 2.33414 7.75164e-317 7.72498e-317 1.43522 4.77355 2.85255 2.16349 0.168518 0.0140196 2.873 4.346 2.85255 0 6.97874e+228 6.39031e-67 
 3.218 3.181 2.35475 7.75164e-317 7.72498e-317 1.37835 4.75429 2.86176 2.11983 0.177803 0.0150965 2.82 4.34 2.86176 0 6.97874e+228 6.39031e-67 
 3.16 3.251 2.37302 7.75164e-317 7.72498e-317 1.33087 4.73207 2.87783 2.06031 0.196767 0.017189 2.779 4.341 2.87783 0 6.97874e+228 6.39031e-67 
 3.042 3.309 2.39231 7.75164e-317 7.72498e-317 1.30462 4.72382 2.88628 1.96313 0.147031 0.0134806 2.756 4.345 2.88628 0 6.97874e+228 6.39031e-67 
 3.014 3.398 2.41184 7.75164e-317 7.72498e-317 1.30068 4.72435 2.89418 1.89807 0.158141 0.0149959 2.755 4.357 2.89418 0 6.97874e+228 6.39031e-67 
 2.997 3.46 2.42741 7.75164e-317 7.72498e-317 1.26484 4.70465 2.9077 1.86692 0.202723 0.0195432 2.724 4.357 2.9077 0 6.97874e+228 6.39031e-67 
 2.996 3.522 2.45574 7.75164e-317 7.72498e-317 1.22642 4.71706 2.92384 1.86891 0.204423 0.019686 2.691 4.393 2.92384 0 6.97874e+228 6.39031e-67 
 2.947 3.511 2.4672 7.75164e-317 7.72498e-317 1.17578 4.69133 2.93865 1.86338 0.192629 0.0186056 2.645 4.389 2.93865 0 6.97874e+228 6.39031e-67 
 2.982 3.507 2.46686 7.75164e-317 7.72498e-317 1.15984 4.68376 2.96686 1.89759 0.225586 0.0213952 2.637 4.423 2.96686 0 6.97874e+228 6.39031e-67 
 2.965 3.487 2.46608 7.75164e-317 7.72498e-317 1.11612 4.644 2.99035 1.90642 0.259056 0.0244546 2.599 4.418 2.99035 0 6.97874e+228 6.39031e-67 
 2.97 3.483 2.4661 7.75164e-317 7.72498e-317 1.07933 4.584 3.03003 1.9082 0.32961 0.031082 2.57 4.417 3.03003 0 6.97874e+228 6.39031e-67 
 2.975 3.506 2.46583 7.75164e-317 7.72498e-317 1.01432 4.51573 3.0657 1.91434 0.444506 0.0417713 2.51 4.402 3.0657 0 6.97874e+228 6.39031e-67 
 2.98 3.496 2.46597 7.75164e-317 7.72498e-317 0.96826 4.46731 3.08669 1.93351 0.501051 0.0466116 2.466 4.385 3.08669 0 6.97874e+228 6.39031e-67 
 2.984 3.501 2.46595 7.75164e-317 7.72498e-317 0.927343 4.44046 3.09927 1.95171 0.548033 0.0505004 2.426 4.377 3.09927 0 6.97874e+228 6.39031e-67 
 2.987 3.502 2.46599 7.75164e-317 7.72498e-317 0.885174 4.44833 3.10203 1.98822 0.560368 0.0506884 2.384 4.389 3.10203 0 6.97874e+228 6.39031e-67 
 2.99 3.488 2.46606 7.75164e-317 7.72498e-317 0.863031 4.44261 3.10451 2.01062 0.563149 0.0503731 2.362 4.387 3.10451 0 6.97874e+228 6.39031e-67 
 2.973 3.492 2.46612 7.75164e-317 7.72498e-317 0.851569 4.43631 3.11405 2.00181 0.569587 0.0511717 2.351 4.395 3.11405 0 6.97874e+228 6.39031e-67 
 2.986 3.517 2.46614 7.75164e-317 7.72498e-317 0.819163 4.40809 3.12686 2.0113 0.632069 0.0565064 2.319 4.386 3.12686 0 6.97874e+228 6.39031e-67 
 2.992 3.493 2.46615 7.75164e-317 7.72498e-317 0.778099 4.37077 -3.13011 2.04036 0.660051 0.0581638 2.278 4.388 -3.13011 0 6.97874e+228 6.39031e-67 
 3.003 3.513 2.46613 7.75164e-317 7.72498e-317 0.721472 4.33136 -3.1165 2.06474 0.7319 0.0637192 2.221 4.369 -3.1165 0 6.97874e+228 6.39031e-67 
 2.992 3.507 2.46607 7.75164e-317 7.72498e-317 0.691883 4.32755 -3.10729 2.07959 0.735989 0.0636179 2.191 4.379 -3.10729 0 6.97874e+228 6.39031e-67 
 2.992 3.513 2.46605 7.75164e-317 7.72498e-317 0.669392 4.32739 -3.0985 2.09377 0.747931 0.0642108 2.168 4.392 -3.0985 0 6.97874e+228 6.39031e-67 
 3.001 3.52 2.46606 7.75164e-317 7.72498e-317 0.629975 4.27558 -3.0786 2.10499 0.809569 0.0691167 2.127 4.37 -3.0786 0 6.97874e+228 6.39031e-67 
 2.993 3.49 2.46613 7.75164e-317 7.72498e-317 0.608846 4.2317 -3.05328 2.10905 0.82417 0.0702245 2.103 4.364 -3.05328 0 6.97874e+228 6.39031e-67 
 3.004 3.51 2.46612 7.75164e-317 7.72498e-317 0.585677 4.18944 -3.04038 2.10887 0.882809 0.0752089 2.078 4.341 -3.04038 0 6.97874e+228 6.39031e-67 
 3.005 3.504 2.46612 7.75164e-317 7.72498e-317 0.586626 4.20533 -3.02824 2.11797 0.865326 0.0734093 2.077 4.375 -3.02824 0 6.97874e+228 6.39031e-67 
 2.982 3.471 2.46617 7.75164e-317 7.72498e-317 0.547935 4.19921 -3.02077 2.14102 0.847762 0.0711527 2.037 4.38 -3.02077 0 6.97874e+228 6.39031e-67 
 2.984 3.494 2.46616 7.75164e-317 7.72498e-317 0.523131 4.18159 -3.00422 2.14439 0.886365 0.0742644 2.009 4.387 -3.00422 0 6.97874e+228 6.39031e-67 
 2.975 3.495 2.46617 7.75164e-317 7.72498e-317 0.499361 4.12669 -2.97664 2.1327 0.933589 0.0786323 1.979 4.373 -2.97664 0 6.97874e+228 6.39031e-67 
 3.002 3.509 2.46606 7.75164e-317 7.72498e-317 0.433617 4.0154 -2.94594 2.15306 1.04809 0.0873994 1.905 4.307 -2.94594 0 6.97874e+228 6.39031e-67 
 3.008 3.504 2.4661 7.75164e-317 7.72498e-317 0.375421 3.91595 -2.92384 2.16534 1.12796 0.0934913 1.84 4.24 -2.92384 0 6.97874e+228 6.39031e-67 
 2.978 3.479 2.46611 7.75164e-317 7.72498e-317 0.316073 3.87702 -2.92184 2.18236 1.14182 0.0938998 1.78 4.204 -2.92184 0 6.97874e+228 6.39031e-67 
 2.97 3.489 2.46615 7.75164e-317 7.72498e-317 0.296406 3.88966 -2.9366 2.19229 1.14124 0.0934299 1.765 4.195 -2.9366 0 6.97874e+228 6.39031e-67 
 2.989 3.503 2.46623 7.75164e-317 7.72498e-317 0.296634 3.9724 -2.96765 2.23302 1.09392 0.0879516 1.774 4.232 -2.96765 0 6.97874e+228 6.39031e-67 
 2.978 3.491 2.4662 7.75164e-317 7.72498e-317 0.310323 4.04292 -2.9768 2.24646 1.0303 0.0823667 1.79 4.289 -2.9768 0 6.97874e+228 6.39031e-67 
 2.96 3.471 2.46619 7.75164e-317 7.72498e-317 0.294731 4.06848 -2.97514 2.26268 0.996605 0.0791161 1.774 4.317 -2.97514 0 6.97874e+228 6.39031e-67 
 3.013 3.509 2.46618 7.75164e-317 7.72498e-317 0.23609 4.00945 -2.95481 2.30931 1.08371 0.0842701 1.71 4.288 -2.95481 0 6.97874e+228 6.39031e-67 
 3.012 3.514 2.46616 7.75164e-317 7.72498e-317 0.138672 3.8343 -2.91109 2.31395 1.2176 0.0944341 1.599 4.177 -2.91109 0 6.97874e+228 6.39031e-67 
 3.003 3.499 2.4662 7.75164e-317 7.72498e-317 0.0921617 3.73156 -2.87205 2.30985 1.27781 0.0992485 1.538 4.131 -2.87205 0 6.97874e+228 6.39031e-67 
 2.962 3.472 2.46629 7.75164e-317 7.72498e-317 0.07262 3.72053 -2.87341 2.29952 1.26585 0.098765 1.519 4.118 -2.87341 0 6.97874e+228 6.39031e-67 
 2.981 3.484 2.4663 7.75164e-317 7.72498e-317 0.0690263 3.73505 -2.87239 2.31767 1.26572 0.0979865 1.515 4.134 -2.87239 0 6.97874e+228 6.39031e-67 
 2.984 3.48 2.4663 7.75164e-317 7.72498e-317 0.0817309 3.74186 -2.86325 2.31429 1.25803 0.0975364 1.524 4.154 -2.86325 0 6.97874e+228 6.39031e-67 
 3.02 3.519 2.46622 7.75164e-317 7.72498e-317 0.130818 3.75454 -2.84426 2.29449 1.27445 0.0996477 1.565 4.194 -2.84426 0 6.97874e+228 6.39031e-67 
 2.996 3.491 2.46924 7.75164e-317 7.72498e-317 0.156011 3.74164 -2.8135 2.26523 1.2554 0.0994273 1.576 4.225 -2.8135 0 6.97874e+228 6.39031e-67 
 2.949 3.48 2.47827 7.75164e-317 7.72498e-317 0.101401 3.66994 -2.78113 2.25674 1.27902 0.101664 1.505 4.199 -2.78113 0 6.97874e+228 6.39031e-67 
 2.895 3.552 2.51907 7.75164e-317 7.72498e-317 -0.0080136 3.50225 -2.74403 2.25547 1.35961 0.108082 1.375 4.083 -2.74403 0 6.97874e+228 6.39031e-67 
 2.797 3.626 2.6141 7.75164e-317 7.72498e-317 -0.0274167 3.42842 -2.71798 2.23838 1.27991 0.102563 1.34 4.045 -2.71798 0 6.97874e+228 6.39031e-67 
 2.793 3.715 2.72787 7.75164e-317 7.72498e-317 -0.0764977 3.38499 -2.71327 2.34077 1.14669 0.0879501 1.288 4.008 -2.71327 0 6.97874e+228 6.39031e-67 
 2.63 3.732 2.83727 7.75164e-317 7.72498e-317 -0.095901 3.35968 -2.71232 2.28796 0.966325 0.0758773 1.268 3.984 -2.71232 0 6.97874e+228 6.39031e-67 
 2.565 3.717 2.94046 7.75164e-317 7.72498e-317 -0.106172 3.3546 -2.70638 2.29407 0.74589 0.0584582 1.254 3.987 -2.70638 0 6.97874e+228 6.39031e-67 
 2.589 3.842 3.03399 7.75164e-317 7.72498e-317 -0.109367 3.36587 -2.70511 2.35324 0.629967 0.0481492 1.25 4 -2.70511 0 6.97874e+228 6.39031e-67 
 2.459 3.834 3.11347 7.75164e-317 7.72498e-317 -0.125155 3.36363 -2.69387 2.27796 0.46612 0.0368153 1.227 4.013 -2.69387 0 6.97874e+228 6.39031e-67 
 2.348 3.744 -3.09723 7.75164e-317 7.72498e-317 -0.113731 3.31705 -2.65762 2.18235 0.285551 0.0235479 1.214 4.015 -2.65762 0 6.97874e+228 6.39031e-67 
 2.275 3.838 -3.05025 7.75164e-317 7.72498e-317 -0.0930262 3.25009 -2.61267 2.12736 0.340072 0.0287662 1.202 4.007 -2.61267 0 6.97874e+228 6.39031e-67 
 2.209 3.855 -3.02331 7.75164e-317 7.72498e-317 -0.124577 3.14712 -2.57125 2.12177 0.393883 0.0334027 1.138 3.957 -2.57125 0 6.97874e+228 6.39031e-67 
 2.105 3.858 -2.98813 7.75164e-317 7.72498e-317 -0.17649 3.06392 -2.53746 2.10085 0.40528 0.0347102 1.058 3.916 -2.53746 0 6.97874e+228 6.39031e-67 
 2.097 3.917 -2.94782 7.75164e-317 7.72498e-317 -0.183039 2.99691 -2.51046 2.13647 0.42405 0.0357115 1.028 3.882 -2.51046 0 6.97874e+228 6.39031e-67 
 2.089 3.942 -2.90745 7.75164e-317 7.72498e-317 -0.175185 2.91781 -2.46673 2.15919 0.426207 0.0355156 0.996 3.855 -2.46673 0 6.97874e+228 6.39031e-67 
 1.913 3.893 -2.86394 7.75164e-317 7.72498e-317 -0.138471 2.866 -2.4305 1.99418 0.415251 0.0374641 0.998 3.845 -2.4305 0 6.97874e+228 6.39031e-67 
 1.846 3.891 -2.82027 7.75164e-317 7.72498e-317 -0.104473 2.81434 -2.38958 1.93722 0.407035 0.0378023 0.991 3.839 -2.38958 0 6.97874e+228 6.39031e-67 
 1.844 3.954 -2.7986 7.75164e-317 7.72498e-317 -0.0913231 2.75502 -2.35211 1.97369 0.470506 0.0428838 0.965 3.82 -2.35211 0 6.97874e+228 6.39031e-67 
 1.806 3.939 -2.78678 7.75164e-317 7.72498e-317 -0.0621009 2.67782 -2.3123 1.94764 0.530171 0.048959 0.951 3.784 -2.3123 0 6.97874e+228 6.39031e-67 
 1.823 3.936 -2.78613 7.75164e-317 7.72498e-317 -0.0409485 2.64441 -2.30496 1.95657 0.555427 0.0510537 0.964 3.758 -2.30496 0 6.97874e+228 6.39031e-67 
 1.825 3.94 -2.78548 7.75164e-317 7.72498e-317 -0.0675091 2.62342 -2.30098 1.98878 0.558547 0.0505099 0.933 3.741 -2.30098 0 6.97874e+228 6.39031e-67 
 1.843 3.952 -2.78563 7.75164e-317 7.72498e-317 -0.0880928 2.60894 -2.3015 2.02913 0.559184 0.0495634 0.913 3.726 -2.3015 0 6.97874e+228 6.39031e-67 
 1.867 3.981 -2.78566 7.75164e-317 7.72498e-317 -0.140008 2.57808 -2.29964 2.11169 0.565533 0.0481687 0.859 3.697 -2.29964 0 6.97874e+228 6.39031e-67 
 1.85 3.941 -2.78568 7.75164e-317 7.72498e-317 -0.14332 2.54338 -2.2919 2.09898 0.568557 0.0487186 0.847 3.67 -2.2919 0 6.97874e+228 6.39031e-67 
 1.863 3.987 -2.78576 7.75164e-317 7.72498e-317 -0.140473 2.49755 -2.27267 2.1437 0.630021 0.0528516 0.828 3.643 -2.27267 0 6.97874e+228 6.39031e-67 
 1.878 3.963 -2.78577 7.75164e-317 7.72498e-317 -0.157708 2.44387 -2.2521 2.1805 0.634464 0.0523271 0.787 3.609 -2.2521 0 6.97874e+228 6.39031e-67 
 1.87 3.973 -2.78572 7.75164e-317 7.72498e-317 -0.172378 2.39789 -2.23392 2.20851 0.669214 0.0544889 0.751 3.58 -2.23392 0 6.97874e+228 6.39031e-67 
 1.887 3.963 -2.78573 7.75164e-317 7.72498e-317 -0.147483 2.34818 -2.20556 2.21889 0.699649 0.0566959 0.742 3.556 -2.20556 0 6.97874e+228 6.39031e-67 
 1.85 3.963 -2.78581 7.75164e-317 7.72498e-317 -0.163035 2.27825 -2.17814 2.23185 0.755985 0.0608952 0.693 3.51 -2.17814 0 6.97874e+228 6.39031e-67 
 1.834 3.937 -2.78588 7.75164e-317 7.72498e-317 -0.14694 2.21159 -2.14992 2.2249 0.79828 0.0644934 0.674 3.467 -2.14992 0 6.97874e+228 6.39031e-67 
 1.848 3.947 -2.78591 7.75164e-317 7.72498e-317 -0.13673 2.14103 -2.12056 2.26228 0.845146 0.0671434 0.647 3.42 -2.12056 0 6.97874e+228 6.39031e-67 
 1.835 3.939 -2.78584 7.75164e-317 7.72498e-317 -0.121346 2.08174 -2.09543 2.26345 0.889756 0.0706398 0.63 3.38 -2.09543 0 6.97874e+228 6.39031e-67 
 1.836 3.928 -2.78591 7.75164e-317 7.72498e-317 -0.100173 2.00963 -2.06097 2.27528 0.934925 0.0738286 0.606 3.333 -2.06097 0 6.97874e+228 6.39031e-67 
 1.809 3.919 -2.78587 7.75164e-317 7.72498e-317 -0.0851069 1.94952 -2.03914 2.26701 0.984908 0.0780428 0.592 3.288 -2.03914 0 6.97874e+228 6.39031e-67 
 1.85 3.944 -2.78586 7.75164e-317 7.72498e-317 -0.058589 1.89409 -2.01425 2.31351 1.01899 0.079116 0.585 3.249 -2.01425 0 6.97874e+228 6.39031e-67 
 1.877 3.957 -2.78591 7.75164e-317 7.72498e-317 -0.0416617 1.86163 -2.00252 2.3412 1.03653 0.0795244 0.586 3.224 -2.00252 0 6.97874e+228 6.39031e-67 
 1.866 3.955 -2.78588 7.75164e-317 7.72498e-317 -0.0295689 1.82968 -1.99294 2.33791 1.06314 0.0816711 0.585 3.198 -1.99294 0 6.97874e+228 6.39031e-67 
 1.884 3.967 -2.78591 7.75164e-317 7.72498e-317 -0.0391945 1.79217 -1.99047 2.38027 1.07246 0.0809245 0.572 3.162 -1.99047 0 6.97874e+228 6.39031e-67 
 1.875 3.961 -2.78585 7.75164e-317 7.72498e-317 -0.089354 1.75979 -1.98986 2.42207 1.0637 0.0788868 0.521 3.13 -1.98986 0 6.97874e+228 6.39031e-67 
 1.837 3.945 -2.78585 7.75164e-317 7.72498e-317 -0.0917784 1.73088 -1.98506 2.40211 1.08773 0.0813279 0.512 3.104 -1.98506 0 6.97874e+228 6.39031e-67 
 1.836 3.923 -2.78581 7.75164e-317 7.72498e-317 -0.0559705 1.69299 -1.9649 2.38275 1.11372 0.0839364 0.52 3.078 -1.9649 0 6.97874e+228 6.39031e-67 
 1.844 3.94 -2.78574 7.75164e-317 7.72498e-317 -0.0390035 1.65096 -1.93978 2.40322 1.14427 0.0854968 0.502 3.05 -1.93978 0 6.97874e+228 6.39031e-67 
 1.873 3.969 -2.78578 7.75164e-317 7.72498e-317 -0.0168377 1.61649 -1.92185 2.43709 1.16786 0.0860438 0.499 3.025 -1.92185 0 6.97874e+228 6.39031e-67 
 1.869 3.967 -2.7858 7.75164e-317 7.72498e-317 -0.00341058 1.57417 -1.90739 2.44306 1.19318 0.0876858 0.492 2.99 -1.90739 0 6.97874e+228 6.39031e-67 
 1.853 3.956 -2.7858 7.75164e-317 7.72498e-317 -0.00786653 1.53948 -1.89151 2.44568 1.20843 0.0887062 0.465 2.963 -1.89151 0 6.97874e+228 6.39031e-67 
 1.847 3.942 -2.78574 7.75164e-317 7.72498e-317 0.0254298 1.50409 -1.871 2.42755 1.23633 0.0914167 0.469 2.937 -1.871 0 6.97874e+228 6.39031e-67 
 1.864 3.967 -2.78575 7.75164e-317 7.72498e-317 0.0668649 1.46819 -1.8429 2.43827 1.2715 0.0935913 0.47 2.913 -1.8429 0 6.97874e+228 6.39031e-67 
 1.873 3.974 -2.78573 7.75164e-317 7.72498e-317 0.090986 1.44141 -1.82555 2.44317 1.29122 0.0948445 0.469 2.893 -1.82555 0 6.97874e+228 6.39031e-67 
 1.885 3.968 -2.78574 7.75164e-317 7.72498e-317 0.112852 1.41863 -1.81807 2.44395 1.30205 0.095605 0.48 2.873 -1.81807 0 6.97874e+228 6.39031e-67 
 1.868 3.952 -2.78564 7.75164e-317 7.72498e-317 0.118819 1.38038 -1.81466 2.4381 1.32088 0.0972106 0.481 2.836 -1.81466 0 6.97874e+228 6.39031e-67 
 1.845 3.952 -2.78561 7.75164e-317 7.72498e-317 0.117175 1.3428 -1.81304 2.44049 1.34397 0.098803 0.477 2.799 -1.81304 0 6.97874e+228 6.39031e-67 
 1.82 3.939 -2.77478 7.75164e-317 7.72498e-317 0.107708 1.30567 -1.81268 2.4521 1.33954 0.0980159 0.467 2.762 -1.81268 0 6.97874e+228 6.39031e-67 
 1.692 3.872 -2.75087 7.75164e-317 7.72498e-317 0.106837 1.27439 -1.8119 2.37113 1.34731 0.101924 0.465 2.731 -1.8119 0 6.97874e+228 6.39031e-67 
 1.627 3.783 -2.68434 7.75164e-317 7.72498e-317 0.0914968 1.23023 -1.81145 2.3775 1.23327 0.0931011 0.449 2.687 -1.81145 0 6.97874e+228 6.39031e-67 
 1.559 3.757 -2.57579 7.75164e-317 7.72498e-317 0.0764181 1.19576 -1.81013 2.43395 1.05125 0.0775879 0.432 2.653 -1.81013 0 6.97874e+228 6.39031e-67 
 1.537 3.83 -2.46938 7.75164e-317 7.72498e-317 0.0831234 1.1579 -1.80485 2.55422 0.886412 0.0623857 0.431 2.617 -1.80485 0 6.97874e+228 6.39031e-67 
 1.368 3.653 -2.37263 7.75164e-317 7.72498e-317 0.09167 1.10537 -1.79147 2.42426 0.750548 0.0556702 0.42 2.569 -1.79147 0 6.97874e+228 6.39031e-67 
 1.287 3.611 -2.28181 7.75164e-317 7.72498e-317 0.109532 1.08002 -1.77451 2.39981 0.61584 0.0461589 0.413 2.549 -1.77451 0 6.97874e+228 6.39031e-67 
 1.296 3.655 -2.20055 7.75164e-317 7.72498e-317 0.121735 1.03728 -1.74722 2.48819 0.467644 0.0338173 0.385 2.514 -1.74722 0 6.97874e+228 6.39031e-67 
 1.25 3.641 -2.13204 7.75164e-317 7.72498e-317 0.177749 0.987667 -1.71075 2.48975 0.398849 0.0288274 0.387 2.473 -1.71075 0 6.97874e+228 6.39031e-67 
 1.194 3.539 -2.07857 7.75164e-317 7.72498e-317 0.237245 0.931618 -1.66477 2.42078 0.351236 0.0261106 0.378 2.425 -1.66477 0 6.97874e+228 6.39031e-67 
 1.141 3.489 -2.03632 7.75164e-317 7.72498e-317 0.280562 0.880435 -1.62779 2.39589 0.330563 0.0248297 0.366 2.378 -1.62779 0 6.97874e+228 6.39031e-67 
 1.037 3.366 -2.00188 7.75164e-317 7.72498e-317 0.346842 0.835283 -1.59024 2.28467 0.369883 0.0291334 0.376 2.335 -1.59024 0 6.97874e+228 6.39031e-67 
 0.921 3.234 -1.96829 7.75164e-317 7.72498e-317 0.426687 0.797335 -1.54967 2.15879 0.441 0.0367541 0.395 2.297 -1.54967 0 6.97874e+228 6.39031e-67 
 0.894 3.192 -1.92907 7.75164e-317 7.72498e-317 0.487851 0.761181 -1.51687 2.1409 0.430584 0.0361864 0.407 2.259 -1.51687 0 6.97874e+228 6.39031e-67 
 0.902 3.167 -1.88255 7.75164e-317 7.72498e-317 0.527232 0.733696 -1.50058 2.1454 0.355655 0.0298307 0.422 2.23 -1.50058 0 6.97874e+228 6.39031e-67 
 0.917 3.151 -1.86919 7.75164e-317 7.72498e-317 0.5786 0.700184 -1.48763 2.15552 0.360732 0.0301144 0.454 2.195 -1.48763 0 6.97874e+228 6.39031e-67 
 0.884 3.134 -1.86962 7.75164e-317 7.72498e-317 0.594391 0.66325 -1.4871 2.16327 0.407342 0.0338809 0.469 2.158 -1.4871 0 6.97874e+228 6.39031e-67 
 0.92 3.165 -1.87059 7.75164e-317 7.72498e-317 0.600862 0.631206 -1.48746 2.22238 0.390888 0.0316491 0.476 2.126 -1.48746 0 6.97874e+228 6.39031e-67 
 0.875 3.127 -1.87073 7.75164e-317 7.72498e-317 0.598147 0.587982 -1.48927 2.219 0.428232 0.0347232 0.476 2.083 -1.48927 0 6.97874e+228 6.39031e-67 
 0.874 3.143 -1.87061 7.75164e-317 7.72498e-317 0.628192 0.542353 -1.49459 2.26614 0.460257 0.0365421 0.514 2.038 -1.49459 0 6.97874e+228 6.39031e-67 
 0.876 3.128 -1.8707 7.75164e-317 7.72498e-317 0.612598 0.479651 -1.50101 2.30999 0.449996 0.0350505 0.508 1.976 -1.50101 0 6.97874e+228 6.39031e-67 
 0.877 3.131 -1.86887 7.75164e-317 7.72498e-317 0.586977 0.429187 -1.51679 2.36087 0.429009 0.0326973 0.506 1.927 -1.51679 0 6.97874e+228 6.39031e-67 
 0.915 3.129 -1.87348 7.75164e-317 7.72498e-317 0.597024 0.38419 -1.51675 2.4016 0.420891 0.0315353 0.516 1.882 -1.51675 0 6.97874e+228 6.39031e-67 
 0.846 3.054 -1.86385 7.75164e-317 7.72498e-317 0.635135 0.353361 -1.51468 2.34744 0.482149 0.0369541 0.551 1.851 -1.51468 0 6.97874e+228 6.39031e-67 
 0.799 2.935 -1.83945 7.75164e-317 7.72498e-317 0.647561 0.332676 -1.51105 2.26012 0.47116 0.0375064 0.558 1.83 -1.51105 0 6.97874e+228 6.39031e-67 
 0.753 2.829 -1.79135 7.75164e-317 7.72498e-317 0.64358 0.30786 -1.50904 2.19547 0.396633 0.0325073 0.551 1.805 -1.50904 0 6.97874e+228 6.39031e-67 
 0.752 2.775 -1.74362 7.75164e-317 7.72498e-317 0.662147 0.287551 -1.50198 2.17273 0.306349 0.0253741 0.559 1.784 -1.50198 0 6.97874e+228 6.39031e-67 
 0.739 2.7 -1.70561 7.75164e-317 7.72498e-317 0.707173 0.241194 -1.47989 2.14864 0.273061 0.0228714 0.571 1.735 -1.47989 0 6.97874e+228 6.39031e-67 
 0.72 2.609 -1.64385 7.75164e-317 7.72498e-317 0.722769 0.213799 -1.48284 2.09797 0.166246 0.0142625 0.591 1.708 -1.48284 0 6.97874e+228 6.39031e-67 
 0.679 2.497 -1.5913 7.75164e-317 7.72498e-317 0.740742 0.157885 -1.48219 2.05131 0.104961 0.00920998 0.608 1.652 -1.48219 0 6.97874e+228 6.39031e-67 
 0.638 2.461 -1.57977 7.75164e-317 7.72498e-317 0.757471 0.111566 -1.47031 2.06157 0.133837 0.0116851 0.607 1.604 -1.47031 0 6.97874e+228 6.39031e-67 
 0.559 2.475 -1.57997 7.75164e-317 7.72498e-317 0.80498 0.0818255 -1.44515 2.10344 0.249849 0.0213773 0.617 1.57 -1.44515 0 6.97874e+228 6.39031e-67 
 0.593 2.448 -1.57921 7.75164e-317 7.72498e-317 0.883775 0.0508418 -1.39606 2.10895 0.288992 0.0246607 0.623 1.528 -1.39606 0 6.97874e+228 6.39031e-67 
 0.586 2.447 -1.57949 7.75164e-317 7.72498e-317 0.957856 0.0492683 -1.35045 2.11374 0.36343 0.0309388 0.63 1.513 -1.35045 0 6.97874e+228 6.39031e-67 
 0.589 2.456 -1.57955 7.75164e-317 7.72498e-317 1.04221 0.057999 -1.30418 2.11938 0.436628 0.0370661 0.647 1.505 -1.30418 0 6.97874e+228 6.39031e-67 
 0.577 2.485 -1.57968 7.75164e-317 7.72498e-317 1.13793 0.0668388 -1.24933 2.14558 0.527956 0.0442632 0.664 1.49 -1.24933 0 6.97874e+228 6.39031e-67 
 0.568 2.49 -1.57969 7.75164e-317 7.72498e-317 1.18618 0.0586105 -1.2195 2.16232 0.574374 0.0477768 0.67 1.467 -1.2195 0 6.97874e+228 6.39031e-67 
 0.602 2.478 -1.57964 7.75164e-317 7.72498e-317 1.20664 0.0355942 -1.20064 2.17057 0.56057 0.0464532 0.664 1.434 -1.20064 0 6.97874e+228 6.39031e-67 
 0.602 2.471 -1.57957 7.75164e-317 7.72498e-317 1.25007 0.0137273 -1.18239 2.18766 0.593875 0.0488251 0.682 1.402 -1.18239 0 6.97874e+228 6.39031e-67 
 0.618 2.47 -1.57954 7.75164e-317 7.72498e-317 1.30128 0.00566435 -1.15689 2.19735 0.621485 0.0508662 0.698 1.379 -1.15689 0 6.97874e+228 6.39031e-67 
 0.607 2.48 -1.57956 7.75164e-317 7.72498e-317 1.33294 -0.00858499 -1.13151 2.22278 0.650972 0.0526667 0.695 1.349 -1.13151 0 6.97874e+228 6.39031e-67 
 0.598 2.463 -1.57953 7.75164e-317 7.72498e-317 1.38751 -0.0202833 -1.10365 2.2254 0.703028 0.0568027 0.712 1.319 -1.10365 0 6.97874e+228 6.39031e-67 
 0.616 2.476 -1.57953 7.75164e-317 7.72498e-317 1.47276 -0.0323896 -1.06804 2.25502 0.749428 0.0597496 0.75 1.282 -1.06804 0 6.97874e+228 6.39031e-67 
 0.608 2.479 -1.57958 7.75164e-317 7.72498e-317 1.54298 -0.0232723 -1.03563 2.25979 0.810584 0.0644764 0.778 1.267 -1.03563 0 6.97874e+228 6.39031e-67 
 0.6 2.479 -1.57954 7.75164e-317 7.72498e-317 1.58783 -0.0380678 -1.01861 2.27954 0.845687 0.0666794 0.801 1.239 -1.01861 0 6.97874e+228 6.39031e-67 
 0.6 2.489 -1.57951 7.75164e-317 7.72498e-317 1.63781 -0.0550786 -1.00604 2.30947 0.874338 0.0680408 0.835 1.212 -1.00604 0 6.97874e+228 6.39031e-67 
 0.579 2.487 -1.57951 7.75164e-317 7.72498e-317 1.6808 -0.0707545 -0.995755 2.33026 0.915539 0.0706031 0.865 1.188 -0.995755 0 6.97874e+228 6.39031e-67 
 0.598 2.48 -1.57953 7.75164e-317 7.72498e-317 1.69173 -0.0844505 -0.996608 2.33474 0.908059 0.0698939 0.877 1.175 -0.996608 0 6.97874e+228 6.39031e-67 
 0.616 2.46 -1.5796 7.75164e-317 7.72498e-317 1.69392 -0.0893299 -0.99646 2.3196 0.901451 0.0698386 0.879 1.17 -0.99646 0 6.97874e+228 6.39031e-67 
 0.554 2.462 -1.57965 7.75164e-317 7.72498e-317 1.69836 -0.0896903 -0.996903 2.33134 0.946904 0.0729796 0.884 1.17 -0.996903 0 6.97874e+228 6.39031e-67 
 0.57 2.457 -1.57966 7.75164e-317 7.72498e-317 1.69526 -0.0917531 -0.99698 2.326 0.934676 0.0722051 0.881 1.168 -0.99698 0 6.97874e+228 6.39031e-67 
 0.573 2.476 -1.57965 7.75164e-317 7.72498e-317 1.68918 -0.0908055 -0.997044 2.33995 0.923187 0.0708969 0.875 1.169 -0.997044 0 6.97874e+228 6.39031e-67 
 0.538 2.45 -1.5797 7.75164e-317 7.72498e-317 1.68711 -0.0888502 -0.997099 2.32117 0.95403 0.0738477 0.873 1.171 -0.997099 0 6.97874e+228 6.39031e-67 
 0.557 2.464 -1.57965 7.75164e-317 7.72498e-317 1.68412 -0.0908451 -0.997093 2.33144 0.934172 0.0719987 0.87 1.169 -0.997093 0 6.97874e+228 6.39031e-67 
 0.561 2.486 -1.57973 7.75164e-317 7.72498e-317 1.68602 -0.0859074 -0.997169 2.34552 0.927968 0.071094 0.872 1.174 -0.997169 0 6.97874e+228 6.39031e-67 
 0.55 2.455 -1.57975 7.75164e-317 7.72498e-317 1.68401 -0.0799178 -0.997182 2.31555 0.944941 0.0733237 0.87 1.18 -0.997182 0 6.97874e+228 6.39031e-67 
 0.573 2.476 -1.57976 7.75164e-317 7.72498e-317 1.68506 -0.0728848 -0.997142 2.3241 0.925726 0.0715742 0.871 1.187 -0.997142 0 6.97874e+228 6.39031e-67 
 0.598 2.469 -1.57976 7.75164e-317 7.72498e-317 1.68003 -0.0739036 -0.997165 2.31465 0.906507 0.0703785 0.866 1.186 -0.997165 0 6.97874e+228 6.39031e-67 
 0.586 2.467 -1.57973 7.75164e-317 7.72498e-317 1.68097 -0.0689411 -0.997211 2.31065 0.917513 0.0713531 0.867 1.191 -0.997211 0 6.97874e+228 6.39031e-67 
 0.606 2.461 -1.57968 7.75164e-317 7.72498e-317 1.68598 -0.0669345 -0.997203 2.30171 0.909196 0.0709822 0.872 1.193 -0.997203 0 6.97874e+228 6.39031e-67 
 0.611 2.463 -1.57962 7.75164e-317 7.72498e-317 1.68196 -0.0679487 -0.99722 2.303 0.901817 0.0703688 0.868 1.192 -0.99722 0 6.97874e+228 6.39031e-67 
 0.594 2.464 -1.57958 7.75164e-317 7.72498e-317 1.67393 -0.0669692 -0.997245 2.30433 0.908078 0.0708149 0.86 1.193 -0.997245 0 6.97874e+228 6.39031e-67 
 0.617 2.476 -1.57951 7.75164e-317 7.72498e-317 1.6749 -0.0709854 -0.997265 2.31478 0.887808 0.0689275 0.861 1.189 -0.997265 0 6.97874e+228 6.39031e-67 
 0.609 2.466 -1.57959 7.75164e-317 7.72498e-317 1.66791 -0.0719772 -0.997255 2.30724 0.89124 0.0694187 0.854 1.188 -0.997255 0 6.97874e+228 6.39031e-67 
 0.62 2.485 -1.57958 7.75164e-317 7.72498e-317 1.66694 -0.0729595 -0.997234 2.32251 0.87711 0.0678736 0.853 1.187 -0.997234 0 6.97874e+228 6.39031e-67 
 0.623 2.47 -1.5796 7.75164e-317 7.72498e-317 1.66681 -0.0700465 -0.99734 2.30684 0.879927 0.068552 0.853 1.19 -0.99734 0 6.97874e+228 6.39031e-67 
 0.61 2.446 -1.57958 7.75164e-317 7.72498e-317 1.66177 -0.0670688 -0.997368 2.28509 0.893202 0.0702432 0.848 1.193 -0.997368 0 6.97874e+228 6.39031e-67 
 0.611 2.467 -1.57954 7.75164e-317 7.72498e-317 1.6658 -0.0680483 -0.997343 2.30419 0.889043 0.0693393 0.852 1.192 -0.997343 0 6.97874e+228 6.39031e-67 
 0.617 2.477 -1.57953 7.75164e-317 7.72498e-317 1.66486 -0.0630148 -0.997301 2.30743 0.882666 0.0687473 0.851 1.197 -0.997301 0 6.97874e+228 6.39031e-67 
