 3.055 2.359 -0.590177 0 0 3.09547 2.91066 1.81306 0 0 0 2.306 3.314 0 0 0 0 
 3.058 2.358 -0.590177 0 0 3.09727 2.91177 29.4799 1.02446e-08 1.40749 0.523599 2.305 3.32 0 0 0 0 
 3.06 2.359 -0.589309 0 0 3.10016 2.91337 2.87265 1.03638e-08 1.40891 0.523599 2.31 3.323 0 0 0 0 
 3.057 2.352 -0.516069 0 0 3.09747 2.90607 2.09822 -6.81951e-10 1.40773 -0.523599 2.308 3.315 0 0 0 0 
 3.055 2.342 -0.385748 0 0 3.09727 2.89937 0.715431 3.78836e-08 1.39679 0.523599 2.312 3.316 0 0 0 0 
 3.054 2.343 -0.245063 0 0 3.09596 2.90006 0.856277 3.54866e-07 1.36811 0.523599 2.31 3.316 0 0 0 0 
 3.039 2.338 -0.10402 0 0 3.08637 2.89807 -0.91663 0.0476267 1.33937 0.523599 2.313 3.321 0 0 0 0 
 3.028 2.328 0.0348616 0 0 3.07807 2.89077 -3.99789 0.0993445 1.28987 0.523599 2.311 3.32 0 0 0 0 
 3.024 2.327 0.170455 0 0 3.07286 2.88916 -1.79254 0.144356 1.21994 0.523599 2.303 3.317 0 0 0 0 
 3.045 2.332 0.299396 0 0 3.08847 2.89357 0.369067 0.18179 1.14378 0.523599 2.306 3.32 0 0 0 0 
 3.07 2.333 0.420517 0 0 3.10536 2.89336 0.138075 0.21247 1.06551 0.523599 2.304 3.317 0 0 0 0 
 3.095 2.337 0.534407 0 0 3.12287 2.89586 2.62332 0.238873 0.98474 0.523599 2.304 3.316 0 0 0 0 
 3.11 2.339 0.640651 0 0 3.13456 2.89727 0.903581 0.263353 0.899694 0.523599 2.308 3.316 0 0 0 0 
 3.129 2.339 0.731125 0 0 3.14846 2.89637 0.376195 0.28115 0.82648 0.523599 2.31 3.313 0 0 0 0 
 3.149 2.343 0.823204 0 0 3.16097 2.89887 -0.786799 0.296393 0.752397 0.523599 2.305 3.312 0 0 0 0 
 3.188 2.349 0.916922 0 0 3.18886 2.90397 0.78911 0.309528 0.681316 0.523599 2.307 3.315 0 0 0 0 
 3.216 2.364 0.986447 0 0 3.21087 2.91387 -0.275112 0.316426 0.620545 0.523599 2.315 3.313 0 0 0 0 
 3.238 2.369 1.05664 0 0 3.22327 2.91856 0.425513 0.32443 0.568294 0.523599 2.305 3.317 0 0 0 0 
 3.259 2.386 1.12229 0 0 3.23767 2.93167 -0.47483 0.329607 0.512523 0.523599 2.304 3.321 0 0 0 0 
 3.282 2.415 1.18078 0 0 3.25347 2.95137 0.0528496 0.329612 0.46273 0.511664 2.303 3.319 0 0 0 0 
 3.303 2.437 1.23305 0 0 3.27057 2.96737 -0.750325 0.330964 0.414972 0.464872 2.311 3.321 0 0 0 0 
 3.326 2.458 1.27991 0 0 3.28937 2.98296 5.13185 0.331567 0.37382 0.423663 2.32 3.324 0 0 0 0 
 3.339 2.483 1.3223 0 0 3.29787 2.99927 0.0158446 0.329178 0.337317 0.389003 2.318 3.32 0 0 0 0 
 3.348 2.511 1.36044 0 0 3.30237 3.01496 20.8937 0.323768 0.30513 0.3605 2.312 3.307 0 0 0 0 
 3.355 2.545 1.39542 0 0 3.30787 3.03937 -1.79917 0.319877 0.271563 0.327366 2.314 3.309 0 0 0 0 
 3.352 2.572 1.42673 0 0 3.30547 3.05677 -1.53182 0.315595 0.238058 0.29304 2.313 3.304 0 0 0 0 
 3.352 2.605 1.45491 0 0 3.30667 3.08017 -1.76956 0.310887 0.207003 0.260295 2.317 3.305 0 0 0 0 
 3.365 2.641 1.47944 0 0 3.31787 3.10627 -0.478288 0.305472 0.186258 0.239225 2.324 3.308 0 0 0 0 
 3.38 2.672 1.50041 0 0 3.32627 3.12617 1.46812 0.298904 0.179552 0.235811 2.317 3.302 0 0 0 0 
 3.39 2.712 1.51879 0 0 3.33567 3.15566 3.10697 0.29272 0.163444 0.219738 2.325 3.307 0 0 0 0 
 3.392 2.747 1.53683 0 0 3.33556 3.18017 -5.54234 0.286454 0.151367 0.208301 2.32 3.307 0 0 0 0 
 3.392 2.774 1.55241 0 0 3.33347 3.20086 -1.58972 0.282852 0.141856 0.19798 2.313 3.313 0 0 0 0 
 3.404 2.815 1.5673 0 0 3.34277 3.23017 -0.542003 0.275644 0.135042 0.193513 2.316 3.315 0 0 0 0 
 3.417 2.85 1.58142 0 0 3.35007 3.25436 0.246863 0.269089 0.135892 0.199321 2.31 3.314 0 0 0 0 
 3.428 2.886 1.5945 0 0 3.36107 3.28077 0.405734 0.263152 0.1257 0.188792 2.321 3.318 0 0 0 0 
 3.428 2.924 1.60775 0 0 3.35987 3.30797 0.75678 0.256448 0.118581 0.182893 2.317 3.32 0 0 0 0 
 3.42 2.967 1.62034 0 0 3.35367 3.33627 0.870916 0.246991 0.106626 0.170994 2.315 3.314 0 0 0 0 
 3.417 3.001 1.63242 0 0 3.35157 3.36066 1.00252 0.240899 0.0965815 0.159014 2.315 3.316 0 0 0 0 
 3.407 3.025 1.64278 0 0 3.34457 3.37627 0.771452 0.235405 0.0833212 0.140644 2.315 3.312 0 0 0 0 
 3.407 3.052 1.65242 0 0 3.34547 3.39667 0.812073 0.231179 0.0751584 0.129318 2.318 3.317 0 0 0 0 
 3.411 3.083 1.66047 0 0 3.34737 3.41926 1.55365 0.22593 0.0756601 0.133161 2.315 3.32 0 0 0 0 
 3.413 3.109 1.66871 0 0 3.34847 3.43837 2.42397 0.221598 0.0731907 0.131354 2.314 3.323 0 0 0 0 
 3.408 3.13 1.6761 0 0 3.34617 3.45397 1.71931 0.217955 0.0629558 0.115029 2.318 3.326 0 0 0 0 
 3.4 3.142 1.68382 0 0 3.34177 3.46417 0.933518 0.216585 0.0494698 0.0911103 2.322 3.332 0 0 0 0 
 3.401 3.174 1.69003 0 0 3.33977 3.48387 2.7577 0.208832 0.055468 0.105847 2.313 3.323 0 0 0 0 
 3.389 3.192 1.69505 0 0 3.32897 3.49736 2.54744 0.205834 0.0504996 0.0978235 2.305 3.326 0 0 0 0 
 3.383 3.207 1.70085 0 0 3.32536 3.50667 1.88854 0.201938 0.0426765 0.0843333 2.307 3.322 0 0 0 0 
 3.376 3.229 1.7054 0 0 3.32046 3.52237 1.55966 0.197651 0.0367279 0.0741922 2.307 3.323 0 0 0 0 
 3.373 3.25 1.70982 0 0 3.31867 3.53947 1.41555 0.195015 0.0322078 0.0659663 2.308 3.331 0 0 0 0 
 3.364 3.261 1.71354 0 0 3.31117 3.54296 1.38802 0.189979 0.0288065 0.0605776 2.304 3.317 0 0 0 0 
 3.357 3.271 1.7173 0 0 3.30267 3.54966 2.26195 0.187994 0.0309704 0.0658014 2.292 3.316 0 0 0 0 
 3.358 3.288 1.72033 0 0 3.30517 3.56397 1.78456 0.186093 0.0264253 0.056739 2.298 3.324 0 0 0 0 
 3.354 3.298 1.72333 0 0 3.30357 3.57427 1.04111 0.186059 0.0186892 0.0401576 2.302 3.335 0 0 0 0 
 3.353 3.325 1.72682 0 0 3.30467 3.59407 0.8709 0.181141 0.0141657 0.0312709 2.308 3.338 0 0 0 0 
 3.342 3.345 1.72916 0 0 3.29817 3.60687 0.319552 0.175962 0.0047707 0.0108445 2.312 3.334 0 0 0 0 
 3.338 3.362 1.73157 0 0 3.29447 3.61967 0.381674 0.173185 0.00415504 0.00959649 2.309 3.337 0 0 0 0 
 3.341 3.377 1.73297 0 0 3.29597 3.62837 0.84509 0.169228 0.00932384 0.022035 2.307 3.331 0 0 0 0 
 3.36 3.399 1.73423 0 0 3.30956 3.64256 8.5148 0.164729 0.0246015 0.0596673 2.308 3.327 0 0 0 0 
 3.367 3.421 1.73618 0 0 3.31297 3.65917 -3.17882 0.161622 0.0343103 0.0847116 2.303 3.331 0 0 0 0 
 3.36 3.432 1.73806 0 0 3.30657 3.66597 -2.88295 0.158827 0.0335525 0.0843008 2.298 3.328 0 0 0 0 
 3.343 3.441 1.741 0 0 3.29377 3.67227 -65.7308 0.156599 0.022895 0.0584141 2.295 3.328 0 0 0 0 
 3.34 3.461 1.74337 0 0 3.29526 3.68777 2.68363 0.153152 0.0126092 0.0329207 2.307 3.333 0 0 0 0 
 3.343 3.471 1.74564 0 0 3.30067 3.69567 1.47921 0.151509 0.00641944 0.0169464 2.318 3.336 0 0 0 0 
 3.333 3.492 1.74755 0 0 3.29367 3.70977 0.926024 0.146659 0.00106817 0.00291335 2.318 3.334 0 0 0 0 
 3.328 3.506 1.74918 0 0 3.28987 3.71897 0.840038 0.143387 -0.000641322 -0.00178906 2.317 3.332 0 0 0 0 
 3.321 3.523 1.7505 0 0 3.28527 3.73057 0.513925 0.139582 -0.00483577 -0.013857 2.318 3.331 0 0 0 0 
 3.322 3.537 1.75143 0 0 3.28297 3.74157 1.71389 0.138018 0.00411636 0.0119294 2.308 3.335 0 0 0 0 
 3.315 3.547 1.75207 0 0 3.27837 3.74796 1.02466 0.135384 -0.000488358 -0.00144288 2.309 3.333 0 0 0 0 
 3.311 3.551 1.75291 0 0 3.27617 3.75047 0.623032 0.134191 -0.00467539 -0.0139356 2.311 3.332 0 0 0 0 
 3.302 3.562 1.75347 0 0 3.27077 3.75787 0.012494 0.131415 -0.012225 -0.0371934 2.314 3.331 0 0 0 0 
 3.3 3.57 1.75384 0 0 3.26907 3.76467 -0.00953818 0.130596 -0.0126133 -0.0386139 2.313 3.335 0 0 0 0 
 3.302 3.588 1.75402 0 0 3.26987 3.77907 0.350897 0.128391 -0.00810327 -0.0252402 2.311 3.341 0 0 0 0 
 3.305 3.607 1.75455 0 0 3.27257 3.79237 0.63845 0.124711 -0.00501118 -0.0160715 2.313 3.341 0 0 0 0 
 3.31 3.628 1.75472 0 0 3.27577 3.80467 2.08085 0.11926 0.00342869 0.0114994 2.312 3.333 0 0 0 0 
 3.316 3.654 1.75478 0 0 3.28057 3.82377 12.7129 0.114912 0.00965399 0.0335922 2.314 3.336 0 0 0 0 
 3.314 3.663 1.75511 0 0 3.28096 3.83127 2.49529 0.113642 0.0041879 0.0147396 2.32 3.34 0 0 0 0 
 3.307 3.674 1.75544 0 0 3.27786 3.83927 0.700086 0.111213 -0.00436743 -0.015707 2.326 3.341 0 0 0 0 
 3.309 3.69 1.75538 0 0 3.27747 3.85017 2.60466 0.108183 0.00412362 0.0152457 2.32 3.34 0 0 0 0 
 3.305 3.701 1.75567 0 0 3.27407 3.85787 2.66956 0.10596 0.00405548 0.0153083 2.318 3.34 0 0 0 0 
 3.289 3.707 1.75616 0 0 3.26197 3.86237 0.594495 0.104507 -0.00532716 -0.0203868 2.315 3.341 0 0 0 0 
 3.282 3.715 1.7561 0 0 3.25737 3.86797 0.0740555 0.102653 -0.0102707 -0.0399996 2.316 3.341 0 0 0 0 
 3.285 3.731 1.75617 0 0 3.25857 3.87917 0.805854 0.0997435 -0.00344193 -0.0138023 2.313 3.341 0 0 0 0 
 3.294 3.749 1.75652 0 0 3.26637 3.89147 2.10843 0.0961771 0.00221994 0.00923246 2.318 3.34 0 0 0 0 
 3.298 3.766 1.75687 0 0 3.27037 3.90157 5.11217 0.091684 0.00543544 0.0237094 2.322 3.334 0 0 0 0 
 3.293 3.767 1.75702 0 0 3.26807 3.90227 1.15796 0.0911567 -0.00141276 -0.00619917 2.326 3.334 0 0 0 0 
 3.29 3.773 1.75723 0 0 3.26687 3.90407 0.71081 0.0882006 -0.00409347 -0.0185622 2.329 3.326 0 0 0 0 
 3.288 3.78 1.75772 0 0 3.26457 3.90836 1.04143 0.0864784 -0.00217561 -0.0100628 2.326 3.324 0 0 0 0 
 3.29 3.784 1.75782 0 0 3.26626 3.91086 1.36383 0.0855385 -0.000705233 -0.00329784 2.327 3.323 0 0 0 0 
 3.284 3.779 1.75806 0 0 3.26296 3.90857 0.12431 0.0869657 -0.00907398 -0.0417117 2.33 3.327 0 0 0 0 
 3.291 3.784 1.75828 0 0 3.26816 3.91566 0.568884 0.0885535 -0.00552499 -0.0249515 2.331 3.339 0 0 0 0 
 3.296 3.791 1.75836 0 0 3.27137 3.92236 1.40052 0.0885797 -0.0007662 -0.00345992 2.33 3.345 0 0 0 0 
 3.286 3.795 1.75858 0 0 3.26137 3.92427 1.688 0.0872123 0.000186326 0.000854588 2.32 3.342 0 0 0 0 
 3.288 3.799 1.75863 0 0 3.26217 3.92647 4.44206 0.0861893 0.00415144 0.0192642 2.318 3.34 0 0 0 0 
 3.291 3.817 1.75876 0 0 3.26516 3.94027 16.9653 0.0834555 0.0061854 0.0296378 2.321 3.344 0 0 0 0 
 3.283 3.838 1.75909 0 0 3.26017 3.95557 2.14594 0.0793719 0.00112647 0.00567687 2.323 3.346 0 0 0 0 
 3.28 3.859 1.75907 0 0 3.25836 3.96937 2.4408 0.0745356 0.00158461 0.00850369 2.324 3.343 0 0 0 0 
 3.293 3.879 1.75909 0 0 3.26687 3.98246 -1.0659 0.0706095 0.0168339 0.0950761 2.322 3.34 0 0 0 0 
 3.31 3.893 1.75944 0 0 3.27996 3.99106 -0.124071 0.067597 0.0297462 0.174236 2.326 3.336 0 0 0 0 
 3.304 3.905 1.75959 0 0 3.27606 3.99797 -0.188506 0.0640123 0.0268392 0.166166 2.327 3.331 0 0 0 0 
 3.3 3.909 1.76001 0 0 3.27267 3.99926 -0.16199 0.0621823 0.0265585 0.169209 2.325 3.326 0 0 0 0 
 3.293 3.916 1.76079 0 0 3.26777 4.00206 -0.275639 0.0591862 0.0230107 0.154278 2.325 3.319 0 0 0 0 
 3.285 3.926 1.76156 0 0 3.26157 4.00847 -0.396274 0.056618 0.0199477 0.140006 2.323 3.317 0 0 0 0 
 3.271 3.93 1.76255 0 0 3.25117 4.01217 -1.56034 0.055965 0.0103203 0.073629 2.321 3.32 0 0 0 0 
 3.264 3.93 1.76338 0 0 3.24716 4.01277 4.837 0.055974 0.0018486 0.0132097 2.324 3.322 0 0 0 0 
 3.261 3.926 1.76408 0 0 3.24356 4.01177 4.76737 0.0580019 0.00171996 0.0118608 2.319 3.328 0 0 0 0 
 3.259 3.923 1.76446 0 0 3.24337 4.01027 0.845358 0.0587483 -0.00391936 -0.0266794 2.323 3.33 0 0 0 0 
 3.264 3.925 1.76474 0 0 3.24747 4.01166 1.71086 0.0584725 -0.00129181 -0.00883684 2.325 3.33 0 0 0 0 
 3.271 3.924 1.76498 0 0 3.25206 4.01367 43.4081 0.0607305 0.00344116 0.0226613 2.324 3.339 0 0 0 0 
 3.272 3.926 1.76533 0 0 3.25337 4.01327 -33.8538 0.0591318 0.00381751 0.025818 2.326 3.333 0 0 0 0 
 3.268 3.928 1.7658 0 0 3.25056 4.01347 5.21215 0.0578075 0.00147082 0.010177 2.326 3.329 0 0 0 0 
 3.26 3.934 1.76616 0 0 3.24437 4.01647 1.58795 0.0556256 -0.00181749 -0.0130687 2.324 3.325 0 0 0 0 
 3.259 3.944 1.76649 0 0 3.24397 4.02377 1.48415 0.0537929 -0.00206764 -0.0153736 2.325 3.326 0 0 0 0 
 3.257 3.953 1.76677 0 0 3.24197 4.03097 1.95316 0.0526226 -0.00117883 -0.00896037 2.323 3.329 0 0 0 0 
 3.252 3.959 1.76698 0 0 3.23997 4.03667 -0.171761 0.0520421 -0.00906191 -0.0695383 2.328 3.334 0 0 0 0 
 3.246 3.963 1.76718 0 0 3.23607 4.03947 -6.29968 0.0509933 -0.0140765 -0.109973 2.329 3.334 0 0 0 0 
 3.248 3.964 1.767 0 0 3.23626 4.04017 -0.210305 0.0510283 -0.00907896 -0.0710482 2.325 3.334 0 0 0 0 
 3.252 3.971 1.76718 0 0 3.23757 4.04476 2.38006 0.0498148 -0.000641832 -0.0051537 2.32 3.333 0 0 0 0 
 3.258 3.973 1.76741 0 0 3.24086 4.04647 -2.20984 0.0499705 0.00667913 0.0534136 2.317 3.334 0 0 0 0 
 3.26 3.981 1.76761 0 0 3.24257 4.05386 -1.69454 0.0496202 0.00776007 0.0624743 2.318 3.34 0 0 0 0 
 3.258 3.997 1.76783 0 0 3.24176 4.06687 -2.30702 0.0475145 0.00612289 0.0514998 2.32 3.346 0 0 0 0 
 3.255 4.01 1.768 0 0 3.24057 4.07657 -9.86448 0.0451356 0.00304406 0.0269705 2.323 3.348 0 0 0 0 
 3.252 4.011 1.76824 0 0 3.23967 4.07577 1.67542 0.0436928 -0.00166856 -0.0152742 2.327 3.343 0 0 0 0 
 3.25 4.017 1.76854 0 0 3.23947 4.07847 0.481554 0.0413144 -0.00479088 -0.0463514 2.331 3.338 0 0 0 0 
 3.244 4.024 1.76866 0 0 3.23557 4.08157 -0.601344 0.0385076 -0.00837955 -0.0868241 2.332 3.332 0 0 0 0 
 3.238 4.027 1.76874 0 0 3.23017 4.08216 -0.946167 0.0368699 -0.00872601 -0.0943868 2.328 3.327 0 0 0 0 
 3.231 4.03 1.76885 0 0 3.22437 4.08367 4.19001 0.0357398 -0.0111823 -0.124505 2.325 3.325 0 0 0 0 
 3.231 4.029 1.76872 0 0 3.22376 4.08326 -2.70943 0.0362075 -0.00986261 -0.108528 2.323 3.326 0 0 0 0 
 3.23 4.036 1.76887 0 0 3.22157 4.08966 -0.0792264 0.0359723 -0.0063169 -0.0701266 2.318 3.331 0 0 0 0 
 3.227 4.043 1.7687 0 0 3.21827 4.09517 0.321682 0.0350364 -0.00466999 -0.0532655 2.314 3.333 0 0 0 0 
 3.222 4.05 1.76878 0 0 3.21476 4.10007 -0.739414 0.0334771 -0.0076118 -0.0906998 2.314 3.333 0 0 0 0 
 3.224 4.058 1.76866 0 0 3.21497 4.10537 1.70663 0.0319558 -0.00125183 -0.0156682 2.31 3.332 0 0 0 0 
 3.22 4.066 1.76871 0 0 3.21307 4.11157 -0.29531 0.0305135 -0.00598603 -0.0783102 2.313 3.334 0 0 0 0 
 3.22 4.073 1.76866 0 0 3.21337 4.11736 -0.42673 0.0296947 -0.00614552 -0.0825944 2.314 3.337 0 0 0 0 
 3.214 4.074 1.76855 0 0 3.21127 4.11836 -0.5643 0.0291935 -0.0167468 -0.225555 2.321 3.338 0 0 0 0 
 3.214 4.072 1.76843 0 0 3.21007 4.11607 4.86495 0.0291524 -0.0133034 -0.180548 2.317 3.335 0 0 0 0 
 3.209 4.071 1.76831 0 0 3.20717 4.11447 7.96412 0.0284943 -0.0186878 -0.256556 2.319 3.332 0 0 0 0 
 3.213 4.074 1.76829 0 0 3.21057 4.11536 -3.34338 0.0272052 -0.0159263 -0.23002 2.321 3.328 0 0 0 0 
 3.208 4.071 1.76825 0 0 3.20707 4.11177 0.398293 0.026624 -0.0196934 -0.287667 2.321 3.323 0 0 0 0 
 3.201 4.067 1.76818 0 0 3.20217 4.10896 9.10485 0.027139 -0.026055 -0.366657 2.321 3.323 0 0 0 0 
 3.198 4.066 1.76768 0 0 3.19917 4.10827 -6.70365 0.0273372 -0.0261567 -0.365528 2.318 3.323 0 0 0 0 
 3.195 4.067 1.76698 0 0 3.19766 4.11016 0.531807 0.0277396 -0.0306424 -0.416062 2.32 3.327 0 0 0 0 
 3.198 4.068 1.76664 0 0 3.20037 4.11026 -1.48771 0.0271936 -0.0293138 -0.407099 2.322 3.325 0 0 0 0 
 3.201 4.073 1.76643 0 0 3.20127 4.11526 -0.983512 0.0274575 -0.0235569 -0.330583 2.318 3.33 0 0 0 0 
 3.204 4.075 1.76587 0 0 3.20157 4.11786 2.96375 0.0281901 -0.0164439 -0.229228 2.312 3.334 0 0 0 0 
 3.21 4.079 1.76556 0 0 3.20427 4.12097 -1.68116 0.0280234 -0.00693099 -0.0986104 2.307 3.335 0 0 0 0 
 3.202 4.074 1.76492 0 0 3.19956 4.11686 2.96403 0.0281937 -0.0163314 -0.227685 2.31 3.333 0 0 0 0 
 3.201 4.072 1.7645 0 0 3.19617 4.11457 0.715565 0.0283017 -0.00957872 -0.134562 2.301 3.33 0 0 0 0 
 3.205 4.071 1.7639 0 0 3.19807 4.11537 -0.114669 0.0297391 -0.00473745 -0.0636341 2.298 3.335 0 0 0 0 
 3.203 4.068 1.76354 0 0 3.19757 4.11326 1.94661 0.0301362 -0.00925096 -0.122177 2.301 3.335 0 0 0 0 
 3.194 4.075 1.76331 0 0 3.19247 4.11816 0.153745 0.0282832 -0.0187531 -0.25925 2.305 3.335 0 0 0 0 
 3.196 4.081 1.76283 0 0 3.19537 4.12326 -0.663398 0.027588 -0.0206849 -0.291375 2.31 3.338 0 0 0 0 
 3.202 4.084 1.76222 0 0 3.20106 4.12357 -10.8661 0.0258697 -0.0183976 -0.277145 2.315 3.332 0 0 0 0 
 3.204 4.088 1.76155 0 0 3.20217 4.12636 1.88736 0.0252021 -0.0152407 -0.237337 2.314 3.332 0 0 0 0 
 3.207 4.095 1.76109 0 0 3.20277 4.13006 2.20396 0.0233521 -0.00690164 -0.117672 2.309 3.328 0 0 0 0 
 3.214 4.101 1.76029 0 0 3.20647 4.13366 -2.52392 0.0222023 0.0034835 0.0626772 2.305 3.326 0 0 0 0 
 3.218 4.108 1.76009 0 0 3.21047 4.13946 -1.68161 0.0214211 0.00413508 0.0770621 2.309 3.329 0 0 0 0 
 3.213 4.105 1.76009 0 0 3.20817 4.13887 -0.878825 0.0226467 -0.00453276 -0.07989 2.313 3.334 0 0 0 0 
 3.202 4.107 1.76 0 0 3.20166 4.14116 -9.81815 0.0222883 -0.0170242 -0.296519 2.317 3.337 0 0 0 0 
 3.192 4.111 1.7595 0 0 3.19587 4.14307 -2.11281 0.0204132 -0.0274432 -0.493392 2.321 3.334 0 0 0 0 
 3.194 4.122 1.75847 0 0 3.19787 4.15107 2.88191 0.0184643 -0.0258338 -0.510222 2.323 3.335 0 0 0 0 
 3.196 4.132 1.75681 0 0 3.19987 4.15747 0.315249 0.0161271 -0.0238892 -0.523599 2.325 3.333 0 0 0 0 
 3.204 4.137 1.75476 0 0 3.20457 4.16157 -0.557581 0.0159426 -0.0141801 -0.341814 2.322 3.335 0 0 0 0 
 3.204 4.141 1.75272 0 0 3.20427 4.16436 0.181892 0.0152022 -0.0126124 -0.320421 2.321 3.335 0 0 0 0 
 3.208 4.132 1.75129 0 0 3.20647 4.15657 -0.304949 0.0162005 -0.00814207 -0.198389 2.319 3.33 0 0 0 0 
 3.205 4.125 1.75027 0 0 3.20317 4.15137 4.24444 0.0174116 -0.00813688 -0.184797 2.315 3.329 0 0 0 0 
 3.207 4.112 1.74902 0 0 3.20487 4.14167 -4.04596 0.019602 -0.0088398 -0.178466 2.316 3.327 0 0 0 0 
 3.214 4.111 1.74851 0 0 3.20947 4.13917 0.0726228 0.0189038 -0.00144426 -0.0305506 2.315 3.321 0 0 0 0 
 3.215 4.106 1.74762 0 0 3.20956 4.13536 1.21009 0.0197919 0.000517242 0.0104533 2.313 3.32 0 0 0 0 
 3.22 4.108 1.74741 0 0 3.21307 4.13796 -2.42225 0.0203585 0.00437057 0.0856621 2.313 3.324 0 0 0 0 
 3.22 4.106 1.74717 0 0 3.21217 4.13417 -0.486997 0.0192895 0.00776022 0.159553 2.31 3.316 0 0 0 0 
 3.219 4.101 1.74721 0 0 3.20997 4.13096 -0.176783 0.0206048 0.0101682 0.19489 2.305 3.317 0 0 0 0 
 3.21 4.114 1.74724 0 0 3.20127 4.14066 0.0891501 0.0184173 0.0109814 0.234129 2.297 3.319 0 0 0 0 
 3.204 4.128 1.74743 0 0 3.19887 4.15226 76.414 0.0164297 0.00222134 0.0540284 2.303 3.325 0 0 0 0 
