 0.748 0.694 0.01 6.9481e-310 6.52168e-38 0.7164 0.6291 0.245 0 0 0 3.21143e-322 1.14593e-316 1.14596e-316 9.30226e+242 3.77675e+209 4.26137e+257 
 0.716 0.672 0.01 6.9481e-310 6.52168e-38 0.794 0.6485 0.245 0.345609 0.399586 0.205183 3.21143e-322 1.14593e-316 1.14596e-316 9.30226e+242 3.77675e+209 4.26137e+257 
 0.713 0.705 0.014193 6.9481e-310 6.52168e-38 0.7552 0.6388 0.245 0.302567 0.175165 0.103833 3.21143e-322 1.14593e-316 1.14596e-316 9.30226e+242 3.77675e+209 4.26137e+257 
 0.765 0.745 0.0395772 6.9481e-310 6.52168e-38 0.7358 0.634 0.245 0.21487 -0.15783 -0.131454 3.21143e-322 1.14593e-316 1.14596e-316 9.30226e+242 3.77675e+209 4.26137e+257 
 0.725 0.697 0.0462609 6.9481e-310 6.52168e-38 0.7358 0.634 0.245 0.271848 0.150968 0.0996302 3.21143e-322 1.14593e-316 1.14596e-316 9.30226e+242 3.77675e+209 4.26137e+257 
 0.706 0.793 0.0386277 6.9481e-310 6.52168e-38 0.794 0.6485 0.245 0.334385 -0.325033 -0.173212 3.21143e-322 1.14593e-316 1.14596e-316 9.30226e+242 3.77675e+209 4.26137e+257 
 0.769 0.811 0.03559 6.9481e-310 6.52168e-38 0.7358 0.634 0.245 0.204148 -0.541542 -0.445473 3.21143e-322 1.14593e-316 1.14596e-316 9.30226e+242 3.77675e+209 4.26137e+257 
 0.722 0.829 -0.00253109 6.9481e-310 6.52168e-38 0.7358 0.634 0.245 0.259904 -0.550514 -0.364253 3.21143e-322 1.14593e-316 1.14596e-316 9.30226e+242 3.77675e+209 4.26137e+257 
 0.702 0.841 -0.0572929 6.9481e-310 6.52168e-38 0.8134 0.6534 0.245 0.360685 -0.389712 -0.192088 3.21143e-322 1.14593e-316 1.14596e-316 9.30226e+242 3.77675e+209 4.26137e+257 
 0.748 0.885 -0.10722 6.9481e-310 6.52168e-38 0.7746 0.6437 0.245 0.283491 -0.66997 -0.402203 3.21143e-322 1.14593e-316 1.14596e-316 9.30226e+242 3.77675e+209 4.26137e+257 
 0.703 0.911 -0.149356 6.9481e-310 6.52168e-38 0.7552 0.6388 0.245 0.322548 -0.696054 -0.370499 3.21143e-322 1.14593e-316 1.14596e-316 9.30226e+242 3.77675e+209 4.26137e+257 
 0.645 0.881 -0.219142 6.9481e-310 6.52168e-38 0.8134 0.6534 0.245 0.432137 -0.207431 -0.0861882 3.21143e-322 1.14593e-316 1.14596e-316 9.30226e+242 3.77675e+209 4.26137e+257 
 0.655 0.93 -0.270663 6.9481e-310 6.52168e-38 0.7746 0.6437 0.245 0.403205 -0.449178 -0.197899 3.21143e-322 1.14593e-316 1.14596e-316 9.30226e+242 3.77675e+209 4.26137e+257 
 0.683 0.989 -0.297279 6.9481e-310 6.52168e-38 0.7164 0.6291 0.245 0.354709 -0.844127 -0.404713 3.21143e-322 1.14593e-316 1.14596e-316 9.30226e+242 3.77675e+209 4.26137e+257 
 0.686 1.023 -0.354743 6.9481e-310 6.52168e-38 0.7358 0.634 0.245 0.391545 -0.835637 -0.366774 3.21143e-322 1.14593e-316 1.14596e-316 9.30226e+242 3.77675e+209 4.26137e+257 
 0.683 1.063 -0.439842 6.9481e-310 6.52168e-38 0.7746 0.6437 0.245 0.455419 -0.720025 -0.277253 3.21143e-322 1.14593e-316 1.14596e-316 9.30226e+242 3.77675e+209 4.26137e+257 
 0.707 1.078 -0.516906 6.9481e-310 6.52168e-38 0.7746 0.6437 0.245 0.454705 -0.691023 -0.267017 3.21143e-322 1.14593e-316 1.14596e-316 9.30226e+242 3.77675e+209 4.26137e+257 
 0.74 1.133 -0.586942 6.9481e-310 6.52168e-38 0.794 0.6485 0.245 0.488233 -0.740308 -0.266444 3.21143e-322 1.14593e-316 1.14596e-316 9.30226e+242 3.77675e+209 4.26137e+257 
 0.758 1.174 -0.652386 6.9481e-310 6.52168e-38 0.8134 0.6534 0.245 0.525153 -0.708043 -0.238084 3.21143e-322 1.14593e-316 1.14596e-316 9.30226e+242 3.77675e+209 4.26137e+257 
 0.754 1.239 -0.719327 6.9481e-310 6.52168e-38 0.8522 0.6631 0.245 0.60551 -0.598768 -0.176151 3.21143e-322 1.14593e-316 1.14596e-316 9.30226e+242 3.77675e+209 4.26137e+257 
 0.812 1.248 -0.788595 6.9481e-310 6.52168e-38 0.891 0.6728 0.245 0.600749 -0.523427 -0.155565 3.21143e-322 1.14593e-316 1.14596e-316 9.30226e+242 3.77675e+209 4.26137e+257 
 0.862 1.272 -0.835685 6.9481e-310 6.52168e-38 0.891 0.6728 0.245 0.59755 -0.596912 -0.177907 3.21143e-322 1.14593e-316 1.14596e-316 9.30226e+242 3.77675e+209 4.26137e+257 
 0.868 1.32 -0.89524 6.9481e-310 6.52168e-38 0.9493 0.6873 0.245 0.661191 -0.414039 -0.112243 3.21143e-322 1.14593e-316 1.14596e-316 9.30226e+242 3.77675e+209 4.26137e+257 
 0.932 1.394 -0.948912 6.9481e-310 6.52168e-38 1.0075 0.7019 0.245 0.71594 -0.403268 -0.101044 3.21143e-322 1.14593e-316 1.14596e-316 9.30226e+242 3.77675e+209 4.26137e+257 
 0.972 1.408 -0.993515 6.9481e-310 6.52168e-38 1.0269 0.7067 0.245 0.718081 -0.378281 -0.0945404 3.21143e-322 1.14593e-316 1.14596e-316 9.30226e+242 3.77675e+209 4.26137e+257 
 1.03 1.42 -1.04327 6.9481e-310 6.52168e-38 1.1045 0.7261 0.245 0.722591 -0.233194 -0.0580242 3.21143e-322 1.14593e-316 1.14596e-316 9.30226e+242 3.77675e+209 4.26137e+257 
 1.093 1.486 -1.08036 6.9481e-310 6.52168e-38 1.1433 0.7358 0.245 0.76757 -0.274333 -0.0642443 3.21143e-322 1.14593e-316 1.14596e-316 9.30226e+242 3.77675e+209 4.26137e+257 
 1.153 1.534 -1.09924 6.9481e-310 6.52168e-38 1.2015 0.7504 0.245 0.79984 -0.270729 -0.0608509 3.21143e-322 1.14593e-316 1.14596e-316 9.30226e+242 3.77675e+209 4.26137e+257 
 1.194 1.577 -1.12931 6.9481e-310 6.52168e-38 1.2791 0.7698 0.245 0.837187 -0.151716 -0.0326083 3.21143e-322 1.14593e-316 1.14596e-316 9.30226e+242 3.77675e+209 4.26137e+257 
 1.275 1.579 -1.15167 6.9481e-310 6.52168e-38 1.8078 1.2022 -2.8633 0.56622 0.372313 0.117809 3.21143e-322 1.14593e-316 1.14596e-316 9.30226e+242 3.77675e+209 4.26137e+257 
 1.368 1.612 -1.16988 6.9481e-310 6.52168e-38 1.8078 1.2022 -2.8633 0.547966 0.131957 0.043319 3.21143e-322 1.14593e-316 1.14596e-316 9.30226e+242 3.77675e+209 4.26137e+257 
 1.432 1.649 -1.14988 6.9481e-310 6.52168e-38 1.8078 1.2022 -2.8633 0.55201 -0.118799 -0.0387188 3.21143e-322 1.14593e-316 1.14596e-316 9.30226e+242 3.77675e+209 4.26137e+257 
 1.498 1.683 -1.14565 6.9481e-310 6.52168e-38 1.8078 1.2022 -2.8633 0.555403 -0.353421 -0.114043 3.21143e-322 1.14593e-316 1.14596e-316 9.30226e+242 3.77675e+209 4.26137e+257 
 1.534 1.705 -1.15456 6.9481e-310 6.52168e-38 1.8078 1.2022 -2.8633 0.563387 -0.46682 -0.148056 3.21143e-322 1.14593e-316 1.14596e-316 9.30226e+242 3.77675e+209 4.26137e+257 
 1.592 1.718 -1.18236 6.9481e-310 6.52168e-38 1.8078 1.2022 -2.8633 0.55966 -0.608867 -0.193379 3.21143e-322 1.14593e-316 1.14596e-316 9.30226e+242 3.77675e+209 4.26137e+257 
 1.664 1.74 -1.23692 6.9481e-310 6.52168e-38 1.8078 1.2022 -2.8633 0.570653 -0.754837 -0.233745 3.21143e-322 1.14593e-316 1.14596e-316 9.30226e+242 3.77675e+209 4.26137e+257 
 1.725 1.782 -1.28621 6.9481e-310 6.52168e-38 1.8078 1.2022 -2.8633 0.610845 -0.866084 -0.249878 3.21143e-322 1.14593e-316 1.14596e-316 9.30226e+242 3.77675e+209 4.26137e+257 
 1.772 1.803 -1.39218 6.9481e-310 6.52168e-38 1.8078 1.2022 -2.8633 0.648698 -0.814651 -0.222312 3.21143e-322 1.14593e-316 1.14596e-316 9.30226e+242 3.77675e+209 4.26137e+257 
 1.816 1.804 -1.47864 6.9481e-310 6.52168e-38 1.8847 1.2242 -2.8633 0.643058 -0.558414 -0.155052 3.21143e-322 1.14593e-316 1.14596e-316 9.30226e+242 3.77675e+209 4.26137e+257 
 1.877 1.798 -1.54071 6.9481e-310 6.52168e-38 1.9424 1.2407 -2.8633 0.62772 -0.458695 -0.130781 3.21143e-322 1.14593e-316 1.14596e-316 9.30226e+242 3.77675e+209 4.26137e+257 
 1.918 1.812 -1.59985 6.9481e-310 6.52168e-38 1.9808 1.2517 -2.8633 0.637285 -0.353442 -0.0994994 3.21143e-322 1.14593e-316 1.14596e-316 9.30226e+242 3.77675e+209 4.26137e+257 
 1.977 1.813 -1.63498 6.9481e-310 6.52168e-38 2.0193 1.2627 -2.8633 0.631742 -0.35533 -0.100899 3.21143e-322 1.14593e-316 1.14596e-316 9.30226e+242 3.77675e+209 4.26137e+257 
 2.047 1.787 -1.67494 6.9481e-310 6.52168e-38 2.077 1.2791 -2.8633 0.593004 -0.343917 -0.104016 3.21143e-322 1.14593e-316 1.14596e-316 9.30226e+242 3.77675e+209 4.26137e+257 
 2.117 1.771 -1.70344 6.9481e-310 6.52168e-38 2.1347 1.2956 -2.8633 0.563887 -0.355082 -0.112865 3.21143e-322 1.14593e-316 1.14596e-316 9.30226e+242 3.77675e+209 4.26137e+257 
 2.182 1.771 -1.75269 6.9481e-310 6.52168e-38 2.1924 1.3121 -2.8633 0.552527 -0.301717 -0.0979774 3.21143e-322 1.14593e-316 1.14596e-316 9.30226e+242 3.77675e+209 4.26137e+257 
 2.231 1.773 -1.78306 6.9481e-310 6.52168e-38 2.2501 1.3286 -2.8633 0.538255 -0.228166 -0.0761545 3.21143e-322 1.14593e-316 1.14596e-316 9.30226e+242 3.77675e+209 4.26137e+257 
 2.284 1.748 -1.81335 6.9481e-310 6.52168e-38 2.3077 1.3451 -2.8633 0.497041 -0.19765 -0.0714556 3.21143e-322 1.14593e-316 1.14596e-316 9.30226e+242 3.77675e+209 4.26137e+257 
 2.329 1.742 -1.83209 6.9481e-310 6.52168e-38 2.3462 1.3561 -2.8633 0.482556 -0.206679 -0.0769421 3.21143e-322 1.14593e-316 1.14596e-316 9.30226e+242 3.77675e+209 4.26137e+257 
 2.354 1.744 -1.85479 6.9481e-310 6.52168e-38 2.3847 1.367 -2.8633 0.471391 -0.126329 -0.0482013 3.21143e-322 1.14593e-316 1.14596e-316 9.30226e+242 3.77675e+209 4.26137e+257 
 2.417 1.723 -1.87044 6.9481e-310 6.52168e-38 2.4231 1.378 -2.8633 0.446941 -0.232896 -0.0935225 3.21143e-322 1.14593e-316 1.14596e-316 9.30226e+242 3.77675e+209 4.26137e+257 
 2.477 1.697 -1.88508 6.9481e-310 6.52168e-38 2.4616 1.389 -2.8633 0.41798 -0.348051 -0.148778 3.21143e-322 1.14593e-316 1.14596e-316 9.30226e+242 3.77675e+209 4.26137e+257 
 2.55 1.665 -1.9033 6.9481e-310 6.52168e-38 2.5001 1.4 -2.8633 0.389962 -0.534406 -0.241845 3.21143e-322 1.14593e-316 1.14596e-316 9.30226e+242 3.77675e+209 4.26137e+257 
 2.6 1.646 -1.95714 6.9481e-310 6.52168e-38 2.5577 1.4165 -2.8633 0.358526 -0.490387 -0.2414 3.21143e-322 1.14593e-316 1.14596e-316 9.30226e+242 3.77675e+209 4.26137e+257 
 2.63 1.628 -2.00958 6.9481e-310 6.52168e-38 2.6154 1.433 -2.8633 0.318574 -0.3722 -0.207279 3.21143e-322 1.14593e-316 1.14596e-316 9.30226e+242 3.77675e+209 4.26137e+257 
 2.656 1.605 -2.05722 6.9481e-310 6.52168e-38 2.6539 1.444 -2.8633 0.284746 -0.335461 -0.208963 3.21143e-322 1.14593e-316 1.14596e-316 9.30226e+242 3.77675e+209 4.26137e+257 
 2.682 1.592 -2.08923 6.9481e-310 6.52168e-38 2.6731 1.4495 -2.8633 0.273731 -0.372533 -0.240239 3.21143e-322 1.14593e-316 1.14596e-316 9.30226e+242 3.77675e+209 4.26137e+257 
 2.732 1.565 -2.1233 6.9481e-310 6.52168e-38 2.6924 1.455 -2.8633 0.265281 -0.558316 -0.362126 3.21143e-322 1.14593e-316 1.14596e-316 9.30226e+242 3.77675e+209 4.26137e+257 
 2.757 1.552 -2.15958 6.9481e-310 6.52168e-38 2.7116 1.4605 -2.8633 0.257041 -0.595934 -0.395346 3.21143e-322 1.14593e-316 1.14596e-316 9.30226e+242 3.77675e+209 4.26137e+257 
 2.771 1.517 -2.21763 6.9481e-310 6.52168e-38 2.75 1.4714 -2.8633 0.210089 -0.58683 -0.465873 3.21143e-322 1.14593e-316 1.14596e-316 9.30226e+242 3.77675e+209 4.26137e+257 
 2.778 1.519 -2.26526 6.9481e-310 6.52168e-38 2.7693 1.4769 -2.8633 0.203643 -0.495827 -0.41305 3.21143e-322 1.14593e-316 1.14596e-316 9.30226e+242 3.77675e+209 4.26137e+257 
 2.779 1.508 -2.32876 6.9481e-310 6.52168e-38 2.7885 1.4824 -2.8633 0.183552 -0.421126 -0.391643 3.21143e-322 1.14593e-316 1.14596e-316 9.30226e+242 3.77675e+209 4.26137e+257 
 2.807 1.513 -2.39099 6.9481e-310 6.52168e-38 2.7885 1.4824 -2.8633 0.213369 -0.439284 -0.354894 3.21143e-322 1.14593e-316 1.14596e-316 9.30226e+242 3.77675e+209 4.26137e+257 
 2.832 1.522 -2.43382 6.9481e-310 6.52168e-38 2.7885 1.4824 -2.8633 0.242773 -0.434324 -0.311536 3.21143e-322 1.14593e-316 1.14596e-316 9.30226e+242 3.77675e+209 4.26137e+257 
 2.838 1.51 -2.46873 6.9481e-310 6.52168e-38 2.8077 1.4879 -2.8633 0.223582 -0.42585 -0.330283 3.21143e-322 1.14593e-316 1.14596e-316 9.30226e+242 3.77675e+209 4.26137e+257 
 2.848 1.5 -2.51593 6.9481e-310 6.52168e-38 2.8462 1.4989 -2.8633 0.190242 -0.378727 -0.344083 3.21143e-322 1.14593e-316 1.14596e-316 9.30226e+242 3.77675e+209 4.26137e+257 
 2.836 1.473 -2.54975 6.9481e-310 6.52168e-38 2.8462 1.4989 -2.8633 0.167194 -0.438804 -0.441337 3.21143e-322 1.14593e-316 1.14596e-316 9.30226e+242 3.77675e+209 4.26137e+257 
 2.844 1.442 -2.59173 6.9481e-310 6.52168e-38 2.8462 1.4989 -2.8633 0.162688 -0.577201 -0.523599 3.21143e-322 1.14593e-316 1.14596e-316 9.30226e+242 3.77675e+209 4.26137e+257 
 2.861 1.43 -2.62814 6.9481e-310 6.52168e-38 2.827 1.4934 -2.8633 0.197879 -0.66618 -0.523599 3.21143e-322 1.14593e-316 1.14596e-316 9.30226e+242 3.77675e+209 4.26137e+257 
 2.882 1.409 -2.71242 6.9481e-310 6.52168e-38 2.827 1.4934 -2.8633 0.220606 -0.718157 -0.523599 3.21143e-322 1.14593e-316 1.14596e-316 9.30226e+242 3.77675e+209 4.26137e+257 
 2.889 1.43 -2.77389 6.9481e-310 6.52168e-38 2.8462 1.4989 -2.8633 0.219434 -0.544921 -0.420351 3.21143e-322 1.14593e-316 1.14596e-316 9.30226e+242 3.77675e+209 4.26137e+257 
 2.897 1.439 -2.84951 6.9481e-310 6.52168e-38 2.8462 1.4989 -2.8633 0.235627 -0.4161 -0.307767 3.21143e-322 1.14593e-316 1.14596e-316 9.30226e+242 3.77675e+209 4.26137e+257 
 2.917 1.413 -2.89325 6.9481e-310 6.52168e-38 2.8654 1.5044 -2.8633 0.234006 -0.527496 -0.385458 3.21143e-322 1.14593e-316 1.14596e-316 9.30226e+242 3.77675e+209 4.26137e+257 
 2.906 1.395 -2.93131 6.9481e-310 6.52168e-38 2.8847 1.5099 -2.8633 0.203267 -0.578609 -0.473501 3.21143e-322 1.14593e-316 1.14596e-316 9.30226e+242 3.77675e+209 4.26137e+257 
 2.906 1.366 -2.98186 6.9481e-310 6.52168e-38 2.8847 1.5099 -2.8633 0.206783 -0.671654 -0.523599 3.21143e-322 1.14593e-316 1.14596e-316 9.30226e+242 3.77675e+209 4.26137e+257 
 2.914 1.333 -3.03316 6.9481e-310 6.52168e-38 2.8654 1.5044 -2.8633 0.241696 -0.752763 -0.510952 3.21143e-322 1.14593e-316 1.14596e-316 9.30226e+242 3.77675e+209 4.26137e+257 
 2.897 1.334 -3.10083 6.9481e-310 6.52168e-38 2.8654 1.5044 -2.8633 0.231773 -0.666995 -0.477947 3.21143e-322 1.14593e-316 1.14596e-316 9.30226e+242 3.77675e+209 4.26137e+257 
 2.908 1.354 3.08169 6.9481e-310 6.52168e-38 2.9477 1.1869 0.245 1.31623e-08 0.858609 0.523599 3.21143e-322 1.14593e-316 1.14596e-316 9.30226e+242 3.77675e+209 4.26137e+257 
 2.911 1.317 3.0471 6.9481e-310 6.52168e-38 2.9283 1.1821 0.245 -2.4135e-09 0.534595 -0.523599 3.21143e-322 1.14593e-316 1.14596e-316 9.30226e+242 3.77675e+209 4.26137e+257 
 2.909 1.322 3.10343 6.9481e-310 6.52168e-38 2.8654 1.5044 -2.8633 0.254075 -0.621517 -0.414771 3.21143e-322 1.14593e-316 1.14596e-316 9.30226e+242 3.77675e+209 4.26137e+257 
 2.911 1.316 3.1377 6.9481e-310 6.52168e-38 2.9477 1.1869 0.245 1.39057e-08 0.65615 0.523599 3.21143e-322 1.14593e-316 1.14596e-316 9.30226e+242 3.77675e+209 4.26137e+257 
 2.9 1.304 3.11658 6.9481e-310 6.52168e-38 2.9477 1.1869 0.245 1.14363e-08 0.520276 0.523599 3.21143e-322 1.14593e-316 1.14596e-316 9.30226e+242 3.77675e+209 4.26137e+257 
 2.892 1.29 -3.12662 6.9481e-310 6.52168e-38 2.9477 1.1869 0.245 1.06136e-08 0.49412 0.523599 3.21143e-322 1.14593e-316 1.14596e-316 9.30226e+242 3.77675e+209 4.26137e+257 
 2.905 1.248 -3.07202 6.9481e-310 6.52168e-38 2.9283 1.1821 0.245 -2.5088e-09 0.260602 -0.523599 3.21143e-322 1.14593e-316 1.14596e-316 9.30226e+242 3.77675e+209 4.26137e+257 
 2.9 1.25 -3.03279 6.9481e-310 6.52168e-38 2.9283 1.1821 0.245 -2.5884e-09 0.36617 -0.523599 3.21143e-322 1.14593e-316 1.14596e-316 9.30226e+242 3.77675e+209 4.26137e+257 
 2.909 1.258 -2.98839 6.9481e-310 6.52168e-38 2.9283 1.1821 0.245 -2.10544e-09 0.500463 -0.523599 3.21143e-322 1.14593e-316 1.14596e-316 9.30226e+242 3.77675e+209 4.26137e+257 
 2.91 1.255 -2.94437 6.9481e-310 6.52168e-38 2.9089 1.1772 0.245 1.63784e-08 0.550842 0.523599 3.21143e-322 1.14593e-316 1.14596e-316 9.30226e+242 3.77675e+209 4.26137e+257 
 2.901 1.262 -2.90388 6.9481e-310 6.52168e-38 2.9283 1.1821 0.245 -2.03308e-09 0.70587 -0.523599 3.21143e-322 1.14593e-316 1.14596e-316 9.30226e+242 3.77675e+209 4.26137e+257 
 2.92 1.26 -2.8391 6.9481e-310 6.52168e-38 2.9283 1.1821 0.245 1.66036e-08 0.717411 0.523599 3.21143e-322 1.14593e-316 1.14596e-316 9.30226e+242 3.77675e+209 4.26137e+257 
 2.927 1.257 -2.78212 6.9481e-310 6.52168e-38 2.9283 1.1821 0.245 1.85159e-08 0.742179 0.523599 3.21143e-322 1.14593e-316 1.14596e-316 9.30226e+242 3.77675e+209 4.26137e+257 
 2.936 1.245 -2.70243 6.9481e-310 6.52168e-38 2.9477 1.1869 0.245 1.69012e-08 0.772816 0.523599 3.21143e-322 1.14593e-316 1.14596e-316 9.30226e+242 3.77675e+209 4.26137e+257 
 2.944 1.244 -2.64323 6.9481e-310 6.52168e-38 2.9477 1.1869 0.245 1.92096e-08 0.798808 0.523599 3.21143e-322 1.14593e-316 1.14596e-316 9.30226e+242 3.77675e+209 4.26137e+257 
 2.951 1.24 -2.53509 6.9481e-310 6.52168e-38 2.9477 1.1869 0.245 2.27807e-08 0.851032 0.523599 3.21143e-322 1.14593e-316 1.14596e-316 9.30226e+242 3.77675e+209 4.26137e+257 
 2.938 1.252 -2.46199 6.9481e-310 6.52168e-38 2.9671 1.1918 0.245 2.12454e-08 1.12938 0.523599 3.21143e-322 1.14593e-316 1.14596e-316 9.30226e+242 3.77675e+209 4.26137e+257 
 2.946 1.257 -2.35649 6.9481e-310 6.52168e-38 2.9671 1.1918 0.245 2.91359e-08 1.16389 0.523599 3.21143e-322 1.14593e-316 1.14596e-316 9.30226e+242 3.77675e+209 4.26137e+257 
 2.965 1.265 -2.26484 6.9481e-310 6.52168e-38 2.9477 1.1869 0.245 8.88222e-09 0.993064 0.523599 3.21143e-322 1.14593e-316 1.14596e-316 9.30226e+242 3.77675e+209 4.26137e+257 
 2.966 1.257 -2.1603 6.9481e-310 6.52168e-38 2.9671 1.1918 0.245 8.22012e-09 1.10608 0.523599 3.21143e-322 1.14593e-316 1.14596e-316 9.30226e+242 3.77675e+209 4.26137e+257 
 2.97 1.28 -2.06045 6.9481e-310 6.52168e-38 2.9866 1.1966 0.245 6.36849e-08 1.22345 0.523599 3.21143e-322 1.14593e-316 1.14596e-316 9.30226e+242 3.77675e+209 4.26137e+257 
 2.974 1.292 -1.96162 6.9481e-310 6.52168e-38 2.9866 1.1966 0.245 4.58325e-08 1.18393 0.523599 3.21143e-322 1.14593e-316 1.14596e-316 9.30226e+242 3.77675e+209 4.26137e+257 
 2.999 1.286 -1.83911 6.9481e-310 6.52168e-38 2.9866 1.1966 0.245 5.2045e-07 1.01924 0.523599 3.21143e-322 1.14593e-316 1.14596e-316 9.30226e+242 3.77675e+209 4.26137e+257 
 2.981 1.326 -1.68747 6.9481e-310 6.52168e-38 3 1.2 0.3805 0.0377696 1.05661 0.523599 3.21143e-322 1.14593e-316 1.14596e-316 9.30226e+242 3.77675e+209 4.26137e+257 
 2.981 1.323 -1.58507 6.9481e-310 6.52168e-38 3.0371 1.2149 0.3805 0.0440281 1.24271 0.523599 3.21143e-322 1.14593e-316 1.14596e-316 9.30226e+242 3.77675e+209 4.26137e+257 
 2.967 1.324 -1.4891 6.9481e-310 6.52168e-38 3.0186 1.2074 0.3805 0.0733873 1.18049 0.523599 3.21143e-322 1.14593e-316 1.14596e-316 9.30226e+242 3.77675e+209 4.26137e+257 
 2.949 1.329 -1.36454 6.9481e-310 6.52168e-38 3.0186 1.2074 0.3805 0.111341 1.20152 0.523599 3.21143e-322 1.14593e-316 1.14596e-316 9.30226e+242 3.77675e+209 4.26137e+257 
 2.978 1.345 -1.26973 6.9481e-310 6.52168e-38 3.0186 1.2074 0.3805 0.134535 0.971439 0.523599 3.21143e-322 1.14593e-316 1.14596e-316 9.30226e+242 3.77675e+209 4.26137e+257 
 2.997 1.361 -1.14005 6.9481e-310 6.52168e-38 2.9866 1.1966 0.245 0.183748 0.561446 0.502838 3.21143e-322 1.14593e-316 1.14596e-316 9.30226e+242 3.77675e+209 4.26137e+257 
 2.991 1.382 -1.0205 6.9481e-310 6.52168e-38 3.0371 1.2149 0.3805 0.204219 0.705731 0.523599 3.21143e-322 1.14593e-316 1.14596e-316 9.30226e+242 3.77675e+209 4.26137e+257 
 2.998 1.408 -0.986431 6.9481e-310 6.52168e-38 3.0557 1.2223 0.3805 0.231641 0.654751 0.47065 3.21143e-322 1.14593e-316 1.14596e-316 9.30226e+242 3.77675e+209 4.26137e+257 
 3.001 1.44 -0.896642 6.9481e-310 6.52168e-38 2.9424 1.5264 -2.8633 1.59819e-08 -1.22397 -0.523599 3.21143e-322 1.14593e-316 1.14596e-316 9.30226e+242 3.77675e+209 4.26137e+257 
 2.999 1.462 -0.861036 6.9481e-310 6.52168e-38 2.9616 1.5319 -2.8633 1.90052e-08 -1.12387 -0.523599 3.21143e-322 1.14593e-316 1.14596e-316 9.30226e+242 3.77675e+209 4.26137e+257 
 3.017 1.495 -0.947468 6.9481e-310 6.52168e-38 2.9808 1.5374 -2.8633 4.35706e-09 -1.22004 -0.523599 3.21143e-322 1.14593e-316 1.14596e-316 9.30226e+242 3.77675e+209 4.26137e+257 
 3.029 1.48 -1.0586 6.9481e-310 6.52168e-38 2.9808 1.5374 -2.8633 3.15031e-08 -1.29702 -0.523599 3.21143e-322 1.14593e-316 1.14596e-316 9.30226e+242 3.77675e+209 4.26137e+257 
 3.054 1.461 -1.15714 6.9481e-310 6.52168e-38 3 1.5429 -2.8633 3.03905e-08 -1.33051 -0.523599 3.21143e-322 1.14593e-316 1.14596e-316 9.30226e+242 3.77675e+209 4.26137e+257 
 3.082 1.446 -1.30007 6.9481e-310 6.52168e-38 3.0193 1.5484 -2.8633 3.51769e-08 -1.41745 -0.523599 3.21143e-322 1.14593e-316 1.14596e-316 9.30226e+242 3.77675e+209 4.26137e+257 
 3.08 1.44 -1.47403 6.9481e-310 6.52168e-38 3.0193 1.5484 -2.8633 6.03069e-08 -1.45512 -0.523599 3.21143e-322 1.14593e-316 1.14596e-316 9.30226e+242 3.77675e+209 4.26137e+257 
 3.067 1.418 -1.61708 6.9481e-310 6.52168e-38 3.0577 1.5594 -2.8633 5.48856e-08 -1.20439 -0.523599 3.21143e-322 1.14593e-316 1.14596e-316 9.30226e+242 3.77675e+209 4.26137e+257 
 3.076 1.397 -1.72855 6.9481e-310 6.52168e-38 3.0385 1.5539 -2.8633 7.59823e-08 -1.40939 -0.523599 3.21143e-322 1.14593e-316 1.14596e-316 9.30226e+242 3.77675e+209 4.26137e+257 
 3.094 1.388 -1.8624 6.9481e-310 6.52168e-38 3.0193 1.5484 -2.8633 1.17717e-06 -1.62418 -0.523599 3.21143e-322 1.14593e-316 1.14596e-316 9.30226e+242 3.77675e+209 4.26137e+257 
 3.081 1.402 -1.97488 6.9481e-310 6.52168e-38 3.13 1.252 0.3805 1.32842e-06 1.26073 0.523599 3.21143e-322 1.14593e-316 1.14596e-316 9.30226e+242 3.77675e+209 4.26137e+257 
 3.079 1.39 -2.1092 6.9481e-310 6.52168e-38 3.1486 1.2594 0.3805 1.32226e-07 1.41833 0.523599 3.21143e-322 1.14593e-316 1.14596e-316 9.30226e+242 3.77675e+209 4.26137e+257 
 3.085 1.371 -2.04962 6.9481e-310 6.52168e-38 3.0385 1.5539 -2.8633 0.00803604 -1.5243 -0.523599 3.21143e-322 1.14593e-316 1.14596e-316 9.30226e+242 3.77675e+209 4.26137e+257 
 3.077 1.4 -1.89713 6.9481e-310 6.52168e-38 3.13 1.252 0.3805 0.0129592 1.25643 0.523599 3.21143e-322 1.14593e-316 1.14596e-316 9.30226e+242 3.77675e+209 4.26137e+257 
 3.075 1.403 -1.94786 6.9481e-310 6.52168e-38 3.13 1.252 0.3805 0.00290194 1.27631 0.523599 3.21143e-322 1.14593e-316 1.14596e-316 9.30226e+242 3.77675e+209 4.26137e+257 
 3.072 1.401 -1.83946 6.9481e-310 6.52168e-38 3.13 1.252 0.3805 0.0274292 1.27281 0.523599 3.21143e-322 1.14593e-316 1.14596e-316 9.30226e+242 3.77675e+209 4.26137e+257 
 3.105 1.399 -1.73785 6.9481e-310 6.52168e-38 3.0385 1.5539 -2.8633 1.02217e-07 -1.56719 -0.523599 3.21143e-322 1.14593e-316 1.14596e-316 9.30226e+242 3.77675e+209 4.26137e+257 
 3.109 1.391 -1.62361 6.9481e-310 6.52168e-38 3.0385 1.5539 -2.8633 4.95588e-08 -1.57104 -0.523599 3.21143e-322 1.14593e-316 1.14596e-316 9.30226e+242 3.77675e+209 4.26137e+257 
 3.114 1.396 -1.66322 6.9481e-310 6.52168e-38 3.1671 1.2669 0.3805 0.0478519 1.22496 0.523599 3.21143e-322 1.14593e-316 1.14596e-316 9.30226e+242 3.77675e+209 4.26137e+257 
 3.12 1.386 -1.80011 6.9481e-310 6.52168e-38 3.1671 1.2669 0.3805 0.00601087 1.21567 0.523599 3.21143e-322 1.14593e-316 1.14596e-316 9.30226e+242 3.77675e+209 4.26137e+257 
 3.11 1.377 -1.82363 6.9481e-310 6.52168e-38 3.1671 1.2669 0.3805 1.84514e-07 1.27425 0.523599 3.21143e-322 1.14593e-316 1.14596e-316 9.30226e+242 3.77675e+209 4.26137e+257 
 3.108 1.374 -1.67561 6.9481e-310 6.52168e-38 3.1671 1.2669 0.3805 0.022241 1.27362 0.523599 3.21143e-322 1.14593e-316 1.14596e-316 9.30226e+242 3.77675e+209 4.26137e+257 
 3.101 1.381 -1.54784 6.9481e-310 6.52168e-38 3.1486 1.2594 0.3805 0.0649481 1.17321 0.523599 3.21143e-322 1.14593e-316 1.14596e-316 9.30226e+242 3.77675e+209 4.26137e+257 
