 2.357 1.241 -0.00607562 9.57005e-321 1.55716e+142 2.72257 1.21826 0.420746 0 0 0 2.916 0.442 0.244208 0 9.30237e+242 9.30237e+242 
 2.351 1.248 -0.00607584 9.57005e-321 1.55716e+142 2.68447 1.22143 3.05876 0.196396 -0.0901166 -0.0824061 2.907 0.453 0.281884 0 9.30237e+242 9.30237e+242 
 2.352 1.253 -0.00607556 9.57005e-321 1.55716e+142 2.66449 1.2453 2.26762 0.183857 -0.0220386 -0.021573 2.904 0.482 0.304057 0 9.30237e+242 9.30237e+242 
 2.362 1.255 -0.0113152 9.57005e-321 1.55716e+142 2.69485 1.26087 0.473588 0.195776 0.0354418 0.0325743 2.942 0.5 0.314072 0 9.30237e+242 9.30237e+242 
 2.363 1.23 -0.0102916 9.57005e-321 1.55716e+142 2.75392 1.25653 -0.0732301 0.229985 0.102399 0.0799724 2.999 0.495 0.311362 0 9.30237e+242 9.30237e+242 
 2.368 1.248 -0.010431 9.57005e-321 1.55716e+142 2.81631 1.24798 -0.136264 0.263713 0.0142788 0.00974584 3.06 0.486 0.309538 0 9.30237e+242 9.30237e+242 
 2.415 1.241 -0.00758767 9.57005e-321 1.55716e+142 2.84891 1.26153 0.393924 0.255267 0.0746729 0.0526065 3.094 0.5 0.311368 0 9.30237e+242 9.30237e+242 
 2.419 1.254 -0.00751256 9.57005e-321 1.55716e+142 2.86701 1.25857 -0.162056 0.263532 0.0243604 0.0166373 3.127 0.502 0.331002 0 9.30237e+242 9.30237e+242 
 2.448 1.252 -0.00673663 9.57005e-321 1.55716e+142 2.89184 1.24245 -0.575776 0.261138 -0.0202468 -0.0139551 3.177 0.495 0.364462 0 9.30237e+242 9.30237e+242 
 2.53 1.249 -0.00604102 9.57005e-321 1.55716e+142 2.90409 1.24041 -0.165009 0.2201 -0.0217929 -0.0178206 3.219 0.505 0.404584 0 9.30237e+242 9.30237e+242 
 2.55 1.217 -0.00543664 9.57005e-321 1.55716e+142 2.90176 1.23426 -1.9322 0.206955 0.0684086 0.0594287 3.252 0.515 0.453144 0 9.30237e+242 9.30237e+242 
 2.564 1.19 -0.0048841 9.57005e-321 1.55716e+142 2.92884 1.24173 0.269076 0.21509 0.186309 0.154669 3.313 0.54 0.500886 0 9.30237e+242 9.30237e+242 
 2.61 1.202 -0.00201849 9.57005e-321 1.55716e+142 2.94102 1.25395 0.787299 0.195294 0.193321 0.17633 3.356 0.57 0.545366 0 9.30237e+242 9.30237e+242 
 2.632 1.241 0.00906132 9.57005e-321 1.55716e+142 2.94091 1.26275 1.58276 0.181915 0.0723959 0.0715117 3.383 0.596 0.585496 0 9.30237e+242 9.30237e+242 
 2.635 1.245 0.0213565 9.57005e-321 1.55716e+142 2.95349 1.27504 0.773748 0.187819 0.0873275 0.0834973 3.417 0.623 0.617973 0 9.30237e+242 9.30237e+242 
 2.645 1.237 0.0268261 9.57005e-321 1.55716e+142 2.97055 1.2969 0.908218 0.192986 0.18914 0.174616 3.448 0.655 0.639524 0 9.30237e+242 9.30237e+242 
 2.658 1.201 0.0364691 9.57005e-321 1.55716e+142 2.9879 1.30784 0.562547 0.198248 0.343125 0.302012 3.476 0.674 0.656223 0 9.30237e+242 9.30237e+242 
 2.664 1.211 0.0577598 9.57005e-321 1.55716e+142 2.99516 1.3158 0.831628 0.199682 0.309028 0.27168 3.491 0.688 0.668495 0 9.30237e+242 9.30237e+242 
 2.686 1.212 0.0928158 9.57005e-321 1.55716e+142 3.00635 1.30437 -0.796147 0.193563 0.229632 0.210382 3.509 0.682 0.679384 0 9.30237e+242 9.30237e+242 
 2.696 1.228 0.121964 9.57005e-321 1.55716e+142 3.02007 1.31325 0.574238 0.195793 0.165919 0.151369 3.529 0.696 0.689506 0 9.30237e+242 9.30237e+242 
 2.689 1.223 0.143335 9.57005e-321 1.55716e+142 3.04891 1.31873 0.187779 0.218002 0.149849 0.123102 3.568 0.71 0.706082 0 9.30237e+242 9.30237e+242 
 2.702 1.224 0.158762 9.57005e-321 1.55716e+142 3.06839 1.33659 0.742321 0.223894 0.181085 0.144568 3.598 0.737 0.723505 0 9.30237e+242 9.30237e+242 
 2.756 1.214 0.174104 9.57005e-321 1.55716e+142 3.08026 1.35774 1.05912 0.204133 0.304928 0.262667 3.623 0.77 0.745613 0 9.30237e+242 9.30237e+242 
 2.781 1.237 0.194729 9.57005e-321 1.55716e+142 3.07439 1.37251 1.94928 0.186105 0.286026 0.269893 3.628 0.795 0.764275 0 9.30237e+242 9.30237e+242 
 2.839 1.207 0.226903 9.57005e-321 1.55716e+142 3.08982 1.39111 0.878524 0.171747 0.475 0.461906 3.649 0.819 0.773969 0 9.30237e+242 9.30237e+242 
 2.838 1.211 0.256391 9.57005e-321 1.55716e+142 3.10419 1.41252 0.979433 0.185283 0.474183 0.431685 3.665 0.842 0.77681 0 9.30237e+242 9.30237e+242 
 2.86 1.221 0.304483 9.57005e-321 1.55716e+142 3.13012 1.41946 0.261232 0.189289 0.400788 0.364125 3.691 0.849 0.77693 0 9.30237e+242 9.30237e+242 
 2.881 1.215 0.351201 9.57005e-321 1.55716e+142 3.16206 1.42541 0.184345 0.200105 0.363067 0.315669 3.724 0.856 0.778791 0 9.30237e+242 9.30237e+242 
 2.887 1.202 0.390216 9.57005e-321 1.55716e+142 3.18691 1.45728 0.908634 0.223402 0.4108 0.319641 3.752 0.891 0.784353 0 9.30237e+242 9.30237e+242 
 2.875 1.218 0.427019 9.57005e-321 1.55716e+142 3.18676 1.48203 1.57674 0.233782 0.365137 0.274062 3.76 0.924 0.798846 0 9.30237e+242 9.30237e+242 
 2.874 1.231 0.467776 9.57005e-321 1.55716e+142 3.19351 1.50158 1.23854 0.241441 0.314374 0.230218 3.772 0.949 0.808307 0 9.30237e+242 9.30237e+242 
 2.91 1.262 0.502686 9.57005e-321 1.55716e+142 3.20378 1.52377 1.13703 0.227245 0.294742 0.229356 3.784 0.973 0.811425 0 9.30237e+242 9.30237e+242 
 2.96 1.262 0.533422 9.57005e-321 1.55716e+142 3.24454 1.53252 0.21136 0.226678 0.296515 0.231244 3.825 0.982 0.811864 0 9.30237e+242 9.30237e+242 
 2.962 1.294 0.562839 9.57005e-321 1.55716e+142 3.28261 1.56447 0.69831 0.245071 0.185275 0.13525 3.865 1.016 0.815391 0 9.30237e+242 9.30237e+242 
 3.008 1.304 0.589576 9.57005e-321 1.55716e+142 3.3066 1.58502 0.708286 0.238846 0.220385 0.164585 3.895 1.043 0.826402 0 9.30237e+242 9.30237e+242 
 3.008 1.355 0.606694 9.57005e-321 1.55716e+142 3.31103 1.59644 1.20091 0.227567 0.0863069 0.0681609 3.909 1.065 0.844234 0 9.30237e+242 9.30237e+242 
 3.047 1.337 0.628273 9.57005e-321 1.55716e+142 3.31645 1.60129 0.730094 0.220277 0.190382 0.154334 3.925 1.082 0.864371 0 9.30237e+242 9.30237e+242 
 3.042 1.393 0.638564 9.57005e-321 1.55716e+142 3.32129 1.61393 1.20475 0.209414 0.0387281 0.0332761 3.941 1.108 0.886137 0 9.30237e+242 9.30237e+242 
 3.067 1.367 0.656041 9.57005e-321 1.55716e+142 3.32638 1.64281 1.39654 0.220652 0.206814 0.167138 3.955 1.148 0.903956 0 9.30237e+242 9.30237e+242 
 3.091 1.373 0.661747 9.57005e-321 1.55716e+142 3.33587 1.68373 1.34284 0.227833 0.316763 0.245223 3.97 1.196 0.915164 0 9.30237e+242 9.30237e+242 
 3.118 1.39 0.685467 9.57005e-321 1.55716e+142 3.35828 1.70765 0.818082 0.229533 0.312478 0.24031 3.994 1.222 0.918439 0 9.30237e+242 9.30237e+242 
 3.145 1.407 0.7184 9.57005e-321 1.55716e+142 3.37222 1.72326 0.841856 0.224731 0.299057 0.235102 4.009 1.239 0.920617 0 9.30237e+242 9.30237e+242 
 3.153 1.438 0.749413 9.57005e-321 1.55716e+142 3.38658 1.74709 1.02859 0.225406 0.22714 0.179434 4.025 1.265 0.924019 0 9.30237e+242 9.30237e+242 
 3.145 1.448 0.778746 9.57005e-321 1.55716e+142 3.41402 1.76903 0.674277 0.245607 0.127063 0.0928537 4.054 1.289 0.927247 0 9.30237e+242 9.30237e+242 
 3.178 1.447 0.799809 9.57005e-321 1.55716e+142 3.41362 1.7891 1.59104 0.241894 0.224537 0.165555 4.058 1.315 0.936484 0 9.30237e+242 9.30237e+242 
 3.19 1.465 0.814576 9.57005e-321 1.55716e+142 3.41087 1.80079 1.80157 0.233849 0.230509 0.175602 4.062 1.336 0.950855 0 9.30237e+242 9.30237e+242 
 3.225 1.488 0.83838 9.57005e-321 1.55716e+142 3.40576 1.80697 2.26171 0.211978 0.276087 0.230279 4.061 1.348 0.95976 0 9.30237e+242 9.30237e+242 
 3.243 1.473 0.86283 9.57005e-321 1.55716e+142 3.42149 1.82528 0.860721 0.227536 0.313113 0.242812 4.08 1.371 0.966905 0 9.30237e+242 9.30237e+242 
 3.251 1.501 0.891497 9.57005e-321 1.55716e+142 3.43988 1.84794 0.888982 0.22964 0.2373 0.183902 4.1 1.396 0.970461 0 9.30237e+242 9.30237e+242 
 3.243 1.532 0.921833 9.57005e-321 1.55716e+142 3.46023 1.87304 0.88961 0.237292 0.108563 0.0821663 4.123 1.425 0.976352 0 9.30237e+242 9.30237e+242 
 3.258 1.553 0.942779 9.57005e-321 1.55716e+142 3.48575 1.89033 0.595675 0.239334 0.0454781 0.0341901 4.153 1.449 0.986435 0 9.30237e+242 9.30237e+242 
 3.266 1.564 0.951289 9.57005e-321 1.55716e+142 3.49914 1.90961 0.963617 0.245187 0.0349671 0.0256648 4.174 1.48 1.0039 0 9.30237e+242 9.30237e+242 
 3.303 1.585 0.955162 9.57005e-321 1.55716e+142 3.51526 1.92603 0.794376 0.236006 0.0779857 0.059409 4.201 1.514 1.02975 0 9.30237e+242 9.30237e+242 
 3.321 1.607 0.960187 9.57005e-321 1.55716e+142 3.53575 1.94399 0.720065 0.234913 0.0571815 0.0437868 4.232 1.55 1.05585 0 9.30237e+242 9.30237e+242 
 3.329 1.623 0.968199 9.57005e-321 1.55716e+142 3.5702 1.96195 0.480512 0.244706 -0.0212989 -0.0156657 4.279 1.591 1.08864 0 9.30237e+242 9.30237e+242 
 3.331 1.654 0.973118 9.57005e-321 1.55716e+142 3.60551 1.99653 0.774856 0.257665 -0.106391 -0.0741864 4.328 1.653 1.12696 0 9.30237e+242 9.30237e+242 
 3.325 1.684 0.973168 9.57005e-321 1.55716e+142 3.5982 1.99945 2.76078 0.244306 -0.155748 -0.114252 4.338 1.695 1.18039 0 9.30237e+242 9.30237e+242 
 3.339 1.692 0.972863 9.57005e-321 1.55716e+142 3.5788 1.97115 -2.17173 0.2155 -0.142926 -0.118819 4.336 1.713 1.24223 0 9.30237e+242 9.30237e+242 
 3.38 1.699 0.969572 9.57005e-321 1.55716e+142 3.57384 1.95798 -1.93078 0.190179 -0.0498846 -0.0471797 4.343 1.738 1.29223 0 9.30237e+242 9.30237e+242 
 3.358 1.738 0.968281 9.57005e-321 1.55716e+142 3.57486 1.96993 1.48547 0.185234 -0.178461 -0.17171 4.351 1.776 1.32594 0 9.30237e+242 9.30237e+242 
 3.362 1.786 0.965703 9.57005e-321 1.55716e+142 3.58474 1.97956 0.772126 0.169483 -0.287255 -0.296111 4.367 1.812 1.35979 0 9.30237e+242 9.30237e+242 
 3.369 1.818 0.955316 9.57005e-321 1.55716e+142 3.59104 1.99525 1.18894 0.162095 -0.316278 -0.337756 4.377 1.846 1.38314 0 9.30237e+242 9.30237e+242 
 3.408 1.808 0.925081 9.57005e-321 1.55716e+142 3.60307 2.01253 0.96293 0.165415 -0.130645 -0.141218 4.393 1.886 1.41197 0 9.30237e+242 9.30237e+242 
 3.426 1.84 0.896095 9.57005e-321 1.55716e+142 3.60414 2.02863 1.50454 0.152229 -0.0881368 -0.103841 4.397 1.922 1.43711 0 9.30237e+242 9.30237e+242 
 3.448 1.818 0.887354 9.57005e-321 1.55716e+142 3.5948 2.03849 2.32906 0.155272 0.104356 0.12039 4.39 1.951 1.46121 0 9.30237e+242 9.30237e+242 
 3.454 1.832 0.884342 9.57005e-321 1.55716e+142 3.60103 2.04658 0.914284 0.152586 0.0921776 0.108313 4.398 1.977 1.48371 0 9.30237e+242 9.30237e+242 
 3.469 1.841 0.886417 9.57005e-321 1.55716e+142 3.60627 2.08729 1.4427 0.163912 0.197526 0.213604 4.404 2.027 1.49536 0 9.30237e+242 9.30237e+242 
 3.473 1.858 0.888029 9.57005e-321 1.55716e+142 3.62857 2.11416 0.878095 0.175056 0.15906 0.162117 4.427 2.064 1.50806 0 9.30237e+242 9.30237e+242 
 3.462 1.895 0.892312 9.57005e-321 1.55716e+142 3.64501 2.14519 1.08377 0.182202 0.0555407 0.0548144 4.444 2.105 1.52053 0 9.30237e+242 9.30237e+242 
 3.474 1.895 0.898447 9.57005e-321 1.55716e+142 3.64126 2.16232 1.78652 0.184609 0.135008 0.130885 4.441 2.142 1.5454 0 9.30237e+242 9.30237e+242 
 3.478 1.916 0.903703 9.57005e-321 1.55716e+142 3.65101 2.18266 1.1238 0.186402 0.109615 0.105458 4.451 2.186 1.57498 0 9.30237e+242 9.30237e+242 
 3.497 1.908 0.914518 9.57005e-321 1.55716e+142 3.64933 2.18899 1.82944 0.186241 0.191208 0.182739 4.449 2.212 1.59956 0 9.30237e+242 9.30237e+242 
 3.509 1.919 0.926364 9.57005e-321 1.55716e+142 3.64314 2.22024 1.76625 0.190329 0.273806 0.253381 4.442 2.263 1.62427 0 9.30237e+242 9.30237e+242 
 3.545 1.943 0.947967 9.57005e-321 1.55716e+142 3.64113 2.25673 1.62605 0.185442 0.392514 0.364015 4.439 2.315 1.6437 0 9.30237e+242 9.30237e+242 
 3.565 1.923 0.97994 9.57005e-321 1.55716e+142 3.63889 2.27904 1.67057 0.202287 0.485898 0.408092 4.436 2.347 1.65584 0 9.30237e+242 9.30237e+242 
 3.549 1.944 1.02117 9.57005e-321 1.55716e+142 3.62993 2.30278 1.93174 0.2079 0.415756 0.345521 4.426 2.382 1.66999 0 9.30237e+242 9.30237e+242 
 3.558 1.96 1.06994 9.57005e-321 1.55716e+142 3.62656 2.32668 1.71086 0.211482 0.403441 0.330768 4.422 2.412 1.67765 0 9.30237e+242 9.30237e+242 
 3.559 1.985 1.11071 9.57005e-321 1.55716e+142 3.64592 2.35345 0.944843 0.218479 0.294512 0.238042 4.441 2.442 1.68172 0 9.30237e+242 9.30237e+242 
 3.588 2.006 1.14789 9.57005e-321 1.55716e+142 3.64072 2.39247 1.70307 0.222619 0.373875 0.293565 4.435 2.488 1.69049 0 9.30237e+242 9.30237e+242 
 3.61 2.042 1.17794 9.57005e-321 1.55716e+142 3.63129 2.39826 2.59114 0.20143 0.417162 0.356824 4.424 2.506 1.70588 0 9.30237e+242 9.30237e+242 
 3.621 2.057 1.21697 9.57005e-321 1.55716e+142 3.63017 2.40624 1.71037 0.197422 0.406482 0.354916 4.421 2.527 1.72233 0 9.30237e+242 9.30237e+242 
 3.615 2.097 1.25964 9.57005e-321 1.55716e+142 3.62474 2.41852 1.98664 0.18367 0.336221 0.3183 4.415 2.543 1.72703 0 9.30237e+242 9.30237e+242 
 3.612 2.165 1.29956 9.57005e-321 1.55716e+142 3.60635 2.43374 2.45047 0.152941 0.318061 0.358187 4.395 2.568 1.73942 0 9.30237e+242 9.30237e+242 
 3.635 2.175 1.33216 9.57005e-321 1.55716e+142 3.60108 2.47051 1.71311 0.16677 0.404574 0.411713 4.389 2.609 1.74479 0 9.30237e+242 9.30237e+242 
 3.648 2.154 1.36491 9.57005e-321 1.55716e+142 3.59215 2.51209 1.78225 0.203089 0.453738 0.382361 4.38 2.651 1.74532 0 9.30237e+242 9.30237e+242 
 3.643 2.159 1.40726 9.57005e-321 1.55716e+142 3.58528 2.52739 1.99316 0.211249 0.40708 0.333877 4.373 2.667 1.74621 0 9.30237e+242 9.30237e+242 
 3.636 2.152 1.45159 9.57005e-321 1.55716e+142 3.58339 2.56876 1.61641 0.241823 0.327841 0.239349 4.371 2.709 1.74701 0 9.30237e+242 9.30237e+242 
 3.618 2.192 1.49206 9.57005e-321 1.55716e+142 3.57758 2.6117 1.7053 0.245334 0.234921 0.170683 4.365 2.753 1.74835 0 9.30237e+242 9.30237e+242 
 3.606 2.211 1.52195 9.57005e-321 1.55716e+142 3.52979 2.63752 2.64629 0.250263 0.305617 0.216372 4.317 2.78 1.74986 0 9.30237e+242 9.30237e+242 
 3.639 2.244 1.54719 9.57005e-321 1.55716e+142 3.5113 2.67675 2.01132 0.256371 0.424385 0.289587 4.298 2.822 1.75338 0 9.30237e+242 9.30237e+242 
 3.621 2.283 1.58116 9.57005e-321 1.55716e+142 3.47586 2.69111 2.75637 0.244868 0.446465 0.317117 4.263 2.834 1.75037 0 9.30237e+242 9.30237e+242 
 3.637 2.293 1.62565 9.57005e-321 1.55716e+142 3.42607 2.68736 -3.06625 0.245378 0.589846 0.408365 4.215 2.82 1.73737 0 9.30237e+242 9.30237e+242 
 3.62 2.304 1.67553 9.57005e-321 1.55716e+142 3.40984 2.74363 1.85168 0.274961 0.475702 0.301894 4.203 2.848 1.70163 0 9.30237e+242 9.30237e+242 
 3.649 2.321 1.73481 9.57005e-321 1.55716e+142 3.3942 2.81569 1.78446 0.316356 0.448436 0.24982 4.192 2.875 1.645 0 9.30237e+242 9.30237e+242 
 3.645 2.354 1.78047 9.57005e-321 1.55716e+142 3.39128 2.88471 1.61305 0.339392 0.344697 0.180817 4.191 2.906 1.59741 0 9.30237e+242 9.30237e+242 
 3.594 2.392 1.82024 9.57005e-321 1.55716e+142 3.38001 2.94878 1.74499 0.349228 0.172464 0.0886588 4.18 2.945 1.56607 0 9.30237e+242 9.30237e+242 
 3.602 2.404 1.84909 9.57005e-321 1.55716e+142 3.37123 2.98018 1.84337 0.363806 0.151632 0.0748827 4.171 2.961 1.54681 0 9.30237e+242 9.30237e+242 
 3.598 2.442 1.86361 9.57005e-321 1.55716e+142 3.36443 3.01115 1.78701 0.360753 0.142534 0.0709987 4.164 2.985 1.5381 0 9.30237e+242 9.30237e+242 
 3.59 2.487 1.87882 9.57005e-321 1.55716e+142 3.36065 3.04623 1.67811 0.354761 0.119479 0.0605474 4.16 3.014 1.5305 0 9.30237e+242 9.30237e+242 
 3.58 2.519 1.89232 9.57005e-321 1.55716e+142 3.36865 3.09417 1.40549 0.360357 0.0451941 0.0225708 4.168 3.062 1.53057 0 9.30237e+242 9.30237e+242 
 3.541 2.569 1.90335 9.57005e-321 1.55716e+142 3.40763 3.15774 1.02074 0.353643 -0.161477 -0.0820056 4.207 3.126 1.53111 0 9.30237e+242 9.30237e+242 
 3.537 2.597 1.90775 9.57005e-321 1.55716e+142 3.43937 3.21024 1.02701 0.361275 -0.263957 -0.130762 4.239 3.186 1.54049 0 9.30237e+242 9.30237e+242 
 3.503 2.63 1.9061 9.57005e-321 1.55716e+142 3.46519 3.22844 0.613856 0.343758 -0.397622 -0.205272 4.265 3.246 1.59275 0 9.30237e+242 9.30237e+242 
 3.478 2.655 1.89756 9.57005e-321 1.55716e+142 3.48581 3.21244 -0.659999 0.314791 -0.489705 -0.273025 4.281 3.3 1.68047 0 9.30237e+242 9.30237e+242 
 3.503 2.696 1.86287 9.57005e-321 1.55716e+142 3.51784 3.15694 -1.0473 0.261239 -0.445677 -0.297941 4.298 3.334 1.79397 0 9.30237e+242 9.30237e+242 
 3.5 2.743 1.81303 9.57005e-321 1.55716e+142 3.55022 3.09145 -1.11159 0.195839 -0.478154 -0.414073 4.302 3.365 1.91977 0 9.30237e+242 9.30237e+242 
 3.493 2.769 1.76884 9.57005e-321 1.55716e+142 3.58504 3.02211 -1.10544 0.140387 -0.584458 -0.523599 4.298 3.385 2.04161 0 9.30237e+242 9.30237e+242 
 3.461 2.807 1.72042 9.57005e-321 1.55716e+142 3.60518 2.99058 -1.00247 0.102186 -0.770709 -0.523599 4.275 3.428 2.1493 0 9.30237e+242 9.30237e+242 
 3.486 2.852 1.66006 9.57005e-321 1.55716e+142 3.63406 2.99406 0.11989 0.0829648 -0.764227 -0.523599 4.261 3.491 2.24104 0 9.30237e+242 9.30237e+242 
 3.458 2.86 1.5817 9.57005e-321 1.55716e+142 3.65046 3.00431 0.558875 0.0941765 -0.884438 -0.523599 4.241 3.544 2.31123 0 9.30237e+242 9.30237e+242 
 3.465 2.873 1.50203 9.57005e-321 1.55716e+142 3.65789 3.00139 -0.374388 0.0926629 -0.845303 -0.523599 4.204 3.586 2.39023 0 9.30237e+242 9.30237e+242 
 3.498 2.863 1.411 9.57005e-321 1.55716e+142 3.68248 2.98324 -0.635875 0.0946555 -0.755519 -0.523599 4.192 3.6 2.45112 0 9.30237e+242 9.30237e+242 
 3.49 2.858 1.32489 9.57005e-321 1.55716e+142 3.68491 2.98509 0.649661 0.107345 -0.712319 -0.523599 4.161 3.628 2.50418 0 9.30237e+242 9.30237e+242 
 3.493 2.872 1.2484 9.57005e-321 1.55716e+142 3.68388 2.96908 -1.63492 0.0961825 -0.698468 -0.523599 4.139 3.627 2.53642 0 9.30237e+242 9.30237e+242 
 3.503 2.919 1.17697 9.57005e-321 1.55716e+142 3.66816 2.97876 2.58929 0.0748189 -0.639975 -0.523599 4.108 3.647 2.55947 0 9.30237e+242 9.30237e+242 
 3.517 2.944 1.10849 9.57005e-321 1.55716e+142 3.639 2.98267 3.00844 0.0550736 -0.482533 -0.523599 4.071 3.656 2.57116 0 9.30237e+242 9.30237e+242 
 3.491 2.973 1.04682 9.57005e-321 1.55716e+142 3.62559 3.00165 2.18589 0.0575177 -0.531346 -0.523599 4.056 3.676 2.57351 0 9.30237e+242 9.30237e+242 
 3.488 2.95 0.998967 9.57005e-321 1.55716e+142 3.60916 3.01093 2.62771 0.0701906 -0.351441 -0.523599 4.04 3.685 2.57288 0 9.30237e+242 9.30237e+242 
 3.507 2.947 0.94581 9.57005e-321 1.55716e+142 3.57602 3.02166 2.82843 0.0594197 -0.0648405 -0.193952 4.008 3.695 2.57118 0 9.30237e+242 9.30237e+242 
 3.496 2.958 0.916111 9.57005e-321 1.55716e+142 3.52668 3.04452 2.7077 0.0516242 0.152133 0.487708 3.96 3.717 2.56919 0 9.30237e+242 9.30237e+242 
 3.514 2.968 0.914415 9.57005e-321 1.55716e+142 3.48189 3.06794 2.65973 0.0375277 0.472298 0.523599 3.922 3.736 2.55906 0 9.30237e+242 9.30237e+242 
 3.507 2.975 0.918469 9.57005e-321 1.55716e+142 3.42134 3.09245 2.75703 0.0306799 0.753077 0.523599 3.877 3.75 2.53561 0 9.30237e+242 9.30237e+242 
 3.521 2.978 0.935181 9.57005e-321 1.55716e+142 3.36754 3.14062 2.41134 0.0381202 1.10361 0.523599 3.843 3.784 2.50517 0 9.30237e+242 9.30237e+242 
 3.536 2.96 1.01303 9.57005e-321 1.55716e+142 3.32032 3.16528 2.66032 0.0586166 1.31413 0.523599 3.815 3.794 2.47494 0 9.30237e+242 9.30237e+242 
 3.53 2.967 1.12988 9.57005e-321 1.55716e+142 3.28285 3.20559 2.3196 0.091423 1.33422 0.523599 3.794 3.821 2.44848 0 9.30237e+242 9.30237e+242 
 3.537 2.965 1.26499 9.57005e-321 1.55716e+142 3.22648 3.25295 2.44289 0.138369 1.35322 0.523599 3.751 3.857 2.42654 0 9.30237e+242 9.30237e+242 
 3.541 2.958 1.4006 9.57005e-321 1.55716e+142 3.20496 3.2749 2.34619 0.179932 1.24964 0.523599 3.734 3.875 2.41904 0 9.30237e+242 9.30237e+242 
 3.545 2.972 1.53467 9.57005e-321 1.55716e+142 3.1823 3.29904 2.32455 0.211134 1.14716 0.523599 3.716 3.895 2.41126 0 9.30237e+242 9.30237e+242 
 3.557 2.957 1.65882 9.57005e-321 1.55716e+142 3.15593 3.32338 2.39638 0.258669 1.01861 0.523599 3.69 3.919 2.41062 0 9.30237e+242 9.30237e+242 
 3.542 3.007 1.77202 9.57005e-321 1.55716e+142 3.14336 3.3361 2.35022 0.255356 0.93101 0.523599 3.676 3.933 2.41302 0 9.30237e+242 9.30237e+242 
 3.54 3.022 1.871 9.57005e-321 1.55716e+142 3.13047 3.35622 2.14038 0.273904 0.815983 0.492213 3.661 3.955 2.41656 0 9.30237e+242 9.30237e+242 
 3.509 3.033 1.96146 9.57005e-321 1.55716e+142 3.13384 3.3845 1.45223 0.283205 0.600072 0.364365 3.659 3.988 2.4255 0 9.30237e+242 9.30237e+242 
 3.501 3.053 2.03963 9.57005e-321 1.55716e+142 3.11502 3.39129 2.79564 0.286556 0.5385 0.326177 3.627 4.006 2.44712 0 9.30237e+242 9.30237e+242 
 3.497 3.123 2.09838 9.57005e-321 1.55716e+142 3.11809 3.41089 1.41501 0.264719 0.543308 0.35388 3.611 4.041 2.47777 0 9.30237e+242 9.30237e+242 
 3.461 3.131 2.1526 9.57005e-321 1.55716e+142 3.10611 3.40826 -2.92605 0.254985 0.44456 0.304092 3.577 4.055 2.51226 0 9.30237e+242 9.30237e+242 
 3.447 3.175 2.20638 9.57005e-321 1.55716e+142 3.09747 3.40654 -2.94469 0.235844 0.466202 0.341844 3.543 4.071 2.55094 0 9.30237e+242 9.30237e+242 
 3.434 3.148 2.25088 9.57005e-321 1.55716e+142 3.10403 3.38947 -1.20411 0.234749 0.343374 0.257449 3.531 4.066 2.57861 0 9.30237e+242 9.30237e+242 
 3.401 3.189 2.29722 9.57005e-321 1.55716e+142 3.0968 3.38577 -2.66915 0.207444 0.341584 0.288145 3.508 4.072 2.60175 0 9.30237e+242 9.30237e+242 
 3.393 3.231 2.3307 9.57005e-321 1.55716e+142 3.07977 3.40623 2.26497 0.20415 0.378241 0.321897 3.485 4.096 2.61043 0 9.30237e+242 9.30237e+242 
 3.384 3.211 2.36644 9.57005e-321 1.55716e+142 3.06048 3.40648 3.12854 0.218028 0.298431 0.241567 3.461 4.099 2.61725 0 9.30237e+242 9.30237e+242 
 3.363 3.237 2.40295 9.57005e-321 1.55716e+142 3.0438 3.41643 2.60372 0.211375 0.288162 0.240635 3.439 4.112 2.62491 0 9.30237e+242 9.30237e+242 
 3.345 3.261 2.43208 9.57005e-321 1.55716e+142 3.02145 3.44137 2.30149 0.214705 0.257076 0.212275 3.413 4.139 2.63015 0 9.30237e+242 9.30237e+242 
 3.316 3.273 2.46029 9.57005e-321 1.55716e+142 2.98798 3.47385 2.37128 0.224836 0.171616 0.136538 3.375 4.174 2.63663 0 9.30237e+242 9.30237e+242 
 3.329 3.281 2.48381 9.57005e-321 1.55716e+142 2.97169 3.5105 1.98906 0.249146 0.117242 0.0845019 3.347 4.217 2.65328 0 9.30237e+242 9.30237e+242 
 3.328 3.313 2.49867 9.57005e-321 1.55716e+142 2.95138 3.51538 2.90555 0.249501 0.202497 0.145063 3.307 4.232 2.68095 0 9.30237e+242 9.30237e+242 
 3.287 3.32 2.51112 9.57005e-321 1.55716e+142 2.95498 3.51389 -0.39352 0.225328 0.132672 0.105588 3.282 4.244 2.72049 0 9.30237e+242 9.30237e+242 
 3.273 3.34 2.53147 9.57005e-321 1.55716e+142 2.95473 3.5113 -1.66899 0.211572 0.147659 0.12497 3.257 4.252 2.75413 0 9.30237e+242 9.30237e+242 
 3.282 3.362 2.54452 9.57005e-321 1.55716e+142 2.95747 3.50505 -1.15779 0.206105 0.228599 0.197054 3.236 4.255 2.78598 0 9.30237e+242 9.30237e+242 
 3.23 3.337 2.56111 9.57005e-321 1.55716e+142 2.9445 3.51195 2.65305 0.196905 0.0377347 0.0344814 3.206 4.268 2.8086 0 9.30237e+242 9.30237e+242 
 3.212 3.37 2.58014 9.57005e-321 1.55716e+142 2.92225 3.53266 2.39202 0.19529 0.0610808 0.0562392 3.171 4.293 2.82541 0 9.30237e+242 9.30237e+242 
 3.212 3.397 2.58373 9.57005e-321 1.55716e+142 2.89752 3.52944 -3.01234 0.198855 0.19687 0.176352 3.133 4.294 2.84282 0 9.30237e+242 9.30237e+242 
 3.172 3.42 2.592 9.57005e-321 1.55716e+142 2.87317 3.52023 -2.77981 0.181876 0.268468 0.259699 3.091 4.29 2.86582 0 9.30237e+242 9.30237e+242 
 3.162 3.407 2.61407 9.57005e-321 1.55716e+142 2.85582 3.52683 2.77789 0.191706 0.187731 0.174476 3.065 4.299 2.87704 0 9.30237e+242 9.30237e+242 
 3.136 3.443 2.64048 9.57005e-321 1.55716e+142 2.83819 3.54319 2.3934 0.182684 0.209797 0.203844 3.045 4.316 2.88011 0 9.30237e+242 9.30237e+242 
 3.167 3.448 2.65973 9.57005e-321 1.55716e+142 2.79265 3.55475 2.89301 0.225553 0.266241 0.209357 2.994 4.329 2.88717 0 9.30237e+242 9.30237e+242 
 3.151 3.461 2.68178 9.57005e-321 1.55716e+142 2.76043 3.57677 2.54206 0.237105 0.227991 0.171383 2.954 4.353 2.89721 0 9.30237e+242 9.30237e+242 
 3.106 3.447 2.70822 9.57005e-321 1.55716e+142 2.74212 3.57018 -2.7962 0.225053 0.139162 0.110847 2.925 4.349 2.91096 0 9.30237e+242 9.30237e+242 
 3.126 3.452 2.72895 9.57005e-321 1.55716e+142 2.72404 3.57162 3.06251 0.245362 0.165803 0.12104 2.891 4.354 2.93135 0 9.30237e+242 9.30237e+242 
 3.125 3.461 2.74225 9.57005e-321 1.55716e+142 2.70375 3.56041 -2.63706 0.252071 0.227334 0.160932 2.86 4.345 2.94501 0 9.30237e+242 9.30237e+242 
 3.104 3.48 2.76091 9.57005e-321 1.55716e+142 2.68161 3.55951 -3.101 0.249432 0.263176 0.187683 2.828 4.346 2.95757 0 9.30237e+242 9.30237e+242 
 3.047 3.472 2.78563 9.57005e-321 1.55716e+142 2.63908 3.57305 2.83327 0.246086 0.152129 0.110819 2.783 4.36 2.96071 0 9.30237e+242 9.30237e+242 
 3.015 3.492 2.81129 9.57005e-321 1.55716e+142 2.59898 3.59153 2.70986 0.250817 0.129208 0.0924623 2.74 4.379 2.96439 0 9.30237e+242 9.30237e+242 
 2.995 3.49 2.82448 9.57005e-321 1.55716e+142 2.56653 3.60455 2.7599 0.260621 0.0765373 0.052812 2.702 4.393 2.97143 0 9.30237e+242 9.30237e+242 
 2.943 3.504 2.83488 9.57005e-321 1.55716e+142 2.54567 3.59756 -2.81815 0.239638 0.100479 0.0753301 2.669 4.388 2.98681 0 9.30237e+242 9.30237e+242 
 2.931 3.509 2.8438 9.57005e-321 1.55716e+142 2.53495 3.60406 2.59673 0.239266 0.0828256 0.0622293 2.641 4.397 3.00864 0 9.30237e+242 9.30237e+242 
 2.94 3.518 2.85348 9.57005e-321 1.55716e+142 2.50884 3.61744 2.668 0.259949 0.0840954 0.0581657 2.602 4.412 3.02487 0 9.30237e+242 9.30237e+242 
 2.93 3.564 2.86175 9.57005e-321 1.55716e+142 2.48778 3.62354 2.85956 0.260506 0.20009 0.137384 2.563 4.42 3.04743 0 9.30237e+242 9.30237e+242 
 2.9 3.514 2.87263 9.57005e-321 1.55716e+142 2.46142 3.63286 2.80173 0.267305 0.00592989 0.0039931 2.516 4.431 3.07332 0 9.30237e+242 9.30237e+242 
 2.875 3.531 2.88995 9.57005e-321 1.55716e+142 2.43775 3.63561 3.0261 0.264453 0.0231285 0.0157411 2.469 4.435 3.10252 0 9.30237e+242 9.30237e+242 
 2.807 3.545 2.89128 9.57005e-321 1.55716e+142 2.43086 3.63803 2.80378 0.227935 0.0102507 0.00809481 2.438 4.438 3.13266 0 9.30237e+242 9.30237e+242 
 2.769 3.537 2.89406 9.57005e-321 1.55716e+142 2.42331 3.63426 -2.67765 0.211196 -0.033862 -0.0288522 2.403 4.434 -3.1162 0 9.30237e+242 9.30237e+242 
 2.783 3.563 2.89522 9.57005e-321 1.55716e+142 2.41367 3.63214 -2.92536 0.220739 0.079129 0.0644358 2.371 4.431 -3.08824 0 9.30237e+242 9.30237e+242 
 2.765 3.586 2.89633 9.57005e-321 1.55716e+142 2.39575 3.61939 -2.52289 0.216191 0.198742 0.163986 2.334 4.417 -3.06432 0 9.30237e+242 9.30237e+242 
 2.698 3.587 2.90294 9.57005e-321 1.55716e+142 2.39103 3.59962 -1.80537 0.178083 0.231956 0.230293 2.315 4.396 -3.04641 0 9.30237e+242 9.30237e+242 
 2.674 3.55 2.92441 9.57005e-321 1.55716e+142 2.36269 3.5906 -2.8335 0.184154 0.104115 0.101417 2.277 4.386 -3.03427 0 9.30237e+242 9.30237e+242 
 2.659 3.555 2.94586 9.57005e-321 1.55716e+142 2.32225 3.59566 3.01712 0.199116 0.0933073 0.0841502 2.236 4.391 -3.03357 0 9.30237e+242 9.30237e+242 
 2.64 3.565 2.95466 9.57005e-321 1.55716e+142 2.28736 3.59368 -3.08468 0.207275 0.133059 0.11504 2.201 4.389 -3.03343 0 9.30237e+242 9.30237e+242 
 2.639 3.571 2.96459 9.57005e-321 1.55716e+142 2.2654 3.58601 -2.80583 0.218455 0.17604 0.144046 2.176 4.381 -3.02961 0 9.30237e+242 9.30237e+242 
 2.604 3.6 2.9806 9.57005e-321 1.55716e+142 2.23525 3.58334 -3.05311 0.213786 0.263298 0.218159 2.143 4.378 -3.02603 0 9.30237e+242 9.30237e+242 
 2.581 3.585 2.9975 9.57005e-321 1.55716e+142 2.21613 3.56592 -2.40271 0.211913 0.249784 0.209067 2.119 4.36 -3.01988 0 9.30237e+242 9.30237e+242 
 2.561 3.595 3.02493 9.57005e-321 1.55716e+142 2.19522 3.57082 2.91138 0.21302 0.232821 0.19425 2.091 4.364 -3.01094 0 9.30237e+242 9.30237e+242 
 2.525 3.606 3.04968 9.57005e-321 1.55716e+142 2.16287 3.59344 2.53128 0.211908 0.160762 0.135716 2.054 4.386 -3.00508 0 9.30237e+242 9.30237e+242 
 2.516 3.579 3.07354 9.57005e-321 1.55716e+142 2.15596 3.58289 -2.151 0.21156 0.0725844 0.0616782 2.037 4.374 -2.99234 0 9.30237e+242 9.30237e+242 
 2.496 3.566 3.08626 9.57005e-321 1.55716e+142 2.21006 3.51936 -0.865467 0.16739 0.24699 0.259603 2.07 4.307 -2.96562 0 9.30237e+242 9.30237e+242 
 2.481 3.577 3.09511 9.57005e-321 1.55716e+142 2.22626 3.48221 -1.15943 0.149985 0.438055 0.48401 2.071 4.267 -2.94628 0 9.30237e+242 9.30237e+242 
 2.475 3.59 3.12373 9.57005e-321 1.55716e+142 2.24615 3.41822 -1.26945 0.140638 0.722613 0.523599 2.096 4.204 -2.95278 0 9.30237e+242 9.30237e+242 
 2.455 3.605 -3.11037 9.57005e-321 1.55716e+142 2.22225 3.34635 -1.89178 0.156384 0.952787 0.523599 2.107 4.138 -2.99702 0 9.30237e+242 9.30237e+242 
 2.425 3.594 -3.02846 9.57005e-321 1.55716e+142 2.12856 3.28366 -2.55197 0.209293 0.904005 0.523599 2.077 4.082 -3.0771 0 9.30237e+242 9.30237e+242 
 2.39 3.611 -2.94302 9.57005e-321 1.55716e+142 1.97792 3.28796 3.11311 0.284756 0.655489 0.392814 2.017 4.087 3.09272 0 9.30237e+242 9.30237e+242 
 2.38 3.558 -2.85757 9.57005e-321 1.55716e+142 1.84977 3.30734 2.99145 0.342064 0.230435 0.12067 1.984 4.096 2.97301 0 9.30237e+242 9.30237e+242 
 2.387 3.57 -2.80001 9.57005e-321 1.55716e+142 1.72814 3.36115 2.7251 0.406425 -0.051789 -0.0229326 1.931 4.135 2.88522 0 9.30237e+242 9.30237e+242 
 2.371 3.542 -2.78594 9.57005e-321 1.55716e+142 1.63977 3.40206 2.70803 0.433831 -0.249843 -0.103293 1.874 4.167 2.84445 0 9.30237e+242 9.30237e+242 
 2.322 3.504 -2.78698 9.57005e-321 1.55716e+142 1.55289 3.42741 2.85765 0.444597 -0.382038 -0.153456 1.785 4.193 2.84722 0 9.30237e+242 9.30237e+242 
 2.284 3.519 -2.79175 9.57005e-321 1.55716e+142 1.51446 3.43834 2.86457 0.445852 -0.367367 -0.147241 1.743 4.205 2.85188 0 9.30237e+242 9.30237e+242 
 2.247 3.51 -2.81268 9.57005e-321 1.55716e+142 1.48438 3.46709 2.37893 0.437968 -0.407395 -0.165896 1.687 4.241 2.88552 0 9.30237e+242 9.30237e+242 
 2.193 3.494 -2.85052 9.57005e-321 1.55716e+142 1.49815 3.49997 1.17409 0.396252 -0.444509 -0.199242 1.636 4.288 2.96842 0 9.30237e+242 9.30237e+242 
 2.157 3.477 -2.89092 9.57005e-321 1.55716e+142 1.51755 3.55292 1.21965 0.361168 -0.54061 -0.263181 1.573 4.351 3.07223 0 9.30237e+242 9.30237e+242 
 2.118 3.448 -2.9372 9.57005e-321 1.55716e+142 1.57229 3.56278 0.178091 0.308831 -0.588735 -0.330551 1.519 4.361 -3.07493 0 9.30237e+242 9.30237e+242 
 2.11 3.434 -2.99401 9.57005e-321 1.55716e+142 1.6508 3.59647 0.405363 0.2627 -0.672571 -0.431832 1.471 4.376 -2.91491 0 9.30237e+242 9.30237e+242 
 2.047 3.447 -3.05455 9.57005e-321 1.55716e+142 1.73283 3.64094 0.496803 0.185023 -0.792477 -0.523599 1.429 4.381 -2.75202 0 9.30237e+242 9.30237e+242 
 2.009 3.45 -3.12326 9.57005e-321 1.55716e+142 1.80269 3.66848 0.375491 0.131462 -0.911251 -0.523599 1.387 4.352 -2.59519 0 9.30237e+242 9.30237e+242 
 2.002 3.455 3.07891 9.57005e-321 1.55716e+142 1.86699 3.71316 0.607307 0.105083 -1.06617 -0.523599 1.36 4.332 -2.45521 0 9.30237e+242 9.30237e+242 
 2.015 3.475 2.98715 9.57005e-321 1.55716e+142 1.89891 3.74159 0.727574 0.107404 -1.04809 -0.523599 1.328 4.302 -2.34692 0 9.30237e+242 9.30237e+242 
 1.964 3.495 2.88034 9.57005e-321 1.55716e+142 1.92342 3.77307 0.909305 0.0834368 -1.14794 -0.523599 1.307 4.283 -2.26193 0 9.30237e+242 9.30237e+242 
 1.958 3.471 2.77309 9.57005e-321 1.55716e+142 1.92218 3.77892 1.78018 0.10429 -1.15189 -0.523599 1.28 4.256 -2.20975 0 9.30237e+242 9.30237e+242 
 1.934 3.471 2.65986 9.57005e-321 1.55716e+142 1.93636 3.76041 -0.91688 0.0952965 -1.11803 -0.523599 1.276 4.212 -2.1706 0 9.30237e+242 9.30237e+242 
 1.912 3.471 2.53157 9.57005e-321 1.55716e+142 1.92604 3.75539 -2.68806 0.104454 -1.0395 -0.523599 1.257 4.194 -2.15108 0 9.30237e+242 9.30237e+242 
 1.9 3.476 2.43001 9.57005e-321 1.55716e+142 1.91428 3.73128 -2.02475 0.102907 -0.900334 -0.523599 1.244 4.168 -2.14826 0 9.30237e+242 9.30237e+242 
 1.934 3.455 2.32504 9.57005e-321 1.55716e+142 1.8884 3.70146 -2.2856 0.128907 -0.583702 -0.523599 1.218 4.138 -2.148 0 9.30237e+242 9.30237e+242 
 1.878 3.49 2.23601 9.57005e-321 1.55716e+142 1.87027 3.66726 -2.05825 0.0880133 -0.499411 -0.523599 1.2 4.104 -2.14829 0 9.30237e+242 9.30237e+242 
 1.85 3.492 2.17998 9.57005e-321 1.55716e+142 1.87599 3.65583 -1.10652 0.0743206 -0.572412 -0.523599 1.206 4.093 -2.14893 0 9.30237e+242 9.30237e+242 
 1.842 3.504 2.12948 9.57005e-321 1.55716e+142 1.86128 3.64071 -2.34235 0.0646583 -0.456386 -0.523599 1.194 4.082 -2.15509 0 9.30237e+242 9.30237e+242 
 1.852 3.498 2.07037 9.57005e-321 1.55716e+142 1.82723 3.60788 -2.3744 0.0640236 -0.161023 -0.425106 1.17 4.064 -2.17748 0 9.30237e+242 9.30237e+242 
 1.861 3.524 2.0261 9.57005e-321 1.55716e+142 1.79356 3.55088 -2.10433 0.03245 0.272122 0.523599 1.147 4.022 -2.2005 0 9.30237e+242 9.30237e+242 
 1.856 3.539 2.01344 9.57005e-321 1.55716e+142 1.76408 3.4981 -2.08031 0.00494981 0.58171 0.523599 1.124 3.978 -2.21414 0 9.30237e+242 9.30237e+242 
 1.872 3.529 2.0193 9.57005e-321 1.55716e+142 1.73065 3.45736 -2.2578 0.00650082 0.881969 0.523599 1.098 3.947 -2.22945 0 9.30237e+242 9.30237e+242 
 1.867 3.519 2.05927 9.57005e-321 1.55716e+142 1.70169 3.42375 -2.28208 0.00800719 1.0313 0.523599 1.079 3.926 -2.24954 0 9.30237e+242 9.30237e+242 
 1.887 3.518 2.14994 9.57005e-321 1.55716e+142 1.66539 3.40043 -2.5706 0.0320625 1.22931 0.523599 1.052 3.914 -2.26786 0 9.30237e+242 9.30237e+242 
 1.866 3.529 2.25319 9.57005e-321 1.55716e+142 1.63827 3.35521 -2.11099 0.0286653 1.35883 0.523599 1.031 3.876 -2.27969 0 9.30237e+242 9.30237e+242 
 1.886 3.534 2.38954 9.57005e-321 1.55716e+142 1.61809 3.32984 -2.24268 0.0617414 1.42095 0.523599 1.012 3.852 -2.28194 0 9.30237e+242 9.30237e+242 
 1.901 3.558 2.5124 9.57005e-321 1.55716e+142 1.59695 3.30337 -2.24464 0.0910782 1.4744 0.523599 0.993 3.828 -2.28603 0 9.30237e+242 9.30237e+242 
 1.898 3.543 2.65412 9.57005e-321 1.55716e+142 1.58353 3.27373 -1.99614 0.122299 1.39932 0.523599 0.981 3.8 -2.28874 0 9.30237e+242 9.30237e+242 
 1.886 3.533 2.80127 9.57005e-321 1.55716e+142 1.555 3.23999 -2.27262 0.157262 1.31247 0.523599 0.954 3.768 -2.29163 0 9.30237e+242 9.30237e+242 
 1.875 3.537 2.94207 9.57005e-321 1.55716e+142 1.54141 3.22319 -2.25084 0.183808 1.21533 0.523599 0.942 3.753 -2.29464 0 9.30237e+242 9.30237e+242 
 1.888 3.538 3.06996 9.57005e-321 1.55716e+142 1.52044 3.21096 -2.61378 0.225159 1.06412 0.523599 0.923 3.743 -2.29836 0 9.30237e+242 9.30237e+242 
 1.887 3.517 -3.09177 9.57005e-321 1.55716e+142 1.50213 3.19661 -2.47699 0.251976 0.880525 0.523599 0.905 3.729 -2.29894 0 9.30237e+242 9.30237e+242 
 1.863 3.516 -2.98965 9.57005e-321 1.55716e+142 1.47706 3.18866 -2.83425 0.266164 0.763235 0.47649 0.879 3.72 -2.29719 0 9.30237e+242 9.30237e+242 
 1.823 3.525 -2.9048 9.57005e-321 1.55716e+142 1.44619 3.16407 -2.46892 0.277321 0.736296 0.445816 0.846 3.693 -2.29317 0 9.30237e+242 9.30237e+242 
 1.789 3.531 -2.83223 9.57005e-321 1.55716e+142 1.43339 3.12887 -1.91961 0.284192 0.754339 0.445714 0.829 3.653 -2.28519 0 9.30237e+242 9.30237e+242 
 1.79 3.473 -2.75856 9.57005e-321 1.55716e+142 1.42114 3.09753 -1.94343 0.29144 0.581309 0.344696 0.806 3.609 -2.26443 0 9.30237e+242 9.30237e+242 
 1.734 3.495 -2.68353 9.57005e-321 1.55716e+142 1.40684 3.08568 -2.44964 0.287662 0.617847 0.368908 0.781 3.584 -2.24324 0 9.30237e+242 9.30237e+242 
 1.702 3.48 -2.62445 9.57005e-321 1.55716e+142 1.40232 3.08083 -2.32044 0.276419 0.572084 0.356606 0.767 3.567 -2.22397 0 9.30237e+242 9.30237e+242 
 1.66 3.464 -2.56227 9.57005e-321 1.55716e+142 1.3622 3.07565 -3.01334 0.276421 0.470874 0.297523 0.718 3.55 -2.20549 0 9.30237e+242 9.30237e+242 
 1.651 3.443 -2.50583 9.57005e-321 1.55716e+142 1.37187 3.06993 -0.53462 0.265822 0.404169 0.267139 0.716 3.528 -2.18046 0 9.30237e+242 9.30237e+242 
 1.607 3.434 -2.46016 9.57005e-321 1.55716e+142 1.39083 3.06821 -0.0901502 0.238686 0.475474 0.344288 0.718 3.501 -2.1424 0 9.30237e+242 9.30237e+242 
 1.579 3.402 -2.41847 9.57005e-321 1.55716e+142 1.39449 3.08526 1.35906 0.207583 0.405767 0.338322 0.711 3.501 -2.11727 0 9.30237e+242 9.30237e+242 
 1.604 3.346 -2.37034 9.57005e-321 1.55716e+142 1.38705 3.06054 -1.86322 0.209192 0.189149 0.161339 0.698 3.467 -2.10375 0 9.30237e+242 9.30237e+242 
 1.597 3.343 -2.33195 9.57005e-321 1.55716e+142 1.37419 3.03714 -2.07319 0.221209 0.170119 0.137554 0.679 3.433 -2.08844 0 9.30237e+242 9.30237e+242 
 1.534 3.329 -2.31615 9.57005e-321 1.55716e+142 1.3597 3.01415 -2.13349 0.207255 0.302578 0.256978 0.66 3.402 -2.07694 0 9.30237e+242 9.30237e+242 
 1.519 3.34 -2.29852 9.57005e-321 1.55716e+142 1.33366 2.97539 -2.16227 0.234895 0.341401 0.255881 0.63 3.356 -2.06663 0 9.30237e+242 9.30237e+242 
 1.524 3.346 -2.26643 9.57005e-321 1.55716e+142 1.31131 2.95012 -2.29494 0.260521 0.277855 0.189669 0.603 3.322 -2.05426 0 9.30237e+242 9.30237e+242 
 1.485 3.331 -2.23346 9.57005e-321 1.55716e+142 1.29608 2.92832 -2.18062 0.257007 0.305932 0.211074 0.582 3.289 -2.03852 0 9.30237e+242 9.30237e+242 
 1.501 3.318 -2.20574 9.57005e-321 1.55716e+142 1.29723 2.92194 -1.39146 0.259645 0.218773 0.150518 0.575 3.266 -2.01537 0 9.30237e+242 9.30237e+242 
 1.45 3.305 -2.17622 9.57005e-321 1.55716e+142 1.29296 2.92188 -3.12757 0.239494 0.288699 0.21367 0.562 3.247 -1.98931 0 9.30237e+242 9.30237e+242 
 1.45 3.263 -2.15427 9.57005e-321 1.55716e+142 1.29105 2.91325 -1.78799 0.223984 0.203958 0.162462 0.556 3.229 -1.97653 0 9.30237e+242 9.30237e+242 
 1.443 3.249 -2.12576 9.57005e-321 1.55716e+142 1.28379 2.87995 -1.78561 0.234587 0.19532 0.148763 0.539 3.172 -1.9445 0 9.30237e+242 9.30237e+242 
 1.433 3.232 -2.10522 9.57005e-321 1.55716e+142 1.27378 2.86335 -2.1132 0.234863 0.167632 0.127774 0.525 3.145 -1.93057 0 9.30237e+242 9.30237e+242 
 1.383 3.214 -2.08605 9.57005e-321 1.55716e+142 1.27514 2.81923 -1.53989 0.235408 0.329796 0.247022 0.522 3.089 -1.91475 0 9.30237e+242 9.30237e+242 
 1.394 3.221 -2.06509 9.57005e-321 1.55716e+142 1.274 2.79525 -1.6185 0.255764 0.299418 0.207684 0.517 3.054 -1.90016 0 9.30237e+242 9.30237e+242 
 1.376 3.148 -2.03073 9.57005e-321 1.55716e+142 1.26268 2.78822 -2.58616 0.219963 0.199766 0.16204 0.504 3.042 -1.89359 0 9.30237e+242 9.30237e+242 
 1.371 3.12 -2.00147 9.57005e-321 1.55716e+142 1.24842 2.7595 -2.03145 0.223135 0.133472 0.107257 0.488 3.008 -1.88665 0 9.30237e+242 9.30237e+242 
 1.381 3.08 -1.98348 9.57005e-321 1.55716e+142 1.22309 2.7418 -2.53184 0.219525 -0.0310877 -0.0254848 0.46 2.982 -1.87576 0 9.30237e+242 9.30237e+242 
 1.38 3.053 -1.97347 9.57005e-321 1.55716e+142 1.21832 2.72568 -1.85842 0.214514 -0.0715781 -0.0599895 0.451 2.952 -1.85761 0 9.30237e+242 9.30237e+242 
 1.329 3.05 -1.97428 9.57005e-321 1.55716e+142 1.22034 2.6922 -1.51046 0.219028 0.139849 0.114428 0.447 2.897 -1.82968 0 9.30237e+242 9.30237e+242 
 1.328 3.038 -1.97466 9.57005e-321 1.55716e+142 1.20314 2.66928 -2.2145 0.228508 0.101228 0.0795706 0.425 2.855 -1.80508 0 9.30237e+242 9.30237e+242 
 1.316 2.998 -1.96678 9.57005e-321 1.55716e+142 1.18451 2.637 -2.09428 0.225836 0.0607989 0.0484211 0.403 2.808 -1.78621 0 9.30237e+242 9.30237e+242 
 1.312 2.988 -1.95789 9.57005e-321 1.55716e+142 1.1633 2.6086 -2.21225 0.239701 0.0180611 0.0135619 0.377 2.756 -1.7561 0 9.30237e+242 9.30237e+242 
 1.3 3.002 -1.95249 9.57005e-321 1.55716e+142 1.15128 2.61621 2.57713 0.243208 0.0184102 0.0136246 0.36 2.734 -1.71857 0 9.30237e+242 9.30237e+242 
 1.291 2.929 -1.94998 9.57005e-321 1.55716e+142 1.13783 2.61346 -2.93969 0.205933 -0.0911612 -0.0795133 0.342 2.695 -1.6729 0 9.30237e+242 9.30237e+242 
 1.288 2.902 -1.94797 9.57005e-321 1.55716e+142 1.13782 2.62057 1.5727 0.186759 -0.135491 -0.129853 0.339 2.664 -1.62511 0 9.30237e+242 9.30237e+242 
 1.294 2.862 -1.94943 9.57005e-321 1.55716e+142 1.14694 2.60345 -1.08103 0.173706 -0.160221 -0.164526 0.347 2.613 -1.58273 0 9.30237e+242 9.30237e+242 
 1.276 2.858 -1.95161 9.57005e-321 1.55716e+142 1.16059 2.60758 0.293753 0.162042 -0.0567531 -0.0629595 0.361 2.582 -1.53881 0 9.30237e+242 9.30237e+242 
 1.274 2.857 -1.95584 9.57005e-321 1.55716e+142 1.15558 2.59958 -2.12984 0.166551 -0.052042 -0.0561854 0.357 2.552 -1.51129 0 9.30237e+242 9.30237e+242 
 1.288 2.827 -1.95817 9.57005e-321 1.55716e+142 1.17394 2.57837 -0.857404 0.160804 -0.0473125 -0.0529109 0.376 2.521 -1.49902 0 9.30237e+242 9.30237e+242 
 1.284 2.833 -1.96122 9.57005e-321 1.55716e+142 1.18433 2.55832 -1.09275 0.171778 0.0485888 0.0508706 0.387 2.493 -1.48906 0 9.30237e+242 9.30237e+242 
 1.246 2.798 -1.96106 9.57005e-321 1.55716e+142 1.18627 2.53201 -1.49707 0.158605 0.186723 0.208823 0.389 2.466 -1.48819 0 9.30237e+242 9.30237e+242 
 1.266 2.795 -1.95942 9.57005e-321 1.55716e+142 1.18825 2.48125 -1.53181 0.188647 0.17569 0.166093 0.391 2.415 -1.48789 0 9.30237e+242 9.30237e+242 
 1.25 2.787 -1.95711 9.57005e-321 1.55716e+142 1.18817 2.42617 -1.5722 0.211671 0.275615 0.230222 0.391 2.359 -1.48673 0 9.30237e+242 9.30237e+242 
 1.245 2.772 -1.94795 9.57005e-321 1.55716e+142 1.20011 2.3889 -1.26081 0.221337 0.337956 0.268217 0.403 2.321 -1.48582 0 9.30237e+242 9.30237e+242 
 1.232 2.78 -1.92163 9.57005e-321 1.55716e+142 1.21398 2.39039 0.107227 0.221753 0.396055 0.311047 0.417 2.321 -1.48394 0 9.30237e+242 9.30237e+242 
 1.197 2.745 -1.88676 9.57005e-321 1.55716e+142 1.21399 2.36234 -1.57062 0.21475 0.463775 0.370752 0.417 2.293 -1.48402 0 9.30237e+242 9.30237e+242 
 1.222 2.723 -1.84567 9.57005e-321 1.55716e+142 1.22601 2.34612 -0.933087 0.215163 0.366588 0.297573 0.429 2.277 -1.48429 0 9.30237e+242 9.30237e+242 
 1.216 2.683 -1.79822 9.57005e-321 1.55716e+142 1.25007 2.30545 -1.03663 0.214863 0.407836 0.329227 0.453 2.237 -1.48513 0 9.30237e+242 9.30237e+242 
 1.216 2.693 -1.7618 9.57005e-321 1.55716e+142 1.27735 2.26707 -0.952794 0.243098 0.449124 0.321046 0.48 2.202 -1.48937 0 9.30237e+242 9.30237e+242 
 1.202 2.656 -1.71832 9.57005e-321 1.55716e+142 1.28438 2.2399 -1.31759 0.239066 0.458672 0.332525 0.486 2.189 -1.50713 0 9.30237e+242 9.30237e+242 
 1.195 2.615 -1.67245 9.57005e-321 1.55716e+142 1.30343 2.20533 -1.06732 0.237757 0.481296 0.349426 0.504 2.175 -1.53288 0 9.30237e+242 9.30237e+242 
 1.202 2.591 -1.62487 9.57005e-321 1.55716e+142 1.32694 2.18979 -0.583894 0.236023 0.474154 0.346978 0.527 2.18 -1.55856 0 9.30237e+242 9.30237e+242 
 1.215 2.587 -1.57621 9.57005e-321 1.55716e+142 1.35197 2.15803 -0.903393 0.255637 0.429397 0.29361 0.552 2.165 -1.57951 0 9.30237e+242 9.30237e+242 
 1.222 2.539 -1.52905 9.57005e-321 1.55716e+142 1.38244 2.12396 -0.841182 0.251842 0.444705 0.307747 0.583 2.154 -1.60836 0 9.30237e+242 9.30237e+242 
 1.211 2.501 -1.48597 9.57005e-321 1.55716e+142 1.41265 2.08467 -0.915317 0.25927 0.502546 0.335691 0.615 2.146 -1.64754 0 9.30237e+242 9.30237e+242 
 1.182 2.48 -1.44048 9.57005e-321 1.55716e+142 1.40634 2.01095 -1.65619 0.295248 0.447971 0.266607 0.613 2.114 -1.69997 0 9.30237e+242 9.30237e+242 
 1.21 2.461 -1.39057 9.57005e-321 1.55716e+142 1.39709 1.94445 -1.70898 0.320055 0.241613 0.135057 0.611 2.093 -1.75757 0 9.30237e+242 9.30237e+242 
 1.243 2.44 -1.34823 9.57005e-321 1.55716e+142 1.36189 1.85672 -1.95239 0.350121 -0.0315831 -0.0162357 0.58 2.026 -1.784 0 9.30237e+242 9.30237e+242 
 1.257 2.396 -1.33139 9.57005e-321 1.55716e+142 1.31344 1.76452 -2.05458 0.370076 -0.222328 -0.107719 0.535 1.949 -1.80349 0 9.30237e+242 9.30237e+242 
 1.266 2.384 -1.3324 9.57005e-321 1.55716e+142 1.28407 1.70199 -2.00983 0.395196 -0.315312 -0.14264 0.506 1.888 -1.80546 0 9.30237e+242 9.30237e+242 
 1.249 2.333 -1.3364 9.57005e-321 1.55716e+142 1.2483 1.66937 -2.40241 0.382994 -0.34906 -0.162603 0.465 1.832 -1.7755 0 9.30237e+242 9.30237e+242 
 1.252 2.273 -1.35086 9.57005e-321 1.55716e+142 1.23953 1.68347 2.12715 0.339941 -0.351767 -0.184152 0.446 1.785 -1.69805 0 9.30237e+242 9.30237e+242 
 1.266 2.242 -1.38554 9.57005e-321 1.55716e+142 1.2277 1.70617 2.05116 0.308797 -0.367719 -0.211151 0.428 1.728 -1.59809 0 9.30237e+242 9.30237e+242 
 1.284 2.229 -1.42149 9.57005e-321 1.55716e+142 1.19569 1.74064 2.3191 0.280949 -0.460075 -0.286646 0.399 1.668 -1.47987 0 9.30237e+242 9.30237e+242 
 1.3 2.196 -1.46019 9.57005e-321 1.55716e+142 1.18704 1.80113 1.71289 0.22851 -0.513276 -0.38422 0.406 1.628 -1.35266 0 9.30237e+242 9.30237e+242 
 1.283 2.147 -1.50874 9.57005e-321 1.55716e+142 1.17331 1.87584 1.75261 0.15914 -0.504025 -0.518138 0.422 1.601 -1.2201 0 9.30237e+242 9.30237e+242 
 1.269 2.112 -1.55967 9.57005e-321 1.55716e+142 1.14145 1.93691 2.05153 0.106862 -0.591385 -0.523599 0.428 1.575 -1.10135 0 9.30237e+242 9.30237e+242 
 1.262 2.103 -1.60908 9.57005e-321 1.55716e+142 1.10465 1.97478 2.34194 0.0856812 -0.725289 -0.523599 0.428 1.548 -1.00809 0 9.30237e+242 9.30237e+242 
 1.29 2.117 -1.67006 9.57005e-321 1.55716e+142 1.09078 1.99092 2.28086 0.0950916 -0.849201 -0.523599 0.447 1.516 -0.935208 0 9.30237e+242 9.30237e+242 
 1.284 2.094 -1.74524 9.57005e-321 1.55716e+142 1.08682 1.98266 -2.01784 0.0933006 -0.807926 -0.523599 0.471 1.472 -0.878481 0 9.30237e+242 9.30237e+242 
 1.293 2.092 -1.83231 9.57005e-321 1.55716e+142 1.08586 1.97143 -1.6559 0.107868 -0.756031 -0.523599 0.496 1.431 -0.829099 0 9.30237e+242 9.30237e+242 
 1.315 2.099 -1.9144 9.57005e-321 1.55716e+142 1.09214 1.96222 -0.972355 0.126992 -0.700544 -0.523599 0.524 1.399 -0.789745 0 9.30237e+242 9.30237e+242 
 1.282 2.071 -1.99083 9.57005e-321 1.55716e+142 1.08708 1.95576 -2.23492 0.113397 -0.588057 -0.523599 0.539 1.373 -0.754742 0 9.30237e+242 9.30237e+242 
 1.243 2.062 -2.06186 9.57005e-321 1.55716e+142 1.09411 1.94569 -0.961167 0.103322 -0.358166 -0.523599 0.559 1.351 -0.732719 0 9.30237e+242 9.30237e+242 
 1.275 2.028 -2.11942 9.57005e-321 1.55716e+142 1.11246 1.91824 -0.981719 0.106851 -0.377694 -0.523599 0.587 1.315 -0.716595 0 9.30237e+242 9.30237e+242 
 1.283 2.059 -2.15352 9.57005e-321 1.55716e+142 1.15554 1.90189 -0.362615 0.118543 -0.090637 -0.136768 0.639 1.291 -0.7019 0 9.30237e+242 9.30237e+242 
 1.247 2.029 -2.18745 9.57005e-321 1.55716e+142 1.1743 1.88611 -0.699272 0.0934688 0.113013 0.214296 0.664 1.27 -0.691735 0 9.30237e+242 9.30237e+242 
 1.239 1.969 -2.19067 9.57005e-321 1.55716e+142 1.19441 1.87285 -0.583076 0.0614005 0.102698 0.292435 0.685 1.256 -0.690293 0 9.30237e+242 9.30237e+242 
 1.239 1.999 -2.18724 9.57005e-321 1.55716e+142 1.21911 1.85727 -0.562715 0.0761234 0.330566 0.523599 0.709 1.241 -0.691432 0 9.30237e+242 9.30237e+242 
 1.248 2.021 -2.18576 9.57005e-321 1.55716e+142 1.24195 1.83157 -0.844172 0.0962356 0.49396 0.523599 0.731 1.216 -0.692798 0 9.30237e+242 9.30237e+242 
 1.247 2.019 -2.17503 9.57005e-321 1.55716e+142 1.26491 1.79911 -0.95536 0.105931 0.636728 0.523599 0.751 1.186 -0.697604 0 9.30237e+242 9.30237e+242 
 1.22 1.983 -2.12919 9.57005e-321 1.55716e+142 1.28891 1.77402 -0.807367 0.0909592 0.788427 0.523599 0.769 1.166 -0.707441 0 9.30237e+242 9.30237e+242 
 1.214 1.993 -2.0625 9.57005e-321 1.55716e+142 1.30278 1.74369 -1.14194 0.114865 0.849638 0.523599 0.779 1.139 -0.713819 0 9.30237e+242 9.30237e+242 
 1.213 1.964 -1.98235 9.57005e-321 1.55716e+142 1.33224 1.72755 -0.501185 0.110554 0.888872 0.523599 0.806 1.125 -0.717893 0 9.30237e+242 9.30237e+242 
 1.218 1.946 -1.89618 9.57005e-321 1.55716e+142 1.35459 1.70925 -0.686248 0.117369 0.879157 0.523599 0.828 1.107 -0.71847 0 9.30237e+242 9.30237e+242 
 1.24 1.973 -1.8063 9.57005e-321 1.55716e+142 1.37824 1.68368 -0.824339 0.156352 0.787451 0.523599 0.851 1.082 -0.719561 0 9.30237e+242 9.30237e+242 
 1.24 1.933 -1.7185 9.57005e-321 1.55716e+142 1.40783 1.65717 -0.730696 0.156231 0.803954 0.523599 0.88 1.056 -0.72053 0 9.30237e+242 9.30237e+242 
 1.238 1.914 -1.63964 9.57005e-321 1.55716e+142 1.43341 1.63753 -0.654599 0.165081 0.811251 0.523599 0.906 1.036 -0.719844 0 9.30237e+242 9.30237e+242 
 1.221 1.916 -1.55806 9.57005e-321 1.55716e+142 1.45995 1.60993 -0.804936 0.193774 0.820322 0.523599 0.933 1.008 -0.71907 0 9.30237e+242 9.30237e+242 
 1.255 1.871 -1.47631 9.57005e-321 1.55716e+142 1.49299 1.57978 -0.739877 0.193381 0.740739 0.523599 0.967 0.977 -0.717473 0 9.30237e+242 9.30237e+242 
 1.228 1.844 -1.39591 9.57005e-321 1.55716e+142 1.50778 1.55083 -1.09836 0.209032 0.757905 0.523599 0.983 0.947 -0.715475 0 9.30237e+242 9.30237e+242 
 1.233 1.852 -1.3217 9.57005e-321 1.55716e+142 1.51797 1.54326 -0.638866 0.22548 0.654343 0.481374 0.996 0.937 -0.710826 0 9.30237e+242 9.30237e+242 
 1.221 1.833 -1.24781 9.57005e-321 1.55716e+142 1.53481 1.54151 -0.103678 0.229647 0.662369 0.478868 1.019 0.93 -0.700713 0 9.30237e+242 9.30237e+242 
 1.234 1.794 -1.18295 9.57005e-321 1.55716e+142 1.54709 1.53576 -0.437936 0.217962 0.642671 0.487935 1.04 0.917 -0.686539 0 9.30237e+242 9.30237e+242 
 1.247 1.8 -1.11693 9.57005e-321 1.55716e+142 1.57422 1.51352 -0.686573 0.241469 0.534589 0.379215 1.073 0.89 -0.677092 0 9.30237e+242 9.30237e+242 
 1.268 1.749 -1.05427 9.57005e-321 1.55716e+142 1.59532 1.47064 -1.11363 0.241779 0.46926 0.336101 1.098 0.844 -0.670842 0 9.30237e+242 9.30237e+242 
 1.277 1.746 -1.00186 9.57005e-321 1.55716e+142 1.62032 1.45357 -0.59893 0.257055 0.405194 0.276467 1.128 0.823 -0.662888 0 9.30237e+242 9.30237e+242 
 1.277 1.718 -0.955829 9.57005e-321 1.55716e+142 1.63302 1.45373 0.0125513 0.251521 0.431096 0.299248 1.154 0.813 -0.641971 0 9.30237e+242 9.30237e+242 
 1.312 1.695 -0.915453 9.57005e-321 1.55716e+142 1.63936 1.46172 0.899486 0.229011 0.389807 0.297303 1.174 0.811 -0.620823 0 9.30237e+242 9.30237e+242 
 1.3 1.639 -0.873098 9.57005e-321 1.55716e+142 1.65484 1.44803 -0.724026 0.224808 0.497187 0.378858 1.197 0.792 -0.60931 0 9.30237e+242 9.30237e+242 
 1.3 1.619 -0.833 9.57005e-321 1.55716e+142 1.67443 1.42978 -0.750209 0.235056 0.485754 0.356119 1.222 0.77 -0.601086 0 9.30237e+242 9.30237e+242 
 1.345 1.597 -0.782339 9.57005e-321 1.55716e+142 1.69206 1.4121 -0.786733 0.22418 0.382135 0.297708 1.246 0.748 -0.591461 0 9.30237e+242 9.30237e+242 
 1.346 1.594 -0.735205 9.57005e-321 1.55716e+142 1.71036 1.40387 -0.422971 0.236168 0.337789 0.251981 1.273 0.734 -0.578411 0 9.30237e+242 9.30237e+242 
 1.369 1.583 -0.698649 9.57005e-321 1.55716e+142 1.72714 1.39443 -0.512345 0.234185 0.283203 0.214333 1.3 0.718 -0.563234 0 9.30237e+242 9.30237e+242 
 1.379 1.565 -0.666453 9.57005e-321 1.55716e+142 1.75474 1.38288 -0.39613 0.241564 0.287855 0.211292 1.338 0.7 -0.547931 0 9.30237e+242 9.30237e+242 
 1.394 1.555 -0.638304 9.57005e-321 1.55716e+142 1.78332 1.36795 -0.481465 0.250806 0.257935 0.183044 1.375 0.68 -0.535647 0 9.30237e+242 9.30237e+242 
 1.407 1.547 -0.610084 9.57005e-321 1.55716e+142 1.79104 1.3478 -1.20483 0.252934 0.178621 0.126437 1.391 0.655 -0.523659 0 9.30237e+242 9.30237e+242 
 1.401 1.521 -0.585562 9.57005e-321 1.55716e+142 1.81014 1.3393 -0.418589 0.260727 0.229828 0.157356 1.418 0.642 -0.512284 0 9.30237e+242 9.30237e+242 
 1.439 1.504 -0.568191 9.57005e-321 1.55716e+142 1.83102 1.32205 -0.690321 0.252624 0.181358 0.128509 1.453 0.617 -0.492154 0 9.30237e+242 9.30237e+242 
 1.439 1.521 -0.545915 9.57005e-321 1.55716e+142 1.85538 1.3232 0.0470635 0.270169 0.141894 0.0942564 1.491 0.611 -0.4729 0 9.30237e+242 9.30237e+242 
 1.506 1.524 -0.52953 9.57005e-321 1.55716e+142 1.87016 1.33827 0.794972 0.240187 0.0771545 0.0577566 1.522 0.618 -0.450257 0 9.30237e+242 9.30237e+242 
 1.51 1.507 -0.516619 9.57005e-321 1.55716e+142 1.89371 1.33729 -0.0414171 0.245928 0.134698 0.0982709 1.554 0.613 -0.438557 0 9.30237e+242 9.30237e+242 
 1.594 1.482 -0.508432 9.57005e-321 1.55716e+142 1.91905 1.32607 -0.41696 0.211792 0.0775652 0.0658267 1.581 0.601 -0.436274 0 9.30237e+242 9.30237e+242 
 1.602 1.448 -0.495239 9.57005e-321 1.55716e+142 1.95139 1.31438 -0.346917 0.218701 0.167229 0.136777 1.614 0.589 -0.435358 0 9.30237e+242 9.30237e+242 
 1.596 1.43 -0.486801 9.57005e-321 1.55716e+142 1.97784 1.29963 -0.508534 0.235231 0.208931 0.158534 1.641 0.574 -0.434603 0 9.30237e+242 9.30237e+242 
 1.612 1.391 -0.468612 9.57005e-321 1.55716e+142 2.01129 1.28535 -0.403546 0.239137 0.279897 0.207644 1.676 0.559 -0.432466 0 9.30237e+242 9.30237e+242 
 1.648 1.421 -0.446713 9.57005e-321 1.55716e+142 2.03603 1.26739 -0.627956 0.245073 0.09365 0.0686753 1.703 0.54 -0.429357 0 9.30237e+242 9.30237e+242 
 1.67 1.422 -0.422645 9.57005e-321 1.55716e+142 2.07375 1.24323 -0.569638 0.259748 0.0079567 0.00551378 1.747 0.513 -0.420736 0 9.30237e+242 9.30237e+242 
 1.672 1.411 -0.41704 9.57005e-321 1.55716e+142 2.08887 1.23157 -0.656754 0.266974 0.0146099 0.00985003 1.772 0.497 -0.407257 0 9.30237e+242 9.30237e+242 
 1.69 1.405 -0.414912 9.57005e-321 1.55716e+142 2.10395 1.22044 -0.635591 0.266618 -0.00617227 -0.00416702 1.806 0.478 -0.381637 0 9.30237e+242 9.30237e+242 
 1.71 1.394 -0.412559 9.57005e-321 1.55716e+142 2.10874 1.21498 -0.85185 0.257111 -0.0128744 -0.00901297 1.833 0.464 -0.351887 0 9.30237e+242 9.30237e+242 
 1.788 1.393 -0.411391 9.57005e-321 1.55716e+142 2.11847 1.20779 -0.636669 0.222053 -0.128709 -0.103958 1.865 0.449 -0.322387 0 9.30237e+242 9.30237e+242 
 1.805 1.371 -0.411446 9.57005e-321 1.55716e+142 2.12841 1.20659 -0.119879 0.213153 -0.0748975 -0.0631639 1.903 0.439 -0.285629 0 9.30237e+242 9.30237e+242 
 1.805 1.347 -0.412432 9.57005e-321 1.55716e+142 2.13075 1.20443 -0.74458 0.20918 -0.00015221 -0.000130977 1.934 0.429 -0.24849 0 9.30237e+242 9.30237e+242 
 1.809 1.36 -0.414434 9.57005e-321 1.55716e+142 2.14553 1.20039 -0.266442 0.219043 -0.0365517 -0.0300276 1.974 0.419 -0.216093 0 9.30237e+242 9.30237e+242 
 1.833 1.339 -0.41451 9.57005e-321 1.55716e+142 1.21413 0.573692 -2.54932 3.10893e-08 -1.47692 -0.523599 2 0.424 -0.188224 0 9.30237e+242 9.30237e+242 
 1.884 1.318 -0.420433 9.57005e-321 1.55716e+142 1.25047 0.551014 -0.5579 2.89089e-08 -1.4672 -0.523599 2.04 0.422 -0.161974 0 9.30237e+242 9.30237e+242 
 1.865 1.309 -0.51166 9.57005e-321 1.55716e+142 1.28379 0.540234 -0.312944 0.00633662 -1.4951 -0.523599 2.075 0.422 -0.148336 0 9.30237e+242 9.30237e+242 
 1.891 1.313 -0.646318 9.57005e-321 1.55716e+142 1.30618 0.517932 -0.783345 0.0950645 -1.51045 -0.523599 2.099 0.411 -0.134067 0 9.30237e+242 9.30237e+242 
 1.89 1.315 -0.793868 9.57005e-321 1.55716e+142 1.33534 0.502481 -0.487311 0.198896 -1.49897 -0.523599 2.129 0.402 -0.125934 0 9.30237e+242 9.30237e+242 
 1.899 1.344 -0.947705 9.57005e-321 1.55716e+142 1.3668 0.483482 -0.54326 0.308201 -1.40601 -0.523599 2.162 0.396 -0.109572 0 9.30237e+242 9.30237e+242 
 1.919 1.32 -1.09932 9.57005e-321 1.55716e+142 1.4204 0.463624 -0.354827 0.381311 -1.28623 -0.523599 2.217 0.39 -0.0921602 0 9.30237e+242 9.30237e+242 
 1.936 1.306 -1.23862 9.57005e-321 1.55716e+142 1.43512 0.456242 -0.464628 0.430248 -1.16231 -0.452601 2.233 0.398 -0.0728667 0 9.30237e+242 9.30237e+242 
 1.948 1.305 -1.36605 9.57005e-321 1.55716e+142 1.4624 0.449231 -0.251622 0.475227 -1.00495 -0.363709 2.261 0.402 -0.0590729 0 9.30237e+242 9.30237e+242 
 1.936 1.246 -1.48142 9.57005e-321 1.55716e+142 1.48998 0.427593 -0.665166 0.483293 -0.845949 -0.305224 2.289 0.388 -0.0495111 0 9.30237e+242 9.30237e+242 
 1.933 1.23 -1.58389 9.57005e-321 1.55716e+142 1.5317 0.402514 -0.541223 0.505508 -0.644527 -0.225595 2.331 0.369 -0.0419047 0 9.30237e+242 9.30237e+242 
 1.955 1.197 -1.66936 9.57005e-321 1.55716e+142 1.56441 0.396674 -0.176675 0.501335 -0.527831 -0.187292 2.364 0.371 -0.0320981 0 9.30237e+242 9.30237e+242 
 1.966 1.146 -1.73357 9.57005e-321 1.55716e+142 1.58203 0.381459 -0.712443 0.487607 -0.451797 -0.16526 2.382 0.375 -0.00807435 0 9.30237e+242 9.30237e+242 
 1.97 1.109 -1.78679 9.57005e-321 1.55716e+142 1.61507 0.362692 -0.516574 0.477565 -0.341959 -0.128182 2.415 0.373 0.0128856 0 9.30237e+242 9.30237e+242 
 1.934 1.046 -1.8329 9.57005e-321 1.55716e+142 1.62638 0.352233 -0.745987 0.442781 -0.233177 -0.0945091 2.426 0.377 0.0309634 0 9.30237e+242 9.30237e+242 
 1.906 1.029 -1.86116 9.57005e-321 1.55716e+142 1.64306 0.331898 -0.884037 0.437547 -0.105765 -0.0434825 2.442 0.373 0.0514 0 9.30237e+242 9.30237e+242 
 1.923 0.976 -1.87666 9.57005e-321 1.55716e+142 1.66178 0.311317 -0.832505 0.419448 -0.102867 -0.0441154 2.459 0.378 0.08345 0 9.30237e+242 9.30237e+242 
 1.909 0.941 -1.8816 9.57005e-321 1.55716e+142 1.68962 0.298985 -0.417049 0.39907 -0.0275873 -0.0124426 2.486 0.375 0.0951621 0 9.30237e+242 9.30237e+242 
 1.885 0.887 -1.89069 9.57005e-321 1.55716e+142 1.71388 0.29478 -0.171623 0.362449 0.0570122 0.0283059 2.509 0.383 0.110499 0 9.30237e+242 9.30237e+242 
 1.87 0.828 -1.89242 9.57005e-321 1.55716e+142 1.73542 0.293878 -0.041886 0.3234 0.108309 0.0602103 2.529 0.395 0.126742 0 9.30237e+242 9.30237e+242 
 1.863 0.776 -1.89144 9.57005e-321 1.55716e+142 1.77625 0.293573 -0.00745508 0.28629 0.200935 0.125668 2.569 0.401 0.13469 0 9.30237e+242 9.30237e+242 
 1.871 0.741 -1.89017 9.57005e-321 1.55716e+142 1.80398 0.293316 -0.00927891 0.263546 0.23491 0.159086 2.596 0.406 0.141325 0 9.30237e+242 9.30237e+242 
 1.868 0.721 -1.88236 9.57005e-321 1.55716e+142 1.82246 0.295939 0.140929 0.247719 0.276396 0.1982 2.614 0.412 0.14559 0 9.30237e+242 9.30237e+242 
 1.838 0.684 -1.86524 9.57005e-321 1.55716e+142 1.85018 0.295186 -0.0271711 0.220075 0.422615 0.332801 2.641 0.416 0.151598 0 9.30237e+242 9.30237e+242 
 1.832 0.674 -1.83329 9.57005e-321 1.55716e+142 1.8876 0.286414 -0.230216 0.216731 0.524196 0.41061 2.678 0.41 0.155104 0 9.30237e+242 9.30237e+242 
 1.809 0.641 -1.78876 9.57005e-321 1.55716e+142 1.93007 0.295466 0.210029 0.191318 0.690812 0.523599 2.72 0.422 0.158834 0 9.30237e+242 9.30237e+242 
 1.839 0.614 -1.73364 9.57005e-321 1.55716e+142 1.96563 0.275111 -0.519947 0.191856 0.646613 0.523599 2.754 0.411 0.170689 0 9.30237e+242 9.30237e+242 
 1.798 0.598 -1.66547 9.57005e-321 1.55716e+142 2.02233 0.253578 -0.36293 0.202934 0.86362 0.523599 2.809 0.399 0.182794 0 9.30237e+242 9.30237e+242 
 1.78 0.57 -1.59742 9.57005e-321 1.55716e+142 2.04328 0.237607 -0.65123 0.20656 0.902038 0.523599 2.826 0.403 0.208243 0 9.30237e+242 9.30237e+242 
 1.811 0.569 -1.50926 9.57005e-321 1.55716e+142 2.08065 0.229906 -0.203237 0.221252 0.80398 0.523599 2.857 0.423 0.243775 0 9.30237e+242 9.30237e+242 
 1.787 0.525 -1.41969 9.57005e-321 1.55716e+142 2.12787 0.209924 -0.400371 0.229592 0.899398 0.523599 2.897 0.43 0.278689 0 9.30237e+242 9.30237e+242 
 1.767 0.514 -1.33836 9.57005e-321 1.55716e+142 2.10126 0.264879 2.02168 0.202826 0.89846 0.523599 2.865 0.503 0.302231 0 9.30237e+242 9.30237e+242 
 1.801 0.502 -1.24789 9.57005e-321 1.55716e+142 2.11255 0.284667 1.05246 0.19063 0.800135 0.523599 2.874 0.53 0.311688 0 9.30237e+242 9.30237e+242 
 1.824 0.447 -1.15737 9.57005e-321 1.55716e+142 2.13179 0.286174 0.0781323 0.170289 0.811607 0.523599 2.895 0.526 0.304464 0 9.30237e+242 9.30237e+242 
 1.829 0.441 -1.07653 9.57005e-321 1.55716e+142 2.18348 0.303779 0.328264 0.183425 0.878857 0.523599 2.952 0.526 0.281478 0 9.30237e+242 9.30237e+242 
 1.854 0.433 -0.995555 9.57005e-321 1.55716e+142 2.24191 0.321933 0.301276 0.19391 0.909953 0.523599 3.017 0.52 0.250185 0 9.30237e+242 9.30237e+242 
 1.905 0.414 -0.907468 9.57005e-321 1.55716e+142 2.29478 0.34443 0.402248 0.188491 0.919806 0.523599 3.072 0.534 0.239238 0 9.30237e+242 9.30237e+242 
 1.893 0.42 -0.815525 9.57005e-321 1.55716e+142 2.33906 0.339325 -0.114801 0.228617 0.847947 0.523599 3.116 0.53 0.24066 0 9.30237e+242 9.30237e+242 
 1.889 0.405 -0.724143 9.57005e-321 1.55716e+142 2.37845 0.331712 -0.190881 0.257484 0.790274 0.504729 3.154 0.528 0.247891 0 9.30237e+242 9.30237e+242 
 1.914 0.391 -0.640605 9.57005e-321 1.55716e+142 2.42271 0.310607 -0.445001 0.27829 0.676668 0.412556 3.194 0.523 0.268714 0 9.30237e+242 9.30237e+242 
 1.985 0.405 -0.563616 9.57005e-321 1.55716e+142 2.47247 0.289779 -0.396407 0.283354 0.465704 0.287634 3.232 0.541 0.319431 0 9.30237e+242 9.30237e+242 
 2.008 0.365 -0.497035 9.57005e-321 1.55716e+142 2.52476 0.257533 -0.552569 0.3013 0.416127 0.243659 3.267 0.556 0.382331 0 9.30237e+242 9.30237e+242 
 1.972 0.38 -0.453599 9.57005e-321 1.55716e+142 2.58228 0.233906 -0.389776 0.363102 0.322243 0.158406 3.311 0.564 0.425325 0 9.30237e+242 9.30237e+242 
 2.022 0.385 -0.414676 9.57005e-321 1.55716e+142 2.6228 0.20455 -0.62689 0.36712 0.181712 0.0888594 3.337 0.565 0.467396 0 9.30237e+242 9.30237e+242 
 2.058 0.346 -0.388388 9.57005e-321 1.55716e+142 2.66882 0.200646 -0.0846321 0.366328 0.22866 0.111886 3.366 0.593 0.512598 0 9.30237e+242 9.30237e+242 
 2.095 0.323 -0.370478 9.57005e-321 1.55716e+142 2.73215 0.19973 -0.0144572 0.377562 0.265876 0.126082 3.411 0.623 0.557525 0 9.30237e+242 9.30237e+242 
 2.123 0.362 -0.34711 9.57005e-321 1.55716e+142 2.78345 0.201609 0.0366107 0.398196 0.162496 0.0733227 3.448 0.647 0.590454 0 9.30237e+242 9.30237e+242 
 2.181 0.307 -0.322634 9.57005e-321 1.55716e+142 2.83424 0.194093 -0.14692 0.386921 0.225281 0.104422 3.486 0.658 0.618586 0 9.30237e+242 9.30237e+242 
 2.158 0.316 -0.307088 9.57005e-321 1.55716e+142 2.87483 0.184227 -0.238451 0.426463 0.187953 0.0791647 3.515 0.664 0.643147 0 9.30237e+242 9.30237e+242 
 2.205 0.286 -0.284626 9.57005e-321 1.55716e+142 2.91719 0.185643 0.033436 0.420082 0.216663 0.0925722 3.543 0.684 0.672503 0 9.30237e+242 9.30237e+242 
 2.274 0.263 -0.266909 9.57005e-321 1.55716e+142 2.96502 0.186212 0.0118953 0.405601 0.233366 0.103197 3.574 0.705 0.705592 0 9.30237e+242 9.30237e+242 
 2.351 0.238 -0.243863 9.57005e-321 1.55716e+142 3.01546 0.192614 0.126232 0.387661 0.261158 0.120672 3.609 0.729 0.734859 0 9.30237e+242 9.30237e+242 
 2.362 0.239 -0.218372 9.57005e-321 1.55716e+142 3.04695 0.203004 0.318722 0.399702 0.247377 0.110945 3.626 0.755 0.761482 0 9.30237e+242 9.30237e+242 
 2.341 0.162 -0.191826 9.57005e-321 1.55716e+142 3.07736 0.225266 0.631837 0.423374 0.413892 0.174185 3.643 0.791 0.785485 0 9.30237e+242 9.30237e+242 
 2.375 0.143 -0.163533 9.57005e-321 1.55716e+142 3.09664 0.24614 0.825166 0.4152 0.454448 0.194524 3.653 0.821 0.801751 0 9.30237e+242 9.30237e+242 
 2.435 0.14 -0.11967 9.57005e-321 1.55716e+142 3.10793 0.252928 0.541136 0.390201 0.423864 0.193093 3.662 0.83 0.805735 0 9.30237e+242 9.30237e+242 
 2.449 0.16 -0.0734964 9.57005e-321 1.55716e+142 3.12821 0.27566 0.842376 0.397203 0.360144 0.16178 3.682 0.853 0.806218 0 9.30237e+242 9.30237e+242 
 2.497 0.144 -0.0318616 9.57005e-321 1.55716e+142 3.15129 0.295589 0.71236 0.386004 0.384732 0.177518 3.705 0.873 0.806348 0 9.30237e+242 9.30237e+242 
 2.509 0.143 0.00322204 9.57005e-321 1.55716e+142 3.18508 0.313785 0.493899 0.40187 0.363507 0.1614 3.739 0.891 0.805994 0 9.30237e+242 9.30237e+242 
 2.58 0.182 0.0406958 9.57005e-321 1.55716e+142 3.20789 0.339011 0.835713 0.375303 0.30251 0.144082 3.761 0.917 0.807392 0 9.30237e+242 9.30237e+242 
 2.618 0.193 0.0743491 9.57005e-321 1.55716e+142 3.22839 0.365577 0.91353 0.367978 0.297159 0.144347 3.78 0.945 0.809988 0 9.30237e+242 9.30237e+242 
 2.643 0.143 0.104785 9.57005e-321 1.55716e+142 3.25246 0.397568 0.925928 0.377306 0.429737 0.202211 3.803 0.978 0.811818 0 9.30237e+242 9.30237e+242 
 2.695 0.173 0.136933 9.57005e-321 1.55716e+142 3.26508 0.414032 0.916638 0.355459 0.386231 0.193144 3.814 0.996 0.814613 0 9.30237e+242 9.30237e+242 
 2.749 0.174 0.180293 9.57005e-321 1.55716e+142 3.29905 0.428119 0.393106 0.348634 0.369763 0.188639 3.847 1.011 0.816278 0 9.30237e+242 9.30237e+242 
 2.775 0.19 0.219109 9.57005e-321 1.55716e+142 3.33377 0.449575 0.553546 0.356652 0.317283 0.158783 3.879 1.035 0.820932 0 9.30237e+242 9.30237e+242 
 2.829 0.161 0.254812 9.57005e-321 1.55716e+142 3.36091 0.473744 0.727509 0.353449 0.405786 0.203785 3.902 1.063 0.827985 0 9.30237e+242 9.30237e+242 
 2.879 0.14 0.287369 9.57005e-321 1.55716e+142 3.38535 0.469328 -0.178767 0.345111 0.422649 0.216971 3.916 1.068 0.845555 0 9.30237e+242 9.30237e+242 
 2.867 0.152 0.324858 9.57005e-321 1.55716e+142 3.42214 0.479932 0.280592 0.373641 0.308786 0.147674 3.942 1.088 0.863444 0 9.30237e+242 9.30237e+242 
 2.881 0.228 0.365115 9.57005e-321 1.55716e+142 3.45599 0.498359 0.498496 0.373065 0.110298 0.0531675 3.962 1.118 0.886006 0 9.30237e+242 9.30237e+242 
 2.924 0.22 0.390971 9.57005e-321 1.55716e+142 3.47649 0.514023 0.652613 0.366953 0.145061 0.0710363 3.967 1.146 0.910763 0 9.30237e+242 9.30237e+242 
 2.97 0.227 0.400948 9.57005e-321 1.55716e+142 3.50398 0.545523 0.853246 0.363411 0.202099 0.0997686 3.982 1.187 0.93038 0 9.30237e+242 9.30237e+242 
 3.004 0.288 0.416622 9.57005e-321 1.55716e+142 3.51756 0.574669 1.13468 0.344971 0.135528 0.0705985 3.989 1.221 0.940604 0 9.30237e+242 9.30237e+242 
 3.044 0.247 0.436258 9.57005e-321 1.55716e+142 3.5461 0.596825 0.660161 0.356322 0.253472 0.127351 4.015 1.245 0.944526 0 9.30237e+242 9.30237e+242 
 3.151 0.28 0.450789 9.57005e-321 1.55716e+142 3.56188 0.617986 0.930115 0.306841 0.340039 0.196891 4.031 1.266 0.944183 0 9.30237e+242 9.30237e+242 
 3.132 0.326 0.479301 9.57005e-321 1.55716e+142 3.58314 0.650637 0.993615 0.324599 0.209286 0.115538 4.049 1.301 0.949206 0 9.30237e+242 9.30237e+242 
 3.176 0.334 0.513299 9.57005e-321 1.55716e+142 3.59471 0.674804 1.12427 0.314411 0.244511 0.139078 4.058 1.327 0.953152 0 9.30237e+242 9.30237e+242 
 3.172 0.346 0.532717 9.57005e-321 1.55716e+142 3.59866 0.692013 1.34497 0.32068 0.214886 0.120037 4.058 1.347 0.959202 0 9.30237e+242 9.30237e+242 
 3.204 0.349 0.559429 9.57005e-321 1.55716e+142 3.61169 0.712597 1.00656 0.318179 0.24364 0.136969 4.069 1.369 0.962293 0 9.30237e+242 9.30237e+242 
 3.252 0.375 0.58169 9.57005e-321 1.55716e+142 3.64766 0.728229 0.409976 0.309666 0.211068 0.122078 4.103 1.386 0.96529 0 9.30237e+242 9.30237e+242 
 3.282 0.329 0.604191 9.57005e-321 1.55716e+142 3.66993 0.741663 0.542785 0.328004 0.307696 0.167277 4.123 1.401 0.968737 0 9.30237e+242 9.30237e+242 
 3.296 0.376 0.625789 9.57005e-321 1.55716e+142 3.70104 0.762181 0.58307 0.327116 0.197022 0.107992 4.149 1.425 0.976465 0 9.30237e+242 9.30237e+242 
 3.301 0.427 0.656869 9.57005e-321 1.55716e+142 3.73105 0.781923 0.581812 0.327891 0.0480906 0.0263939 4.165 1.454 0.99746 0 9.30237e+242 9.30237e+242 
 3.337 0.433 0.674709 9.57005e-321 1.55716e+142 3.76488 0.79974 0.48476 0.331381 0.0493301 0.0267887 4.181 1.483 1.02377 0 9.30237e+242 9.30237e+242 
 3.377 0.487 0.679467 9.57005e-321 1.55716e+142 3.79295 0.826484 0.761182 0.315839 0.00728137 0.0041497 4.19 1.521 1.05145 0 9.30237e+242 9.30237e+242 
 3.433 0.503 0.684666 9.57005e-321 1.55716e+142 3.84898 0.846565 0.344173 0.317373 0.00820357 0.00465268 4.23 1.55 1.07438 0 9.30237e+242 9.30237e+242 
 3.438 0.526 0.686818 9.57005e-321 1.55716e+142 3.91694 0.891176 0.580821 0.354149 -0.0520875 -0.0264678 4.284 1.602 1.09413 0 9.30237e+242 9.30237e+242 
 3.449 0.561 0.688302 9.57005e-321 1.55716e+142 3.97422 0.927684 0.567485 0.376017 -0.116945 -0.0559232 4.316 1.651 1.12937 0 9.30237e+242 9.30237e+242 
 3.493 0.581 0.688375 9.57005e-321 1.55716e+142 4.00657 0.940186 0.368733 0.367906 -0.1155 -0.0564489 4.311 1.68 1.18042 0 9.30237e+242 9.30237e+242 
 3.532 0.611 0.685869 9.57005e-321 1.55716e+142 4.05704 0.958801 0.353351 0.369194 -0.149198 -0.0726136 4.321 1.714 1.23455 0 9.30237e+242 9.30237e+242 
 3.537 0.605 0.682512 9.57005e-321 1.55716e+142 4.10175 0.982759 0.491926 0.398516 -0.138802 -0.0626118 4.335 1.748 1.27494 0 9.30237e+242 9.30237e+242 
 3.541 0.607 0.676071 9.57005e-321 1.55716e+142 4.12954 1.01164 0.804656 0.419373 -0.110626 -0.0474464 4.338 1.784 1.30718 0 9.30237e+242 9.30237e+242 
 3.584 0.634 0.665828 9.57005e-321 1.55716e+142 4.14546 1.04081 1.07124 0.407665 -0.0580868 -0.025642 4.331 1.819 1.33674 0 9.30237e+242 9.30237e+242 
 3.619 0.666 0.656971 9.57005e-321 1.55716e+142 4.16765 1.07535 0.999778 0.402649 -0.0238739 -0.0106722 4.338 1.857 1.35621 0 9.30237e+242 9.30237e+242 
 3.663 0.673 0.653191 9.57005e-321 1.55716e+142 4.19016 1.11175 1.01694 0.403234 0.0612121 0.0273178 4.353 1.895 1.36581 0 9.30237e+242 9.30237e+242 
 3.706 0.718 0.651198 9.57005e-321 1.55716e+142 4.21435 1.15049 1.01245 0.392241 0.0801334 0.0367567 4.371 1.935 1.37371 0 9.30237e+242 9.30237e+242 
 3.714 0.746 0.65221 9.57005e-321 1.55716e+142 4.23319 1.18659 1.08995 0.400209 0.0769182 0.0345813 4.38 1.973 1.38623 0 9.30237e+242 9.30237e+242 
 3.77 0.777 0.653158 9.57005e-321 1.55716e+142 4.26922 1.22093 0.761344 0.392264 0.109859 0.0503688 4.401 2.01 1.40532 0 9.30237e+242 9.30237e+242 
 3.793 0.835 0.65487 9.57005e-321 1.55716e+142 4.29538 1.24411 0.725139 0.381023 0.042453 0.0200526 4.409 2.036 1.42829 0 9.30237e+242 9.30237e+242 
 3.825 0.86 0.658299 9.57005e-321 1.55716e+142 4.34203 1.28419 0.709772 0.393305 0.042933 0.0196462 4.433 2.079 1.45684 0 9.30237e+242 9.30237e+242 
 3.833 0.861 0.661235 9.57005e-321 1.55716e+142 4.3789 1.3119 0.644548 0.416397 0.0437058 0.0188909 4.447 2.109 1.48557 0 9.30237e+242 9.30237e+242 
 3.856 0.883 0.664093 9.57005e-321 1.55716e+142 4.41381 1.35096 0.841495 0.428151 0.0509913 0.0214341 4.453 2.15 1.52178 0 9.30237e+242 9.30237e+242 
 3.883 0.908 0.667409 9.57005e-321 1.55716e+142 4.46295 1.37904 0.519093 0.439487 0.0221673 0.00907878 4.471 2.179 1.56074 0 9.30237e+242 9.30237e+242 
 3.92 0.947 0.670806 9.57005e-321 1.55716e+142 4.47081 1.4163 1.3628 0.42551 0.0523401 0.0221374 4.449 2.216 1.59807 0 9.30237e+242 9.30237e+242 
 3.957 0.943 0.673612 9.57005e-321 1.55716e+142 4.48992 1.45082 1.06541 0.431905 0.13172 0.0548404 4.436 2.249 1.63824 0 9.30237e+242 9.30237e+242 
 3.996 0.983 0.678603 9.57005e-321 1.55716e+142 4.49598 1.50581 1.46097 0.423138 0.193574 0.0821598 4.429 2.303 1.65462 0 9.30237e+242 9.30237e+242 
 4.05 0.99 0.689782 9.57005e-321 1.55716e+142 4.49956 1.5433 1.47569 0.41374 0.29688 0.128448 4.427 2.34 1.66162 0 9.30237e+242 9.30237e+242 
 4.072 1.007 0.710085 9.57005e-321 1.55716e+142 4.50657 1.57467 1.35099 0.4144 0.309756 0.133743 4.43 2.371 1.66665 0 9.30237e+242 9.30237e+242 
 4.088 1.053 0.740641 9.57005e-321 1.55716e+142 4.52569 1.61008 1.07547 0.412935 0.245551 0.106631 4.445 2.406 1.67184 0 9.30237e+242 9.30237e+242 
 4.149 1.084 0.770154 9.57005e-321 1.55716e+142 4.54574 1.66805 1.23792 0.409461 0.304454 0.133048 4.456 2.463 1.6832 0 9.30237e+242 9.30237e+242 
 4.168 1.1 0.795068 9.57005e-321 1.55716e+142 4.5427 1.69888 1.66887 0.40893 0.323232 0.141329 4.438 2.492 1.70205 0 9.30237e+242 9.30237e+242 
 4.196 1.144 0.826898 9.57005e-321 1.55716e+142 4.55174 1.71863 1.14145 0.392694 0.282089 0.128588 4.428 2.509 1.7261 0 9.30237e+242 9.30237e+242 
 4.241 1.179 0.859636 9.57005e-321 1.55716e+142 4.56011 1.75184 1.32408 0.380311 0.300853 0.141442 4.423 2.54 1.74303 0 9.30237e+242 9.30237e+242 
 4.24 1.176 0.888021 9.57005e-321 1.55716e+142 4.5635 1.76498 1.31776 0.390903 0.268536 0.123029 4.42 2.552 1.75115 0 9.30237e+242 9.30237e+242 
 4.24 1.212 0.918404 9.57005e-321 1.55716e+142 4.54564 1.80312 2.00884 0.387364 0.260447 0.120439 4.396 2.589 1.75895 0 9.30237e+242 9.30237e+242 
 4.272 1.229 0.944528 9.57005e-321 1.55716e+142 4.52329 1.85563 1.97317 0.389031 0.363476 0.166617 4.371 2.641 1.76233 0 9.30237e+242 9.30237e+242 
 4.297 1.265 0.973439 9.57005e-321 1.55716e+142 4.51674 1.87652 1.87444 0.373931 0.372994 0.177656 4.365 2.662 1.76163 0 9.30237e+242 9.30237e+242 
 4.309 1.284 1.01099 9.57005e-321 1.55716e+142 4.52679 1.88715 0.813361 0.371362 0.315298 0.151652 4.377 2.673 1.75915 0 9.30237e+242 9.30237e+242 
 4.365 1.345 1.04773 9.57005e-321 1.55716e+142 4.51575 1.92476 1.85631 0.343652 0.392474 0.202748 4.368 2.711 1.75655 0 9.30237e+242 9.30237e+242 
 4.353 1.399 1.07932 9.57005e-321 1.55716e+142 4.4833 1.96168 2.29198 0.331606 0.383344 0.205157 4.336 2.748 1.75597 0 9.30237e+242 9.30237e+242 
 4.379 1.398 1.11979 9.57005e-321 1.55716e+142 4.44717 1.99447 2.40463 0.339362 0.490804 0.254673 4.301 2.781 1.75454 0 9.30237e+242 9.30237e+242 
 4.438 1.441 1.15968 9.57005e-321 1.55716e+142 4.41184 2.01696 2.57455 0.314808 0.654241 0.357964 4.274 2.805 1.74396 0 9.30237e+242 9.30237e+242 
 4.471 1.513 1.21289 9.57005e-321 1.55716e+142 4.3575 2.02043 3.0778 0.270391 0.802537 0.490671 4.235 2.811 1.72453 0 9.30237e+242 9.30237e+242 
 4.491 1.52 1.28019 9.57005e-321 1.55716e+142 4.31098 2.03231 2.89176 0.27578 0.875414 0.519108 4.219 2.827 1.68603 0 9.30237e+242 9.30237e+242 
 4.505 1.551 1.36201 9.57005e-321 1.55716e+142 4.27395 2.06525 2.41459 0.286082 0.884587 0.507876 4.214 2.863 1.6458 0 9.30237e+242 9.30237e+242 
 4.524 1.566 1.45122 9.57005e-321 1.55716e+142 4.2234 2.09244 2.64815 0.306694 0.903649 0.487635 4.197 2.892 1.6038 0 9.30237e+242 9.30237e+242 
 4.492 1.609 1.54172 9.57005e-321 1.55716e+142 4.19057 2.124 2.37567 0.313375 0.796693 0.429168 4.193 2.924 1.56776 0 9.30237e+242 9.30237e+242 
 4.5 1.637 1.63465 9.57005e-321 1.55716e+142 4.17808 2.1691 1.84109 0.336908 0.694313 0.355216 4.191 2.969 1.55464 0 9.30237e+242 9.30237e+242 
 4.516 1.712 1.71581 9.57005e-321 1.55716e+142 4.16628 2.18214 2.3067 0.31567 0.708133 0.383768 4.181 2.982 1.55239 0 9.30237e+242 9.30237e+242 
 4.503 1.698 1.78595 9.57005e-321 1.55716e+142 4.16055 2.20515 1.81472 0.342256 0.551211 0.282159 4.176 3.005 1.55148 0 9.30237e+242 9.30237e+242 
 4.477 1.741 1.85542 9.57005e-321 1.55716e+142 4.17514 2.2471 1.23611 0.339012 0.369157 0.193552 4.188 3.047 1.55472 0 9.30237e+242 9.30237e+242 
 4.501 1.779 1.90701 9.57005e-321 1.55716e+142 4.18577 2.29308 1.34355 0.349169 0.313499 0.160226 4.197 3.093 1.55676 0 9.30237e+242 9.30237e+242 
 4.478 1.821 1.94096 9.57005e-321 1.55716e+142 4.22945 2.36201 1.00602 0.349799 0.0888638 0.0456958 4.234 3.162 1.56511 0 9.30237e+242 9.30237e+242 
 4.457 1.887 1.96991 9.57005e-321 1.55716e+142 4.2883 2.42434 0.814042 0.33028 -0.138006 -0.0750708 4.265 3.224 1.59993 0 9.30237e+242 9.30237e+242 
 4.477 1.932 1.97521 9.57005e-321 1.55716e+142 4.36272 2.47471 0.595057 0.321887 -0.284658 -0.157857 4.276 3.27 1.67941 0 9.30237e+242 9.30237e+242 
 4.451 1.932 1.97266 9.57005e-321 1.55716e+142 4.45401 2.52249 0.482172 0.327575 -0.587885 -0.312457 4.283 3.304 1.78622 0 9.30237e+242 9.30237e+242 
 4.431 1.967 1.96207 9.57005e-321 1.55716e+142 4.54975 2.58798 0.599922 0.329005 -0.831413 -0.426896 4.294 3.346 1.8962 0 9.30237e+242 9.30237e+242 
 4.422 1.98 1.91083 9.57005e-321 1.55716e+142 4.63438 2.67116 0.776731 0.366188 -0.915914 -0.423036 4.298 3.397 2.00477 0 9.30237e+242 9.30237e+242 
 4.41 1.991 1.82375 9.57005e-321 1.55716e+142 4.66727 2.72909 1.05456 0.405502 -0.851662 -0.36144 4.278 3.428 2.07897 0 9.30237e+242 9.30237e+242 
 4.385 2.01 1.73048 9.57005e-321 1.55716e+142 4.73137 2.80978 0.899442 0.456124 -0.82314 -0.314083 4.253 3.451 2.21175 0 9.30237e+242 9.30237e+242 
 4.359 2.038 1.64383 9.57005e-321 1.55716e+142 4.74629 2.89124 1.38969 0.504266 -0.727221 -0.253979 4.218 3.492 2.29209 0 9.30237e+242 9.30237e+242 
 4.352 2.139 1.56113 9.57005e-321 1.55716e+142 4.75716 2.9728 1.43825 0.508856 -0.650101 -0.226033 4.194 3.541 2.35174 0 9.30237e+242 9.30237e+242 
 4.41 2.182 1.48787 9.57005e-321 1.55716e+142 4.73427 3.04093 1.89485 0.525873 -0.415089 -0.141135 4.145 3.582 2.39881 0 9.30237e+242 9.30237e+242 
 4.362 2.231 1.42155 9.57005e-321 1.55716e+142 4.7476 3.0923 1.317 0.541173 -0.405292 -0.133997 4.136 3.608 2.44106 0 9.30237e+242 9.30237e+242 
 4.353 2.258 1.37976 9.57005e-321 1.55716e+142 4.73292 3.12353 2.01011 0.546673 -0.333102 -0.109242 4.108 3.623 2.46731 0 9.30237e+242 9.30237e+242 
 4.346 2.301 1.33775 9.57005e-321 1.55716e+142 4.70795 3.15265 2.27974 0.539086 -0.253568 -0.0844647 4.072 3.638 2.4897 0 9.30237e+242 9.30237e+242 
 4.386 2.388 1.30369 9.57005e-321 1.55716e+142 4.6907 3.18293 2.08863 0.499141 -0.149172 -0.0537426 4.05 3.662 2.49954 0 9.30237e+242 9.30237e+242 
 4.419 2.415 1.27963 9.57005e-321 1.55716e+142 4.67909 3.2038 2.07809 0.488478 -0.0412727 -0.0152075 4.037 3.681 2.50247 0 9.30237e+242 9.30237e+242 
 4.455 2.519 1.26817 9.57005e-321 1.55716e+142 4.64858 3.22481 2.53876 0.430358 0.0525105 0.0219593 4.005 3.7 2.50558 0 9.30237e+242 9.30237e+242 
 4.498 2.55 1.26297 9.57005e-321 1.55716e+142 4.63193 3.23964 2.4139 0.411377 0.173629 0.0758264 3.987 3.713 2.50843 0 9.30237e+242 9.30237e+242 
 4.468 2.594 1.26493 9.57005e-321 1.55716e+142 4.59567 3.26365 2.55663 0.399142 0.175362 0.0789183 3.95 3.736 2.51 0 9.30237e+242 9.30237e+242 
 4.463 2.633 1.26724 9.57005e-321 1.55716e+142 4.57008 3.28421 2.46482 0.385609 0.209042 0.0972715 3.924 3.756 2.51086 0 9.30237e+242 9.30237e+242 
 4.546 2.665 1.27469 9.57005e-321 1.55716e+142 4.54387 3.28992 2.92707 0.356318 0.439422 0.218439 3.898 3.762 2.51042 0 9.30237e+242 9.30237e+242 
 4.549 2.726 1.29011 9.57005e-321 1.55716e+142 4.51914 3.33093 2.11341 0.342966 0.481158 0.247356 3.874 3.804 2.50888 0 9.30237e+242 9.30237e+242 
 4.546 2.773 1.3381 9.57005e-321 1.55716e+142 4.48173 3.33902 2.92875 0.321285 0.498678 0.272438 3.838 3.814 2.50591 0 9.30237e+242 9.30237e+242 
 4.58 2.802 1.38848 9.57005e-321 1.55716e+142 4.46623 3.34199 2.95219 0.307553 0.557476 0.315381 3.824 3.819 2.50275 0 9.30237e+242 9.30237e+242 
 4.544 2.831 1.44133 9.57005e-321 1.55716e+142 4.43544 3.35392 2.77178 0.302004 0.476305 0.276609 3.797 3.836 2.49484 0 9.30237e+242 9.30237e+242 
 4.522 2.902 1.49809 9.57005e-321 1.55716e+142 4.39032 3.36422 2.91712 0.270563 0.486246 0.312865 3.757 3.853 2.48431 0 9.30237e+242 9.30237e+242 
 4.516 2.893 1.54704 9.57005e-321 1.55716e+142 4.35027 3.38248 2.71392 0.291023 0.495094 0.297153 3.723 3.879 2.47202 0 9.30237e+242 9.30237e+242 
 4.534 2.891 1.59776 9.57005e-321 1.55716e+142 4.31082 3.39999 2.72392 0.310076 0.553065 0.310661 3.692 3.907 2.45518 0 9.30237e+242 9.30237e+242 
 4.522 2.933 1.65061 9.57005e-321 1.55716e+142 4.28385 3.41619 2.60066 0.301185 0.538376 0.311294 3.669 3.928 2.4474 0 9.30237e+242 9.30237e+242 
 4.518 2.993 1.70641 9.57005e-321 1.55716e+142 4.25979 3.42571 2.7647 0.27968 0.563522 0.347925 3.647 3.94 2.44337 0 9.30237e+242 9.30237e+242 
 4.526 3.053 1.76117 9.57005e-321 1.55716e+142 4.24978 3.46251 1.83645 0.274077 0.561636 0.353372 3.638 3.978 2.4414 0 9.30237e+242 9.30237e+242 
 4.485 3.043 1.81845 9.57005e-321 1.55716e+142 4.23546 3.49913 1.94343 0.299048 0.359947 0.213358 3.624 4.015 2.44079 0 9.30237e+242 9.30237e+242 
 4.484 3.076 1.87149 9.57005e-321 1.55716e+142 4.21046 3.51371 2.61379 0.296605 0.36625 0.21871 3.596 4.026 2.44662 0 9.30237e+242 9.30237e+242 
 4.502 3.11 1.90451 9.57005e-321 1.55716e+142 4.21474 3.55007 1.45364 0.302722 0.349041 0.204636 3.587 4.046 2.47296 0 9.30237e+242 9.30237e+242 
 4.484 3.122 1.94125 9.57005e-321 1.55716e+142 4.19328 3.5874 2.09244 0.318862 0.271184 0.151906 3.55 4.063 2.50496 0 9.30237e+242 9.30237e+242 
 4.47 3.14 1.97547 9.57005e-321 1.55716e+142 4.19601 3.61645 1.4771 0.321782 0.169538 0.0945542 3.537 4.07 2.53881 0 9.30237e+242 9.30237e+242 
 4.471 3.187 1.9993 9.57005e-321 1.55716e+142 4.18274 3.63453 2.20387 0.310907 0.206386 0.118924 3.511 4.069 2.56748 0 9.30237e+242 9.30237e+242 
 4.477 3.224 2.01667 9.57005e-321 1.55716e+142 4.1727 3.66632 1.87683 0.313143 0.225403 0.128848 3.491 4.085 2.59082 0 9.30237e+242 9.30237e+242 
 4.47 3.277 2.03839 9.57005e-321 1.55716e+142 4.15157 3.69269 2.24639 0.30433 0.265924 0.156006 3.466 4.105 2.60013 0 9.30237e+242 9.30237e+242 
 4.468 3.295 2.0624 9.57005e-321 1.55716e+142 4.13364 3.71153 2.33135 0.310489 0.26524 0.152573 3.444 4.117 2.61009 0 9.30237e+242 9.30237e+242 
 4.438 3.332 2.0896 9.57005e-321 1.55716e+142 4.11442 3.74953 2.03903 0.308615 0.201432 0.116949 3.419 4.145 2.62452 0 9.30237e+242 9.30237e+242 
 4.423 3.318 2.11432 9.57005e-321 1.55716e+142 4.0814 3.78324 2.3459 0.338593 0.131187 0.0696279 3.38 4.168 2.63985 0 9.30237e+242 9.30237e+242 
 4.395 3.323 2.13251 9.57005e-321 1.55716e+142 4.06178 3.82793 1.9844 0.355828 0.0318331 0.0161018 3.352 4.197 2.66209 0 9.30237e+242 9.30237e+242 
 4.361 3.335 2.141 9.57005e-321 1.55716e+142 4.03793 3.85404 2.311 0.35963 -0.0198418 -0.00993076 3.32 4.207 2.68466 0 9.30237e+242 9.30237e+242 
 4.341 3.405 2.14448 9.57005e-321 1.55716e+142 4.00557 3.88137 2.44032 0.342547 0.0582875 0.0306191 3.278 4.214 2.71279 0 9.30237e+242 9.30237e+242 
 4.309 3.451 2.14637 9.57005e-321 1.55716e+142 3.98258 3.89984 2.46502 0.326158 0.0772074 0.0425835 3.249 4.219 2.73121 0 9.30237e+242 9.30237e+242 
 4.306 3.461 2.15152 9.57005e-321 1.55716e+142 3.96417 3.91961 2.3202 0.336068 0.0872399 0.0466923 3.226 4.228 2.74586 0 9.30237e+242 9.30237e+242 
 4.276 3.496 2.15868 9.57005e-321 1.55716e+142 3.93821 3.93999 2.47624 0.327738 0.0907487 0.0497998 3.197 4.241 2.75583 0 9.30237e+242 9.30237e+242 
 4.26 3.512 2.1672 9.57005e-321 1.55716e+142 3.89982 3.9695 2.48614 0.341942 0.103199 0.0542713 3.156 4.264 2.7646 0 9.30237e+242 9.30237e+242 
 4.283 3.564 2.17625 9.57005e-321 1.55716e+142 3.85243 3.9898 2.73697 0.352013 0.272424 0.138412 3.105 4.275 2.77707 0 9.30237e+242 9.30237e+242 
 4.23 3.632 2.18982 9.57005e-321 1.55716e+142 3.82139 4.00638 2.65101 0.321034 0.303528 0.16857 3.07 4.281 2.79119 0 9.30237e+242 9.30237e+242 
 4.165 3.648 2.2193 9.57005e-321 1.55716e+142 3.80576 4.01778 2.51117 0.301699 0.174639 0.103819 3.051 4.283 2.80368 0 9.30237e+242 9.30237e+242 
 4.175 3.694 2.24867 9.57005e-321 1.55716e+142 3.79186 4.02979 2.4292 0.296558 0.246161 0.148314 3.034 4.286 2.81558 0 9.30237e+242 9.30237e+242 
 4.168 3.677 2.2657 9.57005e-321 1.55716e+142 3.76244 4.03851 2.85326 0.31718 0.213201 0.120406 3.003 4.29 2.82181 0 9.30237e+242 9.30237e+242 
 4.166 3.694 2.29149 9.57005e-321 1.55716e+142 3.71946 4.0646 2.59614 0.338455 0.229726 0.121572 2.959 4.313 2.82587 0 9.30237e+242 9.30237e+242 
 4.132 3.716 2.31319 9.57005e-321 1.55716e+142 3.6788 4.07275 2.94366 0.336241 0.235497 0.125407 2.917 4.317 2.83133 0 9.30237e+242 9.30237e+242 
 4.118 3.726 2.3373 9.57005e-321 1.55716e+142 3.6531 4.09204 2.49771 0.345824 0.20119 0.104338 2.889 4.329 2.84089 0 9.30237e+242 9.30237e+242 
 4.095 3.769 2.35988 9.57005e-321 1.55716e+142 3.6339 4.10727 2.47111 0.333844 0.216672 0.116297 2.867 4.335 2.85294 0 9.30237e+242 9.30237e+242 
 4.091 3.816 2.37983 9.57005e-321 1.55716e+142 3.59672 4.12556 2.68437 0.338252 0.295014 0.15572 2.826 4.34 2.87023 0 9.30237e+242 9.30237e+242 
 4.044 3.827 2.40374 9.57005e-321 1.55716e+142 3.55377 4.14581 2.70105 0.340928 0.235662 0.123787 2.78 4.349 2.8848 0 9.30237e+242 9.30237e+242 
 4.005 3.848 2.43286 9.57005e-321 1.55716e+142 3.52741 4.17817 2.25425 0.340282 0.151805 0.0801288 2.751 4.371 2.89816 0 9.30237e+242 9.30237e+242 
 4.007 3.863 2.4526 9.57005e-321 1.55716e+142 3.48612 4.2044 2.57569 0.364884 0.160774 0.0791453 2.707 4.386 2.9126 0 9.30237e+242 9.30237e+242 
 3.971 3.856 2.46701 9.57005e-321 1.55716e+142 3.45934 4.22858 2.40723 0.372077 0.0669806 0.0323919 2.676 4.391 2.93715 0 9.30237e+242 9.30237e+242 
 3.948 3.883 2.48222 9.57005e-321 1.55716e+142 3.4572 4.23581 1.85809 0.355415 0.0531749 0.0269239 2.673 4.394 2.94254 0 9.30237e+242 9.30237e+242 
 3.915 3.924 2.48896 9.57005e-321 1.55716e+142 3.39405 4.3017 2.33492 0.378444 0.0375895 0.0178769 2.603 4.421 2.99191 0 9.30237e+242 9.30237e+242 
 3.88 3.958 2.49467 9.57005e-321 1.55716e+142 3.36886 4.33643 2.19845 0.374117 0.0142581 0.00685992 2.574 4.427 3.02814 0 9.30237e+242 9.30237e+242 
 3.846 3.991 2.49878 9.57005e-321 1.55716e+142 3.33865 4.36368 2.40767 0.370316 0.013727 0.0066722 2.541 4.425 3.06487 0 9.30237e+242 9.30237e+242 
 3.805 3.995 2.50204 9.57005e-321 1.55716e+142 3.30826 4.39371 2.36204 0.374527 -0.0546116 -0.0262406 2.509 4.428 3.09872 0 9.30237e+242 9.30237e+242 
 3.796 3.99 2.50358 9.57005e-321 1.55716e+142 3.2769 4.41946 2.45425 0.395943 -0.0793503 -0.0360579 2.477 4.432 3.12591 0 9.30237e+242 9.30237e+242 
 3.779 4.038 2.50409 9.57005e-321 1.55716e+142 3.25492 4.44247 2.33335 0.389386 -0.0294886 -0.0136307 2.455 4.431 -3.12726 0 9.30237e+242 9.30237e+242 
 3.754 4.079 2.5036 9.57005e-321 1.55716e+142 3.2414 4.46303 2.15246 0.376781 -0.00738876 -0.00352983 2.442 4.432 -3.1028 0 9.30237e+242 9.30237e+242 
 3.696 4.091 2.50359 9.57005e-321 1.55716e+142 3.1986 4.47935 2.77719 0.371149 -0.0368966 -0.0178922 2.4 4.432 -3.08237 0 9.30237e+242 9.30237e+242 
 3.664 4.129 2.50421 9.57005e-321 1.55716e+142 3.13656 4.48942 2.98076 0.375612 0.0562871 0.0269672 2.339 4.427 -3.06349 0 9.30237e+242 9.30237e+242 
 3.662 4.098 2.50393 9.57005e-321 1.55716e+142 3.09935 4.49028 3.11839 0.403376 0.0430843 0.0192233 2.303 4.414 -3.04609 0 9.30237e+242 9.30237e+242 
 3.652 4.166 2.50579 9.57005e-321 1.55716e+142 3.07796 4.49066 3.1241 0.386011 0.180128 0.0837986 2.283 4.401 -3.02929 0 9.30237e+242 9.30237e+242 
 3.615 4.186 2.50807 9.57005e-321 1.55716e+142 3.05922 4.49002 -3.10775 0.370411 0.196807 0.0953477 2.265 4.394 -3.02128 0 9.30237e+242 9.30237e+242 
 3.604 4.218 2.51722 9.57005e-321 1.55716e+142 3.00467 4.50445 2.88302 0.386513 0.265307 0.122931 2.211 4.404 -3.0157 0 9.30237e+242 9.30237e+242 
 3.553 4.218 2.53505 9.57005e-321 1.55716e+142 2.97526 4.49063 -2.70219 0.372275 0.245178 0.117996 2.182 4.387 -3.0117 0 9.30237e+242 9.30237e+242 
 3.548 4.268 2.5622 9.57005e-321 1.55716e+142 2.93334 4.50146 2.88879 0.380596 0.320787 0.150566 2.141 4.391 -3.00308 0 9.30237e+242 9.30237e+242 
 3.501 4.294 2.58709 9.57005e-321 1.55716e+142 2.90957 4.49483 -2.86972 0.360931 0.334473 0.165284 2.118 4.379 -2.9963 0 9.30237e+242 9.30237e+242 
 3.478 4.293 2.61926 9.57005e-321 1.55716e+142 2.89768 4.48708 -2.56374 0.355045 0.293391 0.14766 2.108 4.359 -2.98081 0 9.30237e+242 9.30237e+242 
 3.433 4.304 2.65314 9.57005e-321 1.55716e+142 2.84594 4.52259 2.54016 0.366311 0.195113 0.0955834 2.057 4.39 -2.97509 0 9.30237e+242 9.30237e+242 
 3.384 4.354 2.68104 9.57005e-321 1.55716e+142 2.80838 4.53585 2.802 0.352201 0.227069 0.115532 2.02 4.4 -2.97095 0 9.30237e+242 9.30237e+242 
 3.369 4.391 2.70081 9.57005e-321 1.55716e+142 2.83567 4.45488 -1.24577 0.304653 0.459245 0.264959 2.051 4.299 -2.94548 0 9.30237e+242 9.30237e+242 
 3.333 4.404 2.7334 9.57005e-321 1.55716e+142 2.84182 4.43854 -1.21047 0.27808 0.472579 0.296859 2.062 4.26 -2.91652 0 9.30237e+242 9.30237e+242 
 3.301 4.416 2.78194 9.57005e-321 1.55716e+142 2.83902 4.39368 -1.63327 0.256139 0.558217 0.373837 2.057 4.225 -2.92915 0 9.30237e+242 9.30237e+242 
 3.278 4.437 2.83171 9.57005e-321 1.55716e+142 2.83496 4.28345 -1.60758 0.235782 0.86476 0.523599 2.046 4.151 -2.97526 0 9.30237e+242 9.30237e+242 
 3.22 4.443 2.89237 9.57005e-321 1.55716e+142 2.82973 4.18225 -1.62242 0.208355 1.09668 0.523599 2.033 4.11 -3.05116 0 9.30237e+242 9.30237e+242 
 3.192 4.417 2.98054 9.57005e-321 1.55716e+142 2.75595 4.13168 -2.54079 0.248281 1.00787 0.523599 1.956 4.141 3.12995 0 9.30237e+242 9.30237e+242 
 3.165 4.44 3.0897 9.57005e-321 1.55716e+142 2.74069 4.0601 -1.78073 0.264455 1.07476 0.523599 1.945 4.143 3.03778 0 9.30237e+242 9.30237e+242 
 3.113 4.471 -3.08797 9.57005e-321 1.55716e+142 2.71742 4.0143 -2.04103 0.276685 1.10858 0.523599 1.928 4.144 2.97875 0 9.30237e+242 9.30237e+242 
 3.121 4.439 -2.97974 9.57005e-321 1.55716e+142 2.64856 4.03349 2.86974 0.328604 0.786077 0.406597 1.861 4.174 2.96504 0 9.30237e+242 9.30237e+242 
 3.076 4.451 -2.87357 9.57005e-321 1.55716e+142 2.57797 4.04385 2.99597 0.355856 0.609221 0.298924 1.792 4.193 2.95405 0 9.30237e+242 9.30237e+242 
 3.049 4.409 -2.80191 9.57005e-321 1.55716e+142 2.52609 4.04749 3.07152 0.364957 0.390684 0.190356 1.74 4.196 2.95487 0 9.30237e+242 9.30237e+242 
 3.023 4.407 -2.74561 9.57005e-321 1.55716e+142 2.4624 4.08959 2.55751 0.377131 0.176865 0.084216 1.675 4.231 2.9639 0 9.30237e+242 9.30237e+242 
 3.011 4.418 -2.71113 9.57005e-321 1.55716e+142 2.41246 4.18845 2.03855 0.376573 -0.0953604 -0.0455503 1.62 4.298 3.00422 0 9.30237e+242 9.30237e+242 
 2.982 4.373 -2.69964 9.57005e-321 1.55716e+142 2.37821 4.32435 1.81773 0.340341 -0.526073 -0.271367 1.579 4.36 3.09702 0 9.30237e+242 9.30237e+242 
 2.933 4.353 -2.70189 9.57005e-321 1.55716e+142 2.34096 4.45466 1.8492 0.308224 -0.865196 -0.467852 1.544 4.385 -3.05441 0 9.30237e+242 9.30237e+242 
 2.914 4.389 -2.7276 9.57005e-321 1.55716e+142 2.27902 4.60441 1.963 0.320331 -1.04278 -0.523599 1.503 4.41 -2.89613 0 9.30237e+242 9.30237e+242 
 2.872 4.363 -2.81384 9.57005e-321 1.55716e+142 2.18558 4.71886 2.25549 0.353753 -1.12323 -0.519224 1.451 4.402 -2.73436 0 9.30237e+242 9.30237e+242 
 2.87 4.323 -2.92281 9.57005e-321 1.55716e+142 2.08478 4.78973 2.52876 0.432136 -1.05297 -0.413334 1.41 4.36 -2.57453 0 9.30237e+242 9.30237e+242 
 2.817 4.325 -3.03844 9.57005e-321 1.55716e+142 1.97042 4.85562 2.61891 0.498828 -0.934117 -0.325112 1.363 4.335 -2.43299 0 9.30237e+242 9.30237e+242 
 2.808 4.309 3.13435 9.57005e-321 1.55716e+142 1.878 4.88289 2.85465 0.576871 -0.777705 -0.238064 1.329 4.301 -2.32713 0 9.30237e+242 9.30237e+242 
 2.749 4.286 3.04211 9.57005e-321 1.55716e+142 1.81734 4.89973 2.87078 0.603526 -0.693833 -0.204054 1.309 4.282 -2.25935 0 9.30237e+242 9.30237e+242 
 2.71 4.241 2.96689 9.57005e-321 1.55716e+142 1.75986 4.89482 -3.05642 0.635626 -0.617294 -0.17306 1.285 4.251 -2.20629 0 9.30237e+242 9.30237e+242 
 2.664 4.238 2.89506 9.57005e-321 1.55716e+142 1.72235 4.86307 -2.43918 0.63854 -0.496174 -0.138967 1.266 4.206 -2.17783 0 9.30237e+242 9.30237e+242 
 2.577 4.315 2.83454 9.57005e-321 1.55716e+142 1.70139 4.85655 -2.83991 0.593044 -0.366914 -0.110908 1.256 4.192 -2.16125 0 9.30237e+242 9.30237e+242 
 2.524 4.319 2.78595 9.57005e-321 1.55716e+142 1.69213 4.84638 -2.30924 0.570757 -0.312909 -0.0983637 1.251 4.179 -2.15486 0 9.30237e+242 9.30237e+242 
 2.459 4.366 2.74889 9.57005e-321 1.55716e+142 1.64935 4.8079 -2.40907 0.540505 -0.160944 -0.0535467 1.209 4.14 -2.15368 0 9.30237e+242 9.30237e+242 
 2.384 4.364 2.72085 9.57005e-321 1.55716e+142 1.62508 4.77808 -2.25382 0.507504 -0.118761 -0.0420968 1.185 4.11 -2.15328 0 9.30237e+242 9.30237e+242 
 2.334 4.43 2.70603 9.57005e-321 1.55716e+142 1.62322 4.75464 -1.65002 0.459668 0.0107309 0.00420205 1.184 4.086 -2.152 0 9.30237e+242 9.30237e+242 
 2.303 4.442 2.69727 9.57005e-321 1.55716e+142 1.60144 4.7265 -2.22958 0.444822 0.0889033 0.0359598 1.162 4.058 -2.15232 0 9.30237e+242 9.30237e+242 
 2.285 4.448 2.69654 9.57005e-321 1.55716e+142 1.58958 4.69976 -1.98812 0.433662 0.146799 0.0608566 1.146 4.034 -2.15853 0 9.30237e+242 9.30237e+242 
 2.254 4.438 2.6977 9.57005e-321 1.55716e+142 1.56681 4.65689 -2.05905 0.421611 0.203113 0.0864997 1.116 3.996 -2.16943 0 9.30237e+242 9.30237e+242 
 2.16 4.497 2.70135 9.57005e-321 1.55716e+142 1.54567 4.59875 -1.91949 0.356737 0.405402 0.201772 1.086 3.944 -2.1829 0 9.30237e+242 9.30237e+242 
 2.116 4.56 2.7115 9.57005e-321 1.55716e+142 1.54327 4.57899 -1.69188 0.318786 0.571053 0.311915 1.07 3.934 -2.20382 0 9.30237e+242 9.30237e+242 
 2.13 4.571 2.74929 9.57005e-321 1.55716e+142 1.54647 4.54079 -1.48731 0.320397 0.638437 0.344383 1.057 3.908 -2.22917 0 9.30237e+242 9.30237e+242 
 2.08 4.591 2.80999 9.57005e-321 1.55716e+142 1.54856 4.52565 -1.4333 0.292475 0.641848 0.376203 1.05 3.9 -2.24363 0 9.30237e+242 9.30237e+242 
 2.038 4.612 2.87499 9.57005e-321 1.55716e+142 1.54163 4.49513 -1.79404 0.27409 0.69376 0.427505 1.035 3.876 -2.25659 0 9.30237e+242 9.30237e+242 
 2.035 4.612 2.94118 9.57005e-321 1.55716e+142 1.53884 4.45516 -1.64056 0.278809 0.708599 0.429052 1.025 3.842 -2.26829 0 9.30237e+242 9.30237e+242 
 1.983 4.666 3.01122 9.57005e-321 1.55716e+142 1.52822 4.4239 -1.89828 0.262649 0.854583 0.523599 1.007 3.817 -2.28039 0 9.30237e+242 9.30237e+242 
 1.961 4.605 3.08375 9.57005e-321 1.55716e+142 1.50468 4.40753 -2.53382 0.270287 0.647611 0.407179 0.975 3.808 -2.29442 0 9.30237e+242 9.30237e+242 
 1.945 4.649 -3.11203 9.57005e-321 1.55716e+142 1.50673 4.37341 -1.51074 0.274613 0.741229 0.452265 0.968 3.782 -2.30962 0 9.30237e+242 9.30237e+242 
 1.961 4.631 -3.0461 9.57005e-321 1.55716e+142 1.48997 4.35428 -2.2906 0.300255 0.619404 0.355546 0.95 3.764 -2.31171 0 9.30237e+242 9.30237e+242 
 1.905 4.691 -2.97251 9.57005e-321 1.55716e+142 1.4644 4.33097 -2.40235 0.303974 0.73381 0.409915 0.923 3.742 -2.31413 0 9.30237e+242 9.30237e+242 
 1.863 4.641 -2.90878 9.57005e-321 1.55716e+142 1.4368 4.31152 -2.52754 0.297035 0.603465 0.350587 0.896 3.722 -2.31312 0 9.30237e+242 9.30237e+242 
 1.839 4.601 -2.8384 9.57005e-321 1.55716e+142 1.40442 4.28287 -2.41717 0.304956 0.46953 0.270354 0.864 3.693 -2.31248 0 9.30237e+242 9.30237e+242 
 1.786 4.591 -2.7807 9.57005e-321 1.55716e+142 1.38461 4.24934 -2.10452 0.297313 0.489058 0.287863 0.848 3.656 -2.30603 0 9.30237e+242 9.30237e+242 
 1.755 4.549 -2.734 9.57005e-321 1.55716e+142 1.34968 4.23242 -2.69052 0.295669 0.362625 0.217277 0.821 3.632 -2.29274 0 9.30237e+242 9.30237e+242 
 1.745 4.563 -2.68686 9.57005e-321 1.55716e+142 1.31713 4.21039 -2.54656 0.319954 0.338592 0.188231 0.8 3.6 -2.27367 0 9.30237e+242 9.30237e+242 
 1.655 4.553 -2.65219 9.57005e-321 1.55716e+142 1.27926 4.19106 -2.66971 0.298694 0.394445 0.233371 0.775 3.57 -2.25277 0 9.30237e+242 9.30237e+242 
 1.664 4.57 -2.61767 9.57005e-321 1.55716e+142 1.23874 4.1888 -3.08593 0.331 0.300652 0.162063 0.748 3.557 -2.23118 0 9.30237e+242 9.30237e+242 
 1.633 4.488 -2.58071 9.57005e-321 1.55716e+142 1.19907 4.17593 -2.82779 0.313998 0.0900893 0.0515981 0.723 3.533 -2.20817 0 9.30237e+242 9.30237e+242 
 1.633 4.467 -2.55853 9.57005e-321 1.55716e+142 1.1655 4.17004 -2.96789 0.325772 -0.0248835 -0.0137481 0.712 3.511 -2.17351 0 9.30237e+242 9.30237e+242 
 1.628 4.467 -2.55558 9.57005e-321 1.55716e+142 1.1365 4.16629 -3.01302 0.338794 -0.0539749 -0.0286688 0.706 3.492 -2.13901 0 9.30237e+242 9.30237e+242 
 1.628 4.472 -2.55445 9.57005e-321 1.55716e+142 1.11644 4.16489 -3.07172 0.35074 -0.0682886 -0.0350314 0.703 3.48 -2.1139 0 9.30237e+242 9.30237e+242 
 1.588 4.438 -2.55431 9.57005e-321 1.55716e+142 1.08933 4.1502 -2.64511 0.338221 -0.0932517 -0.0495875 0.69 3.457 -2.09344 0 9.30237e+242 9.30237e+242 
 1.548 4.444 -2.5549 9.57005e-321 1.55716e+142 1.05834 4.12487 -2.45625 0.343818 -0.0133115 -0.00696892 0.669 3.426 -2.07908 0 9.30237e+242 9.30237e+242 
 1.502 4.412 -2.55652 9.57005e-321 1.55716e+142 1.03161 4.08457 -2.15654 0.33709 0.0335989 0.0179393 0.649 3.382 -2.06947 0 9.30237e+242 9.30237e+242 
 1.428 4.361 -2.55682 9.57005e-321 1.55716e+142 1.00418 4.0671 -2.57427 0.30335 0.0307836 0.0182642 0.63 3.36 -2.05752 0 9.30237e+242 9.30237e+242 
 1.39 4.332 -2.55628 9.57005e-321 1.55716e+142 0.974043 4.03335 -2.29975 0.301086 0.0533037 0.0318561 0.608 3.322 -2.04604 0 9.30237e+242 9.30237e+242 
 1.36 4.289 -2.55622 9.57005e-321 1.55716e+142 0.946284 4.00927 -2.42724 0.293776 0.0129775 0.00795134 0.592 3.292 -2.02958 0 9.30237e+242 9.30237e+242 
 1.348 4.307 -2.55504 9.57005e-321 1.55716e+142 0.923058 3.99013 -2.45217 0.31151 0.0778559 0.0449572 0.583 3.266 -2.00984 0 9.30237e+242 9.30237e+242 
 1.345 4.253 -2.55243 9.57005e-321 1.55716e+142 0.889653 3.96482 -2.49332 0.316934 -0.0359543 -0.0204171 0.562 3.235 -1.99278 0 9.30237e+242 9.30237e+242 
 1.3 4.262 -2.55203 9.57005e-321 1.55716e+142 0.873274 3.93068 -2.01814 0.317259 0.101881 0.057739 0.559 3.195 -1.97452 0 9.30237e+242 9.30237e+242 
 1.313 4.243 -2.55084 9.57005e-321 1.55716e+142 0.848077 3.89778 -2.22425 0.340383 0.0701275 0.0370676 0.546 3.157 -1.958 0 9.30237e+242 9.30237e+242 
 1.276 4.228 -2.54485 9.57005e-321 1.55716e+142 0.821742 3.85673 -2.14118 0.344195 0.12959 0.0676669 0.527 3.113 -1.94811 0 9.30237e+242 9.30237e+242 
 1.286 4.235 -2.53856 9.57005e-321 1.55716e+142 0.80559 3.81429 -1.93448 0.373923 0.172248 0.0827279 0.52 3.067 -1.93584 0 9.30237e+242 9.30237e+242 
 1.247 4.194 -2.5268 9.57005e-321 1.55716e+142 0.780318 3.8085 -2.91641 0.355386 0.111353 0.0563398 0.506 3.057 -1.9208 0 9.30237e+242 9.30237e+242 
 1.197 4.188 -2.5103 9.57005e-321 1.55716e+142 0.759051 3.78846 -2.38605 0.347326 0.158796 0.0821103 0.493 3.034 -1.90982 0 9.30237e+242 9.30237e+242 
