 1.153 0.664 -0.327022 4.00193e-322 2.10151e-317 2.4458 1.023 0.00199377 0 0 0 2.447 0.423 0.00199377 0 1.97626e-323 1.10115e-316 
 1.15 0.66 -0.327068 4.00193e-322 2.10151e-317 2.4398 1.024 0.00199169 1.05914 1.2381 0.20739 2.441 0.424 0.00199169 0 1.97626e-323 1.10115e-316 
 1.148 0.644 -0.327099 4.00193e-322 2.10151e-317 2.4328 1.026 0.00199313 1.05356 1.26417 0.212714 2.434 0.426 0.00199313 0 1.97626e-323 1.10115e-316 
 1.144 0.62 -0.327153 4.00193e-322 2.10151e-317 2.4218 1.018 0.00199551 1.04648 1.28806 0.21803 2.423 0.418 0.00199551 0 1.97626e-323 1.10115e-316 
 1.156 0.659 -0.327234 4.00193e-322 2.10151e-317 2.4238 1.022 0.0019957 1.04059 1.24366 0.211896 2.425 0.422 0.0019957 0 1.97626e-323 1.10115e-316 
 1.145 0.649 -0.327252 4.00193e-322 2.10151e-317 2.4258 1.024 0.00199711 1.05064 1.25619 0.211982 2.427 0.424 0.00199711 0 1.97626e-323 1.10115e-316 
 1.154 0.626 -0.327224 4.00193e-322 2.10151e-317 2.4378 1.031 0.00199984 1.051 1.29557 0.218349 2.439 0.431 0.00199984 0 1.97626e-323 1.10115e-316 
 1.168 0.66 -0.327201 4.00193e-322 2.10151e-317 2.45218 1.03 -0.00362821 1.05388 1.24824 0.21005 2.45 0.43 -0.00362821 0 1.97626e-323 1.10115e-316 
 1.162 0.699 -0.32722 4.00193e-322 2.10151e-317 2.47541 1.02198 -0.00735809 1.08227 1.17534 0.193044 2.471 0.422 -0.00735809 0 1.97626e-323 1.10115e-316 
 1.157 0.648 -0.333128 4.00193e-322 2.10151e-317 2.48643 1.01099 -0.00570997 1.09013 1.23661 0.201418 2.483 0.411 -0.00570997 0 1.97626e-323 1.10115e-316 
 1.194 0.623 -0.318661 4.00193e-322 2.10151e-317 2.52004 1.014 -0.00174119 1.09121 1.24768 0.202976 2.519 0.414 -0.00174119 0 1.97626e-323 1.10115e-316 
 1.261 0.614 -0.257818 4.00193e-322 2.10151e-317 2.52954 1.01599 0.00575919 1.06615 1.16659 0.194468 2.533 0.416 0.00575919 0 1.97626e-323 1.10115e-316 
 1.376 0.642 -0.154145 4.00193e-322 2.10151e-317 2.55115 1.01993 0.0147483 1.01986 0.965208 0.168735 2.56 0.42 0.0147483 0 1.97626e-323 1.10115e-316 
 1.465 0.683 -0.0485983 4.00193e-322 2.10151e-317 2.58364 1.03083 0.0239297 0.994085 0.729004 0.131243 2.598 0.431 0.0239297 0 1.97626e-323 1.10115e-316 
 1.55 0.667 0.0468542 4.00193e-322 2.10151e-317 2.62516 1.0416 0.0364129 0.976668 0.600844 0.110286 2.647 0.442 0.0364129 0 1.97626e-323 1.10115e-316 
 1.664 0.69 0.123215 4.00193e-322 2.10151e-317 2.66751 1.05246 0.0425 0.923509 0.462758 0.0899521 2.693 0.453 0.0425 0 1.97626e-323 1.10115e-316 
 1.74 0.672 0.188198 4.00193e-322 2.10151e-317 2.70317 1.04631 0.0480634 0.898403 0.376769 0.0753448 2.732 0.447 0.0480634 0 1.97626e-323 1.10115e-316 
 1.898 0.736 0.239647 4.00193e-322 2.10151e-317 2.7592 1.06326 0.0496907 0.80481 0.250706 0.0560132 2.789 0.464 0.0496907 0 1.97626e-323 1.10115e-316 
 1.965 0.774 0.277929 4.00193e-322 2.10151e-317 2.80331 1.05288 0.0611953 0.774554 0.08718 0.0202571 2.84 0.454 0.0611953 0 1.97626e-323 1.10115e-316 
 2.003 0.741 0.248495 4.00193e-322 2.10151e-317 2.85666 1.05223 0.050593 0.79482 0.204846 0.0463575 2.887 0.453 0.050593 0 1.97626e-323 1.10115e-316 
 2.082 0.755 0.203189 4.00193e-322 2.10151e-317 2.91012 1.0802 0.0514938 0.774258 0.344555 0.0799318 2.941 0.481 0.0514938 0 1.97626e-323 1.10115e-316 
 2.095 0.783 0.139456 4.00193e-322 2.10151e-317 2.95554 1.1062 0.0775079 0.795858 0.444729 0.100248 3.002 0.508 0.0775079 0 1.97626e-323 1.10115e-316 
 2.136 0.787 0.0991965 4.00193e-322 2.10151e-317 3.00804 1.13739 0.0933948 0.806644 0.572789 0.127127 3.064 0.54 0.0933948 0 1.97626e-323 1.10115e-316 
 2.175 0.786 0.0410983 4.00193e-322 2.10151e-317 3.02563 1.14986 0.117548 0.782622 0.729813 0.166304 3.096 0.554 0.117548 0 1.97626e-323 1.10115e-316 
 2.227 0.799 0.00530001 4.00193e-322 2.10151e-317 3.05567 1.137 0.129236 0.753935 0.762357 0.18004 3.133 0.542 0.129236 0 1.97626e-323 1.10115e-316 
 2.292 0.763 -0.0162502 4.00193e-322 2.10151e-317 3.08968 1.14973 0.132583 0.731095 0.925511 0.224041 3.169 0.555 0.132583 0 1.97626e-323 1.10115e-316 
 2.335 0.765 -0.0229532 4.00193e-322 2.10151e-317 3.14203 1.18511 0.162321 0.742826 0.996396 0.23691 3.239 0.593 0.162321 0 1.97626e-323 1.10115e-316 
 2.376 0.806 -0.00769232 4.00193e-322 2.10151e-317 3.07428 1.13881 0.217919 0.64009 0.8734 0.240842 3.204 0.553 0.217919 0 1.97626e-323 1.10115e-316 
 2.378 0.825 -0.00977688 4.00193e-322 2.10151e-317 3.03712 1.10019 0.25765 0.597859 0.771401 0.228204 3.19 0.52 0.25765 0 1.97626e-323 1.10115e-316 
 2.346 0.819 -0.00900624 4.00193e-322 2.10151e-317 3.02543 1.06855 0.309183 0.611948 0.691163 0.200567 3.208 0.497 0.309183 0 1.97626e-323 1.10115e-316 
 2.336 0.844 -0.00982637 4.00193e-322 2.10151e-317 3.01224 1.0707 0.373199 0.606327 0.636933 0.18688 3.231 0.512 0.373199 0 1.97626e-323 1.10115e-316 
 2.365 0.831 -0.00984051 4.00193e-322 2.10151e-317 2.99866 1.07336 0.434073 0.571635 0.706615 0.218937 3.251 0.529 0.434073 0 1.97626e-323 1.10115e-316 
 2.362 0.822 -0.0100607 4.00193e-322 2.10151e-317 3.00903 1.08154 0.493018 0.585334 0.741649 0.224234 3.293 0.553 0.493018 0 1.97626e-323 1.10115e-316 
 2.358 0.837 -0.0100008 4.00193e-322 2.10151e-317 3.03016 1.09255 0.527139 0.606349 0.713125 0.208617 3.332 0.574 0.527139 0 1.97626e-323 1.10115e-316 
 2.357 0.807 -0.0100218 4.00193e-322 2.10151e-317 3.0508 1.09858 0.533629 0.629746 0.785355 0.220817 3.356 0.582 0.533629 0 1.97626e-323 1.10115e-316 
 2.355 0.832 -0.0100702 4.00193e-322 2.10151e-317 3.06891 1.11065 0.533416 0.645151 0.740084 0.203625 3.374 0.594 0.533416 0 1.97626e-323 1.10115e-316 
 2.369 0.833 -0.0100784 4.00193e-322 2.10151e-317 3.07086 1.10961 0.533517 0.634562 0.743798 0.207936 3.376 0.593 0.533517 0 1.97626e-323 1.10115e-316 
 2.365 0.847 -0.0100166 4.00193e-322 2.10151e-317 3.07359 1.10327 0.53792 0.637698 0.689938 0.192338 3.381 0.588 0.53792 0 1.97626e-323 1.10115e-316 
 2.367 0.833 -0.00997603 4.00193e-322 2.10151e-317 3.0578 1.07592 0.555072 0.620767 0.668776 0.191543 3.374 0.566 0.555072 0 1.97626e-323 1.10115e-316 
 2.373 0.815 -0.00995893 4.00193e-322 2.10151e-317 3.06251 1.08074 0.577372 0.622552 0.726014 0.20691 3.39 0.578 0.577372 0 1.97626e-323 1.10115e-316 
 2.377 0.834 -0.00998219 4.00193e-322 2.10151e-317 3.05407 1.07539 0.622681 0.608779 0.674063 0.196725 3.404 0.588 0.622681 0 1.97626e-323 1.10115e-316 
 2.376 0.824 -0.0099379 4.00193e-322 2.10151e-317 3.04703 1.06569 0.658096 0.603632 0.678821 0.199722 3.414 0.591 0.658096 0 1.97626e-323 1.10115e-316 
 2.359 0.796 -0.0100562 4.00193e-322 2.10151e-317 3.04891 1.08326 0.686041 0.625811 0.778017 0.220151 3.429 0.619 0.686041 0 1.97626e-323 1.10115e-316 
 2.364 0.831 -0.0100314 4.00193e-322 2.10151e-317 3.07029 1.13635 0.709152 0.64236 0.808292 0.222739 3.461 0.681 0.709152 0 1.97626e-323 1.10115e-316 
 2.384 0.834 -0.0100356 4.00193e-322 2.10151e-317 3.10639 1.18397 0.71775 0.662801 0.896357 0.238784 3.501 0.732 0.71775 0 1.97626e-323 1.10115e-316 
 2.368 0.833 -0.0100122 4.00193e-322 2.10151e-317 3.13017 1.21766 0.716007 0.702019 0.937583 0.235923 3.524 0.765 0.716007 0 1.97626e-323 1.10115e-316 
 2.348 0.826 0.00216841 4.00193e-322 2.10151e-317 3.15371 1.25 0.712607 0.747891 0.957449 0.226482 3.546 0.796 0.712607 0 1.97626e-323 1.10115e-316 
 2.398 0.788 0.0201811 4.00193e-322 2.10151e-317 3.19035 1.28065 0.69808 0.753938 1.06286 0.24851 3.576 0.821 0.69808 0 1.97626e-323 1.10115e-316 
 2.415 0.793 0.0771171 4.00193e-322 2.10151e-317 3.23598 1.30016 0.673033 0.79426 0.955046 0.21315 3.61 0.831 0.673033 0 1.97626e-323 1.10115e-316 
 2.499 0.814 0.181678 4.00193e-322 2.10151e-317 3.26884 1.31985 0.652201 0.77302 0.800607 0.184308 3.633 0.843 0.652201 0 1.97626e-323 1.10115e-316 
 2.554 0.788 0.281966 4.00193e-322 2.10151e-317 3.27447 1.31709 0.648782 0.757841 0.702743 0.165389 3.637 0.839 0.648782 0 1.97626e-323 1.10115e-316 
 2.688 0.838 0.370604 4.00193e-322 2.10151e-317 3.28911 1.33458 0.647441 0.664727 0.623969 0.167382 3.651 0.856 0.647441 0 1.97626e-323 1.10115e-316 
 2.712 0.814 0.446417 4.00193e-322 2.10151e-317 3.30031 1.34497 0.649113 0.679403 0.564295 0.148404 3.663 0.867 0.649113 0 1.97626e-323 1.10115e-316 
 2.803 0.879 0.470732 4.00193e-322 2.10151e-317 3.3054 1.34828 0.651015 0.589813 0.532904 0.161221 3.669 0.871 0.651015 0 1.97626e-323 1.10115e-316 
 2.8 0.865 0.470128 4.00193e-322 2.10151e-317 3.32479 1.35105 0.654391 0.614109 0.531139 0.154441 3.69 0.875 0.654391 0 1.97626e-323 1.10115e-316 
 2.788 0.86 0.469356 4.00193e-322 2.10151e-317 3.33532 1.35836 0.661717 0.63632 0.520643 0.146227 3.704 0.885 0.661717 0 1.97626e-323 1.10115e-316 
 2.803 0.861 0.469203 4.00193e-322 2.10151e-317 3.33918 1.35672 0.676886 0.626952 0.533774 0.152065 3.715 0.889 0.676886 0 1.97626e-323 1.10115e-316 
 2.788 0.863 0.469073 4.00193e-322 2.10151e-317 3.36722 1.38521 0.694012 0.670969 0.517643 0.137985 3.751 0.924 0.694012 0 1.97626e-323 1.10115e-316 
 2.771 0.861 0.469097 4.00193e-322 2.10151e-317 3.39133 1.41752 0.711263 0.717369 0.519867 0.129711 3.783 0.963 0.711263 0 1.97626e-323 1.10115e-316 
 2.775 0.851 0.469185 4.00193e-322 2.10151e-317 3.4165 1.44377 0.730845 0.750282 0.553387 0.131991 3.817 0.997 0.730845 0 1.97626e-323 1.10115e-316 
 2.783 0.819 0.469192 4.00193e-322 2.10151e-317 3.43553 1.46526 0.742019 0.78453 0.627091 0.142897 3.841 1.023 0.742019 0 1.97626e-323 1.10115e-316 
 2.769 0.821 0.469173 4.00193e-322 2.10151e-317 3.44947 1.48763 0.755819 0.814565 0.620164 0.136194 3.861 1.051 0.755819 0 1.97626e-323 1.10115e-316 
 2.774 0.837 0.469147 4.00193e-322 2.10151e-317 3.46903 1.51147 0.770673 0.828845 0.612432 0.132226 3.887 1.081 0.770673 0 1.97626e-323 1.10115e-316 
 2.758 0.851 0.469148 4.00193e-322 2.10151e-317 3.48055 1.51307 0.781123 0.842541 0.556122 0.118255 3.903 1.087 0.781123 0 1.97626e-323 1.10115e-316 
 2.755 0.846 0.469144 4.00193e-322 2.10151e-317 3.48652 1.52801 0.795375 0.858735 0.575337 0.120017 3.915 1.108 0.795375 0 1.97626e-323 1.10115e-316 
 2.758 0.81 0.469146 4.00193e-322 2.10151e-317 3.50147 1.54569 0.812317 0.893779 0.639437 0.128073 3.937 1.133 0.812317 0 1.97626e-323 1.10115e-316 
 2.743 0.818 0.469144 4.00193e-322 2.10151e-317 3.50769 1.55941 0.828899 0.911749 0.62049 0.121892 3.95 1.154 0.828899 0 1.97626e-323 1.10115e-316 
 2.736 0.832 0.469235 4.00193e-322 2.10151e-317 3.51413 1.57327 0.842708 0.921308 0.603221 0.117313 3.962 1.174 0.842708 0 1.97626e-323 1.10115e-316 
 2.752 0.831 0.469238 4.00193e-322 2.10151e-317 3.52166 1.59605 0.856508 0.927049 0.647193 0.125007 3.975 1.203 0.856508 0 1.97626e-323 1.10115e-316 
 2.777 0.845 0.469245 4.00193e-322 2.10151e-317 3.52833 1.624 0.8676 0.921052 0.689551 0.133951 3.986 1.236 0.8676 0 1.97626e-323 1.10115e-316 
 2.741 0.834 0.469174 4.00193e-322 2.10151e-317 3.5458 1.64418 0.871552 0.974526 0.664714 0.122165 4.005 1.258 0.871552 0 1.97626e-323 1.10115e-316 
 2.771 0.824 0.469112 4.00193e-322 2.10151e-317 3.56864 1.6688 0.874557 0.986887 0.717967 0.13021 4.029 1.284 0.874557 0 1.97626e-323 1.10115e-316 
 2.762 0.829 0.469086 4.00193e-322 2.10151e-317 3.60333 1.6878 0.883211 1.02474 0.68344 0.119477 4.067 1.307 0.883211 0 1.97626e-323 1.10115e-316 
 2.777 0.853 0.469029 4.00193e-322 2.10151e-317 3.6235 1.71885 0.895994 1.03192 0.686237 0.119135 4.092 1.344 0.895994 0 1.97626e-323 1.10115e-316 
 2.775 0.829 0.469035 4.00193e-322 2.10151e-317 3.61869 1.70818 0.914367 1.03665 0.705764 0.121938 4.094 1.342 0.914367 0 1.97626e-323 1.10115e-316 
 2.766 0.821 0.469031 4.00193e-322 2.10151e-317 3.64244 1.7262 0.937251 1.07286 0.699401 0.116809 4.126 1.371 0.937251 0 1.97626e-323 1.10115e-316 
 2.756 0.835 0.46912 4.00193e-322 2.10151e-317 3.65324 1.76132 0.963637 1.09818 0.700647 0.114341 4.146 1.419 0.963637 0 1.97626e-323 1.10115e-316 
 2.771 0.804 0.469147 4.00193e-322 2.10151e-317 3.65416 1.7918 0.996785 1.11959 0.784664 0.12549 4.158 1.466 0.996785 0 1.97626e-323 1.10115e-316 
 2.765 0.834 0.469136 4.00193e-322 2.10151e-317 3.66686 1.82384 1.01644 1.13364 0.766311 0.12108 4.177 1.508 1.01644 0 1.97626e-323 1.10115e-316 
 2.788 0.836 0.469128 4.00193e-322 2.10151e-317 3.66685 1.81827 1.02927 1.11374 0.783533 0.125962 4.181 1.509 1.02927 0 1.97626e-323 1.10115e-316 
 2.787 0.866 0.469184 4.00193e-322 2.10151e-317 3.67254 1.82699 1.04336 1.10754 0.752691 0.121724 4.191 1.525 1.04336 0 1.97626e-323 1.10115e-316 
 2.771 0.817 0.469222 4.00193e-322 2.10151e-317 3.65952 1.83561 1.06708 1.13917 0.811145 0.127474 4.185 1.546 1.06708 0 1.97626e-323 1.10115e-316 
 2.799 0.849 0.469201 4.00193e-322 2.10151e-317 3.67837 1.86706 1.08516 1.13256 0.820698 0.129703 4.209 1.587 1.08516 0 1.97626e-323 1.10115e-316 
 2.778 0.835 0.46923 4.00193e-322 2.10151e-317 3.68705 1.87455 1.08989 1.16419 0.810356 0.124643 4.219 1.597 1.08989 0 1.97626e-323 1.10115e-316 
 2.776 0.84 0.469208 4.00193e-322 2.10151e-317 3.71144 1.89944 1.09573 1.19271 0.802412 0.120511 4.245 1.625 1.09573 0 1.97626e-323 1.10115e-316 
 2.765 0.832 0.469207 4.00193e-322 2.10151e-317 3.70727 1.90918 1.11115 1.20657 0.812869 0.120677 4.245 1.643 1.11115 0 1.97626e-323 1.10115e-316 
 2.78 0.822 0.469246 4.00193e-322 2.10151e-317 3.72136 1.92373 1.13785 1.21864 0.837582 0.12309 4.266 1.672 1.13785 0 1.97626e-323 1.10115e-316 
 2.767 0.838 0.469215 4.00193e-322 2.10151e-317 3.74375 1.9645 1.15656 1.25586 0.824923 0.117688 4.293 1.723 1.15656 0 1.97626e-323 1.10115e-316 
 2.752 0.827 0.469191 4.00193e-322 2.10151e-317 3.74215 1.98477 1.17601 1.28128 0.840514 0.117535 4.296 1.754 1.17601 0 1.97626e-323 1.10115e-316 
 2.772 0.814 0.469239 4.00193e-322 2.10151e-317 3.73433 2.00727 1.20205 1.2807 0.899884 0.12581 4.294 1.791 1.20205 0 1.97626e-323 1.10115e-316 
 2.734 0.816 0.469229 4.00193e-322 2.10151e-317 3.75886 2.03306 1.21845 1.33592 0.859232 0.115258 4.322 1.826 1.21845 0 1.97626e-323 1.10115e-316 
 2.737 0.848 0.469265 4.00193e-322 2.10151e-317 3.76118 2.03761 1.23164 1.32124 0.835726 0.113367 4.327 1.838 1.23164 0 1.97626e-323 1.10115e-316 
 2.769 0.826 0.469317 4.00193e-322 2.10151e-317 3.77145 2.06268 1.25616 1.33082 0.897423 0.12079 4.342 1.877 1.25616 0 1.97626e-323 1.10115e-316 
 2.756 0.789 0.469297 4.00193e-322 2.10151e-317 3.77325 2.09024 1.27964 1.37475 0.936084 0.121956 4.348 1.918 1.27964 0 1.97626e-323 1.10115e-316 
 2.748 0.81 0.469332 4.00193e-322 2.10151e-317 3.78693 2.1271 1.30588 1.39782 0.928217 0.118964 4.366 1.97 1.30588 0 1.97626e-323 1.10115e-316 
 2.761 0.837 0.469339 4.00193e-322 2.10151e-317 3.81109 2.16322 1.32462 1.4102 0.925019 0.117526 4.393 2.017 1.32462 0 1.97626e-323 1.10115e-316 
 2.764 0.832 0.469334 4.00193e-322 2.10151e-317 3.81171 2.16305 1.34889 1.41112 0.930981 0.118201 4.397 2.031 1.34889 0 1.97626e-323 1.10115e-316 
 2.767 0.834 0.469422 4.00193e-322 2.10151e-317 3.81051 2.16714 1.35045 1.40939 0.936297 0.119014 4.396 2.036 1.35045 0 1.97626e-323 1.10115e-316 
 2.782 0.841 0.469425 4.00193e-322 2.10151e-317 3.80755 2.16132 1.35014 1.39047 0.943024 0.121476 4.393 2.03 1.35014 0 1.97626e-323 1.10115e-316 
 2.772 0.838 0.4694 4.00193e-322 2.10151e-317 3.81356 2.16536 1.35008 1.40502 0.93366 0.119047 4.399 2.034 1.35008 0 1.97626e-323 1.10115e-316 
 2.764 0.834 0.469382 4.00193e-322 2.10151e-317 3.81556 2.15836 1.35007 1.41024 0.922128 0.117159 4.401 2.027 1.35007 0 1.97626e-323 1.10115e-316 
 2.802 0.862 0.469037 4.00193e-322 2.10151e-317 3.81458 2.15745 1.34993 1.36844 0.936438 0.122559 4.4 2.026 1.34993 0 1.97626e-323 1.10115e-316 
 2.84 0.907 0.489624 4.00193e-322 2.10151e-317 3.81958 2.16646 1.3499 1.3339 0.89722 0.120487 4.405 2.035 1.3499 0 1.97626e-323 1.10115e-316 
 2.925 0.946 0.552637 4.00193e-322 2.10151e-317 3.82158 2.16146 1.3499 1.27348 0.816294 0.114871 4.407 2.03 1.3499 0 1.97626e-323 1.10115e-316 
 3.009 0.969 0.643943 4.00193e-322 2.10151e-317 3.82558 2.16548 1.34986 1.23462 0.700209 0.101734 4.411 2.034 1.34986 0 1.97626e-323 1.10115e-316 
 3.08 1.041 0.73172 4.00193e-322 2.10151e-317 3.82359 2.16351 1.34982 1.16106 0.540886 0.0836584 4.409 2.032 1.34982 0 1.97626e-323 1.10115e-316 
 3.118 1.072 0.809115 4.00193e-322 2.10151e-317 3.81959 2.1605 1.34983 1.12529 0.402282 0.06426 4.405 2.029 1.34983 0 1.97626e-323 1.10115e-316 
 3.17 1.162 0.841842 4.00193e-322 2.10151e-317 3.82159 2.15349 1.34985 1.03474 0.310957 0.0540405 4.407 2.022 1.34985 0 1.97626e-323 1.10115e-316 
 3.168 1.173 0.840758 4.00193e-322 2.10151e-317 3.81859 2.15953 1.34979 1.03069 0.309705 0.0540346 4.404 2.028 1.34979 0 1.97626e-323 1.10115e-316 
 3.164 1.148 0.841171 4.00193e-322 2.10151e-317 3.8176 2.15856 1.34973 1.04896 0.328273 0.0562716 4.403 2.027 1.34973 0 1.97626e-323 1.10115e-316 
 3.15 1.137 0.841066 4.00193e-322 2.10151e-317 3.81759 2.14853 1.34978 1.05712 0.309306 0.0526184 4.403 2.017 1.34978 0 1.97626e-323 1.10115e-316 
 3.161 1.146 0.840923 4.00193e-322 2.10151e-317 3.81959 2.14552 1.3498 1.04397 0.310697 0.0535189 4.405 2.014 1.3498 0 1.97626e-323 1.10115e-316 
 3.164 1.155 0.840951 4.00193e-322 2.10151e-317 3.82259 2.14452 1.3498 1.03707 0.300647 0.052135 4.408 2.013 1.3498 0 1.97626e-323 1.10115e-316 
 3.162 1.158 0.8409 4.00193e-322 2.10151e-317 3.8126 2.14557 1.34972 1.03142 0.310437 0.0541235 4.398 2.014 1.34972 0 1.97626e-323 1.10115e-316 
 3.165 1.142 0.840896 4.00193e-322 2.10151e-317 3.8046 2.13655 1.34974 1.03037 0.333544 0.0582026 4.39 2.005 1.34974 0 1.97626e-323 1.10115e-316 
 3.166 1.141 0.840927 4.00193e-322 2.10151e-317 3.79361 2.12058 1.3497 1.01359 0.336351 0.0596602 4.379 1.989 1.3497 0 1.97626e-323 1.10115e-316 
 3.167 1.129 0.840942 4.00193e-322 2.10151e-317 3.79461 2.12659 1.34968 1.02611 0.35414 0.0620433 4.38 1.995 1.34968 0 1.97626e-323 1.10115e-316 
 3.176 1.136 0.840939 4.00193e-322 2.10151e-317 3.79461 2.13859 1.34968 1.02484 0.372377 0.0653102 4.38 2.007 1.34968 0 1.97626e-323 1.10115e-316 
 3.161 1.138 0.840927 4.00193e-322 2.10151e-317 3.7906 2.13456 1.34973 1.02645 0.350213 0.0613368 4.376 2.003 1.34973 0 1.97626e-323 1.10115e-316 
 3.158 1.131 0.840956 4.00193e-322 2.10151e-317 3.7886 2.12454 1.34976 1.02488 0.345709 0.0606423 4.374 1.993 1.34976 0 1.97626e-323 1.10115e-316 
 3.161 1.146 0.840242 4.00193e-322 2.10151e-317 3.7916 2.12754 1.34976 1.01649 0.335292 0.0593037 4.377 1.996 1.34976 0 1.97626e-323 1.10115e-316 
 3.177 1.121 0.837584 4.00193e-322 2.10151e-317 3.79061 2.11659 1.34968 1.017 0.380068 0.0671674 4.376 1.985 1.34968 0 1.97626e-323 1.10115e-316 
 3.282 1.201 0.850544 4.00193e-322 2.10151e-317 3.7906 2.12057 1.34971 0.910453 0.444621 0.0876779 4.376 1.989 1.34971 0 1.97626e-323 1.10115e-316 
 3.355 1.294 0.878625 4.00193e-322 2.10151e-317 3.7956 2.12954 1.34977 0.819067 0.420781 0.0922096 4.381 1.998 1.34977 0 1.97626e-323 1.10115e-316 
 3.416 1.345 0.913623 4.00193e-322 2.10151e-317 3.8066 2.14156 1.34973 0.769713 0.404904 0.0944068 4.392 2.01 1.34973 0 1.97626e-323 1.10115e-316 
 3.456 1.396 0.918734 4.00193e-322 2.10151e-317 3.8136 2.14955 1.34975 0.722976 0.415408 0.103058 4.399 2.018 1.34975 0 1.97626e-323 1.10115e-316 
 3.478 1.383 0.917741 4.00193e-322 2.10151e-317 3.8096 2.14054 1.34976 0.713971 0.47658 0.119578 4.395 2.009 1.34976 0 1.97626e-323 1.10115e-316 
 3.47 1.4 0.918097 4.00193e-322 2.10151e-317 3.8136 2.13756 1.34973 0.704607 0.428572 0.109049 4.399 2.006 1.34973 0 1.97626e-323 1.10115e-316 
 3.503 1.398 0.918324 4.00193e-322 2.10151e-317 3.8166 2.14757 1.34972 0.699978 0.505708 0.129318 4.402 2.016 1.34972 0 1.97626e-323 1.10115e-316 
 3.477 1.397 0.918288 4.00193e-322 2.10151e-317 3.81861 2.14958 1.3497 0.71487 0.448939 0.112562 4.404 2.018 1.3497 0 1.97626e-323 1.10115e-316 
 3.467 1.361 0.918198 4.00193e-322 2.10151e-317 3.8176 2.13956 1.34973 0.738305 0.457879 0.111171 4.403 2.008 1.34973 0 1.97626e-323 1.10115e-316 
 3.484 1.35 0.918201 4.00193e-322 2.10151e-317 3.82559 2.14353 1.34978 0.745404 0.491791 0.118204 4.411 2.012 1.34978 0 1.97626e-323 1.10115e-316 
 3.462 1.38 0.918245 4.00193e-322 2.10151e-317 3.8206 2.14853 1.34978 0.734511 0.43061 0.105137 4.406 2.017 1.34978 0 1.97626e-323 1.10115e-316 
 3.477 1.402 0.919329 4.00193e-322 2.10151e-317 3.81759 2.14552 1.34979 0.707762 0.439185 0.111234 4.403 2.014 1.34979 0 1.97626e-323 1.10115e-316 
 3.439 1.394 0.921193 4.00193e-322 2.10151e-317 3.81159 2.14653 1.34979 0.729378 0.378156 0.093054 4.397 2.015 1.34979 0 1.97626e-323 1.10115e-316 
 3.466 1.438 0.939539 4.00193e-322 2.10151e-317 3.8136 2.14456 1.34973 0.685002 0.342339 0.0897158 4.399 2.013 1.34973 0 1.97626e-323 1.10115e-316 
 3.545 1.534 0.971239 4.00193e-322 2.10151e-317 3.8216 2.15056 1.34974 0.587527 0.337581 0.103058 4.407 2.019 1.34974 0 1.97626e-323 1.10115e-316 
 3.59 1.553 1.00774 4.00193e-322 2.10151e-317 3.82661 2.15358 1.34969 0.560615 0.3521 0.112573 4.412 2.022 1.34969 0 1.97626e-323 1.10115e-316 
 3.6 1.617 1.01855 4.00193e-322 2.10151e-317 3.82161 2.14461 1.34965 0.498527 0.280371 0.100888 4.407 2.013 1.34965 0 1.97626e-323 1.10115e-316 
 3.609 1.624 1.01835 4.00193e-322 2.10151e-317 3.8206 2.14155 1.34974 0.486644 0.295849 0.108995 4.406 2.01 1.34974 0 1.97626e-323 1.10115e-316 
 3.61 1.63 1.01789 4.00193e-322 2.10151e-317 3.82661 2.14759 1.34968 0.488696 0.282215 0.103575 4.412 2.016 1.34968 0 1.97626e-323 1.10115e-316 
 3.612 1.631 1.01786 4.00193e-322 2.10151e-317 3.82861 2.15258 1.3497 0.491781 0.287748 0.104934 4.414 2.021 1.3497 0 1.97626e-323 1.10115e-316 
 3.616 1.651 1.01778 4.00193e-322 2.10151e-317 3.82861 2.14758 1.34969 0.4708 0.264512 0.100788 4.414 2.016 1.34969 0 1.97626e-323 1.10115e-316 
 3.596 1.66 1.01788 4.00193e-322 2.10151e-317 3.8276 2.15257 1.34972 0.475662 0.202628 0.0765287 4.413 2.021 1.34972 0 1.97626e-323 1.10115e-316 
 3.596 1.643 1.01787 4.00193e-322 2.10151e-317 3.83061 2.1566 1.34967 0.493081 0.224888 0.0819121 4.416 2.025 1.34967 0 1.97626e-323 1.10115e-316 
 3.581 1.633 1.01794 4.00193e-322 2.10151e-317 3.83061 2.1506 1.34966 0.50251 0.188146 0.0672925 4.416 2.019 1.34966 0 1.97626e-323 1.10115e-316 
 3.574 1.621 1.01793 4.00193e-322 2.10151e-317 3.8306 2.15058 1.34971 0.514661 0.186086 0.0649912 4.416 2.019 1.34971 0 1.97626e-323 1.10115e-316 
 3.592 1.628 1.01788 4.00193e-322 2.10151e-317 3.8286 2.14956 1.34973 0.500045 0.230583 0.0828126 4.414 2.018 1.34973 0 1.97626e-323 1.10115e-316 
 3.601 1.619 1.01785 4.00193e-322 2.10151e-317 3.8176 2.13455 1.34976 0.487106 0.27948 0.102911 4.403 2.003 1.34976 0 1.97626e-323 1.10115e-316 
 3.598 1.633 1.01787 4.00193e-322 2.10151e-317 3.8176 2.13057 1.34972 0.474464 0.24516 0.0927408 4.403 1.999 1.34972 0 1.97626e-323 1.10115e-316 
 3.613 1.632 1.01782 4.00193e-322 2.10151e-317 3.81461 2.1336 1.34967 0.470184 0.304182 0.115928 4.4 2.002 1.34967 0 1.97626e-323 1.10115e-316 
 3.603 1.618 1.01775 4.00193e-322 2.10151e-317 3.82262 2.14063 1.34962 0.49382 0.280711 0.101966 4.408 2.009 1.34962 0 1.97626e-323 1.10115e-316 
 3.599 1.621 1.01783 4.00193e-322 2.10151e-317 3.81962 2.13365 1.34958 0.486522 0.263828 0.0973009 4.405 2.002 1.34958 0 1.97626e-323 1.10115e-316 
 3.619 1.618 1.01784 4.00193e-322 2.10151e-317 3.81462 2.13166 1.34957 0.477152 0.338348 0.126951 4.4 2 1.34957 0 1.97626e-323 1.10115e-316 
 3.614 1.625 1.01977 4.00193e-322 2.10151e-317 3.81762 2.13766 1.34957 0.479681 0.309976 0.115798 4.403 2.006 1.34957 0 1.97626e-323 1.10115e-316 
 3.595 1.658 1.02727 4.00193e-322 2.10151e-317 3.81962 2.12464 1.34959 0.453075 0.166889 0.0662057 4.405 1.993 1.34959 0 1.97626e-323 1.10115e-316 
 3.659 1.712 1.03763 4.00193e-322 2.10151e-317 3.82762 2.13565 1.34958 0.397104 0.259071 0.116897 4.413 2.004 1.34958 0 1.97626e-323 1.10115e-316 
 3.671 1.716 1.05384 4.00193e-322 2.10151e-317 3.83262 2.13663 1.34962 0.392577 0.250828 0.114504 4.418 2.005 1.34962 0 1.97626e-323 1.10115e-316 
 3.674 1.718 1.07305 4.00193e-322 2.10151e-317 3.83461 2.14859 1.34967 0.400726 0.236962 0.106041 4.42 2.017 1.34967 0 1.97626e-323 1.10115e-316 
 3.675 1.719 1.07286 4.00193e-322 2.10151e-317 3.82462 2.14263 1.34962 0.391105 0.26437 0.121077 4.41 2.011 1.34962 0 1.97626e-323 1.10115e-316 
 3.628 1.665 1.07237 4.00193e-322 2.10151e-317 3.82662 2.14866 1.34957 0.457043 0.191814 0.0754002 4.412 2.017 1.34957 0 1.97626e-323 1.10115e-316 
 3.637 1.693 1.07191 4.00193e-322 2.10151e-317 3.83462 2.15463 1.34961 0.439314 0.164266 0.0672035 4.42 2.023 1.34961 0 1.97626e-323 1.10115e-316 
 3.648 1.7 1.07206 4.00193e-322 2.10151e-317 3.83062 2.15066 1.34957 0.424889 0.195596 0.0826736 4.416 2.019 1.34957 0 1.97626e-323 1.10115e-316 
 3.641 1.703 1.07212 4.00193e-322 2.10151e-317 3.82763 2.14868 1.34952 0.422515 0.175252 0.0745226 4.413 2.017 1.34952 0 1.97626e-323 1.10115e-316 
 3.652 1.703 1.07209 4.00193e-322 2.10151e-317 3.82062 2.14066 1.34956 0.4093 0.22222 0.0974173 4.406 2.009 1.34956 0 1.97626e-323 1.10115e-316 
 3.643 1.695 1.07204 4.00193e-322 2.10151e-317 3.82062 2.14164 1.3496 0.419805 0.205947 0.0880755 4.406 2.01 1.3496 0 1.97626e-323 1.10115e-316 
 3.629 1.689 1.07201 4.00193e-322 2.10151e-317 3.81562 2.14063 1.34961 0.427192 0.184295 0.0774985 4.401 2.009 1.34961 0 1.97626e-323 1.10115e-316 
 3.631 1.677 1.07203 4.00193e-322 2.10151e-317 3.81361 2.13361 1.34965 0.429579 0.204297 0.0853951 4.399 2.002 1.34965 0 1.97626e-323 1.10115e-316 
 3.641 1.663 1.07142 4.00193e-322 2.10151e-317 3.8116 2.14157 1.34972 0.442438 0.273874 0.110964 4.397 2.01 1.34972 0 1.97626e-323 1.10115e-316 
 3.631 1.684 1.07162 4.00193e-322 2.10151e-317 3.8156 2.13457 1.34971 0.42557 0.189852 0.0801282 4.401 2.003 1.34971 0 1.97626e-323 1.10115e-316 
 3.623 1.671 1.07189 4.00193e-322 2.10151e-317 3.8136 2.13156 1.34973 0.435752 0.184839 0.0762052 4.399 2 1.34973 0 1.97626e-323 1.10115e-316 
 3.615 1.675 1.07201 4.00193e-322 2.10151e-317 3.8116 2.12856 1.34974 0.432576 0.155347 0.0645517 4.397 1.997 1.34974 0 1.97626e-323 1.10115e-316 
 3.648 1.684 1.07187 4.00193e-322 2.10151e-317 3.80659 2.12652 1.34981 0.409387 0.262781 0.11503 4.392 1.995 1.34981 0 1.97626e-323 1.10115e-316 
 3.622 1.671 1.07182 4.00193e-322 2.10151e-317 3.80759 2.13053 1.34978 0.433017 0.199349 0.082678 4.393 1.999 1.34978 0 1.97626e-323 1.10115e-316 
 3.615 1.647 1.07184 4.00193e-322 2.10151e-317 3.81661 2.12858 1.34969 0.456544 0.180702 0.0711247 4.402 1.997 1.34969 0 1.97626e-323 1.10115e-316 
 3.622 1.653 1.07183 4.00193e-322 2.10151e-317 3.82261 2.1326 1.34967 0.454595 0.180964 0.0715318 4.408 2.001 1.34967 0 1.97626e-323 1.10115e-316 
 3.605 1.666 1.07181 4.00193e-322 2.10151e-317 3.81961 2.13458 1.3497 0.451437 0.122058 0.0486296 4.405 2.003 1.3497 0 1.97626e-323 1.10115e-316 
 3.612 1.669 1.07187 4.00193e-322 2.10151e-317 3.82061 2.12962 1.34963 0.442833 0.128516 0.0521911 4.406 1.998 1.34963 0 1.97626e-323 1.10115e-316 
 3.603 1.648 1.07186 4.00193e-322 2.10151e-317 3.81462 2.13363 1.34962 0.463611 0.155905 0.0604576 4.4 2.002 1.34962 0 1.97626e-323 1.10115e-316 
 3.625 1.673 1.07181 4.00193e-322 2.10151e-317 3.81062 2.12864 1.3496 0.429955 0.193666 0.080901 4.396 1.997 1.3496 0 1.97626e-323 1.10115e-316 
 3.629 1.675 1.07172 4.00193e-322 2.10151e-317 3.80461 2.11961 1.34964 0.417434 0.210058 0.0903317 4.39 1.988 1.34964 0 1.97626e-323 1.10115e-316 
 3.625 1.65 1.0717 4.00193e-322 2.10151e-317 3.79661 2.11062 1.34963 0.428585 0.245831 0.102881 4.382 1.979 1.34963 0 1.97626e-323 1.10115e-316 
 3.65 1.681 1.07176 4.00193e-322 2.10151e-317 3.79362 2.11364 1.3496 0.396031 0.29941 0.135254 4.379 1.982 1.3496 0 1.97626e-323 1.10115e-316 
 3.624 1.664 1.07168 4.00193e-322 2.10151e-317 3.80262 2.11963 1.34961 0.427277 0.216319 0.0908782 4.388 1.988 1.34961 0 1.97626e-323 1.10115e-316 
 3.643 1.695 1.07171 4.00193e-322 2.10151e-317 3.79862 2.12265 1.34958 0.39648 0.251717 0.113785 4.384 1.991 1.34958 0 1.97626e-323 1.10115e-316 
 3.641 1.687 1.07171 4.00193e-322 2.10151e-317 3.79562 2.11462 1.34963 0.396087 0.25508 0.115405 4.381 1.983 1.34963 0 1.97626e-323 1.10115e-316 
 3.653 1.705 1.07169 4.00193e-322 2.10151e-317 3.79862 2.10962 1.34962 0.374496 0.252044 0.120556 4.384 1.978 1.34962 0 1.97626e-323 1.10115e-316 
 3.646 1.683 1.0717 4.00193e-322 2.10151e-317 3.80561 2.11659 1.34969 0.402677 0.246949 0.109943 4.391 1.985 1.34969 0 1.97626e-323 1.10115e-316 
 3.653 1.669 1.07837 4.00193e-322 2.10151e-317 3.80261 2.12258 1.3497 0.415186 0.29669 0.127925 4.388 1.991 1.3497 0 1.97626e-323 1.10115e-316 
 3.67 1.769 1.0888 4.00193e-322 2.10151e-317 3.7936 2.11655 1.34976 0.321548 0.215541 0.120077 4.379 1.985 1.34976 0 1.97626e-323 1.10115e-316 
 3.699 1.813 1.09936 4.00193e-322 2.10151e-317 3.78359 2.11151 1.34981 0.268739 0.275274 0.18233 4.369 1.98 1.34981 0 1.97626e-323 1.10115e-316 
 3.717 1.825 1.12063 4.00193e-322 2.10151e-317 3.78359 2.10452 1.3498 0.248096 0.292389 0.209037 4.369 1.973 1.3498 0 1.97626e-323 1.10115e-316 
 3.715 1.833 1.13663 4.00193e-322 2.10151e-317 3.78259 2.11152 1.34979 0.248159 0.264858 0.1898 4.368 1.98 1.34979 0 1.97626e-323 1.10115e-316 
 3.732 1.822 1.13462 4.00193e-322 2.10151e-317 3.77759 2.1095 1.34984 0.248699 0.378887 0.267646 4.363 1.978 1.34984 0 1.97626e-323 1.10115e-316 
 3.704 1.776 1.13529 4.00193e-322 2.10151e-317 3.77358 2.10448 1.34987 0.289641 0.332369 0.203689 4.359 1.973 1.34987 0 1.97626e-323 1.10115e-316 
 3.697 1.792 1.13418 4.00193e-322 2.10151e-317 3.77258 2.10545 1.34993 0.279135 0.287516 0.183323 4.358 1.974 1.34993 0 1.97626e-323 1.10115e-316 
 3.709 1.784 1.13442 4.00193e-322 2.10151e-317 3.77957 2.1134 1.35 0.290661 0.330839 0.202085 4.365 1.982 1.35 0 1.97626e-323 1.10115e-316 
 3.691 1.784 1.13408 4.00193e-322 2.10151e-317 3.77557 2.11142 1.34997 0.293394 0.270894 0.16469 4.361 1.98 1.34997 0 1.97626e-323 1.10115e-316 
 3.713 1.793 1.13429 4.00193e-322 2.10151e-317 3.76957 2.11441 1.34999 0.279868 0.378568 0.238833 4.355 1.983 1.34999 0 1.97626e-323 1.10115e-316 
 3.699 1.778 1.13407 4.00193e-322 2.10151e-317 3.76257 2.10343 1.34995 0.285262 0.354946 0.220335 4.348 1.972 1.34995 0 1.97626e-323 1.10115e-316 
 3.699 1.801 1.13405 4.00193e-322 2.10151e-317 3.76358 2.10648 1.34987 0.269187 0.322656 0.212497 4.349 1.975 1.34987 0 1.97626e-323 1.10115e-316 
 3.694 1.796 1.13413 4.00193e-322 2.10151e-317 3.77159 2.1155 1.34984 0.284713 0.288076 0.180151 4.357 1.984 1.34984 0 1.97626e-323 1.10115e-316 
 3.72 1.824 1.13419 4.00193e-322 2.10151e-317 3.77859 2.1215 1.34984 0.260806 0.336719 0.22834 4.364 1.99 1.34984 0 1.97626e-323 1.10115e-316 
 3.71 1.785 1.13407 4.00193e-322 2.10151e-317 3.77659 2.1205 1.34984 0.29444 0.355994 0.214288 4.362 1.989 1.34984 0 1.97626e-323 1.10115e-316 
 3.719 1.799 1.13413 4.00193e-322 2.10151e-317 3.77359 2.11849 1.34985 0.277694 0.384608 0.244321 4.359 1.987 1.34985 0 1.97626e-323 1.10115e-316 
 3.72 1.823 1.13412 4.00193e-322 2.10151e-317 3.76759 2.1185 1.34984 0.255854 0.382021 0.262557 4.353 1.987 1.34984 0 1.97626e-323 1.10115e-316 
 3.706 1.791 1.13417 4.00193e-322 2.10151e-317 3.77759 2.11649 1.34985 0.287757 0.321549 0.198489 4.363 1.985 1.34985 0 1.97626e-323 1.10115e-316 
 3.716 1.787 1.13417 4.00193e-322 2.10151e-317 3.77459 2.1065 1.34984 0.278886 0.367664 0.23299 4.36 1.975 1.34984 0 1.97626e-323 1.10115e-316 
 3.7 1.801 1.13681 4.00193e-322 2.10151e-317 3.77159 2.1055 1.34984 0.27066 0.287383 0.188844 4.357 1.974 1.34984 0 1.97626e-323 1.10115e-316 
 3.755 1.87 1.15814 4.00193e-322 2.10151e-317 3.77859 2.1055 1.34984 0.200467 0.376106 0.325682 4.364 1.974 1.34984 0 1.97626e-323 1.10115e-316 
 3.774 1.912 1.17389 4.00193e-322 2.10151e-317 3.78065 2.09978 1.34936 0.156841 0.372501 0.40399 4.366 1.968 1.34936 0 1.97626e-323 1.10115e-316 
 3.758 1.917 1.21267 4.00193e-322 2.10151e-317 3.77259 2.09752 1.3498 0.154287 0.279964 0.315698 4.358 1.966 1.3498 0 1.97626e-323 1.10115e-316 
 3.747 1.948 1.25086 4.00193e-322 2.10151e-317 3.76457 2.09843 1.34995 0.130706 0.181075 0.24438 4.35 1.967 1.34995 0 1.97626e-323 1.10115e-316 
 3.729 1.963 1.27669 4.00193e-322 2.10151e-317 3.7646 2.10155 1.34974 0.125391 0.0364258 0.0522422 4.35 1.97 1.34974 0 1.97626e-323 1.10115e-316 
 3.767 2.005 1.2939 4.00193e-322 2.10151e-317 3.76058 2.10048 1.34986 0.0797711 0.210242 0.44296 4.346 1.969 1.34986 0 1.97626e-323 1.10115e-316 
 3.763 1.985 1.3014 4.00193e-322 2.10151e-317 3.76658 2.08948 1.34988 0.0895893 0.155797 0.303362 4.352 1.958 1.34988 0 1.97626e-323 1.10115e-316 
 3.769 1.98 1.32372 4.00193e-322 2.10151e-317 3.76958 2.08047 1.34989 0.0859832 0.154653 0.313106 4.355 1.949 1.34989 0 1.97626e-323 1.10115e-316 
 3.757 1.979 1.33975 4.00193e-322 2.10151e-317 3.77259 2.08049 1.34984 0.0898372 0.0516377 0.103096 4.358 1.949 1.34984 0 1.97626e-323 1.10115e-316 
 3.763 1.99 1.35516 4.00193e-322 2.10151e-317 3.77359 2.08553 1.34978 0.0839165 0.0653023 0.139167 4.359 1.954 1.34978 0 1.97626e-323 1.10115e-316 
 3.79 2.014 1.35947 4.00193e-322 2.10151e-317 3.7706 2.09154 1.34976 0.0638553 0.236502 0.523599 4.356 1.96 1.34976 0 1.97626e-323 1.10115e-316 
 3.771 1.966 1.36617 4.00193e-322 2.10151e-317 3.77159 2.09952 1.3498 0.115249 0.161705 0.247383 4.357 1.968 1.3498 0 1.97626e-323 1.10115e-316 
 3.751 1.965 1.38864 4.00193e-322 2.10151e-317 3.76959 2.09651 1.34983 0.116417 0.0336973 0.0520547 4.355 1.965 1.34983 0 1.97626e-323 1.10115e-316 
 3.746 1.971 1.40302 4.00193e-322 2.10151e-317 3.76659 2.09651 1.34982 0.111563 0.00403915 0.00651684 4.352 1.965 1.34982 0 1.97626e-323 1.10115e-316 
 3.751 1.988 1.40462 4.00193e-322 2.10151e-317 3.7686 2.09554 1.34977 0.0955795 0.00275114 0.00518103 4.354 1.964 1.34977 0 1.97626e-323 1.10115e-316 
 3.77 2.025 1.40543 4.00193e-322 2.10151e-317 3.76659 2.08452 1.34981 0.0511338 0.0906186 0.30879 4.352 1.953 1.34981 0 1.97626e-323 1.10115e-316 
 3.739 2.009 1.40808 4.00193e-322 2.10151e-317 3.7646 2.07654 1.34977 0.0622496 -0.0965357 -0.272212 4.35 1.945 1.34977 0 1.97626e-323 1.10115e-316 
 3.738 2.006 1.41505 4.00193e-322 2.10151e-317 3.7676 2.07557 1.34972 0.064564 -0.123856 -0.332483 4.353 1.944 1.34972 0 1.97626e-323 1.10115e-316 
 3.74 2.029 1.41129 4.00193e-322 2.10151e-317 3.77161 2.08659 1.34969 0.0546426 -0.15083 -0.461128 4.357 1.955 1.34969 0 1.97626e-323 1.10115e-316 
 3.705 1.986 1.41048 4.00193e-322 2.10151e-317 3.7686 2.08557 1.34971 0.0966459 -0.295365 -0.502927 4.354 1.954 1.34971 0 1.97626e-323 1.10115e-316 
 3.718 2.004 1.40675 4.00193e-322 2.10151e-317 3.77061 2.0886 1.34966 0.0817842 -0.247026 -0.497981 4.356 1.957 1.34966 0 1.97626e-323 1.10115e-316 
 3.769 2.048 1.39254 4.00193e-322 2.10151e-317 3.77662 2.09763 1.34961 0.0440307 0.00910228 0.0371935 4.362 1.966 1.34961 0 1.97626e-323 1.10115e-316 
 3.799 2.095 1.3771 4.00193e-322 2.10151e-317 3.77861 2.0846 1.34966 1.65797e-07 0.142543 0.523599 4.364 1.953 1.34966 0 1.97626e-323 1.10115e-316 
 3.796 2.098 1.37795 4.00193e-322 2.10151e-317 3.78861 2.0876 1.34966 1.97957e-07 0.0413733 0.523599 4.374 1.956 1.34966 0 1.97626e-323 1.10115e-316 
 3.785 2.073 1.38008 4.00193e-322 2.10151e-317 3.79061 2.0886 1.34966 0.0143747 -0.0188171 -0.231406 4.376 1.957 1.34966 0 1.97626e-323 1.10115e-316 
 3.77 2.072 1.38041 4.00193e-322 2.10151e-317 3.79461 2.09458 1.34969 0.0238553 -0.144058 -0.523599 4.38 1.963 1.34969 0 1.97626e-323 1.10115e-316 
 3.776 2.056 1.37941 4.00193e-322 2.10151e-317 3.79261 2.0986 1.34966 0.0395114 -0.0577481 -0.257251 4.378 1.967 1.34966 0 1.97626e-323 1.10115e-316 
 3.791 2.09 1.37568 4.00193e-322 2.10151e-317 3.79662 2.10965 1.34959 0.0178646 -0.0124945 -0.125233 4.382 1.978 1.34959 0 1.97626e-323 1.10115e-316 
 3.813 2.082 1.37164 4.00193e-322 2.10151e-317 3.79663 2.10967 1.34954 0.0213278 0.156623 0.523599 4.382 1.978 1.34954 0 1.97626e-323 1.10115e-316 
 3.796 2.066 1.37117 4.00193e-322 2.10151e-317 3.80162 2.10666 1.34956 0.0359423 0.0180791 0.0902945 4.387 1.975 1.34956 0 1.97626e-323 1.10115e-316 
 3.818 2.089 1.3737 4.00193e-322 2.10151e-317 3.80362 2.09764 1.3496 0.00516908 0.118423 0.523599 4.389 1.966 1.3496 0 1.97626e-323 1.10115e-316 
 3.804 2.094 1.37428 4.00193e-322 2.10151e-317 3.80462 2.10863 1.34962 0.0126921 0.0166608 0.232029 4.39 1.977 1.34962 0 1.97626e-323 1.10115e-316 
 3.781 2.078 1.37478 4.00193e-322 2.10151e-317 3.81061 2.10461 1.34964 0.0284116 -0.171342 -0.523599 4.396 1.973 1.34964 0 1.97626e-323 1.10115e-316 
 3.799 2.09 1.37508 4.00193e-322 2.10151e-317 3.81061 2.10361 1.34965 0.013755 -0.0645602 -0.523599 4.396 1.972 1.34965 0 1.97626e-323 1.10115e-316 
 3.802 2.098 1.37153 4.00193e-322 2.10151e-317 3.80861 2.09359 1.34968 8.08408e-07 -0.0561896 -0.523599 4.394 1.962 1.34968 0 1.97626e-323 1.10115e-316 
 3.815 2.108 1.36935 4.00193e-322 2.10151e-317 3.80762 2.08364 1.3496 2.44964e-08 0.0194096 0.523599 4.393 1.952 1.3496 0 1.97626e-323 1.10115e-316 
 3.81 2.091 1.36543 4.00193e-322 2.10151e-317 3.80861 2.0866 1.34966 5.15221e-07 0.00356165 0.523599 4.394 1.955 1.34966 0 1.97626e-323 1.10115e-316 
 3.802 2.095 1.36575 4.00193e-322 2.10151e-317 3.81161 2.08661 1.34965 3.84938e-07 -0.0858765 -0.523599 4.397 1.955 1.34965 0 1.97626e-323 1.10115e-316 
 3.802 2.08 1.36569 4.00193e-322 2.10151e-317 3.8136 2.09856 1.34973 0.0180587 -0.0555129 -0.505393 4.399 1.967 1.34973 0 1.97626e-323 1.10115e-316 
 3.807 2.092 1.35945 4.00193e-322 2.10151e-317 3.8126 2.10057 1.34971 0.00839385 -0.0274478 -0.523599 4.398 1.969 1.34971 0 1.97626e-323 1.10115e-316 
 3.823 2.111 1.35444 4.00193e-322 2.10151e-317 3.80959 2.09453 1.34978 1.17882e-07 0.0769931 0.523599 4.395 1.963 1.34978 0 1.97626e-323 1.10115e-316 
 3.833 2.118 1.35275 4.00193e-322 2.10151e-317 3.80659 2.09752 1.34981 2.48437e-08 0.17546 0.523599 4.392 1.966 1.34981 0 1.97626e-323 1.10115e-316 
 3.815 2.119 1.35585 4.00193e-322 2.10151e-317 3.80859 2.09852 1.3498 3.09067e-08 0.015375 0.523599 4.394 1.967 1.3498 0 1.97626e-323 1.10115e-316 
 3.809 2.109 1.35786 4.00193e-322 2.10151e-317 3.80158 2.07847 1.34989 6.672e-08 0.00671825 0.523599 4.387 1.947 1.34989 0 1.97626e-323 1.10115e-316 
 3.801 2.098 1.3573 4.00193e-322 2.10151e-317 3.80357 2.07743 1.34995 1.13626e-07 -0.0554812 -0.523599 4.389 1.946 1.34995 0 1.97626e-323 1.10115e-316 
 3.818 2.111 1.35682 4.00193e-322 2.10151e-317 3.80457 2.08343 1.34996 7.10647e-08 0.0607072 0.523599 4.39 1.952 1.34996 0 1.97626e-323 1.10115e-316 
 3.824 2.119 1.35664 4.00193e-322 2.10151e-317 3.80257 2.07742 1.34997 4.35888e-08 0.106358 0.523599 4.388 1.946 1.34997 0 1.97626e-323 1.10115e-316 
 3.821 2.122 1.35717 4.00193e-322 2.10151e-317 3.80157 2.08043 1.34996 4.40338e-08 0.0892919 0.523599 4.387 1.949 1.34996 0 1.97626e-323 1.10115e-316 
 3.818 2.118 1.36099 4.00193e-322 2.10151e-317 3.79757 2.08342 1.34997 5.36784e-08 0.109651 0.523599 4.383 1.952 1.34997 0 1.97626e-323 1.10115e-316 
 3.816 2.114 1.36296 4.00193e-322 2.10151e-317 3.79657 2.0824 1.35 5.94278e-08 0.1061 0.523599 4.382 1.951 1.35 0 1.97626e-323 1.10115e-316 
 3.819 2.118 1.36551 4.00193e-322 2.10151e-317 3.80008 2.08821 1.35375 6.34531e-08 0.105057 0.523599 4.386 1.959 1.35375 0 1.97626e-323 1.10115e-316 
 3.805 2.118 1.37194 4.00193e-322 2.10151e-317 3.78582 2.10635 1.36374 1.52219e-07 0.131158 0.523599 4.373 1.983 1.36374 0 1.97626e-323 1.10115e-316 
 3.813 2.124 1.38039 4.00193e-322 2.10151e-317 3.75993 2.13003 1.37959 8.49419e-07 0.402026 0.523599 4.349 2.016 1.37959 0 1.97626e-323 1.10115e-316 
 3.79 2.086 1.39648 4.00193e-322 2.10151e-317 3.76294 2.15519 1.39795 0.0567772 0.262794 0.523599 4.354 2.052 1.39795 0 1.97626e-323 1.10115e-316 
 3.795 2.083 1.43971 4.00193e-322 2.10151e-317 3.751 2.21155 1.39734 0.109197 0.370937 0.523599 4.342 2.108 1.39734 0 1.97626e-323 1.10115e-316 
 3.816 2.106 1.46639 4.00193e-322 2.10151e-317 3.74402 2.23563 1.3972 0.111318 0.518054 0.523599 4.335 2.132 1.3972 0 1.97626e-323 1.10115e-316 
 3.773 1.996 1.50559 4.00193e-322 2.10151e-317 3.75629 2.25016 1.39461 0.2221 0.165499 0.133332 4.347 2.145 1.39461 0 1.97626e-323 1.10115e-316 
 3.803 1.993 1.54887 4.00193e-322 2.10151e-317 3.75436 2.28081 1.40367 0.252969 0.258366 0.181811 4.346 2.181 1.40367 0 1.97626e-323 1.10115e-316 
 3.793 2.1 1.56533 4.00193e-322 2.10151e-317 3.75769 2.33372 1.40044 0.205574 0.187785 0.162965 4.349 2.232 1.40044 0 1.97626e-323 1.10115e-316 
 3.76 2.164 1.59153 4.00193e-322 2.10151e-317 3.76689 2.35691 1.39842 0.169124 -0.0598914 -0.0636569 4.358 2.254 1.39842 0 1.97626e-323 1.10115e-316 
 3.748 2.203 1.609 4.00193e-322 2.10151e-317 3.79219 2.38761 1.39555 0.161912 -0.284822 -0.306652 4.383 2.283 1.39555 0 1.97626e-323 1.10115e-316 
 3.802 2.253 1.6072 4.00193e-322 2.10151e-317 3.77104 2.39775 1.39701 0.128296 0.152519 0.210807 4.362 2.294 1.39701 0 1.97626e-323 1.10115e-316 
 3.779 2.224 1.60397 4.00193e-322 2.10151e-317 3.7855 2.45064 1.40227 0.198605 -0.0729199 -0.0659929 4.377 2.35 1.40227 0 1.97626e-323 1.10115e-316 
 3.786 2.243 1.60614 4.00193e-322 2.10151e-317 3.7758 2.48846 1.40933 0.21549 0.00764429 0.00638524 4.368 2.392 1.40933 0 1.97626e-323 1.10115e-316 
 3.828 2.252 1.60522 4.00193e-322 2.10151e-317 3.78457 2.50958 1.42262 0.227744 0.170188 0.133707 4.378 2.421 1.42262 0 1.97626e-323 1.10115e-316 
 3.799 2.274 1.60695 4.00193e-322 2.10151e-317 3.79308 2.52522 1.42829 0.220404 -0.0158299 -0.0129273 4.387 2.44 1.42829 0 1.97626e-323 1.10115e-316 
 3.782 2.291 1.61125 4.00193e-322 2.10151e-317 3.7827 2.54292 1.4456 0.220832 -0.0543657 -0.0442845 4.378 2.468 1.4456 0 1.97626e-323 1.10115e-316 
 3.788 2.339 1.61052 4.00193e-322 2.10151e-317 3.79268 2.58265 1.47623 0.213501 -0.0726584 -0.0611811 4.39 2.526 1.47623 0 1.97626e-323 1.10115e-316 
 3.827 2.417 1.61081 4.00193e-322 2.10151e-317 3.7846 2.58878 1.49777 0.152817 0.201115 0.232602 4.383 2.545 1.49777 0 1.97626e-323 1.10115e-316 
 3.78 2.396 1.61031 4.00193e-322 2.10151e-317 3.76651 2.60782 1.52942 0.186133 0.0272102 0.0263076 4.366 2.583 1.52942 0 1.97626e-323 1.10115e-316 
 3.757 2.363 1.61296 4.00193e-322 2.10151e-317 3.76812 2.60994 1.55089 0.216252 -0.108355 -0.0899472 4.368 2.598 1.55089 0 1.97626e-323 1.10115e-316 
 3.78 2.363 1.61467 4.00193e-322 2.10151e-317 3.76501 2.62394 1.5659 0.229243 0.0173776 0.0136439 4.365 2.621 1.5659 0 1.97626e-323 1.10115e-316 
 3.755 2.365 1.61355 4.00193e-322 2.10151e-317 3.76302 2.636 1.57913 0.237391 -0.0949521 -0.0718728 4.363 2.641 1.57913 0 1.97626e-323 1.10115e-316 
 3.733 2.408 1.61505 4.00193e-322 2.10151e-317 3.77521 2.68518 1.59717 0.242764 -0.260707 -0.190949 4.375 2.701 1.59717 0 1.97626e-323 1.10115e-316 
 3.731 2.417 1.6134 4.00193e-322 2.10151e-317 3.75851 2.70437 1.61187 0.2516 -0.187436 -0.1333 4.358 2.729 1.61187 0 1.97626e-323 1.10115e-316 
 3.745 2.468 1.60413 4.00193e-322 2.10151e-317 3.74352 2.73729 1.64205 0.236146 -0.0364215 -0.0277548 4.342 2.78 1.64205 0 1.97626e-323 1.10115e-316 
 3.731 2.459 1.59084 4.00193e-322 2.10151e-317 3.72834 2.77606 1.65915 0.278106 -0.0166632 -0.0107846 4.326 2.829 1.65915 0 1.97626e-323 1.10115e-316 
 3.724 2.501 1.58754 4.00193e-322 2.10151e-317 3.72591 2.80499 1.6693 0.266608 -0.0321831 -0.021725 4.323 2.864 1.6693 0 1.97626e-323 1.10115e-316 
 3.737 2.54 1.58511 4.00193e-322 2.10151e-317 3.70948 2.84445 1.67859 0.267629 0.106288 0.0713651 4.306 2.909 1.67859 0 1.97626e-323 1.10115e-316 
 3.747 2.614 1.58306 4.00193e-322 2.10151e-317 3.68742 2.87228 1.6923 0.228843 0.276992 0.21452 4.283 2.945 1.6923 0 1.97626e-323 1.10115e-316 
 3.783 2.672 1.5849 4.00193e-322 2.10151e-317 3.63453 2.86572 1.70668 0.183703 0.764786 0.523599 4.229 2.947 1.70668 0 1.97626e-323 1.10115e-316 
 3.805 2.677 1.59337 4.00193e-322 2.10151e-317 3.5745 2.88192 1.71812 0.210639 1.09987 0.523599 4.168 2.97 1.71812 0 1.97626e-323 1.10115e-316 
 3.794 2.737 1.65442 4.00193e-322 2.10151e-317 3.58717 2.92614 1.71439 0.199913 0.95702 0.523599 4.181 3.012 1.71439 0 1.97626e-323 1.10115e-316 
 3.755 2.706 1.76748 4.00193e-322 2.10151e-317 3.62603 2.98954 1.68682 0.268476 0.324758 0.214388 4.222 3.059 1.68682 0 1.97626e-323 1.10115e-316 
 3.768 2.71 1.85952 4.00193e-322 2.10151e-317 3.65772 3.05366 1.64643 0.31654 0.0331964 0.0188748 4.256 3.099 1.64643 0 1.97626e-323 1.10115e-316 
 3.751 2.755 1.88074 4.00193e-322 2.10151e-317 3.67687 3.07771 1.64969 0.289775 -0.122862 -0.0761706 4.275 3.125 1.64969 0 1.97626e-323 1.10115e-316 
 3.686 2.67 1.88282 4.00193e-322 2.10151e-317 3.68515 3.06958 1.68844 0.340084 -0.490584 -0.254046 4.281 3.14 1.68844 0 1.97626e-323 1.10115e-316 
 3.704 2.765 1.88059 4.00193e-322 2.10151e-317 3.68951 3.0582 1.75823 0.251677 -0.355614 -0.249055 4.279 3.17 1.75823 0 1.97626e-323 1.10115e-316 
 3.674 2.828 1.86151 4.00193e-322 2.10151e-317 3.66968 3.00985 1.83408 0.155306 -0.270302 -0.303596 4.249 3.166 1.83408 0 1.97626e-323 1.10115e-316 
 3.659 2.897 1.83143 4.00193e-322 2.10151e-317 3.6866 3.02285 1.89679 0.102797 -0.367311 -0.523599 4.255 3.215 1.89679 0 1.97626e-323 1.10115e-316 
 3.661 2.896 1.80374 4.00193e-322 2.10151e-317 3.67515 3.02846 1.92934 0.111495 -0.271625 -0.413263 4.237 3.239 1.92934 0 1.97626e-323 1.10115e-316 
 3.656 2.902 1.76705 4.00193e-322 2.10151e-317 3.65775 3.0158 1.96818 0.097995 -0.150528 -0.269755 4.211 3.248 1.96818 0 1.97626e-323 1.10115e-316 
 3.637 2.899 1.7406 4.00193e-322 2.10151e-317 3.64745 3.02724 2.00013 0.110007 -0.196618 -0.311259 4.193 3.277 2.00013 0 1.97626e-323 1.10115e-316 
 3.673 2.922 1.72627 4.00193e-322 2.10151e-317 3.63355 3.05458 2.01237 0.120474 0.111245 0.164704 4.176 3.311 2.01237 0 1.97626e-323 1.10115e-316 
 3.689 2.96 1.71153 4.00193e-322 2.10151e-317 3.63984 3.11075 2.02501 0.137451 0.160705 0.207425 4.179 3.374 2.02501 0 1.97626e-323 1.10115e-316 
 3.727 3.028 1.71475 4.00193e-322 2.10151e-317 3.62202 3.13233 2.03694 0.10905 0.543226 0.523599 4.158 3.402 2.03694 0 1.97626e-323 1.10115e-316 
 3.696 3.022 1.72007 4.00193e-322 2.10151e-317 3.6246 3.14507 2.07131 0.117873 0.316193 0.449834 4.151 3.433 2.07131 0 1.97626e-323 1.10115e-316 
 3.729 3.043 1.7568 4.00193e-322 2.10151e-317 3.63417 3.17194 2.1003 0.129614 0.409062 0.516616 4.152 3.475 2.1003 0 1.97626e-323 1.10115e-316 
 3.682 2.996 1.7902 4.00193e-322 2.10151e-317 3.63581 3.16587 2.13754 0.154286 0.0458966 0.0534948 4.142 3.488 2.13754 0 1.97626e-323 1.10115e-316 
 3.648 2.979 1.82916 4.00193e-322 2.10151e-317 3.61029 3.16716 2.18103 0.168101 -0.0640229 -0.0684474 4.102 3.511 2.18103 0 1.97626e-323 1.10115e-316 
 3.626 2.995 1.8353 4.00193e-322 2.10151e-317 3.592 3.19067 2.21707 0.17366 -0.09997 -0.103251 4.071 3.552 2.21707 0 1.97626e-323 1.10115e-316 
 3.662 2.973 1.84801 4.00193e-322 2.10151e-317 3.58321 3.18452 2.24482 0.197547 0.0932907 0.0848005 4.052 3.559 2.24482 0 1.97626e-323 1.10115e-316 
 3.566 2.959 1.85845 4.00193e-322 2.10151e-317 3.57219 3.19075 2.26584 0.19626 -0.373051 -0.329658 4.033 3.575 2.26584 0 1.97626e-323 1.10115e-316 
 3.557 2.964 1.87672 4.00193e-322 2.10151e-317 3.53781 3.1851 2.28036 0.191321 -0.254271 -0.234812 3.993 3.576 2.28036 0 1.97626e-323 1.10115e-316 
 3.569 3.017 1.87279 4.00193e-322 2.10151e-317 3.51313 3.20356 2.28373 0.170817 -0.0117958 -0.0124293 3.967 3.596 2.28373 0 1.97626e-323 1.10115e-316 
 3.61 3.06 1.87883 4.00193e-322 2.10151e-317 3.48285 3.2194 2.27532 0.170178 0.397863 0.39833 3.94 3.608 2.27532 0 1.97626e-323 1.10115e-316 
 3.564 3.074 1.89699 4.00193e-322 2.10151e-317 3.46313 3.24682 2.26569 0.172895 0.219082 0.224249 3.924 3.631 2.26569 0 1.97626e-323 1.10115e-316 
 3.574 3.114 1.9162 4.00193e-322 2.10151e-317 3.46158 3.28983 2.23777 0.179751 0.248846 0.244217 3.933 3.661 2.23777 0 1.97626e-323 1.10115e-316 
 3.549 3.118 1.92992 4.00193e-322 2.10151e-317 3.45443 3.32916 2.22651 0.202674 0.073957 0.065589 3.93 3.695 2.22651 0 1.97626e-323 1.10115e-316 
 3.539 3.168 1.95189 4.00193e-322 2.10151e-317 3.45866 3.37487 2.22713 0.194651 -0.0124078 -0.0114735 3.934 3.741 2.22713 0 1.97626e-323 1.10115e-316 
 3.519 3.144 1.95733 4.00193e-322 2.10151e-317 3.42436 3.39239 2.23447 0.233113 -0.029216 -0.0225555 3.897 3.762 2.23447 0 1.97626e-323 1.10115e-316 
 3.517 3.156 1.95774 4.00193e-322 2.10151e-317 3.42536 3.42754 2.2663 0.251061 -0.0832242 -0.0595976 3.886 3.812 2.2663 0 1.97626e-323 1.10115e-316 
 3.498 3.156 1.95663 4.00193e-322 2.10151e-317 3.41375 3.45229 2.29541 0.269142 -0.15304 -0.101997 3.863 3.85 2.29541 0 1.97626e-323 1.10115e-316 
 3.46 3.175 1.95912 4.00193e-322 2.10151e-317 3.41585 3.47877 2.33744 0.263969 -0.341465 -0.228768 3.848 3.895 2.33744 0 1.97626e-323 1.10115e-316 
 3.514 3.238 1.95131 4.00193e-322 2.10151e-317 3.42432 3.48651 2.38543 0.231651 -0.0442287 -0.0343535 3.836 3.923 2.38543 0 1.97626e-323 1.10115e-316 
 3.55 3.269 1.93051 4.00193e-322 2.10151e-317 3.42758 3.48269 2.43747 0.214081 0.198837 0.16565 3.816 3.94 2.43747 0 1.97626e-323 1.10115e-316 
 3.516 3.288 1.9295 4.00193e-322 2.10151e-317 3.42438 3.46523 2.50303 0.174101 0.128387 0.131966 3.782 3.947 2.50303 0 1.97626e-323 1.10115e-316 
 3.508 3.312 1.94211 4.00193e-322 2.10151e-317 3.43988 3.49232 2.56098 0.169076 -0.0107178 -0.0114098 3.769 3.994 2.56098 0 1.97626e-323 1.10115e-316 
 3.557 3.409 1.95348 4.00193e-322 2.10151e-317 3.43573 3.50365 2.60395 0.12062 0.462237 0.523599 3.743 4.019 2.60395 0 1.97626e-323 1.10115e-316 
 3.547 3.4 1.95848 4.00193e-322 2.10151e-317 3.43934 3.51156 2.66611 0.128423 0.34048 0.445259 3.714 4.045 2.66611 0 1.97626e-323 1.10115e-316 
 3.486 3.389 1.98491 4.00193e-322 2.10151e-317 3.445 3.5212 2.71732 0.120787 -0.0944337 -0.139809 3.692 4.068 2.71732 0 1.97626e-323 1.10115e-316 
 3.453 3.38 2.01496 4.00193e-322 2.10151e-317 3.45968 3.55073 2.75303 0.13668 -0.461343 -0.523599 3.687 4.106 2.75303 0 1.97626e-323 1.10115e-316 
 3.464 3.425 2.01371 4.00193e-322 2.10151e-317 3.44358 3.55436 2.78682 0.111117 -0.226879 -0.3522 3.652 4.117 2.78682 0 1.97626e-323 1.10115e-316 
 3.477 3.443 1.98809 4.00193e-322 2.10151e-317 3.41488 3.543 2.80331 0.102457 0.101535 0.176524 3.614 4.109 2.80331 0 1.97626e-323 1.10115e-316 
 3.462 3.428 1.96132 4.00193e-322 2.10151e-317 3.40241 3.54788 2.79893 0.117195 0.0575163 0.0881104 3.604 4.113 2.79893 0 1.97626e-323 1.10115e-316 
 3.477 3.43 1.96271 4.00193e-322 2.10151e-317 3.40655 3.54455 2.79565 0.116762 0.129731 0.197388 3.61 4.109 2.79565 0 1.97626e-323 1.10115e-316 
 3.474 3.428 1.95415 4.00193e-322 2.10151e-317 3.40223 3.55439 2.79153 0.126606 0.115009 0.162078 3.608 4.118 2.79153 0 1.97626e-323 1.10115e-316 
 3.483 3.428 1.94623 4.00193e-322 2.10151e-317 3.4011 3.56017 2.78776 0.134688 0.162708 0.214113 3.609 4.123 2.78776 0 1.97626e-323 1.10115e-316 
 3.454 3.436 1.93796 4.00193e-322 2.10151e-317 3.40333 3.56583 2.78461 0.122243 0.00415119 0.00611246 3.613 4.128 2.78461 0 1.97626e-323 1.10115e-316 
 3.439 3.4 1.92865 4.00193e-322 2.10151e-317 3.39985 3.56701 2.78375 0.149534 -0.124533 -0.148798 3.61 4.129 2.78375 0 1.97626e-323 1.10115e-316 
 3.443 3.395 1.91549 4.00193e-322 2.10151e-317 3.40027 3.56923 2.78272 0.156711 -0.104992 -0.120015 3.611 4.131 2.78272 0 1.97626e-323 1.10115e-316 
 3.426 3.385 1.89689 4.00193e-322 2.10151e-317 3.40268 3.56582 2.77989 0.157584 -0.201196 -0.225893 3.615 4.127 2.77989 0 1.97626e-323 1.10115e-316 
 3.423 3.378 1.87873 4.00193e-322 2.10151e-317 3.39736 3.5587 2.77576 0.158425 -0.170127 -0.190941 3.612 4.119 2.77576 0 1.97626e-323 1.10115e-316 
 3.393 3.38 1.85959 4.00193e-322 2.10151e-317 3.38444 3.55222 2.76875 0.147981 -0.233461 -0.276691 3.603 4.111 2.76875 0 1.97626e-323 1.10115e-316 
 3.389 3.412 1.84323 4.00193e-322 2.10151e-317 3.37167 3.54011 2.7602 0.11253 -0.108925 -0.172503 3.595 4.097 2.7602 0 1.97626e-323 1.10115e-316 
 3.382 3.448 1.82809 4.00193e-322 2.10151e-317 3.36265 3.52515 2.75117 0.0697648 -0.00612471 -0.015801 3.591 4.08 2.75117 0 1.97626e-323 1.10115e-316 
 3.424 3.469 1.82061 4.00193e-322 2.10151e-317 3.36095 3.52353 2.74087 0.0617043 0.320354 0.523599 3.595 4.076 2.74087 0 1.97626e-323 1.10115e-316 
 3.422 3.474 1.82312 4.00193e-322 2.10151e-317 3.35548 3.51745 2.73276 0.0536374 0.36559 0.523599 3.594 4.068 2.73276 0 1.97626e-323 1.10115e-316 
 3.418 3.488 1.82801 4.00193e-322 2.10151e-317 3.34277 3.50689 2.73511 0.0364123 0.477364 0.523599 3.58 4.058 2.73511 0 1.97626e-323 1.10115e-316 
 3.411 3.489 1.82705 4.00193e-322 2.10151e-317 3.34584 3.51386 2.73523 0.038093 0.398316 0.523599 3.583 4.065 2.73523 0 1.97626e-323 1.10115e-316 
 3.439 3.501 1.84586 4.00193e-322 2.10151e-317 3.34855 3.53978 2.75279 0.0586367 0.514947 0.523599 3.576 4.095 2.75279 0 1.97626e-323 1.10115e-316 
 3.432 3.497 1.8731 4.00193e-322 2.10151e-317 3.32615 3.54773 2.76644 0.0754069 0.559424 0.523599 3.546 4.106 2.76644 0 1.97626e-323 1.10115e-316 
 3.43 3.528 1.87571 4.00193e-322 2.10151e-317 3.34554 3.57837 2.81682 0.0675137 0.434246 0.523599 3.537 4.147 2.81682 0 1.97626e-323 1.10115e-316 
 3.407 3.507 1.87765 4.00193e-322 2.10151e-317 3.36403 3.59656 2.86652 0.0864086 0.089604 0.184533 3.527 4.174 2.86652 0 1.97626e-323 1.10115e-316 
 3.4 3.505 1.87779 4.00193e-322 2.10151e-317 3.37453 3.5937 2.92752 0.0809169 -0.0164547 -0.0365872 3.502 4.18 2.92752 0 1.97626e-323 1.10115e-316 
 3.382 3.482 1.87699 4.00193e-322 2.10151e-317 3.39785 3.59266 2.99246 0.090004 -0.309108 -0.523599 3.487 4.186 2.99246 0 1.97626e-323 1.10115e-316 
 3.379 3.471 1.8739 4.00193e-322 2.10151e-317 3.37935 3.59929 3.02188 0.108318 -0.23814 -0.376822 3.451 4.195 3.02188 0 1.97626e-323 1.10115e-316 
 3.378 3.478 1.87368 4.00193e-322 2.10151e-317 3.33282 3.5926 3.01764 0.107824 0.0552766 0.0920177 3.407 4.188 3.01764 0 1.97626e-323 1.10115e-316 
 3.398 3.473 1.87382 4.00193e-322 2.10151e-317 3.30327 3.59646 3.00663 0.129996 0.316442 0.412969 3.384 4.191 3.00663 0 1.97626e-323 1.10115e-316 
 3.387 3.496 1.87357 4.00193e-322 2.10151e-317 3.28201 3.62041 2.98429 0.134154 0.36946 0.460217 3.376 4.213 2.98429 0 1.97626e-323 1.10115e-316 
 3.419 3.496 1.87403 4.00193e-322 2.10151e-317 3.23851 3.64753 2.96317 0.183269 0.670303 0.523599 3.345 4.238 2.96317 0 1.97626e-323 1.10115e-316 
 3.424 3.511 1.8735 4.00193e-322 2.10151e-317 3.21217 3.66777 2.96089 0.199801 0.790661 0.523599 3.32 4.258 2.96089 0 1.97626e-323 1.10115e-316 
 3.382 3.478 1.87495 4.00193e-322 2.10151e-317 3.16375 3.66279 2.9517 0.224131 0.745341 0.523599 3.277 4.252 2.9517 0 1.97626e-323 1.10115e-316 
 3.41 3.494 1.87425 4.00193e-322 2.10151e-317 3.12395 3.66075 2.95204 0.239071 1.03774 0.523599 3.237 4.25 2.95204 0 1.97626e-323 1.10115e-316 
 3.415 3.507 1.8738 4.00193e-322 2.10151e-317 3.10094 3.68053 2.94523 0.256493 1.11024 0.523599 3.218 4.269 2.94523 0 1.97626e-323 1.10115e-316 
 3.412 3.474 1.87436 4.00193e-322 2.10151e-317 3.06841 3.70208 2.93242 0.30992 1.06379 0.523599 3.193 4.289 2.93242 0 1.97626e-323 1.10115e-316 
 3.402 3.506 1.87427 4.00193e-322 2.10151e-317 3.03248 3.70693 2.92573 0.301674 1.19903 0.523599 3.161 4.293 2.92573 0 1.97626e-323 1.10115e-316 
 3.411 3.505 1.87432 4.00193e-322 2.10151e-317 2.98742 3.69894 2.92562 0.321633 1.34593 0.523599 3.116 4.285 2.92562 0 1.97626e-323 1.10115e-316 
 3.393 3.473 1.8743 4.00193e-322 2.10151e-317 2.95545 3.68393 2.92566 0.340232 1.33731 0.523599 3.084 4.27 2.92566 0 1.97626e-323 1.10115e-316 
 3.399 3.495 1.8743 4.00193e-322 2.10151e-317 2.90222 3.68265 2.92015 0.351594 1.50466 0.523599 3.034 4.268 2.92015 0 1.97626e-323 1.10115e-316 
 3.412 3.485 1.87437 4.00193e-322 2.10151e-317 2.87889 3.71406 2.8956 0.397689 1.47827 0.523599 3.025 4.296 2.8956 0 1.97626e-323 1.10115e-316 
 3.397 3.482 1.87437 4.00193e-322 2.10151e-317 2.84452 3.73486 2.87084 0.423434 1.46132 0.523599 3.005 4.313 2.87084 0 1.97626e-323 1.10115e-316 
 3.387 3.515 1.8744 4.00193e-322 2.10151e-317 2.80954 3.7337 2.86567 0.411259 1.56727 0.523599 2.973 4.311 2.86567 0 1.97626e-323 1.10115e-316 
 3.401 3.511 1.8744 4.00193e-322 2.10151e-317 2.80286 3.7586 2.86622 0.441082 1.54014 0.523599 2.966 4.336 2.86622 0 1.97626e-323 1.10115e-316 
 3.4 3.489 1.87437 4.00193e-322 2.10151e-317 2.78252 3.78842 2.86738 0.486313 1.46991 0.498272 2.945 4.366 2.86738 0 1.97626e-323 1.10115e-316 
 3.416 3.502 1.87433 4.00193e-322 2.10151e-317 2.73927 3.78365 2.87213 0.501356 1.57901 0.515729 2.899 4.362 2.87213 0 1.97626e-323 1.10115e-316 
 3.398 3.501 1.87441 4.00193e-322 2.10151e-317 2.68336 3.7687 2.89126 0.509243 1.64496 0.523599 2.832 4.35 2.89126 0 1.97626e-323 1.10115e-316 
 3.395 3.503 1.87555 4.00193e-322 2.10151e-317 2.659 3.76062 2.91294 0.512557 1.6814 0.523599 2.795 4.345 2.91294 0 1.97626e-323 1.10115e-316 
 3.395 3.502 1.91532 4.00193e-322 2.10151e-317 2.62851 3.76436 2.92236 0.545851 1.64356 0.496666 2.759 4.35 2.92236 0 1.97626e-323 1.10115e-316 
 3.32 3.439 2.01909 4.00193e-322 2.10151e-317 2.61229 3.78689 2.93392 0.605556 1.26163 0.358785 2.736 4.374 2.93392 0 1.97626e-323 1.10115e-316 
 3.314 3.475 2.15134 4.00193e-322 2.10151e-317 2.59794 3.81475 2.93503 0.637345 1.05255 0.288943 2.721 4.402 2.93503 0 1.97626e-323 1.10115e-316 
 3.304 3.514 2.267 4.00193e-322 2.10151e-317 2.58932 3.84606 2.94928 0.654393 0.852791 0.230406 2.704 4.435 2.94928 0 1.97626e-323 1.10115e-316 
 3.286 3.582 2.36981 4.00193e-322 2.10151e-317 2.56466 3.83846 2.98371 0.637161 0.830033 0.230326 2.659 4.431 2.98371 0 1.97626e-323 1.10115e-316 
 3.232 3.582 2.45563 4.00193e-322 2.10151e-317 2.56479 3.83978 3.02934 0.609899 0.607271 0.177342 2.632 4.436 3.02934 0 1.97626e-323 1.10115e-316 
 3.216 3.655 2.5303 4.00193e-322 2.10151e-317 2.5513 3.83232 3.07537 0.582734 0.663618 0.202184 2.591 4.431 3.07537 0 1.97626e-323 1.10115e-316 
 3.202 3.767 2.59222 4.00193e-322 2.10151e-317 2.54029 3.82216 3.11874 0.546721 0.867991 0.278354 2.554 4.422 3.11874 0 1.97626e-323 1.10115e-316 
 3.195 3.792 2.59989 4.00193e-322 2.10151e-317 2.51306 3.801 -3.13817 0.551075 0.985306 0.311367 2.511 4.401 -3.13817 0 1.97626e-323 1.10115e-316 
 3.187 3.767 2.6003 4.00193e-322 2.10151e-317 2.47859 3.78708 -3.12561 0.575746 0.966386 0.293409 2.469 4.387 -3.12561 0 1.97626e-323 1.10115e-316 
 3.182 3.771 2.60006 4.00193e-322 2.10151e-317 2.45028 3.79309 -3.12447 0.595204 0.970596 0.285506 2.44 4.393 -3.12447 0 1.97626e-323 1.10115e-316 
 3.194 3.791 2.59998 4.00193e-322 2.10151e-317 2.40883 3.81008 -3.12521 0.637757 0.996111 0.274067 2.399 4.41 -3.12521 0 1.97626e-323 1.10115e-316 
 3.197 3.774 2.60008 4.00193e-322 2.10151e-317 2.39261 3.80408 -3.12558 0.656444 0.976716 0.261679 2.383 4.404 -3.12558 0 1.97626e-323 1.10115e-316 
 3.2 3.77 2.60003 4.00193e-322 2.10151e-317 2.36645 3.80213 -3.12084 0.680667 0.98138 0.253921 2.354 4.402 -3.12084 0 1.97626e-323 1.10115e-316 
 3.225 3.81 2.59993 4.00193e-322 2.10151e-317 2.32607 3.79722 -3.1148 0.721487 1.09309 0.266235 2.31 4.397 -3.1148 0 1.97626e-323 1.10115e-316 
 3.217 3.792 2.59994 4.00193e-322 2.10151e-317 2.28013 3.78437 -3.10637 0.753646 1.08914 0.254489 2.259 4.384 -3.10637 0 1.97626e-323 1.10115e-316 
 3.212 3.817 2.59994 4.00193e-322 2.10151e-317 2.24056 3.77354 -3.09899 0.772332 1.16325 0.264743 2.215 4.373 -3.09899 0 1.97626e-323 1.10115e-316 
 3.226 3.816 2.59999 4.00193e-322 2.10151e-317 2.22468 3.79069 -3.09378 0.801266 1.13214 0.249049 2.196 4.39 -3.09378 0 1.97626e-323 1.10115e-316 
 3.228 3.782 2.59997 4.00193e-322 2.10151e-317 2.19827 3.79292 -3.08612 0.833907 1.06912 0.2268 2.165 4.392 -3.08612 0 1.97626e-323 1.10115e-316 
 3.204 3.806 2.59995 4.00193e-322 2.10151e-317 2.17683 3.77853 -3.07015 0.82164 1.13903 0.244537 2.134 4.377 -3.07015 0 1.97626e-323 1.10115e-316 
 3.21 3.79 2.59994 4.00193e-322 2.10151e-317 2.17445 3.77166 -3.04737 0.830819 1.12341 0.238749 2.118 4.369 -3.04737 0 1.97626e-323 1.10115e-316 
 3.21 3.816 2.60123 4.00193e-322 2.10151e-317 2.1639 3.76631 -3.03657 0.831636 1.17821 0.249691 2.101 4.363 -3.03657 0 1.97626e-323 1.10115e-316 
 3.157 3.772 2.60915 4.00193e-322 2.10151e-317 2.1585 3.76816 -3.02382 0.807081 1.07436 0.235177 2.088 4.364 -3.02382 0 1.97626e-323 1.10115e-316 
 3.118 3.791 2.64677 4.00193e-322 2.10151e-317 2.16915 3.81272 -3.01601 0.782062 0.944283 0.214009 2.094 4.408 -3.01601 0 1.97626e-323 1.10115e-316 
 2.982 3.829 2.73096 4.00193e-322 2.10151e-317 2.12873 3.80887 -3.00159 0.710049 0.855848 0.213649 2.045 4.403 -3.00159 0 1.97626e-323 1.10115e-316 
 2.915 3.878 2.83017 4.00193e-322 2.10151e-317 2.11121 3.8103 -2.96534 0.677192 0.773242 0.202707 2.006 4.401 -2.96534 0 1.97626e-323 1.10115e-316 
 2.912 3.943 2.9263 4.00193e-322 2.10151e-317 2.06596 3.77959 -2.92838 0.72183 0.803575 0.197765 1.939 4.366 -2.92838 0 1.97626e-323 1.10115e-316 
 2.694 3.926 3.0133 4.00193e-322 2.10151e-317 2.02871 3.73647 -2.89285 0.578833 0.766558 0.23401 1.881 4.318 -2.89285 0 1.97626e-323 1.10115e-316 
 2.776 4.009 3.09937 4.00193e-322 2.10151e-317 1.98703 3.66973 -2.87161 0.711882 0.883656 0.219823 1.827 4.248 -2.87161 0 1.97626e-323 1.10115e-316 
 2.707 4.008 -3.10896 4.00193e-322 2.10151e-317 1.93731 3.63681 -2.87112 0.71399 0.822665 0.204498 1.777 4.215 -2.87112 0 1.97626e-323 1.10115e-316 
 2.637 3.988 -3.09661 4.00193e-322 2.10151e-317 1.90448 3.60723 -2.8812 0.686665 0.850793 0.219433 1.75 4.187 -2.8812 0 1.97626e-323 1.10115e-316 
 2.666 4.002 -3.09628 4.00193e-322 2.10151e-317 1.91095 3.64814 -2.91645 0.700551 0.773493 0.196185 1.777 4.233 -2.91645 0 1.97626e-323 1.10115e-316 
 2.682 4.007 -3.09633 4.00193e-322 2.10151e-317 1.91613 3.69657 -2.9536 0.702041 0.670091 0.170147 1.804 4.286 -2.9536 0 1.97626e-323 1.10115e-316 
 2.655 3.996 -3.09653 4.00193e-322 2.10151e-317 1.90357 3.72928 -2.95624 0.682663 0.580926 0.151993 1.793 4.319 -2.95624 0 1.97626e-323 1.10115e-316 
 2.629 3.984 -3.09654 4.00193e-322 2.10151e-317 1.84128 3.70798 -2.94145 0.71518 0.578394 0.144558 1.722 4.296 -2.94145 0 1.97626e-323 1.10115e-316 
 2.681 4.012 -3.09645 4.00193e-322 2.10151e-317 1.77249 3.60968 -2.90525 0.83916 0.755398 0.160637 1.632 4.193 -2.90525 0 1.97626e-323 1.10115e-316 
 2.691 4.002 -3.09644 4.00193e-322 2.10151e-317 1.74564 3.58446 -2.8671 0.873094 0.757929 0.155004 1.583 4.162 -2.8671 0 1.97626e-323 1.10115e-316 
 2.679 4.013 -3.09644 4.00193e-322 2.10151e-317 1.7126 3.57245 -2.86717 0.895073 0.784472 0.156469 1.55 4.15 -2.86717 0 1.97626e-323 1.10115e-316 
 2.646 3.985 -3.09478 4.00193e-322 2.10151e-317 1.71085 3.59224 -2.86845 0.860323 0.716183 0.148736 1.549 4.17 -2.86845 0 1.97626e-323 1.10115e-316 
 2.656 3.981 -3.09398 4.00193e-322 2.10151e-317 1.72902 3.60729 -2.86817 0.850225 0.684292 0.14387 1.567 4.185 -2.86817 0 1.97626e-323 1.10115e-316 
 2.583 3.978 -3.07118 4.00193e-322 2.10151e-317 1.74743 3.63513 -2.85705 0.770465 0.640253 0.148478 1.579 4.211 -2.85705 0 1.97626e-323 1.10115e-316 
 2.451 3.943 -3.0198 4.00193e-322 2.10151e-317 1.76686 3.66186 -2.83015 0.635943 0.518348 0.145676 1.583 4.233 -2.83015 0 1.97626e-323 1.10115e-316 
 2.411 3.945 -2.95131 4.00193e-322 2.10151e-317 1.70074 3.63001 -2.79337 0.671919 0.444662 0.118562 1.496 4.194 -2.79337 0 1.97626e-323 1.10115e-316 
 2.31 3.948 -2.89889 4.00193e-322 2.10151e-317 1.60756 3.51383 -2.75258 0.705274 0.613984 0.155437 1.38 4.069 -2.75258 0 1.97626e-323 1.10115e-316 
 2.262 3.944 -2.85363 4.00193e-322 2.10151e-317 1.55706 3.45177 -2.71904 0.733004 0.639627 0.155797 1.311 3.999 -2.71904 0 1.97626e-323 1.10115e-316 
 2.149 3.886 -2.79048 4.00193e-322 2.10151e-317 1.49992 3.42382 -2.72294 0.685272 0.525905 0.13727 1.256 3.972 -2.72294 0 1.97626e-323 1.10115e-316 
 2.085 3.91 -2.75469 4.00193e-322 2.10151e-317 1.46792 3.40756 -2.75375 0.681242 0.581501 0.152454 1.241 3.963 -2.75375 0 1.97626e-323 1.10115e-316 
 2.082 3.914 -2.80812 4.00193e-322 2.10151e-317 1.45843 3.43301 -2.77435 0.67097 0.632397 0.168052 1.243 3.993 -2.77435 0 1.97626e-323 1.10115e-316 
 2.059 3.92 -2.79398 4.00193e-322 2.10151e-317 1.46655 3.46483 -2.77055 0.638261 0.594706 0.16617 1.249 4.024 -2.77055 0 1.97626e-323 1.10115e-316 
 2.073 3.904 -2.81212 4.00193e-322 2.10151e-317 1.48392 3.49764 -2.74472 0.614649 0.526335 0.152934 1.252 4.051 -2.74472 0 1.97626e-323 1.10115e-316 
 2.015 3.9 -2.82867 4.00193e-322 2.10151e-317 1.48639 3.50113 -2.70559 0.562742 0.625828 0.197567 1.233 4.045 -2.70559 0 1.97626e-323 1.10115e-316 
 1.946 3.851 -2.84005 4.00193e-322 2.10151e-317 1.42187 3.4587 -2.66196 0.555496 0.637738 0.203781 1.145 3.991 -2.66196 0 1.97626e-323 1.10115e-316 
 1.888 3.796 -2.85107 4.00193e-322 2.10151e-317 1.37641 3.42796 -2.63635 0.535464 0.617002 0.20451 1.086 3.953 -2.63635 0 1.97626e-323 1.10115e-316 
 1.848 3.792 -2.84479 4.00193e-322 2.10151e-317 1.34505 3.398 -2.6294 0.539015 0.682344 0.224038 1.051 3.921 -2.6294 0 1.97626e-323 1.10115e-316 
 1.854 3.773 -2.84311 4.00193e-322 2.10151e-317 1.32601 3.38397 -2.62948 0.556963 0.629832 0.200806 1.032 3.907 -2.62948 0 1.97626e-323 1.10115e-316 
 1.876 3.788 -2.84403 4.00193e-322 2.10151e-317 1.3091 3.37602 -2.62931 0.595978 0.629767 0.18796 1.015 3.899 -2.62931 0 1.97626e-323 1.10115e-316 
 1.851 3.772 -2.84408 4.00193e-322 2.10151e-317 1.3041 3.37102 -2.62932 0.576169 0.632642 0.195128 1.01 3.894 -2.62932 0 1.97626e-323 1.10115e-316 
 1.85 3.767 -2.84391 4.00193e-322 2.10151e-317 1.30817 3.36906 -2.62918 0.571073 0.632448 0.196766 1.014 3.892 -2.62918 0 1.97626e-323 1.10115e-316 
 1.841 3.76 -2.84395 4.00193e-322 2.10151e-317 1.3151 3.37102 -2.62931 0.555212 0.634327 0.202822 1.021 3.894 -2.62931 0 1.97626e-323 1.10115e-316 
 1.862 3.774 -2.84401 4.00193e-322 2.10151e-317 1.31107 3.37401 -2.62936 0.578977 0.624466 0.191757 1.017 3.897 -2.62936 0 1.97626e-323 1.10115e-316 
 1.844 3.762 -2.84403 4.00193e-322 2.10151e-317 1.31406 3.377 -2.62939 0.556911 0.618979 0.197454 1.02 3.9 -2.62939 0 1.97626e-323 1.10115e-316 
 1.852 3.768 -2.84404 4.00193e-322 2.10151e-317 1.31204 3.37699 -2.62942 0.567016 0.618967 0.19402 1.018 3.9 -2.62942 0 1.97626e-323 1.10115e-316 
 1.854 3.769 -2.8441 4.00193e-322 2.10151e-317 1.31202 3.37998 -2.62947 0.567872 0.611434 0.191435 1.018 3.903 -2.62947 0 1.97626e-323 1.10115e-316 
 1.865 3.786 -2.84414 4.00193e-322 2.10151e-317 1.31201 3.37897 -2.62949 0.583198 0.63816 0.194474 1.018 3.902 -2.62949 0 1.97626e-323 1.10115e-316 
 1.871 3.768 -2.8441 4.00193e-322 2.10151e-317 1.30599 3.37496 -2.62953 0.587529 0.588645 0.178424 1.012 3.898 -2.62953 0 1.97626e-323 1.10115e-316 
 1.865 3.773 -2.84413 4.00193e-322 2.10151e-317 1.31798 3.37896 -2.62954 0.573686 0.616253 0.190999 1.024 3.902 -2.62954 0 1.97626e-323 1.10115e-316 
 1.838 3.761 -2.84415 4.00193e-322 2.10151e-317 1.32697 3.38495 -2.62957 0.538699 0.625149 0.205925 1.033 3.908 -2.62957 0 1.97626e-323 1.10115e-316 
 1.853 3.774 -2.84419 4.00193e-322 2.10151e-317 1.32599 3.38396 -2.62953 0.556455 0.63568 0.202801 1.032 3.907 -2.62953 0 1.97626e-323 1.10115e-316 
 1.859 3.767 -2.84416 4.00193e-322 2.10151e-317 1.32197 3.38595 -2.62956 0.561034 0.599452 0.190006 1.028 3.909 -2.62956 0 1.97626e-323 1.10115e-316 
 1.857 3.766 -2.84413 4.00193e-322 2.10151e-317 1.33396 3.38895 -2.62957 0.548526 0.609879 0.197524 1.04 3.912 -2.62957 0 1.97626e-323 1.10115e-316 
 1.865 3.782 -2.8442 4.00193e-322 2.10151e-317 1.32293 3.38693 -2.62964 0.570167 0.62588 0.195076 1.029 3.91 -2.62964 0 1.97626e-323 1.10115e-316 
 1.878 3.768 -2.84418 4.00193e-322 2.10151e-317 1.31193 3.38193 -2.62964 0.58583 0.57092 0.173652 1.018 3.905 -2.62964 0 1.97626e-323 1.10115e-316 
 1.856 3.766 -2.84421 4.00193e-322 2.10151e-317 1.3169 3.38191 -2.62969 0.563771 0.603928 0.190484 1.023 3.905 -2.62969 0 1.97626e-323 1.10115e-316 
 1.87 3.768 -2.84425 4.00193e-322 2.10151e-317 1.31791 3.38591 -2.62968 0.573308 0.580847 0.180384 1.024 3.909 -2.62968 0 1.97626e-323 1.10115e-316 
 1.877 3.779 -2.84425 4.00193e-322 2.10151e-317 1.32891 3.38392 -2.62968 0.574904 0.617405 0.190952 1.035 3.907 -2.62968 0 1.97626e-323 1.10115e-316 
 1.869 3.781 -2.84424 4.00193e-322 2.10151e-317 1.33294 3.38793 -2.62963 0.564692 0.629853 0.198136 1.039 3.911 -2.62963 0 1.97626e-323 1.10115e-316 
 1.862 3.77 -2.84417 4.00193e-322 2.10151e-317 1.33595 3.38994 -2.6296 0.552008 0.612903 0.197258 1.042 3.913 -2.6296 0 1.97626e-323 1.10115e-316 
 1.85 3.761 -2.84411 4.00193e-322 2.10151e-317 1.32796 3.38194 -2.62958 0.548481 0.616204 0.199534 1.034 3.905 -2.62958 0 1.97626e-323 1.10115e-316 
 1.861 3.753 -2.84407 4.00193e-322 2.10151e-317 1.32997 3.38595 -2.62956 0.551196 0.573567 0.18516 1.036 3.909 -2.62956 0 1.97626e-323 1.10115e-316 
 1.864 3.755 -2.84406 4.00193e-322 2.10151e-317 1.32698 3.39395 -2.62954 0.553787 0.550169 0.176954 1.033 3.917 -2.62954 0 1.97626e-323 1.10115e-316 
 1.864 3.754 -2.84405 4.00193e-322 2.10151e-317 1.32599 3.38996 -2.62952 0.555648 0.556196 0.178265 1.032 3.913 -2.62952 0 1.97626e-323 1.10115e-316 
 1.869 3.77 -2.84402 4.00193e-322 2.10151e-317 1.33002 3.39398 -2.62947 0.560754 0.584211 0.185377 1.036 3.917 -2.62947 0 1.97626e-323 1.10115e-316 
 1.843 3.773 -2.84399 4.00193e-322 2.10151e-317 1.33705 3.39599 -2.62941 0.535075 0.634818 0.210393 1.043 3.919 -2.62941 0 1.97626e-323 1.10115e-316 
 1.844 3.756 -2.84401 4.00193e-322 2.10151e-317 1.33209 3.39202 -2.62933 0.534963 0.593512 0.197107 1.038 3.915 -2.62933 0 1.97626e-323 1.10115e-316 
 1.857 3.784 -2.84388 4.00193e-322 2.10151e-317 1.33209 3.39302 -2.62932 0.555186 0.640466 0.20474 1.038 3.916 -2.62932 0 1.97626e-323 1.10115e-316 
 1.853 3.757 -2.84381 4.00193e-322 2.10151e-317 1.33907 3.39401 -2.62936 0.536214 0.587707 0.194784 1.045 3.917 -2.62936 0 1.97626e-323 1.10115e-316 
 1.864 3.773 -2.84387 4.00193e-322 2.10151e-317 1.33306 3.392 -2.62939 0.556238 0.607543 0.194127 1.039 3.915 -2.62939 0 1.97626e-323 1.10115e-316 
 1.866 3.748 -2.84392 4.00193e-322 2.10151e-317 1.33603 3.39298 -2.62945 0.546041 0.544733 0.177675 1.042 3.916 -2.62945 0 1.97626e-323 1.10115e-316 
 1.852 3.754 -2.84396 4.00193e-322 2.10151e-317 1.34503 3.39799 -2.62944 0.528152 0.58054 0.195332 1.051 3.921 -2.62944 0 1.97626e-323 1.10115e-316 
 1.872 3.751 -2.84397 4.00193e-322 2.10151e-317 1.34207 3.395 -2.62938 0.546356 0.547352 0.178411 1.048 3.918 -2.62938 0 1.97626e-323 1.10115e-316 
 1.861 3.765 -2.84388 4.00193e-322 2.10151e-317 1.34605 3.397 -2.6294 0.538845 0.598876 0.197447 1.052 3.92 -2.6294 0 1.97626e-323 1.10115e-316 
 1.867 3.772 -2.84394 4.00193e-322 2.10151e-317 1.34008 3.39201 -2.62935 0.552691 0.611046 0.196439 1.046 3.915 -2.62935 0 1.97626e-323 1.10115e-316 
 1.875 3.77 -2.84395 4.00193e-322 2.10151e-317 1.33905 3.39099 -2.62942 0.559457 0.595643 0.189347 1.045 3.914 -2.62942 0 1.97626e-323 1.10115e-316 
 1.884 3.776 -2.84387 4.00193e-322 2.10151e-317 1.34205 3.39499 -2.62941 0.564933 0.591805 0.186374 1.048 3.918 -2.62941 0 1.97626e-323 1.10115e-316 
 1.849 3.738 -2.84387 4.00193e-322 2.10151e-317 1.33306 3.394 -2.62939 0.530953 0.536522 0.179921 1.039 3.917 -2.62939 0 1.97626e-323 1.10115e-316 
 1.879 3.786 -2.84392 4.00193e-322 2.10151e-317 1.33306 3.399 -2.62939 0.570274 0.600649 0.187364 1.039 3.922 -2.62939 0 1.97626e-323 1.10115e-316 
 1.89 3.775 -2.844 4.00193e-322 2.10151e-317 1.33806 3.396 -2.62939 0.572096 0.57317 0.17842 1.044 3.919 -2.62939 0 1.97626e-323 1.10115e-316 
 1.857 3.74 -2.84394 4.00193e-322 2.10151e-317 1.33605 3.397 -2.6294 0.534579 0.526943 0.175601 1.042 3.92 -2.6294 0 1.97626e-323 1.10115e-316 
 1.884 3.774 -2.84397 4.00193e-322 2.10151e-317 1.33003 3.39099 -2.62944 0.575156 0.579949 0.179546 1.036 3.914 -2.62944 0 1.97626e-323 1.10115e-316 
 1.882 3.79 -2.84396 4.00193e-322 2.10151e-317 1.32504 3.38899 -2.62942 0.584104 0.618251 0.188266 1.031 3.912 -2.62942 0 1.97626e-323 1.10115e-316 
 1.842 3.753 -2.84386 4.00193e-322 2.10151e-317 1.32603 3.39298 -2.62945 0.536742 0.577316 0.191241 1.032 3.916 -2.62945 0 1.97626e-323 1.10115e-316 
 1.847 3.745 -2.84379 4.00193e-322 2.10151e-317 1.33306 3.393 -2.6294 0.532245 0.55979 0.187101 1.039 3.916 -2.6294 0 1.97626e-323 1.10115e-316 
 1.862 3.766 -2.84377 4.00193e-322 2.10151e-317 1.34006 3.397 -2.6294 0.544749 0.590941 0.192837 1.046 3.92 -2.6294 0 1.97626e-323 1.10115e-316 
 1.888 3.781 -2.84377 4.00193e-322 2.10151e-317 1.33905 3.395 -2.6294 0.572297 0.593745 0.184619 1.045 3.918 -2.6294 0 1.97626e-323 1.10115e-316 
 1.875 3.769 -2.84388 4.00193e-322 2.10151e-317 1.33908 3.39801 -2.62936 0.556519 0.575985 0.184185 1.045 3.921 -2.62936 0 1.97626e-323 1.10115e-316 
 1.877 3.759 -2.84391 4.00193e-322 2.10151e-317 1.34008 3.39601 -2.62935 0.554417 0.554858 0.178232 1.046 3.919 -2.62935 0 1.97626e-323 1.10115e-316 
 1.843 3.757 -2.8439 4.00193e-322 2.10151e-317 1.34408 3.39501 -2.62934 0.523985 0.607603 0.205771 1.05 3.918 -2.62934 0 1.97626e-323 1.10115e-316 
 1.841 3.751 -2.84397 4.00193e-322 2.10151e-317 1.34306 3.398 -2.62938 0.519908 0.586226 0.20024 1.049 3.921 -2.62938 0 1.97626e-323 1.10115e-316 
 1.856 3.754 -2.84392 4.00193e-322 2.10151e-317 1.33907 3.397 -2.62938 0.536406 0.568396 0.188471 1.045 3.92 -2.62938 0 1.97626e-323 1.10115e-316 
 1.855 3.758 -2.84392 4.00193e-322 2.10151e-317 1.33404 3.39599 -2.62942 0.541409 0.575205 0.188955 1.04 3.919 -2.62942 0 1.97626e-323 1.10115e-316 
 1.847 3.751 -2.8439 4.00193e-322 2.10151e-317 1.33602 3.39798 -2.62946 0.53025 0.566913 0.190121 1.042 3.921 -2.62946 0 1.97626e-323 1.10115e-316 
 1.86 3.745 -2.84395 4.00193e-322 2.10151e-317 1.33003 3.39098 -2.62945 0.545683 0.542277 0.177004 1.036 3.914 -2.62945 0 1.97626e-323 1.10115e-316 
 1.845 3.747 -2.84398 4.00193e-322 2.10151e-317 1.33503 3.39698 -2.62945 0.528361 0.560831 0.188787 1.041 3.92 -2.62945 0 1.97626e-323 1.10115e-316 
 1.848 3.744 -2.84399 4.00193e-322 2.10151e-317 1.33504 3.38799 -2.62943 0.532894 0.57179 0.190789 1.041 3.911 -2.62943 0 1.97626e-323 1.10115e-316 
 1.834 3.759 -2.84401 4.00193e-322 2.10151e-317 1.33604 3.39099 -2.62943 0.52545 0.624469 0.210744 1.042 3.914 -2.62943 0 1.97626e-323 1.10115e-316 
 1.851 3.74 -2.844 4.00193e-322 2.10151e-317 1.33605 3.38999 -2.62942 0.532308 0.55361 0.185061 1.042 3.913 -2.62942 0 1.97626e-323 1.10115e-316 
 1.829 3.737 -2.84397 4.00193e-322 2.10151e-317 1.332 3.39297 -2.6295 0.515912 0.564387 0.194426 1.038 3.916 -2.6295 0 1.97626e-323 1.10115e-316 
 1.861 3.76 -2.84398 4.00193e-322 2.10151e-317 1.33797 3.39395 -2.62956 0.544511 0.582414 0.190202 1.044 3.917 -2.62956 0 1.97626e-323 1.10115e-316 
 1.866 3.778 -2.84403 4.00193e-322 2.10151e-317 1.36097 3.40095 -2.62955 0.534359 0.636388 0.211173 1.067 3.924 -2.62955 0 1.97626e-323 1.10115e-316 
 1.913 3.809 -2.84405 4.00193e-322 2.10151e-317 1.353 3.39397 -2.62951 0.591694 0.64646 0.194182 1.059 3.917 -2.62951 0 1.97626e-323 1.10115e-316 
