 0.107 1.427 0.00270106 0 0 6.52277 6.28677 0.945652 0 0 0 2.431 2.973 0 0 0 0 
 0.108 1.42 0.0027001 0 0 6.52377 6.29777 0.950981 4.57576 0.958266 0.0835738 2.432 2.975 0 0 0 0 
 0.092 1.43 0.00270064 0 0 6.53777 6.29377 0.940165 5 1.40423 0.111869 2.431 2.978 0 0 0 0 
 0.088 1.421 0.00368059 0 0 6.53577 6.30477 0.945582 4.59902 0.954863 0.0828591 2.428 2.979 0 0 0 0 
 0.108 1.416 0.0163435 0 0 6.50977 6.29977 0.955944 4.59902 0.954863 0.0828591 2.425 2.974 0 0 0 0 
 0.174 1.408 0.0854783 0 0 6.43977 6.29177 0.988147 4.67234 0.876427 0.0748907 2.423 2.966 0 0 0 0 
 0.207 1.405 0.116785 0 0 6.40677 6.29477 1.00663 4.69695 0.84481 0.0718217 2.423 2.966 0 0 0 0 
 0.279 1.391 0.196364 0 0 6.34477 6.31277 1.05341 4.76897 0.758687 0.0635496 2.428 2.968 0 0 0 0 
 0.372 1.402 0.279846 0 0 6.24977 6.30577 1.1029 4.78256 0.661313 0.055254 2.427 2.97 0 0 0 0 
 0.453 1.412 0.36568 0 0 6.16677 6.29177 1.14764 4.78895 0.551515 0.0460331 2.426 2.968 0 0 0 0 
 0.53 1.413 0.446072 0 0 6.09777 6.29477 1.20179 4.78708 0.447523 0.0373768 2.43 2.97 0 0 0 0 
 0.624 1.446 0.51586 0 0 6.00177 6.27177 1.25334 4.71623 0.355155 0.0301128 2.429 2.975 0 0 0 0 
 0.726 1.475 0.571991 0 0 5.90777 6.24677 1.31565 4.62352 0.285365 0.0246831 2.433 2.977 0 0 0 0 
 0.816 1.51 0.618371 0 0 5.82177 6.20777 1.36485 4.52271 0.225037 0.0199002 2.435 2.975 0 0 0 0 
 0.888 1.557 0.649571 0 0 5.74577 6.15277 1.38682 4.4152 0.180333 0.0163361 2.433 2.971 0 0 0 0 
 0.956 1.614 0.674839 0 0 5.68377 6.09977 1.39488 4.30936 0.140919 0.0130795 2.436 2.973 0 0 0 0 
 1.071 1.649 0.69711 0 0 5.58477 6.07077 1.48973 4.17952 0.13059 0.0124974 2.444 2.976 0 0 0 0 
 1.139 1.688 0.710429 0 0 5.50277 6.04777 1.55427 4.08085 0.124911 0.012243 2.437 2.984 0 0 0 0 
 1.204 1.738 0.723449 0 0 5.43777 6.00177 1.58195 3.97678 0.109929 0.0110567 2.437 2.986 0 0 0 0 
 1.274 1.792 0.737618 0 0 5.37577 5.93577 1.59305 3.86073 0.0889111 0.00921158 2.441 2.98 0 0 0 0 
 1.338 1.846 0.750457 0 0 5.30577 5.88177 1.61773 3.7486 0.0731496 0.00780537 2.438 2.98 0 0 0 0 
 1.406 1.911 0.760541 0 0 5.22177 5.81477 1.63937 3.61636 0.0611547 0.00676413 2.43 2.979 0 0 0 0 
 1.47 1.98 0.770808 0 0 5.16177 5.73977 1.62237 3.49157 0.040064 0.00458977 2.432 2.976 0 0 0 0 
 1.529 2.031 0.777416 0 0 5.11277 5.68877 1.6305 3.39345 0.0307831 0.00362851 2.437 2.976 0 0 0 0 
 1.609 2.122 0.784167 0 0 5.02477 5.59377 1.61504 3.22775 0.0158629 0.00196581 2.433 2.974 0 0 0 0 
 1.658 2.171 0.788379 0 0 4.97777 5.54677 1.61676 3.13784 0.00912954 0.0011638 2.434 2.975 0 0 0 0 
 1.72 2.237 0.793147 0 0 4.91177 5.48077 1.61467 3.01601 0.000561682 7.44933e-05 2.432 2.975 0 0 0 0 
 1.784 2.296 0.800223 0 0 4.84977 5.43177 1.63852 2.90643 -0.00601468 -0.000827775 2.433 2.98 0 0 0 0 
 1.846 2.352 0.800598 0 0 4.78377 5.37977 1.66764 2.79598 -0.000194618 -2.78426e-05 2.431 2.982 0 0 0 0 
 1.883 2.395 0.798287 0 0 4.75277 5.33277 1.6417 2.7218 -0.00200991 -0.00029538 2.434 2.98 0 0 0 0 
 1.908 2.409 0.79863 0 0 4.72377 5.31677 1.67538 2.68259 0.00483938 0.000721599 2.432 2.979 0 0 0 0 
 1.91 2.413 0.798554 0 0 4.72177 5.32077 1.68098 2.68074 0.00617917 0.00092201 2.432 2.983 0 0 0 0 
 1.911 2.412 0.798586 0 0 4.72477 5.32777 1.68908 2.68547 0.00785775 0.00117041 2.434 2.986 0 0 0 0 
 1.915 2.408 0.798634 0 0 4.71877 5.32177 1.70062 2.6799 0.0102222 0.00152576 2.433 2.981 0 0 0 0 
 1.905 2.398 0.798623 0 0 4.73877 5.33177 1.68538 2.70326 0.00700373 0.00103634 2.438 2.981 0 0 0 0 
 1.896 2.394 0.79865 0 0 4.75977 5.33777 1.65748 2.72187 0.000890219 0.000130825 2.444 2.982 0 0 0 0 
 1.892 2.396 0.798639 0 0 4.75977 5.33177 1.64176 2.71992 -0.00259648 -0.000381847 2.442 2.98 0 0 0 0 
 1.88 2.39 0.79857 0 0 4.77377 5.33577 1.62074 2.7367 -0.00726699 -0.00106215 2.443 2.979 0 0 0 0 
 1.878 2.385 0.798619 0 0 4.76577 5.33477 1.63351 2.73582 -0.00442738 -0.000647321 2.438 2.976 0 0 0 0 
 1.875 2.381 0.79862 0 0 4.75477 5.33677 1.65171 2.73497 -0.000338606 -4.95225e-05 2.431 2.975 0 0 0 0 
 1.867 2.379 0.798671 0 0 4.76677 5.33477 1.62562 2.74422 -0.00631643 -0.000920688 2.433 2.973 0 0 0 0 
 1.867 2.372 0.798646 0 0 4.78077 5.34177 1.62528 2.75734 -0.00634988 -0.000921159 2.44 2.973 0 0 0 0 
 1.865 2.372 0.798628 0 0 4.78077 5.34377 1.62524 2.75922 -0.00633044 -0.000917716 2.439 2.974 0 0 0 0 
 1.867 2.374 0.798611 0 0 4.77477 5.34177 1.63045 2.75362 -0.00511053 -0.000742373 2.437 2.974 0 0 0 0 
 1.864 2.37 0.7986 0 0 4.79177 5.33977 1.60767 2.76383 -0.0103511 -0.00149808 2.444 2.971 0 0 0 0 
 1.862 2.37 0.798623 0 0 4.79177 5.35377 1.62242 2.77139 -0.00696898 -0.00100585 2.443 2.978 0 0 0 0 
 1.862 2.369 0.798665 0 0 4.78377 5.34877 1.62759 2.76579 -0.00585421 -0.00084666 2.439 2.975 0 0 0 0 
 1.855 2.369 0.798596 0 0 4.79277 5.35277 1.61239 2.77509 -0.00924294 -0.00133227 2.44 2.977 0 0 0 0 
 1.85 2.369 0.798633 0 0 4.78577 5.35277 1.61488 2.77417 -0.00872636 -0.00125823 2.434 2.977 0 0 0 0 
 1.848 2.367 0.798637 0 0 4.78177 5.35077 1.61739 2.77324 -0.00815278 -0.00117592 2.431 2.975 0 0 0 0 
 1.852 2.364 0.798721 0 0 4.78977 5.36577 1.63467 2.78363 -0.00433737 -0.000623269 2.437 2.981 0 0 0 0 
 1.854 2.358 0.798639 0 0 4.78977 5.37177 1.65237 2.7884 -0.000223392 -3.20459e-05 2.438 2.981 0 0 0 0 
 1.853 2.357 0.798713 0 0 4.80277 5.36477 1.6269 2.79203 -0.00609271 -0.000872872 2.444 2.977 0 0 0 0 
 1.846 2.362 0.79866 0 0 4.80577 5.36377 1.60712 2.79382 -0.0105807 -0.00151487 2.442 2.979 0 0 0 0 
 1.842 2.364 0.798669 0 0 4.81377 5.35977 1.58542 2.79654 -0.0157415 -0.00225156 2.444 2.978 0 0 0 0 
 1.841 2.368 0.798719 0 0 4.80877 5.34977 1.57369 2.78806 -0.0186664 -0.00267804 2.441 2.975 0 0 0 0 
 1.839 2.37 0.798655 0 0 4.81077 5.35177 1.569 2.78992 -0.0197046 -0.00282511 2.441 2.977 0 0 0 0 
 1.839 2.366 0.798607 0 0 4.80677 5.35777 1.58546 2.79279 -0.0156267 -0.00223815 2.439 2.978 0 0 0 0 
 1.838 2.366 0.798498 0 0 4.82177 5.35177 1.55971 2.79739 -0.0217235 -0.00310625 2.446 2.975 0 0 0 0 
 1.834 2.368 0.798398 0 0 4.80977 5.34977 1.56434 2.79178 -0.0204114 -0.00292449 2.438 2.975 0 0 0 0 
 1.833 2.367 0.798375 0 0 4.81277 5.35277 1.56433 2.79553 -0.0203732 -0.0029151 2.439 2.976 0 0 0 0 
 1.838 2.369 0.798402 0 0 4.80177 5.35277 1.58077 2.78716 -0.0164096 -0.00235502 2.436 2.977 0 0 0 0 
 1.837 2.363 0.798408 0 0 4.80277 5.35877 1.59261 2.79376 -0.0135779 -0.00194403 2.436 2.977 0 0 0 0 
 1.836 2.366 0.799019 0 0 4.80377 5.35777 1.58546 2.79279 -0.0163286 -0.00233867 2.436 2.978 0 0 0 0 
 1.826 2.359 0.798352 0 0 4.79977 5.36077 1.59014 2.80031 -0.014071 -0.00200992 2.429 2.976 0 0 0 0 
 1.811 2.343 0.798811 0 0 4.81677 5.38277 1.59685 2.83314 -0.0132508 -0.00187083 2.43 2.979 0 0 0 0 
 1.789 2.322 0.798904 0 0 4.83677 5.39777 1.58934 2.86966 -0.0151924 -0.00211766 2.429 2.976 0 0 0 0 
 1.768 2.298 0.799146 0 0 4.86377 5.41577 1.58202 2.9118 -0.0173516 -0.00238362 2.432 2.973 0 0 0 0 
 1.741 2.283 0.799291 0 0 4.89077 5.43077 1.55524 2.95106 -0.0241477 -0.00327308 2.432 2.973 0 0 0 0 
 1.721 2.275 0.798933 0 0 4.90677 5.43877 1.534 2.97536 -0.0288805 -0.0038826 2.43 2.973 0 0 0 0 
 1.707 2.249 0.798704 0 0 4.91477 5.45877 1.55955 3.00732 -0.0220693 -0.0029354 2.427 2.97 0 0 0 0 
 1.691 2.228 0.798726 0 0 4.93477 5.48177 1.56802 3.04484 -0.0200148 -0.00262933 2.429 2.971 0 0 0 0 
 1.666 2.206 0.79862 0 0 4.95977 5.50977 1.56786 3.0917 -0.0198641 -0.00256998 2.429 2.974 0 0 0 0 
 1.647 2.186 0.798819 0 0 4.99277 5.53377 1.55946 3.13665 -0.0222556 -0.00283813 2.436 2.976 0 0 0 0 
 1.625 2.176 0.799197 0 0 5.01477 5.54377 1.5354 3.16654 -0.0289154 -0.0036526 2.436 2.976 0 0 0 0 
 1.593 2.148 0.79966 0 0 5.03677 5.57377 1.53965 3.21902 -0.0286071 -0.00355474 2.431 2.977 0 0 0 0 
 1.564 2.123 0.799906 0 0 5.06377 5.59877 1.53416 3.26866 -0.0303979 -0.00371991 2.43 2.977 0 0 0 0 
 1.534 2.079 0.800266 0 0 5.09977 5.63077 1.54404 3.33523 -0.0284905 -0.0034169 2.433 2.971 0 0 0 0 
 1.495 2.042 0.800689 0 0 5.12877 5.65977 1.54243 3.398 -0.0295915 -0.00348339 2.428 2.967 0 0 0 0 
 1.454 1.998 0.801608 0 0 5.16977 5.70777 1.55189 3.47954 -0.0287548 -0.00330557 2.428 2.969 0 0 0 0 
 1.417 1.963 0.802388 0 0 5.20677 5.74677 1.552 3.54886 -0.0300235 -0.003384 2.428 2.971 0 0 0 0 
 1.39 1.925 0.803274 0 0 5.23177 5.78477 1.57358 3.60894 -0.0262179 -0.00290587 2.427 2.971 0 0 0 0 
 1.354 1.876 0.803574 0 0 5.26377 5.84177 1.60759 3.6907 -0.018654 -0.00202173 2.425 2.975 0 0 0 0 
 1.294 1.814 0.804139 0 0 5.33577 5.90977 1.60415 3.81344 -0.0203778 -0.00213747 2.431 2.978 0 0 0 0 
 1.271 1.788 0.804396 0 0 5.35077 5.93177 1.61249 3.8538 -0.0188732 -0.00195892 2.427 2.976 0 0 0 0 
 1.256 1.771 0.804162 0 0 5.37577 5.94477 1.60325 3.88653 -0.0206113 -0.0021213 2.432 2.974 0 0 0 0 
 1.231 1.745 0.804388 0 0 5.39877 5.96677 1.60271 3.93151 -0.021105 -0.00214726 2.431 2.972 0 0 0 0 
 1.215 1.726 0.804385 0 0 5.41477 5.98177 1.60406 3.96245 -0.0207799 -0.00209768 2.431 2.97 0 0 0 0 
 1.197 1.707 0.804623 0 0 5.43877 5.99877 1.59854 3.99895 -0.0224545 -0.00224603 2.434 2.969 0 0 0 0 
 1.173 1.668 0.804784 0 0 5.46477 6.04177 1.62487 4.06102 -0.0166599 -0.00164095 2.435 2.971 0 0 0 0 
 1.149 1.64 0.805436 0 0 5.48477 6.07377 1.63767 5 -0.305317 -0.0244205 2.433 2.973 0 0 0 0 
 1.113 1.611 0.805689 0 0 5.52277 6.10077 1.62137 5 -0.358081 -0.0286386 2.434 2.972 0 0 0 0 
 1.055 1.59 0.805917 0 0 5.58077 6.12977 1.56806 5 0.308404 0.0246673 2.434 2.976 0 0 0 0 
 1.025 1.565 0.805566 0 0 5.60677 6.15277 1.5619 4.29664 -0.0326763 -0.00304203 2.432 2.975 0 0 0 0 
 1 1.548 0.79576 0 0 5.63577 6.16177 1.54127 4.33444 -0.0213272 -0.00196816 2.434 2.971 0 0 0 0 
 0.976 1.529 0.748849 0 0 5.65977 6.18677 1.53856 4.37617 0.0564866 0.00516306 2.434 2.974 0 0 0 0 
 0.936 1.511 0.606147 0 0 5.70777 6.21277 1.50828 5 -0.195269 -0.0156202 2.438 2.978 0 0 0 0 
 0.937 1.506 0.389636 0 0 5.70877 6.21577 1.51378 5 -0.195269 -0.0156202 2.439 2.977 0 0 0 0 
 0.949 1.602 -0.0887658 0 0 5.67277 6.10777 1.40982 3.23838 1.17334 0.143927 2.427 2.971 0 0 0 0 
 0.952 1.6 -0.12605 0 0 5.67377 6.10577 1.41103 3.23838 1.17334 0.143927 2.429 2.969 0 0 0 0 
 0.961 1.6 -0.202675 0 0 5.65477 6.10377 1.4269 3.23838 1.17334 0.143927 2.424 2.968 0 0 0 0 
 0.969 1.608 -0.253505 0 0 5.65277 6.10377 1.42794 5 0.872827 0.069713 2.427 2.972 0 0 0 0 
 0.984 1.619 -0.253641 0 0 5.64377 6.09477 1.42992 5 0.872827 0.069713 2.43 2.973 0 0 0 0 
 1.018 1.604 -0.256208 0 0 5.61977 6.10777 1.48679 2.64892 1.26903 0.189334 2.435 2.972 0 0 0 0 
 1.074 1.573 -0.311227 0 0 5.55377 6.13277 1.62034 2.36928 1.2819 0.213134 2.43 2.969 0 0 0 0 
 1.103 1.575 -0.417365 0 0 5.52477 6.13677 1.67153 2.36928 1.2819 0.213134 2.43 2.972 0 0 0 0 
 1.164 1.578 -0.563823 0 0 5.46977 6.12777 1.77057 5 2.56878 0.202681 2.433 2.969 0 0 0 0 
 1.18 1.564 -0.553954 0 0 5.44577 6.14377 1.84279 5 2.56878 0.202681 2.429 2.97 0 0 0 0 
 1.19 1.54 -0.517574 0 0 5.44577 6.17377 1.91159 5 2.56878 0.202681 2.434 2.973 0 0 0 0 
 1.221 1.542 -0.462473 0 0 5.41077 6.17977 1.99889 5 2.56878 0.202681 2.432 2.977 0 0 0 0 
 1.296 1.529 -0.311462 0 0 5.33777 6.17877 2.23707 5 2.56878 0.202681 2.433 2.97 0 0 0 0 
 1.307 1.525 -0.313003 0 0 5.33477 6.17877 2.26738 2.05167 1.28927 0.246259 2.437 2.968 0 0 0 0 
 1.326 1.512 -0.347599 0 0 5.31977 6.19377 2.37496 2.05167 1.28927 0.246259 2.439 2.969 0 0 0 0 
 1.38 1.518 -0.438325 0 0 5.25377 6.18977 2.61857 5 2.38294 0.188375 2.433 2.97 0 0 0 0 
 1.406 1.493 -0.441681 0 0 5.22377 6.21277 2.87689 5 2.38294 0.188375 2.431 2.969 0 0 0 0 
 1.42 1.481 -0.279645 0 0 5.21977 6.22877 3.00444 5 1.68551 0.134033 2.436 2.971 0 0 0 0 
 1.438 1.466 -0.107823 0 0 5.19977 6.24377 3.22461 5 1.68551 0.134033 2.435 2.971 0 0 0 0 
 1.456 1.462 -0.108697 0 0 5.17777 6.24177 3.39409 5 1.68551 0.134033 2.433 2.968 0 0 0 0 
 1.47 1.468 -0.0688408 0 0 5.15977 6.23577 3.49554 5 1.68551 0.134033 2.431 2.968 0 0 0 0 
 1.472 1.472 -0.0660211 0 0 5.15977 6.23977 3.50482 5 1.68551 0.134033 2.432 2.972 0 0 0 0 
 1.468 1.463 -0.0204386 0 0 5.17777 6.25677 3.4961 5 0.804361 0.0642603 2.439 2.976 0 0 0 0 
 1.465 1.463 -0.0205112 0 0 5.18877 6.26077 3.44671 5 1.64199 0.130611 2.443 2.978 0 0 0 0 
 1.459 1.466 -0.0204875 0 0 5.19477 6.25177 3.35437 5 1.64199 0.130611 2.443 2.975 0 0 0 0 
 1.461 1.469 -0.0204243 0 0 5.18677 6.24477 3.36364 5 1.64199 0.130611 2.44 2.973 0 0 0 0 
 1.452 1.477 -0.0204687 0 0 5.19577 6.23877 3.24563 5 1.64199 0.130611 2.44 2.974 0 0 0 0 
 1.465 1.479 -0.02051 0 0 5.18877 6.22677 3.28141 5 1.27422 0.101587 2.443 2.969 0 0 0 0 
 1.452 1.479 -0.0205515 0 0 5.19177 6.21677 3.18824 5 1.26853 0.101136 2.438 2.964 0 0 0 0 
