 0.878 0.85 0.368488 0 0 1.69667 1.12813 0.353447 0 0 0 2.723 2.661 0 0 0 0 
 0.88 0.853 0.368488 0 0 1.69597 1.13173 0.35554 0.571157 -0.0533579 -0.0373509 2.716 2.666 0 0 0 0 
 0.882 0.851 0.369609 0 0 1.69737 1.13033 0.356652 0.570906 -0.0536699 -0.0375856 2.716 2.666 0 0 0 0 
 0.884 0.848 0.374753 0 0 1.70087 1.12673 0.355116 0.571611 -0.0623413 -0.0435974 2.723 2.661 0 0 0 0 
 0.915 0.855 0.370562 0 0 1.72317 1.13133 0.355909 0.565726 -0.0555522 -0.0392584 2.725 2.66 0 0 0 0 
 0.94 0.88 0.371139 0 0 1.73917 1.15093 0.352638 0.558876 -0.0595439 -0.0425911 2.72 2.667 0 0 0 0 
 0.998 0.899 0.369124 0 0 1.77797 1.16333 0.352507 0.54546 -0.0563772 -0.0413193 2.714 2.664 0 0 0 0 
 1.065 0.923 0.366158 0 0 1.82457 1.17923 0.350752 0.530964 -0.0536475 -0.0403932 2.713 2.661 0 0 0 0 
 1.129 0.94 0.361057 0 0 1.86906 1.19173 0.353909 0.517876 -0.0431329 -0.033303 2.712 2.663 0 0 0 0 
 1.193 0.946 0.356759 0 0 1.91447 1.19683 0.362395 0.506138 -0.0284946 -0.0225154 2.714 2.666 0 0 0 0 
 1.265 0.95 0.352352 0 0 1.96637 1.19993 0.372247 0.493444 -0.0127389 -0.0103262 2.719 2.667 0 0 0 0 
 1.342 0.968 0.349048 0 0 2.02207 1.20923 0.37039 0.478218 -0.0102237 -0.00855128 2.725 2.656 0 0 0 0 
 1.401 0.979 0.346917 0 0 2.06487 1.21843 0.377166 0.467718 -0.00095217 -0.000814311 2.73 2.661 0 0 0 0 
 1.454 0.985 0.345792 0 0 2.09837 1.22324 0.387542 0.455294 0.0101802 0.00894356 2.718 2.663 0 0 0 0 
 1.499 0.995 0.345253 0 0 2.13137 1.23293 0.395085 0.44775 0.0176913 0.0158033 2.723 2.672 0 0 0 0 
 1.556 1.006 0.345129 0 0 2.17097 1.23883 0.397808 0.435757 0.0200434 0.0183966 2.722 2.666 0 0 0 0 
 1.602 1.028 0.345511 0 0 2.20287 1.25423 0.395378 0.425482 0.0171735 0.0161436 2.721 2.666 0 0 0 0 
 1.64 1.031 0.346106 0 0 2.22947 1.25934 0.407972 0.418869 0.0273801 0.0261407 2.721 2.676 0 0 0 0 
 1.672 1.05 0.34638 0 0 2.25247 1.27173 0.401728 0.411764 0.0214015 0.0207871 2.723 2.673 0 0 0 0 
 1.712 1.061 0.346632 0 0 2.28407 1.27673 0.396073 0.40517 0.0160327 0.0158268 2.735 2.664 0 0 0 0 
 1.756 1.077 0.34704 0 0 2.31547 1.28913 0.398456 0.39651 0.0174134 0.0175649 2.737 2.668 0 0 0 0 
 1.804 1.078 0.347135 0 0 2.34937 1.29103 0.411789 0.387946 0.0282393 0.0291085 2.738 2.672 0 0 0 0 
 1.844 1.083 0.347577 0 0 2.38157 1.29693 0.420403 0.383308 0.0346053 0.0360966 2.752 2.68 0 0 0 0 
 1.875 1.098 0.348293 0 0 2.41407 1.31193 0.4191 0.384247 0.0327953 0.0341265 2.788 2.695 0 0 0 0 
 1.904 1.12 0.349054 0 0 2.44277 1.33153 0.414132 0.383512 0.0278466 0.0290356 2.816 2.709 0 0 0 0 
 1.943 1.115 0.350496 0 0 2.47757 1.33463 0.435662 0.382799 0.0436364 0.0455656 2.841 2.731 0 0 0 0 
 1.975 1.118 0.352576 0 0 2.50987 1.33853 0.437391 0.383219 0.042734 0.0445757 2.874 2.737 0 0 0 0 
 2.014 1.13 0.355068 0 0 2.54437 1.34993 0.440214 0.380318 0.0420238 0.0441699 2.898 2.747 0 0 0 0 
 2.057 1.145 0.357773 0 0 2.57897 1.36163 0.440633 0.374365 0.0389988 0.0416452 2.913 2.751 0 0 0 0 
 2.108 1.155 0.361305 0 0 2.61707 1.36803 0.444754 0.365565 0.0378034 0.0413409 2.921 2.749 0 0 0 0 
 2.148 1.164 0.36515 0 0 2.64687 1.37614 0.452867 0.359088 0.03941 0.0438718 2.927 2.755 0 0 0 0 
 2.193 1.182 0.368292 0 0 2.67687 1.38874 0.455306 0.348558 0.0371938 0.0426572 2.922 2.755 0 0 0 0 
 2.235 1.194 0.371638 0 0 2.70657 1.39773 0.461092 0.34028 0.0373518 0.043879 2.923 2.757 0 0 0 0 
 2.273 1.195 0.375575 0 0 2.73317 1.39784 0.471743 0.333087 0.0403242 0.0483871 2.923 2.755 0 0 0 0 
 2.306 1.197 0.37934 0 0 2.75477 1.39834 0.481382 0.325754 0.0425578 0.0522101 2.918 2.752 0 0 0 0 
 2.344 1.199 0.383038 0 0 2.78197 1.40003 0.49423 0.319103 0.0468572 0.0586687 2.92 2.753 0 0 0 0 
 2.366 1.22 0.386951 0 0 2.80127 1.41563 0.482391 0.316116 0.034908 0.0441424 2.933 2.756 0 0 0 0 
 2.384 1.237 0.39072 0 0 2.82287 1.42693 0.461998 0.31689 0.0174796 0.0220603 2.963 2.754 0 0 0 0 
 2.407 1.235 0.393881 0 0 2.85517 1.42194 0.443113 0.321824 0.00128427 0.00159624 3.017 2.742 0 0 0 0 
 2.443 1.236 0.39553 0 0 2.89387 1.41783 0.426692 0.322178 -0.0121389 -0.0150699 3.062 2.726 0 0 0 0 
 2.465 1.251 0.396184 0 0 2.92726 1.42624 0.398345 0.327495 -0.0340943 -0.0416184 3.122 2.719 0 0 0 0 
 2.498 1.255 0.397013 0 0 2.96716 1.43173 0.395592 0.332097 -0.0373597 -0.0449683 3.178 2.728 0 0 0 0 
 2.541 1.258 0.397791 0 0 3.01106 1.43713 0.400672 0.333245 -0.0343276 -0.0411808 3.224 2.739 0 0 0 0 
 2.584 1.269 0.398049 0 0 3.05227 1.44663 0.398656 0.331761 -0.0360363 -0.0434211 3.261 2.745 0 0 0 0 
 2.608 1.289 0.397654 0 0 3.07837 1.45943 0.379084 0.331249 -0.0507768 -0.061239 3.292 2.741 0 0 0 0 
 2.639 1.292 0.397818 0 0 3.10727 1.46153 0.378744 0.329733 -0.0510601 -0.0618621 3.316 2.741 0 0 0 0 
 2.673 1.302 0.396099 0 0 3.14247 1.47123 0.376956 0.330417 -0.0507884 -0.0614067 3.354 2.75 0 0 0 0 
 2.712 1.311 0.394461 0 0 3.18267 1.47573 0.365034 0.330063 -0.0585268 -0.0708094 3.397 2.744 0 0 0 0 
 2.748 1.332 0.392439 0 0 3.21926 1.48833 0.344464 0.328409 -0.0728442 -0.0884921 3.435 2.737 0 0 0 0 
 2.784 1.336 0.38984 0 0 3.25316 1.49503 0.352583 0.327815 -0.0635604 -0.0774015 3.464 2.75 0 0 0 0 
 2.82 1.351 0.386126 0 0 3.28407 1.50973 0.356049 0.324652 -0.0566684 -0.0697073 3.483 2.764 0 0 0 0 
 2.86 1.36 0.381482 0 0 3.31687 1.52473 0.377061 0.321713 -0.0352716 -0.0438266 3.499 2.793 0 0 0 0 
 2.892 1.36 0.376767 0 0 3.34167 1.52893 0.394424 0.318316 -0.0171981 -0.021608 3.507 2.807 0 0 0 0 
 2.913 1.357 0.373014 0 0 3.35817 1.52653 0.400383 0.315694 -0.00898572 -0.0113849 3.513 2.806 0 0 0 0 
 2.941 1.365 0.370498 0 0 3.37957 1.53213 0.400683 0.311045 -0.00622765 -0.0080085 3.519 2.806 0 0 0 0 
 2.975 1.371 0.368897 0 0 3.39946 1.53753 0.413794 0.302188 0.00476644 0.00630916 3.506 2.81 0 0 0 0 
 3.003 1.368 0.367712 0 0 3.41787 1.53513 0.426175 0.296398 0.0143917 0.0194196 3.502 2.809 0 0 0 0 
 3.05 1.39 0.36653 0 0 3.45167 1.54903 0.418015 0.286298 0.00964176 0.0134701 3.505 2.804 0 0 0 0 
 3.09 1.403 0.366061 0 0 3.47787 1.56023 0.429156 0.277336 0.0171869 0.0247834 3.499 2.811 0 0 0 0 
 3.115 1.404 0.366056 0 0 3.49507 1.56094 0.438103 0.272446 0.0227173 0.0333408 3.498 2.811 0 0 0 0 
 3.149 1.41 0.365772 0 0 3.51886 1.56453 0.443954 0.265568 0.0262082 0.0394544 3.498 2.809 0 0 0 0 
 3.163 1.41 0.365156 0 0 3.52807 1.56453 0.450546 0.2626 0.0305811 0.0465485 3.496 2.809 0 0 0 0 
 3.184 1.414 0.365331 0 0 3.54457 1.56973 0.460946 0.260114 0.0364938 0.056061 3.502 2.817 0 0 0 0 
 3.217 1.419 0.36611 0 0 3.56767 1.57593 0.480019 0.254308 0.0463395 0.0727585 3.502 2.826 0 0 0 0 
 3.233 1.433 0.36701 0 0 3.57677 1.58723 0.481408 0.249407 0.0457214 0.0731971 3.495 2.831 0 0 0 0 
 3.255 1.437 0.368205 0 0 3.59457 1.58883 0.479539 0.246246 0.0432585 0.0701533 3.503 2.827 0 0 0 0 
 3.265 1.443 0.369611 0 0 3.60307 1.59843 0.495173 0.246223 0.0507731 0.0822968 3.508 2.845 0 0 0 0 
 3.297 1.464 0.371414 0 0 3.62487 1.62063 0.517744 0.240275 0.0603935 0.100204 3.506 2.87 0 0 0 0 
 3.326 1.479 0.374463 0 0 3.64907 1.63323 0.517325 0.236772 0.0570637 0.0961058 3.519 2.877 0 0 0 0 
 3.344 1.486 0.378514 0 0 3.66257 1.63933 0.522303 0.233842 0.0558452 0.0952376 3.522 2.881 0 0 0 0 
 3.363 1.484 0.382235 0 0 3.68126 1.64513 0.5545 0.235701 0.0693161 0.117096 3.54 2.905 0 0 0 0 
 3.383 1.494 0.38625 0 0 3.69767 1.66413 0.600362 0.235916 0.0878878 0.147927 3.548 2.945 0 0 0 0 
 3.394 1.497 0.39145 0 0 3.70657 1.68093 0.667341 0.238426 0.11389 0.188793 3.552 2.994 0 0 0 0 
 3.418 1.499 0.398194 0 0 3.72157 1.69493 0.753044 0.236467 0.141341 0.234682 3.546 3.036 0 0 0 0 
 3.447 1.489 0.409664 0 0 3.74217 1.69543 0.841243 0.234798 0.161558 0.268579 3.547 3.061 0 0 0 0 
 3.482 1.5 0.424216 0 0 3.76637 1.71123 0.918293 0.230347 0.170618 0.28804 3.546 3.088 0 0 0 0 
 3.524 1.509 0.440866 0 0 3.79696 1.72083 0.981479 0.224482 0.170862 0.29554 3.55 3.099 0 0 0 0 
 3.548 1.507 0.458741 0 0 3.81497 1.71943 1.0209 0.221877 0.164866 0.288905 3.554 3.099 0 0 0 0 
 3.564 1.525 0.476015 0 0 3.82466 1.73203 1.01788 0.217144 0.148127 0.266379 3.549 3.099 0 0 0 0 
 3.593 1.532 0.492877 0 0 3.84346 1.73693 1.06789 0.211169 0.143224 0.264921 3.544 3.099 0 0 0 0 
 3.619 1.542 0.507409 0 0 3.86287 1.74154 1.06789 0.20606 0.129791 0.246811 3.548 3.091 0 0 0 0 
 3.632 1.554 0.52175 0 0 3.87347 1.75023 1.05612 0.20399 0.115864 0.223403 3.553 3.092 0 0 0 0 
 3.652 1.566 0.534762 0 0 3.88627 1.75983 1.08778 0.199447 0.110827 0.218714 3.549 3.096 0 0 0 0 
 3.674 1.586 0.54597 0 0 3.90197 1.77293 1.07175 0.193752 0.0974078 0.198451 3.55 3.093 0 0 0 0 
 3.696 1.608 0.557109 0 0 3.91917 1.78803 1.04361 0.18884 0.0823787 0.172755 3.556 3.092 0 0 0 0 
 3.714 1.611 0.565858 0 0 3.92847 1.78773 1.0805 0.182989 0.0814315 0.176158 3.545 3.084 0 0 0 0 
 3.718 1.614 0.573821 0 0 3.93217 1.78953 1.07091 0.18253 0.0742293 0.161256 3.548 3.083 0 0 0 0 
 3.728 1.617 0.581558 0 0 3.94127 1.79163 1.06927 0.181832 0.0685955 0.149768 3.555 3.083 0 0 0 0 
 3.751 1.618 0.588545 0 0 3.95647 1.79113 1.1216 0.177123 0.0717298 0.160594 3.552 3.079 0 0 0 0 
 3.766 1.632 0.595753 0 0 3.96577 1.80153 1.13529 0.172778 0.0679524 0.156038 3.548 3.081 0 0 0 0 
 3.785 1.645 0.602843 0 0 3.97757 1.81003 1.15461 0.167271 0.0647835 0.153697 3.543 3.079 0 0 0 0 
 3.801 1.659 0.609195 0 0 3.98937 1.81923 1.13985 0.163249 0.0574366 0.139816 3.545 3.077 0 0 0 0 
 3.82 1.673 0.615974 0 0 4.00207 1.82963 1.16232 0.158557 0.0553545 0.138748 3.543 3.079 0 0 0 0 
 3.847 1.677 0.621317 0 0 4.02066 1.83453 1.27875 0.154496 0.0662401 0.169848 3.542 3.086 0 0 0 0 
 3.859 1.662 0.626851 0 0 4.03057 1.82253 1.35697 0.154656 0.0720447 0.184223 3.547 3.081 0 0 0 0 
 3.875 1.668 0.633981 0 0 4.04477 1.82703 1.36006 0.153222 0.0677202 0.174982 3.557 3.082 0 0 0 0 
 3.892 1.676 0.641573 0 0 4.05607 1.83263 1.4124 0.149376 0.0673348 0.178393 3.555 3.082 0 0 0 0 
 3.909 1.69 0.648377 0 0 4.06887 1.84634 1.48427 0.147165 0.0693774 0.186382 3.558 3.095 0 0 0 0 
 3.927 1.701 0.654898 0 0 4.08357 1.86243 1.66942 0.147659 0.0807181 0.215273 3.565 3.123 0 0 0 0 
 3.95 1.712 0.662146 0 0 4.10087 1.87943 2.01349 0.147365 0.0970929 0.257684 3.569 3.154 0 0 0 0 
 3.972 1.723 0.670422 0 0 4.11926 1.90333 2.77186 0.151189 0.122528 0.313482 3.579 3.208 0 0 0 0 
 3.983 1.737 0.680865 0 0 4.13387 1.92753 3.1451 0.157694 0.12971 0.317863 3.602 3.256 0 0 0 0 
 3.991 1.74 0.693193 0 0 4.14517 1.94343 3.89673 0.165355 0.1405 0.327627 3.621 3.302 0 0 0 0 
 4.004 1.741 0.706784 0 0 4.15997 1.95343 4.72113 0.170688 0.14523 0.328044 3.64 3.333 0 0 0 0 
 4.01 1.75 0.72077 0 0 4.16657 1.96783 5.5124 0.17389 0.144905 0.321744 3.648 3.36 0 0 0 0 
 4.021 1.77 0.735357 0 0 4.17546 1.98663 5.88516 0.172821 0.137149 0.307375 3.652 3.376 0 0 0 0 
 4.03 1.775 0.7498 0 0 4.18237 1.99013 6.24319 0.171585 0.129093 0.292321 3.654 3.376 0 0 0 0 
 4.042 1.782 0.763472 0 0 4.19016 1.99413 7.14529 0.168618 0.122748 0.28335 3.652 3.373 0 0 0 0 
 4.045 1.794 0.776645 0 0 4.19197 2.00284 6.62501 0.166862 0.111229 0.260574 3.651 3.374 0 0 0 0 
 4.061 1.809 0.78891 0 0 4.20556 2.01543 6.95397 0.164925 0.104011 0.247106 3.659 3.381 0 0 0 0 
 4.066 1.814 0.800045 0 0 4.21027 2.01773 6.25343 0.163744 0.0933809 0.224277 3.663 3.377 0 0 0 0 
 4.088 1.833 0.810277 0 0 4.22656 2.02953 6.50917 0.157892 0.0857489 0.213911 3.666 3.372 0 0 0 0 
 4.107 1.844 0.819279 0 0 4.23866 2.03663 9.24666 0.153088 0.0867564 0.222917 3.662 3.37 0 0 0 0 
 4.119 1.856 0.827611 0 0 4.24587 2.04353 10.7715 0.148614 0.0826232 0.218823 3.658 3.365 0 0 0 0 
 4.137 1.866 0.836882 0 0 4.25757 2.05144 30.5263 0.144999 0.0858873 0.232642 3.655 3.368 0 0 0 0 
 4.145 1.874 0.84516 0 0 4.26257 2.05643 52.5752 0.142359 0.0822594 0.227144 3.653 3.366 0 0 0 0 
 4.156 1.898 0.853873 0 0 4.27057 2.07113 16.7702 0.136528 0.0684702 0.197976 3.654 3.359 0 0 0 0 
 4.158 1.919 0.861762 0 0 4.27227 2.08463 8.20845 0.132709 0.0529887 0.158377 3.655 3.355 0 0 0 0 
 4.171 1.915 0.867952 0 0 4.28137 2.08033 13.7266 0.130983 0.0569587 0.172219 3.655 3.35 0 0 0 0 
 4.189 1.91 0.872898 0 0 4.29157 2.07593 -21.2362 0.12809 0.0706945 0.21728 3.647 3.347 0 0 0 0 
 4.191 1.922 0.878982 0 0 4.29087 2.08433 -18.248 0.125208 0.067384 0.212035 3.64 3.347 0 0 0 0 
 4.197 1.93 0.886266 0 0 4.28907 2.08903 -6.33241 0.120398 0.0742663 0.241904 3.62 3.344 0 0 0 0 
 4.203 1.931 0.893234 0 0 4.28877 2.09003 -3.43215 0.117956 0.0837216 0.276628 3.605 3.345 0 0 0 0 
 4.209 1.931 0.900841 0 0 4.28877 2.09063 -2.17747 0.116011 0.0933771 0.311481 3.591 3.347 0 0 0 0 
 4.229 1.944 0.909346 0 0 4.29977 2.10123 -1.31235 0.111356 0.104417 0.358837 3.581 3.352 0 0 0 0 
 4.238 1.96 0.918924 0 0 4.30517 2.11333 -1.15836 0.108091 0.101906 0.360622 3.578 3.355 0 0 0 0 
 4.252 1.968 0.929377 0 0 4.31286 2.11803 -0.802976 0.104131 0.105845 0.386168 3.571 3.352 0 0 0 0 
 4.263 1.981 0.939253 0 0 4.32027 2.12623 -0.692098 0.100397 0.102416 0.387424 3.57 3.349 0 0 0 0 
 4.275 1.998 0.94964 0 0 4.32927 2.13783 -0.633521 0.0965632 0.0968981 0.381702 3.572 3.348 0 0 0 0 
 4.284 2.014 0.959638 0 0 4.33586 2.14963 -0.581148 0.0935868 0.0922341 0.375512 3.573 3.35 0 0 0 0 
 4.284 2.039 0.969323 0 0 4.33557 2.16893 -0.716583 0.0905267 0.0811547 0.344306 3.572 3.356 0 0 0 0 
 4.292 2.064 0.978728 0 0 4.34116 2.18853 -0.696834 0.0868324 0.0753979 0.334291 3.572 3.363 0 0 0 0 
 4.296 2.071 0.986454 0 0 4.34367 2.19134 -0.70939 0.0840845 0.0701333 0.322019 3.571 3.356 0 0 0 0 
 4.302 2.079 0.993734 0 0 4.34757 2.19633 -0.636016 0.0817773 0.068182 0.321901 3.57 3.354 0 0 0 0 
 4.306 2.089 1.00065 0 0 4.35007 2.20183 -0.656518 0.0788271 0.063036 0.309585 3.569 3.349 0 0 0 0 
 4.318 2.093 1.0073 0 0 4.35816 2.20313 -0.422248 0.0760475 0.06603 0.334276 3.568 3.344 0 0 0 0 
 4.315 2.092 1.01377 0 0 4.35517 2.20423 -0.361915 0.0773373 0.0669256 0.33324 3.565 3.35 0 0 0 0 
 4.317 2.093 1.02028 0 0 4.35776 2.20523 -0.409161 0.0776404 0.063539 0.316356 3.569 3.351 0 0 0 0 
 4.313 2.097 1.02699 0 0 4.35707 2.20683 -0.758667 0.0774744 0.0506929 0.255985 3.576 3.347 0 0 0 0 
 4.308 2.101 1.03309 0 0 4.35717 2.20814 -1.436 0.077704 0.0335192 0.170866 3.588 3.342 0 0 0 0 
 4.316 2.103 1.03796 0 0 4.36457 2.20893 -1.42925 0.0768537 0.0317845 0.163944 3.594 3.34 0 0 0 0 
 4.323 2.104 1.04102 0 0 4.36707 2.21324 -0.780353 0.0772876 0.0455496 0.231514 3.586 3.352 0 0 0 0 
 4.329 2.112 1.04427 0 0 4.37157 2.21973 -0.6997 0.0759664 0.0460425 0.237847 3.587 3.355 0 0 0 0 
 4.337 2.111 1.04904 0 0 4.37837 2.21874 -0.595499 0.0756274 0.0473698 0.24549 3.591 3.354 0 0 0 0 
 4.339 2.126 1.05428 0 0 4.37827 2.22863 -0.582813 0.0720532 0.0440961 0.240076 3.586 3.352 0 0 0 0 
 4.356 2.125 1.05922 0 0 4.38987 2.22733 -0.120326 0.0702108 0.0549173 0.303223 3.585 3.35 0 0 0 0 
 4.36 2.127 1.06378 0 0 4.39417 2.22904 -0.156312 0.0701879 0.0525403 0.290931 3.59 3.351 0 0 0 0 
 4.368 2.126 1.06882 0 0 4.39947 2.22683 0.0631579 0.0687047 0.0559745 0.315032 3.589 3.346 0 0 0 0 
 4.372 2.135 1.07413 0 0 4.40377 2.23223 -0.0806972 0.0667549 0.049305 0.287267 3.594 3.343 0 0 0 0 
 4.378 2.142 1.0795 0 0 4.40526 2.23653 0.337679 0.0638516 0.0552264 0.333078 3.585 3.341 0 0 0 0 
 4.386 2.156 1.08438 0 0 4.40937 2.24693 0.932234 0.060611 0.0588858 0.370653 3.58 3.343 0 0 0 0 
 4.388 2.148 1.09026 0 0 4.41107 2.24193 1.34371 0.0623762 0.0617854 0.377236 3.581 3.345 0 0 0 0 
 4.393 2.15 1.09603 0 0 4.41517 2.24244 1.66042 0.0613023 0.0606969 0.377096 3.583 3.342 0 0 0 0 
 4.393 2.149 1.10257 0 0 4.41517 2.24083 1.56308 0.0610362 0.0583569 0.365279 3.583 3.339 0 0 0 0 
 4.391 2.152 1.10876 0 0 4.41256 2.24293 1.84967 0.0604091 0.0572216 0.36218 3.579 3.339 0 0 0 0 
 4.38 2.148 1.11455 0 0 4.40367 2.24073 0.983456 0.0621604 0.0527702 0.327357 3.575 3.341 0 0 0 0 
 4.378 2.149 1.12002 0 0 4.40226 2.24203 0.829561 0.0625757 0.0502706 0.31092 3.575 3.343 0 0 0 0 
 4.383 2.16 1.1252 0 0 4.40636 2.24944 0.81885 0.0602202 0.047074 0.303048 3.577 3.342 0 0 0 0 
 4.378 2.161 1.12994 0 0 4.40256 2.24923 0.483411 0.0598812 0.0416216 0.271179 3.576 3.339 0 0 0 0 
 4.378 2.162 1.1349 0 0 4.40256 2.24963 0.453626 0.0595666 0.0397425 0.2608 3.576 3.338 0 0 0 0 
 4.382 2.166 1.13915 0 0 4.40537 2.25183 0.588681 0.058191 0.0396745 0.266245 3.576 3.336 0 0 0 0 
 4.389 2.175 1.14303 0 0 4.41146 2.25873 0.663421 0.0567123 0.0386676 0.266253 3.58 3.338 0 0 0 0 
 4.394 2.186 1.14729 0 0 4.41557 2.26944 0.890242 0.0563277 0.0395812 0.274008 3.582 3.348 0 0 0 0 
 4.4 2.195 1.15134 0 0 4.42007 2.27693 1.37466 0.0550562 0.0407539 0.287865 3.583 3.352 0 0 0 0 
 4.395 2.206 1.15579 0 0 4.41807 2.28434 0.260318 0.053695 0.02842 0.208633 3.588 3.351 0 0 0 0 
 4.397 2.215 1.1599 0 0 4.42216 2.28973 -0.173512 0.0520789 0.0184222 0.140562 3.597 3.348 0 0 0 0 
 4.398 2.219 1.16216 0 0 4.42226 2.29344 -0.0741599 0.0516709 0.0198672 0.152602 3.595 3.351 0 0 0 0 
 4.404 2.23 1.16409 0 0 4.42886 2.30233 -0.236777 0.0505552 0.0157211 0.123752 3.603 3.355 0 0 0 0 
 4.403 2.246 1.16594 0 0 4.42756 2.31293 -0.442736 0.0471905 0.0103323 0.087357 3.601 3.353 0 0 0 0 
 4.404 2.261 1.16754 0 0 4.42676 2.32433 -0.375814 0.044532 0.0107116 0.0959192 3.596 3.356 0 0 0 0 
 4.408 2.264 1.1689 0 0 4.42897 2.32583 -0.194566 0.0431558 0.0134049 0.123613 3.594 3.354 0 0 0 0 
 4.41 2.267 1.17005 0 0 4.43066 2.32793 -0.195331 0.0425324 0.0130032 0.121685 3.595 3.354 0 0 0 0 
 4.409 2.264 1.1714 0 0 4.43116 2.32403 -0.46232 0.0423708 0.00801867 0.0755558 3.599 3.348 0 0 0 0 
 4.412 2.258 1.17258 0 0 4.43237 2.32133 -0.03161 0.0439314 0.0158461 0.143292 3.596 3.353 0 0 0 0 
 4.41 2.256 1.17366 0 0 4.43246 2.31993 -0.304553 0.044837 0.0109739 0.0975896 3.601 3.353 0 0 0 0 
 4.414 2.254 1.17502 0 0 4.43407 2.31853 0.07484 0.0445992 0.0174167 0.154954 3.597 3.353 0 0 0 0 
 4.42 2.251 1.17609 0 0 4.43977 2.31403 0.0476614 0.0436087 0.0164147 0.149441 3.602 3.345 0 0 0 0 
 4.424 2.254 1.17772 0 0 4.44106 2.31763 0.665744 0.0433048 0.0235861 0.21451 3.597 3.35 0 0 0 0 
 4.433 2.259 1.17947 0 0 4.44407 2.32174 -0.704172 0.0412697 0.0375941 0.349423 3.586 3.352 0 0 0 0 
 4.429 2.258 1.18204 0 0 4.44277 2.32073 6.40616 0.0419578 0.0302802 0.281032 3.591 3.351 0 0 0 0 
 4.427 2.26 1.18584 0 0 4.44137 2.32453 4.47408 0.0432397 0.0299135 0.269967 3.591 3.359 0 0 0 0 
 4.419 2.261 1.18921 0 0 4.43667 2.32493 0.517695 0.0436962 0.0203018 0.183749 3.594 3.358 0 0 0 0 
 4.42 2.262 1.19194 0 0 4.43767 2.32654 0.561548 0.044079 0.0204101 0.183138 3.595 3.361 0 0 0 0 
 4.42 2.265 1.19375 0 0 4.43947 2.32834 0.112655 0.0437819 0.0142946 0.129863 3.601 3.36 0 0 0 0 
 4.425 2.272 1.19558 0 0 4.44147 2.33684 1.02175 0.0439934 0.0231061 0.207075 3.596 3.372 0 0 0 0 
 4.425 2.277 1.1971 0 0 4.43997 2.33763 1.28686 0.0410467 0.0225176 0.216011 3.591 3.363 0 0 0 0 
 4.426 2.287 1.19958 0 0 4.44157 2.34253 0.454192 0.0380474 0.0155257 0.161799 3.594 3.356 0 0 0 0 
 4.424 2.294 1.20152 0 0 4.44136 2.34473 -0.223552 0.0355128 0.00584354 0.0657241 3.598 3.347 0 0 0 0 
 4.431 2.3 1.2027 0 0 4.44837 2.34653 -0.497664 0.0329165 0.00150232 0.0182541 3.605 3.339 0 0 0 0 
 4.435 2.3 1.20327 0 0 4.45207 2.34593 -0.482861 0.0324742 0.00160269 0.0197385 3.608 3.337 0 0 0 0 
 4.429 2.297 1.20358 0 0 4.44696 2.34293 -0.66189 0.0326884 -0.000762468 -0.00932985 3.605 3.334 0 0 0 0 
 4.42 2.298 1.204 0 0 4.44127 2.34484 -1.36681 0.0340313 -0.00843851 -0.0988618 3.607 3.338 0 0 0 0 
 4.42 2.292 1.20391 0 0 4.44187 2.34033 -1.34364 0.0351021 -0.00847809 -0.0963117 3.609 3.337 0 0 0 0 
 4.418 2.291 1.20391 0 0 4.44257 2.33903 -2.4704 0.0355631 -0.015725 -0.175058 3.616 3.335 0 0 0 0 
 4.414 2.296 1.20385 0 0 4.44037 2.34343 -4.30257 0.0356253 -0.020944 -0.230962 3.618 3.338 0 0 0 0 
 4.417 2.298 1.20358 0 0 4.44126 2.34453 -2.76548 0.0345657 -0.0164046 -0.187604 3.614 3.337 0 0 0 0 
 4.423 2.3 1.20326 0 0 4.44486 2.34593 -1.70658 0.0336203 -0.0107782 -0.127538 3.612 3.337 0 0 0 0 
 4.427 2.302 1.20314 0 0 4.44767 2.34764 -1.35008 0.0331478 -0.00796748 -0.0958504 3.612 3.338 0 0 0 0 
 4.431 2.303 1.20346 0 0 4.45137 2.34833 -1.30099 0.03289 -0.00753735 -0.0914119 3.615 3.338 0 0 0 0 
 4.438 2.305 1.20329 0 0 4.45687 2.34913 -1.03394 0.0317901 -0.00483929 -0.0608155 3.617 3.336 0 0 0 0 
 4.444 2.312 1.20331 0 0 4.46016 2.35373 -0.62668 0.0296622 -0.000254117 -0.00342681 3.614 3.335 0 0 0 0 
 4.45 2.324 1.20335 0 0 4.46526 2.36153 -0.813177 0.0268503 -0.00211952 -0.0315649 3.617 3.333 0 0 0 0 
 4.45 2.322 1.20325 0 0 4.46556 2.36193 -0.649358 0.028406 -0.000488494 -0.00687863 3.618 3.339 0 0 0 0 
 4.445 2.32 1.20329 0 0 4.46207 2.35963 -1.06958 0.0285782 -0.00467868 -0.0653927 3.618 3.336 0 0 0 0 
 4.443 2.33 1.20343 0 0 4.46186 2.36813 -2.06666 0.0280813 -0.0108604 -0.153483 3.622 3.341 0 0 0 0 
 4.437 2.333 1.20327 0 0 4.45586 2.36963 -2.56947 0.0271549 -0.0123502 -0.179954 3.616 3.339 0 0 0 0 
 4.437 2.336 1.20314 0 0 4.45136 2.37263 -0.671473 0.0260793 -0.000660794 -0.0101348 3.601 3.342 0 0 0 0 
 4.447 2.341 1.20315 0 0 4.44517 2.37884 4.97396 0.0230107 0.0427233 0.523599 3.557 3.351 0 0 0 0 
 4.451 2.347 1.20353 0 0 4.43687 2.38543 0.449526 0.0205607 0.0754701 0.523599 3.52 3.359 0 0 0 0 
 4.46 2.344 1.20432 0 0 4.43447 2.38544 19.2593 0.0198822 0.108194 0.523599 3.491 3.366 0 0 0 0 
 4.476 2.34 1.20662 0 0 4.43456 2.38863 -2.38496 0.0209849 0.156459 0.523599 3.454 3.386 0 0 0 0 
 4.484 2.339 1.21583 0 0 4.42667 2.39333 -1.39153 0.021644 0.202509 0.523599 3.409 3.404 0 0 0 0 
 4.491 2.339 1.23176 0 0 4.41897 2.40593 -1.33864 0.0276211 0.249778 0.523599 3.367 3.446 0 0 0 0 
 4.488 2.334 1.25347 0 0 4.40186 2.41204 -1.2757 0.0336141 0.292071 0.523599 3.317 3.478 0 0 0 0 
 4.489 2.329 1.27924 0 0 4.38936 2.41753 -1.23106 0.0401682 0.330051 0.523599 3.273 3.508 0 0 0 0 
 4.487 2.322 1.30929 0 0 4.37897 2.42703 -1.46621 0.052187 0.354759 0.523599 3.243 3.556 0 0 0 0 
 4.485 2.33 1.343 0 0 4.37187 2.44043 -1.47857 0.0579955 0.362457 0.523599 3.224 3.582 0 0 0 0 
 4.492 2.336 1.37942 0 0 4.37617 2.44553 -1.38549 0.0602559 0.36012 0.523599 3.222 3.585 0 0 0 0 
 4.502 2.344 1.41591 0 0 4.38166 2.45414 -1.30037 0.0634655 0.362535 0.523599 3.217 3.595 0 0 0 0 
 4.503 2.345 1.4522 0 0 4.38056 2.45603 -1.27815 0.0670486 0.358242 0.523599 3.211 3.599 0 0 0 0 
 4.492 2.337 1.48999 0 0 4.37107 2.45193 -1.39953 0.0727637 0.343537 0.523599 3.205 3.604 0 0 0 0 
 4.486 2.326 1.52618 0 0 4.36567 2.44513 -1.52377 0.0784011 0.330546 0.523599 3.201 3.607 0 0 0 0 
 4.476 2.312 1.5609 0 0 4.35716 2.43323 -1.62885 0.0823728 0.315024 0.523599 3.196 3.6 0 0 0 0 
 4.481 2.323 1.59544 0 0 4.36067 2.44303 -1.5489 0.0841746 0.307507 0.523599 3.196 3.607 0 0 0 0 
 4.488 2.338 1.62967 0 0 4.36557 2.45413 -1.39409 0.0842018 0.302439 0.523599 3.196 3.609 0 0 0 0 
 4.496 2.333 1.66356 0 0 4.37386 2.45003 -1.42303 0.0871129 0.289627 0.523599 3.205 3.607 0 0 0 0 
 4.524 2.338 1.6943 0 0 4.39197 2.45264 -1.18104 0.0888251 0.305007 0.523599 3.2 3.604 0 0 0 0 
 4.531 2.361 1.72556 0 0 4.39687 2.46663 -1.00427 0.0855037 0.304285 0.523599 3.2 3.597 0 0 0 0 
 4.535 2.402 1.7579 0 0 4.40026 2.49443 -0.818718 0.079396 0.303323 0.523599 3.202 3.594 0 0 0 0 
 4.541 2.431 1.78934 0 0 4.40657 2.51353 -0.7048 0.0752366 0.299704 0.523599 3.209 3.59 0 0 0 0 
 4.556 2.46 1.82038 0 0 4.41827 2.53473 -0.602969 0.0731428 0.304669 0.523599 3.213 3.593 0 0 0 0 
 4.559 2.476 1.85119 0 0 4.42127 2.54444 -0.542232 0.0713776 0.301007 0.523599 3.216 3.588 0 0 0 0 
 4.556 2.488 1.88273 0 0 4.42037 2.55193 -0.509697 0.0702783 0.290928 0.523599 3.22 3.585 0 0 0 0 
 4.548 2.491 1.91337 0 0 4.41266 2.55463 -0.508222 0.0720686 0.281565 0.523599 3.213 3.587 0 0 0 0 
 4.534 2.509 1.94286 0 0 4.40316 2.56723 -0.477029 0.0694796 0.268058 0.523599 3.214 3.587 0 0 0 0 
 4.526 2.508 1.97116 0 0 4.39817 2.56683 -0.49575 0.0707033 0.252127 0.523599 3.216 3.588 0 0 0 0 
 4.535 2.501 1.99799 0 0 4.40386 2.56223 -0.50415 0.0746817 0.249022 0.523599 3.214 3.589 0 0 0 0 
 4.515 2.48 2.02338 0 0 4.38926 2.54843 -0.605262 0.0785849 0.219664 0.523599 3.212 3.592 0 0 0 0 
 4.504 2.471 2.04718 0 0 4.38367 2.54243 -0.674832 0.0797228 0.195857 0.523599 3.219 3.593 0 0 0 0 
 4.49 2.454 2.06877 0 0 4.37506 2.53113 -0.794077 0.0821015 0.169033 0.523599 3.223 3.595 0 0 0 0 
 4.476 2.438 2.0893 0 0 4.36316 2.51903 -0.873841 0.0843609 0.152168 0.523599 3.216 3.592 0 0 0 0 
 4.475 2.452 2.10667 0 0 4.36066 2.52673 -0.76598 0.0819863 0.158578 0.523599 3.21 3.585 0 0 0 0 
 4.479 2.462 2.12226 0 0 4.36467 2.53343 -0.721161 0.0807317 0.158269 0.523599 3.214 3.584 0 0 0 0 
 4.496 2.474 2.13841 0 0 4.37686 2.54153 -0.636573 0.0809952 0.169243 0.523599 3.215 3.583 0 0 0 0 
 4.494 2.492 2.15399 0 0 4.37546 2.55654 -0.605479 0.0797515 0.167495 0.523599 3.215 3.591 0 0 0 0 
 4.5 2.51 2.17125 0 0 4.37787 2.57513 -0.590363 0.0821535 0.168591 0.523599 3.209 3.611 0 0 0 0 
 4.498 2.512 2.18869 0 0 4.36807 2.58374 -0.615975 0.089445 0.168397 0.523599 3.181 3.635 0 0 0 0 
 4.492 2.528 2.2054 0 0 4.35877 2.60604 -0.663337 0.09472 0.158905 0.523599 3.164 3.672 0 0 0 0 
 4.474 2.533 2.22209 0 0 4.33717 2.61913 -0.72832 0.100994 0.146504 0.523599 3.134 3.704 0 0 0 0 
 4.461 2.55 2.23772 0 0 4.31907 2.63493 -0.681802 0.103085 0.152319 0.523599 3.104 3.717 0 0 0 0 
 4.458 2.571 2.25289 0 0 4.31187 2.65503 -0.648116 0.104991 0.155829 0.523599 3.087 3.735 0 0 0 0 
 4.466 2.585 2.26848 0 0 4.31417 2.66904 -0.617879 0.108073 0.160236 0.523599 3.076 3.749 0 0 0 0 
 4.464 2.604 2.284 0 0 4.31037 2.68203 -0.556636 0.106543 0.167577 0.523599 3.068 3.748 0 0 0 0 
 4.46 2.612 2.30024 0 0 4.30757 2.68583 -0.526179 0.104609 0.166117 0.523599 3.068 3.742 0 0 0 0 
 4.461 2.617 2.31671 0 0 4.31006 2.69174 -0.540017 0.104959 0.155004 0.523599 3.074 3.75 0 0 0 0 
 4.451 2.621 2.33307 0 0 4.30217 2.69393 -0.533438 0.103709 0.147843 0.518236 3.071 3.748 0 0 0 0 
 4.445 2.633 2.34872 0 0 4.29767 2.70293 -0.51385 0.102147 0.144449 0.51478 3.07 3.75 0 0 0 0 
 4.443 2.638 2.36393 0 0 4.29476 2.70463 -0.482467 0.101603 0.146196 0.522251 3.065 3.744 0 0 0 0 
 4.44 2.661 2.37855 0 0 4.29237 2.72043 -0.425838 0.0986136 0.15324 0.523599 3.064 3.743 0 0 0 0 
 4.438 2.682 2.39311 0 0 4.29217 2.73753 -0.400349 0.0965293 0.152197 0.523599 3.068 3.751 0 0 0 0 
 4.424 2.698 2.40845 0 0 4.28116 2.74753 -0.361405 0.0929822 0.153313 0.523599 3.064 3.747 0 0 0 0 
 4.426 2.708 2.42389 0 0 4.28407 2.75603 -0.351971 0.0924333 0.149183 0.523599 3.069 3.752 0 0 0 0 
 4.433 2.723 2.4389 0 0 4.28777 2.76654 -0.309068 0.0928125 0.158183 0.523599 3.065 3.752 0 0 0 0 
 4.437 2.737 2.45419 0 0 4.29146 2.77783 -0.288188 0.092438 0.15862 0.523599 3.068 3.757 0 0 0 0 
 4.437 2.74 2.47021 0 0 4.29206 2.77934 -0.278263 0.0921088 0.154966 0.523599 3.07 3.755 0 0 0 0 
 4.421 2.753 2.48654 0 0 4.28177 2.78963 -0.269361 0.0885749 0.146119 0.523599 3.073 3.759 0 0 0 0 
 4.41 2.768 2.50263 0 0 4.27406 2.79953 -0.236239 0.0853884 0.146529 0.523599 3.073 3.757 0 0 0 0 
 4.403 2.781 2.51763 0 0 4.26557 2.80953 -0.210661 0.0856084 0.150132 0.523599 3.061 3.76 0 0 0 0 
 4.394 2.794 2.53237 0 0 4.25477 2.82703 -0.241816 0.0887433 0.137764 0.523599 3.046 3.788 0 0 0 0 
 4.385 2.797 2.54761 0 0 4.24277 2.83963 -0.309062 0.0943142 0.115389 0.455118 3.027 3.823 0 0 0 0 
 4.374 2.808 2.56129 0 0 4.22607 2.85633 -0.338876 0.0998766 0.105476 0.399686 2.997 3.853 0 0 0 0 
 4.367 2.811 2.57265 0 0 4.20917 2.87194 -0.406465 0.110101 0.086483 0.304429 2.957 3.898 0 0 0 0 
 4.348 2.809 2.58341 0 0 4.18567 2.88373 -0.495916 0.117588 0.0575531 0.193333 2.923 3.942 0 0 0 0 
 4.345 2.81 2.59107 0 0 4.17516 2.89193 -0.523715 0.124403 0.0481232 0.153515 2.895 3.967 0 0 0 0 
 4.331 2.818 2.59632 0 0 4.16056 2.90024 -0.523793 0.124904 0.0457453 0.145462 2.879 3.976 0 0 0 0 
 4.332 2.822 2.60119 0 0 4.16246 2.90784 -0.554507 0.12565 0.034423 0.109148 2.883 3.992 0 0 0 0 
 4.328 2.828 2.60565 0 0 4.15967 2.91324 -0.554565 0.124798 0.0320668 0.10242 2.883 3.996 0 0 0 0 
 4.316 2.838 2.60896 0 0 4.15157 2.92144 -0.555955 0.121988 0.0294871 0.096389 2.884 4 0 0 0 0 
 4.292 2.839 2.61208 0 0 4.13356 2.92183 -0.57633 0.118367 0.0217379 0.0733276 2.88 3.999 0 0 0 0 
 4.266 2.841 2.61508 0 0 4.11476 2.92083 -0.583082 0.113254 0.0178573 0.0629864 2.878 3.991 0 0 0 0 
 4.249 2.844 2.61714 0 0 4.10347 2.92234 -0.597061 0.109491 0.0130214 0.0475347 2.88 3.989 0 0 0 0 
 4.248 2.859 2.61897 0 0 4.10187 2.93193 -0.545126 0.108069 0.0250724 0.0925365 2.877 3.986 0 0 0 0 
 4.246 2.873 2.62081 0 0 4.10136 2.94143 -0.511944 0.105746 0.0324956 0.122305 2.88 3.985 0 0 0 0 
 4.244 2.881 2.62344 0 0 4.09967 2.94583 -0.482066 0.104427 0.0391459 0.148836 2.879 3.981 0 0 0 0 
 4.25 2.895 2.62625 0 0 4.10537 2.95623 -0.450628 0.103471 0.0465144 0.177916 2.884 3.983 0 0 0 0 
 4.236 2.899 2.63027 0 0 4.09527 2.95873 -0.451921 0.100769 0.0434603 0.170833 2.883 3.982 0 0 0 0 
 4.227 2.897 2.63473 0 0 4.08987 2.95764 -0.473416 0.0990024 0.0352004 0.141273 2.886 3.983 0 0 0 0 
 4.224 2.908 2.63913 0 0 4.08597 2.96863 -0.469892 0.0995625 0.0345997 0.138122 2.88 3.994 0 0 0 0 
 4.22 2.913 2.64253 0 0 4.07926 2.97814 -0.498966 0.102576 0.0262975 0.102191 2.867 4.014 0 0 0 0 
 4.207 2.93 2.64574 0 0 4.06056 2.99514 -0.476664 0.105929 0.0319217 0.119961 2.835 4.031 0 0 0 0 
 4.196 2.933 2.64837 0 0 4.04207 3.00894 -0.537625 0.113695 0.0153476 0.0539432 2.799 4.07 0 0 0 0 
 4.187 2.941 2.65115 0 0 4.02976 3.02263 -0.571489 0.117408 0.0052195 0.0177805 2.779 4.097 0 0 0 0 
 4.17 2.946 2.65292 0 0 4.00917 3.03394 -0.608629 0.121477 -0.00542538 -0.0178627 2.75 4.123 0 0 0 0 
 4.167 2.956 2.65432 0 0 4.00226 3.04754 -0.620906 0.124878 -0.00948386 -0.0303686 2.734 4.145 0 0 0 0 
 4.166 2.964 2.6551 0 0 3.99766 3.05343 -0.587653 0.126332 -0.000903555 -0.00286088 2.721 4.146 0 0 0 0 
 4.15 2.977 2.65562 0 0 3.98377 3.06524 -0.586972 0.12473 -0.000953863 -0.00305896 2.712 4.155 0 0 0 0 
 4.139 2.988 2.65634 0 0 3.97517 3.07413 -0.580212 0.122673 0.000575882 0.00187777 2.709 4.159 0 0 0 0 
 4.134 2.997 2.65688 0 0 3.97076 3.07863 -0.546442 0.120935 0.00972398 0.0321517 2.706 4.153 0 0 0 0 
 4.125 3.005 2.65763 0 0 3.96447 3.08544 -0.547658 0.118982 0.008902 0.0299183 2.706 4.157 0 0 0 0 
 4.11 3.006 2.65851 0 0 3.95607 3.08733 -0.583732 0.115385 -0.00133751 -0.00463666 2.713 4.161 0 0 0 0 
 4.111 3.012 2.65937 0 0 3.95707 3.09093 -0.563015 0.114648 0.00371661 0.0129663 2.714 4.159 0 0 0 0 
 4.092 3.02 2.65968 0 0 3.94497 3.09833 -0.589636 0.110411 -0.00325013 -0.0117741 2.718 4.165 0 0 0 0 
 4.075 3.024 2.66022 0 0 3.93156 3.10083 -0.593571 0.107836 -0.00436037 -0.0161726 2.713 4.164 0 0 0 0 
 4.068 3.025 2.66057 0 0 3.92696 3.10154 -0.60306 0.106334 -0.00668949 -0.0251587 2.714 4.164 0 0 0 0 
 4.06 3.029 2.66078 0 0 3.92197 3.10253 -0.589586 0.103651 -0.0035052 -0.0135261 2.716 4.158 0 0 0 0 
 4.057 3.041 2.66106 0 0 3.91897 3.11093 -0.554965 0.102548 0.00463496 0.0180772 2.713 4.158 0 0 0 0 
 4.047 3.034 2.66148 0 0 3.91407 3.10693 -0.611251 0.10047 -0.0085266 -0.0339337 2.72 4.161 0 0 0 0 
 4.039 3.041 2.66173 0 0 3.90847 3.11033 -0.587477 0.0979555 -0.00322574 -0.0131715 2.72 4.156 0 0 0 0 
 4.029 3.048 2.66186 0 0 3.90266 3.11524 -0.588871 0.0948437 -0.00348515 -0.0146974 2.724 4.156 0 0 0 0 
 4.017 3.056 2.66222 0 0 3.89367 3.11933 -0.563989 0.0918869 0.00180183 0.00784351 2.722 4.151 0 0 0 0 
 4.015 3.052 2.66247 0 0 3.89226 3.11653 -0.580299 0.0919007 -0.00179673 -0.00782016 2.722 4.151 0 0 0 0 
 4.01 3.054 2.66271 0 0 3.88787 3.11733 -0.570659 0.0911812 0.000176168 0.000772825 2.719 4.149 0 0 0 0 
 4.009 3.063 2.66284 0 0 3.88836 3.12513 -0.566029 0.0899324 0.00111103 0.00494159 2.723 4.154 0 0 0 0 
 4.002 3.068 2.66308 0 0 3.88316 3.12984 -0.573017 0.088782 -0.000450062 -0.00202772 2.722 4.158 0 0 0 0 
 3.994 3.072 2.66321 0 0 3.87817 3.13263 -0.577165 0.0866508 -0.00132518 -0.00611724 2.724 4.158 0 0 0 0 
 3.991 3.072 2.6631 0 0 3.87487 3.13263 -0.575364 0.0868273 -0.000924523 -0.00425911 2.72 4.158 0 0 0 0 
 3.989 3.082 2.66314 0 0 3.87617 3.13843 -0.546503 0.0836049 0.00488051 0.0233461 2.729 4.154 0 0 0 0 
 3.979 3.091 2.6631 0 0 3.86797 3.14473 -0.525636 0.0817236 0.00904373 0.0442361 2.725 4.154 0 0 0 0 
 3.974 3.085 2.66334 0 0 3.86387 3.14023 -0.548278 0.0816503 0.00435642 0.0213386 2.723 4.153 0 0 0 0 
 3.971 3.081 2.66346 0 0 3.86357 3.13624 -0.564787 0.0800612 0.00103916 0.00519178 2.729 4.149 0 0 0 0 
 3.971 3.081 2.66364 0 0 3.86357 3.13684 -0.572176 0.0802441 -0.000427348 -0.00213023 2.729 4.151 0 0 0 0 
 3.968 3.087 2.66387 0 0 3.86237 3.13953 -0.542835 0.0781799 0.00507073 0.0259381 2.732 4.146 0 0 0 0 
 3.953 3.098 2.66398 0 0 3.85307 3.14753 -0.540695 0.0739112 0.00517358 0.0279916 2.736 4.147 0 0 0 0 
 3.948 3.098 2.66423 0 0 3.84957 3.14783 -0.554475 0.0731193 0.00255991 0.0140031 2.736 4.148 0 0 0 0 
 3.937 3.107 2.66441 0 0 3.84037 3.15203 -0.502982 0.0706023 0.0116867 0.0661148 2.731 4.141 0 0 0 0 
 3.93 3.117 2.66467 0 0 3.83517 3.16054 -0.494278 0.0690878 0.0129832 0.0750281 2.73 4.146 0 0 0 0 
 3.922 3.128 2.66478 0 0 3.83047 3.16914 -0.482305 0.0664163 0.0146426 0.0879595 2.733 4.149 0 0 0 0 
 3.911 3.132 2.66487 0 0 3.82367 3.17193 -0.492044 0.0635767 0.0123442 0.077509 2.736 4.149 0 0 0 0 
 3.902 3.138 2.66507 0 0 3.81887 3.17673 -0.502855 0.0607377 0.0100072 0.0658092 2.741 4.151 0 0 0 0 
 3.893 3.142 2.66535 0 0 3.81346 3.17773 -0.482191 0.0577081 0.0127107 0.0878768 2.744 4.145 0 0 0 0 
 3.883 3.156 2.66569 0 0 3.80436 3.18663 -0.410571 0.0556415 0.023814 0.169552 2.737 4.142 0 0 0 0 
 3.875 3.16 2.66626 0 0 3.79817 3.19034 -0.416684 0.0544911 0.0222003 0.161545 2.735 4.145 0 0 0 0 
 3.866 3.166 2.66744 0 0 3.79156 3.19603 -0.426933 0.0529887 0.0197197 0.147774 2.734 4.15 0 0 0 0 
 3.865 3.165 2.66839 0 0 3.79237 3.19593 -0.453664 0.0521988 0.0151226 0.11537 2.739 4.152 0 0 0 0 
 3.855 3.17 2.66973 0 0 3.78597 3.19973 -0.459496 0.0497157 0.0133259 0.106809 2.741 4.153 0 0 0 0 
 3.856 3.169 2.67089 0 0 3.78517 3.19783 -0.431157 0.0505156 0.017482 0.137554 2.736 4.149 0 0 0 0 
 3.857 3.169 2.67195 0 0 3.78677 3.19723 -0.425161 0.049986 0.0179881 0.142963 2.739 4.147 0 0 0 0 
 3.853 3.17 2.67318 0 0 3.78217 3.19763 -0.411208 0.0501686 0.0199269 0.157562 2.733 4.146 0 0 0 0 
 3.846 3.177 2.67444 0 0 3.77697 3.20344 -0.402805 0.0487519 0.0204043 0.165875 2.732 4.149 0 0 0 0 
 3.842 3.179 2.67583 0 0 3.77357 3.20333 -0.37138 0.0477835 0.0245268 0.202502 2.73 4.144 0 0 0 0 
 3.835 3.189 2.67742 0 0 3.76987 3.21093 -0.350098 0.0451273 0.0261028 0.227369 2.734 4.146 0 0 0 0 
 3.834 3.193 2.67948 0 0 3.76827 3.21223 -0.30126 0.0447095 0.0330718 0.287674 2.731 4.141 0 0 0 0 
 3.836 3.192 2.68192 0 0 3.77147 3.21303 -0.338002 0.0445352 0.026757 0.23585 2.737 4.146 0 0 0 0 
 3.837 3.197 2.68498 0 0 3.77067 3.21564 -0.288554 0.0449366 0.0342471 0.295899 2.732 4.143 0 0 0 0 
 3.832 3.205 2.68738 0 0 3.76897 3.22093 -0.258323 0.0422104 0.0365689 0.333588 2.738 4.142 0 0 0 0 
 3.826 3.21 2.69079 0 0 3.76297 3.22474 -0.238112 0.0418985 0.0389475 0.355986 2.732 4.143 0 0 0 0 
 3.816 3.215 2.69433 0 0 3.75477 3.22703 -0.199108 0.0400909 0.0429453 0.404815 2.728 4.139 0 0 0 0 
 3.812 3.217 2.69799 0 0 3.75407 3.23023 -0.232504 0.0384787 0.0355235 0.353746 2.735 4.145 0 0 0 0 
 3.807 3.217 2.70193 0 0 3.75146 3.23113 -0.260165 0.0373167 0.0298758 0.309921 2.738 4.148 0 0 0 0 
 3.804 3.221 2.70559 0 0 3.74696 3.23333 -0.219706 0.03775 0.0355329 0.360092 2.73 4.146 0 0 0 0 
 3.805 3.223 2.70855 0 0 3.74677 3.23503 -0.209654 0.0384168 0.0371823 0.369376 2.727 4.147 0 0 0 0 
 3.799 3.227 2.71215 0 0 3.74407 3.23723 -0.188497 0.035964 0.037415 0.39434 2.732 4.145 0 0 0 0 
 3.795 3.23 2.71548 0 0 3.74037 3.23844 -0.155627 0.0353274 0.0411187 0.435729 2.729 4.142 0 0 0 0 
 3.795 3.234 2.71909 0 0 3.74217 3.24423 -0.196175 0.0347497 0.0340399 0.373443 2.735 4.152 0 0 0 0 
 3.792 3.235 2.72271 0 0 3.73827 3.24553 -0.198605 0.0354043 0.0337505 0.364296 2.729 4.154 0 0 0 0 
 3.793 3.242 2.72594 0 0 3.73627 3.24984 -0.138981 0.0365467 0.043385 0.443322 2.72 4.152 0 0 0 0 
 3.794 3.238 2.72919 0 0 3.73216 3.25393 -0.263563 0.0417993 0.0279384 0.261247 2.704 4.175 0 0 0 0 
 3.791 3.243 2.7331 0 0 3.71926 3.26253 -0.279259 0.0487959 0.0287967 0.231815 2.668 4.192 0 0 0 0 
 3.784 3.239 2.73567 0 0 3.70746 3.26993 -0.427745 0.0546979 0.00487778 0.0356556 2.645 4.226 0 0 0 0 
 3.779 3.243 2.73768 0 0 3.69527 3.28233 -0.507658 0.0612775 -0.00877995 -0.0572501 2.616 4.258 0 0 0 0 
 3.771 3.243 2.73805 0 0 3.68096 3.29073 -0.586161 0.067315 -0.0228843 -0.135154 2.587 4.286 0 0 0 0 
 3.76 3.245 2.73799 0 0 3.66367 3.30413 -0.704663 0.0741621 -0.04402 -0.23311 2.555 4.326 0 0 0 0 
 3.747 3.24 2.7375 0 0 3.64647 3.31264 -0.881475 0.0803365 -0.0720533 -0.344455 2.528 4.366 0 0 0 0 
 3.74 3.24 2.73692 0 0 3.63257 3.32493 -1.0104 0.0878638 -0.0938642 -0.403832 2.498 4.407 0 0 0 0 
 3.742 3.235 2.73653 0 0 3.62137 3.33043 -1.01148 0.0987178 -0.104264 -0.399729 2.456 4.437 0 0 0 0 
 3.747 3.242 2.7348 0 0 3.61377 3.34554 -0.983512 0.108589 -0.108881 -0.381433 2.419 4.471 0 0 0 0 
 3.747 3.249 2.73186 0 0 3.60567 3.35973 -0.996196 0.115542 -0.115509 -0.380408 2.392 4.502 0 0 0 0 
 3.731 3.254 2.72638 0 0 3.58427 3.36923 -0.999858 0.120198 -0.117469 -0.372654 2.358 4.522 0 0 0 0 
 3.727 3.266 2.7172 0 0 3.57847 3.39653 -1.20675 0.12596 -0.145861 -0.433774 2.348 4.585 0 0 0 0 
 3.718 3.273 2.70497 0 0 3.55927 3.40923 -1.15746 0.134106 -0.141 -0.398106 2.305 4.611 0 0 0 0 
 3.706 3.275 2.68974 0 0 3.54127 3.42264 -1.25036 0.141631 -0.151217 -0.403627 2.273 4.651 0 0 0 0 
 3.693 3.28 2.67494 0 0 3.52137 3.43483 -1.26565 0.148443 -0.150584 -0.38547 2.237 4.68 0 0 0 0 
 3.683 3.286 2.65993 0 0 3.50417 3.45013 -1.30729 0.156148 -0.153183 -0.373942 2.203 4.717 0 0 0 0 
 3.674 3.291 2.64489 0 0 3.49037 3.46623 -1.41104 0.163144 -0.161606 -0.377252 2.178 4.759 0 0 0 0 
 3.651 3.303 2.62929 0 0 3.46587 3.48333 -1.47202 0.16633 -0.160782 -0.368952 2.15 4.788 0 0 0 0 
 3.637 3.312 2.61238 0 0 3.45247 3.50104 -1.64426 0.169704 -0.168827 -0.378722 2.138 4.826 0 0 0 0 
 3.624 3.323 2.5955 0 0 3.44037 3.51773 -1.78629 0.17194 -0.170899 -0.378417 2.128 4.856 0 0 0 0 
 3.617 3.337 2.57889 0 0 3.43367 3.52963 -1.74625 0.171643 -0.156768 -0.35027 2.122 4.863 0 0 0 0 
 3.604 3.342 2.56196 0 0 3.42577 3.53493 -1.88241 0.169601 -0.153901 -0.348185 2.126 4.869 0 0 0 0 
 3.584 3.355 2.5467 0 0 3.41147 3.54524 -1.9774 0.166031 -0.147384 -0.341189 2.125 4.873 0 0 0 0 
 3.567 3.363 2.53066 0 0 3.40076 3.55143 -2.13938 0.162514 -0.143387 -0.339275 2.129 4.875 0 0 0 0 
 3.557 3.378 2.5148 0 0 3.39376 3.56193 -2.10235 0.159638 -0.129789 -0.314421 2.129 4.875 0 0 0 0 
 3.534 3.379 2.50012 0 0 3.38007 3.56323 -2.54825 0.155367 -0.135925 -0.336626 2.137 4.877 0 0 0 0 
 3.508 3.381 2.48656 0 0 3.36216 3.56433 -3.08296 0.151255 -0.139077 -0.352441 2.138 4.876 0 0 0 0 
 3.501 3.391 2.47271 0 0 3.35846 3.57014 -3.07918 0.148231 -0.12867 -0.334193 2.142 4.872 0 0 0 0 
 3.495 3.404 2.45767 0 0 3.35396 3.57594 -2.72511 0.144808 -0.109365 -0.293379 2.141 4.861 0 0 0 0 
 3.482 3.422 2.44496 0 0 3.34757 3.58823 -2.87952 0.139345 -0.10274 -0.286793 2.15 4.86 0 0 0 0 
 3.474 3.421 2.43379 0 0 3.34377 3.58663 -3.24444 0.137268 -0.102781 -0.291004 2.156 4.857 0 0 0 0 
 3.465 3.425 2.42372 0 0 3.33836 3.58913 -3.54872 0.135072 -0.100903 -0.290365 2.159 4.856 0 0 0 0 
 3.458 3.432 2.41283 0 0 3.33197 3.59433 -3.44154 0.134219 -0.0930856 -0.27061 2.154 4.857 0 0 0 0 
 3.459 3.438 2.40279 0 0 3.33267 3.59643 -3.05118 0.1328 -0.0803976 -0.237588 2.154 4.85 0 0 0 0 
 3.451 3.451 2.39354 0 0 3.32527 3.60463 -2.74889 0.130481 -0.0681213 -0.205873 2.148 4.847 0 0 0 0 
 3.447 3.46 2.38569 0 0 3.32307 3.60973 -2.63574 0.127947 -0.0603649 -0.186525 2.15 4.843 0 0 0 0 
 3.442 3.47 2.37865 0 0 3.32047 3.61794 -2.70941 0.126073 -0.0579484 -0.181827 2.153 4.847 0 0 0 0 
 3.431 3.481 2.3719 0 0 3.31547 3.62263 -2.78358 0.120398 -0.0541374 -0.177959 2.162 4.837 0 0 0 0 
 3.422 3.478 2.36677 0 0 3.31006 3.61633 -2.87307 0.117228 -0.052349 -0.176759 2.165 4.823 0 0 0 0 
 3.401 3.489 2.3613 0 0 3.29657 3.61504 -2.62508 0.108003 -0.0414361 -0.152275 2.169 4.793 0 0 0 0 
 3.398 3.508 2.35555 0 0 3.29897 3.62263 -2.28034 0.100161 -0.0283515 -0.112743 2.184 4.774 0 0 0 0 
 3.403 3.519 2.3519 0 0 3.30637 3.61533 -1.54682 0.0904311 0.00208923 0.00924094 2.197 4.724 0 0 0 0 
 3.406 3.531 2.34989 0 0 3.31596 3.61773 -1.43859 0.0828311 0.0082338 0.0397409 2.222 4.704 0 0 0 0 
 3.394 3.537 2.34924 0 0 3.32077 3.60723 -1.42543 0.0672252 0.00757075 0.0450166 2.266 4.655 0 0 0 0 
 3.388 3.546 2.34876 0 0 3.32407 3.60303 -1.23986 0.0566712 0.0149186 0.104913 2.291 4.62 0 0 0 0 
 3.38 3.555 2.34897 0 0 3.32567 3.60274 -1.20605 0.0478154 0.0141521 0.117841 2.315 4.598 0 0 0 0 
 3.379 3.557 2.34916 0 0 3.32887 3.60053 -1.18138 0.0438795 0.0140529 0.12741 2.328 4.586 0 0 0 0 
 3.372 3.556 2.34942 0 0 3.32517 3.60104 -1.43314 0.0430474 0.00469209 0.0435717 2.332 4.59 0 0 0 0 
 3.371 3.555 2.34941 0 0 3.32147 3.60004 -1.28413 0.0443062 0.0099493 0.0895828 2.322 4.589 0 0 0 0 
 3.367 3.557 2.34928 0 0 3.31687 3.59873 -1.09883 0.0430335 0.0175045 0.161293 2.316 4.58 0 0 0 0 
 3.362 3.563 2.34931 0 0 3.31547 3.60383 -1.20356 0.0409293 0.0122321 0.118979 2.323 4.583 0 0 0 0 
 3.36 3.571 2.34914 0 0 3.31376 3.61034 -1.14008 0.0400829 0.0145777 0.144462 2.322 4.586 0 0 0 0 
 3.364 3.58 2.34899 0 0 3.31327 3.61273 -0.752682 0.0390904 0.0361668 0.354454 2.311 4.573 0 0 0 0 
 3.361 3.576 2.34915 0 0 3.31207 3.61443 -1.00006 0.0409215 0.021577 0.207865 2.314 4.588 0 0 0 0 
 3.368 3.574 2.34938 0 0 3.31667 3.61153 -0.897043 0.0416237 0.0279442 0.262352 2.313 4.583 0 0 0 0 
 3.371 3.567 2.34972 0 0 3.31937 3.60543 -0.921117 0.0421882 0.0267242 0.248158 2.315 4.579 0 0 0 0 
 3.37 3.559 2.34988 0 0 3.32256 3.60193 -1.27353 0.042339 0.00982936 0.092598 2.328 4.586 0 0 0 0 
 3.36 3.562 2.34929 0 0 3.31316 3.60223 -1.1594 0.0407869 0.0139809 0.136261 2.32 4.58 0 0 0 0 
 3.351 3.574 2.34969 0 0 3.31017 3.60853 -1.12856 0.0353058 0.0132498 0.149002 2.331 4.573 0 0 0 0 
 3.35 3.577 2.34924 0 0 3.31727 3.60613 -1.23467 0.0289837 0.00790895 0.10872 2.357 4.558 0 0 0 0 
 3.35 3.581 2.34948 0 0 3.32417 3.60173 -1.035 0.0218108 0.0106917 0.193625 2.38 4.534 0 0 0 0 
 3.349 3.573 2.34897 0 0 3.33697 3.59193 394.493 0.0145413 -0.0132742 -0.350104 2.425 4.52 0 0 0 0 
 3.353 3.572 2.3504 0 0 3.35537 3.58133 1.04084 0.00331271 -0.0234123 -0.523599 2.477 4.487 0 0 0 0 
 3.363 3.566 2.35807 0 0 3.38126 3.56603 0.00191119 2.94556e-07 -0.0372539 -0.523599 2.54 4.45 0 0 0 0 
 3.365 3.558 2.35851 0 0 3.40097 3.55114 -0.193233 1.19731e-07 -0.0601584 -0.523599 2.601 4.419 0 0 0 0 
 3.377 3.545 2.35718 0 0 3.42467 3.53693 -0.170837 9.00112e-08 -0.0827383 -0.523599 2.652 4.402 0 0 0 0 
 3.394 3.526 2.35165 0 0 3.45127 3.52243 -0.062337 8.25442e-08 -0.113239 -0.523599 2.701 4.398 0 0 0 0 
 3.407 3.508 2.33876 0 0 3.46937 3.51283 0.077683 9.03958e-08 -0.142541 -0.523599 2.731 4.408 0 0 0 0 
 3.427 3.486 2.3365 0 0 3.49237 3.49894 0.200513 1.0239e-07 -0.165052 -0.523599 2.761 4.413 0 0 0 0 
 3.442 3.47 2.35548 0 0 3.50946 3.49103 0.322302 1.14799e-07 -0.183534 -0.523599 2.783 4.424 0 0 0 0 
 3.457 3.446 2.41418 0 0 3.52867 3.47993 0.512403 1.24799e-07 -0.213373 -0.523599 2.812 4.443 0 0 0 0 
 3.478 3.427 2.47464 0 0 3.55717 3.46873 0.582146 1.05256e-07 -0.239971 -0.523599 2.858 4.45 0 0 0 0 
 3.5 3.404 2.53482 0 0 3.58487 3.45863 0.750445 1.00538e-07 -0.273855 -0.523599 2.899 4.47 0 0 0 0 
 3.522 3.393 2.59519 0 0 3.60417 3.45483 0.936409 1.02575e-07 -0.28023 -0.523599 2.912 4.483 0 0 0 0 
 3.545 3.388 2.65657 0 0 3.62387 3.45313 1.08448 9.82093e-08 -0.277311 -0.523599 2.924 4.489 0 0 0 0 
 3.573 3.374 2.71837 0 0 3.64767 3.44543 1.41849 1.0052e-07 -0.281195 -0.523599 2.938 4.496 0 0 0 0 
 3.59 3.366 2.77831 0 0 3.66227 3.44313 1.81576 9.67273e-08 -0.287307 -0.523599 2.947 4.507 0 0 0 0 
 3.606 3.358 2.83849 0 0 3.67286 3.43603 2.34074 9.49687e-08 -0.27774 -0.523599 2.945 4.502 0 0 0 0 
 3.617 3.344 2.89563 0 0 3.67727 3.42684 5.02905 1.0179e-07 -0.278814 -0.523599 2.934 4.504 0 0 0 0 
 3.634 3.33 2.9399 0 0 3.68767 3.42183 -7.0722 3.6514e-08 -0.294107 -0.523599 2.929 4.52 0 0 0 0 
 3.631 3.325 2.96999 0 0 3.68587 3.42344 -4.40293 1.07999e-07 -0.311168 -0.523599 2.93 4.537 0 0 0 0 
 3.633 3.333 2.97233 0 0 3.69326 3.43473 -8.48389 9.34113e-08 -0.324409 -0.523599 2.95 4.556 0 0 0 0 
 3.604 3.348 2.97353 0 0 3.68047 3.45873 8.11445 6.6127e-08 -0.36248 -0.523599 2.975 4.601 0 0 0 0 
 3.57 3.364 2.97435 0 0 3.66536 3.47924 2.63719 1.06951e-08 -0.390826 -0.523599 3.004 4.632 0 0 0 0 
 3.549 3.371 2.97624 0 0 3.65847 3.49583 2.17822 3.89578e-08 -0.429794 -0.523599 3.03 4.671 0 0 0 0 
 3.518 3.368 2.99919 0 0 3.64096 3.50423 2.00384 3.18201e-08 -0.468816 -0.523599 3.044 4.706 0 0 0 0 
 3.487 3.356 3.05965 0 0 3.62857 3.51203 1.97557 2.32997e-08 -0.524271 -0.523599 3.075 4.76 0 0 0 0 
 3.463 3.347 3.12288 0 0 3.61747 3.52313 2.17754 1.82434e-08 -0.570824 -0.523599 3.094 4.818 0 0 0 0 
 3.433 3.355 -3.09478 0 0 3.60667 3.53773 1.75234 -1.63607e-09 -0.572057 0.523599 3.128 4.848 0 0 0 0 
 3.41 3.363 -3.03203 0 0 3.59987 3.55383 1.57505 1.18546e-08 -0.568082 -0.523599 3.159 4.883 0 0 0 0 
 3.364 3.368 -2.96865 0 0 3.57007 3.56844 1.46761 7.28991e-09 -0.55854 -0.523599 3.167 4.92 0 0 0 0 
 3.32 3.376 -2.90517 0 0 3.55037 3.58123 1.2369 4.89587e-09 -0.518519 -0.523599 3.204 4.944 0 0 0 0 
 3.292 3.383 -2.84079 0 0 3.53977 3.59303 1.13311 3.42287e-09 -0.464943 -0.523599 3.234 4.967 0 0 0 0 
 3.254 3.373 -2.77713 0 0 3.51497 3.59053 1.10132 2.39558e-09 -0.411527 -0.523599 3.24 4.982 0 0 0 0 
 3.223 3.383 -2.71253 0 0 3.49717 3.60053 1.01623 -5.77985e-09 -0.318769 0.523599 3.253 4.992 0 0 0 0 
 3.181 3.391 -2.64755 0 0 3.47137 3.60703 0.920472 -6.01888e-09 -0.203465 0.523599 3.265 4.995 0 0 0 0 
 3.144 3.4 -2.58364 0 0 3.44397 3.61304 0.859875 1.01313e-09 -0.0856577 -0.523599 3.26 4.994 0 0 0 0 
 3.102 3.394 -2.51859 0 0 3.41457 3.60644 0.808083 6.79175e-10 0.0388069 0.523599 3.26 4.986 0 0 0 0 
 3.075 3.394 -2.45409 0 0 3.39717 3.60254 0.755941 5.99226e-10 0.17061 0.523599 3.265 4.973 0 0 0 0 
 3.029 3.375 -2.39019 0 0 3.36467 3.58864 0.739045 3.63069e-10 0.288594 0.523599 3.264 4.971 0 0 0 0 
 2.996 3.35 -2.34175 0 0 3.33737 3.56993 0.751219 2.77846e-10 0.36166 0.523599 3.25 4.967 0 0 0 0 
 2.963 3.327 -2.34134 0 0 3.30947 3.55323 0.764919 5.80539e-11 0.361359 0.523599 3.234 4.965 0 0 0 0 
 2.93 3.306 -2.34055 0 0 3.27377 3.53733 0.797059 1.32707e-12 0.34159 0.523599 3.192 4.961 0 0 0 0 
 2.891 3.277 -2.32077 0 0 3.23597 3.51493 0.824893 -8.97475e-11 0.359587 -0.523599 3.157 4.954 0 0 0 0 
 2.865 3.252 -2.26656 0 0 3.20607 3.49623 0.870182 2.9096e-11 0.41709 0.523599 3.118 4.95 0 0 0 0 
 2.838 3.236 -2.20469 0 0 3.17847 3.47843 0.863134 3.54842e-10 0.511435 0.523599 3.089 4.928 0 0 0 0 
 2.824 3.224 -2.14271 0 0 3.15756 3.46943 0.905405 7.13758e-10 0.570683 0.523599 3.052 4.926 0 0 0 0 
 2.804 3.204 -2.07985 0 0 3.13186 3.46263 1.00692 -6.1997e-09 0.616124 -0.523599 3.013 4.95 0 0 0 0 
 2.773 3.173 -2.02262 0 0 3.10177 3.44214 1.06876 -6.17235e-09 0.680652 -0.523599 2.985 4.954 0 0 0 0 
 2.741 3.141 -2.01652 0 0 3.06767 3.41823 1.13531 -6.23071e-09 0.672175 -0.523599 2.946 4.949 0 0 0 0 
 2.723 3.114 -2.01549 0 0 3.04367 3.39664 1.21312 -6.26264e-09 0.646776 -0.523599 2.908 4.94 0 0 0 0 
 2.707 3.098 -2.01477 0 0 3.02137 3.38363 1.28268 5.90862e-10 0.622514 0.523599 2.871 4.934 0 0 0 0 
 2.683 3.078 -2.01369 0 0 2.99947 3.36694 1.29438 4.86382e-10 0.62731 0.523599 2.854 4.925 0 0 0 0 
 2.679 3.052 -2.01257 0 0 2.99516 3.35143 1.3898 2.09761e-10 0.615169 0.523599 2.849 4.934 0 0 0 0 
 2.671 3.023 -2.01166 0 0 2.98777 3.33173 1.47385 -2.98186e-11 0.607156 -0.523599 2.843 4.936 0 0 0 0 
 2.671 2.988 -2.01073 0 0 2.98717 3.30843 1.60467 -3.06075e-10 0.591789 -0.523599 2.841 4.94 0 0 0 0 
 2.663 2.969 -2.00947 0 0 2.98367 3.29423 1.60734 -4.44238e-10 0.60362 -0.523599 2.848 4.937 0 0 0 0 
 2.653 2.948 -2.00859 0 0 2.98057 3.27563 1.55814 -5.42235e-10 0.626443 -0.523599 2.861 4.924 0 0 0 0 
 2.637 2.929 -2.00777 0 0 2.97057 3.26203 1.55198 -6.97827e-10 0.642286 -0.523599 2.865 4.923 0 0 0 0 
 2.624 2.901 -2.00697 0 0 2.96447 3.24063 1.54909 -8.78811e-10 0.659857 -0.523599 2.875 4.917 0 0 0 0 
 2.602 2.877 -2.006 0 0 2.95387 3.21694 1.44705 -9.4825e-10 0.701309 -0.523599 2.891 4.894 0 0 0 0 
 2.588 2.842 -2.00516 0 0 2.95217 3.19033 1.41786 -1.18307e-09 0.735858 -0.523599 2.918 4.887 0 0 0 0 
 2.576 2.8 -2.0046 0 0 2.94947 3.15883 1.43087 -1.43009e-09 0.756991 -0.523599 2.937 4.88 0 0 0 0 
 2.563 2.768 -2.00431 0 0 2.94007 3.13613 1.47915 -1.61602e-09 0.75908 -0.523599 2.936 4.879 0 0 0 0 
 2.549 2.727 -2.00414 0 0 2.92697 3.10534 1.56077 -1.79742e-09 0.75023 -0.523599 2.925 4.872 0 0 0 0 
 2.516 2.687 -2.00375 0 0 2.90447 3.07613 1.56333 -2.02164e-09 0.774934 -0.523599 2.927 4.868 0 0 0 0 
 2.49 2.658 -2.00367 0 0 2.88777 3.05373 1.54006 -2.16494e-09 0.799882 -0.523599 2.932 4.861 0 0 0 0 
 2.46 2.629 -2.0056 0 0 2.86737 3.03373 1.53551 -2.34892e-09 0.819036 -0.523599 2.934 4.862 0 0 0 0 
 2.442 2.609 -2.00759 0 0 2.85596 3.02303 1.55799 -2.518e-09 0.826913 -0.523599 2.938 4.873 0 0 0 0 
 2.427 2.582 -2.00909 0 0 2.84517 3.00833 1.62644 -2.70996e-09 0.823236 -0.523599 2.937 4.887 0 0 0 0 
 2.418 2.553 -2.01027 0 0 2.83617 2.99463 1.76833 -2.91486e-09 0.800886 -0.523599 2.928 4.909 0 0 0 0 
 2.404 2.521 -2.01127 0 0 2.82307 2.98093 1.9528 -3.14599e-09 0.777218 -0.523599 2.917 4.938 0 0 0 0 
 2.384 2.493 -2.0122 0 0 2.80697 2.96554 2.05127 -3.30744e-09 0.771697 -0.523599 2.91 4.952 0 0 0 0 
 2.357 2.461 -2.01292 0 0 2.78567 2.94493 2.11391 -3.45329e-09 0.774622 -0.523599 2.902 4.958 0 0 0 0 
 2.343 2.439 -2.01285 0 0 2.77767 2.93463 2.17742 -3.59454e-09 0.779876 -0.523599 2.908 4.975 0 0 0 0 
 2.327 2.411 -2.01315 0 0 2.77187 2.91683 2.15908 -3.72771e-09 0.801566 -0.523599 2.926 4.981 0 0 0 0 
 2.322 2.383 -2.01351 0 0 2.77347 2.89933 2.19719 -3.84889e-09 0.809376 -0.523599 2.943 4.988 0 0 0 0 
 2.302 2.362 -2.01353 0 0 2.76367 2.88134 2.09213 -3.904e-09 0.841815 -0.523599 2.957 4.977 0 0 0 0 
 2.285 2.339 -2.01379 0 0 2.75597 2.85803 1.97485 -3.92554e-09 0.87475 -0.523599 2.971 4.953 0 0 0 0 
 2.264 2.312 -2.01386 0 0 2.74936 2.83494 1.85959 -3.997e-09 0.919655 -0.523599 2.998 4.939 0 0 0 0 
 2.241 2.29 -2.01393 0 0 2.73867 2.81983 1.80401 -4.0883e-09 0.952336 -0.523599 3.016 4.94 0 0 0 0 
 2.21 2.262 -2.01418 0 0 2.71637 2.80384 1.82724 -4.21334e-09 0.964728 -0.523599 3.014 4.952 0 0 0 0 
 2.198 2.236 -2.01424 0 0 2.70767 2.78653 1.87207 -4.29404e-09 0.963601 -0.523599 3.013 4.955 0 0 0 0 
 2.182 2.206 -2.01454 0 0 2.69676 2.76914 1.93577 -4.40835e-09 0.962228 -0.523599 3.014 4.967 0 0 0 0 
 2.18 2.185 -2.01478 0 0 2.69177 2.75533 2.03703 -4.5052e-09 0.940842 -0.523599 3.002 4.97 0 0 0 0 
 2.166 2.166 -2.01542 0 0 2.67776 2.73873 2.06141 -4.52524e-09 0.935571 -0.523599 2.988 4.959 0 0 0 0 
 2.149 2.141 -2.01596 0 0 2.65476 2.71823 2.18341 -4.5486e-09 0.906486 -0.523599 2.951 4.949 0 0 0 0 
 2.139 2.131 -2.01592 0 0 2.63877 2.70614 2.23936 -4.52046e-09 0.888674 -0.523599 2.921 4.932 0 0 0 0 
 2.124 2.114 -2.01632 0 0 2.61687 2.68973 2.34781 -4.51172e-09 0.862107 -0.523599 2.883 4.917 0 0 0 0 
 2.105 2.087 -2.01703 0 0 2.59097 2.66873 2.55002 -4.54398e-09 0.825905 -0.523599 2.841 4.91 0 0 0 0 
 2.092 2.065 -2.01724 0 0 2.57407 2.64943 2.66936 -4.55621e-09 0.806845 -0.523599 2.815 4.897 0 0 0 0 
 2.077 2.041 -2.01752 0 0 2.55486 2.62093 2.67945 -4.51424e-09 0.797786 -0.523599 2.786 4.858 0 0 0 0 
 2.069 2.023 -2.01706 0 0 2.53817 2.59633 2.75006 -4.44369e-09 0.777585 -0.523599 2.749 4.818 0 0 0 0 
 2.053 2.003 -2.01362 0 0 2.52037 2.57334 2.73547 -4.40834e-09 0.785477 -0.523599 2.727 4.788 0 0 0 0 
 2.038 1.969 -2.00107 0 0 2.49937 2.53903 2.87019 -4.36255e-09 0.799145 -0.523599 2.692 4.753 0 0 0 0 
 2.022 1.94 -1.97745 0 0 2.47797 2.50374 2.87775 -4.18657e-09 0.852867 -0.523599 2.658 4.703 0 0 0 0 
 2.002 1.909 -1.95574 0 0 2.45917 2.47273 2.8479 -4.12521e-09 0.914055 -0.523599 2.642 4.672 0 0 0 0 
 1.97 1.887 -1.93531 0 0 2.42687 2.44234 2.69539 -3.98142e-09 0.973675 -0.523599 2.609 4.622 0 0 0 0 
 1.945 1.85 -1.9205 0 0 2.40427 2.40504 2.63856 -3.92968e-09 1.01763 -0.523599 2.592 4.584 0 0 0 0 
 1.917 1.807 -1.91189 0 0 2.38167 2.36623 2.59923 -3.94535e-09 1.05195 -0.523599 2.582 4.555 0 0 0 0 
 1.905 1.764 -1.90466 0 0 2.37867 2.32264 2.42306 -3.92224e-09 1.09881 -0.523599 2.6 4.51 0 0 0 0 
 1.898 1.727 -1.89332 0 0 2.38157 2.28263 2.22875 -3.856e-09 1.15786 -0.523599 2.626 4.463 0 0 0 0 
 1.883 1.692 -1.88188 0 0 2.37857 2.24524 2.04698 -3.79078e-09 1.22033 -0.523599 2.651 4.42 0 0 0 0 
 1.852 1.672 -1.87 0 0 2.36827 2.21833 1.7771 -3.6734e-09 1.30778 -0.523599 2.689 4.377 0 0 0 0 
 1.847 1.645 -1.85752 0 0 2.38097 2.18683 1.60909 -3.56352e-09 1.38001 -0.523599 2.743 4.335 0 0 0 0 
 1.831 1.626 -1.84524 0 0 2.38477 2.16304 1.45854 -3.43898e-09 1.45138 -0.523599 2.793 4.3 0 0 0 0 
 1.815 1.598 -1.83327 0 0 2.38587 2.13233 1.35782 -3.3277e-09 1.50927 -0.523599 2.834 4.263 0 0 0 0 
 1.8 1.568 -1.82155 0 0 2.38917 2.10473 1.28905 -3.2695e-09 1.56328 -0.523599 2.88 4.241 0 0 0 0 
 1.766 1.526 -1.81174 0 0 2.37677 2.07503 1.25739 -3.33866e-09 1.61492 -0.523599 2.918 4.24 0 0 0 0 
 1.76 1.489 -1.80637 0 0 2.38247 2.04433 1.24005 -7.62383e-09 1.64123 -0.523599 2.951 4.224 0 0 0 0 
 1.746 1.458 -1.80372 0 0 2.38917 2.02023 1.1954 -7.64237e-09 1.67834 -0.523599 3.006 4.216 0 0 0 0 
 1.733 1.413 -1.80162 0 0 2.38997 1.99143 1.21081 -7.70018e-09 1.69945 -0.523599 3.039 4.225 0 0 0 0 
 1.724 1.395 -1.80046 0 0 2.39297 1.98303 1.20726 -7.73286e-09 1.7169 -0.523599 3.07 4.239 0 0 0 0 
 1.724 1.37 -1.79959 0 0 2.40677 1.97513 1.2253 -7.79298e-09 1.7338 -0.523599 3.116 4.271 0 0 0 0 
 1.715 1.339 -1.79907 0 0 2.41457 1.95793 1.22141 -7.83927e-09 1.75366 -0.523599 3.163 4.286 0 0 0 0 
 1.713 1.31 -1.79836 0 0 2.42277 1.94033 1.22979 -7.87592e-09 1.76436 -0.523599 3.195 4.295 0 0 0 0 
 1.71 1.287 -1.79773 0 0 2.43327 1.92903 1.22878 -7.91237e-09 1.77805 -0.523599 3.237 4.311 0 0 0 0 
 1.694 1.27 -1.79585 0 0 2.43167 1.93093 1.24981 -7.9675e-09 1.79045 -0.523599 3.269 4.357 0 0 0 0 
 1.68 1.246 -1.78364 0 0 2.42787 1.92494 1.28063 -7.99352e-09 1.80708 -0.523599 3.289 4.393 0 0 0 0 
 1.671 1.21 -1.75503 0 0 2.42937 1.91473 1.33887 -4.49302e-09 1.83451 -0.523599 3.315 4.443 0 0 0 0 
 1.664 1.166 -1.71975 0 0 2.42777 1.90193 1.43924 -4.51021e-09 1.85834 -0.523599 3.326 4.503 0 0 0 0 
 1.669 1.147 -1.68362 0 0 2.43097 1.90363 1.5337 -4.42943e-09 1.87759 -0.523599 3.325 4.553 0 0 0 0 
 1.694 1.145 -1.62406 0 0 2.44997 1.91873 1.641 -7.8678e-09 1.90527 -0.523599 3.33 4.608 0 0 0 0 
 1.717 1.167 -1.56212 0 0 2.46277 1.95513 1.77117 -3.72187e-09 1.92469 -0.523599 3.319 4.678 0 0 0 0 
 1.715 1.172 -1.49777 0 0 2.45267 1.97723 1.92459 -3.24558e-09 1.93809 -0.523599 3.29 4.74 0 0 0 0 
 1.702 1.183 -1.43505 0 0 2.43517 2.00263 2.05515 -7.32929e-09 1.94481 -0.523599 3.262 4.799 0 0 0 0 
 1.692 1.192 -1.37259 0 0 2.41737 2.02393 2.21616 -1.87981e-09 1.94563 -0.523599 3.226 4.849 0 0 0 0 
 1.691 1.211 -1.31015 0 0 2.40167 2.04743 2.40657 -8.43447e-10 1.94044 -0.523599 3.176 4.883 0 0 0 0 
 1.684 1.221 -1.24854 0 0 2.38597 2.06673 2.60925 4.17914e-10 1.93454 0.523599 3.14 4.924 0 0 0 0 
 1.669 1.215 -1.18682 0 0 2.36887 2.07094 2.75837 -5.57164e-09 1.92388 -0.523599 3.118 4.952 0 0 0 0 
 1.663 1.197 -1.12466 0 0 2.35657 2.05893 2.93831 4.83278e-09 1.9129 0.523599 3.091 4.954 0 0 0 0 
 1.681 1.185 -1.06238 0 0 2.36047 2.05203 3.29399 8.52718e-09 1.89948 0.523599 3.062 4.959 0 0 0 0 
 1.691 1.185 -1.00148 0 0 2.35937 2.05143 3.55175 1.52609e-08 1.88049 0.523599 3.035 4.957 0 0 0 0 
 1.694 1.181 -0.939956 0 0 2.35697 2.04833 3.72118 3.01568e-08 1.86861 0.523599 3.02 4.956 0 0 0 0 
 1.699 1.187 -0.878023 0 0 2.35717 2.05283 3.83199 2.68739e-08 1.84966 0.523599 3.009 4.957 0 0 0 0 
 1.701 1.198 -0.816043 0 0 2.35827 2.05783 3.72021 0.0189248 1.83089 0.523599 3.008 4.948 0 0 0 0 
 1.686 1.207 -0.75433 0 0 2.34777 2.06324 3.51823 0.0683785 1.81939 0.523599 3.008 4.945 0 0 0 0 
 1.67 1.218 -0.692507 0 0 2.33717 2.06853 3.27975 0.118031 1.79924 0.523599 3.01 4.937 0 0 0 0 
 1.663 1.217 -0.63098 0 0 2.33197 2.06543 3.20415 0.162915 1.77378 0.523599 3.009 4.929 0 0 0 0 
 1.662 1.218 -0.570124 0 0 2.33157 2.06643 3.19139 0.204806 1.7438 0.523599 3.01 4.93 0 0 0 0 
 1.66 1.216 -0.508944 0 0 2.33077 2.06383 3.15638 0.246122 1.70762 0.523599 3.012 4.926 0 0 0 0 
 1.661 1.208 -0.447547 0 0 2.33117 2.05853 3.21389 0.284569 1.66873 0.523599 3.011 4.927 0 0 0 0 
 1.67 1.199 -0.386298 0 0 2.33956 2.05043 3.24223 0.321836 1.62406 0.523599 3.018 4.921 0 0 0 0 
 1.671 1.197 -0.32514 0 0 2.34027 2.04814 3.24363 0.357833 1.57396 0.523599 3.018 4.918 0 0 0 0 
 1.669 1.201 -0.263532 0 0 2.33947 2.05094 3.1974 0.393429 1.51778 0.523599 3.02 4.918 0 0 0 0 
 1.66 1.2 -0.201865 0 0 2.33287 2.04844 3.12323 0.428052 1.45646 0.523599 3.019 4.912 0 0 0 0 
 1.657 1.191 -0.139403 0 0 2.32897 2.04123 3.17085 0.459355 1.39491 0.523599 3.013 4.909 0 0 0 0 
 1.653 1.18 -0.0768641 0 0 2.32587 2.03263 3.1917 0.490249 1.32939 0.523599 3.012 4.906 0 0 0 0 
 1.649 1.169 -0.0143739 0 0 2.32367 2.02674 3.23907 0.52041 1.26255 0.523599 3.014 4.912 0 0 0 0 
 1.641 1.176 0.0474585 0 0 2.31837 2.03253 3.16218 0.548246 1.18702 0.523599 3.015 4.915 0 0 0 0 
 1.639 1.179 0.108975 0 0 2.31937 2.03493 3.09257 0.574324 1.10927 0.523599 3.023 4.916 0 0 0 0 
 1.648 1.171 0.17013 0 0 2.32747 2.02903 3.14357 0.596671 1.03476 0.523599 3.029 4.915 0 0 0 0 
 1.653 1.169 0.231958 0 0 2.32917 2.02854 3.23725 0.616006 0.958567 0.523599 3.023 4.918 0 0 0 0 
 1.65 1.16 0.26867 0 0 2.32617 2.02253 3.28893 0.628437 0.912903 0.523599 3.02 4.919 0 0 0 0 
 1.647 1.159 0.266542 0 0 2.32436 2.02063 3.24702 0.628223 0.913923 0.523599 3.021 4.915 0 0 0 0 
 1.647 1.15 0.266558 0 0 2.32407 2.01373 3.28984 0.628654 0.916129 0.523599 3.02 4.913 0 0 0 0 
 1.65 1.15 0.269527 0 0 2.32617 2.01433 3.32067 0.629219 0.913465 0.523599 3.02 4.915 0 0 0 0 
 1.648 1.149 0.317583 0 0 2.32627 2.01304 3.26851 0.644575 0.846927 0.483896 3.025 4.913 0 0 0 0 
 1.652 1.15 0.379902 0 0 2.32727 2.01163 3.29328 0.658862 0.761953 0.433272 3.019 4.906 0 0 0 0 
 1.655 1.155 0.427593 0 0 2.32697 2.01573 3.3526 0.66828 0.697781 0.395636 3.011 4.908 0 0 0 0 
 1.659 1.156 0.426259 0 0 2.32497 2.02033 3.57254 0.665973 0.708351 0.402255 2.995 4.921 0 0 0 0 
 1.661 1.159 0.425707 0 0 2.32067 2.02814 3.86378 0.664117 0.719219 0.408785 2.976 4.94 0 0 0 0 
 1.663 1.16 0.425689 0 0 2.31517 2.03273 4.2217 0.661311 0.729295 0.415446 2.953 4.953 0 0 0 0 
 1.665 1.162 0.425549 0 0 2.31207 2.03593 4.46805 0.658927 0.735176 0.419762 2.938 4.959 0 0 0 0 
 1.66 1.159 0.425361 0 0 2.30227 2.03473 4.75495 0.656914 0.741418 0.424064 2.917 4.962 0 0 0 0 
 1.663 1.157 0.425266 0 0 2.30197 2.03393 4.97489 0.655526 0.745632 0.426989 2.909 4.964 0 0 0 0 
 1.667 1.163 0.425165 0 0 2.30237 2.03963 5.17006 0.653433 0.748746 0.429773 2.901 4.969 0 0 0 0 
 1.662 1.161 0.425058 0 0 2.29826 2.03674 5.07832 0.653572 0.74725 0.428935 2.899 4.964 0 0 0 0 
 1.662 1.161 0.424948 0 0 2.30216 2.02953 4.60001 0.653073 0.737202 0.424124 2.912 4.94 0 0 0 0 
 1.655 1.162 0.424803 0 0 2.30237 2.02123 4.02501 0.653627 0.722202 0.416153 2.929 4.91 0 0 0 0 
 1.656 1.154 0.4247 0 0 2.30367 2.01084 3.95197 0.652906 0.71981 0.415335 2.931 4.894 0 0 0 0 
 1.656 1.159 0.424573 0 0 2.30697 2.00804 3.66273 0.651891 0.709611 0.410661 2.942 4.873 0 0 0 0 
 1.661 1.163 0.424505 0 0 2.31137 2.00333 3.49472 0.648439 0.701899 0.408608 2.945 4.848 0 0 0 0 
 1.66 1.16 0.424444 0 0 2.31157 1.99464 3.35318 0.647052 0.695391 0.405999 2.948 4.826 0 0 0 0 
 1.656 1.156 0.424338 0 0 2.30997 1.99034 3.29108 0.64824 0.693093 0.404136 2.952 4.821 0 0 0 0 
 1.653 1.156 0.424146 0 0 2.30877 1.99093 3.26073 0.649399 0.692327 0.403091 2.955 4.823 0 0 0 0 
 1.66 1.155 0.423988 0 0 2.31517 1.99053 3.28511 0.649247 0.693665 0.403873 2.96 4.824 0 0 0 0 
 1.657 1.155 0.423799 0 0 2.30976 1.98963 3.32458 0.647566 0.695205 0.405614 2.949 4.821 0 0 0 0 
 1.658 1.157 0.423739 0 0 2.30567 1.99373 3.49245 0.645499 0.701908 0.410273 2.933 4.83 0 0 0 0 
 1.661 1.164 0.423652 0 0 2.30057 2.00613 3.85094 0.642964 0.714546 0.418298 2.909 4.855 0 0 0 0 
 1.66 1.162 0.423513 0 0 2.29447 2.01103 4.2213 0.64261 0.725961 0.424419 2.891 4.876 0 0 0 0 
 1.662 1.16 0.423486 0 0 2.29377 2.01143 4.40792 0.641988 0.730732 0.427247 2.884 4.882 0 0 0 0 
 1.657 1.158 0.423361 0 0 2.29027 2.01483 4.51954 0.644716 0.734657 0.427668 2.884 4.898 0 0 0 0 
 1.661 1.153 0.423292 0 0 2.29547 2.01673 4.70469 0.647834 0.740152 0.428661 2.892 4.916 0 0 0 0 
 1.66 1.155 0.423253 0 0 2.29537 2.02113 4.74784 0.649179 0.741637 0.428634 2.894 4.926 0 0 0 0 
 1.657 1.152 0.423239 0 0 2.29027 2.01783 4.84498 0.647922 0.743277 0.430204 2.884 4.922 0 0 0 0 
 1.659 1.152 0.423158 0 0 2.29257 2.01663 4.78354 0.647634 0.741995 0.429719 2.887 4.918 0 0 0 0 
 1.658 1.151 0.423082 0 0 2.29187 2.01683 4.8135 0.648211 0.742949 0.429868 2.887 4.921 0 0 0 0 
 1.657 1.152 0.423054 0 0 2.29207 2.02023 4.84262 0.649722 0.744141 0.429593 2.89 4.93 0 0 0 0 
 1.657 1.156 0.423029 0 0 2.29267 2.02393 4.7999 0.649935 0.743353 0.429068 2.892 4.933 0 0 0 0 
 1.661 1.154 0.422985 0 0 2.29517 2.02224 4.89052 0.649214 0.74505 0.430352 2.891 4.932 0 0 0 0 
 1.663 1.159 0.422971 0 0 2.29807 2.02483 4.75188 0.648838 0.742016 0.429026 2.896 4.929 0 0 0 0 
 1.662 1.157 0.42294 0 0 2.29497 2.02103 4.7918 0.647038 0.742277 0.430211 2.888 4.921 0 0 0 0 
 1.657 1.158 0.422905 0 0 2.29176 2.02263 4.72267 0.648227 0.741257 0.428995 2.889 4.924 0 0 0 0 
 1.663 1.146 0.422811 0 0 2.29777 2.01304 4.81238 0.649067 0.743627 0.429714 2.895 4.92 0 0 0 0 
 1.659 1.15 0.422775 0 0 2.29647 2.01613 4.64432 0.650208 0.740397 0.427404 2.9 4.921 0 0 0 0 
 1.658 1.147 0.422754 0 0 2.29577 2.01523 4.70496 0.651121 0.742115 0.427749 2.9 4.925 0 0 0 0 
 1.659 1.153 0.422771 0 0 2.29647 2.01944 4.65497 0.650315 0.740683 0.427488 2.9 4.925 0 0 0 0 
 1.666 1.15 0.422754 0 0 2.30197 2.01524 4.68505 0.649061 0.74094 0.428348 2.902 4.918 0 0 0 0 
 1.664 1.154 0.422711 0 0 2.29997 2.01953 4.6959 0.649158 0.74128 0.428465 2.9 4.923 0 0 0 0 
