 0.935 1.016 0.442502 0 0 1.60967 1.15103 0.202867 0 0 0 2.3 2.35 0 0 0 0 
 0.934 1.017 0.442502 0 0 1.60747 1.15263 0.204167 0.445545 -0.296106 -0.259828 2.295 2.353 0 0 0 0 
 0.94 1.017 0.443032 0 0 1.61197 1.15173 0.20324 0.444361 -0.297404 -0.261579 2.296 2.35 0 0 0 0 
 0.945 1.021 0.444818 0 0 1.61547 1.15363 0.200447 0.442783 -0.302218 -0.266521 2.296 2.347 0 0 0 0 
 0.958 1.026 0.433925 0 0 1.62397 1.15713 0.199495 0.440516 -0.28916 -0.256769 2.294 2.347 0 0 0 0 
 0.998 1.029 0.420515 0 0 1.65077 1.15954 0.202681 0.433212 -0.266826 -0.241559 2.29 2.348 0 0 0 0 
 1.041 1.038 0.39443 0 0 1.68057 1.16553 0.202095 0.426065 -0.2339 -0.21616 2.289 2.347 0 0 0 0 
 1.086 1.046 0.367556 0 0 1.71237 1.17143 0.202979 0.418891 -0.199034 -0.187818 2.29 2.348 0 0 0 0 
 1.145 1.067 0.343061 0 0 1.75427 1.18673 0.199093 0.408149 -0.171921 -0.16692 2.292 2.35 0 0 0 0 
 1.211 1.076 0.322806 0 0 1.80047 1.19273 0.200666 0.395862 -0.144249 -0.144737 2.292 2.349 0 0 0 0 
 1.269 1.086 0.305973 0 0 1.84347 1.20093 0.202786 0.386568 -0.12121 -0.12477 2.3 2.353 0 0 0 0 
 1.297 1.096 0.291116 0 0 1.86487 1.20853 0.200808 0.382365 -0.10594 -0.110375 2.306 2.355 0 0 0 0 
 1.342 1.097 0.278334 0 0 1.89667 1.20983 0.206283 0.374285 -0.085034 -0.0906274 2.307 2.357 0 0 0 0 
 1.384 1.108 0.26775 0 0 1.92727 1.21813 0.205552 0.366738 -0.0732666 -0.0797422 2.311 2.359 0 0 0 0 
 1.439 1.122 0.259056 0 0 1.96697 1.22883 0.20516 0.356523 -0.0631486 -0.0707312 2.315 2.362 0 0 0 0 
 1.482 1.13 0.25218 0 0 1.99857 1.23473 0.205577 0.348958 -0.0546939 -0.0626121 2.32 2.363 0 0 0 0 
 1.525 1.141 0.245773 0 0 2.02807 1.24274 0.205033 0.339877 -0.0477015 -0.0560808 2.318 2.364 0 0 0 0 
 1.562 1.136 0.240879 0 0 2.05487 1.23953 0.213213 0.333629 -0.034482 -0.0413183 2.321 2.365 0 0 0 0 
 1.601 1.137 0.236055 0 0 2.08037 1.23963 0.217439 0.32482 -0.0251851 -0.0310042 2.315 2.363 0 0 0 0 
 1.633 1.146 0.23242 0 0 2.10217 1.24624 0.216956 0.317897 -0.0216769 -0.0272687 2.313 2.364 0 0 0 0 
 1.66 1.16 0.229578 0 0 2.12136 1.25663 0.212572 0.31234 -0.0225695 -0.0288957 2.314 2.366 0 0 0 0 
 1.694 1.161 0.226415 0 0 2.14367 1.25703 0.216877 0.304706 -0.0153772 -0.0201835 2.309 2.365 0 0 0 0 
 1.72 1.164 0.223497 0 0 2.16367 1.26003 0.219903 0.300836 -0.00983609 -0.0130776 2.315 2.368 0 0 0 0 
 1.748 1.172 0.221327 0 0 2.18507 1.26534 0.216856 0.296182 -0.0103085 -0.013921 2.321 2.367 0 0 0 0 
 1.778 1.179 0.219734 0 0 2.20427 1.27024 0.217363 0.288896 -0.00822969 -0.0113942 2.315 2.367 0 0 0 0 
 1.818 1.175 0.217979 0 0 2.23107 1.26743 0.22759 0.280529 0.00197222 0.00281213 2.311 2.367 0 0 0 0 
 1.851 1.176 0.216242 0 0 2.25327 1.26873 0.234705 0.273582 0.00921714 0.0134754 2.308 2.369 0 0 0 0 
 1.88 1.178 0.215609 0 0 2.27297 1.26953 0.237241 0.267391 0.0116271 0.0173916 2.306 2.367 0 0 0 0 
 1.901 1.182 0.214848 0 0 2.28767 1.27293 0.239611 0.263226 0.014004 0.0212773 2.306 2.369 0 0 0 0 
 1.919 1.193 0.214541 0 0 2.30117 1.27943 0.230109 0.259671 0.00678089 0.010445 2.309 2.365 0 0 0 0 
 1.942 1.198 0.213818 0 0 2.31997 1.28353 0.230248 0.256823 0.00745118 0.0116047 2.318 2.367 0 0 0 0 
 1.962 1.206 0.213455 0 0 2.33397 1.28973 0.228997 0.252682 0.00671667 0.0106322 2.318 2.369 0 0 0 0 
 1.986 1.207 0.213324 0 0 2.35077 1.28893 0.22848 0.247766 0.00634108 0.0102369 2.318 2.364 0 0 0 0 
 2.018 1.213 0.213067 0 0 2.37316 1.29224 0.22687 0.241168 0.00523895 0.00868908 2.318 2.361 0 0 0 0 
 2.046 1.207 0.213052 0 0 2.39367 1.28684 0.233755 0.236396 0.0101649 0.0171981 2.321 2.357 0 0 0 0 
 2.066 1.204 0.213306 0 0 2.40827 1.28353 0.236653 0.232859 0.0119189 0.0204712 2.323 2.353 0 0 0 0 
 2.097 1.211 0.213429 0 0 2.42996 1.28723 0.233044 0.22637 0.00904889 0.0159882 2.323 2.349 0 0 0 0 
 2.112 1.217 0.214123 0 0 2.44197 1.29263 0.233322 0.224344 0.00864542 0.0154133 2.328 2.353 0 0 0 0 
 2.129 1.23 0.213949 0 0 2.45266 1.30083 0.222415 0.219586 0.00114375 0.00208346 2.324 2.35 0 0 0 0 
 2.147 1.228 0.214108 0 0 2.46377 1.30003 0.231411 0.215288 0.00709971 0.0131903 2.319 2.352 0 0 0 0 
 2.181 1.232 0.214416 0 0 2.48697 1.30463 0.241959 0.208384 0.0136073 0.0261138 2.317 2.358 0 0 0 0 
 2.209 1.247 0.214881 0 0 2.50717 1.31663 0.237886 0.202908 0.0103893 0.020478 2.319 2.363 0 0 0 0 
 2.218 1.255 0.21504 0 0 2.51376 1.32223 0.231324 0.201013 0.00601497 0.0119687 2.32 2.363 0 0 0 0 
 2.243 1.253 0.215296 0 0 2.52977 1.32113 0.242173 0.195318 0.012455 0.0255017 2.315 2.364 0 0 0 0 
 2.27 1.253 0.21572 0 0 2.54717 1.32113 0.250903 0.189109 0.0171044 0.0361633 2.31 2.364 0 0 0 0 
 2.293 1.248 0.216306 0 0 2.56297 1.31733 0.262629 0.184629 0.0232476 0.0503234 2.309 2.363 0 0 0 0 
 2.309 1.227 0.217033 0 0 2.57237 1.30023 0.28547 0.180941 0.0353355 0.0779567 2.303 2.355 0 0 0 0 
 2.33 1.216 0.217826 0 0 2.58677 1.29223 0.305949 0.177133 0.0453932 0.10215 2.302 2.354 0 0 0 0 
 2.344 1.201 0.218547 0 0 2.59537 1.28143 0.331381 0.174291 0.0577295 0.131723 2.298 2.353 0 0 0 0 
 2.36 1.202 0.219317 0 0 2.60626 1.28153 0.334683 0.170875 0.0580058 0.13496 2.297 2.351 0 0 0 0 
 2.383 1.221 0.222 0 0 2.62477 1.29603 0.320728 0.167319 0.0483239 0.115015 2.305 2.355 0 0 0 0 
 2.397 1.247 0.224967 0 0 2.63457 1.31513 0.294937 0.163585 0.0326253 0.0796073 2.305 2.358 0 0 0 0 
 2.421 1.257 0.227634 0 0 2.65317 1.32453 0.299384 0.160032 0.0326879 0.0815224 2.311 2.366 0 0 0 0 
 2.436 1.253 0.229829 0 0 2.66457 1.32353 0.318784 0.158198 0.0405977 0.102292 2.314 2.372 0 0 0 0 
 2.449 1.244 0.23182 0 0 2.67456 1.31603 0.330672 0.156524 0.0447667 0.113907 2.317 2.368 0 0 0 0 
 2.464 1.251 0.234941 0 0 2.68537 1.32033 0.323876 0.153423 0.0390535 0.10147 2.318 2.366 0 0 0 0 
 2.469 1.253 0.238489 0 0 2.69187 1.32053 0.31266 0.154128 0.0318476 0.0824652 2.328 2.362 0 0 0 0 
 2.482 1.259 0.2422 0 0 2.70097 1.32533 0.312569 0.151454 0.0292472 0.0770911 2.328 2.364 0 0 0 0 
 2.497 1.256 0.245028 0 0 2.71027 1.32414 0.330818 0.148112 0.0354799 0.0955275 2.324 2.367 0 0 0 0 
 2.515 1.251 0.248167 0 0 2.72167 1.32213 0.358474 0.144412 0.045104 0.124287 2.32 2.372 0 0 0 0 
 2.534 1.264 0.251376 0 0 2.73466 1.33184 0.351545 0.14004 0.0393248 0.111856 2.319 2.374 0 0 0 0 
 2.555 1.275 0.255682 0 0 2.74787 1.33833 0.340727 0.134311 0.0313137 0.0929885 2.314 2.37 0 0 0 0 
 2.577 1.282 0.258619 0 0 2.76237 1.34263 0.3393 0.129066 0.0282402 0.0872992 2.311 2.368 0 0 0 0 
 2.585 1.271 0.261747 0 0 2.76827 1.33433 0.360041 0.128219 0.0346723 0.107747 2.312 2.366 0 0 0 0 
 2.599 1.257 0.264476 0 0 2.77777 1.32483 0.398792 0.126175 0.047352 0.149002 2.311 2.367 0 0 0 0 
 2.606 1.258 0.268083 0 0 2.78417 1.32583 0.400274 0.125832 0.0460359 0.145309 2.316 2.368 0 0 0 0 
 2.618 1.263 0.272208 0 0 2.79347 1.33023 0.403107 0.124046 0.0445127 0.142562 2.319 2.371 0 0 0 0 
 2.634 1.27 0.276462 0 0 2.80467 1.33453 0.397255 0.120533 0.0393799 0.129949 2.319 2.369 0 0 0 0 
 2.645 1.266 0.281331 0 0 2.81147 1.33053 0.408344 0.117909 0.0401993 0.135537 2.316 2.365 0 0 0 0 
 2.654 1.268 0.284593 0 0 2.81777 1.33223 0.413674 0.116169 0.0399894 0.136833 2.316 2.366 0 0 0 0 
 2.672 1.28 0.288796 0 0 2.83037 1.34033 0.400557 0.112029 0.0326311 0.115987 2.316 2.365 0 0 0 0 
 2.694 1.295 0.292939 0 0 2.84547 1.35113 0.388569 0.106869 0.0257725 0.0961659 2.315 2.366 0 0 0 0 
 2.712 1.316 0.295762 0 0 2.85866 1.36613 0.355801 0.102672 0.0134764 0.0524549 2.317 2.367 0 0 0 0 
 2.729 1.32 0.298015 0 0 2.86907 1.36834 0.359473 0.0981472 0.0131947 0.0537233 2.312 2.365 0 0 0 0 
 2.719 1.313 0.299577 0 0 2.86117 1.36193 0.358483 0.099599 0.0124551 0.0499794 2.309 2.36 0 0 0 0 
 2.717 1.303 0.30085 0 0 2.85887 1.35553 0.388227 0.100128 0.0210991 0.0840895 2.306 2.362 0 0 0 0 
 2.735 1.302 0.302476 0 0 2.87146 1.35483 0.407749 0.0967857 0.0254602 0.104837 2.306 2.362 0 0 0 0 
 2.749 1.302 0.304401 0 0 2.88157 1.35634 0.434482 0.0946399 0.03156 0.132607 2.307 2.367 0 0 0 0 
 2.76 1.308 0.306704 0 0 2.89257 1.36143 0.426434 0.0944728 0.0284706 0.119966 2.318 2.37 0 0 0 0 
 2.775 1.314 0.309527 0 0 2.90367 1.36803 0.446532 0.0921582 0.0320826 0.13836 2.32 2.378 0 0 0 0 
 2.781 1.31 0.311999 0 0 2.91027 1.36583 0.460973 0.0929286 0.0351532 0.150174 2.328 2.38 0 0 0 0 
 2.784 1.305 0.315058 0 0 2.91296 1.36113 0.465018 0.0928277 0.0350244 0.149791 2.33 2.376 0 0 0 0 
 2.792 1.3 0.317971 0 0 2.91887 1.35673 0.479615 0.09166 0.037205 0.160956 2.331 2.373 0 0 0 0 
 2.797 1.3 0.321258 0 0 2.92206 1.35673 0.487557 0.0905592 0.0375433 0.164333 2.33 2.373 0 0 0 0 
 2.799 1.289 0.324931 0 0 2.92347 1.34934 0.526669 0.0909975 0.0456409 0.197996 2.33 2.374 0 0 0 0 
 2.803 1.277 0.328853 0 0 2.92537 1.34183 0.585714 0.0907218 0.0571624 0.246892 2.327 2.377 0 0 0 0 
 2.816 1.28 0.333536 0 0 2.93417 1.34543 0.618289 0.0883002 0.060711 0.268386 2.326 2.382 0 0 0 0 
 2.826 1.289 0.339753 0 0 2.94057 1.35053 0.595519 0.0852555 0.0521993 0.24018 2.324 2.378 0 0 0 0 
 2.842 1.304 0.345551 0 0 2.94997 1.36043 0.576172 0.0800466 0.0437175 0.215081 2.318 2.376 0 0 0 0 
 2.857 1.321 0.350559 0 0 2.95987 1.37173 0.53753 0.0756049 0.0327345 0.171486 2.316 2.374 0 0 0 0 
 2.87 1.332 0.354587 0 0 2.96896 1.37883 0.512058 0.072304 0.0254775 0.140024 2.316 2.372 0 0 0 0 
 2.888 1.334 0.357557 0 0 2.98187 1.37813 0.508213 0.0685262 0.0227133 0.131813 2.317 2.365 0 0 0 0 
 2.901 1.323 0.360171 0 0 2.99127 1.37163 0.597802 0.0673819 0.0366861 0.214432 2.318 2.369 0 0 0 0 
 2.909 1.315 0.362502 0 0 2.99746 1.36723 0.670219 0.0671569 0.046781 0.271745 2.32 2.373 0 0 0 0 
 2.911 1.315 0.366297 0 0 2.99707 1.36544 0.663793 0.06528 0.0436326 0.261247 2.314 2.367 0 0 0 0 
 2.917 1.316 0.370829 0 0 3.00247 1.36583 0.659613 0.0648085 0.0415375 0.250966 2.318 2.366 0 0 0 0 
 2.912 1.31 0.375016 0 0 2.99897 1.35983 0.645274 0.0657702 0.0389291 0.232478 2.318 2.36 0 0 0 0 
 2.905 1.307 0.37887 0 0 2.99197 1.35804 0.664995 0.0661053 0.04088 0.242495 2.311 2.361 0 0 0 0 
 2.906 1.306 0.382846 0 0 2.99446 1.35733 0.655576 0.0671373 0.039023 0.228439 2.317 2.361 0 0 0 0 
 2.916 1.307 0.387267 0 0 3.00206 1.35894 0.689196 0.0658628 0.0417896 0.24855 2.319 2.364 0 0 0 0 
 2.913 1.308 0.39102 0 0 2.99967 1.35993 0.683052 0.0662651 0.0401618 0.237842 2.318 2.365 0 0 0 0 
 2.917 1.303 0.3954 0 0 3.00337 1.35613 0.706743 0.0664356 0.042259 0.249149 2.321 2.364 0 0 0 0 
 2.916 1.3 0.39909 0 0 3.00236 1.35613 0.760162 0.0672624 0.0486357 0.281547 2.32 2.371 0 0 0 0 
 2.926 1.302 0.403182 0 0 3.01027 1.35723 0.768904 0.0657939 0.0475811 0.281587 2.323 2.37 0 0 0 0 
 2.943 1.313 0.408076 0 0 3.02487 1.36493 0.735871 0.0635061 0.0408012 0.251547 2.332 2.37 0 0 0 0 
 2.959 1.322 0.412628 0 0 3.03427 1.37244 0.792415 0.059151 0.043228 0.284399 2.326 2.374 0 0 0 0 
 2.968 1.322 0.416858 0 0 3.04086 1.37063 0.788138 0.0572515 0.0404641 0.275521 2.327 2.368 0 0 0 0 
 2.972 1.32 0.421378 0 0 3.04276 1.36983 0.849546 0.0563609 0.0447278 0.307377 2.324 2.37 0 0 0 0 
 2.982 1.318 0.425578 0 0 3.04887 1.36963 0.973999 0.0545658 0.0526414 0.368286 2.321 2.374 0 0 0 0 
 2.995 1.33 0.430331 0 0 3.05826 1.37863 0.967242 0.0516166 0.0483979 0.358821 2.322 2.376 0 0 0 0 
 3.004 1.334 0.43574 0 0 3.06547 1.38233 1.00197 0.0505148 0.0486296 0.367571 2.325 2.379 0 0 0 0 
 3.014 1.344 0.440434 0 0 3.07037 1.38963 1.04968 0.0467453 0.0470944 0.383078 2.318 2.38 0 0 0 0 
 3.02 1.355 0.445887 0 0 3.07427 1.39463 0.895631 0.0438072 0.0338326 0.299623 2.317 2.371 0 0 0 0 
 3.022 1.36 0.450371 0 0 3.07417 1.39694 0.856128 0.0418032 0.0289234 0.27 2.312 2.367 0 0 0 0 
 3.021 1.355 0.453418 0 0 3.07227 1.39253 0.89884 0.0414656 0.0309667 0.290284 2.308 2.364 0 0 0 0 
 3.009 1.352 0.45615 0 0 3.06387 1.38923 0.806454 0.0435317 0.0253595 0.228936 2.308 2.36 0 0 0 0 
 3.008 1.345 0.459362 0 0 3.06256 1.38463 0.888419 0.0440869 0.0310209 0.274355 2.306 2.361 0 0 0 0 
 3.006 1.342 0.461965 0 0 3.06267 1.38253 0.868862 0.0456166 0.0301476 0.258444 2.311 2.361 0 0 0 0 
 3.01 1.335 0.465336 0 0 3.06637 1.37793 0.95375 0.046187 0.035724 0.300046 2.314 2.362 0 0 0 0 
 3.024 1.344 0.468443 0 0 3.07706 1.38453 0.95785 0.0435397 0.0334357 0.298026 2.317 2.363 0 0 0 0 
 3.034 1.361 0.472129 0 0 3.08496 1.39703 0.854417 0.0409593 0.0244724 0.234592 2.32 2.365 0 0 0 0 
 3.051 1.367 0.47504 0 0 3.09627 1.40003 0.89458 0.0367068 0.0239055 0.254838 2.318 2.361 0 0 0 0 
 3.056 1.362 0.47764 0 0 3.09827 1.39683 1.08078 0.0355159 0.0317487 0.343404 2.313 2.362 0 0 0 0 
 3.055 1.366 0.47987 0 0 3.09817 1.39993 1.00154 0.0357807 0.0280637 0.304006 2.315 2.363 0 0 0 0 
 3.052 1.361 0.483126 0 0 3.09607 1.39793 1.11158 0.0372637 0.0337069 0.347166 2.315 2.368 0 0 0 0 
 3.043 1.345 0.485593 0 0 3.08917 1.38823 1.3593 0.0404893 0.045833 0.425172 2.313 2.373 0 0 0 0 
 3.038 1.328 0.488941 0 0 3.08747 1.37513 1.40697 0.0436828 0.0503199 0.431779 2.319 2.369 0 0 0 0 
 3.045 1.324 0.494135 0 0 3.09237 1.37263 1.65327 0.0430072 0.0557591 0.478419 2.319 2.37 0 0 0 0 
 3.063 1.337 0.499678 0 0 3.10497 1.38173 1.80982 0.0386923 0.0526961 0.49882 2.319 2.37 0 0 0 0 
 3.08 1.346 0.505669 0 0 3.11777 1.38743 1.95111 0.0352642 0.0495472 0.512018 2.322 2.368 0 0 0 0 
 3.089 1.349 0.510717 0 0 3.12407 1.38983 2.32462 0.0335724 0.0510828 0.523599 2.322 2.369 0 0 0 0 
 3.094 1.35 0.515548 0 0 3.12787 1.39053 2.54915 0.0328419 0.0513553 0.523599 2.323 2.369 0 0 0 0 
 3.091 1.348 0.520928 0 0 3.12607 1.38913 2.38053 0.0337927 0.0503629 0.523599 2.324 2.369 0 0 0 0 
 3.088 1.348 0.526032 0 0 3.12427 1.38823 2.01165 0.0342305 0.045812 0.491514 2.325 2.366 0 0 0 0 
 3.086 1.345 0.531113 0 0 3.12197 1.38763 2.46536 0.0349342 0.0511885 0.523599 2.322 2.371 0 0 0 0 
 3.08 1.346 0.536066 0 0 3.11926 1.38653 1.67412 0.0361385 0.0407904 0.424092 2.327 2.365 0 0 0 0 
 3.083 1.354 0.541369 0 0 3.11987 1.39063 1.53623 0.0334817 0.0342722 0.388621 2.322 2.36 0 0 0 0 
 3.087 1.364 0.545216 0 0 3.12176 1.39823 1.50638 0.0314926 0.0311306 0.376536 2.319 2.362 0 0 0 0 
 3.089 1.369 0.548622 0 0 3.12257 1.39933 1.26996 0.0294798 0.0232443 0.305519 2.317 2.354 0 0 0 0 
 3.095 1.378 0.551444 0 0 3.12587 1.40413 1.1309 0.026506 0.0169417 0.250305 2.314 2.349 0 0 0 0 
 3.092 1.378 0.553645 0 0 3.12347 1.40533 1.1823 0.0272729 0.0186457 0.266943 2.313 2.353 0 0 0 0 
 3.097 1.382 0.555243 0 0 3.12637 1.40693 1.13635 0.0252563 0.0159 0.246689 2.311 2.349 0 0 0 0 
 3.098 1.379 0.556972 0 0 3.12677 1.40543 1.31054 0.0254548 0.0201423 0.306542 2.31 2.351 0 0 0 0 
 3.1 1.377 0.558401 0 0 3.12696 1.40463 1.64595 0.0248777 0.0254915 0.388985 2.306 2.353 0 0 0 0 
 3.102 1.369 0.560484 0 0 3.12837 1.39843 2.04734 0.0251949 0.0304006 0.449669 2.306 2.351 0 0 0 0 
 3.105 1.357 0.563412 0 0 3.13167 1.38913 2.61179 0.0263496 0.0359636 0.499725 2.31 2.348 0 0 0 0 
 3.106 1.347 0.566472 0 0 3.13207 1.38093 3.62931 0.0266901 0.0407332 0.523599 2.309 2.344 0 0 0 0 
 3.111 1.352 0.570222 0 0 3.13467 1.38533 6.11179 0.0251767 0.0425699 0.523599 2.306 2.347 0 0 0 0 
 3.109 1.365 0.574777 0 0 3.13267 1.39473 3.07619 0.0239075 0.0337138 0.513582 2.304 2.348 0 0 0 0 
 3.108 1.365 0.575199 0 0 3.13167 1.39413 2.83004 0.023692 0.0322741 0.498914 2.303 2.346 0 0 0 0 
 3.12 1.362 0.575207 0 0 3.14096 1.39203 7.19088 0.0225268 0.0385149 0.523599 2.306 2.346 0 0 0 0 
 3.12 1.365 0.575216 0 0 3.14156 1.39443 4.78876 0.0226396 0.036194 0.523599 2.308 2.347 0 0 0 0 
 3.118 1.372 0.575179 0 0 3.13897 1.40053 4.69815 0.0219789 0.0350219 0.523599 2.304 2.351 0 0 0 0 
 3.119 1.368 0.575193 0 0 3.14027 1.39653 4.29161 0.022145 0.0345594 0.523599 2.306 2.347 0 0 0 0 
 3.119 1.369 0.57524 0 0 3.13847 1.39813 13.4863 0.0213688 0.0387221 0.523599 2.3 2.35 0 0 0 0 
 3.116 1.372 0.575247 0 0 3.13636 1.39963 4.60543 0.0213191 0.0338383 0.523599 2.3 2.348 0 0 0 0 
 3.12 1.372 0.57525 0 0 3.13886 1.40023 13.4669 0.0207083 0.0375456 0.523599 2.299 2.35 0 0 0 0 
 3.124 1.372 0.575303 0 0 3.14347 1.39993 7.32597 0.0209311 0.0359174 0.523599 2.305 2.349 0 0 0 0 
 3.119 1.37 0.575328 0 0 3.14087 1.39823 3.48456 0.0223687 0.0329259 0.523599 2.308 2.348 0 0 0 0 
 3.124 1.371 0.575357 0 0 3.14407 1.39894 5.54028 0.0212635 0.0349897 0.523599 2.307 2.348 0 0 0 0 
 3.121 1.374 0.575441 0 0 3.14107 1.40103 4.40102 0.0209358 0.0328819 0.523599 2.304 2.348 0 0 0 0 
 3.124 1.367 0.575438 0 0 3.14287 1.39523 13.4683 0.02071 0.0375293 0.523599 2.303 2.345 0 0 0 0 
 3.122 1.371 0.57547 0 0 3.14207 1.39713 3.63749 0.0206079 0.0307776 0.523599 2.305 2.342 0 0 0 0 
 3.121 1.369 0.575462 0 0 3.13837 1.39483 12.0146 0.0190043 0.0342325 0.523599 2.295 2.339 0 0 0 0 
 3.116 1.369 0.57543 0 0 3.13546 1.39333 3.01148 0.0196197 0.0274958 0.510927 2.297 2.334 0 0 0 0 
 3.124 1.366 0.575402 0 0 3.14077 1.39154 20.9536 0.0185623 0.0344604 0.523599 2.296 2.335 0 0 0 0 
 3.124 1.368 0.575302 0 0 3.14107 1.39533 -32.2319 0.0193846 0.0382134 0.523599 2.297 2.343 0 0 0 0 
 3.121 1.366 0.575301 0 0 3.13807 1.39364 -20.5617 0.0194942 0.0389142 0.523599 2.294 2.342 0 0 0 0 
 3.119 1.369 0.575342 0 0 3.13666 1.39633 42.7465 0.0197168 0.0372853 0.523599 2.294 2.344 0 0 0 0 
 3.117 1.372 0.575316 0 0 3.13557 1.39693 4.31592 0.0193391 0.0302923 0.523599 2.295 2.339 0 0 0 0 
 3.116 1.372 0.575411 0 0 3.13397 1.39543 3.66566 0.0184612 0.0276974 0.523599 2.292 2.334 0 0 0 0 
 3.118 1.368 0.575361 0 0 3.13417 1.39474 -12.0094 0.0186683 0.0381948 0.523599 2.288 2.341 0 0 0 0 
 3.118 1.374 0.575353 0 0 3.13357 1.39893 -32.0509 0.0176791 0.0349108 0.523599 2.286 2.341 0 0 0 0 
 3.115 1.375 0.575331 0 0 3.13237 1.39963 6.52193 0.0185656 0.0314361 0.523599 2.289 2.341 0 0 0 0 
 3.117 1.377 0.575397 0 0 3.13347 1.40103 8.96884 0.0178493 0.0314129 0.523599 2.288 2.341 0 0 0 0 
 3.117 1.377 0.57543 0 0 3.13407 1.40133 6.85866 0.0182909 0.0311883 0.523599 2.29 2.342 0 0 0 0 
 3.114 1.378 0.575377 0 0 3.13197 1.40083 3.23598 0.0182426 0.0262948 0.523005 2.29 2.338 0 0 0 0 
 3.115 1.376 0.575246 0 0 3.13327 1.39944 3.37881 0.0186263 0.0272488 0.523599 2.292 2.338 0 0 0 0 
 3.113 1.376 0.575162 0 0 3.13126 1.39854 2.85396 0.0182984 0.0251473 0.502625 2.29 2.335 0 0 0 0 
 3.114 1.375 0.575167 0 0 3.13107 1.39723 3.64385 0.0175244 0.0262889 0.523599 2.287 2.333 0 0 0 0 
 3.112 1.376 0.575179 0 0 3.13057 1.39673 2.04963 0.0178107 0.0204652 0.43082 2.29 2.329 0 0 0 0 
 3.113 1.378 0.575202 0 0 3.13156 1.39843 1.96827 0.0177019 0.0197596 0.419936 2.291 2.33 0 0 0 0 
 3.114 1.377 0.575224 0 0 3.13257 1.39923 2.55459 0.0183559 0.0239786 0.481505 2.292 2.335 0 0 0 0 
 3.113 1.373 0.575239 0 0 3.13367 1.39733 2.41074 0.0202832 0.0256691 0.468605 2.298 2.338 0 0 0 0 
 3.114 1.372 0.575206 0 0 3.13347 1.39543 2.60256 0.0192908 0.0254083 0.484894 2.295 2.334 0 0 0 0 
 3.114 1.372 0.575251 0 0 3.13317 1.39633 3.22089 0.0194523 0.0279716 0.52197 2.294 2.337 0 0 0 0 
 3.114 1.371 0.575275 0 0 3.13347 1.39533 3.01144 0.0196187 0.0275086 0.511146 2.295 2.336 0 0 0 0 
 3.112 1.372 0.575302 0 0 3.13267 1.39543 2.14214 0.0199563 0.0235584 0.441161 2.297 2.334 0 0 0 0 
 3.115 1.374 0.575322 0 0 3.13327 1.39533 2.34739 0.0178631 0.0223223 0.463531 2.292 2.329 0 0 0 0 
 3.113 1.37 0.575393 0 0 3.13126 1.39223 2.71048 0.0181906 0.0244265 0.492903 2.29 2.328 0 0 0 0 
 3.114 1.373 0.575388 0 0 3.13257 1.39553 2.68144 0.0184659 0.0246687 0.490757 2.292 2.332 0 0 0 0 
 3.113 1.374 0.575379 0 0 3.13367 1.39713 2.06343 0.0198477 0.0228498 0.431553 2.298 2.335 0 0 0 0 
 3.114 1.371 0.575427 0 0 3.13407 1.39594 2.93781 0.0201704 0.0279773 0.506536 2.297 2.338 0 0 0 0 
 3.11 1.372 0.575402 0 0 3.13157 1.39723 2.36113 0.0211102 0.0263775 0.463492 2.298 2.34 0 0 0 0 
 3.113 1.375 0.575405 0 0 3.13397 1.39843 2.05446 0.0201231 0.0230893 0.43028 2.299 2.337 0 0 0 0 
 3.111 1.375 0.575431 0 0 3.13347 1.39963 1.9483 0.0213907 0.0235932 0.4155 2.302 2.341 0 0 0 0 
 3.113 1.375 0.575413 0 0 3.13606 1.39993 1.87604 0.0218322 0.0233764 0.404656 2.306 2.342 0 0 0 0 
 3.108 1.371 0.575464 0 0 3.13317 1.39653 1.60894 0.0232143 0.0215584 0.35567 2.308 2.34 0 0 0 0 
 3.108 1.371 0.575572 0 0 3.13317 1.39684 1.65256 0.0233239 0.0222479 0.364497 2.308 2.341 0 0 0 0 
 3.108 1.37 0.575612 0 0 3.13197 1.39733 2.17943 0.0232051 0.0275792 0.443774 2.304 2.345 0 0 0 0 
 3.111 1.369 0.575553 0 0 3.13227 1.39603 3.23887 0.0216007 0.0310275 0.521507 2.298 2.343 0 0 0 0 
 3.116 1.373 0.575543 0 0 3.13607 1.39883 3.43566 0.020499 0.0300704 0.523599 2.299 2.343 0 0 0 0 
 3.117 1.375 0.575546 0 0 3.13707 1.39993 2.93781 0.0201711 0.0279671 0.506365 2.3 2.342 0 0 0 0 
 3.113 1.372 0.575631 0 0 3.13397 1.39903 3.461 0.0214353 0.0314812 0.523599 2.299 2.346 0 0 0 0 
 3.118 1.374 0.575593 0 0 3.13657 1.40103 8.6904 0.0201071 0.0351769 0.523599 2.296 2.348 0 0 0 0 
 3.118 1.371 0.575687 0 0 3.13897 1.39743 3.12299 0.0212169 0.0300759 0.515816 2.304 2.343 0 0 0 0 
 3.121 1.372 0.5757 0 0 3.14047 1.39783 4.02447 0.0201681 0.0309796 0.523599 2.302 2.342 0 0 0 0 
 3.116 1.373 0.575669 0 0 3.13607 1.39914 3.63751 0.0206093 0.0307603 0.523599 2.299 2.344 0 0 0 0 
 3.12 1.372 0.575636 0 0 3.13976 1.39753 3.49242 0.0202243 0.0298227 0.523599 2.302 2.341 0 0 0 0 
 3.112 1.368 0.575596 0 0 3.13477 1.39533 2.57782 0.0225407 0.0294207 0.481163 2.304 2.343 0 0 0 0 
 3.121 1.374 0.575639 0 0 3.14017 1.39893 3.61704 0.0196735 0.0293428 0.523599 2.301 2.341 0 0 0 0 
 3.118 1.374 0.575596 0 0 3.13747 1.39923 3.55277 0.0199486 0.0295864 0.523599 2.299 2.342 0 0 0 0 
 3.118 1.372 0.575594 0 0 3.13657 1.39663 4.01943 0.0192317 0.029568 0.523599 2.296 2.338 0 0 0 0 
 3.116 1.373 0.575559 0 0 3.13636 1.39943 3.57511 0.0208839 0.0310093 0.523599 2.3 2.345 0 0 0 0 
 3.113 1.368 0.575538 0 0 3.13457 1.39593 3.53856 0.0220949 0.0326674 0.523599 2.301 2.345 0 0 0 0 
 3.115 1.376 0.57551 0 0 3.13447 1.40093 3.35368 0.0198387 0.0288921 0.523599 2.296 2.343 0 0 0 0 
 3.119 1.377 0.575514 0 0 3.13757 1.40013 2.97137 0.018685 0.0260641 0.508942 2.297 2.338 0 0 0 0 
 3.116 1.377 0.575519 0 0 3.13607 1.39983 2.1647 0.0194069 0.0230567 0.443633 2.299 2.337 0 0 0 0 
 3.117 1.378 0.575475 0 0 3.13617 1.40113 2.62759 0.019017 0.025145 0.486494 2.297 2.339 0 0 0 0 
 3.117 1.379 0.57546 0 0 3.13737 1.40273 2.33057 0.0199001 0.0247074 0.460947 2.301 2.342 0 0 0 0 
 3.116 1.378 0.575407 0 0 3.13546 1.40083 2.38067 0.0190738 0.0239872 0.466076 2.297 2.338 0 0 0 0 
 3.12 1.375 0.575433 0 0 3.13796 1.39753 3.05418 0.0181338 0.0255876 0.513845 2.296 2.334 0 0 0 0 
 3.115 1.371 0.575427 0 0 3.13567 1.39563 2.51323 0.0203935 0.0263543 0.477089 2.3 2.337 0 0 0 0 
 3.117 1.373 0.575384 0 0 3.13587 1.39733 3.46658 0.0192871 0.0284219 0.523599 2.296 2.338 0 0 0 0 
 3.118 1.368 0.575396 0 0 3.13747 1.39383 4.02447 0.0201659 0.0310055 0.523599 2.299 2.338 0 0 0 0 
 3.119 1.372 0.575435 0 0 3.13847 1.39573 2.72738 0.0194013 0.0260916 0.493533 2.3 2.335 0 0 0 0 
 3.119 1.368 0.575422 0 0 3.13817 1.39413 4.75887 0.0201094 0.0321656 0.523599 2.299 2.339 0 0 0 0 
