 -0.256 5.492 -0.0908455 0 0 1.61117 4.58467 -0.528188 0 0 0 2.948 3.147 0 0 0 0 
 -0.267 5.483 -0.0908457 0 0 1.60567 4.58016 -0.523299 1.32223 -0.591836 -0.177165 2.948 3.147 0 0 0 0 
 -0.223 5.426 -0.0913107 0 0 1.62167 4.55317 -0.511957 1.30026 -0.578557 -0.176138 2.936 3.15 0 0 0 0 
 -0.187 5.397 -0.098737 0 0 1.64067 4.53766 -0.508195 1.28967 -0.562233 -0.172645 2.938 3.148 0 0 0 0 
 -0.215 5.401 -0.12416 0 0 1.62967 4.53817 -0.505134 1.30809 -0.518469 -0.157233 2.944 3.145 0 0 0 0 
 -0.122 5.361 -0.228813 0 0 1.67467 4.52217 -0.504053 1.29632 -0.345501 -0.106209 2.941 3.153 0 0 0 0 
 0.09 5.473 -0.390666 0 0 1.78067 4.56967 -0.591718 1.26642 -0.16623 -0.0524559 2.941 3.136 0 0 0 0 
 0.34 5.425 -0.408919 0 0 1.90466 4.54017 -0.634653 1.18713 -0.174341 -0.0586765 2.939 3.125 0 0 0 0 
 0.86 5.533 -0.40244 0 0 2.16667 4.59867 -0.868353 1.04852 -0.352723 -0.133757 2.943 3.134 0 0 0 0 
 0.721 5.864 -0.406881 0 0 2.09217 4.76816 -1.02799 1.13707 -0.436604 -0.152398 2.933 3.142 0 0 0 0 
 0.616 6.032 -0.405529 0 0 2.03667 4.85867 -1.08448 1.18998 -0.467408 -0.155841 2.927 3.155 0 0 0 0 
 0.514 6.258 -0.425837 0 0 1.99467 4.96516 -1.19292 1.26788 -0.482208 -0.150973 2.945 3.142 0 0 0 0 
 0.257 6.635 -0.504847 0 0 1.86067 5.15817 -1.31575 1.41896 -0.400221 -0.112346 2.934 3.151 0 0 0 0 
 1.107 5.859 -0.640397 0 0 2.28617 4.77317 -1.31558 1.05873 -0.168288 -0.0634955 2.935 3.157 0 0 0 0 
 1.322 5.632 -0.671116 0 0 2.38817 4.66066 -1.28917 0.954473 -0.107792 -0.0451428 2.924 3.159 0 0 0 0 
 1.972 4.897 -0.673977 0 0 2.71617 4.29166 -1.05772 0.635743 -0.01261 -0.00793383 2.93 3.156 0 0 0 0 
 2.24 4.568 -0.67427 0 0 2.85067 4.11866 -0.90544 0.50219 0.0511402 0.0407112 2.931 3.139 0 0 0 0 
 2.421 4.376 -0.674552 0 0 2.93567 4.03116 -0.792284 0.409506 0.0971767 0.0946374 2.92 3.156 0 0 0 0 
 2.414 4.371 -0.672293 0 0 2.93317 4.02116 -0.798526 0.413942 0.0920739 0.088739 2.922 3.141 0 0 0 0 
 2.415 4.36 -0.670104 0 0 2.93366 4.01217 -0.793288 0.412929 0.0919702 0.0888559 2.922 3.134 0 0 0 0 
 2.555 4.354 -0.660499 0 0 3.00467 4.01067 -0.957202 0.374943 0.00919281 0.00980683 2.924 3.137 0 0 0 0 
 2.647 4.231 -0.648122 0 0 3.05317 3.94567 -0.846588 0.328809 0.0360731 0.0438551 2.929 3.13 0 0 0 0 
 2.631 4.21 -0.646444 0 0 3.05017 3.92967 -0.790293 0.333788 0.0581182 0.0695346 2.939 3.119 0 0 0 0 
 2.694 4.202 -0.632928 0 0 3.08367 3.93067 -0.836032 0.314618 0.024211 0.0307717 2.943 3.129 0 0 0 0 
 2.726 4.193 -0.632924 0 0 3.09417 3.93216 -0.856877 0.299 0.0156842 0.0209792 2.932 3.141 0 0 0 0 
 2.856 4.262 -0.62782 0 0 3.15517 3.97117 -1.46597 0.274259 -0.128709 -0.18556 2.924 3.15 0 0 0 0 
 2.871 4.136 -0.631222 0 0 3.16417 3.90767 -0.987012 0.246181 -0.0252232 -0.0409602 2.927 3.149 0 0 0 0 
 2.883 4.12 -0.630607 0 0 3.17066 3.90816 -0.9065 0.236764 -0.00331757 -0.0056048 2.928 3.166 0 0 0 0 
 2.895 4.052 -0.630869 0 0 3.17817 3.86917 -0.753416 0.223083 0.0442284 0.0791384 2.931 3.156 0 0 0 0 
 2.972 4.003 -0.627299 0 0 3.21366 3.84966 -0.73602 0.189375 0.0418803 0.0882305 2.925 3.166 0 0 0 0 
 2.978 3.992 -0.620192 0 0 3.22417 3.83967 -0.712148 0.191504 0.0450857 0.0938948 2.94 3.157 0 0 0 0 
 2.971 3.99 -0.620433 0 0 3.21867 3.84017 -0.691487 0.191368 0.0521145 0.108502 2.936 3.16 0 0 0 0 
 3.002 3.992 -0.61234 0 0 3.23667 3.83367 -0.799979 0.187587 0.0125976 0.0268559 2.941 3.145 0 0 0 0 
 3.112 4.137 -0.611403 0 0 3.28867 3.90367 -3.91599 0.186067 -0.212313 -0.428183 2.935 3.14 0 0 0 0 
 3.089 3.918 -0.625802 0 0 3.27467 3.79216 -0.804951 0.148589 0.0166999 0.0449258 2.93 3.136 0 0 0 0 
 3.095 3.917 -0.625118 0 0 3.28117 3.80317 -0.701115 0.144249 0.0412474 0.113883 2.937 3.159 0 0 0 0 
 3.104 3.899 -0.61947 0 0 3.28517 3.79916 -0.614581 0.13628 0.0597474 0.173602 2.936 3.169 0 0 0 0 
 3.131 4.046 -0.612297 0 0 3.28917 3.86867 -2.0723 0.153869 -0.132984 -0.332846 2.917 3.161 0 0 0 0 
 3.137 3.941 -0.616733 0 0 3.29117 3.81567 -1.05677 0.131425 -0.0328644 -0.0996934 2.915 3.16 0 0 0 0 
 3.183 3.87 -0.620759 0 0 3.31917 3.77816 -0.799505 0.108813 0.0115657 0.0424906 2.925 3.156 0 0 0 0 
 3.334 3.983 -0.620821 0 0 3.39667 3.82617 0.742738 0.0958482 -0.236571 -0.523599 2.929 3.139 0 0 0 0 
 3.288 3.88 -0.656723 0 0 3.36717 3.78367 -2.70664 0.0806864 -0.0739007 -0.351174 2.916 3.157 0 0 0 0 
 3.292 3.849 -0.663917 0 0 3.37017 3.77266 -1.48002 0.0720027 -0.0318661 -0.175212 2.918 3.166 0 0 0 0 
 3.287 3.838 -0.665396 0 0 3.36567 3.76867 -1.21311 0.0693898 -0.0159772 -0.0918422 2.914 3.169 0 0 0 0 
 3.278 3.813 -0.66863 0 0 3.36517 3.75616 -0.763427 0.0686975 0.0252384 0.145909 2.922 3.169 0 0 0 0 
 3.356 3.944 -0.669288 0 0 3.40167 3.81817 0.406372 0.0764508 -0.18639 -0.523599 2.917 3.162 0 0 0 0 
 3.325 3.844 -0.690294 0 0 3.38667 3.76517 -3.32248 0.0648738 -0.0577522 -0.34209 2.918 3.156 0 0 0 0 
 3.311 3.821 -0.708021 0 0 3.37967 3.75367 -1.493 0.0636003 -0.0174571 -0.109355 2.918 3.156 0 0 0 0 
 3.314 3.724 -0.713484 0 0 3.37816 3.70067 -0.380599 0.0423947 0.0667438 0.523599 2.912 3.147 0 0 0 0 
 3.315 3.738 -0.712418 0 0 3.38017 3.70566 -0.541381 0.0467585 0.0494843 0.400445 2.915 3.143 0 0 0 0 
 3.322 3.732 -0.710774 0 0 3.38717 3.70267 -0.48326 0.0454979 0.0554383 0.45351 2.922 3.143 0 0 0 0 
 3.332 3.748 -0.710653 0 0 3.39167 3.71117 -0.709933 0.0459204 0.0300646 0.256132 2.921 3.144 0 0 0 0 
 3.355 3.773 -0.708848 0 0 3.40367 3.72067 -1.85074 0.0470751 -0.0219709 -0.184563 2.922 3.138 0 0 0 0 
 3.364 3.765 -0.708937 0 0 3.41067 3.71967 -1.4639 0.0430394 -0.011046 -0.102301 2.927 3.144 0 0 0 0 
 3.332 3.956 -0.684308 0 0 3.47417 3.82467 -1.32373 0.128056 -0.0299979 -0.0934295 3.086 3.163 0 0 0 0 
