 1.486 1.536 -0.0262585 0 0 1.486 1.536 0.309367 0 0 0 2.439 2.971 0 0 0 0 
 1.481 1.537 -0.0262589 0 0 1.481 1.537 0.309723 5.5391e-05 -3.31899e-14 -2.39677e-10 2.442 2.975 0 0 0 0 
 1.482 1.541 -0.0262581 0 0 1.482 1.541 0.306515 5.53886e-05 -3.28508e-14 -2.37239e-10 2.441 2.973 0 0 0 0 
 1.481 1.536 -0.026257 0 0 1.481 1.536 0.310439 5.53875e-05 -3.29013e-14 -2.37608e-10 2.438 2.974 0 0 0 0 
 1.481 1.536 -0.026257 0 0 1.481 1.536 0.308713 5.53898e-05 -3.30092e-14 -2.38377e-10 2.441 2.972 0 0 0 0 
 1.486 1.54 -0.026257 0 0 1.486 1.54 0.308291 5.5203e-05 -3.22245e-14 -2.33498e-10 2.435 2.972 0 0 0 0 
 1.487 1.542 -0.0262574 0 0 1.487 1.542 0.307516 5.52004e-05 -3.22924e-14 -2.34001e-10 2.437 2.973 0 0 0 0 
 1.484 1.537 -0.0262571 0 0 1.484 1.537 0.310022 5.53871e-05 -3.28494e-14 -2.37235e-10 2.44 2.974 0 0 0 0 
 1.483 1.537 -0.0262573 0 0 1.483 1.537 0.309843 5.53878e-05 -3.29012e-14 -2.37607e-10 2.44 2.974 0 0 0 0 
 1.484 1.539 -0.0262586 0 0 1.484 1.539 0.307996 5.53849e-05 -3.25609e-14 -2.35161e-10 2.438 2.972 0 0 0 0 
 1.48 1.539 -0.0262568 0 0 1.48 1.539 0.306805 5.53839e-05 -3.24047e-14 -2.34037e-10 2.434 2.97 0 0 0 0 
 1.486 1.541 -0.0262567 0 0 1.486 1.541 0.3065 5.52044e-05 -3.21038e-14 -2.32617e-10 2.435 2.97 0 0 0 0 
 1.484 1.542 -0.0262571 0 0 1.484 1.542 0.308353 5.53834e-05 -3.24712e-14 -2.34519e-10 2.436 2.975 0 0 0 0 
 1.485 1.542 -0.0262572 0 0 1.485 1.542 0.309963 5.53847e-05 -3.26945e-14 -2.36126e-10 2.438 2.978 0 0 0 0 
 1.482 1.542 -0.0262566 0 0 1.482 1.542 0.306628 5.53851e-05 -3.25489e-14 -2.35074e-10 2.437 2.973 0 0 0 0 
 1.481 1.542 -0.0262567 0 0 1.481 1.542 0.30568 5.53864e-05 -3.26227e-14 -2.356e-10 2.438 2.972 0 0 0 0 
 1.482 1.545 -0.0262567 0 0 1.482 1.545 0.303481 5.53853e-05 -3.24383e-14 -2.34274e-10 2.438 2.971 0 0 0 0 
 1.481 1.544 -0.026257 0 0 1.481 1.544 0.303132 5.53867e-05 -3.25428e-14 -2.35022e-10 2.439 2.97 0 0 0 0 
 1.482 1.544 -0.0262567 0 0 1.482 1.544 0.302887 5.53851e-05 -3.23796e-14 -2.3385e-10 2.438 2.969 0 0 0 0 
 1.484 1.541 -0.0262563 0 0 1.484 1.541 0.305792 5.53836e-05 -3.23399e-14 -2.3357e-10 2.437 2.97 0 0 0 0 
 1.483 1.544 -0.0262551 0 0 1.483 1.544 0.302398 5.52016e-05 -3.20383e-14 -2.32155e-10 2.435 2.967 0 0 0 0 
 1.481 1.539 -0.0262551 0 0 1.481 1.539 0.306805 5.53841e-05 -3.24181e-14 -2.34133e-10 2.435 2.97 0 0 0 0 
 1.485 1.537 -0.026256 0 0 1.485 1.537 0.309905 5.51997e-05 -3.23666e-14 -2.34542e-10 2.435 2.972 0 0 0 0 
 1.485 1.538 -0.0262571 0 0 1.485 1.538 0.308889 5.52031e-05 -3.22241e-14 -2.33494e-10 2.434 2.971 0 0 0 0 
 1.484 1.541 -0.026258 0 0 1.484 1.541 0.306564 5.51976e-05 -3.23199e-14 -2.34212e-10 2.436 2.971 0 0 0 0 
 1.481 1.541 -0.0262584 0 0 1.481 1.541 0.304601 5.51983e-05 -3.22071e-14 -2.33392e-10 2.434 2.968 0 0 0 0 
 1.482 1.544 -0.026258 0 0 1.482 1.544 0.301282 5.53839e-05 -3.21852e-14 -2.32451e-10 2.437 2.966 0 0 0 0 
 1.478 1.542 -0.0262573 0 0 1.478 1.542 0.298967 5.53914e-05 -3.27254e-14 -2.36321e-10 2.443 2.963 0 0 0 0 
 1.482 1.546 -0.0262563 0 0 1.482 1.546 0.300269 5.51986e-05 -3.20609e-14 -2.32331e-10 2.436 2.966 0 0 0 0 
 1.482 1.545 -0.0262558 0 0 1.482 1.545 0.301108 5.53847e-05 -3.22643e-14 -2.33019e-10 2.438 2.967 0 0 0 0 
 1.479 1.547 -0.0262565 0 0 1.479 1.547 0.298567 5.53845e-05 -3.21474e-14 -2.32177e-10 2.436 2.965 0 0 0 0 
 1.478 1.547 -0.0262547 0 0 1.478 1.547 0.299234 5.5387e-05 -3.24147e-14 -2.34096e-10 2.438 2.967 0 0 0 0 
 1.485 1.541 -0.0262542 0 0 1.485 1.541 0.305373 5.5198e-05 -3.22413e-14 -2.33641e-10 2.437 2.969 0 0 0 0 
 1.486 1.538 -0.0262543 0 0 1.486 1.538 0.309128 5.51971e-05 -3.24159e-14 -2.3491e-10 2.437 2.972 0 0 0 0 
 1.484 1.541 -0.0262538 0 0 1.484 1.541 0.307818 5.53858e-05 -3.26528e-14 -2.35821e-10 2.439 2.974 0 0 0 0 
 1.484 1.54 -0.0262542 0 0 1.484 1.54 0.306564 5.51976e-05 -3.22998e-14 -2.34067e-10 2.436 2.97 0 0 0 0 
 1.483 1.542 -0.0262532 0 0 1.483 1.542 0.303763 5.52031e-05 -3.20253e-14 -2.32054e-10 2.434 2.967 0 0 0 0 
 1.485 1.542 -0.0262534 0 0 1.485 1.542 0.303831 5.53842e-05 -3.23014e-14 -2.33289e-10 2.439 2.968 0 0 0 0 
 1.487 1.542 -0.0262546 0 0 1.487 1.542 0.306677 5.52063e-05 -3.20649e-14 -2.32328e-10 2.435 2.971 0 0 0 0 
 1.484 1.539 -0.0262542 0 0 1.484 1.539 0.307996 5.53849e-05 -3.25551e-14 -2.35119e-10 2.438 2.972 0 0 0 0 
 1.485 1.539 -0.026254 0 0 1.485 1.539 0.308353 5.53835e-05 -3.24363e-14 -2.34267e-10 2.437 2.972 0 0 0 0 
 1.484 1.541 -0.0262539 0 0 1.484 1.541 0.307223 5.53856e-05 -3.26071e-14 -2.35491e-10 2.439 2.973 0 0 0 0 
 1.48 1.543 -0.026254 0 0 1.48 1.543 0.305262 5.53853e-05 -3.25064e-14 -2.34766e-10 2.436 2.972 0 0 0 0 
 1.48 1.543 -0.0262532 0 0 1.48 1.543 0.304142 5.53876e-05 -3.26628e-14 -2.35885e-10 2.439 2.971 0 0 0 0 
 1.483 1.545 -0.0262536 0 0 1.483 1.545 0.303412 5.51981e-05 -3.22046e-14 -2.33375e-10 2.436 2.97 0 0 0 0 
 1.486 1.543 -0.0262555 0 0 1.486 1.543 0.306387 5.53841e-05 -3.24455e-14 -2.34331e-10 2.439 2.973 0 0 0 0 
 1.488 1.54 -0.0262562 0 0 1.488 1.54 0.307516 5.51998e-05 -3.22759e-14 -2.33884e-10 2.438 2.971 0 0 0 0 
 1.486 1.542 -0.0262551 0 0 1.486 1.542 0.306145 5.51995e-05 -3.22506e-14 -2.33702e-10 2.437 2.971 0 0 0 0 
 1.483 1.546 -0.026253 0 0 1.483 1.546 0.302468 5.53844e-05 -3.23097e-14 -2.33349e-10 2.438 2.97 0 0 0 0 
 1.484 1.542 -0.026253 0 0 1.484 1.542 0.302572 5.52035e-05 -3.19546e-14 -2.31541e-10 2.435 2.965 0 0 0 0 
 1.485 1.545 -0.0262542 0 0 1.485 1.545 0.302152 5.52058e-05 -3.19068e-14 -2.31184e-10 2.435 2.967 0 0 0 0 
 1.479 1.55 -0.026254 0 0 1.479 1.55 0.300589 5.53866e-05 -3.24909e-14 -2.34648e-10 2.438 2.972 0 0 0 0 
 1.477 1.545 -0.026256 0 0 1.477 1.545 0.304142 5.5387e-05 -3.26497e-14 -2.35793e-10 2.436 2.973 0 0 0 0 
 1.478 1.546 -0.0262573 0 0 1.478 1.546 0.301599 5.53875e-05 -3.25738e-14 -2.35243e-10 2.438 2.97 0 0 0 0 
 1.48 1.544 -0.0262579 0 0 1.48 1.544 0.304425 5.53834e-05 -3.23031e-14 -2.33305e-10 2.434 2.971 0 0 0 0 
 1.48 1.542 -0.0262586 0 0 1.48 1.542 0.304911 5.53869e-05 -3.26319e-14 -2.35665e-10 2.438 2.971 0 0 0 0 
 1.483 1.542 -0.0262572 0 0 1.483 1.542 0.305791 5.53834e-05 -3.23407e-14 -2.33577e-10 2.436 2.971 0 0 0 0 
 1.481 1.541 -0.026256 0 0 1.481 1.541 0.307223 5.5385e-05 -3.25628e-14 -2.35174e-10 2.436 2.973 0 0 0 0 
 1.482 1.542 -0.0262554 0 0 1.482 1.542 0.307641 5.53862e-05 -3.27064e-14 -2.36206e-10 2.438 2.975 0 0 0 0 
 1.487 1.541 -0.0262578 0 0 1.487 1.541 0.309546 5.53842e-05 -3.25965e-14 -2.35421e-10 2.439 2.976 0 0 0 0 
 1.487 1.54 -0.0262587 0 0 1.487 1.54 0.306983 5.53844e-05 -3.24647e-14 -2.34468e-10 2.44 2.971 0 0 0 0 
 1.486 1.545 -0.0262584 0 0 1.486 1.545 0.302922 5.52072e-05 -3.19034e-14 -2.31154e-10 2.435 2.968 0 0 0 0 
 1.481 1.542 -0.0262571 0 0 1.481 1.542 0.30502 5.53837e-05 -3.23318e-14 -2.33511e-10 2.435 2.97 0 0 0 0 
 1.48 1.543 -0.0262548 0 0 1.48 1.543 0.306033 5.53846e-05 -3.24853e-14 -2.34616e-10 2.435 2.973 0 0 0 0 
 1.477 1.544 -0.0262548 0 0 1.477 1.544 0.303967 5.53879e-05 -3.27005e-14 -2.36156e-10 2.437 2.972 0 0 0 0 
 1.48 1.545 -0.0262545 0 0 1.48 1.545 0.303899 5.53858e-05 -3.25155e-14 -2.34829e-10 2.437 2.972 0 0 0 0 
 1.481 1.546 -0.0262531 0 0 1.481 1.546 0.305373 5.52004e-05 -3.22532e-14 -2.33717e-10 2.433 2.974 0 0 0 0 
 1.483 1.542 -0.026253 0 0 1.483 1.542 0.305373 5.51992e-05 -3.22237e-14 -2.33508e-10 2.435 2.97 0 0 0 0 
 1.489 1.54 -0.0262511 0 0 1.489 1.54 0.305483 5.52061e-05 -3.19726e-14 -2.3166e-10 2.437 2.967 0 0 0 0 
 1.486 1.542 -0.026251 0 0 1.486 1.542 0.304358 5.52009e-05 -3.21127e-14 -2.32697e-10 2.437 2.968 0 0 0 0 
 1.483 1.543 -0.0262503 0 0 1.483 1.543 0.304601 5.53832e-05 -3.2258e-14 -2.3298e-10 2.436 2.97 0 0 0 0 
 1.482 1.543 -0.0262517 0 0 1.482 1.543 0.302643 5.53834e-05 -3.21806e-14 -2.3242e-10 2.436 2.967 0 0 0 0 
 1.485 1.544 -0.0262532 0 0 1.485 1.544 0.300368 5.52072e-05 -3.1765e-14 -2.30151e-10 2.435 2.963 0 0 0 0 
 1.487 1.545 -0.0262536 0 0 1.487 1.545 0.300194 5.52036e-05 -3.18782e-14 -2.30986e-10 2.438 2.964 0 0 0 0 
 1.485 1.548 -0.0262527 0 0 1.485 1.548 0.301527 5.53863e-05 -3.24618e-14 -2.34439e-10 2.442 2.971 0 0 0 0 
 1.486 1.544 -0.0262533 0 0 1.486 1.544 0.308174 5.53845e-05 -3.25956e-14 -2.35413e-10 2.439 2.977 0 0 0 0 
 1.488 1.547 -0.026255 0 0 1.488 1.547 0.304007 5.5384e-05 -3.23583e-14 -2.33701e-10 2.441 2.973 0 0 0 0 
 1.486 1.545 -0.0262543 0 0 1.486 1.545 0.303481 5.5386e-05 -3.24978e-14 -2.347e-10 2.442 2.971 0 0 0 0 
 1.483 1.545 -0.0262544 0 0 1.483 1.545 0.300615 5.5203e-05 -3.19254e-14 -2.31331e-10 2.435 2.965 0 0 0 0 
 1.481 1.542 -0.0262531 0 0 1.481 1.542 0.302747 5.52076e-05 -3.18413e-14 -2.30702e-10 2.431 2.965 0 0 0 0 
 1.485 1.541 -0.0262527 0 0 1.485 1.541 0.306677 5.52074e-05 -3.20164e-14 -2.31971e-10 2.433 2.97 0 0 0 0 
 1.483 1.543 -0.0262533 0 0 1.483 1.543 0.30471 5.52075e-05 -3.19504e-14 -2.31493e-10 2.432 2.969 0 0 0 0 
 1.486 1.543 -0.026253 0 0 1.486 1.543 0.30387 5.52115e-05 -3.17763e-14 -2.30215e-10 2.433 2.967 0 0 0 0 
 1.488 1.544 -0.026252 0 0 1.488 1.544 0.304046 5.52128e-05 -3.17543e-14 -2.3005e-10 2.434 2.968 0 0 0 0 
 1.488 1.544 -0.026252 0 0 1.488 1.544 0.304887 5.52071e-05 -3.19746e-14 -2.3167e-10 2.436 2.97 0 0 0 0 
 1.488 1.545 -0.0262512 0 0 1.488 1.545 0.30338 5.52205e-05 -3.14833e-14 -2.28055e-10 2.431 2.967 0 0 0 0 
 1.485 1.543 -0.0262526 0 0 1.485 1.543 0.304466 5.52116e-05 -3.18035e-14 -2.30412e-10 2.432 2.968 0 0 0 0 
 1.484 1.544 -0.0262534 0 0 1.484 1.544 0.301906 5.52116e-05 -3.16997e-14 -2.29659e-10 2.432 2.965 0 0 0 0 
 1.483 1.546 -0.0262526 0 0 1.483 1.546 0.298834 5.52044e-05 -3.18138e-14 -2.30516e-10 2.435 2.963 0 0 0 0 
 1.488 1.544 -0.026253 0 0 1.488 1.544 0.303938 5.52027e-05 -3.20659e-14 -2.32351e-10 2.438 2.969 0 0 0 0 
 1.487 1.544 -0.0262527 0 0 1.487 1.544 0.298431 5.52223e-05 -3.11934e-14 -2.25948e-10 2.431 2.958 0 0 0 0 
 1.487 1.541 -0.026254 0 0 1.487 1.541 0.30471 5.52052e-05 -3.19833e-14 -2.31741e-10 2.436 2.967 0 0 0 0 
 1.484 1.537 -0.0262542 0 0 1.484 1.537 0.307872 5.52071e-05 -3.20315e-14 -2.32082e-10 2.432 2.968 0 0 0 0 
 1.487 1.542 -0.0262558 0 0 1.487 1.542 0.3065 5.52038e-05 -3.21333e-14 -2.32834e-10 2.436 2.971 0 0 0 0 
 1.488 1.543 -0.0262548 0 0 1.488 1.543 0.306677 5.52057e-05 -3.2096e-14 -2.32555e-10 2.436 2.972 0 0 0 0 
 1.486 1.545 -0.0262557 0 0 1.486 1.545 0.305087 5.53873e-05 -3.27005e-14 -2.36159e-10 2.443 2.974 0 0 0 0 
 1.484 1.542 -0.0262563 0 0 1.484 1.542 0.305328 5.53887e-05 -3.28042e-14 -2.36902e-10 2.443 2.972 0 0 0 0 
 1.481 1.545 -0.026256 0 0 1.481 1.545 0.303375 5.53885e-05 -3.27356e-14 -2.36407e-10 2.441 2.972 0 0 0 0 
 1.48 1.544 -0.0262563 0 0 1.48 1.544 0.303724 5.53867e-05 -3.25702e-14 -2.35221e-10 2.438 2.971 0 0 0 0 
 1.485 1.541 -0.0262561 0 0 1.485 1.541 0.303449 5.52149e-05 -3.16257e-14 -2.2911e-10 2.431 2.964 0 0 0 0 
 1.482 1.542 -0.0262568 0 0 1.482 1.542 0.303098 5.52119e-05 -3.17281e-14 -2.29864e-10 2.43 2.965 0 0 0 0 
 1.482 1.542 -0.0262573 0 0 1.482 1.542 0.305726 5.52047e-05 -3.20797e-14 -2.32442e-10 2.432 2.97 0 0 0 0 
 1.487 1.541 -0.0262566 0 0 1.487 1.541 0.309127 5.52216e-05 -3.1677e-14 -2.29454e-10 2.428 2.972 0 0 0 0 
 1.487 1.545 -0.0262577 0 0 1.487 1.545 0.307989 5.52153e-05 -3.18933e-14 -2.31047e-10 2.431 2.975 0 0 0 0 
 1.486 1.542 -0.0262579 0 0 1.486 1.542 0.310502 5.51987e-05 -3.25098e-14 -2.35584e-10 2.436 2.978 0 0 0 0 
 1.484 1.54 -0.0262577 0 0 1.484 1.54 0.310381 5.53855e-05 -3.27627e-14 -2.36616e-10 2.438 2.977 0 0 0 0 
 1.484 1.542 -0.0262571 0 0 1.484 1.542 0.308828 5.52114e-05 -3.20244e-14 -2.32013e-10 2.43 2.974 0 0 0 0 
 1.487 1.545 -0.0262561 0 0 1.487 1.545 0.304399 5.52179e-05 -3.16259e-14 -2.29099e-10 2.431 2.969 0 0 0 0 
 1.485 1.546 -0.0262566 0 0 1.485 1.546 0.30236 5.52251e-05 -3.13081e-14 -2.26767e-10 2.427 2.966 0 0 0 0 
 1.483 1.543 -0.0262567 0 0 1.483 1.543 0.305373 5.51992e-05 -3.22435e-14 -2.33652e-10 2.435 2.971 0 0 0 0 
 1.483 1.536 -0.0262547 0 0 1.483 1.536 0.31163 5.53882e-05 -3.3026e-14 -2.38506e-10 2.44 2.976 0 0 0 0 
 1.486 1.534 -0.0262541 0 0 1.486 1.534 0.313547 5.53857e-05 -3.28684e-14 -2.37378e-10 2.439 2.976 0 0 0 0 
 1.486 1.537 -0.0262541 0 0 1.486 1.537 0.309605 5.53865e-05 -3.27621e-14 -2.36607e-10 2.441 2.973 0 0 0 0 
 1.487 1.537 -0.0262535 0 0 1.487 1.537 0.310683 5.52006e-05 -3.23745e-14 -2.34595e-10 2.436 2.973 0 0 0 0 
 1.485 1.541 -0.0262556 0 0 1.485 1.541 0.307641 5.53868e-05 -3.27382e-14 -2.36433e-10 2.441 2.974 0 0 0 0 
 1.483 1.543 -0.0262545 0 0 1.483 1.543 0.303167 5.52036e-05 -3.19987e-14 -2.3186e-10 2.434 2.967 0 0 0 0 
 1.485 1.541 -0.026255 0 0 1.485 1.541 0.304182 5.5199e-05 -3.21543e-14 -2.33006e-10 2.437 2.967 0 0 0 0 
 1.483 1.54 -0.0262545 0 0 1.483 1.54 0.30387 5.52132e-05 -3.16871e-14 -2.29562e-10 2.43 2.964 0 0 0 0 
 1.484 1.54 -0.0262547 0 0 1.484 1.54 0.30429 5.52098e-05 -3.18125e-14 -2.30484e-10 2.432 2.965 0 0 0 0 
 1.485 1.541 -0.0262551 0 0 1.485 1.541 0.306549 5.52222e-05 -3.15319e-14 -2.284e-10 2.427 2.968 0 0 0 0 
 1.483 1.54 -0.0262548 0 0 1.483 1.54 0.307033 5.52133e-05 -3.18395e-14 -2.30666e-10 2.429 2.969 0 0 0 0 
 1.483 1.537 -0.0262544 0 0 1.483 1.537 0.309248 5.53876e-05 -3.28503e-14 -2.37239e-10 2.44 2.973 0 0 0 0 
 1.487 1.536 -0.0262541 0 0 1.487 1.536 0.309784 5.53859e-05 -3.26948e-14 -2.36124e-10 2.441 2.972 0 0 0 0 
 1.484 1.542 -0.0262546 0 0 1.484 1.542 0.306564 5.51977e-05 -3.23308e-14 -2.34291e-10 2.436 2.972 0 0 0 0 
 1.489 1.539 -0.026255 0 0 1.489 1.539 0.306906 5.52245e-05 -3.14308e-14 -2.27659e-10 2.429 2.966 0 0 0 0 
 1.489 1.538 -0.0262531 0 0 1.489 1.538 0.307685 5.52262e-05 -3.13912e-14 -2.27365e-10 2.428 2.966 0 0 0 0 
 1.485 1.538 -0.0262541 0 0 1.485 1.538 0.30524 5.52135e-05 -3.17074e-14 -2.29707e-10 2.431 2.964 0 0 0 0 
 1.483 1.543 -0.0262548 0 0 1.483 1.543 0.303656 5.53846e-05 -3.23542e-14 -2.33669e-10 2.438 2.969 0 0 0 0 
 1.483 1.541 -0.0262551 0 0 1.483 1.541 0.306274 5.53869e-05 -3.26819e-14 -2.36026e-10 2.44 2.972 0 0 0 0 
 1.484 1.542 -0.0262548 0 0 1.484 1.542 0.30502 5.53843e-05 -3.23757e-14 -2.33826e-10 2.438 2.97 0 0 0 0 
