 4.046 5.194 -1.71152 0 0 3.78817 4.83066 6.13337 0 0 0 3 3.937 0 0 0 0 
 4.045 5.197 -1.71152 0 0 3.78917 4.82817 7.70254 0.272348 -0.431706 -0.523599 3.003 3.929 0 0 0 0 
 4.038 5.206 -1.71208 0 0 3.79117 4.82216 63.4048 0.280674 -0.404478 -0.522915 3.014 3.908 0 0 0 0 
 4.039 5.2 -1.72196 0 0 3.79167 4.81516 67.2405 0.282378 -0.395897 -0.511101 3.014 3.9 0 0 0 0 
 4.03 5.178 -1.74494 0 0 3.78467 4.80366 22.2147 0.277525 -0.3774 -0.498187 3.009 3.899 0 0 0 0 
 4.012 5.164 -1.77982 0 0 3.77067 4.77717 -31.1415 0.287846 -0.329582 -0.429485 2.999 3.86 0 0 0 0 
 3.972 5.133 -1.85192 0 0 3.74966 4.73166 -4.18973 0.298076 -0.214676 -0.280488 2.997 3.8 0 0 0 0 
 3.96 5.075 -1.90628 0 0 3.74317 4.70116 -6.47384 0.282331 -0.174551 -0.242436 2.996 3.797 0 0 0 0 
 3.949 5.064 -1.92756 0 0 3.74567 4.68367 -3.23628 0.283794 -0.123231 -0.171976 3.012 3.773 0 0 0 0 
 3.939 5.034 -1.94445 0 0 3.74267 4.66867 -3.35133 0.273313 -0.106799 -0.155049 3.016 3.773 0 0 0 0 
 3.928 4.999 -1.95568 0 0 3.74417 4.65917 -3.50675 0.254796 -0.0943415 -0.147037 3.03 3.789 0 0 0 0 
 3.911 4.98 -1.967 0 0 3.73667 4.64917 -2.94928 0.247048 -0.0737201 -0.118799 3.032 3.788 0 0 0 0 
 3.882 4.94 -1.98377 0 0 3.73617 4.60317 -1.0976 0.24326 0.00359175 0.00590595 3.06 3.736 0 0 0 0 
 3.858 4.862 -1.99236 0 0 3.72017 4.53667 -0.991778 0.234127 0.0165879 0.0283324 3.052 3.681 0 0 0 0 
 3.848 4.838 -1.99384 0 0 3.71417 4.52166 -0.985261 0.227594 0.0177859 0.0312488 3.05 3.675 0 0 0 0 
 3.805 4.733 -1.99608 0 0 3.70217 4.44716 -0.378738 0.200784 0.056679 0.112439 3.069 3.631 0 0 0 0 
 3.796 4.717 -1.99327 0 0 3.70117 4.43467 -0.165973 0.196587 0.0686854 0.138857 3.076 3.622 0 0 0 0 
 3.771 4.7 -1.9907 0 0 3.68766 4.42916 0.108788 0.186628 0.0813843 0.172694 3.074 3.628 0 0 0 0 
 3.775 4.675 -1.98928 0 0 3.67917 4.41917 -0.510555 0.180782 0.0391467 0.0864008 3.053 3.633 0 0 0 0 
 3.763 4.661 -1.98767 0 0 3.67067 4.40966 -0.446094 0.177139 0.0415455 0.0935409 3.048 3.628 0 0 0 0 
 3.74 4.654 -1.98781 0 0 3.65917 4.39016 0.122894 0.181764 0.0785588 0.171188 3.048 3.596 0 0 0 0 
 3.732 4.59 -1.98145 0 0 3.65467 4.34667 0.00491183 0.168448 0.0634353 0.149511 3.047 3.573 0 0 0 0 
 3.716 4.576 -1.97437 0 0 3.64417 4.33467 0.221504 0.165941 0.069593 0.166206 3.042 3.563 0 0 0 0 
 3.703 4.569 -1.96808 0 0 3.63317 4.33216 0.255082 0.16278 0.0662498 0.16138 3.033 3.565 0 0 0 0 
 3.706 4.509 -1.94799 0 0 3.63267 4.27016 0.115686 0.165132 0.0480103 0.115775 3.029 3.501 0 0 0 0 
 3.704 4.481 -1.93778 0 0 3.64217 4.24616 0.769996 0.160106 0.0647335 0.160338 3.05 3.481 0 0 0 0 
 3.706 4.466 -1.93705 0 0 3.66367 4.21867 -0.47182 0.163534 0.119132 0.283542 3.091 3.441 0 0 0 0 
 3.691 4.451 -1.9349 0 0 3.65767 4.20467 1.99686 0.161006 0.137739 0.329706 3.094 3.428 0 0 0 0 
 3.675 4.431 -1.92809 0 0 3.64867 4.18967 -0.26678 0.1566 0.146077 0.357123 3.092 3.418 0 0 0 0 
 3.679 4.407 -1.91411 0 0 3.65266 4.16867 -0.393201 0.155176 0.135771 0.336655 3.096 3.4 0 0 0 0 
 3.669 4.408 -1.89907 0 0 3.64966 4.15867 0.341613 0.161255 0.151088 0.358576 3.1 3.379 0 0 0 0 
 3.65 4.377 -1.87054 0 0 3.64267 4.11216 44.1896 0.170043 0.171598 0.383656 3.105 3.317 0 0 0 0 
 3.603 4.373 -1.8379 0 0 3.60666 4.11617 -1.43404 0.164462 0.172923 0.398119 3.08 3.329 0 0 0 0 
 3.582 4.338 -1.80363 0 0 3.59667 4.09316 -1.51416 0.156558 0.172976 0.416138 3.081 3.318 0 0 0 0 
 3.662 4.279 -1.76904 0 0 3.63316 4.03816 -1.83836 0.160318 0.0467262 0.11606 3.074 3.267 0 0 0 0 
 3.687 4.276 -1.75173 0 0 3.64117 4.01117 -0.553037 0.178122 0.00615235 0.0138152 3.065 3.216 0 0 0 0 
 3.698 4.291 -1.74771 0 0 3.65367 4.00816 0.096619 0.189701 0.0145079 0.0305815 3.079 3.195 0 0 0 0 
 3.7 4.28 -1.74596 0 0 3.65217 4.00267 -0.527552 0.186516 0.00291443 0.00625016 3.074 3.195 0 0 0 0 
 3.751 4.229 -1.74253 0 0 3.66967 3.95567 0.222591 0.187898 -0.0791752 -0.16698 3.058 3.152 0 0 0 0 
 3.747 4.139 -1.74223 0 0 3.66317 3.89017 -0.1752 0.172267 -0.0966755 -0.220818 3.049 3.111 0 0 0 0 
 3.757 4.14 -1.74078 0 0 3.68617 3.86866 0.823543 0.185279 -0.056805 -0.122027 3.085 3.067 0 0 0 0 
 3.722 4.148 -1.74312 0 0 3.67266 3.86216 -0.532647 0.192238 0.000960791 0.00199917 3.093 3.046 0 0 0 0 
 3.655 4.151 -1.74205 0 0 3.63067 3.85067 -0.228515 0.199014 0.0636844 0.127308 3.076 3.02 0 0 0 0 
 3.632 4.111 -1.74203 0 0 3.62067 3.81417 1.76315 0.195404 0.0925961 0.187326 3.079 2.987 0 0 0 0 
 3.58 4.093 -1.73951 0 0 3.59767 3.79017 -7.32698 0.196707 0.160013 0.314578 3.085 2.957 0 0 0 0 
 3.578 4.045 -1.7242 0 0 3.59967 3.75917 -0.724523 0.185771 0.154356 0.320873 3.091 2.943 0 0 0 0 
 3.55 3.97 -1.67842 0 0 3.57666 3.70617 -0.507507 0.172488 0.131963 0.296973 3.073 2.912 0 0 0 0 
 3.542 3.932 -1.66437 0 0 3.58317 3.66517 -0.20155 0.174302 0.158217 0.348286 3.094 2.868 0 0 0 0 
 3.547 3.902 -1.64918 0 0 3.57666 3.64967 1.30959 0.165623 0.119563 0.281113 3.076 2.867 0 0 0 0 
 3.567 3.859 -1.6232 0 0 3.59016 3.63017 -0.487592 0.150875 0.0864609 0.225333 3.083 2.871 0 0 0 0 
 3.557 3.852 -1.60377 0 0 3.58417 3.63167 3.80554 0.145573 0.0851917 0.229946 3.081 2.881 0 0 0 0 
 3.555 3.858 -1.59513 0 0 3.59267 3.62467 0.0884015 0.154334 0.106277 0.268783 3.1 2.861 0 0 0 0 
 3.554 3.833 -1.57582 0 0 3.59016 3.59466 -0.317035 0.158089 0.0912911 0.227005 3.096 2.826 0 0 0 0 
 3.605 3.774 -1.55737 0 0 3.62067 3.53467 0.458202 0.158773 0.0304136 0.0764725 3.106 2.765 0 0 0 0 
 3.606 3.746 -1.54654 0 0 3.61417 3.50317 -9.53948 0.161024 0.00554225 0.0137667 3.092 2.73 0 0 0 0 
 3.589 3.7 -1.53932 0 0 3.59816 3.47817 1.33578 0.14714 0.00538818 0.0146467 3.077 2.726 0 0 0 0 
 3.576 3.708 -1.53373 0 0 3.60166 3.45816 -0.319978 0.166143 0.0397237 0.0953472 3.097 2.678 0 0 0 0 
 3.577 3.699 -1.52758 0 0 3.60016 3.43766 3.40251 0.173727 0.0285044 0.0655366 3.093 2.646 0 0 0 0 
 3.581 3.659 -1.52554 0 0 3.60517 3.40217 -2.59991 0.170796 0.030202 0.0706149 3.099 2.615 0 0 0 0 
 3.591 3.59 -1.52151 0 0 3.60967 3.36567 0.609502 0.149117 0.0187255 0.050188 3.098 2.611 0 0 0 0 
 3.612 3.567 -1.51809 0 0 3.63217 3.32967 1.02296 0.15779 0.0186668 0.0472853 3.122 2.562 0 0 0 0 
 3.613 3.533 -1.51639 0 0 3.64817 3.28367 -1.04462 0.166354 0.0522339 0.124943 3.153 2.504 0 0 0 0 
 3.594 3.516 -1.50609 0 0 3.63417 3.27867 0.392689 0.158798 0.0604077 0.151004 3.144 2.511 0 0 0 0 
 3.596 3.487 -1.49418 0 0 3.62616 3.25766 -3.89511 0.153105 0.0307686 0.0802133 3.126 2.498 0 0 0 0 
 3.596 3.478 -1.486 0 0 3.62517 3.23966 3.03855 0.15904 0.0216711 0.0544507 3.124 2.471 0 0 0 0 
 3.601 3.455 -1.48654 0 0 3.63317 3.20216 152.008 0.168787 0.0260422 0.0616379 3.135 2.419 0 0 0 0 
 3.63 3.389 -1.4847 0 0 3.63867 3.15566 4.37366 0.154588 -0.028046 -0.0724427 3.117 2.392 0 0 0 0 
 3.641 3.312 -1.48505 0 0 3.62117 3.11817 0.362346 0.127115 -0.0917277 -0.281007 3.071 2.394 0 0 0 0 
 3.605 3.297 -1.48768 0 0 3.61517 3.09267 -3.03137 0.135523 -0.0170981 -0.0504225 3.095 2.358 0 0 0 0 
 3.605 3.298 -1.48732 0 0 3.60667 3.09117 7.83322 0.13674 -0.0389511 -0.113453 3.078 2.354 0 0 0 0 
 3.613 3.266 -1.4877 0 0 3.62116 3.06217 0.170114 0.135089 -0.021983 -0.0650002 3.099 2.328 0 0 0 0 
 3.617 3.253 -1.48844 0 0 3.62667 3.05267 3.14784 0.132858 -0.0171806 -0.0516804 3.106 2.322 0 0 0 0 
 3.635 3.224 -1.49016 0 0 3.62717 3.03467 -1.45088 0.124756 -0.0583297 -0.184884 3.089 2.315 0 0 0 0 
 3.607 3.212 -1.49456 0 0 3.62117 3.01116 24.3267 0.133432 -0.00293743 -0.00880554 3.105 2.28 0 0 0 0 
 3.589 3.211 -1.49955 0 0 3.60167 3.00417 -0.718632 0.13733 -0.00522179 -0.0152082 3.084 2.267 0 0 0 0 
 3.598 3.184 -1.50134 0 0 3.61767 2.97817 -1.71243 0.136998 0.0133206 0.0388733 3.107 2.242 0 0 0 0 
 3.604 3.136 -1.50134 0 0 3.63117 2.95016 -0.623863 0.124153 0.0359487 0.115307 3.128 2.234 0 0 0 0 
 3.606 3.106 -1.50115 0 0 3.63717 2.93317 0.908328 0.115775 0.0486565 0.16655 3.138 2.23 0 0 0 0 
 3.653 3.044 -1.49925 0 0 3.65717 2.87966 5.30915 0.108843 -0.0195212 -0.0716184 3.131 2.185 0 0 0 0 
 3.653 3.044 -1.49967 0 0 3.67467 2.85666 0.985032 0.124876 0.0209885 0.0671291 3.166 2.139 0 0 0 0 
 3.66 3.018 -1.49931 0 0 3.68917 2.82666 -0.284575 0.127909 0.0388912 0.121028 3.188 2.105 0 0 0 0 
 3.655 3.006 -1.49861 0 0 3.67866 2.81367 3.56591 0.128287 0.0245311 0.0763395 3.172 2.091 0 0 0 0 
 3.652 3.002 -1.49688 0 0 3.67467 2.82067 6.77018 0.120977 0.0233934 0.0771945 3.167 2.109 0 0 0 0 
 3.652 2.97 -1.4954 0 0 3.64416 2.82217 0.0190858 0.0973776 -0.0492663 -0.199675 3.106 2.144 0 0 0 0 
 3.65 2.963 -1.49547 0 0 3.66217 2.80517 -0.432391 0.104915 0.000650851 0.00248143 3.144 2.117 0 0 0 0 
 3.636 2.972 -1.49496 0 0 3.63166 2.82666 -1.67041 0.0958717 -0.0399308 -0.165085 3.097 2.151 0 0 0 0 
 3.627 2.988 -1.49466 0 0 3.62717 2.81916 0.619441 0.11161 -0.0325013 -0.115959 3.097 2.12 0 0 0 0 
 3.615 2.987 -1.49549 0 0 3.65067 2.75867 -0.119595 0.15274 0.0451882 0.117792 3.156 2 0 0 0 0 
 3.647 2.91 -1.49408 0 0 3.67867 2.68767 -0.909942 0.148566 0.0358726 0.0962846 3.18 1.935 0 0 0 0 
 3.662 2.879 -1.49437 0 0 3.67817 2.66367 -0.94025 0.143115 -0.000804412 -0.0022483 3.164 1.918 0 0 0 0 
 3.673 2.863 -1.49256 0 0 3.66967 2.66716 -1.4589 0.129285 -0.0469097 -0.144129 3.136 1.941 0 0 0 0 
 3.699 2.846 -1.4929 0 0 3.69117 2.64467 0.633463 0.132729 -0.0589069 -0.175695 3.153 1.913 0 0 0 0 
 3.703 2.783 -1.497 0 0 3.68967 2.60017 2.20196 0.120328 -0.0680339 -0.222419 3.146 1.887 0 0 0 0 
 3.696 2.775 -1.49765 0 0 3.68117 2.58117 0.54585 0.12756 -0.0730377 -0.225147 3.136 1.857 0 0 0 0 
 3.694 2.762 -1.50269 0 0 3.68167 2.56867 -0.0342682 0.127401 -0.064234 -0.199005 3.139 1.845 0 0 0 0 
 3.685 2.708 -1.51092 0 0 3.68917 2.53216 -5.04897 0.116499 -0.0162339 -0.0556818 3.163 1.826 0 0 0 0 
 3.695 2.704 -1.51673 0 0 3.69117 2.52067 0.814019 0.121226 -0.0348754 -0.114572 3.157 1.807 0 0 0 0 
 3.706 2.698 -1.51604 0 0 3.70117 2.48517 0.0368684 0.14072 -0.0410058 -0.116036 3.166 1.742 0 0 0 0 
 3.714 2.655 -1.52012 0 0 3.68917 2.46767 3.11352 0.123385 -0.0868414 -0.274426 3.134 1.75 0 0 0 0 
 3.738 2.581 -1.53043 0 0 3.70166 2.43617 1.12582 0.0952834 -0.109764 -0.431789 3.135 1.761 0 0 0 0 
 3.755 2.554 -1.539 0 0 3.71167 2.42116 -0.0764384 0.0875194 -0.124714 -0.518066 3.138 1.758 0 0 0 0 
 3.772 2.502 -1.57666 0 0 3.72167 2.37717 -0.778524 0.0834101 -0.130648 -0.523599 3.141 1.722 0 0 0 0 
 3.767 2.518 -1.57768 0 0 3.71467 2.37116 -0.349149 0.0980601 -0.133239 -0.497837 3.132 1.694 0 0 0 0 
 3.747 2.494 -1.6133 0 0 3.72217 2.33717 0.0319246 0.104611 -0.0468491 -0.177256 3.167 1.65 0 0 0 0 
 3.733 2.496 -1.61324 0 0 3.71817 2.33217 -20.6897 0.108913 -0.0202306 -0.0741639 3.173 1.638 0 0 0 0 
 3.731 2.488 -1.62039 0 0 3.71317 2.33117 -0.73079 0.10442 -0.0259186 -0.0989618 3.165 1.644 0 0 0 0 
