 0.638 1.532 8.15607e-05 0 0 2.305 2.354 -0.538454 0 0 0 2.305 2.354 0 0 0 0 
 0.632 1.532 5.67818e-05 0 0 2.306 2.359 -0.54284 1.15507 0.743127 0.25188 2.306 2.359 0 0 0 0 
 0.634 1.537 5.67847e-05 0 0 2.306 2.359 -0.54284 1.15328 0.739988 0.251232 2.306 2.359 0 0 0 0 
 0.637 1.535 3.65073e-05 0 0 2.306 2.36 -0.543573 1.15165 0.743288 0.252648 2.306 2.36 0 0 0 0 
 0.636 1.536 8.91129e-05 0 0 2.302 2.352 -0.534811 1.14884 0.737333 0.251296 2.302 2.352 0 0 0 0 
 0.635 1.536 7.92703e-05 0 0 2.307 2.357 -0.542108 1.15319 0.739193 0.250993 2.307 2.357 0 0 0 0 
 0.636 1.534 0.000112421 0 0 2.302 2.355 -0.536995 1.14935 0.741115 0.252424 2.302 2.355 0 0 0 0 
 0.638 1.537 9.01845e-05 0 0 2.303 2.354 -0.536995 1.1483 0.738425 0.251767 2.303 2.354 0 0 0 0 
 0.646 1.539 3.18304e-05 0 0 2.299 2.358 -0.536995 1.14077 0.744012 0.255193 2.299 2.358 0 0 0 0 
 0.643 1.536 3.47467e-05 0 0 2.297 2.357 -0.534811 1.14162 0.745207 0.255404 2.297 2.357 0 0 0 0 
 0.636 1.53 1.04231e-06 0 0 2.297 2.36 -0.536995 1.14701 0.749793 0.255752 2.297 2.36 0 0 0 0 
 0.643 1.527 6.01242e-05 0 0 2.296 2.355 -0.53263 1.14169 0.750849 0.257237 2.296 2.355 0 0 0 0 
 0.641 1.534 1.92979e-05 0 0 2.295 2.357 -0.533357 1.14181 0.746761 0.255871 2.295 2.357 0 0 0 0 
 0.645 1.532 5.8554e-05 0 0 2.293 2.354 -0.529729 1.13787 0.747936 0.257105 2.293 2.354 0 0 0 0 
 0.64 1.534 1.66156e-06 0 0 2.3 2.355 -0.535539 1.14546 0.743268 0.25395 2.3 2.355 0 0 0 0 
 0.635 1.536 2.39425e-06 0 0 2.298 2.358 -0.536267 1.14748 0.743038 0.253445 2.298 2.358 0 0 0 0 
