 1.136 1.38 0.000139428 0 0 2.303 2.345 -0.530454 0 0 0 2.303 2.345 0 0 0 0 
 1.131 1.38 0.00013935 0 0 2.299 2.342 -0.525391 0.849561 1.0549 0.460987 2.299 2.342 0 0 0 0 
 1.133 1.382 0.000218993 0 0 2.304 2.346 -0.531904 0.851741 1.05485 0.459948 2.304 2.346 0 0 0 0 
 1.131 1.382 -0.00137805 0 0 2.303 2.348 -0.53263 0.851908 1.05809 0.46109 2.303 2.348 0 0 0 0 
 1.15 1.382 0.00631987 0 0 2.3 2.346 -0.529005 0.841323 1.05691 0.465646 2.3 2.346 0 0 0 0 
 1.19 1.385 0.0434508 0 0 2.293 2.342 -0.521067 0.827117 1.02448 0.459997 2.293 2.342 0 0 0 0 
 1.272 1.38 0.121865 0 0 2.294 2.337 -0.518193 0.808568 0.96044 0.443555 2.294 2.337 0 0 0 0 
 1.337 1.389 0.220717 0 0 2.301 2.34 -0.525391 0.807007 0.850988 0.399156 2.301 2.34 0 0 0 0 
 1.419 1.388 0.324796 0 0 2.305 2.344 -0.531179 0.794117 0.75855 0.364967 2.305 2.344 0 0 0 0 
 1.507 1.388 0.426254 0 0 2.309 2.342 -0.53263 0.772537 0.673494 0.335532 2.309 2.342 0 0 0 0 
 1.599 1.391 0.523302 0 0 2.303 2.343 -0.529005 0.741272 0.614203 0.320038 2.303 2.343 0 0 0 0 
 1.675 1.402 0.612805 0 0 2.296 2.344 -0.524669 0.713013 0.554573 0.301623 2.296 2.344 0 0 0 0 
 1.754 1.435 0.692417 0 0 2.294 2.347 -0.52539 0.67477 0.499313 0.287774 2.294 2.347 0 0 0 0 
 1.824 1.466 0.763448 0 0 2.295 2.351 -0.529005 0.6418 0.45425 0.27589 2.295 2.351 0 0 0 0 
 1.895 1.505 0.823098 0 0 2.295 2.344 -0.523948 0.596775 0.420642 0.27481 2.295 2.344 0 0 0 0 
 1.962 1.543 0.872265 0 0 2.295 2.346 -0.525391 0.557616 0.413007 0.288028 2.295 2.346 0 0 0 0 
 2.016 1.606 0.917444 0 0 2.293 2.352 -0.528281 0.511009 0.387687 0.294635 2.293 2.352 0 0 0 0 
 2.068 1.654 0.961637 0 0 2.291 2.349 -0.524669 0.468372 0.373213 0.308552 2.291 2.349 0 0 0 0 
 2.113 1.699 1.00384 0 0 2.298 2.356 -0.534811 0.438395 0.353367 0.311895 2.298 2.356 0 0 0 0 
 2.163 1.748 1.04344 0 0 2.308 2.364 -0.547978 0.405936 0.343541 0.326409 2.308 2.364 0 0 0 0 
 2.204 1.8 1.07984 0 0 2.311 2.361 -0.547978 0.365561 0.330723 0.347219 2.311 2.361 0 0 0 0 
 2.236 1.841 1.10702 0 0 2.311 2.362 -0.548714 0.335222 0.333423 0.378655 2.311 2.362 0 0 0 0 
 2.259 1.87 1.10865 0 0 2.302 2.352 -0.534811 0.303504 0.366353 0.449819 2.302 2.352 0 0 0 0 
 2.267 1.886 1.10868 0 0 2.316 2.353 -0.545773 0.295777 0.34447 0.435956 2.316 2.353 0 0 0 0 
 2.273 1.894 1.10899 0 0 2.328 2.361 -0.560549 0.297298 0.332519 0.42068 2.328 2.361 0 0 0 0 
 2.272 1.898 1.10866 0 0 2.334 2.366 -0.568755 0.299639 0.319976 0.40369 2.334 2.366 0 0 0 0 
 2.276 1.899 1.1087 0 0 2.327 2.371 -0.567259 0.299343 0.344041 0.430914 2.327 2.371 0 0 0 0 
 2.27 1.895 1.10872 0 0 2.33 2.37 -0.568755 0.303428 0.328723 0.408918 2.33 2.37 0 0 0 0 
 2.27 1.891 1.10868 0 0 2.328 2.372 -0.568755 0.306603 0.33678 0.413979 2.328 2.372 0 0 0 0 
 2.269 1.889 1.1086 0 0 2.327 2.378 -0.572505 0.311501 0.342343 0.414175 2.327 2.378 0 0 0 0 
 2.268 1.885 1.10854 0 0 2.332 2.374 -0.573256 0.312993 0.330937 0.400117 2.332 2.374 0 0 0 0 
 2.261 1.888 1.10859 0 0 2.329 2.373 -0.570253 0.311551 0.320479 0.390349 2.329 2.373 0 0 0 0 
 2.257 1.887 1.10862 0 0 2.33 2.376 -0.573256 0.315262 0.313706 0.378803 2.33 2.376 0 0 0 0 
 2.254 1.887 1.10859 0 0 2.337 2.38 -0.581553 0.320242 0.297566 0.355854 2.337 2.38 0 0 0 0 
 2.249 1.881 1.10866 0 0 2.335 2.382 -0.581553 0.325899 0.297466 0.350065 2.335 2.382 0 0 0 0 
 2.245 1.882 1.10865 0 0 2.333 2.382 -0.58004 0.325798 0.293008 0.345327 2.333 2.382 0 0 0 0 
 2.242 1.877 1.10867 0 0 2.337 2.371 -0.57476 0.323933 0.275529 0.327945 2.337 2.371 0 0 0 0 
 2.243 1.872 1.10866 0 0 2.333 2.374 -0.574008 0.327531 0.290642 0.341077 2.333 2.374 0 0 0 0 
 2.244 1.871 1.10867 0 0 2.336 2.372 -0.57476 0.327433 0.286175 0.336317 2.336 2.372 0 0 0 0 
 2.244 1.874 1.10863 0 0 2.341 2.379 -0.583826 0.331155 0.279675 0.325782 2.341 2.379 0 0 0 0 
 2.246 1.875 1.10867 0 0 2.337 2.375 -0.577774 0.326566 0.287341 0.338415 2.337 2.375 0 0 0 0 
 2.24 1.874 1.10872 0 0 2.333 2.376 -0.575513 0.328303 0.28495 0.334159 2.333 2.376 0 0 0 0 
 2.238 1.875 1.10871 0 0 2.331 2.369 -0.568755 0.323421 0.279255 0.33255 2.331 2.369 0 0 0 0 
 2.24 1.877 1.10871 0 0 2.331 2.368 -0.568007 0.321076 0.280886 0.336613 2.331 2.368 0 0 0 0 
 2.235 1.876 1.10871 0 0 2.334 2.373 -0.574008 0.326797 0.270118 0.319311 2.334 2.373 0 0 0 0 
 2.233 1.875 1.10872 0 0 2.341 2.378 -0.583068 0.332788 0.257589 0.300253 2.341 2.378 0 0 0 0 
 2.232 1.871 1.10878 0 0 2.337 2.369 -0.573256 0.328967 0.259511 0.305659 2.337 2.369 0 0 0 0 
 2.231 1.875 1.1087 0 0 2.336 2.369 -0.572505 0.326526 0.256673 0.304642 2.336 2.369 0 0 0 0 
 2.229 1.869 1.10875 0 0 2.334 2.367 -0.569504 0.328964 0.259547 0.3057 2.334 2.367 0 0 0 0 
 2.232 1.868 1.10867 0 0 2.334 2.367 -0.569504 0.32879 0.26597 0.312942 2.334 2.367 0 0 0 0 
 2.232 1.868 1.10859 0 0 2.328 2.371 -0.568007 0.329675 0.280164 0.327674 2.328 2.371 0 0 0 0 
 2.23 1.875 1.10857 0 0 2.334 2.373 -0.574008 0.328693 0.261601 0.308208 2.334 2.373 0 0 0 0 
 2.233 1.871 1.10852 0 0 2.338 2.37 -0.57476 0.329558 0.260504 0.30624 2.338 2.37 0 0 0 0 
 2.226 1.869 1.10856 0 0 2.337 2.368 -0.572505 0.331125 0.249235 0.292443 2.337 2.368 0 0 0 0 
 2.227 1.863 1.10861 0 0 2.338 2.373 -0.57702 0.337823 0.257179 0.295592 2.338 2.373 0 0 0 0 
 2.224 1.862 1.10864 0 0 2.333 2.376 -0.575513 0.339741 0.263721 0.301059 2.333 2.376 0 0 0 0 
 2.216 1.865 1.10865 0 0 2.336 2.375 -0.57702 0.340178 0.240454 0.275546 2.336 2.375 0 0 0 0 
 2.219 1.865 1.10875 0 0 2.342 2.378 -0.583826 0.342796 0.236998 0.269804 2.342 2.378 0 0 0 0 
 2.224 1.864 1.10873 0 0 2.342 2.386 -0.58991 0.34696 0.252721 0.283507 2.342 2.386 0 0 0 0 
 2.227 1.866 1.10873 0 0 2.341 2.391 -0.592965 0.347745 0.262213 0.292938 2.341 2.391 0 0 0 0 
 2.227 1.862 1.10871 0 0 2.337 2.382 -0.583068 0.343661 0.26606 0.300311 2.337 2.382 0 0 0 0 
 2.225 1.87 1.10869 0 0 2.332 2.38 -0.577774 0.336789 0.264524 0.304407 2.332 2.38 0 0 0 0 
 2.229 1.871 1.10869 0 0 2.33 2.378 -0.57476 0.333409 0.273555 0.317115 2.33 2.378 0 0 0 0 
 2.231 1.871 1.10879 0 0 2.329 2.374 -0.571003 0.330203 0.276219 0.322895 2.329 2.374 0 0 0 0 
 2.23 1.868 1.10879 0 0 2.331 2.374 -0.572505 0.332807 0.27274 0.316768 2.331 2.374 0 0 0 0 
 2.227 1.869 1.10888 0 0 2.334 2.375 -0.575513 0.334365 0.261463 0.303146 2.334 2.375 0 0 0 0 
 2.229 1.869 1.10887 0 0 2.34 2.378 -0.58231 0.337231 0.25619 0.295007 2.34 2.378 0 0 0 0 
 2.229 1.87 1.10888 0 0 2.338 2.376 -0.579284 0.334885 0.257732 0.298638 2.338 2.376 0 0 0 0 
 2.227 1.872 1.1089 0 0 2.335 2.374 -0.575513 0.33219 0.256684 0.299767 2.335 2.374 0 0 0 0 
 2.226 1.867 1.10887 0 0 2.33 2.374 -0.571754 0.334196 0.267781 0.310163 2.33 2.374 0 0 0 0 
 2.229 1.872 1.10882 0 0 2.33 2.376 -0.573256 0.331589 0.271285 0.31627 2.33 2.376 0 0 0 0 
 2.231 1.87 1.1088 0 0 2.331 2.378 -0.575513 0.333769 0.276027 0.319469 2.331 2.378 0 0 0 0 
 2.226 1.87 1.10877 0 0 2.331 2.377 -0.57476 0.334449 0.266012 0.308024 2.331 2.377 0 0 0 0 
 2.228 1.87 1.10877 0 0 2.329 2.373 -0.570253 0.330976 0.270619 0.31609 2.329 2.373 0 0 0 0 
 2.231 1.867 1.10879 0 0 2.33 2.369 -0.568007 0.329851 0.273633 0.320394 2.33 2.369 0 0 0 0 
 2.231 1.866 1.10874 0 0 2.335 2.371 -0.573256 0.332969 0.266478 0.309815 2.335 2.371 0 0 0 0 
 2.233 1.865 1.10866 0 0 2.332 2.374 -0.573256 0.334112 0.278739 0.322088 2.332 2.374 0 0 0 0 
 2.226 1.865 1.10871 0 0 2.335 2.378 -0.578529 0.339137 0.262937 0.30072 2.335 2.378 0 0 0 0 
 2.226 1.866 1.10874 0 0 2.338 2.374 -0.577774 0.336874 0.253745 0.292643 2.338 2.374 0 0 0 0 
 2.225 1.864 1.10869 0 0 2.336 2.37 -0.573256 0.335393 0.254205 0.294365 2.336 2.37 0 0 0 0 
 2.221 1.862 1.10866 0 0 2.334 2.374 -0.57476 0.339565 0.254853 0.291651 2.334 2.374 0 0 0 0 
 2.22 1.863 1.10863 0 0 2.331 2.372 -0.571003 0.337216 0.256434 0.295285 2.331 2.372 0 0 0 0 
 2.223 1.862 1.10867 0 0 2.334 2.369 -0.571003 0.336 0.254952 0.294677 2.334 2.369 0 0 0 0 
 2.223 1.864 1.10868 0 0 2.329 2.367 -0.565764 0.332265 0.261365 0.304839 2.329 2.367 0 0 0 0 
 2.226 1.866 1.10868 0 0 2.331 2.373 -0.571754 0.334442 0.266107 0.308132 2.331 2.373 0 0 0 0 
 2.227 1.862 1.10868 0 0 2.334 2.37 -0.571754 0.33557 0.2631 0.303901 2.334 2.37 0 0 0 0 
 2.224 1.867 1.10866 0 0 2.335 2.362 -0.566511 0.328698 0.246197 0.291093 2.335 2.362 0 0 0 0 
 2.225 1.869 1.1087 0 0 2.333 2.367 -0.568755 0.329742 0.253977 0.298863 2.333 2.367 0 0 0 0 
 2.228 1.866 1.10868 0 0 2.33 2.368 -0.567259 0.330619 0.268124 0.31368 2.33 2.368 0 0 0 0 
 2.228 1.866 1.10859 0 0 2.335 2.37 -0.572505 0.333128 0.26031 0.302944 2.335 2.37 0 0 0 0 
 2.225 1.872 1.1086 0 0 2.336 2.369 -0.572505 0.329911 0.247731 0.291788 2.336 2.369 0 0 0 0 
 2.223 1.865 1.10853 0 0 2.336 2.368 -0.571754 0.33408 0.248463 0.289152 2.336 2.368 0 0 0 0 
 2.221 1.862 1.10847 0 0 2.334 2.368 -0.570254 0.335901 0.250713 0.290131 2.334 2.368 0 0 0 0 
 2.223 1.859 1.10847 0 0 2.343 2.369 -0.577774 0.340167 0.240641 0.275758 2.343 2.369 0 0 0 0 
