 0.765 0.661 0.138945 0 0 0.765 0.661 -7.13233 0 0 0 2.302 2.366 0 0 0 0 
 0.767 0.662 0.138943 0 0 0.767 0.662 -7.22129 7.02949e-05 9.86541e-14 5.61372e-10 2.298 2.359 0 0 0 0 
 0.766 0.655 0.138942 0 0 0.766 0.655 -7.14195 7.04556e-05 1.00437e-13 5.70212e-10 2.29 2.353 0 0 0 0 
 0.768 0.652 0.13894 0 0 0.768 0.652 -7.11941 7.04985e-05 1.0111e-13 5.73688e-10 2.293 2.355 0 0 0 0 
 0.77 0.652 0.138938 0 0 0.77 0.652 -7.1373 7.04553e-05 1.00946e-13 5.73106e-10 2.297 2.36 0 0 0 0 
 0.773 0.658 0.138937 0 0 0.773 0.658 -7.26072 7.0197e-05 9.88578e-14 5.63316e-10 2.303 2.364 0 0 0 0 
 0.775 0.663 0.138937 0 0 0.775 0.663 -7.4134 6.9911e-05 9.65908e-14 5.5265e-10 2.3 2.371 0 0 0 0 
 0.771 0.656 0.138937 0 0 0.771 0.656 -7.16171 7.04078e-05 1.0015e-13 5.68973e-10 2.306 2.369 0 0 0 0 
 0.764 0.657 0.138939 0 0 0.764 0.657 -7.00236 7.07928e-05 1.01607e-13 5.74109e-10 2.309 2.373 0 0 0 0 
 0.766 0.653 0.13894 0 0 0.766 0.653 -7.01105 7.07611e-05 1.02089e-13 5.77091e-10 2.305 2.37 0 0 0 0 
 0.766 0.658 0.13894 0 0 0.766 0.658 -7.14161 7.04629e-05 1.00028e-13 5.67836e-10 2.297 2.364 0 0 0 0 
 0.77 0.65 0.138942 0 0 0.77 0.65 -7.13979 7.04453e-05 1.01195e-13 5.74604e-10 2.292 2.362 0 0 0 0 
 0.771 0.654 0.138942 0 0 0.771 0.654 -7.2057 7.03065e-05 9.99622e-14 5.68722e-10 2.295 2.365 0 0 0 0 
 0.768 0.654 0.138942 0 0 0.768 0.654 -7.09677 7.05553e-05 1.01073e-13 5.73014e-10 2.301 2.366 0 0 0 0 
